-0.1652990
-0.2178395
-0.2000540
-0.1994141
-0.2439493
-0.2901790
-0.3108307
-0.3213941
-0.3309314
-0.3292319
-0.3202897
-0.3181624
-0.3120899
-0.2798970
-0.2334495
-0.2098141
-0.2171163
-0.2245083
-0.2069163
-0.1701704
-0.1319656
-0.1039690
-0.0926260
-0.0962501
-0.1022049
-0.1019063
-0.1016468
-0.1053752
-0.1013662
-0.0855240
-0.0830128
-0.1188594
-0.1699607
-0.1681998
-0.0547359
0.1772472
0.4868794
0.8182876
1.1287549
1.3905265
1.5664822
1.5963133
1.4331475
1.1045164
0.7186134
0.3925767
0.1773209
0.0526226
-0.0241289
-0.0791937
-0.1191442
-0.1444604
-0.1599330
-0.1742097
-0.1903713
-0.2016547
-0.2027546
-0.2008695
-0.2058171
-0.2131838
-0.2101922
-0.1969857
-0.1883779
-0.1927403
-0.2013482
-0.2024258
-0.1965300
-0.1937846
-0.2011923
-0.2146494
-0.2207308
-0.2084762
-0.1829864
-0.1630148
-0.1600754
-0.1651630
-0.1623930
-0.1501202
-0.1403679
-0.1411541
-0.1475540
-0.1487149
-0.1380509
-0.1181760
-0.0995252
-0.0915220
-0.0926476
-0.0930417
-0.0883417
-0.0848128
-0.0879842
-0.0926713
-0.0885236
-0.0709168
-0.0436032
-0.0155574
0.0023820
0.0032568
-0.0098638
-0.0261847
-0.0365434
-0.0374617
-0.0276565
-0.0072307
0.0186637
0.0410274
0.0540443
0.0585570
0.0599005
0.0659231
0.0842813
0.1152445
0.1476425
0.1673543
0.1701953
0.1633222
0.1557792
0.1517021
0.1507896
0.1505913
0.1487571
0.1458234
0.1443862
0.1438787
0.1396245
0.1297638
0.1193254
0.1138491
0.1120646
0.1083258
0.0997389
0.0880580
0.0769216
0.0693079
0.0651877
0.0602777
0.0501288
0.0366338
0.0272185
0.0264901
0.0317510
0.0371044
0.0383450
0.0336949
0.0241812
0.0143044
0.0085807
0.0065641
0.0044733
0.0018095
0.0026198
0.0095386
0.0195572
0.0263809
0.0254391
0.0175783
0.0095364
0.0085469
0.0137175
0.0149743
0.0037136
-0.0175613
-0.0392576
-0.0558139
-0.0690263
-0.0823282
-0.0962159
-0.1091657
-0.1200734
-0.1292156
-0.1373738
-0.1431318
-0.1416060
-0.1290536
-0.1093772
-0.0924183
-0.0841717
-0.0816230
-0.0785302
-0.0730957
-0.0682631
-0.0671335
-0.0695547
-0.0711278
-0.0652289
-0.0490367
-0.0283285
-0.0133157
-0.0085204
-0.0088751
-0.0064160
0.0011070
0.0085232
0.0085942
-0.0004117
-0.0110935
-0.0124334
-0.0011491
0.0140090
0.0216083
0.0192636
0.0133642
0.0095395
0.0076277
0.0052782
0.0023847
0.0008806
0.0020440
0.0047106
0.0059799
0.0045670
0.0032975
0.0059686
0.0112652
0.0127873
0.0065888
-0.0038182
-0.0114893
-0.0128782
-0.0095169
-0.0054106
-0.0042728
-0.0072731
-0.0121185
-0.0158425
-0.0189378
-0.0246500
-0.0337268
-0.0422329
-0.0456090
-0.0434859
-0.0401264
-0.0411073
-0.0487059
-0.0587760
-0.0633246
-0.0587618
-0.0509814
-0.0496875
-0.0579042
-0.0691845
-0.0748038
-0.0719066
-0.0652528
-0.0627439
-0.0684774
-0.0785752
-0.0847160
-0.0830466
-0.0781528
-0.0767545
-0.0793407
-0.0803724
-0.0757651
-0.0679907
-0.0637186
-0.0670566
-0.0747368
-0.0784833
-0.0738788
-0.0663874
-0.0657118
-0.0738648
-0.0821387
-0.0812813
-0.0718747
-0.0627017
-0.0608606
-0.0656360
-0.0711784
-0.0733551
-0.0733297
-0.0742933
-0.0753832
-0.0713457
-0.0598277
-0.0465480
-0.0398592
-0.0411452
-0.0440431
-0.0430973
-0.0398873
-0.0395736
-0.0436426
-0.0477095
-0.0462497
-0.0391386
-0.0329236
-0.0341972
-0.0417002
-0.0474200
-0.0465567
-0.0436079
-0.0461249
-0.0543412
-0.0602424
-0.0570533
-0.0478694
-0.0441949
-0.0556716
-0.0804105
-0.1058129
-0.1205424
-0.1253297
-0.1294921
-0.1368043
-0.1386643
-0.1240192
-0.0945748
-0.0673027
-0.0605444
-0.0770412
-0.1003948
-0.1093609
-0.0969270
-0.0747459
-0.0584621
-0.0516946
-0.0475121
-0.0426835
-0.0433130
-0.0537894
-0.0654486
-0.0633627
-0.0464065
-0.0358807
-0.0559871
-0.1000899
-0.1187421
-0.0498910
0.1326036
0.4002980
0.6994075
0.9924603
1.2648346
1.4939651
1.6262075
1.5989844
1.3935587
1.0657828
0.7195271
0.4425714
0.2610033
0.1476724
0.0656656
-0.0005933
-0.0488787
-0.0781292
-0.0955338
-0.1089632
-0.1202099
-0.1274849
-0.1311173
-0.1343212
-0.1392409
-0.1445502
-0.1482475
-0.1516933
-0.1582414
-0.1672794
-0.1726721
-0.1697762
-0.1622673
-0.1587381
-0.1629209
-0.1701782
-0.1739651
-0.1732101
-0.1721336
-0.1741657
-0.1774071
-0.1763248
-0.1678810
-0.1554416
-0.1454904
-0.1406524
-0.1378525
-0.1337972
-0.1297141
-0.1287160
-0.1301097
-0.1289319
-0.1212604
-0.1086502
-0.0969033
-0.0906200
-0.0888810
-0.0867003
-0.0812315
-0.0753258
-0.0731017
-0.0728845
-0.0676712
-0.0534682
-0.0347095
-0.0197256
-0.0121063
-0.0079743
-0.0011503
0.0102624
0.0227355
0.0323801
0.0402513
0.0511524
0.0669623
0.0833230
0.0946872
0.1011276
0.1077171
0.1177557
0.1290803
0.1374788
0.1420013
0.1459272
0.1528829
0.1623440
0.1693734
0.1697241
0.1651353
0.1618703
0.1631556
0.1646467
0.1589693
0.1441100
0.1260785
0.1134064
0.1094253
0.1095075
0.1057433
0.0949216
0.0816930
0.0729216
0.0694980
0.0656597
0.0565501
0.0443311
0.0357315
0.0348646
0.0396216
0.0445317
0.0462453
0.0460213
0.0467954
0.0482660
0.0465120
0.0395340
0.0315804
0.0295188
0.0349299
0.0417806
0.0427457
0.0369649
0.0308633
0.0312062
0.0372210
0.0402277
0.0326916
0.0179121
0.0084664
0.0132043
0.0270411
0.0358368
0.0312145
0.0188008
0.0112875
0.0143503
0.0205340
0.0176943
0.0032281
-0.0117910
-0.0142926
-0.0040517
0.0057906
0.0034308
-0.0089478
-0.0188585
-0.0182344
-0.0121371
-0.0124406
-0.0240205
-0.0385431
-0.0429272
-0.0337234
-0.0213029
-0.0186132
-0.0273211
-0.0372579
-0.0388075
-0.0330607
-0.0290092
-0.0327728
-0.0412353
-0.0458369
-0.0415415
-0.0316474
-0.0239322
-0.0227683
-0.0258485
-0.0281931
-0.0276637
-0.0260234
-0.0261739
-0.0293739
-0.0339134
-0.0354378
-0.0299437
-0.0182458
-0.0069606
-0.0033031
-0.0083729
-0.0161596
-0.0194434
-0.0165549
-0.0122512
-0.0117671
-0.0142167
-0.0131373
-0.0045050
0.0071392
0.0127834
0.0089550
0.0013278
-0.0023552
-0.0009513
0.0000881
-0.0035007
-0.0088609
-0.0087399
0.0000153
0.0115582
0.0158652
0.0088068
-0.0036360
-0.0118293
-0.0119993
-0.0082968
-0.0066179
-0.0082492
-0.0094980
-0.0061236
0.0023179
0.0119264
0.0180705
0.0196713
0.0195071
0.0201651
0.0206693
0.0179403
0.0110947
0.0034308
-0.0000676
0.0026447
0.0082053
0.0104889
0.0067869
0.0011627
0.0002730
0.0056369
0.0114718
0.0108930
0.0033044
-0.0049342
-0.0063763
0.0013841
0.0143299
0.0255651
0.0302667
0.0279129
0.0206694
0.0107761
-0.0000824
-0.0099873
-0.0167727
-0.0189283
-0.0162609
-0.0103173
-0.0045423
-0.0027116
-0.0057420
-0.0105590
-0.0134410
-0.0142141
-0.0158328
-0.0197737
-0.0231676
-0.0214343
-0.0137518
-0.0054349
-0.0039846
-0.0118097
-0.0231040
-0.0293742
-0.0287534
-0.0288826
-0.0394912
-0.0620895
-0.0872129
-0.1018510
-0.1001308
-0.0875064
-0.0743079
-0.0647196
-0.0532248
-0.0337038
-0.0112077
-0.0009847
-0.0130983
-0.0389877
-0.0561593
-0.0478577
-0.0180123
0.0134851
0.0293738
0.0277328
0.0173960
0.0054592
-0.0063114
-0.0149053
-0.0143998
-0.0061429
-0.0052923
-0.0263237
-0.0573537
-0.0544346
0.0302235
0.2110867
0.4610658
0.7385343
1.0157884
1.2751492
1.4813326
1.5730197
1.4978571
1.2617491
0.9393076
0.6293527
0.3955221
0.2434595
0.1444101
0.0717388
0.0161065
-0.0232273
-0.0501196
-0.0713027
-0.0891101
-0.1000258
-0.1015911
-0.0980563
-0.0972679
-0.1031398
-0.1128806
-0.1209204
-0.1238963
-0.1222437
-0.1188760
-0.1167421
-0.1163692
-0.1153078
-0.1109506
-0.1043207
-0.1001509
-0.1024041
-0.1099489
-0.1172556
-0.1195726
-0.1171544
-0.1138075
-0.1111343
-0.1054898
-0.0924805
-0.0744748
-0.0613375
-0.0617495
-0.0741793
-0.0878177
-0.0928191
-0.0892815
-0.0861406
-0.0913662
-0.1031649
-0.1110772
-0.1063392
-0.0911343
-0.0768995
-0.0733106
-0.0794639
-0.0858779
-0.0842622
-0.0747813
-0.0642100
-0.0578014
-0.0537615
-0.0463380
-0.0338390
-0.0215647
-0.0153366
-0.0134816
-0.0080474
0.0053383
0.0210062
0.0287655
0.0256538
0.0203029
0.0241655
0.0387350
0.0532605
0.0564032
0.0491211
0.0437789
0.0502154
0.0648746
0.0750942
0.0725893
0.0606760
0.0488365
0.0425581
0.0393944
0.0335148
0.0222797
0.0080434
-0.0052393
-0.0157129
-0.0239531
-0.0312879
-0.0390519
-0.0484604
-0.0591774
-0.0679113
-0.0704205
-0.0661326
-0.0598430
-0.0575440
-0.0606411
-0.0650620
-0.0662231
-0.0642471
-0.0635009
-0.0667668
-0.0708130
-0.0692732
-0.0602223
-0.0493173
-0.0440113
-0.0453576
-0.0471741
-0.0434873
-0.0355917
-0.0310462
-0.0359537
-0.0484138
-0.0594750
-0.0607996
-0.0520227
-0.0409933
-0.0368785
-0.0427623
-0.0540883
-0.0632636
-0.0657909
-0.0631120
-0.0604173
-0.0616063
-0.0660736
-0.0702832
-0.0718990
-0.0715689
-0.0710029
-0.0707519
-0.0705459
-0.0708816
-0.0731802
-0.0783268
-0.0854224
-0.0919785
-0.0953280
-0.0942520
-0.0897667
-0.0846674
-0.0822259
-0.0844528
-0.0903342
-0.0956071
-0.0958425
-0.0911676
-0.0872852
-0.0901424
-0.0992379
-0.1073213
-0.1075051
-0.1004120
-0.0938007
-0.0949786
-0.1036288
-0.1123210
-0.1142727
-0.1102351
-0.1070402
-0.1095632
-0.1153682
-0.1179563
-0.1143366
-0.1080313
-0.1045200
-0.1048423
-0.1048166
-0.1007793
-0.0950925
-0.0943687
-0.1017030
-0.1121509
-0.1177098
-0.1163977
-0.1143294
-0.1181121
-0.1269132
-0.1337531
-0.1341322
-0.1316294
-0.1341966
-0.1456004
-0.1613867
-0.1731958
-0.1761810
-0.1719388
-0.1655474
-0.1615503
-0.1625242
-0.1688809
-0.1781069
-0.1853248
-0.1870117
-0.1846621
-0.1833833
-0.1861173
-0.1901001
-0.1899707
-0.1841040
-0.1768428
-0.1738859
-0.1759376
-0.1779916
-0.1752899
-0.1689838
-0.1646411
-0.1654053
-0.1680744
-0.1665168
-0.1580908
-0.1460788
-0.1364191
-0.1326433
-0.1334285
-0.1341673
-0.1309302
-0.1236630
-0.1160521
-0.1121402
-0.1125515
-0.1136696
-0.1108628
-0.1032938
-0.0956219
-0.0939752
-0.0996209
-0.1074144
-0.1114285
-0.1113963
-0.1120468
-0.1160584
-0.1195261
-0.1160104
-0.1048005
-0.0935579
-0.0914062
-0.0993448
-0.1086991
-0.1102051
-0.1042884
-0.1008369
-0.1080188
-0.1221938
-0.1301409
-0.1216190
-0.0996255
-0.0785008
-0.0720531
-0.0828289
-0.1018034
-0.1176619
-0.1261879
-0.1313343
-0.1387799
-0.1498604
-0.1614265
-0.1696534
-0.1724824
-0.1689120
-0.1580210
-0.1405959
-0.1218931
-0.1108112
-0.1134467
-0.1260946
-0.1358922
-0.1306206
-0.1088615
-0.0804959
-0.0578575
-0.0472428
-0.0477921
-0.0549382
-0.0622001
-0.0615344
-0.0478409
-0.0275743
-0.0205301
-0.0444325
-0.0899657
-0.1115354
-0.0511964
0.1193985
0.3773663
0.6688419
0.9495285
1.2022750
1.4151449
1.5504514
1.5489222
1.3754770
1.0637482
0.7105691
0.4184701
0.2352105
0.1407711
0.0845411
0.0311091
-0.0242589
-0.0711545
-0.1034675
-0.1230677
-0.1325507
-0.1320468
-0.1239414
-0.1160579
-0.1160823
-0.1231511
-0.1279949
-0.1229790
-0.1106326
-0.1005526
-0.0985618
-0.1011168
-0.1011705
-0.0978478
-0.0980471
-0.1078749
-0.1240315
-0.1359121
-0.1369918
-0.1324338
-0.1330607
-0.1418545
-0.1493153
-0.1444371
-0.1288085
-0.1162628
-0.1173475
-0.1268980
-0.1303039
-0.1215787
-0.1108961
-0.1109317
-0.1178834
-0.1120806
-0.0809659
-0.0386328
-0.0167430
-0.0335568
-0.0740748
-0.1032190
-0.0981416
-0.0663401
-0.0335981
-0.0178059
-0.0159650
-0.0135740
-0.0017387
0.0165817
0.0338064
0.0464700
0.0557387
0.0623613
0.0645086
0.0610907
0.0554884
0.0545226
0.0632136
0.0801833
0.0979867
0.1085930
0.1097728
0.1067623
0.1073394
0.1146729
0.1247450
0.1307850
0.1302086
0.1270789
0.1276412
0.1335926
0.1402211
0.1414224
0.1360106
0.1282383
0.1221274
0.1164329
0.1063018
0.0898529
0.0720335
0.0608202
0.0593036
0.0623422
0.0620541
0.0563177
0.0502210
0.0484872
0.0485974
0.0442302
0.0351129
0.0295990
0.0347165
0.0457426
0.0502638
0.0438072
0.0372728
0.0442340
0.0619264
0.0708939
0.0571466
0.0310835
0.0182110
0.0307059
0.0543653
0.0677798
0.0697495
0.0792832
0.1068239
0.1331030
0.1247644
0.0713175
0.0008175
-0.0447258
-0.0474551
-0.0249060
-0.0063536
-0.0040110
-0.0089483
-0.0092903
-0.0051503
-0.0049412
-0.0124721
-0.0221367
-0.0258991
-0.0217819
-0.0147497
-0.0111818
-0.0137265
-0.0205749
-0.0282131
-0.0345937
-0.0402520
-0.0466467
-0.0533756
-0.0575000
-0.0565106
-0.0519723
-0.0489349
-0.0507458
-0.0553190
-0.0580649
-0.0581026
-0.0593091
-0.0643290
-0.0697106
-0.0694632
-0.0627602
-0.0552226
-0.0515993
-0.0496070
-0.0435424
-0.0331226
-0.0255971
-0.0277799
-0.0379544
-0.0478019
-0.0513965
-0.0497202
-0.0464457
-0.0429410
-0.0398209
-0.0403231
-0.0464153
-0.0503025
-0.0353293
0.0079747
0.0655598
0.1040820
0.0965829
0.0459260
-0.0176976
-0.0627775
-0.0800613
-0.0822824
-0.0847373
-0.0895819
-0.0887133
-0.0779509
-0.0644979
-0.0598897
-0.0675915
-0.0792736
-0.0833855
-0.0765830
-0.0661849
-0.0616370
-0.0644805
-0.0676395
-0.0644347
-0.0567658
-0.0528178
-0.0568524
-0.0632449
-0.0623885
-0.0521338
-0.0412949
-0.0403823
-0.0497329
-0.0588842
-0.0582938
-0.0499054
-0.0442699
-0.0479104
-0.0561144
-0.0593534
-0.0548240
-0.0488346
-0.0476745
-0.0490246
-0.0449626
-0.0326396
-0.0186888
-0.0112114
-0.0093189
-0.0041014
0.0092777
0.0234987
0.0262711
0.0152240
0.0025248
0.0028735
0.0183400
0.0372409
0.0475547
0.0489234
0.0505767
0.0599849
0.0763586
0.0941200
0.1081974
0.1136021
0.1035748
0.0745712
0.0350021
0.0043250
-0.0024696
0.0094923
0.0182223
0.0063855
-0.0213174
-0.0439433
-0.0465152
-0.0340445
-0.0236120
-0.0261295
-0.0387226
-0.0529371
-0.0651112
-0.0763412
-0.0857856
-0.0891230
-0.0842545
-0.0746216
-0.0641754
-0.0513521
-0.0322887
-0.0104496
0.0013746
-0.0069156
-0.0288891
-0.0434956
-0.0335272
-0.0017995
0.0320360
0.0496575
0.0475078
0.0341767
0.0198739
0.0114719
0.0135954
0.0261704
0.0377125
0.0281418
-0.0102196
-0.0495391
-0.0304851
0.0995187
0.3447654
0.6565166
0.9692898
1.2396513
1.4492189
1.5778517
1.5890430
1.4536137
1.1885305
0.8644858
0.5673594
0.3482911
0.2076834
0.1201401
0.0664981
0.0406894
0.0350420
0.0316575
0.0137765
-0.0181275
-0.0474414
-0.0596902
-0.0569755
-0.0529858
-0.0562222
-0.0613690
-0.0572341
-0.0403096
-0.0184295
-0.0021555
0.0047608
0.0054373
0.0024587
-0.0065565
-0.0246996
-0.0484380
-0.0671658
-0.0718241
-0.0637526
-0.0536399
-0.0511015
-0.0561952
-0.0621683
-0.0655336
-0.0706413
-0.0825916
-0.0972369
-0.1018449
-0.0878261
-0.0617328
-0.0411849
-0.0388350
-0.0510152
-0.0626181
-0.0622985
-0.0522438
-0.0443063
-0.0486936
-0.0665530
-0.0908671
-0.1117722
-0.1213174
-0.1163115
-0.0995090
-0.0782189
-0.0598540
-0.0471315
-0.0371707
-0.0253781
-0.0101285
0.0062864
0.0206210
0.0318346
0.0414494
0.0515303
0.0625215
0.0724731
0.0781449
0.0778067
0.0740643
0.0735575
0.0821183
0.0990305
0.1166522
0.1269875
0.1288153
0.1275198
0.1279241
0.1289320
0.1264986
0.1203924
0.1147323
0.1108317
0.1030184
0.0862391
0.0679149
0.0665737
0.0928237
0.1318661
0.1508193
0.1285810
0.0779368
0.0341156
0.0199810
0.0253240
0.0228594
0.0017980
-0.0201065
-0.0191814
0.0048201
0.0275923
0.0276305
0.0089443
-0.0063077
-0.0037876
0.0099000
0.0193741
0.0193358
0.0170024
0.0188521
0.0214925
0.0177948
0.0078421
-0.0008353
-0.0033161
-0.0036293
-0.0096121
-0.0239120
-0.0421969
-0.0588110
-0.0714913
-0.0805571
-0.0860673
-0.0872937
-0.0839343
-0.0766751
-0.0673710
-0.0598126
-0.0590607
-0.0671427
-0.0785544
-0.0826437
-0.0735239
-0.0576555
-0.0492522
-0.0568830
-0.0754185
-0.0916125
-0.0961953
-0.0896635
-0.0785005
-0.0690265
-0.0648604
-0.0667231
-0.0721226
-0.0765902
-0.0776054
-0.0767271
-0.0757073
-0.0714771
-0.0592408
-0.0421662
-0.0332298
-0.0414124
-0.0571167
-0.0591188
-0.0403934
-0.0210937
-0.0265390
-0.0523140
-0.0618555
-0.0269049
0.0343653
0.0708632
0.0533629
0.0075202
-0.0156201
0.0015070
0.0237669
0.0058945
-0.0540155
-0.1120433
-0.1269784
-0.1017856
-0.0734961
-0.0698035
-0.0845746
-0.0945613
-0.0900612
-0.0828637
-0.0880726
-0.1056037
-0.1210917
-0.1209638
-0.1046935
-0.0853225
-0.0803341
-0.0984178
-0.1292332
-0.1462420
-0.1273094
-0.0795209
-0.0417116
-0.0537188
-0.1172821
-0.1894953
-0.2203428
-0.1985877
-0.1590266
-0.1445753
-0.1643776
-0.1907254
-0.1931485
-0.1693831
-0.1417768
-0.1292221
-0.1292297
-0.1273986
-0.1178832
-0.1091194
-0.1107389
-0.1200540
-0.1238826
-0.1117799
-0.0856031
-0.0573717
-0.0397768
-0.0377668
-0.0460526
-0.0532802
-0.0506423
-0.0390885
-0.0281788
-0.0261360
-0.0308425
-0.0325754
-0.0261674
-0.0173733
-0.0141236
-0.0138168
-0.0057718
0.0112918
0.0204467
0.0035288
-0.0329322
-0.0574341
-0.0463542
-0.0143309
-0.0030696
-0.0361807
-0.0907841
-0.1211530
-0.1097158
-0.0870530
-0.0973996
-0.1494019
-0.2079896
-0.2337993
-0.2224460
-0.2009054
-0.1917697
-0.1908924
-0.1814428
-0.1610450
-0.1462620
-0.1508898
-0.1676034
-0.1762515
-0.1674857
-0.1517865
-0.1432038
-0.1389369
-0.1210233
-0.0795046
-0.0301812
-0.0049053
-0.0222142
-0.0679254
-0.1060713
-0.1101219
-0.0840786
-0.0537590
-0.0395049
-0.0397282
-0.0402635
-0.0343711
-0.0281200
-0.0273746
-0.0276253
-0.0231491
-0.0224868
-0.0426627
-0.0791202
-0.0853023
0.0043358
0.2203060
0.5265252
0.8467879
1.1220949
1.3368839
1.4898974
1.5528217
1.4753996
1.2389825
0.8985593
0.5603397
0.3107617
0.1647270
0.0787950
0.0070176
-0.0604928
-0.1073109
-0.1246506
-0.1266662
-0.1347305
-0.1550415
-0.1759803
-0.1847638
-0.1824098
-0.1816576
-0.1922172
-0.2091789
-0.2153342
-0.1950862
-0.1488701
-0.0975174
-0.0727360
-0.0978932
-0.1697305
-0.2538818
-0.3012315
-0.2782728
-0.1917549
-0.0883559
-0.0265951
-0.0391583
-0.1124872
-0.1987223
-0.2505643
-0.2517409
-0.2205240
-0.1876607
-0.1710103
-0.1678386
-0.1658987
-0.1577851
-0.1448946
-0.1318087
-0.1212899
-0.1151446
-0.1156321
-0.1212877
-0.1220940
-0.1055808
-0.0736597
-0.0510826
-0.0677665
-0.1255512
-0.1848443
-0.1934057
-0.1353250
-0.0508439
-0.0025096
-0.0184721
-0.0697900
-0.1040087
-0.0979855
-0.0745782
-0.0701878
-0.0934801
-0.1198333
-0.1214621
-0.0954118
-0.0612411
-0.0379824
-0.0287916
-0.0255141
-0.0209390
-0.0131739
-0.0018785
0.0138400
0.0325270
0.0489591
0.0584035
0.0610534
0.0601614
0.0571236
0.0517311
0.0474020
0.0519462
0.0692941
0.0910319
0.0997910
0.0839383
0.0495595
0.0171950
0.0054821
0.0163230
0.0345121
0.0414592
0.0306670
0.0122152
0.0034382
0.0138718
0.0365122
0.0526779
0.0472057
0.0213457
-0.0085762
-0.0259206
-0.0277270
-0.0244156
-0.0265520
-0.0330910
-0.0331229
-0.0187861
0.0042175
0.0195496
0.0142945
-0.0093321
-0.0358586
-0.0496156
-0.0458849
-0.0304984
-0.0109821
0.0101044
0.0335256
0.0571631
0.0734044
0.0737779
0.0564836
0.0292926
0.0050002
-0.0063015
-0.0021874
0.0118473
0.0255792
0.0296119
0.0215770
0.0083689
0.0005432
0.0024585
0.0079883
0.0072882
-0.0017660
-0.0099572
-0.0059401
0.0106732
0.0267717
0.0278797
0.0128799
-0.0046358
-0.0101004
-0.0018183
0.0095791
0.0138376
0.0108775
0.0078058
0.0086488
0.0096690
0.0052203
-0.0040067
-0.0114193
-0.0136370
-0.0162387
-0.0269743
-0.0433686
-0.0509844
-0.0375102
-0.0083124
0.0148988
0.0131213
-0.0119085
-0.0393079
-0.0489486
-0.0395556
-0.0270093
-0.0259032
-0.0348147
-0.0404120
-0.0339657
-0.0210005
-0.0143706
-0.0201104
-0.0320811
-0.0401151
-0.0411840
-0.0404980
-0.0417235
-0.0391452
-0.0233835
0.0043636
0.0275621
0.0284304
0.0075317
-0.0139806
-0.0148043
0.0040676
0.0198787
0.0124984
-0.0132679
-0.0324468
-0.0271713
-0.0061054
0.0057562
-0.0054910
-0.0297189
-0.0472792
-0.0511332
-0.0503115
-0.0539226
-0.0583516
-0.0534791
-0.0381630
-0.0240164
-0.0224103
-0.0313211
-0.0385691
-0.0367174
-0.0302343
-0.0266461
-0.0250610
-0.0181184
-0.0039742
0.0091060
0.0123385
0.0070986
0.0019509
-0.0002299
-0.0075057
-0.0279735
-0.0552085
-0.0695279
-0.0573854
-0.0286417
-0.0108416
-0.0240916
-0.0622467
-0.0997306
-0.1157491
-0.1106324
-0.1000495
-0.0967881
-0.1001984
-0.1019698
-0.0985830
-0.0952788
-0.0981485
-0.1054538
-0.1093334
-0.1053300
-0.0976324
-0.0941977
-0.0983575
-0.1060661
-0.1100214
-0.1055977
-0.0945586
-0.0853404
-0.0890065
-0.1111353
-0.1446556
-0.1717982
-0.1774304
-0.1632110
-0.1465105
-0.1414654
-0.1416148
-0.1266961
-0.0895613
-0.0513487
-0.0421237
-0.0654232
-0.0889379
-0.0765972
-0.0285220
0.0165633
0.0205466
-0.0161715
-0.0586169
-0.0749369
-0.0632882
-0.0419118
-0.0237594
-0.0110803
-0.0099437
-0.0321620
-0.0710996
-0.0829369
-0.0093129
0.1728285
0.4291284
0.7015580
0.9594170
1.2056968
1.4309903
1.5757981
1.5589047
1.3521811
1.0214614
0.6846838
0.4277093
0.2606455
0.1467885
0.0578446
-0.0062689
-0.0404568
-0.0577624
-0.0808048
-0.1161590
-0.1476271
-0.1575301
-0.1488463
-0.1411776
-0.1473174
-0.1602201
-0.1646502
-0.1564156
-0.1453671
-0.1414038
-0.1430676
-0.1418187
-0.1342386
-0.1262331
-0.1249843
-0.1295336
-0.1319004
-0.1273856
-0.1211123
-0.1221593
-0.1321228
-0.1421347
-0.1417769
-0.1289052
-0.1097211
-0.0915561
-0.0785547
-0.0739502
-0.0823406
-0.1051825
-0.1330307
-0.1460768
-0.1284838
-0.0854899
-0.0442046
-0.0329319
-0.0572914
-0.0967305
-0.1241649
-0.1281006
-0.1167452
-0.1044215
-0.0972476
-0.0915948
-0.0828024
-0.0716164
-0.0613848
-0.0519271
-0.0397483
-0.0243202
-0.0106614
-0.0033885
0.0000495
0.0073573
0.0226200
0.0416190
0.0567030
0.0650662
0.0708467
0.0790736
0.0889222
0.0946410
0.0934764
0.0907900
0.0950945
0.1082204
0.1225475
0.1288424
0.1254799
0.1188736
0.1156764
0.1158429
0.1135069
0.1040769
0.0898368
0.0780363
0.0736452
0.0750953
0.0774654
0.0779375
0.0761431
0.0704391
0.0576074
0.0381175
0.0197244
0.0125090
0.0188991
0.0298983
0.0336097
0.0282115
0.0241685
0.0310015
0.0434040
0.0455211
0.0312513
0.0162398
0.0240137
0.0592811
0.0985565
0.1101734
0.0834785
0.0374380
0.0014415
-0.0101697
-0.0043157
0.0059231
0.0166287
0.0313650
0.0492732
0.0619126
0.0633852
0.0588997
0.0592911
0.0681833
0.0778713
0.0786984
0.0705580
0.0632159
0.0652278
0.0742011
0.0796862
0.0752688
0.0654127
0.0592317
0.0596923
0.0616783
0.0600815
0.0566409
0.0571487
0.0632305
0.0691369
0.0678260
0.0597305
0.0536224
0.0571644
0.0674472
0.0734387
0.0682818
0.0565901
0.0480812
0.0464684
0.0476297
0.0475153
0.0474992
0.0497543
0.0499625
0.0394317
0.0168673
-0.0044300
-0.0063524
0.0143742
0.0390226
0.0435673
0.0229384
-0.0040861
-0.0148050
-0.0050750
0.0088619
0.0083059
-0.0104340
-0.0350578
-0.0504970
-0.0517907
-0.0454654
-0.0411996
-0.0439545
-0.0528915
-0.0643815
-0.0742889
-0.0793749
-0.0791981
-0.0765035
-0.0741227
-0.0715988
-0.0661588
-0.0569301
-0.0469737
-0.0408426
-0.0406981
-0.0449058
-0.0499771
-0.0534260
-0.0542306
-0.0507991
-0.0408141
-0.0255935
-0.0133944
-0.0138911
-0.0271481
-0.0409251
-0.0426501
-0.0337948
-0.0291255
-0.0398079
-0.0585389
-0.0643050
-0.0437678
-0.0071798
0.0193406
0.0182280
-0.0043775
-0.0281611
-0.0398437
-0.0417885
-0.0421409
-0.0426972
-0.0391402
-0.0299211
-0.0205878
-0.0185157
-0.0251434
-0.0348403
-0.0412181
-0.0431641
-0.0437802
-0.0447536
-0.0443315
-0.0411465
-0.0374065
-0.0364880
-0.0386434
-0.0407357
-0.0396807
-0.0352534
-0.0302999
-0.0289460
-0.0334569
-0.0415991
-0.0477191
-0.0476264
-0.0424422
-0.0372698
-0.0362761
-0.0391060
-0.0417553
-0.0411295
-0.0389842
-0.0403465
-0.0469880
-0.0537478
-0.0536830
-0.0468041
-0.0415316
-0.0467686
-0.0637656
-0.0860530
-0.1058643
-0.1197180
-0.1284207
-0.1326721
-0.1296961
-0.1155287
-0.0911052
-0.0647851
-0.0474667
-0.0451277
-0.0557059
-0.0712708
-0.0822888
-0.0820217
-0.0697062
-0.0501251
-0.0298255
-0.0144111
-0.0089201
-0.0169788
-0.0358149
-0.0532583
-0.0552060
-0.0407589
-0.0293241
-0.0461218
-0.0923569
-0.1272473
-0.0865226
0.0708721
0.3294783
0.6309264
0.9193848
1.1692879
1.3688964
1.4876924
1.4756730
1.3044392
1.0084686
0.6787227
0.4073640
0.2324339
0.1312872
0.0612871
0.0012362
-0.0441974
-0.0681524
-0.0779273
-0.0876545
-0.1027378
-0.1165958
-0.1209863
-0.1161269
-0.1101762
-0.1104608
-0.1167697
-0.1234477
-0.1265256
-0.1269867
-0.1275798
-0.1289297
-0.1295922
-0.1281544
-0.1243915
-0.1197514
-0.1171778
-0.1186515
-0.1221420
-0.1228467
-0.1186348
-0.1128488
-0.1104846
-0.1125123
-0.1149432
-0.1130564
-0.1062348
-0.0990419
-0.0971834
-0.1016087
-0.1071978
-0.1083053
-0.1046776
-0.1003572
-0.0977309
-0.0949639
-0.0892412
-0.0805334
-0.0715447
-0.0647508
-0.0595376
-0.0521679
-0.0398424
-0.0254335
-0.0161682
-0.0156538
-0.0184927
-0.0151071
-0.0016010
0.0167613
0.0315936
0.0395207
0.0442369
0.0512982
0.0615046
0.0705237
0.0758758
0.0824026
0.0974728
0.1206906
0.1417901
0.1502714
0.1449414
0.1328289
0.1212734
0.1132505
0.1087506
0.1075093
0.1089456
0.1098960
0.1042531
0.0877273
0.0643589
0.0459779
0.0420189
0.0501105
0.0589145
0.0599942
0.0549864
0.0515717
0.0546187
0.0615045
0.0647293
0.0591812
0.0477335
0.0390735
0.0391778
0.0459077
0.0526455
0.0553822
0.0547345
0.0528276
0.0506317
0.0479608
0.0445594
0.0411415
0.0394179
0.0400958
0.0411026
0.0398597
0.0376676
0.0394809
0.0482175
0.0608991
0.0711814
0.0744152
0.0704208
0.0636268
0.0608090
0.0660977
0.0770204
0.0871032
0.0931225
0.0982838
0.1075568
0.1211246
0.1335118
0.1396946
0.1427936
0.1546162
0.1845627
0.2258597
0.2565732
0.2592487
0.2391917
0.2199767
0.2207469
0.2397257
0.2584607
0.2586581
0.2351853
0.1971249
0.1595885
0.1340349
0.1232442
0.1216669
0.1191118
0.1075654
0.0892108
0.0769636
0.0817654
0.0980804
0.1066021
0.0935783
0.0635987
0.0307310
0.0010820
-0.0311366
-0.0716756
-0.1153189
-0.1492209
-0.1661464
-0.1722852
-0.1804203
-0.1963501
-0.2153207
-0.2322686
-0.2502260
-0.2740470
-0.2992486
-0.3138198
-0.3116307
-0.2995116
-0.2899984
-0.2902394
-0.2986344
-0.3090403
-0.3163138
-0.3191074
-0.3191328
-0.3188689
-0.3205486
-0.3257151
-0.3327283
-0.3353306
-0.3283175
-0.3159867
-0.3102661
-0.3174295
-0.3302959
-0.3371818
-0.3357479
-0.3336575
-0.3366312
-0.3401343
-0.3347284
-0.3186625
-0.3030491
-0.3016653
-0.3145389
-0.3253788
-0.3195297
-0.3020893
-0.2921560
-0.2991418
-0.3109614
-0.3082689
-0.2866257
-0.2618871
-0.2552396
-0.2737469
-0.3038464
-0.3233969
-0.3213265
-0.3055909
-0.2920862
-0.2884062
-0.2898211
-0.2876017
-0.2778311
-0.2642435
-0.2557028
-0.2591607
-0.2722387
-0.2844181
-0.2878065
-0.2844687
-0.2809559
-0.2787497
-0.2736632
-0.2627692
-0.2485589
-0.2368320
-0.2320732
-0.2339466
-0.2377254
-0.2393842
-0.2393396
-0.2385170
-0.2327084
-0.2166667
-0.1945307
-0.1806632
-0.1873670
-0.2141745
-0.2493879
-0.2786079
-0.2922324
-0.2902241
-0.2819526
-0.2781736
-0.2810320
-0.2830550
-0.2760486
-0.2601266
-0.2452951
-0.2442952
-0.2594620
-0.2745931
-0.2663677
-0.2302016
-0.1902803
-0.1752998
-0.1848300
-0.1874457
-0.1552827
-0.0972269
-0.0547863
-0.0632039
-0.1145378
-0.1602552
-0.1548787
-0.0982349
-0.0317135
0.0049692
0.0060884
-0.0087271
-0.0212909
-0.0251539
-0.0188517
-0.0029687
0.0140173
0.0153586
-0.0094916
-0.0447178
-0.0437078
0.0455394
0.2405339
0.5095008
0.7998648
1.0760452
1.3205949
1.5042685
1.5746422
1.4876491
1.2504337
0.9305342
0.6212083
0.3898350
0.2476342
0.1621382
0.0973370
0.0413152
0.0000850
-0.0224405
-0.0307677
-0.0318568
-0.0321343
-0.0370185
-0.0464890
-0.0540584
-0.0555157
-0.0552700
-0.0595206
-0.0672882
-0.0726166
-0.0717743
-0.0650539
-0.0558612
-0.0501764
-0.0515543
-0.0552637
-0.0537178
-0.0482651
-0.0474837
-0.0527975
-0.0549880
-0.0471239
-0.0323276
-0.0167252
-0.0030697
0.0068715
0.0115593
0.0129108
0.0140925
0.0151246
0.0169250
0.0255118
0.0430429
0.0590635
0.0616458
0.0539554
0.0490193
0.0514567
0.0551745
0.0558811
0.0555846
0.0576004
0.0651015
0.0797412
0.0952034
0.1003851
0.0961320
0.0980211
0.1139348
0.1311656
0.1359373
0.1329962
0.1346413
0.1426456
0.1520005
0.1605493
0.1654395
0.1626969
0.1576760
0.1613352
0.1708681
0.1719765
0.1647037
0.1652685
0.1775089
0.1871887
0.1897379
0.1961306
0.2058067
0.2040861
0.1922013
0.1871872
0.1874425
0.1753523
0.1570305
0.1551215
0.1587879
0.1353058
0.0990255
0.1015564
0.1320695
0.1024220
-0.0254246
