-0.0444139
-0.1591383
-0.0456208
0.0120170
-0.0480322
-0.0784213
-0.0392128
-0.0361360
-0.0918064
-0.1110751
-0.0678209
-0.0400321
-0.0560383
-0.0604243
-0.0369500
-0.0333240
-0.0596354
-0.0736113
-0.0665126
-0.0683126
-0.0751562
-0.0575870
-0.0287373
-0.0266291
-0.0444457
-0.0480462
-0.0414664
-0.0492984
-0.0590169
-0.0458338
-0.0314169
-0.0551631
-0.1040481
-0.1229028
-0.0779919
0.0292210
0.1870819
0.3739339
0.5557694
0.7125604
0.8403227
0.9082818
0.8579514
0.6777972
0.4428155
0.2468917
0.1225401
0.0476121
-0.0046474
-0.0485036
-0.0885638
-0.1146672
-0.1136138
-0.0968417
-0.0928412
-0.1076935
-0.1215996
-0.1267474
-0.1365949
-0.1548175
-0.1678171
-0.1720235
-0.1783362
-0.1869865
-0.1867078
-0.1798469
-0.1811171
-0.1915303
-0.1981476
-0.1972713
-0.1953797
-0.1922940
-0.1847361
-0.1789303
-0.1792763
-0.1744582
-0.1549667
-0.1331787
-0.1262221
-0.1304417
-0.1311492
-0.1252371
-0.1172020
-0.1062461
-0.0934104
-0.0878805
-0.0916804
-0.0917905
-0.0797104
-0.0643147
-0.0550772
-0.0485132
-0.0405168
-0.0352741
-0.0329676
-0.0249133
-0.0084676
0.0088692
0.0251262
0.0467975
0.0720660
0.0884584
0.0916943
0.0917084
0.0977228
0.1113157
0.1328590
0.1590519
0.1764796
0.1745402
0.1629824
0.1610698
0.1723613
0.1850604
0.1925855
0.1979744
0.2019774
0.2016929
0.1978115
0.1916079
0.1800855
0.1640114
0.1525863
0.1497605
0.1451017
0.1288499
0.1069405
0.0915009
0.0859517
0.0877424
0.0948216
0.1009309
0.0956968
0.0781421
0.0605927
0.0528868
0.0524567
0.0538478
0.0560749
0.0565959
0.0506748
0.0413298
0.0384608
0.0444803
0.0513464
0.0537236
0.0545126
0.0566478
0.0597880
0.0644967
0.0695334
0.0675566
0.0547531
0.0415334
0.0415068
0.0524438
0.0596545
0.0554451
0.0445527
0.0338008
0.0268444
0.0257851
0.0285227
0.0277953
0.0202560
0.0118961
0.0086008
0.0081209
0.0070979
0.0074602
0.0093154
0.0066220
-0.0026579
-0.0103436
-0.0088709
-0.0010017
0.0064041
0.0103504
0.0092930
0.0016243
-0.0089975
-0.0148477
-0.0140649
-0.0119427
-0.0109387
-0.0079603
-0.0025219
0.0013838
0.0023207
0.0018895
-0.0012752
-0.0090345
-0.0163667
-0.0159321
-0.0093261
-0.0051808
-0.0072940
-0.0124603
-0.0176545
-0.0214180
-0.0210430
-0.0162645
-0.0127689
-0.0150654
-0.0196895
-0.0218476
-0.0237107
-0.0292307
-0.0359332
-0.0388991
-0.0383609
-0.0374007
-0.0367221
-0.0364754
-0.0381677
-0.0410516
-0.0423742
-0.0437176
-0.0498575
-0.0590234
-0.0628589
-0.0591153
-0.0555235
-0.0571603
-0.0581941
-0.0505802
-0.0343971
-0.0161127
-0.0019104
0.0055898
0.0089669
0.0142732
0.0223829
0.0237360
0.0081466
-0.0218213
-0.0531715
-0.0750290
-0.0828374
-0.0758042
-0.0601872
-0.0517214
-0.0636498
-0.0918177
-0.1190198
-0.1338553
-0.1394925
-0.1451192
-0.1544980
-0.1630005
-0.1633054
-0.1548692
-0.1466378
-0.1453518
-0.1435921
-0.1303168
-0.1139319
-0.1194154
-0.1529266
-0.1795536
-0.1488235
-0.0397624
0.1264228
0.3139824
0.5020288
0.6819903
0.8299757
0.8930803
0.8201320
0.6166218
0.3612743
0.1522415
0.0329403
-0.0245114
-0.0692068
-0.1196000
-0.1610025
-0.1771168
-0.1721280
-0.1654582
-0.1720686
-0.1897259
-0.2051214
-0.2106297
-0.2106693
-0.2114889
-0.2124872
-0.2116248
-0.2115802
-0.2137768
-0.2126053
-0.2035617
-0.1928633
-0.1911544
-0.1998700
-0.2099243
-0.2124855
-0.2070037
-0.2003413
-0.2004193
-0.2082394
-0.2150898
-0.2113260
-0.1982225
-0.1861862
-0.1813865
-0.1807060
-0.1802963
-0.1811918
-0.1840317
-0.1852488
-0.1820431
-0.1763553
-0.1714370
-0.1681021
-0.1652628
-0.1607908
-0.1523892
-0.1412652
-0.1331562
-0.1311886
-0.1299593
-0.1220263
-0.1082414
-0.0961321
-0.0897827
-0.0865820
-0.0823560
-0.0748867
-0.0639919
-0.0523318
-0.0443358
-0.0409942
-0.0381283
-0.0322322
-0.0240642
-0.0137404
0.0023275
0.0248245
0.0459078
0.0554223
0.0511753
0.0405040
0.0336814
0.0364715
0.0453567
0.0490830
0.0389043
0.0179980
-0.0030008
-0.0186007
-0.0306200
-0.0388469
-0.0382668
-0.0284241
-0.0188493
-0.0207331
-0.0360691
-0.0570113
-0.0736748
-0.0821239
-0.0869041
-0.0953571
-0.1080650
-0.1173322
-0.1169789
-0.1095460
-0.1008642
-0.0929569
-0.0871600
-0.0880557
-0.0961296
-0.1005810
-0.0899587
-0.0709347
-0.0673914
-0.0937738
-0.1293643
-0.1230277
-0.0298381
0.1508438
0.3729579
0.5818608
0.7524307
0.8845007
0.9671111
0.9653603
0.8530570
0.6514899
0.4254108
0.2391930
0.1177673
0.0447812
-0.0089018
-0.0570811
-0.0945735
-0.1147336
-0.1230424
-0.1308131
-0.1417638
-0.1514493
-0.1566692
-0.1582103
-0.1559246
-0.1486135
-0.1392559
-0.1342394
-0.1359728
-0.1402555
-0.1416539
-0.1385989
-0.1335025
-0.1304098
-0.1316871
-0.1349721
-0.1349300
-0.1296917
-0.1231821
-0.1195324
-0.1184003
-0.1176474
-0.1169310
-0.1163806
-0.1154135
-0.1151709
-0.1183134
-0.1239152
-0.1262576
-0.1213621
-0.1116675
-0.1021640
-0.0949112
-0.0890566
-0.0831869
-0.0759656
-0.0668592
-0.0571082
-0.0478564
-0.0377055
-0.0248939
-0.0109568
0.0011985
0.0117446
0.0225600
0.0324879
0.0383296
0.0401503
0.0417424
0.0460901
0.0533529
0.0621786
0.0698879
0.0729920
0.0711968
0.0697364
0.0742682
0.0840240
0.0923182
0.0929003
0.0846550
0.0724534
0.0648019
0.0673370
0.0761605
0.0802308
0.0725538
0.0568930
0.0425444
0.0358683
0.0379991
0.0463958
0.0559003
0.0613892
0.0620360
0.0612520
0.0616002
0.0622233
0.0616625
0.0601217
0.0582111
0.0561173
0.0543821
0.0531336
0.0508632
0.0464582
0.0416821
0.0390649
0.0385771
0.0390446
0.0408202
0.0435644
0.0435874
0.0380613
0.0308205
0.0292554
0.0349896
0.0408429
0.0377679
0.0235336
0.0052457
-0.0058997
-0.0042613
0.0045852
0.0097951
0.0075357
0.0043477
0.0074437
0.0157342
0.0226209
0.0240276
0.0208595
0.0162492
0.0130533
0.0122978
0.0123582
0.0111890
0.0099595
0.0122779
0.0193195
0.0279574
0.0339177
0.0347357
0.0303759
0.0238853
0.0206917
0.0237086
0.0292360
0.0308114
0.0268964
0.0219599
0.0206626
0.0240504
0.0307518
0.0384444
0.0440255
0.0451020
0.0419505
0.0370270
0.0331906
0.0326823
0.0354196
0.0372434
0.0331090
0.0241683
0.0185881
0.0224601
0.0322056
0.0386788
0.0368800
0.0293262
0.0217816
0.0180816
0.0179098
0.0178170
0.0150322
0.0106609
0.0080008
0.0082961
0.0102756
0.0129464
0.0156855
0.0162955
0.0130283
0.0087547
0.0090234
0.0147734
0.0201670
0.0190896
0.0117321
0.0039803
0.0018562
0.0065624
0.0134730
0.0163381
0.0136077
0.0095044
0.0079122
0.0075947
0.0054130
0.0016587
-0.0007487
-0.0004770
0.0016746
0.0048309
0.0079037
0.0088577
0.0068810
0.0044267
0.0048658
0.0085836
0.0126517
0.0136653
0.0105140
0.0057482
0.0042416
0.0083782
0.0144593
0.0163724
0.0129798
0.0091422
0.0092879
0.0130406
0.0175202
0.0205774
0.0209135
0.0183085
0.0152948
0.0162100
0.0229457
0.0327431
0.0407545
0.0439861
0.0432166
0.0422299
0.0444060
0.0490197
0.0523176
0.0533651
0.0565064
0.0660285
0.0806187
0.0952311
0.1056256
0.1080293
0.0975451
0.0725821
0.0409407
0.0166651
0.0079128
0.0087575
0.0044627
-0.0145185
-0.0436045
-0.0691296
-0.0813047
-0.0796058
-0.0658827
-0.0398986
-0.0088420
0.0049628
-0.0176981
-0.0591991
-0.0597789
0.0385695
0.2379384
0.4787614
0.6908537
0.8464708
0.9587600
1.0323105
1.0300988
0.9042892
0.6609139
0.3806570
0.1629455
0.0488984
0.0029072
-0.0354845
-0.0921023
-0.1494246
-0.1825900
-0.1912201
-0.1957895
-0.2118035
-0.2350641
-0.2520436
-0.2583510
-0.2619111
-0.2703736
-0.2820497
-0.2907422
-0.2940980
-0.2937773
-0.2910511
-0.2864314
-0.2820023
-0.2804485
-0.2818414
-0.2833757
-0.2822947
-0.2782612
-0.2733101
-0.2698055
-0.2678517
-0.2650606
-0.2598164
-0.2536394
-0.2483639
-0.2421604
-0.2314036
-0.2162651
-0.2014009
-0.1905608
-0.1829194
-0.1753660
-0.1665059
-0.1577421
-0.1515200
-0.1485102
-0.1457686
-0.1386503
-0.1258438
-0.1114129
-0.1002943
-0.0928162
-0.0852391
-0.0746477
-0.0616622
-0.0490964
-0.0391375
-0.0309980
-0.0208186
-0.0056147
0.0120084
0.0255721
0.0327644
0.0394187
0.0529360
0.0729234
0.0908659
0.0992870
0.1000556
0.1030691
0.1163911
0.1376930
0.1568500
0.1678127
0.1752253
0.1861086
0.1971119
0.1957768
0.1761162
0.1488266
0.1325031
0.1353903
0.1474859
0.1506436
0.1360919
0.1122217
0.0952443
0.0927694
0.0978894
0.0987905
0.0906768
0.0766884
0.0610014
0.0454653
0.0316813
0.0216729
0.0152519
0.0094206
0.0020826
-0.0047949
-0.0072792
-0.0048013
-0.0017799
-0.0016826
0.0001058
0.0123862
0.0327611
0.0405363
0.0157004
-0.0304026
-0.0501600
0.0057203
0.1473045
0.3416043
0.5470380
0.7438132
0.9255277
1.0668414
1.1147358
1.0258475
0.8150061
0.5583367
0.3399845
0.1946020
0.1017121
0.0279869
-0.0358813
-0.0792530
-0.0984348
-0.1074060
-0.1220789
-0.1421754
-0.1543182
-0.1513101
-0.1426422
-0.1430312
-0.1540175
-0.1625770
-0.1582661
-0.1462577
-0.1401421
-0.1453268
-0.1541228
-0.1563868
-0.1511017
-0.1463038
-0.1494748
-0.1595584
-0.1687105
-0.1714881
-0.1708782
-0.1738061
-0.1817594
-0.1887495
-0.1891861
-0.1853217
-0.1851626
-0.1937514
-0.2072780
-0.2155084
-0.2105720
-0.1946938
-0.1789841
-0.1730933
-0.1761106
-0.1788307
-0.1743348
-0.1644245
-0.1557889
-0.1518947
-0.1494389
-0.1419033
-0.1262365
-0.1062397
-0.0888846
-0.0771161
-0.0674899
-0.0553590
-0.0404879
-0.0261320
-0.0142730
-0.0039325
0.0065377
0.0174536
0.0280223
0.0373416
0.0451150
0.0518458
0.0580425
0.0631809
0.0661987
0.0669748
0.0663043
0.0646192
0.0621708
0.0603102
0.0606993
0.0629560
0.0649117
0.0656912
0.0667050
0.0687380
0.0696367
0.0662569
0.0582751
0.0494044
0.0447413
0.0464032
0.0512453
0.0535590
0.0508226
0.0460456
0.0436309
0.0441228
0.0444256
0.0421010
0.0375431
0.0324348
0.0279703
0.0247384
0.0229859
0.0224805
0.0224306
0.0214706
0.0179642
0.0114542
0.0040985
-0.0006818
-0.0017044
-0.0011229
-0.0015472
-0.0034072
-0.0058073
-0.0083772
-0.0109394
-0.0124055
-0.0116862
-0.0098109
-0.0101962
-0.0158158
-0.0252093
-0.0315794
-0.0282326
-0.0169477
-0.0093522
-0.0164688
-0.0362458
-0.0540386
-0.0569469
-0.0463814
-0.0353255
-0.0341997
-0.0409145
-0.0449653
-0.0401497
-0.0315586
-0.0290712
-0.0353603
-0.0432306
-0.0453481
-0.0434459
-0.0453425
-0.0545495
-0.0660122
-0.0721902
-0.0709776
-0.0667053
-0.0646360
-0.0657631
-0.0671820
-0.0669273
-0.0671683
-0.0715802
-0.0801851
-0.0884785
-0.0919294
-0.0901078
-0.0862232
-0.0839942
-0.0852834
-0.0893311
-0.0935975
-0.0963827
-0.0991042
-0.1049826
-0.1149674
-0.1258382
-0.1329061
-0.1341698
-0.1317191
-0.1295735
-0.1301257
-0.1322897
-0.1334292
-0.1334309
-0.1359529
-0.1445017
-0.1576659
-0.1693555
-0.1739321
-0.1709627
-0.1656484
-0.1649989
-0.1724415
-0.1850585
-0.1967206
-0.2048227
-0.2132865
-0.2280231
-0.2500460
-0.2740130
-0.2931058
-0.3044601
-0.3101526
-0.3139111
-0.3173523
-0.3194714
-0.3195956
-0.3199067
-0.3240588
-0.3336400
-0.3469455
-0.3607568
-0.3720068
-0.3782654
-0.3789398
-0.3768852
-0.3772014
-0.3829253
-0.3921770
-0.4001696
-0.4037580
-0.4036383
-0.4022681
-0.3999761
-0.3935374
-0.3791525
-0.3567190
-0.3301626
-0.3034062
-0.2775412
-0.2527821
-0.2312570
-0.2153755
-0.2037492
-0.1911323
-0.1736573
-0.1534051
-0.1367992
-0.1281873
-0.1251078
-0.1202147
-0.1081356
-0.0901072
-0.0716349
-0.0567987
-0.0463770
-0.0404520
-0.0393966
-0.0408181
-0.0382669
-0.0264925
-0.0081305
0.0074354
0.0135265
0.0134359
0.0162108
0.0251357
0.0334234
0.0343015
0.0333759
0.0443955
0.0693851
0.0888857
0.0818861
0.0582125
0.0637187
0.1445349
0.3046549
0.5027890
0.6919582
0.8566486
1.0055861
1.1317778
1.1928732
1.1426938
0.9824690
0.7725406
0.5877665
0.4628501
0.3825044
0.3182458
0.2645637
0.2368319
0.2423417
0.2636194
0.2727964
0.2578898
0.2310001
0.2121900
0.2095573
0.2158381
0.2200720
0.2182333
0.2134560
0.2103430
0.2109374
0.2139726
0.2158382
0.2130448
0.2054175
0.1968123
0.1916443
0.1905876
0.1903930
0.1881717
0.1852257
0.1857740
0.1916822
0.1994122
0.2035076
0.2030482
0.2030742
0.2087551
0.2193456
0.2293031
0.2348331
0.2379257
0.2440003
0.2568130
0.2758957
0.2976870
0.3179877
0.3335735
0.3429512
0.3472652
0.3509240
0.3598408
0.3769726
0.3991502
0.4195145
0.4337360
0.4431166
0.4512866
0.4592133
0.4649234
0.4677604
0.4709984
0.4785590
0.4889334
0.4938231
0.4849589
0.4631100
0.4388706
0.4225793
0.4135737
0.4011639
0.3767763
0.3435433
0.3124541
0.2899344
0.2716261
0.2495366
0.2234622
0.2019077
0.1903465
0.1814283
0.1611920
0.1257000
0.0874974
0.0618396
0.0476998
0.0266866
-0.0172981
-0.0793671
-0.1369026
-0.1710860
-0.1834641
-0.1912410
-0.2087387
-0.2356185
-0.2618746
-0.2801658
-0.2908579
-0.2973596
-0.3008449
-0.3007301
-0.2977551
-0.2944361
-0.2933635
-0.2967406
-0.3070755
-0.3261862
-0.3525254
-0.3805271
-0.4040637
-0.4208718
-0.4329734
-0.4426148
-0.4487657
-0.4485820
-0.4417706
-0.4319095
-0.4229386
-0.4155761
-0.4081342
-0.3998256
-0.3916364
-0.3840913
-0.3758075
-0.3650293
-0.3516812
-0.3369739
-0.3214959
-0.3049586
-0.2881150
-0.2736792
-0.2638275
-0.2567470
-0.2472061
-0.2317808
-0.2128654
-0.1960438
-0.1835128
-0.1717019
-0.1561642
-0.1374533
-0.1204348
-0.1079479
-0.0968520
-0.0813465
-0.0594412
-0.0348124
-0.0121358
0.0081405
0.0293692
0.0538121
0.0798808
0.1046046
0.1271122
0.1480343
0.1662437
0.1785560
0.1836584
0.1848747
0.1871674
0.1914352
0.1934208
0.1893147
0.1815821
0.1775150
0.1814477
0.1895183
0.1933097
0.1883514
0.1779624
0.1688989
0.1648230
0.1648090
0.1666546
0.1692552
0.1713573
0.1700800
0.1628451
0.1507954
0.1385993
0.1296751
0.1222633
0.1117589
0.0973467
0.0850341
0.0825028
0.0905488
0.1002528
0.0991431
0.0802477
0.0455677
0.0020541
-0.0443920
-0.0910355
-0.1366484
-0.1805807
-0.2246072
-0.2739884
-0.3336540
-0.4018454
-0.4688809
-0.5245459
-0.5673262
-0.6050072
-0.6453122
-0.6872520
-0.7234319
-0.7499671
-0.7706942
-0.7898898
-0.8041226
-0.8068403
-0.8021181
-0.8077680
-0.8367264
-0.8729395
-0.8705958
-0.7840363
-0.6020466
-0.3542790
-0.0877717
0.1574974
0.3502831
0.4567920
0.4446138
0.3086406
0.0912799
-0.1330275
-0.3025060
-0.4021773
-0.4572476
-0.4975410
-0.5314551
-0.5513554
-0.5551882
-0.5548321
-0.5631058
-0.5788196
-0.5896416
-0.5884677
-0.5822117
-0.5824364
-0.5901036
-0.5932826
-0.5802392
-0.5521264
-0.5209477
-0.4962343
-0.4762262
-0.4527166
-0.4223995
-0.3910169
-0.3663657
-0.3494311
-0.3339680
-0.3139684
-0.2896677
-0.2658139
-0.2455715
-0.2277472
-0.2099958
-0.1932682
-0.1816322
-0.1775029
-0.1780379
-0.1771847
-0.1711348
-0.1609520
-0.1497915
-0.1386727
-0.1260505
-0.1112378
-0.0968638
-0.0868115
-0.0816222
-0.0766914
-0.0659134
-0.0475396
-0.0262986
-0.0095313
-0.0012119
0.0005951
0.0014111
0.0061876
0.0166139
0.0307952
0.0448033
0.0553414
0.0620365
0.0674130
0.0741984
0.0823306
0.0887378
0.0903574
0.0873075
0.0825423
0.0780824
0.0723339
0.0623130
0.0485040
0.0360299
0.0298947
0.0296663
0.0300934
0.0270396
0.0218303
0.0192590
0.0219525
0.0276394
0.0321890
0.0346379
0.0382630
0.0465043
0.0586918
0.0706760
0.0794630
0.0863683
0.0953385
0.1085133
0.1234465
0.1344636
0.1372855
0.1333674
0.1297381
0.1332412
0.1437162
0.1529197
0.1510707
0.1352517
0.1117149
0.0899354
0.0742851
0.0615229
0.0462689
0.0280193
0.0115883
0.0006781
-0.0074043
-0.0193180
-0.0382483
-0.0596901
-0.0746270
-0.0766007
-0.0661755
-0.0494476
-0.0325899
-0.0175976
-0.0028582
0.0129470
0.0284503
0.0411631
0.0503928
0.0576113
0.0640200
0.0686678
0.0698675
0.0686500
0.0698197
0.0778745
0.0912307
0.1020027
0.1034355
0.0973585
0.0924545
0.0945876
0.1004054
0.1019008
0.0966261
0.0915396
0.0956539
0.1093541
0.1224541
0.1239263
0.1131424
0.1001441
0.0945884
0.0959369
0.0955861
0.0874165
0.0742387
0.0637150
0.0595776
0.0581120
0.0530839
0.0431267
0.0333308
0.0292439
0.0299661
0.0281552
0.0170419
-0.0029038
-0.0238281
-0.0361329
-0.0350112
-0.0237758
-0.0120839
-0.0096265
-0.0192118
-0.0345786
-0.0446836
-0.0407927
-0.0212680
0.0081904
0.0378986
0.0587198
0.0653005
0.0569837
0.0373487
0.0133331
-0.0068050
-0.0172277
-0.0178260
-0.0139794
-0.0123724
-0.0156972
-0.0199950
-0.0171826
-0.0018415
0.0234681
0.0504231
0.0727328
0.0898150
0.1015114
0.1023347
0.0864912
0.0602202
0.0442552
0.0572440
0.0947767
0.1295930
0.1390266
0.1337163
0.1547690
0.2383615
0.3838585
0.5584776
0.7290699
0.8812381
1.0059866
1.0782003
1.0623988
0.9456638
0.7609237
0.5712041
0.4275178
0.3405411
0.2893796
0.2512817
0.2192931
0.1960036
0.1805757
0.1678195
0.1561857
0.1495108
0.1494615
0.1505718
0.1456297
0.1341055
0.1224371
0.1161630
0.1140776
0.1113831
0.1073140
0.1071178
0.1154647
0.1297540
0.1424931
0.1499944
0.1558992
0.1650069
0.1760402
0.1829994
0.1830175
0.1806512
0.1835955
0.1948045
0.2094311
0.2198327
0.2237539
0.2271389
0.2381965
0.2589356
0.2833598
0.3037817
0.3178982
0.3296288
0.3439910
0.3615440
0.3776161
0.3872926
0.3914267
0.3966718
0.4084249
0.4245428
0.4375587
0.4426069
0.4413548
0.4382619
0.4353917
0.4325330
0.4313349
0.4367552
0.4526354
0.4762109
0.4992741
0.5164678
0.5310910
0.5500920
0.5738768
0.5947113
0.6062835
0.6110011
0.6146450
0.6165589
0.6103685
0.5947638
0.5782504
0.5689263
0.5619150
0.5440021
0.5147547
0.4982481
0.5235375
0.5880948
0.6459596
0.6419396
0.5617052
0.4458605
0.3532945
0.3126544
0.3090490
0.3111240
0.3032555
0.2908274
0.2817393
0.2716133
0.2498097
0.2153725
0.1809488
0.1598875
0.1530316
0.1501323
0.1416164
0.1264248
0.1102638
0.0996356
0.0974045
0.1012672
0.1053407
0.1045140
0.0983462
0.0907187
0.0856687
0.0836824
0.0818773
0.0777468
0.0727419
0.0714100
0.0761800
0.0839039
0.0892152
0.0907803
0.0920062
0.0954559
0.0991840
0.1001399
0.0998140
0.1048076
0.1217015
0.1515310
0.1888528
0.2261150
0.2592480
0.2888646
0.3163188
0.3404469
0.3595768
0.3752819
0.3916171
0.4103929
0.4285549
0.4403409
0.4412326
0.4303078
0.4100127
0.3837727
0.3534441
0.3196004
0.2844992
0.2532544
0.2305399
0.2163435
0.2057301
0.1927649
0.1748676
0.1540295
0.1331894
0.1099052
0.0744932
0.0180721
-0.0556295
-0.1286617
-0.1819807
-0.2108135
-0.2266808
-0.2449822
-0.2714611
-0.3003917
-0.3244523
-0.3442394
-0.3663745
-0.3933180
-0.4191952
-0.4381203
-0.4533660
-0.4733707
-0.4992522
-0.5216282
-0.5323012
-0.5356919
-0.5445070
-0.5642593
-0.5858312
-0.5964196
-0.5967667
-0.6023467
-0.6226968
-0.6405231
-0.6168210
-0.5199571
-0.3488587
-0.1293959
0.1036869
0.3147063
0.4631491
0.5087590
0.4355416
0.2744502
0.0949742
-0.0373847
-0.1040444
-0.1370195
-0.1798656
-0.2452166
-0.3099190
-0.3465281
-0.3529419
-0.3507965
-0.3610055
-0.3852823
-0.4094010
-0.4200686
-0.4172958
-0.4118797
-0.4127877
-0.4183839
-0.4199288
-0.4117078
-0.3961006
-0.3797453
-0.3666144
-0.3547124
-0.3386760
-0.3164655
-0.2942934
-0.2828981
-0.2861340
-0.2934559
-0.2861198
-0.2525033
-0.1984205
-0.1438523
-0.1094079
-0.1029362
-0.1164344
-0.1357227
-0.1534211
-0.1717810
-0.1938000
-0.2153749
-0.2286225
-0.2309350
-0.2275706
-0.2248662
-0.2223363
-0.2125035
-0.1891065
-0.1555159
-0.1236206
-0.1029792
-0.0920775
-0.0819270
-0.0668387
-0.0488478
-0.0324718
-0.0191074
-0.0078209
0.0010502
0.0050620
0.0017221
-0.0090702
-0.0238383
-0.0369508
-0.0446057
-0.0480133
-0.0525531
-0.0640566
-0.0851846
-0.1130170
-0.1393086
-0.1558836
-0.1624965
-0.1683957
-0.1839458
-0.2107749
-0.2407878
-0.2637450
-0.2753004
-0.2797318
-0.2864546
-0.3023765
-0.3257804
-0.3481905
-0.3631135
-0.3723382
-0.3835490
-0.4031315
-0.4315529
-0.4640845
-0.4952970
-0.5237971
-0.5525330
-0.5833767
-0.6121699
-0.6309948
-0.6346716
-0.6227303
-0.5957281
-0.5532255
-0.4969778
-0.4346580
-0.3792389
-0.3441429
-0.3365871
-0.3526338
-0.3786397
-0.3997924
-0.4087488
-0.4070870
-0.4006148
-0.3942375
-0.3888134
-0.3803497
-0.3634554
-0.3380980
-0.3127049
-0.2988848
-0.3027061
-0.3207821
-0.3431852
-0.3598696
-0.3667690
-0.3674565
-0.3679434
-0.3694486
-0.3679358
-0.3608370
-0.3513602
-0.3446979
-0.3420307
-0.3399196
-0.3345217
-0.3255094
-0.3167347
-0.3132360
-0.3165451
-0.3232296
-0.3293411
-0.3355733
-0.3462580
-0.3639513
-0.3868237
-0.4104613
-0.4302069
-0.4430155
-0.4499142
-0.4561619
-0.4662458
-0.4786342
-0.4874236
-0.4888911
-0.4845106
-0.4776544
-0.4689677
-0.4552785
-0.4327477
-0.4017753
-0.3685333
-0.3394692
-0.3137424
-0.2836837
-0.2440660
-0.1987514
-0.1569870
-0.1254552
-0.1051960
-0.0935226
-0.0865356
-0.0811987
-0.0767978
-0.0736835
-0.0701922
-0.0626423
-0.0494385
-0.0339710
-0.0226021
-0.0199773
-0.0253220
-0.0320635
-0.0324810
-0.0248770
-0.0151006
-0.0090715
-0.0057765
-0.0005054
0.0075594
0.0160129
0.0263685
0.0439095
0.0676976
0.0857097
0.0865385
0.0778126
0.0894790
0.1529950
0.2740101
0.4279974
0.5860638
0.7404930
0.8948853
1.0283035
1.0836245
1.0076978
0.8065648
0.5543229
0.3418325
0.2141771
0.1536397
0.1158164
0.0762845
0.0428427
0.0307982
0.0378384
0.0478539
0.0524928
0.0591635
0.0776263
0.1063881
0.1353336
0.1567870
0.1703456
0.1796333
0.1877110
0.1950266
0.2000716
0.2017137
0.2005974
0.1980619
0.1950584
0.1928899
0.1927663
0.1929755
0.1891849
0.1804985
0.1732915
0.1756466
0.1886539
0.2054944
0.2182714
0.2241602
0.2264405
0.2313800
0.2425856
0.2566449
0.2657227
0.2657673
0.2605866
0.2570065
0.2581456
0.2622387
0.2654961
0.2650411
0.2615765
0.2602540
0.2663994
0.2792277
0.2920025
0.2993090
0.3022280
0.3060273
0.3149497
0.3294770
0.3466184
0.3628770
0.3785558
0.3980092
0.4233580
0.4496666
0.4698497
0.4834575
0.4970274
0.5159132
0.5385473
0.5583196
0.5685854
0.5665835
0.5552437
0.5411971
0.5294283
0.5201935
0.5114596
0.5022122
0.4924262
0.4825050
0.4742326
0.4695598
0.4670388
0.4627098
0.4564581
0.4541443
0.4606682
0.4732932
0.4844092
0.4893894
0.4900838
0.4919566
0.4986812
0.5082297
0.5144333
0.5142754
0.5127086
0.5172603
0.5285862
0.5398634
0.5451199
0.5444801
0.5413245
0.5380713
0.5352518
0.5316400
0.5247677
0.5135253
0.5001112
0.4875886
0.4763572
0.4645384
0.4498852
0.4293389
0.3995104
0.3609877
0.3203739
0.2848672
0.2559142
0.2301589
0.2045240
0.1780498
0.1509437
0.1244996
0.1006064
0.0797509
0.0610742
0.0449283
0.0325942
0.0227712
0.0117974
-0.0013174
-0.0131968
-0.0205734
-0.0234746
-0.0232372
-0.0207282
-0.0174122
-0.0148507
-0.0121490
-0.0068716
0.0006389
0.0062977
0.0060180
-0.0012887
-0.0132864
-0.0243515
-0.0280631
-0.0233191
-0.0168882
-0.0163762
-0.0215716
-0.0257283
-0.0238718
-0.0165849
-0.0072800
0.0005390
0.0042663
0.0036917
0.0012548
-0.0005770
-0.0006850
0.0025719
0.0111966
0.0236588
0.0345032
0.0401358
0.0421763
0.0434659
0.0442319
0.0439438
0.0429644
0.0397625
0.0299059
0.0109657
-0.0131684
-0.0344159
-0.0459116
-0.0461355
-0.0405195
-0.0380207
-0.0422519
-0.0464711
-0.0412340
-0.0264953
-0.0121908
-0.0075476
-0.0139762
-0.0276862
-0.0445521
-0.0621906
-0.0809744
-0.1030708
-0.1278593
-0.1496645
-0.1634006
-0.1713150
-0.1808999
-0.1968753
-0.2172770
-0.2357889
-0.2462599
-0.2474786
-0.2452704
-0.2470083
-0.2527825
-0.2558431
-0.2527384
-0.2472042
-0.2414689
-0.2306365
-0.2118930
-0.1952689
-0.1974175
-0.2223117
-0.2494295
-0.2419924
-0.1694925
-0.0269065
0.1650364
0.3757268
0.5751344
0.7271440
0.7854623
0.7159456
0.5308569
0.2937119
0.0815900
-0.0611796
-0.1381155
-0.1791864
-0.2081690
-0.2268362
-0.2255859
-0.2047792
-0.1803543
-0.1672919
-0.1636928
-0.1561031
-0.1366120
-0.1094230
-0.0834483
-0.0637946
-0.0492405
-0.0344614
-0.0161413
0.0012246
0.0087029
0.0039671
-0.0053292
-0.0119401
-0.0183084
-0.0318924
-0.0547953
-0.0815698
-0.1050590
-0.1223753
-0.1371933
-0.1565183
-0.1823153
-0.2071997
-0.2228008
-0.2313052
-0.2428854
-0.2619686
-0.2823613
-0.2966397
-0.3044098
-0.3099959
-0.3170371
-0.3268002
-0.3380420
-0.3477464
-0.3544524
-0.3598572
-0.3649424
-0.3676716
-0.3681475
-0.3722540
-0.3849797
-0.4028939
-0.4182503
-0.4281345
-0.4350731
-0.4413138
-0.4471171
-0.4524865
-0.4566095
-0.4573518
-0.4537330
-0.4465108
-0.4354713
-0.4205737
-0.4066218
-0.4004235
-0.4008186
-0.3979103
-0.3858602
-0.3709840
-0.3630504
-0.3624755
-0.3594950
-0.3435903
-0.3127295
-0.2761763
-0.2475663
-0.2312749
-0.2170942
-0.1933514
-0.1632273
-0.1416489
-0.1374045
-0.1451795
-0.1545481
-0.1600868
-0.1627076
-0.1671348
-0.1785609
-0.1973491
-0.2172160
-0.2314287
-0.2385243
-0.2393954
-0.2333912
-0.2216449
-0.2094867
-0.2001976
-0.1904264
-0.1770101
-0.1644343
-0.1601354
-0.1651511
-0.1734807
-0.1784021
-0.1778543
-0.1779164
-0.1920111
-0.2300059
-0.2848264
-0.3348478
-0.3617524
-0.3616765
-0.3396692
-0.3020576
-0.2569434
-0.2140921
-0.1788290
-0.1489087
-0.1187288
-0.0837822
-0.0428060
-0.0006308
0.0335355
0.0570982
0.0806840
0.1159419
0.1586150
0.1924260
0.2100538
0.2231599
0.2500339
0.2961119
0.3445773
0.3638434
0.3305556
0.2520474
0.1628762
0.0940906
0.0491299
0.0123543
-0.0268007
-0.0649728
-0.0937804
-0.1094324
-0.1159902
-0.1235009
-0.1395086
-0.1597427
-0.1719037
-0.1705029
-0.1621594
-0.1551037
-0.1509401
-0.1485948
-0.1482901
-0.1486136
-0.1463860
-0.1415312
-0.1359878
-0.1274402
-0.1112131
-0.0883986
-0.0646260
-0.0409068
-0.0131238
0.0198493
0.0546328
0.0887563
0.1205626
0.1454690
0.1592530
0.1630563
0.1593364
0.1470373
0.1277754
0.1120281
0.1104471
0.1214073
0.1333996
0.1365580
0.1273365
0.1074478
0.0837366
0.0637991
0.0473089
0.0277964
0.0058391
-0.0088634
-0.0131642
-0.0177804
-0.0316521
-0.0478108
-0.0538229
-0.0516929
-0.0602299
-0.0974605
-0.1590830
-0.2096868
-0.1997960
-0.1029947
0.0622718
0.2528053
0.4354101
0.5893845
0.6830939
0.6742912
0.5462378
0.3345844
0.1101051
-0.0653145
-0.1712994
-0.2293914
-0.2739579
-0.3188495
-0.3534489
-0.3697618
-0.3801079
-0.3999391
-0.4255817
-0.4426022
-0.4486982
-0.4549946
-0.4690689
-0.4876954
-0.5035457
-0.5117900
-0.5140615
-0.5203917
-0.5406533
-0.5705874
-0.5951610
-0.6091170
-0.6233517
-0.6466874
-0.6729106
-0.6910929
-0.6978828
-0.6946763
-0.6828732
-0.6660599
-0.6476232
-0.6243946
-0.5925767
-0.5599136
-0.5402876
-0.5359386
-0.5360535
-0.5315857
-0.5197984
-0.4970484
-0.4610074
-0.4190149
-0.3819470
-0.3512304
-0.3220557
-0.2949794
-0.2732178
-0.2536429
-0.2315813
-0.2089008
-0.1874437
-0.1621231
-0.1305730
-0.1004775
-0.0767180
-0.0510275
-0.0152115
0.0252424
0.0610138
0.0922737
0.1227825
0.1511249
0.1763079
0.2018144
0.2276758
0.2494517
0.2686827
0.2904537
0.3075049
0.3031965
0.2748553
0.2385954
0.2075801
0.1812905
0.1579754
0.1399560
0.1239196
0.1026968
0.0785941
0.0597000
0.0436794
0.0209304
-0.0083647
-0.0357233
-0.0585999
-0.0780548
-0.0893848
-0.0915602
-0.0974864
-0.1174039
-0.1409883
-0.1528748
-0.1554208
-0.1589239
-0.1611064
-0.1541776
-0.1408194
-0.1266120
-0.1082511
-0.0831934
-0.0571798
-0.0300298
0.0094940
0.0630864
0.1153199
0.1568289
0.1948547
0.2318563
0.2569561
0.2684636
0.2811678
0.3020962
0.3228335
0.3427579
0.3739969
0.4165677
0.4542949
0.4806736
0.5038490
0.5239665
0.5311748
0.5252527
0.5118517
0.4852391
0.4425675
0.4047398
0.3901240
0.3782370
0.3351097
0.2652060
0.2037054
0.1682706
0.1518680
0.1494981
0.1579149
0.1627393
0.1562493
0.1510133
0.1514765
0.1395672
0.1146500
0.1119963
0.1495615
0.1934631
0.2092128
0.2080220
0.2104451
0.2080294
0.1942988
0.1880697
0.1940651
0.1878941
0.1672266
0.1643952
0.1843558
0.1900577
0.1698158
0.1525490
0.1421887
0.1169384
0.1059690
0.1719330
0.2996765
0.4037974
0.4622566
0.5302585
0.6110449
0.6458919
0.6466495
0.6863214
0.7407031
0.7172887
0.6657265
0.7380323
0.8754807
0.7876039
0.3777728
