-0.1741753
-0.1714240
-0.1439582
-0.1310163
-0.1380606
-0.1416518
-0.1330920
-0.1243838
-0.1198253
-0.1119569
-0.1018429
-0.0972033
-0.0924192
-0.0743119
-0.0477870
-0.0334885
-0.0365237
-0.0362872
-0.0144853
0.0183307
0.0311038
0.0042187
-0.0460392
-0.0737980
-0.0437339
0.0270817
0.0759646
0.0546449
-0.0219043
-0.0950255
-0.1239580
-0.1172614
-0.1092034
-0.1200005
-0.1415019
-0.1524047
-0.1422335
-0.1216593
-0.1099973
-0.1140967
-0.1238164
-0.1276055
-0.1249841
-0.1215527
-0.1198668
-0.1200769
-0.1230512
-0.1269035
-0.1246042
-0.1105865
-0.0881114
-0.0672771
-0.0571532
-0.0601252
-0.0706326
-0.0790470
-0.0803236
-0.0787907
-0.0807207
-0.0834758
-0.0778860
-0.0616606
-0.0442906
-0.0363300
-0.0379880
-0.0407961
-0.0382537
-0.0331045
-0.0344607
-0.0469768
-0.0625901
-0.0663268
-0.0527936
-0.0336184
-0.0249854
-0.0307597
-0.0420509
-0.0503370
-0.0549605
-0.0584345
-0.0606151
-0.0603374
-0.0600259
-0.0647798
-0.0744819
-0.0771650
-0.0553466
-0.0057269
0.0472678
0.0650457
0.0278080
-0.0466187
-0.1179675
-0.1554630
-0.1554029
-0.1341595
-0.1103655
-0.0932572
-0.0829595
-0.0772618
-0.0754535
-0.0759039
-0.0739752
-0.0662650
-0.0556999
-0.0485833
-0.0466445
-0.0452397
-0.0396833
-0.0305684
-0.0223888
-0.0190913
-0.0211556
-0.0251754
-0.0263792
-0.0231832
-0.0188818
-0.0174385
-0.0185197
-0.0184575
-0.0153002
-0.0110176
-0.0090759
-0.0111666
-0.0159909
-0.0206160
-0.0236839
-0.0271613
-0.0332128
-0.0395374
-0.0408057
-0.0357108
-0.0295543
-0.0279619
-0.0305948
-0.0334174
-0.0349204
-0.0365521
-0.0371635
-0.0302869
-0.0098411
0.0203472
0.0439083
0.0423612
0.0113797
-0.0335024
-0.0691637
-0.0828234
-0.0777934
-0.0651685
-0.0542209
-0.0495866
-0.0516602
-0.0563600
-0.0569197
-0.0493823
-0.0368846
-0.0273209
-0.0258767
-0.0297079
-0.0308087
-0.0251908
-0.0183053
-0.0188353
-0.0270594
-0.0329329
-0.0277536
-0.0148883
-0.0057017
-0.0063592
-0.0122904
-0.0157883
-0.0156894
-0.0172193
-0.0232448
-0.0286363
-0.0258449
-0.0157359
-0.0091069
-0.0142257
-0.0248275
-0.0254386
-0.0096088
0.0113000
0.0204321
0.0146171
0.0084178
0.0192973
0.0505170
0.0889958
0.1187185
0.1346710
0.1429622
0.1489270
0.1487111
0.1345229
0.1061540
0.0743679
0.0528863
0.0482705
0.0564839
0.0668672
0.0695073
0.0611203
0.0451677
0.0260695
0.0035942
-0.0260497
-0.0632719
-0.0999393
-0.1225390
-0.1227291
-0.1062493
-0.0895609
-0.0841743
-0.0845440
-0.0761230
-0.0574576
-0.0487050
-0.0698250
-0.1077919
-0.1108217
-0.0228592
0.1720204
0.4394936
0.7289191
1.0128659
1.2864121
1.5276105
1.6713398
1.6402945
1.4125865
1.0581868
0.7024672
0.4460412
0.3094363
0.2429060
0.1819217
0.0965191
-0.0000836
-0.0771989
-0.1160450
-0.1203704
-0.1087289
-0.1007955
-0.1069784
-0.1248810
-0.1437166
-0.1538291
-0.1536858
-0.1488052
-0.1453653
-0.1453080
-0.1460300
-0.1433898
-0.1358615
-0.1270264
-0.1232156
-0.1271480
-0.1341267
-0.1361001
-0.1302185
-0.1227475
-0.1234422
-0.1352737
-0.1499036
-0.1546183
-0.1446908
-0.1281774
-0.1176009
-0.1178261
-0.1233571
-0.1261774
-0.1235061
-0.1178381
-0.1122939
-0.1076943
-0.1029101
-0.0963168
-0.0869292
-0.0751037
-0.0627600
-0.0530594
-0.0493354
-0.0529267
-0.0608751
-0.0660812
-0.0611405
-0.0434339
-0.0176503
0.0062602
0.0192872
0.0205598
0.0194253
0.0281838
0.0505283
0.0775993
0.0967662
0.1039415
0.1062986
0.1135456
0.1280426
0.1436584
0.1531583
0.1557745
0.1574837
0.1643951
0.1764868
0.1877431
0.1914841
0.1853749
0.1730380
0.1624900
0.1616489
0.1720192
0.1854649
0.1889539
0.1745267
0.1452090
0.1114684
0.0826589
0.0619467
0.0481186
0.0403054
0.0394461
0.0449394
0.0516237
0.0528606
0.0475976
0.0423053
0.0435394
0.0490966
0.0491224
0.0373949
0.0205490
0.0140657
0.0274030
0.0527427
0.0700260
0.0653370
0.0446689
0.0278827
0.0282700
0.0395096
0.0441361
0.0339117
0.0197837
0.0208481
0.0438768
0.0743229
0.0880211
0.0723262
0.0363751
0.0016089
-0.0165217
-0.0178781
-0.0121255
-0.0075533
-0.0054281
-0.0023098
0.0044681
0.0133753
0.0194827
0.0182810
0.0090417
-0.0050501
-0.0193149
-0.0296995
-0.0332836
-0.0284105
-0.0159453
-0.0011459
0.0067178
-0.0001857
-0.0199065
-0.0383181
-0.0396659
-0.0231945
-0.0076937
-0.0147925
-0.0454294
-0.0749312
-0.0749005
-0.0416237
-0.0020448
0.0100445
-0.0152987
-0.0567954
-0.0840044
-0.0847874
-0.0707869
-0.0595350
-0.0561005
-0.0530721
-0.0441021
-0.0327827
-0.0278330
-0.0324789
-0.0408521
-0.0445749
-0.0411973
-0.0352854
-0.0323953
-0.0339465
-0.0379412
-0.0420304
-0.0439839
-0.0410476
-0.0323549
-0.0224763
-0.0195383
-0.0272933
-0.0398833
-0.0469488
-0.0446431
-0.0396420
-0.0402395
-0.0446495
-0.0421825
-0.0281730
-0.0141757
-0.0173013
-0.0383353
-0.0560565
-0.0486876
-0.0197549
0.0027355
-0.0049028
-0.0368777
-0.0643979
-0.0659703
-0.0476426
-0.0323733
-0.0333449
-0.0424268
-0.0444215
-0.0368728
-0.0314424
-0.0379281
-0.0522673
-0.0617713
-0.0588654
-0.0472203
-0.0361707
-0.0319748
-0.0342520
-0.0381902
-0.0387994
-0.0345750
-0.0293627
-0.0306143
-0.0430690
-0.0619069
-0.0735794
-0.0672583
-0.0470449
-0.0303125
-0.0309728
-0.0448433
-0.0541379
-0.0469423
-0.0298386
-0.0191833
-0.0208672
-0.0219103
-0.0044271
0.0328729
0.0701766
0.0855494
0.0773083
0.0651171
0.0687201
0.0878021
0.1039365
0.1005815
0.0790906
0.0556405
0.0446581
0.0460698
0.0472858
0.0357892
0.0097305
-0.0218315
-0.0471440
-0.0606179
-0.0659322
-0.0716158
-0.0822074
-0.0925387
-0.0924075
-0.0793935
-0.0659101
-0.0687755
-0.0888073
-0.1038365
-0.0887680
-0.0463151
-0.0140150
-0.0317355
-0.0954437
-0.1441981
-0.0998908
0.0737223
0.3481961
0.6626340
0.9724050
1.2617008
1.5125672
1.6753511
1.6847510
1.5128627
1.2055620
0.8616973
0.5714791
0.3693423
0.2374614
0.1439067
0.0722241
0.0206666
-0.0134844
-0.0395397
-0.0648760
-0.0873542
-0.0995538
-0.0990657
-0.0924420
-0.0892256
-0.0936807
-0.1027525
-0.1106930
-0.1143579
-0.1146108
-0.1143047
-0.1153509
-0.1165464
-0.1137728
-0.1038334
-0.0894312
-0.0791866
-0.0803409
-0.0908281
-0.1001174
-0.0993034
-0.0901506
-0.0831455
-0.0861854
-0.0958093
-0.1006422
-0.0937624
-0.0805214
-0.0727721
-0.0756781
-0.0820818
-0.0808684
-0.0695896
-0.0569209
-0.0525392
-0.0562957
-0.0588826
-0.0527784
-0.0405146
-0.0306671
-0.0268471
-0.0237087
-0.0151236
-0.0035333
0.0028692
0.0027444
0.0076116
0.0313772
0.0734251
0.1144685
0.1315302
0.1180161
0.0892720
0.0688392
0.0695738
0.0870203
0.1080744
0.1232580
0.1312960
0.1360220
0.1423277
0.1541887
0.1727280
0.1938048
0.2086480
0.2096594
0.1972310
0.1803442
0.1688611
0.1643649
0.1592704
0.1459269
0.1260685
0.1096312
0.1037785
0.1047103
0.1020097
0.0906674
0.0766956
0.0693701
0.0686840
0.0630390
0.0415329
0.0081770
-0.0187702
-0.0237942
-0.0099931
0.0037539
0.0017261
-0.0138175
-0.0270498
-0.0260657
-0.0142721
-0.0048962
-0.0064625
-0.0153329
-0.0218845
-0.0216608
-0.0188219
-0.0195364
-0.0243497
-0.0280986
-0.0261716
-0.0195105
-0.0136614
-0.0136854
-0.0197273
-0.0267579
-0.0288282
-0.0246163
-0.0192317
-0.0198582
-0.0287341
-0.0403545
-0.0462952
-0.0434480
-0.0372924
-0.0361997
-0.0422920
-0.0489803
-0.0485208
-0.0412855
-0.0358472
-0.0394933
-0.0500599
-0.0583654
-0.0582859
-0.0532698
-0.0525557
-0.0614723
-0.0758476
-0.0857498
-0.0843547
-0.0734227
-0.0612084
-0.0559258
-0.0605135
-0.0716477
-0.0826167
-0.0882149
-0.0886858
-0.0892284
-0.0945733
-0.1035040
-0.1094261
-0.1071059
-0.0985887
-0.0915619
-0.0914491
-0.0957625
-0.0973742
-0.0935135
-0.0900314
-0.0950179
-0.1083409
-0.1195702
-0.1179505
-0.1041482
-0.0907637
-0.0904315
-0.1034895
-0.1176763
-0.1201513
-0.1098895
-0.0982434
-0.0973314
-0.1080372
-0.1194507
-0.1197724
-0.1075742
-0.0928425
-0.0876014
-0.0953305
-0.1087350
-0.1173535
-0.1173781
-0.1141169
-0.1150164
-0.1209391
-0.1250960
-0.1206078
-0.1083646
-0.0967514
-0.0935986
-0.0988474
-0.1054919
-0.1074369
-0.1054398
-0.1046916
-0.1074885
-0.1102017
-0.1081213
-0.1017424
-0.0964460
-0.0961497
-0.0990412
-0.1005510
-0.0994472
-0.0990764
-0.1019931
-0.1048747
-0.1008776
-0.0874780
-0.0703339
-0.0578065
-0.0521167
-0.0473734
-0.0362767
-0.0171511
0.0061101
0.0289771
0.0487920
0.0627484
0.0663631
0.0565493
0.0360921
0.0129875
-0.0060615
-0.0208993
-0.0357776
-0.0529356
-0.0703541
-0.0858428
-0.1003775
-0.1150800
-0.1267683
-0.1306839
-0.1287288
-0.1312017
-0.1461287
-0.1675011
-0.1789775
-0.1722199
-0.1583321
-0.1553061
-0.1638303
-0.1631050
-0.1379070
-0.1066680
-0.1099536
-0.1609452
-0.2098215
-0.1689634
0.0171222
0.3252548
0.6769143
1.0035216
1.2824228
1.5102620
1.6555684
1.6566469
1.4757152
1.1508229
0.7849881
0.4787973
0.2708707
0.1371066
0.0364297
-0.0492384
-0.1134356
-0.1486234
-0.1618991
-0.1694220
-0.1822286
-0.2000749
-0.2158260
-0.2227844
-0.2196122
-0.2120448
-0.2100195
-0.2194382
-0.2346639
-0.2417097
-0.2323611
-0.2147602
-0.2066627
-0.2168285
-0.2353646
-0.2448093
-0.2395978
-0.2313314
-0.2339249
-0.2465582
-0.2547324
-0.2477796
-0.2315844
-0.2216654
-0.2257031
-0.2364414
-0.2420364
-0.2398750
-0.2374545
-0.2411024
-0.2475789
-0.2484457
-0.2408048
-0.2309126
-0.2266861
-0.2286337
-0.2300111
-0.2253444
-0.2166320
-0.2101970
-0.2088386
-0.2088219
-0.2043442
-0.1932788
-0.1779068
-0.1613694
-0.1450402
-0.1293152
-0.1152972
-0.1042077
-0.0953017
-0.0857751
-0.0736123
-0.0598431
-0.0468653
-0.0348017
-0.0210433
-0.0041036
0.0132251
0.0260180
0.0324164
0.0354519
0.0392125
0.0441855
0.0475712
0.0479455
0.0479304
0.0508865
0.0555120
0.0556756
0.0467202
0.0309690
0.0153859
0.0038114
-0.0068600
-0.0218344
-0.0408345
-0.0571785
-0.0649565
-0.0659379
-0.0678835
-0.0759359
-0.0871221
-0.0945823
-0.0964343
-0.0981958
-0.1053514
-0.1151443
-0.1183507
-0.1098681
-0.0957214
-0.0875534
-0.0902219
-0.0966772
-0.0964129
-0.0880185
-0.0809968
-0.0840711
-0.0934291
-0.0953804
-0.0814645
-0.0589686
-0.0443126
-0.0461529
-0.0568780
-0.0617038
-0.0548063
-0.0444060
-0.0417311
-0.0472842
-0.0505490
-0.0431341
-0.0293218
-0.0212303
-0.0244942
-0.0318652
-0.0324559
-0.0253310
-0.0208767
-0.0280419
-0.0425322
-0.0502363
-0.0425182
-0.0260523
-0.0159048
-0.0196848
-0.0305783
-0.0363894
-0.0332610
-0.0283006
-0.0293253
-0.0349250
-0.0365538
-0.0293714
-0.0184225
-0.0128868
-0.0155440
-0.0201152
-0.0194722
-0.0145561
-0.0130442
-0.0193618
-0.0282953
-0.0302229
-0.0220315
-0.0109477
-0.0067297
-0.0110475
-0.0160274
-0.0135547
-0.0048502
0.0005170
-0.0047392
-0.0170822
-0.0252407
-0.0216827
-0.0101548
-0.0014495
-0.0022683
-0.0090568
-0.0129413
-0.0099562
-0.0052745
-0.0068365
-0.0155755
-0.0234650
-0.0219751
-0.0115683
-0.0014332
0.0002329
-0.0057492
-0.0121379
-0.0147670
-0.0171208
-0.0243336
-0.0342380
-0.0374334
-0.0277635
-0.0111922
-0.0015156
-0.0063887
-0.0192290
-0.0266031
-0.0230348
-0.0165268
-0.0186989
-0.0309394
-0.0422847
-0.0413176
-0.0286766
-0.0163540
-0.0149033
-0.0229366
-0.0301164
-0.0293719
-0.0241769
-0.0232281
-0.0295175
-0.0366840
-0.0365918
-0.0290641
-0.0223461
-0.0236529
-0.0308225
-0.0351353
-0.0323245
-0.0285535
-0.0333204
-0.0467421
-0.0563980
-0.0489331
-0.0246278
0.0013161
0.0131524
0.0098427
0.0051246
0.0127263
0.0330316
0.0552034
0.0709353
0.0831700
0.0999178
0.1213198
0.1360433
0.1319486
0.1091432
0.0805979
0.0595846
0.0478944
0.0373094
0.0211854
0.0017842
-0.0146199
-0.0271187
-0.0411576
-0.0601292
-0.0796307
-0.0929475
-0.1005333
-0.1097485
-0.1239435
-0.1356459
-0.1348205
-0.1227156
-0.1119527
-0.1104518
-0.1104486
-0.1006149
-0.0881410
-0.0980891
-0.1405926
-0.1795975
-0.1447864
0.0160329
0.2944891
0.6317489
0.9662261
1.2642056
1.5044250
1.6471835
1.6385006
1.4552938
1.1428773
0.7983049
0.5102331
0.3111535
0.1810462
0.0867980
0.0125281
-0.0417245
-0.0767207
-0.1003251
-0.1196350
-0.1345759
-0.1425696
-0.1460751
-0.1512181
-0.1594645
-0.1647782
-0.1613881
-0.1525589
-0.1486293
-0.1559518
-0.1698987
-0.1802615
-0.1824791
-0.1815188
-0.1844101
-0.1909062
-0.1935778
-0.1871299
-0.1756815
-0.1691439
-0.1727349
-0.1817589
-0.1874825
-0.1868913
-0.1849273
-0.1871666
-0.1922033
-0.1928616
-0.1845599
-0.1708891
-0.1601159
-0.1568901
-0.1584016
-0.1585078
-0.1544006
-0.1485112
-0.1445976
-0.1431818
-0.1410424
-0.1343920
-0.1220646
-0.1060912
-0.0898491
-0.0755961
-0.0632391
-0.0512228
-0.0387310
-0.0269297
-0.0175637
-0.0100595
-0.0005491
0.0151934
0.0372159
0.0600502
0.0766351
0.0841025
0.0858779
0.0882686
0.0951328
0.1055190
0.1156726
0.1228770
0.1277486
0.1333734
0.1420531
0.1523354
0.1593729
0.1591274
0.1526765
0.1455675
0.1418555
0.1390304
0.1303110
0.1128304
0.0926046
0.0797006
0.0780058
0.0807844
0.0771694
0.0626142
0.0423828
0.0255051
0.0166468
0.0137304
0.0115691
0.0064653
-0.0016900
-0.0097383
-0.0133229
-0.0104352
-0.0042587
-0.0015527
-0.0063905
-0.0153725
-0.0206719
-0.0186667
-0.0141774
-0.0144588
-0.0196416
-0.0216533
-0.0138282
0.0001053
0.0089594
0.0060506
-0.0036780
-0.0095049
-0.0066627
-0.0006060
0.0001459
-0.0064083
-0.0143130
-0.0167659
-0.0130526
-0.0082019
-0.0070562
-0.0098351
-0.0133181
-0.0152551
-0.0168610
-0.0211312
-0.0292162
-0.0386724
-0.0451749
-0.0459213
-0.0416641
-0.0359345
-0.0325562
-0.0334680
-0.0379467
-0.0432659
-0.0465311
-0.0469287
-0.0465933
-0.0485840
-0.0532612
-0.0569794
-0.0553537
-0.0481062
-0.0398427
-0.0352878
-0.0342689
-0.0325940
-0.0280569
-0.0242849
-0.0273772
-0.0389161
-0.0533704
-0.0627420
-0.0631192
-0.0565142
-0.0476109
-0.0402821
-0.0369678
-0.0391082
-0.0460822
-0.0539875
-0.0576164
-0.0552758
-0.0512422
-0.0518188
-0.0581174
-0.0635743
-0.0600771
-0.0470325
-0.0334507
-0.0298528
-0.0378989
-0.0487692
-0.0523323
-0.0474029
-0.0420536
-0.0439105
-0.0515051
-0.0563304
-0.0528334
-0.0445959
-0.0398126
-0.0418405
-0.0459665
-0.0456973
-0.0407273
-0.0374192
-0.0417478
-0.0528224
-0.0634879
-0.0665082
-0.0600273
-0.0482354
-0.0379894
-0.0343874
-0.0378120
-0.0440093
-0.0475268
-0.0463639
-0.0437601
-0.0448694
-0.0511082
-0.0579088
-0.0585597
-0.0506161
-0.0386733
-0.0308317
-0.0320644
-0.0402514
-0.0481536
-0.0496690
-0.0451430
-0.0408844
-0.0427127
-0.0492775
-0.0523011
-0.0447379
-0.0290615
-0.0163445
-0.0159418
-0.0262493
-0.0365707
-0.0380660
-0.0316893
-0.0248776
-0.0219072
-0.0194865
-0.0118259
0.0021328
0.0181911
0.0326566
0.0464454
0.0628555
0.0828144
0.1035878
0.1211577
0.1319279
0.1322725
0.1192630
0.0943878
0.0659342
0.0447275
0.0354708
0.0327169
0.0265677
0.0121638
-0.0073801
-0.0267867
-0.0449064
-0.0637634
-0.0829325
-0.0978417
-0.1046054
-0.1048452
-0.1042470
-0.1071182
-0.1134511
-0.1199630
-0.1215288
-0.1125369
-0.0920830
-0.0713220
-0.0710438
-0.1016054
-0.1394163
-0.1285625
-0.0168901
0.2031497
0.4907405
0.7946820
1.0896697
1.3680623
1.5990562
1.7123676
1.6404718
1.3838538
1.0290631
0.6938995
0.4495655
0.2913319
0.1753640
0.0734974
-0.0090510
-0.0578219
-0.0761854
-0.0843072
-0.0980705
-0.1162067
-0.1278363
-0.1275243
-0.1206374
-0.1165967
-0.1198855
-0.1272529
-0.1317101
-0.1291845
-0.1228894
-0.1214433
-0.1307846
-0.1465618
-0.1558127
-0.1485891
-0.1284990
-0.1103115
-0.1061524
-0.1147090
-0.1245570
-0.1268011
-0.1226866
-0.1192748
-0.1202892
-0.1229430
-0.1225821
-0.1180896
-0.1121891
-0.1080408
-0.1068107
-0.1077456
-0.1088645
-0.1073159
-0.1008126
-0.0904142
-0.0814351
-0.0793840
-0.0834542
-0.0848156
-0.0736429
-0.0493569
-0.0233625
-0.0098121
-0.0123763
-0.0203798
-0.0190148
-0.0037028
0.0162480
0.0284836
0.0311231
0.0343499
0.0488763
0.0744271
0.1004473
0.1169810
0.1231641
0.1252738
0.1287005
0.1335298
0.1371362
0.1387513
0.1403321
0.1439519
0.1497501
0.1563241
0.1618954
0.1646816
0.1631984
0.1572940
0.1486608
0.1394078
0.1299598
0.1190223
0.1058852
0.0920743
0.0799654
0.0698845
0.0594075
0.0461523
0.0311553
0.0188222
0.0128447
0.0119124
0.0098401
0.0007482
-0.0151649
-0.0308857
-0.0382101
-0.0349925
-0.0272715
-0.0239991
-0.0292300
-0.0392480
-0.0471090
-0.0495003
-0.0489119
-0.0497667
-0.0535318
-0.0578441
-0.0594225
-0.0568899
-0.0511292
-0.0441736
-0.0383895
-0.0359392
-0.0376347
-0.0417742
-0.0448910
-0.0447874
-0.0430074
-0.0434090
-0.0475291
-0.0518317
-0.0508348
-0.0436103
-0.0363642
-0.0370487
-0.0467499
-0.0573735
-0.0595092
-0.0530851
-0.0488817
-0.0577548
-0.0782553
-0.0964271
-0.0989481
-0.0859622
-0.0701600
-0.0639223
-0.0688851
-0.0779945
-0.0852648
-0.0910436
-0.0981107
-0.1055447
-0.1086705
-0.1044596
-0.0950270
-0.0853715
-0.0790969
-0.0770930
-0.0788424
-0.0829821
-0.0868997
-0.0881384
-0.0874952
-0.0893791
-0.0970926
-0.1076974
-0.1132503
-0.1083072
-0.0957461
-0.0842437
-0.0800467
-0.0819289
-0.0842111
-0.0836333
-0.0824125
-0.0850316
-0.0930339
-0.1030048
-0.1089039
-0.1064896
-0.0968774
-0.0866893
-0.0836065
-0.0897438
-0.0988232
-0.1012443
-0.0934064
-0.0819658
-0.0777927
-0.0851384
-0.0971950
-0.1028446
-0.0975139
-0.0868858
-0.0803733
-0.0821814
-0.0890843
-0.0953804
-0.0981235
-0.0977051
-0.0955643
-0.0929348
-0.0909602
-0.0900824
-0.0889524
-0.0855238
-0.0804065
-0.0780244
-0.0821874
-0.0900394
-0.0927278
-0.0846600
-0.0717159
-0.0672065
-0.0776100
-0.0936867
-0.0986420
-0.0859148
-0.0669990
-0.0598865
-0.0703427
-0.0864029
-0.0917577
-0.0829066
-0.0714419
-0.0699496
-0.0780152
-0.0837167
-0.0779363
-0.0648316
-0.0571045
-0.0620579
-0.0739074
-0.0799621
-0.0731977
-0.0579841
-0.0441667
-0.0369798
-0.0332132
-0.0258224
-0.0102733
0.0136703
0.0436032
0.0748492
0.0993700
0.1078737
0.0964499
0.0713394
0.0448351
0.0248011
0.0088234
-0.0100808
-0.0326675
-0.0508750
-0.0574921
-0.0567838
-0.0622557
-0.0825672
-0.1114702
-0.1338095
-0.1410060
-0.1385931
-0.1382916
-0.1450495
-0.1536215
-0.1561303
-0.1495238
-0.1352260
-0.1158723
-0.0970410
-0.0907383
-0.1090987
-0.1469176
-0.1700828
-0.1278174
0.0166181
0.2634832
0.5810750
0.9265321
1.2573120
1.5255729
1.6748799
1.6591292
1.4747116
1.1739922
0.8411663
0.5478598
0.3247695
0.1669964
0.0576905
-0.0161810
-0.0641813
-0.0970319
-0.1244332
-0.1494400
-0.1688530
-0.1803028
-0.1871884
-0.1953828
-0.2061565
-0.2142646
-0.2136233
-0.2041531
-0.1925668
-0.1868905
-0.1904461
-0.2001389
-0.2092841
-0.2124280
-0.2093255
-0.2053593
-0.2070235
-0.2153117
-0.2235724
-0.2235482
-0.2146023
-0.2060335
-0.2084048
-0.2219718
-0.2350715
-0.2357361
-0.2248880
-0.2161593
-0.2212277
-0.2362201
-0.2446816
-0.2346268
-0.2113770
-0.1924417
-0.1902708
-0.2011103
-0.2105058
-0.2080751
-0.1957960
-0.1828434
-0.1747028
-0.1687646
-0.1595759
-0.1461163
-0.1328217
-0.1243853
-0.1208553
-0.1179129
-0.1112423
-0.1004014
-0.0886968
-0.0792752
-0.0711556
-0.0595206
-0.0408271
-0.0178810
0.0011234
0.0099168
0.0108146
0.0131117
0.0237700
0.0399122
0.0518491
0.0540446
0.0517185
0.0549667
0.0667572
0.0787988
0.0802350
0.0690816
0.0534995
0.0422634
0.0358572
0.0277214
0.0129223
-0.0061826
-0.0229324
-0.0334236
-0.0395527
-0.0459134
-0.0552674
-0.0670754
-0.0787081
-0.0869813
-0.0897459
-0.0879659
-0.0862803
-0.0896295
-0.0980262
-0.1054297
-0.1053617
-0.0980583
-0.0910797
-0.0918448
-0.0997778
-0.1069453
-0.1069067
-0.1018621
-0.0996461
-0.1038463
-0.1086880
-0.1050111
-0.0907662
-0.0742012
-0.0661134
-0.0694237
-0.0768672
-0.0787897
-0.0727019
-0.0649234
-0.0632461
-0.0687474
-0.0750676
-0.0751069
-0.0677694
-0.0584096
-0.0534778
-0.0548922
-0.0590369
-0.0608398
-0.0589868
-0.0572453
-0.0603607
-0.0684281
-0.0756395
-0.0752757
-0.0664693
-0.0560155
-0.0528216
-0.0597175
-0.0705434
-0.0758614
-0.0719662
-0.0640880
-0.0605537
-0.0641845
-0.0698174
-0.0699902
-0.0625215
-0.0524857
-0.0471461
-0.0491894
-0.0548842
-0.0586637
-0.0590537
-0.0595464
-0.0636048
-0.0695249
-0.0711328
-0.0640084
-0.0509005
-0.0404057
-0.0394881
-0.0468866
-0.0542739
-0.0544710
-0.0484229
-0.0436386
-0.0459186
-0.0532683
-0.0581003
-0.0549087
-0.0455019
-0.0370309
-0.0351923
-0.0392134
-0.0432283
-0.0425033
-0.0382949
-0.0364800
-0.0412645
-0.0501779
-0.0554898
-0.0511967
-0.0391692
-0.0281265
-0.0256743
-0.0310923
-0.0365989
-0.0359862
-0.0311687
-0.0294053
-0.0345108
-0.0419409
-0.0430023
-0.0335796
-0.0184517
-0.0071524
-0.0056558
-0.0117888
-0.0181892
-0.0193185
-0.0157809
-0.0125654
-0.0136152
-0.0178725
-0.0202135
-0.0164551
-0.0078215
-0.0001823
0.0016150
-0.0017080
-0.0056536
-0.0077323
-0.0097520
-0.0135661
-0.0160014
-0.0103963
0.0058817
0.0267123
0.0419821
0.0477323
0.0504844
0.0603175
0.0801692
0.1033764
0.1215368
0.1325358
0.1394752
0.1434943
0.1407363
0.1272810
0.1052819
0.0824511
0.0655705
0.0554188
0.0478398
0.0382621
0.0243120
0.0054860
-0.0170121
-0.0392981
-0.0559846
-0.0648717
-0.0699634
-0.0773628
-0.0877935
-0.0957282
-0.0974036
-0.0970854
-0.1015159
-0.1084741
-0.1062189
-0.0890500
-0.0713290
-0.0775265
-0.1109497
-0.1331179
-0.0819632
0.0822766
0.3469373
0.6612915
0.9760640
1.2631417
1.4982144
1.6369692
1.6253910
1.4435884
1.1382744
0.8042496
0.5262334
0.3331108
0.2025472
0.1020715
0.0208554
-0.0341296
-0.0613206
-0.0747669
-0.0915340
-0.1149698
-0.1341269
-0.1382516
-0.1289833
-0.1182182
-0.1163928
-0.1243609
-0.1353892
-0.1426413
-0.1443202
-0.1436419
-0.1455331
-0.1524332
-0.1613968
-0.1654203
-0.1596077
-0.1470099
-0.1371813
-0.1374911
-0.1458227
-0.1526120
-0.1503408
-0.1407151
-0.1324108
-0.1321650
-0.1385061
-0.1439832
-0.1425756
-0.1343609
-0.1239426
-0.1160526
-0.1128468
-0.1135532
-0.1151536
-0.1141141
-0.1091733
-0.1027550
-0.0985166
-0.0968300
-0.0933191
-0.0828842
-0.0654661
-0.0471876
-0.0348692
-0.0291713
-0.0238642
-0.0125103
0.0045797
0.0207996
0.0303270
0.0338473
0.0373956
0.0467141
0.0630802
0.0833535
0.1026879
0.1173101
0.1260907
0.1308351
0.1353861
0.1434128
0.1554785
0.1677381
0.1746635
0.1744091
0.1714040
0.1725436
0.1802392
0.1894416
0.1917592
0.1826744
0.1652285
0.1471774
0.1344614
0.1268735
0.1195435
0.1082567
0.0932665
0.0785633
0.0682759
0.0636175
0.0621607
0.0595149
0.0525216
0.0417936
0.0311682
0.0242944
0.0216625
0.0207907
0.0188323
0.0149647
0.0109315
0.0097055
0.0131076
0.0198951
0.0259877
0.0271863
0.0226398
0.0161598
0.0134327
0.0165193
0.0207985
0.0188889
0.0090146
-0.0012488
-0.0013882
0.0113235
0.0282445
0.0368134
0.0313065
0.0167326
0.0035203
-0.0010137
0.0028053
0.0088366
0.0104521
0.0050883
-0.0043613
-0.0116588
-0.0120419
-0.0069698
-0.0040712
-0.0103965
-0.0246550
-0.0373559
-0.0400626
-0.0341402
-0.0292087
-0.0328954
-0.0429520
-0.0498719
-0.0469712
-0.0374930
-0.0315675
-0.0361732
-0.0483144
-0.0581684
-0.0586183
-0.0515690
-0.0455928
-0.0479915
-0.0584838
-0.0693701
-0.0717541
-0.0628474
-0.0483373
-0.0378303
-0.0375243
-0.0463340
-0.0578598
-0.0656284
-0.0674126
-0.0657983
-0.0648072
-0.0655617
-0.0653275
-0.0610998
-0.0537625
-0.0480367
-0.0481758
-0.0538761
-0.0603730
-0.0626166
-0.0598059
-0.0560835
-0.0564669
-0.0618300
-0.0679874
-0.0697005
-0.0654401
-0.0585665
-0.0543825
-0.0557073
-0.0604432
-0.0634850
-0.0619017
-0.0583940
-0.0587347
-0.0653401
-0.0739803
-0.0773723
-0.0719004
-0.0608568
-0.0515786
-0.0494289
-0.0537962
-0.0592659
-0.0606907
-0.0576020
-0.0542747
-0.0557244
-0.0629559
-0.0711061
-0.0725831
-0.0638782
-0.0502889
-0.0425886
-0.0472383
-0.0598945
-0.0696164
-0.0695645
-0.0629447
-0.0586734
-0.0621611
-0.0705751
-0.0763462
-0.0745177
-0.0666380
-0.0582698
-0.0538066
-0.0539437
-0.0568605
-0.0603383
-0.0629802
-0.0648256
-0.0670581
-0.0700048
-0.0712357
-0.0671646
-0.0576635
-0.0482733
-0.0461276
-0.0527364
-0.0610261
-0.0606699
-0.0477976
-0.0297940
-0.0190763
-0.0205480
-0.0254212
-0.0188088
0.0060780
0.0416155
0.0731809
0.0917375
0.0988355
0.1004561
0.0979354
0.0865569
0.0631738
0.0333337
0.0086009
-0.0034134
-0.0049878
-0.0044349
-0.0085563
-0.0196219
-0.0368075
-0.0572369
-0.0761944
-0.0898354
-0.0993222
-0.1101719
-0.1249920
-0.1377463
-0.1387813
-0.1270097
-0.1136678
-0.1097144
-0.1114076
-0.1058830
-0.0936732
-0.0963480
-0.1289327
-0.1637322
-0.1343961
0.0120994
0.2682611
0.5774187
0.8897337
1.1934639
1.4816279
1.6984966
1.7454260
1.5603904
1.1919957
0.7814447
0.4613663
0.2699926
0.1587553
0.0683964
-0.0149865
-0.0717822
-0.0934187
-0.0989874
-0.1114862
-0.1322046
-0.1459725
-0.1456618
-0.1418369
-0.1470189
-0.1580770
-0.1604753
-0.1477087
-0.1302202
-0.1234487
-0.1309962
-0.1424099
-0.1456699
-0.1390284
-0.1308081
-0.1296203
-0.1356355
-0.1409259
-0.1377853
-0.1263929
-0.1142580
-0.1086609
-0.1101812
-0.1132453
-0.1121507
-0.1064269
-0.1006700
-0.0991308
-0.1005993
-0.0994441
-0.0919741
-0.0805516
-0.0704161
-0.0634124
-0.0563879
-0.0456478
-0.0318106
-0.0198638
-0.0145328
-0.0151451
-0.0148424
-0.0058619
0.0132736
0.0358692
0.0529309
0.0611796
0.0655691
0.0743378
0.0912064
0.1115317
0.1263539
0.1314286
0.1323027
0.1391505
0.1562397
0.1776322
0.1936407
0.2003208
0.2019872
0.2054984
0.2132574
0.2217645
0.2263719
0.2267681
0.2270813
0.2306478
0.2359794
0.2387073
0.2363346
0.2297456
0.2209463
0.2111092
0.2005902
0.1891146
0.1755317
0.1586120
0.1388877
0.1193898
0.1039825
0.0943465
0.0880756
0.0802037
0.0677401
0.0526381
0.0391162
0.0284232
0.0184601
0.0090073
0.0043776
0.0082346
0.0168103
0.0201560
0.0114000
-0.0058605
-0.0202589
-0.0232391
-0.0170212
-0.0115210
-0.0132786
-0.0187991
-0.0199176
-0.0141942
-0.0074676
-0.0063141
-0.0105553
-0.0143715
-0.0134847
-0.0099486
-0.0098186
-0.0162359
-0.0250584
-0.0284245
-0.0233501
-0.0156157
-0.0137124
-0.0196252
-0.0272131
-0.0296101
-0.0269244
-0.0261733
-0.0338314
-0.0482842
-0.0599551
-0.0601737
-0.0503292
-0.0409633
-0.0411424
-0.0499078
-0.0587965
-0.0612526
-0.0583385
-0.0562267
-0.0594450
-0.0664165
-0.0711562
-0.0695829
-0.0639272
-0.0601571
-0.0615774
-0.0663891
-0.0711928
-0.0748571
-0.0783843
-0.0824968
-0.0862403
-0.0874613
-0.0847604
-0.0797210
-0.0766347
-0.0786553
-0.0843710
-0.0892649
-0.0903239
-0.0883560
-0.0863886
-0.0867767
-0.0891325
-0.0900925
-0.0861619
-0.0781173
-0.0715929
-0.0716755
-0.0774618
-0.0833280
-0.0851741
-0.0842844
-0.0851981
-0.0902819
-0.0961354
-0.0958189
-0.0862047
-0.0731101
-0.0669363
-0.0722932
-0.0836123
-0.0918389
-0.0937023
-0.0932458
-0.0956531
-0.1010101
-0.1038957
-0.0989833
-0.0875637
-0.0777669
-0.0767914
-0.0834290
-0.0900585
-0.0915024
-0.0896333
-0.0892316
-0.0916198
-0.0932960
-0.0898724
-0.0811429
-0.0725836
-0.0707102
-0.0759251
-0.0814691
-0.0811140
-0.0763977
-0.0740360
-0.0772514
-0.0822024
-0.0829192
-0.0780050
-0.0720513
-0.0707245
-0.0740554
-0.0753129
-0.0687843
-0.0585909
-0.0562495
-0.0676065
-0.0847313
-0.0931458
-0.0858341
-0.0687136
-0.0537318
-0.0478489
-0.0475210
-0.0428443
-0.0276903
-0.0056419
0.0151000
0.0314504
0.0473086
0.0658484
0.0827692
0.0882302
0.0746997
0.0440566
0.0087622
-0.0158717
-0.0242015
-0.0250476
-0.0318427
-0.0489198
-0.0696914
-0.0862268
-0.0965446
-0.1032251
-0.1092236
-0.1161745
-0.1241664
-0.1317966
-0.1372653
-0.1398412
-0.1403176
-0.1402979
-0.1397782
-0.1342133
-0.1177222
-0.0949108
-0.0862818
-0.1092580
-0.1467875
-0.1421027
-0.0356945
0.1894030
0.4992135
0.8397668
1.1684413
1.4541244
1.6559525
1.7176165
1.5982568
1.3159183
0.9544333
0.6162710
0.3625978
0.1951930
0.0852478
0.0076545
-0.0492934
-0.0906211
-0.1197698
-0.1397189
-0.1542033
-0.1675816
-0.1822980
-0.1969695
-0.2065440
-0.2048360
-0.1909294
-0.1745747
-0.1697478
-0.1792623
-0.1911869
-0.1948491
-0.1941921
-0.1990897
-0.2090879
-0.2138226
-0.2069228
-0.1932192
-0.1836981
-0.1865713
-0.2000249
-0.2116845
-0.2104342
-0.2005272
-0.1970698
-0.2057389
-0.2157599
-0.2157218
-0.2065701
-0.1952899
-0.1860045
-0.1818770
-0.1859280
-0.1952271
-0.2026915
-0.2065194
-0.2082207
-0.2027195
-0.1848587
-0.1647730
-0.1586182
-0.1631666
-0.1597213
-0.1444167
-0.1309234
-0.1209448
-0.1018256
-0.0812760
-0.0905252
-0.1352181
