-0.1346689
-0.1086050
-0.1277002
-0.1223390
-0.0824597
-0.0513139
-0.0435641
-0.0345918
-0.0175434
-0.0119215
-0.0187032
-0.0165172
-0.0036017
-0.0021775
-0.0183733
-0.0325800
-0.0329067
-0.0294188
-0.0324369
-0.0402266
-0.0493627
-0.0583362
-0.0625654
-0.0617234
-0.0666669
-0.0837322
-0.0998905
-0.0995442
-0.0877998
-0.0808129
-0.0813715
-0.0809099
-0.0786812
-0.0819256
-0.0908815
-0.0977120
-0.0981834
-0.0947358
-0.0909593
-0.0892920
-0.0892630
-0.0843201
-0.0685290
-0.0496594
-0.0444684
-0.0558468
-0.0664141
-0.0617649
-0.0491746
-0.0449715
-0.0521684
-0.0592783
-0.0559144
-0.0432309
-0.0321625
-0.0338460
-0.0481188
-0.0617937
-0.0633452
-0.0571110
-0.0560209
-0.0634272
-0.0715900
-0.0759574
-0.0798689
-0.0848190
-0.0864973
-0.0829459
-0.0789236
-0.0796753
-0.0854170
-0.0927960
-0.0979323
-0.0988157
-0.0980831
-0.1012585
-0.1090280
-0.1146520
-0.1124971
-0.1050035
-0.0976675
-0.0922148
-0.0890109
-0.0907071
-0.0978945
-0.1053050
-0.1074804
-0.1048995
-0.1006659
-0.0952520
-0.0887081
-0.0842450
-0.0849004
-0.0885821
-0.0896472
-0.0846515
-0.0760462
-0.0715810
-0.0780580
-0.0918166
-0.0979028
-0.0851067
-0.0610300
-0.0454330
-0.0482385
-0.0604924
-0.0678958
-0.0667173
-0.0638917
-0.0663132
-0.0731822
-0.0769797
-0.0709817
-0.0570299
-0.0449912
-0.0428750
-0.0490992
-0.0560634
-0.0586259
-0.0570893
-0.0553241
-0.0583725
-0.0675799
-0.0746907
-0.0656835
-0.0361248
0.0002622
0.0244295
0.0329794
0.0419619
0.0688325
0.1122970
0.1505439
0.1602148
0.1389169
0.1080335
0.0903207
0.0861596
0.0769230
0.0511720
0.0202321
0.0043715
0.0083210
0.0153301
0.0045787
-0.0279846
-0.0663250
-0.0913419
-0.1002337
-0.1061390
-0.1183900
-0.1296518
-0.1282082
-0.1176240
-0.1137367
-0.1216157
-0.1261061
-0.1126046
-0.0922976
-0.0954993
-0.1327461
-0.1645080
-0.1190650
0.0502610
0.3244233
0.6382866
0.9371868
1.2034721
1.4257243
1.5590456
1.5378368
1.3357695
1.0069518
0.6600734
0.3873197
0.2128966
0.1024656
0.0144738
-0.0615157
-0.1119969
-0.1317154
-0.1377818
-0.1524046
-0.1800687
-0.2059561
-0.2135899
-0.2012466
-0.1829172
-0.1751390
-0.1822738
-0.1943189
-0.1992346
-0.1952381
-0.1890204
-0.1850229
-0.1816129
-0.1771754
-0.1743221
-0.1756763
-0.1786748
-0.1775965
-0.1702892
-0.1611296
-0.1563122
-0.1563611
-0.1552569
-0.1489921
-0.1429704
-0.1460084
-0.1566146
-0.1611028
-0.1489831
-0.1264024
-0.1098104
-0.1080619
-0.1145944
-0.1163922
-0.1072819
-0.0922700
-0.0812394
-0.0792466
-0.0820516
-0.0804497
-0.0688346
-0.0499535
-0.0325230
-0.0242946
-0.0249383
-0.0242688
-0.0106900
0.0151876
0.0380806
0.0443901
0.0399290
0.0450801
0.0707087
0.1043369
0.1242218
0.1242759
0.1201851
0.1303291
0.1542082
0.1730946
0.1718158
0.1560626
0.1449936
0.1490748
0.1606109
0.1662278
0.1621166
0.1533651
0.1436318
0.1320964
0.1190524
0.1081011
0.1010239
0.0943677
0.0840741
0.0722570
0.0665382
0.0713190
0.0809043
0.0839530
0.0756891
0.0631558
0.0561048
0.0551190
0.0526819
0.0446338
0.0353247
0.0304882
0.0298089
0.0294304
0.0288044
0.0313283
0.0387176
0.0474585
0.0519313
0.0502442
0.0457607
0.0424549
0.0402510
0.0371566
0.0351180
0.0393965
0.0500950
0.0581468
0.0541625
0.0400864
0.0279056
0.0261142
0.0302804
0.0285725
0.0156356
-0.0002719
-0.0046787
0.0079963
0.0272691
0.0360947
0.0277354
0.0115767
0.0019930
0.0036566
0.0089398
0.0079225
-0.0009670
-0.0098901
-0.0101702
-0.0016783
0.0069602
0.0080274
0.0029851
-0.0009394
-0.0010614
-0.0025511
-0.0109272
-0.0243883
-0.0354222
-0.0383313
-0.0334573
-0.0249723
-0.0166044
-0.0103646
-0.0083948
-0.0134253
-0.0250894
-0.0368176
-0.0402649
-0.0344169
-0.0273640
-0.0265627
-0.0296498
-0.0281947
-0.0192711
-0.0094684
-0.0069072
-0.0122526
-0.0193579
-0.0233120
-0.0255106
-0.0300371
-0.0364924
-0.0390608
-0.0338322
-0.0248594
-0.0200565
-0.0217364
-0.0243383
-0.0220030
-0.0156028
-0.0110183
-0.0124008
-0.0182684
-0.0225779
-0.0185229
-0.0029012
0.0214963
0.0481746
0.0725723
0.0953814
0.1199575
0.1466532
0.1701062
0.1826809
0.1811308
0.1692480
0.1526090
0.1316398
0.1032725
0.0702617
0.0442113
0.0345677
0.0359370
0.0314303
0.0103670
-0.0202411
-0.0441936
-0.0545397
-0.0602691
-0.0734926
-0.0927316
-0.1036607
-0.0978936
-0.0861465
-0.0864267
-0.0999103
-0.1066906
-0.0911591
-0.0673782
-0.0692981
-0.1096723
-0.1505094
-0.1209953
0.0287587
0.2881844
0.5981808
0.8986952
1.1598104
1.3669855
1.4880692
1.4726617
1.2944158
0.9918518
0.6589290
0.3875761
0.2131559
0.1095875
0.0314130
-0.0423550
-0.1019293
-0.1334992
-0.1422219
-0.1470971
-0.1601659
-0.1775034
-0.1894955
-0.1938216
-0.1956591
-0.1984947
-0.1993634
-0.1942723
-0.1857712
-0.1819008
-0.1869804
-0.1960460
-0.2008162
-0.1996160
-0.1978751
-0.1989495
-0.1987163
-0.1916169
-0.1792980
-0.1697791
-0.1685545
-0.1732635
-0.1777945
-0.1796573
-0.1814789
-0.1855187
-0.1887610
-0.1853288
-0.1734987
-0.1582999
-0.1463653
-0.1399240
-0.1370318
-0.1357036
-0.1352960
-0.1346567
-0.1316631
-0.1251486
-0.1158404
-0.1052412
-0.0947747
-0.0857057
-0.0780054
-0.0688212
-0.0539120
-0.0323548
-0.0095803
0.0059869
0.0108580
0.0110600
0.0172101
0.0339160
0.0553054
0.0726878
0.0851066
0.0988710
0.1166551
0.1315399
0.1350642
0.1290164
0.1250388
0.1315770
0.1436535
0.1477985
0.1370069
0.1190621
0.1085541
0.1111163
0.1176692
0.1151891
0.1011741
0.0851569
0.0768441
0.0757858
0.0737230
0.0651134
0.0532905
0.0461320
0.0467806
0.0499627
0.0482582
0.0411431
0.0356399
0.0372907
0.0426566
0.0429758
0.0344389
0.0225239
0.0158196
0.0172411
0.0222647
0.0248361
0.0234555
0.0209190
0.0192529
0.0170986
0.0128918
0.0084554
0.0068017
0.0071932
0.0057382
0.0016224
-0.0005822
0.0026304
0.0068928
0.0032721
-0.0109553
-0.0274232
-0.0348997
-0.0319840
-0.0291942
-0.0368254
-0.0521416
-0.0616467
-0.0566415
-0.0435313
-0.0363943
-0.0413196
-0.0514407
-0.0569542
-0.0563149
-0.0558719
-0.0607400
-0.0686871
-0.0729364
-0.0692449
-0.0594490
-0.0490654
-0.0429353
-0.0432356
-0.0495725
-0.0588203
-0.0655675
-0.0655870
-0.0600487
-0.0546460
-0.0533193
-0.0541083
-0.0525544
-0.0481397
-0.0454832
-0.0491155
-0.0583602
-0.0679165
-0.0729440
-0.0729715
-0.0707928
-0.0683012
-0.0646760
-0.0590227
-0.0533079
-0.0509471
-0.0527348
-0.0557511
-0.0567815
-0.0559642
-0.0565849
-0.0614931
-0.0696161
-0.0759300
-0.0757678
-0.0699037
-0.0642663
-0.0629322
-0.0619281
-0.0524694
-0.0315956
-0.0079213
0.0060588
0.0087297
0.0149209
0.0432565
0.0954078
0.1488945
0.1738285
0.1587259
0.1192520
0.0815378
0.0590126
0.0466616
0.0347928
0.0230740
0.0186316
0.0229256
0.0254756
0.0136573
-0.0124723
-0.0389512
-0.0533272
-0.0586516
-0.0684955
-0.0889125
-0.1101679
-0.1185702
-0.1126182
-0.1023932
-0.0940971
-0.0827360
-0.0659746
-0.0610910
-0.0949240
-0.1657672
-0.2171479
-0.1632992
0.0460163
0.3821156
0.7596348
1.0996774
1.3670055
1.5494953
1.6183534
1.5288071
1.2685133
0.8980699
0.5298851
0.2573049
0.1003375
0.0160421
-0.0463299
-0.1049609
-0.1511455
-0.1779906
-0.1932098
-0.2078711
-0.2233544
-0.2338599
-0.2373405
-0.2385708
-0.2416736
-0.2438799
-0.2393404
-0.2277567
-0.2164741
-0.2134565
-0.2198243
-0.2300446
-0.2378575
-0.2406270
-0.2391156
-0.2351546
-0.2296804
-0.2218577
-0.2102476
-0.1959679
-0.1842714
-0.1810298
-0.1868556
-0.1958960
-0.2014187
-0.2019087
-0.2006304
-0.1995883
-0.1956555
-0.1841172
-0.1657519
-0.1485073
-0.1406371
-0.1427464
-0.1481081
-0.1505057
-0.1496780
-0.1484214
-0.1466006
-0.1403522
-0.1268322
-0.1079513
-0.0889957
-0.0745973
-0.0664235
-0.0634173
-0.0623111
-0.0575277
-0.0429994
-0.0175972
0.0104807
0.0281640
0.0302326
0.0272219
0.0367621
0.0648220
0.0973399
0.1130636
0.1046728
0.0855544
0.0755692
0.0819957
0.0955806
0.1032263
0.1006934
0.0917910
0.0792613
0.0619219
0.0410284
0.0239233
0.0168359
0.0156745
0.0086831
-0.0101781
-0.0329451
-0.0449242
-0.0397670
-0.0259745
-0.0184838
-0.0249013
-0.0403618
-0.0546541
-0.0625465
-0.0666524
-0.0717296
-0.0780546
-0.0807030
-0.0745810
-0.0600403
-0.0439236
-0.0345312
-0.0344252
-0.0382326
-0.0386154
-0.0345193
-0.0323513
-0.0384617
-0.0513346
-0.0620146
-0.0620768
-0.0510808
-0.0369518
-0.0296969
-0.0341163
-0.0470043
-0.0600966
-0.0658427
-0.0620441
-0.0529046
-0.0460162
-0.0470200
-0.0558531
-0.0678055
-0.0779952
-0.0843935
-0.0871549
-0.0870003
-0.0854280
-0.0853325
-0.0895303
-0.0982383
-0.1085684
-0.1165585
-0.1195951
-0.1177774
-0.1142503
-0.1140429
-0.1206244
-0.1318644
-0.1399273
-0.1376942
-0.1271687
-0.1203515
-0.1285769
-0.1495408
-0.1670004
-0.1660507
-0.1485339
-0.1313152
-0.1290842
-0.1406739
-0.1528468
-0.1553256
-0.1499421
-0.1457673
-0.1479755
-0.1531377
-0.1546211
-0.1505303
-0.1451455
-0.1432564
-0.1447305
-0.1454364
-0.1428525
-0.1397008
-0.1414803
-0.1502105
-0.1608056
-0.1646221
-0.1577003
-0.1452860
-0.1370065
-0.1374789
-0.1429394
-0.1472607
-0.1491096
-0.1514103
-0.1552610
-0.1576277
-0.1559586
-0.1524832
-0.1510114
-0.1497271
-0.1404264
-0.1175514
-0.0869831
-0.0624490
-0.0515337
-0.0471003
-0.0349229
-0.0092320
0.0215500
0.0444061
0.0540769
0.0540022
0.0471183
0.0301621
-0.0002259
-0.0371845
-0.0638205
-0.0675923
-0.0548031
-0.0475920
-0.0633462
-0.0970517
-0.1263055
-0.1349279
-0.1299731
-0.1330338
-0.1549269
-0.1823815
-0.1929797
-0.1819020
-0.1682012
-0.1711267
-0.1847979
-0.1852830
-0.1651341
-0.1513095
-0.1754307
-0.2223360
-0.2174770
-0.0788617
0.2115664
0.5885505
0.9552498
1.2502026
1.4612571
1.5831940
1.5820303
1.4178113
1.1027595
0.7235687
0.3934041
0.1769334
0.0601573
-0.0130192
-0.0827007
-0.1498930
-0.1975046
-0.2193675
-0.2252486
-0.2265448
-0.2270672
-0.2276916
-0.2318272
-0.2412797
-0.2504494
-0.2508536
-0.2419890
-0.2334384
-0.2339845
-0.2411174
-0.2442366
-0.2374110
-0.2259437
-0.2194224
-0.2206276
-0.2236831
-0.2224653
-0.2180262
-0.2163944
-0.2206329
-0.2270328
-0.2288739
-0.2225056
-0.2098609
-0.1965908
-0.1881586
-0.1862181
-0.1874967
-0.1866746
-0.1813431
-0.1740869
-0.1691595
-0.1673824
-0.1651665
-0.1587143
-0.1483042
-0.1375906
-0.1290415
-0.1214292
-0.1125901
-0.1036218
-0.0984291
-0.0984838
-0.0992078
-0.0928101
-0.0748300
-0.0477920
-0.0191212
0.0039964
0.0186898
0.0272533
0.0347728
0.0451623
0.0584156
0.0712643
0.0806653
0.0869724
0.0938386
0.1047527
0.1192155
0.1321933
0.1377080
0.1334964
0.1225658
0.1104415
0.1008170
0.0934384
0.0858532
0.0771534
0.0696761
0.0662467
0.0657162
0.0627853
0.0538236
0.0421891
0.0354629
0.0365697
0.0395323
0.0361356
0.0262636
0.0190889
0.0227039
0.0341242
0.0419989
0.0393859
0.0314663
0.0288577
0.0346917
0.0411404
0.0391910
0.0294478
0.0214988
0.0237831
0.0359795
0.0508320
0.0611184
0.0640216
0.0606074
0.0534059
0.0449012
0.0370288
0.0309596
0.0272687
0.0264801
0.0289289
0.0334320
0.0365863
0.0348754
0.0281981
0.0204010
0.0153322
0.0129539
0.0105336
0.0072704
0.0058965
0.0088205
0.0138381
0.0152277
0.0093742
-0.0013199
-0.0103620
-0.0127798
-0.0089987
-0.0039319
-0.0027847
-0.0072554
-0.0146164
-0.0198212
-0.0192024
-0.0134171
-0.0071735
-0.0053219
-0.0085218
-0.0128806
-0.0141596
-0.0121603
-0.0106898
-0.0133191
-0.0194066
-0.0243461
-0.0238674
-0.0183570
-0.0127822
-0.0117799
-0.0147924
-0.0168955
-0.0148663
-0.0113683
-0.0116500
-0.0163224
-0.0195288
-0.0158795
-0.0081186
-0.0051675
-0.0115753
-0.0212219
-0.0242367
-0.0193371
-0.0153833
-0.0187698
-0.0223935
-0.0117135
0.0179266
0.0541210
0.0804426
0.0947639
0.1106854
0.1399178
0.1763225
0.2003359
0.1985290
0.1760177
0.1488958
0.1272610
0.1086209
0.0870600
0.0645739
0.0500520
0.0477017
0.0495604
0.0416634
0.0176143
-0.0150584
-0.0425759
-0.0583145
-0.0675851
-0.0792210
-0.0943945
-0.1058945
-0.1078939
-0.1029931
-0.0972854
-0.0910924
-0.0803089
-0.0688313
-0.0732921
-0.1050241
-0.1425519
-0.1280741
-0.0029497
0.2457718
0.5736074
0.9136133
1.2192949
1.4695138
1.6374719
1.6725564
1.5305361
1.2267991
0.8512351
0.5180827
0.2928780
0.1637555
0.0777336
-0.0022047
-0.0754635
-0.1264081
-0.1530139
-0.1681482
-0.1809130
-0.1877708
-0.1838616
-0.1756752
-0.1762140
-0.1893578
-0.2049355
-0.2111933
-0.2083044
-0.2059513
-0.2093970
-0.2128677
-0.2082516
-0.1966978
-0.1878264
-0.1883645
-0.1953151
-0.2014000
-0.2041296
-0.2065965
-0.2105717
-0.2125166
-0.2079362
-0.1976768
-0.1875737
-0.1821686
-0.1807311
-0.1799479
-0.1786321
-0.1780383
-0.1783479
-0.1771733
-0.1723734
-0.1648808
-0.1573181
-0.1504501
-0.1426476
-0.1330895
-0.1239435
-0.1180234
-0.1146906
-0.1095628
-0.0990329
-0.0843466
-0.0700351
-0.0582563
-0.0459831
-0.0289152
-0.0076054
0.0120680
0.0253454
0.0342790
0.0452027
0.0605092
0.0750300
0.0824930
0.0849087
0.0926816
0.1132754
0.1405760
0.1581615
0.1546356
0.1349329
0.1152467
0.1071581
0.1079428
0.1062245
0.0951806
0.0788164
0.0662276
0.0617810
0.0616557
0.0588009
0.0498757
0.0374112
0.0264290
0.0197784
0.0164269
0.0134919
0.0095836
0.0062052
0.0057939
0.0083181
0.0103184
0.0081877
0.0026159
-0.0011100
0.0016963
0.0095155
0.0151033
0.0124970
0.0036573
-0.0025691
0.0010962
0.0127728
0.0227897
0.0231655
0.0155813
0.0092888
0.0109243
0.0171652
0.0184120
0.0096689
-0.0033575
-0.0098749
-0.0053541
0.0037529
0.0068831
0.0000029
-0.0114503
-0.0195568
-0.0220904
-0.0229440
-0.0256817
-0.0287254
-0.0277023
-0.0215246
-0.0147069
-0.0132657
-0.0189325
-0.0279481
-0.0353331
-0.0396805
-0.0434563
-0.0490258
-0.0551277
-0.0576483
-0.0537577
-0.0450739
-0.0367620
-0.0335580
-0.0363941
-0.0423705
-0.0476394
-0.0503878
-0.0514085
-0.0522042
-0.0529416
-0.0526290
-0.0513054
-0.0512666
-0.0549063
-0.0609861
-0.0643612
-0.0612116
-0.0545974
-0.0526896
-0.0595947
-0.0688007
-0.0685415
-0.0550335
-0.0386123
-0.0341207
-0.0450623
-0.0595386
-0.0632081
-0.0546628
-0.0456565
-0.0465626
-0.0546986
-0.0589005
-0.0537119
-0.0455450
-0.0440079
-0.0499240
-0.0547547
-0.0513892
-0.0426760
-0.0378374
-0.0419828
-0.0512814
-0.0582096
-0.0592806
-0.0565278
-0.0532245
-0.0507580
-0.0497242
-0.0512639
-0.0549399
-0.0561535
-0.0485509
-0.0303642
-0.0068478
0.0155711
0.0371065
0.0641918
0.1001290
0.1378829
0.1645735
0.1731375
0.1674668
0.1552252
0.1379750
0.1115535
0.0762595
0.0431366
0.0265286
0.0298084
0.0403753
0.0403438
0.0220980
-0.0070290
-0.0343013
-0.0537891
-0.0686580
-0.0834462
-0.0971192
-0.1051427
-0.1069105
-0.1079591
-0.1128306
-0.1171605
-0.1110432
-0.0933453
-0.0805494
-0.0942104
-0.1328739
-0.1560448
-0.1024959
0.0672189
0.3410110
0.6650042
0.9802269
1.2479006
1.4423197
1.5310651
1.4780226
1.2753245
0.9700561
0.6496674
0.3916229
0.2213896
0.1146572
0.0347680
-0.0348889
-0.0900284
-0.1251493
-0.1454184
-0.1598850
-0.1704102
-0.1727520
-0.1670035
-0.1616920
-0.1652453
-0.1759597
-0.1837860
-0.1821604
-0.1756590
-0.1745746
-0.1830371
-0.1942299
-0.1976158
-0.1899321
-0.1784577
-0.1738369
-0.1802482
-0.1923864
-0.2011048
-0.2012732
-0.1945073
-0.1856661
-0.1781193
-0.1726093
-0.1693026
-0.1689471
-0.1712203
-0.1731663
-0.1712633
-0.1656005
-0.1605905
-0.1600540
-0.1619763
-0.1597852
-0.1495026
-0.1345922
-0.1226055
-0.1173549
-0.1155104
-0.1110795
-0.1020579
-0.0915306
-0.0825367
-0.0734168
-0.0595338
-0.0394393
-0.0179811
-0.0020625
0.0067714
0.0145636
0.0287692
0.0497982
0.0698347
0.0813003
0.0862083
0.0951048
0.1151175
0.1400402
0.1550216
0.1523134
0.1405797
0.1362162
0.1456080
0.1582652
0.1585940
0.1426971
0.1212872
0.1064877
0.0987780
0.0889091
0.0709722
0.0500075
0.0354665
0.0295751
0.0250992
0.0145729
-0.0007892
-0.0128442
-0.0159059
-0.0123888
-0.0090136
-0.0092409
-0.0110118
-0.0114589
-0.0117729
-0.0158591
-0.0246033
-0.0331671
-0.0350526
-0.0285366
-0.0184165
-0.0114866
-0.0107732
-0.0140470
-0.0171100
-0.0178674
-0.0172971
-0.0170316
-0.0165627
-0.0132504
-0.0054426
0.0042776
0.0093932
0.0041726
-0.0106880
-0.0270460
-0.0352651
-0.0326074
-0.0257620
-0.0240898
-0.0299821
-0.0365273
-0.0351078
-0.0247102
-0.0130776
-0.0090764
-0.0149042
-0.0258537
-0.0363027
-0.0442686
-0.0500798
-0.0527286
-0.0500438
-0.0428196
-0.0366044
-0.0370773
-0.0435377
-0.0486885
-0.0461045
-0.0374541
-0.0312221
-0.0340850
-0.0443317
-0.0542617
-0.0582797
-0.0573849
-0.0558616
-0.0556062
-0.0554774
-0.0552656
-0.0573694
-0.0631129
-0.0691397
-0.0700278
-0.0647650
-0.0587754
-0.0582639
-0.0633231
-0.0680641
-0.0676617
-0.0640403
-0.0637063
-0.0704361
-0.0809978
-0.0880060
-0.0862508
-0.0764977
-0.0646245
-0.0577989
-0.0600010
-0.0691482
-0.0784508
-0.0822311
-0.0812649
-0.0814368
-0.0862660
-0.0916906
-0.0899077
-0.0785689
-0.0646423
-0.0577965
-0.0602442
-0.0643402
-0.0605257
-0.0466612
-0.0289085
-0.0143840
-0.0041589
0.0071294
0.0265536
0.0577398
0.0976065
0.1357422
0.1579466
0.1538998
0.1241863
0.0804223
0.0379508
0.0075879
-0.0072671
-0.0087050
-0.0025624
0.0016546
-0.0066437
-0.0317692
-0.0660233
-0.0946521
-0.1095869
-0.1172013
-0.1294088
-0.1474321
-0.1588461
-0.1534695
-0.1385995
-0.1320971
-0.1395439
-0.1455595
-0.1350804
-0.1200497
-0.1316332
-0.1756376
-0.2002967
-0.1238835
0.0950617
0.4173595
0.7585119
1.0601839
1.3154280
1.5217412
1.6275782
1.5514577
1.2660841
0.8544472
0.4659651
0.2084976
0.0823814
0.0149769
-0.0533724
-0.1247763
-0.1722301
-0.1890560
-0.1980968
-0.2206431
-0.2522415
-0.2735608
-0.2759674
-0.2680781
-0.2604288
-0.2532834
-0.2428152
-0.2327603
-0.2324479
-0.2437070
-0.2561159
-0.2587008
-0.2531533
-0.2510184
-0.2583352
-0.2673752
-0.2657187
-0.2511977
-0.2347062
-0.2281126
-0.2318856
-0.2364878
-0.2350263
-0.2316578
-0.2355585
-0.2476387
-0.2563588
-0.2488570
-0.2256206
-0.2020897
-0.1945823
-0.2048473
-0.2189166
-0.2209688
-0.2079176
-0.1906076
-0.1817550
-0.1837579
-0.1880646
-0.1848524
-0.1721278
-0.1561424
-0.1446459
-0.1400691
-0.1379451
-0.1310030
-0.1154365
-0.0943336
-0.0752251
-0.0636206
-0.0581587
-0.0516664
-0.0372370
-0.0142709
0.0104715
0.0278226
0.0332688
0.0301841
0.0264387
0.0275421
0.0325610
0.0362627
0.0350685
0.0308331
0.0284187
0.0293253
0.0285698
0.0193911
0.0013791
-0.0175378
-0.0285371
-0.0308128
-0.0316989
-0.0377783
-0.0471553
-0.0516894
-0.0467427
-0.0375760
-0.0349497
-0.0441113
-0.0588403
-0.0672096
-0.0632569
-0.0524734
-0.0457703
-0.0485551
-0.0559546
-0.0584227
-0.0516698
-0.0408715
-0.0349575
-0.0370619
-0.0415450
-0.0408659
-0.0342785
-0.0282655
-0.0286511
-0.0340636
-0.0380594
-0.0365406
-0.0315343
-0.0277347
-0.0269074
-0.0269955
-0.0262720
-0.0265288
-0.0309255
-0.0394593
-0.0482218
-0.0533660
-0.0544743
-0.0534621
-0.0515572
-0.0488076
-0.0460213
-0.0454622
-0.0488213
-0.0550596
-0.0610625
-0.0646928
-0.0668979
-0.0702083
-0.0749327
-0.0775920
-0.0742712
-0.0657190
-0.0581526
-0.0580869
-0.0662418
-0.0767471
-0.0823911
-0.0808010
-0.0758394
-0.0732433
-0.0750664
-0.0784425
-0.0793725
-0.0768917
-0.0733178
-0.0713109
-0.0714466
-0.0721843
-0.0714577
-0.0686574
-0.0658121
-0.0664176
-0.0719380
-0.0792626
-0.0826025
-0.0786940
-0.0700592
-0.0628454
-0.0614239
-0.0650302
-0.0692163
-0.0698243
-0.0651401
-0.0549834
-0.0395822
-0.0204029
-0.0007438
0.0168311
0.0339925
0.0556449
0.0839495
0.1139630
0.1364197
0.1448531
0.1394028
0.1240436
0.1017137
0.0737838
0.0443642
0.0227272
0.0176304
0.0270544
0.0353598
0.0247933
-0.0077497
-0.0465257
-0.0718635
-0.0798576
-0.0854362
-0.1041806
-0.1324012
-0.1492126
-0.1405225
-0.1175037
-0.1052640
-0.1126837
-0.1210243
-0.1096031
-0.0891687
-0.0965388
-0.1458249
-0.1880251
-0.1324419
0.0801240
0.4230267
0.8044587
1.1402953
1.4006202
1.5853838
1.6703898
1.6002730
1.3462015
0.9629230
0.5731705
0.2861134
0.1284212
0.0507489
-0.0080406
-0.0693431
-0.1191800
-0.1456137
-0.1587042
-0.1757787
-0.1993596
-0.2173793
-0.2214358
-0.2172220
-0.2158961
-0.2205672
-0.2248849
-0.2226787
-0.2151589
-0.2083444
-0.2061171
-0.2076171
-0.2104683
-0.2142182
-0.2194817
-0.2248778
-0.2268779
-0.2233810
-0.2164799
-0.2108251
-0.2094271
-0.2112419
-0.2123726
-0.2094167
-0.2023498
-0.1947928
-0.1912153
-0.1932884
-0.1985646
-0.2022555
-0.2001472
-0.1908530
-0.1768268
-0.1633159
-0.1548044
-0.1514089
-0.1491880
-0.1445628
-0.1380293
-0.1329502
-0.1308686
-0.1286089
-0.1204773
-0.1036930
-0.0817780
-0.0622710
-0.0506768
-0.0463957
-0.0439890
-0.0376027
-0.0244689
-0.0059045
0.0138267
0.0304413
0.0428258
0.0532566
0.0637723
0.0729228
0.0773900
0.0767133
0.0748492
0.0759681
0.0791542
0.0785621
0.0697939
0.0559200
0.0458143
0.0453649
0.0508186
0.0521936
0.0434477
0.0281782
0.0149688
0.0082417
0.0045527
-0.0025414
-0.0146834
-0.0259689
-0.0282208
-0.0193711
-0.0062608
0.0016150
0.0009880
-0.0032510
-0.0046394
-0.0023227
-0.0011479
-0.0054927
-0.0139690
-0.0203560
-0.0194537
-0.0118418
-0.0030554
0.0013625
-0.0002092
-0.0052413
-0.0090385
-0.0073472
0.0003302
0.0084922
0.0085829
-0.0029964
-0.0195293
-0.0285221
-0.0229352
-0.0078664
0.0041928
0.0047118
-0.0040892
-0.0131775
-0.0165398
-0.0162496
-0.0179042
-0.0227864
-0.0263864
-0.0243278
-0.0177511
-0.0120427
-0.0114449
-0.0158550
-0.0221622
-0.0275619
-0.0314442
-0.0347289
-0.0380876
-0.0412085
-0.0433985
-0.0439693
-0.0420849
-0.0377415
-0.0336398
-0.0343557
-0.0416118
-0.0509949
-0.0556118
-0.0534599
-0.0494911
-0.0494257
-0.0527414
-0.0534560
-0.0479603
-0.0405520
-0.0395107
-0.0475197
-0.0576968
-0.0607075
-0.0550319
-0.0481500
-0.0475676
-0.0529226
-0.0579129
-0.0580374
-0.0544815
-0.0511739
-0.0500664
-0.0498374
-0.0482357
-0.0448554
-0.0415962
-0.0409038
-0.0440553
-0.0507951
-0.0592352
-0.0654497
-0.0648494
-0.0562922
-0.0448393
-0.0384307
-0.0407638
-0.0481758
-0.0540510
-0.0555310
-0.0551348
-0.0561373
-0.0574861
-0.0544445
-0.0446935
-0.0327939
-0.0269355
-0.0310120
-0.0411370
-0.0500437
-0.0529719
-0.0484977
-0.0362868
-0.0171271
0.0054297
0.0267460
0.0460929
0.0685543
0.0996473
0.1371674
0.1693818
0.1831416
0.1747037
0.1518538
0.1248934
0.0971898
0.0665946
0.0348864
0.0115392
0.0052824
0.0128963
0.0190963
0.0092757
-0.0173357
-0.0477432
-0.0689581
-0.0809838
-0.0941935
-0.1138567
-0.1312014
-0.1335938
-0.1216408
-0.1102383
-0.1105839
-0.1164019
-0.1142673
-0.1061928
-0.1123191
-0.1421391
-0.1640401
-0.1141286
0.0546347
0.3309495
0.6557236
0.9706250
1.2469034
1.4647132
1.5795575
1.5320216
1.3025131
0.9514175
0.5932266
0.3225001
0.1602402
0.0659381
-0.0072963
-0.0737853
-0.1225568
-0.1469850
-0.1571953
-0.1672268
-0.1805424
-0.1920450
-0.1989799
-0.2043590
-0.2108151
-0.2157053
-0.2143321
-0.2066652
-0.1989814
-0.1981635
-0.2048700
-0.2132198
-0.2172885
-0.2169409
-0.2168111
-0.2205177
-0.2266836
-0.2300101
-0.2257735
-0.2142715
-0.2015635
-0.1946715
-0.1949145
-0.1968565
-0.1949442
-0.1902168
-0.1888204
-0.1941357
-0.2018868
-0.2036778
-0.1950655
-0.1799358
-0.1667792
-0.1604887
-0.1582195
-0.1537685
-0.1451762
-0.1366160
-0.1330302
-0.1343478
-0.1350858
-0.1285413
-0.1117064
-0.0877650
-0.0639481
-0.0453889
-0.0307351
-0.0151157
0.0025987
0.0177078
0.0261783
0.0317929
0.0443685
0.0697124
0.1019562
0.1274662
0.1375876
0.1370131
0.1381411
0.1475315
0.1600121
0.1662344
0.1630178
0.1545624
0.1461391
0.1397188
0.1347202
0.1297800
0.1232936
0.1144781
0.1049828
0.0981208
0.0951343
0.0925060
0.0844024
0.0689905
0.0520053
0.0422079
0.0422681
0.0456528
0.0442080
0.0373815
0.0313061
0.0295875
0.0287013
0.0236764
0.0154952
0.0104796
0.0132164
0.0217672
0.0298770
0.0331386
0.0326870
0.0328285
0.0354587
0.0379117
0.0366715
0.0318300
0.0267646
0.0244744
0.0255642
0.0289248
0.0327032
0.0348569
0.0342020
0.0312709
0.0277371
0.0250996
0.0238103
0.0228697
0.0203938
0.0159498
0.0123691
0.0132845
0.0181639
0.0217640
0.0198272
0.0137580
0.0080699
0.0043775
-0.0000042
-0.0073406
-0.0147757
-0.0157621
-0.0071779
0.0051564
0.0100340
0.0016986
-0.0137479
-0.0246396
-0.0258961
-0.0228864
-0.0235415
-0.0291751
-0.0341099
-0.0329052
-0.0266045
-0.0216917
-0.0229398
-0.0278632
-0.0297524
-0.0264458
-0.0236608
-0.0276854
-0.0364990
-0.0410740
-0.0354600
-0.0234708
-0.0147562
-0.0152622
-0.0220064
-0.0269086
-0.0254790
-0.0211406
-0.0203755
-0.0245774
-0.0285608
-0.0268563
-0.0193557
-0.0106510
-0.0061526
-0.0092287
-0.0192119
-0.0304564
-0.0354479
-0.0313928
-0.0235468
-0.0205609
-0.0258207
-0.0330477
-0.0305577
-0.0113733
0.0193561
0.0478612
0.0646852
0.0741200
0.0892842
0.1178321
0.1537059
0.1828119
0.1957431
0.1950029
0.1902062
0.1858078
0.1743634
0.1450129
0.0999683
0.0588850
0.0421861
0.0500534
0.0612887
0.0543544
0.0280566
0.0002605
-0.0130144
-0.0150762
-0.0232015
-0.0463621
-0.0727791
-0.0838975
-0.0781591
-0.0732195
-0.0819889
-0.0935207
-0.0860625
-0.0587305
-0.0413991
-0.0638676
-0.1123541
-0.1217515
-0.0202899
0.2117379
0.5264390
0.8495134
1.1309503
1.3522036
1.4938838
1.5164771
1.3866999
1.1217062
0.7977393
0.5068977
0.3003289
0.1691577
0.0750480
-0.0061183
-0.0706411
-0.1076346
-0.1210908
-0.1275597
-0.1386291
-0.1526226
-0.1622127
-0.1649011
-0.1650217
-0.1682904
-0.1757105
-0.1822298
-0.1815657
-0.1728272
-0.1617699
-0.1553680
-0.1562142
-0.1620486
-0.1687115
-0.1729010
-0.1738441
-0.1733581
-0.1735481
-0.1744054
-0.1743955
-0.1723913
-0.1675792
-0.1591572
-0.1488764
-0.1424990
-0.1448398
-0.1532799
-0.1596073
-0.1589569
-0.1541046
-0.1501003
-0.1472891
-0.1413988
-0.1295521
-0.1148248
-0.1040686
-0.1005493
-0.0995724
-0.0938245
-0.0831299
-0.0753111
-0.0754953
-0.0778110
-0.0709440
-0.0504655
-0.0232370
-0.0006968
0.0106655
0.0139327
0.0189381
0.0336560
0.0567350
0.0791874
0.0938171
0.1015463
0.1085306
0.1195074
0.1344877
0.1493581
0.1585957
0.1593067
0.1535328
0.1454216
0.1363817
0.1247355
0.1096019
0.0931607
0.0797084
0.0739147
0.0776769
0.0854314
0.0847436
0.0667905
0.0369308
0.0113031
0.0017622
0.0059438
0.0120018
0.0108944
0.0037054
-0.0016664
-0.0004221
0.0032455
0.0017612
-0.0052656
-0.0101311
-0.0076921
-0.0025239
-0.0027151
-0.0098134
-0.0179234
-0.0204169
-0.0150880
-0.0049320
0.0038213
0.0063051
0.0036470
0.0016781
0.0041075
0.0087076
0.0107063
0.0078977
0.0022094
-0.0016992
0.0001653
0.0065581
0.0105163
0.0064002
-0.0032687
-0.0108315
-0.0120464
-0.0084344
-0.0030628
0.0014693
0.0019862
-0.0032821
-0.0112835
-0.0163746
-0.0163787
-0.0140144
-0.0129127
-0.0146058
-0.0186093
-0.0233399
-0.0277300
-0.0328870
-0.0402305
-0.0475464
-0.0503496
-0.0481876
-0.0454391
-0.0444608
-0.0428437
-0.0396305
-0.0388979
-0.0437185
-0.0512063
-0.0575424
-0.0640811
-0.0739092
-0.0843967
-0.0873296
-0.0772521
-0.0593042
-0.0483330
-0.0568939
-0.0809631
-0.1007331
-0.1007185
-0.0868600
-0.0782627
-0.0845934
-0.0986119
-0.1091414
-0.1127999
-0.1120789
-0.1096228
-0.1077241
-0.1090558
-0.1148786
-0.1236225
-0.1314749
-0.1344036
-0.1322912
-0.1313757
-0.1375801
-0.1461481
-0.1450783
-0.1324581
-0.1225774
-0.1284730
-0.1446299
-0.1545645
-0.1517120
-0.1458297
-0.1503132
-0.1673999
-0.1843176
-0.1825251
-0.1545245
-0.1130365
-0.0795016
-0.0630124
-0.0551017
-0.0437011
-0.0247647
-0.0011299
0.0206188
0.0309565
0.0238146
0.0040996
-0.0179154
-0.0393391
-0.0639640
-0.0900064
-0.1084315
-0.1148585
-0.1155294
-0.1205167
-0.1362805
-0.1629345
-0.1930785
-0.2164873
-0.2310870
-0.2437838
-0.2556539
-0.2564713
-0.2429505
-0.2312351
-0.2371163
-0.2513492
-0.2504072
-0.2297872
-0.2140592
-0.2307858
-0.2755521
-0.2981759
-0.2263562
-0.0191934
0.2956637
0.6473285
0.9813077
1.2732993
1.4850303
1.5447595
1.4011579
1.0861271
0.7063687
0.3754951
0.1525172
0.0241095
-0.0656026
-0.1561056
-0.2362864
-0.2775177
-0.2869920
-0.2984314
-0.3193818
-0.3292979
-0.3280246
-0.3384251
-0.3564470
-0.3516914
-0.3286221
-0.3281547
-0.3476864
-0.3236031
-0.2299248
