0.0037882
-0.0318131
-0.0499844
-0.0454279
-0.0310113
-0.0259976
-0.0396315
-0.0655734
-0.0902616
-0.1054784
-0.1138211
-0.1239538
-0.1413421
-0.1626834
-0.1781880
-0.1795785
-0.1673880
-0.1510606
-0.1405375
-0.1365209
-0.1307137
-0.1188762
-0.1131264
-0.1345841
-0.1858418
-0.2294141
-0.2008472
-0.0529909
0.2075581
0.5273396
0.8476788
1.1356607
1.3735944
1.5277076
1.5443841
1.3902265
1.0963364
0.7544856
0.4610383
0.2594206
0.1318049
0.0382308
-0.0426704
-0.1075780
-0.1493407
-0.1724655
-0.1877620
-0.1999931
-0.2069911
-0.2088267
-0.2117564
-0.2210365
-0.2333704
-0.2401794
-0.2378637
-0.2319723
-0.2304036
-0.2345876
-0.2393030
-0.2404195
-0.2403403
-0.2443919
-0.2527353
-0.2578913
-0.2516273
-0.2342258
-0.2160047
-0.2088371
-0.2159455
-0.2301711
-0.2419963
-0.2482409
-0.2520442
-0.2552244
-0.2534498
-0.2412828
-0.2213153
-0.2050917
-0.2025941
-0.2115689
-0.2196170
-0.2174930
-0.2085587
-0.2035201
-0.2068013
-0.2106278
-0.2036719
-0.1841562
-0.1624642
-0.1505596
-0.1500699
-0.1514579
-0.1440151
-0.1255966
-0.1031157
-0.0853222
-0.0759496
-0.0725163
-0.0694958
-0.0618385
-0.0469354
-0.0255258
-0.0017659
0.0185083
0.0313705
0.0377716
0.0428978
0.0520136
0.0664114
0.0828609
0.0962790
0.1026938
0.1006295
0.0913937
0.0789554
0.0686774
0.0643568
0.0653564
0.0667284
0.0628354
0.0514947
0.0352827
0.0195982
0.0095837
0.0075928
0.0115949
0.0153044
0.0114307
-0.0029001
-0.0231927
-0.0409945
-0.0510869
-0.0549856
-0.0571554
-0.0591149
-0.0589639
-0.0562230
-0.0542711
-0.0558621
-0.0574889
-0.0515613
-0.0358257
-0.0188820
-0.0135809
-0.0243003
-0.0421918
-0.0537992
-0.0532334
-0.0448485
-0.0354456
-0.0268722
-0.0173207
-0.0074596
-0.0019281
-0.0039723
-0.0105668
-0.0147677
-0.0127358
-0.0071294
-0.0032615
-0.0030647
-0.0038833
-0.0027961
-0.0007591
-0.0015952
-0.0070544
-0.0135625
-0.0146065
-0.0071003
0.0041932
0.0091883
0.0010129
-0.0167489
-0.0317507
-0.0334106
-0.0228345
-0.0119462
-0.0119046
-0.0222156
-0.0317965
-0.0309277
-0.0215491
-0.0152356
-0.0213049
-0.0375194
-0.0523811
-0.0557747
-0.0471172
-0.0341794
-0.0255152
-0.0244255
-0.0289082
-0.0354075
-0.0415326
-0.0458468
-0.0469587
-0.0444890
-0.0409058
-0.0406336
-0.0454503
-0.0507082
-0.0481179
-0.0343281
-0.0166829
-0.0084501
-0.0166392
-0.0347898
-0.0490483
-0.0515055
-0.0464074
-0.0430211
-0.0445014
-0.0461941
-0.0442247
-0.0419020
-0.0447411
-0.0508297
-0.0507554
-0.0394610
-0.0256531
-0.0250577
-0.0429843
-0.0662116
-0.0750798
-0.0634446
-0.0444118
-0.0356514
-0.0410924
-0.0490559
-0.0473381
-0.0369675
-0.0295956
-0.0331968
-0.0431896
-0.0482108
-0.0427329
-0.0323422
-0.0271331
-0.0315597
-0.0412056
-0.0481940
-0.0484518
-0.0440153
-0.0397465
-0.0386783
-0.0400054
-0.0405919
-0.0382205
-0.0339022
-0.0312849
-0.0333816
-0.0393851
-0.0447887
-0.0451298
-0.0399078
-0.0328560
-0.0285634
-0.0291538
-0.0339496
-0.0410496
-0.0479860
-0.0513313
-0.0478767
-0.0379203
-0.0267378
-0.0207385
-0.0214252
-0.0245505
-0.0263553
-0.0290344
-0.0370465
-0.0476605
-0.0489346
-0.0313870
-0.0016766
0.0198103
0.0190343
0.0053338
0.0045477
0.0329342
0.0794941
0.1165335
0.1270962
0.1191277
0.1120118
0.1128786
0.1105358
0.0925572
0.0634346
0.0414643
0.0382512
0.0453312
0.0434959
0.0238176
-0.0032598
-0.0197732
-0.0188804
-0.0106754
-0.0111903
-0.0275298
-0.0530534
-0.0745704
-0.0833496
-0.0810810
-0.0771070
-0.0790687
-0.0842805
-0.0810740
-0.0624092
-0.0396666
-0.0378714
-0.0688400
-0.1058051
-0.0904422
0.0257935
0.2430527
0.5167915
0.7995892
1.0734260
1.3348223
1.5522112
1.6533291
1.5710860
1.3083722
0.9533665
0.6234138
0.3879988
0.2405309
0.1358161
0.0456789
-0.0228789
-0.0537291
-0.0524495
-0.0464506
-0.0591321
-0.0897787
-0.1191159
-0.1306368
-0.1246808
-0.1146712
-0.1136039
-0.1243503
-0.1396526
-0.1489299
-0.1461608
-0.1340402
-0.1215821
-0.1163109
-0.1174456
-0.1173042
-0.1107084
-0.1026796
-0.1047218
-0.1219182
-0.1445764
-0.1550449
-0.1442156
-0.1207044
-0.1026490
-0.1006225
-0.1095467
-0.1169728
-0.1169465
-0.1137969
-0.1134001
-0.1141974
-0.1090877
-0.0949308
-0.0771919
-0.0640893
-0.0579323
-0.0542493
-0.0488998
-0.0434989
-0.0424047
-0.0457033
-0.0474726
-0.0415078
-0.0273788
-0.0098631
0.0066579
0.0216878
0.0366381
0.0512618
0.0636015
0.0730891
0.0821041
0.0936055
0.1078210
0.1221952
0.1345169
0.1451349
0.1555835
0.1657313
0.1734723
0.1775609
0.1798687
0.1837185
0.1897852
0.1944737
0.1933014
0.1860601
0.1780048
0.1752012
0.1784207
0.1818062
0.1778570
0.1640167
0.1447066
0.1271834
0.1153232
0.1069714
0.0969247
0.0825096
0.0664801
0.0544150
0.0489895
0.0468598
0.0417786
0.0311895
0.0192368
0.0123004
0.0114787
0.0107196
0.0035811
-0.0086052
-0.0170130
-0.0146585
-0.0044583
0.0035597
0.0030183
-0.0024409
-0.0043599
0.0003652
0.0065115
0.0076475
0.0039561
0.0012880
0.0034922
0.0081380
0.0104982
0.0097303
0.0090293
0.0102968
0.0112325
0.0088897
0.0043895
0.0017598
0.0021521
0.0014994
-0.0045636
-0.0145141
-0.0216691
-0.0213957
-0.0161294
-0.0123347
-0.0136031
-0.0183478
-0.0239165
-0.0305716
-0.0396812
-0.0489817
-0.0522682
-0.0452482
-0.0309701
-0.0180912
-0.0135256
-0.0173439
-0.0247115
-0.0315729
-0.0375661
-0.0441411
-0.0514939
-0.0580477
-0.0620929
-0.0629374
-0.0607867
-0.0567457
-0.0533334
-0.0537619
-0.0591857
-0.0666242
-0.0710041
-0.0702950
-0.0680427
-0.0694751
-0.0748384
-0.0778586
-0.0720930
-0.0585867
-0.0459087
-0.0419532
-0.0465417
-0.0531639
-0.0575057
-0.0623431
-0.0727884
-0.0876656
-0.0978473
-0.0945516
-0.0790042
-0.0628603
-0.0584162
-0.0680747
-0.0829478
-0.0913829
-0.0891992
-0.0825247
-0.0810385
-0.0878048
-0.0951071
-0.0909622
-0.0712997
-0.0462252
-0.0328634
-0.0402587
-0.0611617
-0.0797542
-0.0875728
-0.0903013
-0.0978945
-0.1097710
-0.1131473
-0.0975415
-0.0690361
-0.0471739
-0.0468234
-0.0644736
-0.0833578
-0.0907980
-0.0885790
-0.0865928
-0.0892310
-0.0908050
-0.0842956
-0.0720881
-0.0656444
-0.0739366
-0.0929393
-0.1075407
-0.1047255
-0.0857691
-0.0659314
-0.0615764
-0.0761141
-0.0973292
-0.1083901
-0.1023224
-0.0866785
-0.0747622
-0.0729077
-0.0767082
-0.0790419
-0.0798397
-0.0858977
-0.1006896
-0.1162068
-0.1175253
-0.0969866
-0.0635604
-0.0367390
-0.0296763
-0.0373692
-0.0412026
-0.0257089
0.0078343
0.0429007
0.0620423
0.0605016
0.0473319
0.0346354
0.0263959
0.0175157
0.0024506
-0.0170476
-0.0338414
-0.0443595
-0.0536101
-0.0695915
-0.0929547
-0.1141694
-0.1227038
-0.1189232
-0.1152312
-0.1239889
-0.1444740
-0.1632166
-0.1682198
-0.1620675
-0.1588527
-0.1668629
-0.1759516
-0.1662336
-0.1325060
-0.0983518
-0.0992084
-0.1443123
-0.1937751
-0.1782935
-0.0485292
0.1906424
0.4923521
0.8095960
1.1189865
1.4017870
1.6108694
1.6737117
1.5425310
1.2449295
0.8792860
0.5527049
0.3176212
0.1618903
0.0498533
-0.0360402
-0.0919806
-0.1170010
-0.1266552
-0.1402659
-0.1623069
-0.1829100
-0.1944552
-0.2008583
-0.2088828
-0.2163413
-0.2151902
-0.2054169
-0.1994792
-0.2089911
-0.2293858
-0.2424959
-0.2355562
-0.2151093
-0.2002807
-0.2036835
-0.2209066
-0.2378308
-0.2451074
-0.2441336
-0.2413057
-0.2400105
-0.2391035
-0.2369410
-0.2344327
-0.2338444
-0.2357863
-0.2380616
-0.2372606
-0.2315213
-0.2224542
-0.2146995
-0.2126683
-0.2163947
-0.2204789
-0.2183921
-0.2089444
-0.1981836
-0.1936823
-0.1963781
-0.1987609
-0.1921395
-0.1757740
-0.1578965
-0.1468682
-0.1416051
-0.1320105
-0.1099868
-0.0799080
-0.0567929
-0.0524412
-0.0626871
-0.0691262
-0.0549774
-0.0204540
0.0171672
0.0389204
0.0402024
0.0326783
0.0316746
0.0424366
0.0579791
0.0683655
0.0704799
0.0690700
0.0701214
0.0746534
0.0786500
0.0776476
0.0706212
0.0598967
0.0481783
0.0360095
0.0220192
0.0056354
-0.0104771
-0.0213409
-0.0242145
-0.0227418
-0.0255332
-0.0388173
-0.0597311
-0.0778204
-0.0845438
-0.0815150
-0.0785048
-0.0828693
-0.0917376
-0.0956653
-0.0897691
-0.0798033
-0.0761870
-0.0825698
-0.0917004
-0.0931327
-0.0841602
-0.0721281
-0.0661689
-0.0678604
-0.0707073
-0.0680646
-0.0601875
-0.0530110
-0.0509402
-0.0521697
-0.0514484
-0.0465846
-0.0411292
-0.0403769
-0.0453626
-0.0515367
-0.0534090
-0.0498689
-0.0443844
-0.0402668
-0.0368936
-0.0316510
-0.0254330
-0.0246529
-0.0359505
-0.0581993
-0.0806640
-0.0907027
-0.0843622
-0.0694478
-0.0578462
-0.0548151
-0.0559193
-0.0539936
-0.0479453
-0.0438413
-0.0477026
-0.0584672
-0.0687720
-0.0721402
-0.0684871
-0.0626598
-0.0588028
-0.0571225
-0.0556731
-0.0538421
-0.0532292
-0.0555317
-0.0603407
-0.0650560
-0.0665810
-0.0633591
-0.0566963
-0.0504498
-0.0484386
-0.0509564
-0.0540621
-0.0537753
-0.0515599
-0.0540757
-0.0652696
-0.0786265
-0.0799989
-0.0612360
-0.0315550
-0.0130387
-0.0219070
-0.0529812
-0.0832866
-0.0921667
-0.0786474
-0.0596549
-0.0520725
-0.0572677
-0.0628601
-0.0581016
-0.0458564
-0.0390269
-0.0461787
-0.0620294
-0.0726164
-0.0693491
-0.0572924
-0.0495855
-0.0543168
-0.0673291
-0.0775136
-0.0781202
-0.0722006
-0.0675027
-0.0675471
-0.0688898
-0.0667720
-0.0617249
-0.0591023
-0.0622501
-0.0676699
-0.0681551
-0.0604715
-0.0489255
-0.0411208
-0.0410529
-0.0468620
-0.0542338
-0.0601845
-0.0633401
-0.0627293
-0.0587048
-0.0548463
-0.0562216
-0.0635664
-0.0699316
-0.0657764
-0.0489759
-0.0289568
-0.0192841
-0.0257294
-0.0421973
-0.0580935
-0.0680599
-0.0734730
-0.0760028
-0.0730645
-0.0615609
-0.0447529
-0.0322609
-0.0313514
-0.0388116
-0.0431122
-0.0353802
-0.0178347
-0.0009637
0.0073294
0.0093541
0.0148143
0.0312071
0.0571207
0.0839549
0.1029062
0.1100859
0.1062614
0.0937065
0.0744986
0.0514381
0.0291013
0.0124921
0.0038293
0.0004808
-0.0035956
-0.0135565
-0.0298156
-0.0479684
-0.0629096
-0.0735663
-0.0833082
-0.0949330
-0.1055588
-0.1084169
-0.1012373
-0.0914037
-0.0891495
-0.0943144
-0.0938070
-0.0779264
-0.0593284
-0.0677962
-0.1166895
-0.1728697
-0.1675210
-0.0459689
0.1898833
0.4891853
0.7992295
1.0976838
1.3745755
1.5909337
1.6732884
1.5642460
1.2818063
0.9226823
0.5999199
0.3719248
0.2255905
0.1180785
0.0263833
-0.0422776
-0.0764830
-0.0843617
-0.0887900
-0.1050723
-0.1292449
-0.1480150
-0.1558017
-0.1595805
-0.1688177
-0.1837863
-0.1948411
-0.1923287
-0.1766613
-0.1590892
-0.1526391
-0.1611741
-0.1762317
-0.1848766
-0.1817991
-0.1739901
-0.1726642
-0.1802375
-0.1866272
-0.1801246
-0.1616390
-0.1457943
-0.1461118
-0.1600495
-0.1711722
-0.1669061
-0.1522291
-0.1437560
-0.1509043
-0.1654327
-0.1706954
-0.1594574
-0.1403690
-0.1273321
-0.1252073
-0.1274714
-0.1261134
-0.1207148
-0.1168730
-0.1176406
-0.1187603
-0.1126262
-0.0959269
-0.0730419
-0.0525873
-0.0408702
-0.0376846
-0.0371422
-0.0323098
-0.0199073
-0.0016095
0.0184267
0.0368233
0.0519848
0.0632253
0.0708198
0.0775964
0.0888540
0.1081882
0.1325168
0.1526533
0.1605637
0.1563012
0.1471341
0.1401870
0.1372691
0.1369624
0.1391994
0.1447673
0.1503429
0.1474985
0.1299918
0.1019750
0.0762380
0.0625033
0.0584081
0.0537874
0.0434417
0.0332048
0.0319256
0.0390028
0.0428111
0.0326339
0.0106715
-0.0095764
-0.0166483
-0.0113673
-0.0036788
-0.0013190
-0.0034908
-0.0048914
-0.0029720
0.0005696
0.0039176
0.0077722
0.0131434
0.0187242
0.0225190
0.0252446
0.0295955
0.0354989
0.0384181
0.0346701
0.0276479
0.0258777
0.0335825
0.0448634
0.0493164
0.0430509
0.0322660
0.0257466
0.0259982
0.0292044
0.0320587
0.0353732
0.0403730
0.0443364
0.0427033
0.0350762
0.0268127
0.0239073
0.0275997
0.0345273
0.0402762
0.0410043
0.0332439
0.0161991
-0.0039791
-0.0151338
-0.0087072
0.0105264
0.0269989
0.0290230
0.0202264
0.0143043
0.0185153
0.0249640
0.0200471
0.0012772
-0.0179565
-0.0213585
-0.0063722
0.0129396
0.0189509
0.0057985
-0.0170166
-0.0339969
-0.0360605
-0.0258646
-0.0136143
-0.0082206
-0.0108637
-0.0153887
-0.0147416
-0.0078714
-0.0008897
-0.0012503
-0.0103769
-0.0218799
-0.0270957
-0.0226375
-0.0131492
-0.0073999
-0.0115396
-0.0246278
-0.0389735
-0.0448080
-0.0368002
-0.0184484
-0.0005413
0.0063254
-0.0004808
-0.0146440
-0.0276325
-0.0360111
-0.0416721
-0.0457621
-0.0447092
-0.0340396
-0.0155993
0.0011489
0.0064781
-0.0011307
-0.0143982
-0.0246707
-0.0290785
-0.0306558
-0.0330996
-0.0368094
-0.0396476
-0.0399254
-0.0377103
-0.0339037
-0.0292891
-0.0247933
-0.0218881
-0.0218824
-0.0246874
-0.0286206
-0.0316058
-0.0324586
-0.0310179
-0.0275426
-0.0227598
-0.0187564
-0.0189201
-0.0253504
-0.0353880
-0.0416877
-0.0380179
-0.0263525
-0.0171601
-0.0203176
-0.0346925
-0.0479102
-0.0480136
-0.0352848
-0.0213774
-0.0167778
-0.0207990
-0.0249478
-0.0245047
-0.0239376
-0.0302033
-0.0429511
-0.0535989
-0.0537058
-0.0424382
-0.0257385
-0.0103829
-0.0002221
0.0037515
0.0032044
0.0033542
0.0114241
0.0311061
0.0582104
0.0836248
0.1015425
0.1137432
0.1247628
0.1338869
0.1340869
0.1196922
0.0939643
0.0677874
0.0509030
0.0449092
0.0440871
0.0412659
0.0322411
0.0164310
-0.0037563
-0.0231827
-0.0357487
-0.0390103
-0.0380059
-0.0426401
-0.0588796
-0.0821578
-0.1009630
-0.1077667
-0.1051143
-0.0995435
-0.0913692
-0.0753918
-0.0543963
-0.0473130
-0.0738759
-0.1242035
-0.1467026
-0.0768817
0.1128758
0.3907269
0.6944267
0.9812568
1.2436339
1.4743081
1.6265832
1.6263388
1.4353435
1.1020852
0.7414225
0.4562677
0.2747063
0.1581384
0.0615477
-0.0213688
-0.0687586
-0.0723589
-0.0570342
-0.0581510
-0.0871424
-0.1249699
-0.1471945
-0.1494738
-0.1467634
-0.1522088
-0.1623529
-0.1636005
-0.1493964
-0.1281074
-0.1148395
-0.1177026
-0.1320091
-0.1455806
-0.1484575
-0.1392553
-0.1250671
-0.1159871
-0.1175902
-0.1262158
-0.1312989
-0.1241589
-0.1063288
-0.0895139
-0.0862852
-0.0994036
-0.1191908
-0.1310403
-0.1264239
-0.1086112
-0.0894090
-0.0800802
-0.0831820
-0.0910983
-0.0925122
-0.0821206
-0.0654878
-0.0541158
-0.0545313
-0.0616237
-0.0631075
-0.0510427
-0.0290346
-0.0082054
0.0033890
0.0070945
0.0104202
0.0191310
0.0332041
0.0493596
0.0653862
0.0808132
0.0942612
0.1024003
0.1032977
0.1007672
0.1036999
0.1190427
0.1445502
0.1692026
0.1821492
0.1819084
0.1765645
0.1749462
0.1785181
0.1825709
0.1840979
0.1857652
0.1907268
0.1953610
0.1905162
0.1712634
0.1435473
0.1188794
0.1027488
0.0904534
0.0749314
0.0562557
0.0408710
0.0323549
0.0264519
0.0170278
0.0047699
-0.0032349
-0.0026411
0.0023396
0.0039207
-0.0003987
-0.0066871
-0.0116668
-0.0172622
-0.0259785
-0.0341473
-0.0339027
-0.0228239
-0.0086672
-0.0018684
-0.0042961
-0.0080936
-0.0058903
0.0004938
0.0031588
-0.0019282
-0.0108298
-0.0170861
-0.0181937
-0.0153979
-0.0098419
-0.0023489
0.0035882
0.0026981
-0.0058618
-0.0154313
-0.0183852
-0.0155011
-0.0153503
-0.0227245
-0.0304650
-0.0265512
-0.0092216
0.0084707
0.0112680
-0.0028364
-0.0220199
-0.0344213
-0.0391711
-0.0427834
-0.0479936
-0.0502499
-0.0454303
-0.0374779
-0.0354816
-0.0437447
-0.0569541
-0.0657379
-0.0656170
-0.0597382
-0.0542368
-0.0528586
-0.0559608
-0.0624179
-0.0705300
-0.0775427
-0.0804000
-0.0782549
-0.0736163
-0.0698269
-0.0674159
-0.0640385
-0.0585006
-0.0537778
-0.0545908
-0.0618774
-0.0708872
-0.0755112
-0.0737424
-0.0679479
-0.0607253
-0.0529241
-0.0465923
-0.0471966
-0.0590225
-0.0775880
-0.0900705
-0.0871328
-0.0742577
-0.0677360
-0.0769004
-0.0920300
-0.0935411
-0.0742262
-0.0496690
-0.0435870
-0.0628850
-0.0894822
-0.0979556
-0.0801932
-0.0518102
-0.0357705
-0.0418654
-0.0617045
-0.0801922
-0.0889903
-0.0899206
-0.0891183
-0.0901109
-0.0912448
-0.0875934
-0.0755716
-0.0578000
-0.0439350
-0.0441703
-0.0592238
-0.0772764
-0.0838253
-0.0761673
-0.0665163
-0.0686096
-0.0818532
-0.0914818
-0.0854402
-0.0686925
-0.0579555
-0.0627875
-0.0752804
-0.0803308
-0.0738241
-0.0668401
-0.0711653
-0.0839343
-0.0900324
-0.0795460
-0.0598959
-0.0487955
-0.0562025
-0.0750781
-0.0897940
-0.0915869
-0.0845577
-0.0779659
-0.0753372
-0.0722335
-0.0633599
-0.0498930
-0.0392672
-0.0384856
-0.0480902
-0.0621524
-0.0735132
-0.0791741
-0.0811909
-0.0825711
-0.0823162
-0.0750885
-0.0569166
-0.0316017
-0.0100910
-0.0013721
-0.0032109
-0.0030983
0.0101269
0.0354725
0.0612203
0.0767631
0.0814940
0.0813453
0.0785491
0.0681246
0.0457572
0.0169515
-0.0051028
-0.0122834
-0.0109865
-0.0168874
-0.0393392
-0.0712259
-0.0949884
-0.0993708
-0.0905976
-0.0866530
-0.0994579
-0.1221720
-0.1353146
-0.1272767
-0.1083653
-0.1011505
-0.1143378
-0.1289915
-0.1174727
-0.0793147
-0.0524170
-0.0775395
-0.1457743
-0.1859504
-0.1140007
0.0993889
0.4098665
0.7459444
1.0667527
1.3665800
1.6264640
1.7789076
1.7405052
1.4888026
1.1030838
0.7200126
0.4412295
0.2773809
0.1729493
0.0758618
-0.0193779
-0.0870081
-0.1128321
-0.1140917
-0.1208983
-0.1465473
-0.1794848
-0.2005449
-0.2030218
-0.1958608
-0.1916640
-0.1949303
-0.2008938
-0.2025344
-0.1974613
-0.1895851
-0.1856715
-0.1895742
-0.1982350
-0.2035422
-0.2001422
-0.1923964
-0.1918304
-0.2051875
-0.2250877
-0.2353516
-0.2277574
-0.2123610
-0.2082118
-0.2227217
-0.2422160
-0.2453397
-0.2257300
-0.1992923
-0.1878550
-0.1968000
-0.2105456
-0.2099089
-0.1920575
-0.1723218
-0.1675822
-0.1798328
-0.1962824
-0.2036412
-0.2002229
-0.1939581
-0.1905505
-0.1859761
-0.1716059
-0.1457379
-0.1179437
-0.1003018
-0.0944112
-0.0890049
-0.0724004
-0.0470951
-0.0293828
-0.0319756
-0.0473939
-0.0517233
-0.0276015
0.0166417
0.0527617
0.0587210
0.0388139
0.0178180
0.0166626
0.0351577
0.0571226
0.0684219
0.0674441
0.0602070
0.0505534
0.0382786
0.0248698
0.0164885
0.0187303
0.0293121
0.0377919
0.0331124
0.0114918
-0.0218463
-0.0567403
-0.0836956
-0.0981183
-0.1021839
-0.1031828
-0.1079942
-0.1171142
-0.1241288
-0.1224718
-0.1134251
-0.1067117
-0.1119950
-0.1292387
-0.1475834
-0.1541749
-0.1449045
-0.1275787
-0.1151164
-0.1147947
-0.1224632
-0.1265345
-0.1187345
-0.1025479
-0.0912027
-0.0957981
-0.1141492
-0.1318250
-0.1355598
-0.1260251
-0.1165310
-0.1187221
-0.1305768
-0.1396224
-0.1372474
-0.1277063
-0.1221562
-0.1257197
-0.1330438
-0.1366270
-0.1365716
-0.1395423
-0.1489341
-0.1592794
-0.1621582
-0.1562020
-0.1488659
-0.1481348
-0.1543991
-0.1615142
-0.1642626
-0.1626483
-0.1593101
-0.1555941
-0.1520430
-0.1512815
-0.1573517
-0.1709291
-0.1864400
-0.1953895
-0.1926992
-0.1798768
-0.1634849
-0.1519581
-0.1523346
-0.1657538
-0.1835822
-0.1906882
-0.1779903
-0.1537664
-0.1388839
-0.1462362
-0.1651515
-0.1707350
-0.1514570
-0.1248399
-0.1210941
-0.1502228
-0.1887577
-0.2020484
-0.1786884
-0.1403740
-0.1182511
-0.1230019
-0.1397024
-0.1484383
-0.1446336
-0.1383444
-0.1385596
-0.1433058
-0.1448162
-0.1396917
-0.1309997
-0.1225324
-0.1150314
-0.1085798
-0.1051085
-0.1055485
-0.1060076
-0.1008207
-0.0907681
-0.0850862
-0.0914474
-0.1041826
-0.1066763
-0.0888140
-0.0609226
-0.0464967
-0.0589341
-0.0867697
-0.1041104
-0.0958584
-0.0713987
-0.0533977
-0.0548646
-0.0683200
-0.0760680
-0.0686854
-0.0529707
-0.0435509
-0.0480920
-0.0599797
-0.0641698
-0.0507675
-0.0249574
-0.0044753
-0.0056895
-0.0297916
-0.0617322
-0.0830710
-0.0862073
-0.0766315
-0.0634846
-0.0509657
-0.0394717
-0.0314532
-0.0315265
-0.0401004
-0.0502911
-0.0539219
-0.0494658
-0.0416026
-0.0336825
-0.0242801
-0.0125929
-0.0036102
-0.0033085
-0.0088239
-0.0078778
0.0091194
0.0383411
0.0669129
0.0869605
0.1014205
0.1151211
0.1246066
0.1212498
0.1030832
0.0784929
0.0568614
0.0400710
0.0267980
0.0210600
0.0282366
0.0406833
0.0355911
-0.0029391
-0.0591918
-0.0921093
-0.0741888
-0.0232881
0.0105425
-0.0071326
-0.0627340
-0.1112562
-0.1213119
-0.0993975
-0.0723387
-0.0554573
-0.0450504
-0.0379845
-0.0458555
-0.0797387
-0.1216562
-0.1199642
-0.0215137
0.1879973
0.4744707
0.7833767
1.0737473
1.3245315
1.5139917
1.6040401
1.5550544
1.3608069
1.0677215
0.7553748
0.4922649
0.3036917
0.1751336
0.0808621
0.0081934
-0.0410853
-0.0649582
-0.0712847
-0.0737606
-0.0811807
-0.0930162
-0.1047522
-0.1149614
-0.1256078
-0.1365087
-0.1424031
-0.1379461
-0.1258734
-0.1182212
-0.1267599
-0.1508330
-0.1754078
-0.1830381
-0.1691295
-0.1456743
-0.1298308
-0.1289171
-0.1363723
-0.1411133
-0.1391309
-0.1355768
-0.1371319
-0.1442412
-0.1509454
-0.1508701
-0.1425940
-0.1302080
-0.1200284
-0.1164104
-0.1189134
-0.1225079
-0.1215491
-0.1150798
-0.1081644
-0.1065409
-0.1092947
-0.1080765
-0.0952548
-0.0729175
-0.0524142
-0.0440551
-0.0476438
-0.0535444
-0.0521317
-0.0410248
-0.0239306
-0.0053095
0.0120257
0.0259873
0.0358421
0.0451624
0.0612705
0.0880166
0.1190478
0.1417300
0.1500427
0.1515790
0.1583818
0.1714144
0.1789213
0.1732108
0.1654918
0.1770836
0.2134325
0.2516880
0.2602222
0.2308648
0.1873507
0.1599144
0.1554006
0.1563504
0.1463479
0.1281558
0.1139925
0.1052907
0.0918085
0.0710763
0.0587247
0.0708165
0.0984056
0.1096743
0.0830153
0.0340013
0.0025578
0.0122474
0.0466282
0.0682554
0.0578165
0.0307944
0.0174046
0.0316050
0.0614216
0.0847282
0.0891629
0.0778798
0.0623414
0.0532345
0.0551386
0.0643285
0.0706246
0.0653857
0.0511758
0.0426097
0.0544162
0.0871279
0.1249843
0.1479616
0.1455146
0.1207225
0.0861970
0.0591350
0.0563432
0.0849292
0.1320938
0.1673048
0.1631110
0.1194690
0.0666333
0.0401309
0.0505939
0.0777251
0.0926795
0.0843648
0.0641471
0.0489090
0.0440116
0.0430141
0.0395784
0.0351115
0.0344504
0.0374421
0.0378038
0.0302829
0.0169411
0.0049921
-0.0011739
-0.0046078
-0.0119683
-0.0256604
-0.0406828
-0.0495433
-0.0497291
-0.0457079
-0.0438312
-0.0463194
-0.0508280
-0.0550191
-0.0598445
-0.0675833
-0.0776513
-0.0859200
-0.0886152
-0.0860730
-0.0819967
-0.0794644
-0.0784629
-0.0771920
-0.0747186
-0.0716883
-0.0689896
-0.0667304
-0.0647207
-0.0631547
-0.0620098
-0.0598764
-0.0543226
-0.0443895
-0.0329273
-0.0256193
-0.0262738
-0.0321750
-0.0346426
-0.0259587
-0.0072542
0.0105725
0.0152817
0.0040833
-0.0136319
-0.0247221
-0.0237174
-0.0160153
-0.0105092
-0.0103477
-0.0114478
-0.0088169
-0.0023377
0.0042285
0.0084461
0.0116572
0.0162126
0.0216714
0.0247435
0.0226636
0.0159982
0.0085070
0.0051217
0.0096933
0.0226643
0.0391691
0.0501497
0.0481891
0.0343929
0.0189394
0.0126510
0.0169133
0.0227738
0.0209767
0.0121124
0.0051652
0.0060366
0.0099653
0.0076133
-0.0021957
-0.0091961
-0.0031738
0.0129274
0.0246730
0.0218218
0.0100509
0.0047330
0.0136968
0.0287059
0.0349149
0.0268178
0.0128211
0.0048849
0.0063940
0.0112743
0.0128748
0.0110113
0.0104701
0.0153577
0.0265897
0.0432511
0.0634854
0.0835576
0.0986711
0.1073421
0.1146000
0.1280150
0.1483963
0.1651442
0.1636309
0.1395120
0.1057867
0.0837963
0.0850065
0.1004549
0.1082402
0.0924713
0.0565763
0.0198153
0.0013642
0.0060427
0.0220956
0.0305622
0.0182588
-0.0139545
-0.0522471
-0.0797495
-0.0887352
-0.0847350
-0.0776034
-0.0682900
-0.0479526
-0.0141685
0.0141872
0.0077251
-0.0389636
-0.0841496
-0.0593813
0.0789518
0.3176117
0.6070167
0.9078500
1.2064866
1.4816583
1.6705818
1.6913911
1.5123237
1.1941570
0.8526515
0.5744018
0.3711473
0.2119258
0.0840890
0.0085341
-0.0015396
0.0222547
0.0227742
-0.0277474
-0.1025154
-0.1532659
-0.1613643
-0.1499583
-0.1503403
-0.1670146
-0.1795805
-0.1717200
-0.1497263
-0.1327027
-0.1315997
-0.1418385
-0.1528346
-0.1591269
-0.1618263
-0.1636810
-0.1658859
-0.1682790
-0.1697263
-0.1680668
-0.1617757
-0.1526652
-0.1455334
-0.1436126
-0.1448695
-0.1444253
-0.1409884
-0.1394333
-0.1455085
-0.1580651
-0.1679106
-0.1656322
-0.1508259
-0.1330283
-0.1228380
-0.1218997
-0.1220001
-0.1144332
-0.0999469
-0.0884161
-0.0879659
-0.0949840
-0.0963279
-0.0821760
-0.0560130
-0.0309219
-0.0162978
-0.0095206
-0.0010279
0.0141214
0.0316777
0.0447919
0.0526949
0.0610546
0.0745832
0.0914891
0.1060055
0.1150211
0.1207640
0.1273387
0.1361384
0.1451638
0.1517629
0.1550104
0.1558291
0.1558965
0.1565397
0.1576904
0.1573450
0.1527361
0.1428890
0.1297701
0.1160875
0.1021082
0.0858486
0.0669265
0.0489645
0.0364880
0.0294510
0.0225543
0.0111559
-0.0030628
-0.0140357
-0.0190439
-0.0227951
-0.0323408
-0.0484150
-0.0634369
-0.0688235
-0.0635811
-0.0549115
-0.0506898
-0.0522612
-0.0548386
-0.0541669
-0.0518001
-0.0533998
-0.0619637
-0.0731407
-0.0778982
-0.0706491
-0.0552030
-0.0423233
-0.0405689
-0.0490373
-0.0591345
-0.0633695
-0.0618807
-0.0601913
-0.0616765
-0.0639288
-0.0629374
-0.0591908
-0.0574622
-0.0601165
-0.0624364
-0.0569188
-0.0429879
-0.0311349
-0.0351621
-0.0587401
-0.0896985
-0.1090935
-0.1076817
-0.0942151
-0.0868905
-0.0955301
-0.1118234
-0.1177176
-0.1039928
-0.0802914
-0.0661990
-0.0725129
-0.0919894
-0.1083905
-0.1129514
-0.1103875
-0.1096932
-0.1124301
-0.1125440
-0.1063579
-0.0987608
-0.0972229
-0.1015206
-0.1030666
-0.0956650
-0.0845408
-0.0817486
-0.0924639
-0.1080806
-0.1144186
-0.1059818
-0.0908064
-0.0817441
-0.0846827
-0.0955480
-0.1065645
-0.1130052
-0.1141767
-0.1108406
-0.1042714
-0.0975116
-0.0950834
-0.0995745
-0.1085649
-0.1159464
-0.1168073
-0.1110081
-0.1022675
-0.0945706
-0.0899724
-0.0893276
-0.0937810
-0.1043275
-0.1195748
-0.1345248
-0.1426521
-0.1402629
-0.1294460
-0.1167813
-0.1087104
-0.1074389
-0.1104905
-0.1134944
-0.1132330
-0.1087586
-0.1009986
-0.0923561
-0.0864345
-0.0866433
-0.0935640
-0.1034216
-0.1101955
-0.1105257
-0.1069921
-0.1060031
-0.1115211
-0.1203782
-0.1241466
-0.1166437
-0.1004489
-0.0859095
-0.0826663
-0.0910983
-0.1019607
-0.1050781
-0.0989036
-0.0914095
-0.0913273
-0.0988228
-0.1054755
-0.1035524
-0.0944763
-0.0872771
-0.0888911
-0.0970674
-0.1033570
-0.1022317
-0.0959761
-0.0905441
-0.0879695
-0.0841466
-0.0739342
-0.0572141
-0.0390819
-0.0243767
-0.0128472
-0.0000334
0.0174011
0.0374650
0.0536579
0.0596276
0.0533534
0.0377466
0.0180997
-0.0008252
-0.0159103
-0.0253837
-0.0291055
-0.0300920
-0.0349763
-0.0505791
-0.0777766
-0.1085880
-0.1312659
-0.1401551
-0.1404210
-0.1416605
-0.1467789
-0.1493024
-0.1432669
-0.1335801
-0.1318846
-0.1405401
-0.1455881
-0.1326110
-0.1101722
-0.1089387
-0.1472145
-0.1953893
-0.1825858
-0.0482566
0.2092076
0.5356321
0.8696209
1.1805045
1.4549474
1.6559794
1.7152135
1.5815316
1.2792634
0.9093093
0.5837111
0.3543497
0.2009590
0.0796378
-0.0260882
-0.1012706
-0.1336573
-0.1381999
-0.1443539
-0.1660675
-0.1917114
-0.2032937
-0.1994861
-0.1959378
-0.2055423
-0.2235650
-0.2339079
-0.2273330
-0.2106109
-0.1981284
-0.1972080
-0.2031154
-0.2069522
-0.2058169
-0.2044837
-0.2089064
-0.2200532
-0.2338307
-0.2449241
-0.2495421
-0.2460022
-0.2354693
-0.2229856
-0.2155627
-0.2164666
-0.2211868
-0.2213902
-0.2144288
-0.2074041
-0.2090808
-0.2176586
-0.2197011
-0.2039107
-0.1750024
-0.1507323
-0.1439652
-0.1497544
-0.1522531
-0.1431852
-0.1301674
-0.1256397
-0.1303548
-0.1313626
-0.1165933
-0.0886085
-0.0619635
-0.0482284
-0.0458211
-0.0442258
-0.0354441
-0.0198630
-0.0028970
0.0111167
0.0215213
0.0306172
0.0422528
0.0596838
0.0820013
0.1022710
0.1118728
0.1090509
0.1022809
0.1024874
0.1113992
0.1201906
0.1216145
0.1212775
0.1322662
0.1568799
0.1772578
0.1694129
0.1283680
0.0767722
0.0453559
0.0443871
0.0559722
0.0547331
0.0339302
0.0095701
0.0005139
0.0082552
0.0176823
0.0150979
0.0019667
-0.0093306
-0.0102397
-0.0040754
-0.0003549
-0.0039811
-0.0112528
-0.0149170
-0.0109269
-0.0003423
0.0129758
0.0247388
0.0314045
0.0316059
0.0274795
0.0233222
0.0215883
0.0207076
0.0182389
0.0161099
0.0207302
0.0360065
0.0565711
0.0702511
0.0691420
0.0578283
0.0488372
0.0493226
0.0536696
0.0507307
0.0377750
0.0252774
0.0268117
0.0447348
0.0667044
0.0764561
0.0679549
0.0495150
0.0350425
0.0317707
0.0359153
0.0387735
0.0358684
0.0303850
0.0289194
0.0345722
0.0438352
0.0498384
0.0488564
0.0437239
0.0404754
0.0417156
0.0441905
0.0432329
0.0385985
0.0349648
0.0370182
0.0447045
0.0530759
0.0565210
0.0537739
0.0492214
0.0485929
0.0530046
0.0584099
0.0613561
0.0628142
0.0637227
0.0585848
0.0386482
