0.0490029
0.0235514
-0.0262618
-0.0415240
-0.0039084
0.0540135
0.1043445
0.1398008
0.1452352
0.1030987
0.0292864
-0.0342762
-0.0666523
-0.0797303
-0.0852876
-0.0796548
-0.0628201
-0.0473835
-0.0436138
-0.0516464
-0.0673799
-0.0816867
-0.0793977
-0.0561398
-0.0316229
-0.0294291
-0.0468815
-0.0601228
-0.0563480
-0.0471149
-0.0503417
-0.0679725
-0.0782281
-0.0434061
0.0674648
0.2544086
0.4886691
0.7417922
1.0001547
1.2412963
1.4088101
1.4315209
1.2759867
0.9820839
0.6511273
0.3934886
0.2659238
0.2408954
0.2364182
0.1843786
0.0769390
-0.0431026
-0.1251037
-0.1459234
-0.1200198
-0.0849430
-0.0711174
-0.0787835
-0.0850888
-0.0730477
-0.0488319
-0.0318793
-0.0351543
-0.0559567
-0.0800548
-0.0934266
-0.0939195
-0.0914196
-0.0940991
-0.0977881
-0.0933204
-0.0802705
-0.0669862
-0.0598744
-0.0590658
-0.0621459
-0.0653347
-0.0624565
-0.0493554
-0.0293347
-0.0092933
0.0094634
0.0320297
0.0597573
0.0806480
0.0720761
0.0180939
-0.0702897
-0.1539332
-0.1931882
-0.1802971
-0.1407452
-0.1035254
-0.0781270
-0.0613613
-0.0537975
-0.0586675
-0.0694775
-0.0705492
-0.0535240
-0.0283549
-0.0131234
-0.0130512
-0.0138543
0.0000314
0.0232105
0.0338444
0.0230378
0.0100010
0.0187832
0.0458445
0.0632911
0.0543459
0.0342911
0.0322556
0.0610705
0.1117933
0.1714535
0.2338435
0.2885452
0.3083051
0.2628489
0.1540802
0.0313319
-0.0422101
-0.0438834
-0.0077619
0.0146538
0.0026813
-0.0267066
-0.0485438
-0.0540821
-0.0484185
-0.0374029
-0.0242455
-0.0149439
-0.0188896
-0.0396226
-0.0663707
-0.0797715
-0.0693268
-0.0438777
-0.0233421
-0.0231478
-0.0487527
-0.0982706
-0.1598314
-0.2064787
-0.2060908
-0.1478002
-0.0602047
0.0015718
-0.0060092
-0.0812509
-0.1758257
-0.2298812
-0.2180475
-0.1675402
-0.1307980
-0.1365632
-0.1639349
-0.1622068
-0.0980618
0.0111405
0.1067805
0.1328614
0.0750630
-0.0377983
-0.1618408
-0.2599969
-0.3024971
-0.2677898
-0.1622741
-0.0372676
0.0324157
0.0034556
-0.0982558
-0.1988024
-0.2392120
-0.2191656
-0.1809214
-0.1573597
-0.1445927
-0.1248885
-0.1019513
-0.0990055
-0.1243712
-0.1543303
-0.1584509
-0.1349214
-0.1112540
-0.1109706
-0.1276883
-0.1359293
-0.1230792
-0.1037179
-0.1006426
-0.1172883
-0.1353545
-0.1384315
-0.1301350
-0.1257161
-0.1323960
-0.1445395
-0.1545028
-0.1597165
-0.1582509
-0.1450673
-0.1186033
-0.0896649
-0.0788479
-0.1013261
-0.1521681
-0.2058390
-0.2305603
-0.2056719
-0.1312782
-0.0299461
0.0571432
0.0842912
0.0274928
-0.0940571
-0.2253273
-0.3114806
-0.3316617
-0.3022480
-0.2539826
-0.2097072
-0.1795337
-0.1672581
-0.1733314
-0.1905310
-0.2022847
-0.1927611
-0.1619770
-0.1283512
-0.1127259
-0.1198017
-0.1362707
-0.1451653
-0.1397241
-0.1254212
-0.1128484
-0.1091146
-0.1129451
-0.1164486
-0.1128157
-0.1031858
-0.0955713
-0.0968970
-0.1062250
-0.1153604
-0.1160541
-0.1074478
-0.0965035
-0.0901994
-0.0879405
-0.0838253
-0.0761952
-0.0715364
-0.0769637
-0.0908139
-0.1030300
-0.1045909
-0.0957309
-0.0854108
-0.0829604
-0.0892882
-0.0961080
-0.0948029
-0.0859250
-0.0785428
-0.0801568
-0.0887924
-0.0954527
-0.0932461
-0.0837813
-0.0753908
-0.0751816
-0.0823137
-0.0891410
-0.0885243
-0.0783084
-0.0586820
-0.0293809
0.0061906
0.0355020
0.0415425
0.0173124
-0.0243008
-0.0576652
-0.0646119
-0.0501348
-0.0381548
-0.0494281
-0.0819648
-0.1137469
-0.1251383
-0.1176158
-0.1104610
-0.1210927
-0.1495951
-0.1804965
-0.1975991
-0.1975760
-0.1906647
-0.1887143
-0.1928841
-0.1935570
-0.1818720
-0.1601744
-0.1409587
-0.1356986
-0.1429584
-0.1449654
-0.1161932
-0.0384083
0.0905210
0.2619823
0.4684088
0.7049944
0.9559151
1.1794663
1.3128524
1.3021355
1.1387149
0.8722361
0.5849472
0.3452065
0.1771345
0.0670324
-0.0082455
-0.0613384
-0.0955895
-0.1153025
-0.1288019
-0.1424024
-0.1551469
-0.1616657
-0.1597793
-0.1536455
-0.1490876
-0.1479805
-0.1491690
-0.1529350
-0.1603112
-0.1673061
-0.1641049
-0.1439593
-0.1125293
-0.0860386
-0.0791872
-0.0948108
-0.1244467
-0.1573107
-0.1874677
-0.2124877
-0.2278210
-0.2268399
-0.2084886
-0.1822152
-0.1613045
-0.1508954
-0.1449422
-0.1353427
-0.1214856
-0.1092768
-0.1025650
-0.0984017
-0.0916860
-0.0828364
-0.0780817
-0.0809013
-0.0853505
-0.0814019
-0.0671156
-0.0518447
-0.0451007
-0.0447286
-0.0395057
-0.0227907
-0.0002824
0.0168265
0.0242461
0.0280968
0.0365557
0.0504767
0.0643579
0.0757167
0.0896280
0.1111841
0.1357186
0.1516396
0.1547359
0.1562204
0.1723995
0.2055584
0.2370841
0.2420765
0.2127612
0.1679776
0.1381045
0.1388264
0.1593909
0.1765183
0.1779053
0.1701809
0.1656249
0.1659098
0.1617182
0.1463746
0.1255875
0.1115593
0.1092905
0.1124708
0.1138486
0.1152134
0.1218246
0.1286667
0.1210708
0.0948161
0.0705255
0.0772869
0.1176421
0.1553753
0.1478318
0.0931049
0.0386386
0.0347408
0.0789390
0.1143486
0.0900266
0.0196766
-0.0291926
-0.0082517
0.0562010
0.0892506
0.0493149
-0.0230025
-0.0443659
0.0232202
0.1287083
0.1796134
0.1315202
0.0272192
-0.0505542
-0.0573690
-0.0154362
0.0261314
0.0443259
0.0515323
0.0639787
0.0769406
0.0756940
0.0611723
0.0524598
0.0623833
0.0802569
0.0865584
0.0799501
0.0784255
0.0915830
0.1033709
0.0934738
0.0718604
0.0772722
0.1330874
0.2113841
0.2530692
0.2272147
0.1632408
0.1174879
0.1111836
0.1106286
0.0708370
-0.0103283
-0.0898573
-0.1267463
-0.1192063
-0.0914690
-0.0551600
0.0017439
0.0855466
0.1680710
0.2003497
0.1590368
0.0740302
0.0035034
-0.0192719
-0.0105905
-0.0075679
-0.0215091
-0.0279194
-0.0028981
0.0401214
0.0600420
0.0349971
-0.0096074
-0.0282048
-0.0069883
0.0232048
0.0304009
0.0244677
0.0381970
0.0672385
0.0559429
-0.0319249
-0.1357332
-0.1267174
0.0576845
0.3140979
0.4378073
0.3100438
0.0204084
-0.2095992
-0.2302623
-0.0894253
0.0386744
0.0336142
-0.0700499
-0.1461678
-0.1156788
-0.0138529
0.0634642
0.0589707
-0.0031367
-0.0572457
-0.0645790
-0.0415314
-0.0306329
-0.0523520
-0.0868656
-0.0991535
-0.0770087
-0.0412540
-0.0188678
-0.0107326
0.0074051
0.0501066
0.0953045
0.1018582
0.0557883
-0.0087825
-0.0414850
-0.0255316
0.0109305
0.0321040
0.0339396
0.0407239
0.0683279
0.1021141
0.1153907
0.1027633
0.0862789
0.0885078
0.1073518
0.1217471
0.1169246
0.0972433
0.0767416
0.0660914
0.0706142
0.0912655
0.1189739
0.1336743
0.1230094
0.1058549
0.1235864
0.1916518
0.2616310
0.2527865
0.1403017
0.0073789
-0.0147961
0.1221507
0.3161941
0.3951174
0.2767853
0.0510248
-0.1008732
-0.0709592
0.0839565
0.2039380
0.1738888
0.0213620
-0.1131402
-0.0955979
0.0949136
0.3497740
0.5073415
0.4636485
0.2424662
-0.0208955
-0.1714552
-0.1395013
0.0153841
0.1525152
0.1543869
0.0101653
-0.1824779
-0.2973298
-0.2786973
-0.1789805
-0.1023521
-0.1049668
-0.1462511
-0.1402505
-0.0556278
0.0414738
0.0518490
-0.0494859
-0.1787154
-0.2230002
-0.1524049
-0.0445567
0.0036191
-0.0188992
-0.0255779
0.0798288
0.3128353
0.6034806
0.8673212
1.0687894
1.2169519
1.3142360
1.3248007
1.1998195
0.9333594
0.5920963
0.2877885
0.1109030
0.0735848
0.1038412
0.0990830
0.0041057
-0.1471049
-0.2655298
-0.2916950
-0.2508434
-0.2204353
-0.2419968
-0.2754368
-0.2527256
-0.1726005
-0.1192897
-0.1677683
-0.2772729
-0.3078931
-0.1648236
0.0795953
0.2292364
0.1419678
-0.1371868
-0.4198136
-0.5413167
-0.4826228
-0.3468147
-0.2459380
-0.2192361
-0.2366198
-0.2474190
-0.2177850
-0.1441475
-0.0553160
-0.0011151
-0.0201442
-0.1072620
-0.2169547
-0.3030738
-0.3498288
-0.3610073
-0.3326072
-0.2557081
-0.1474395
-0.0584388
-0.0315972
-0.0579466
-0.0899125
-0.1011349
-0.1173045
-0.1754877
-0.2629863
-0.3175307
-0.2935300
-0.2130597
-0.1391517
-0.1079253
-0.1038943
-0.0993217
-0.0944412
-0.1043203
-0.1206849
-0.1129077
-0.0715268
-0.0293631
-0.0210682
-0.0307638
-0.0046429
0.0758679
0.1521273
0.1418078
0.0349346
-0.0808459
-0.1013051
-0.0055103
0.1314857
0.2160639
0.2120196
0.1445219
0.0540925
-0.0338938
-0.1029696
-0.1364872
-0.1308391
-0.1086209
-0.1004517
-0.1095775
-0.1062277
-0.0660922
-0.0082105
0.0174121
-0.0183453
-0.0926362
-0.1553473
-0.1779114
-0.1706651
-0.1573421
-0.1463159
-0.1329601
-0.1201337
-0.1203453
-0.1331761
-0.1321268
-0.0887690
-0.0128180
0.0424281
0.0260735
-0.0574462
-0.1473400
-0.1820172
-0.1538740
-0.1076669
-0.0894593
-0.1041760
-0.1232840
-0.1241407
-0.1111573
-0.0994330
-0.0907813
-0.0766659
-0.0598593
-0.0574807
-0.0747192
-0.0852859
-0.0540265
0.0167094
0.0736677
0.0573483
-0.0380415
-0.1539320
-0.2182599
-0.2044131
-0.1409726
-0.0728078
-0.0228700
0.0090068
0.0236486
0.0123896
-0.0298381
-0.0896811
-0.1394704
-0.1555731
-0.1324389
-0.0831850
-0.0309233
0.0029067
0.0094292
-0.0034184
-0.0193851
-0.0307199
-0.0464617
-0.0801795
-0.1280137
-0.1631408
-0.1577779
-0.1115970
-0.0545590
-0.0193104
-0.0130620
-0.0190200
-0.0224348
-0.0288165
-0.0540909
-0.1011631
-0.1519142
-0.1830370
-0.1860040
-0.1694546
-0.1456103
-0.1199140
-0.0941958
-0.0734206
-0.0633624
-0.0635447
-0.0690703
-0.0805150
-0.1043366
-0.1364211
-0.1494117
-0.1098024
-0.0171751
0.0772083
0.1034398
0.0341403
-0.0867458
-0.1803110
-0.1998492
-0.1620749
-0.1155093
-0.0864276
-0.0619028
-0.0222573
0.0209712
0.0280673
-0.0271298
-0.1224044
-0.1979133
-0.2048849
-0.1469914
-0.0756469
-0.0437187
-0.0610190
-0.0925953
-0.0988801
-0.0756965
-0.0535318
-0.0593123
-0.0846302
-0.0966720
-0.0783601
-0.0489355
-0.0391082
-0.0512075
-0.0554214
-0.0295112
0.0065917
0.0071061
-0.0476159
-0.1238014
-0.1651970
-0.1487574
-0.1041537
-0.0788194
-0.0903330
-0.1163814
-0.1255682
-0.1095387
-0.0847312
-0.0714530
-0.0775925
-0.0979925
-0.1194501
-0.1234609
-0.0925271
-0.0245101
0.0563446
0.1080992
0.0986041
0.0303041
-0.0587470
-0.1184356
-0.1168714
-0.0580323
0.0217100
0.0752480
0.0734029
0.0234021
-0.0379563
-0.0743801
-0.0789862
-0.0751053
-0.0886241
-0.1212334
-0.1521795
-0.1632590
-0.1561343
-0.1428676
-0.1249782
-0.0911162
-0.0397645
0.0012595
-0.0105962
-0.0903397
-0.1992104
-0.2696124
-0.2640913
-0.2100674
-0.1712241
-0.1814122
-0.2086949
-0.1867276
-0.0779722
0.1004257
0.3111955
0.5420003
0.8004711
1.0666635
1.2720230
1.3456581
1.2802532
1.1356297
0.9702223
0.7832063
0.5412006
0.2565079
0.0121974
-0.1099436
-0.1186656
-0.1086609
-0.1588116
-0.2483262
-0.2879444
-0.2284224
-0.1197917
-0.0574423
-0.0839662
-0.1581359
-0.2132239
-0.2248140
-0.2139129
-0.2014320
-0.1833095
-0.1526514
-0.1256469
-0.1269346
-0.1529839
-0.1679894
-0.1447383
-0.0999645
-0.0765290
-0.0921673
-0.1184022
-0.1157225
-0.0809175
-0.0495191
-0.0544060
-0.0937018
-0.1425764
-0.1844006
-0.2169607
-0.2317723
-0.2067070
-0.1335594
-0.0472846
-0.0099837
-0.0552284
-0.1519485
-0.2305762
-0.2446131
-0.2030436
-0.1467596
-0.1050493
-0.0804427
-0.0658455
-0.0599753
-0.0608014
-0.0547769
-0.0264454
0.0191808
0.0528964
0.0477346
0.0083492
-0.0302316
-0.0333653
0.0058101
0.0666414
0.1202946
0.1453663
0.1328578
0.0896815
0.0423069
0.0272801
0.0635260
0.1289058
0.1719511
0.1572424
0.1012795
0.0578933
0.0646675
0.1072956
0.1409720
0.1431341
0.1355417
0.1506337
0.1845664
0.1961305
0.1554939
0.0851339
0.0419538
0.0579184
0.1059670
0.1297080
0.1027413
0.0515353
0.0200486
0.0203527
0.0249069
0.0043972
-0.0359585
-0.0623366
-0.0506580
-0.0129637
0.0159296
0.0148144
-0.0040625
-0.0114365
0.0051729
0.0267789
0.0239499
-0.0071393
-0.0325063
-0.0101560
0.0632436
0.1375325
0.1490317
0.0817173
-0.0130866
-0.0639713
-0.0478156
-0.0064459
0.0070251
-0.0086517
-0.0038996
0.0560725
0.1377657
0.1639995
0.0935274
-0.0319152
-0.1247673
-0.1309753
-0.0677810
0.0094127
0.0615673
0.0824752
0.0770208
0.0456440
-0.0040306
-0.0459231
-0.0532189
-0.0275998
0.0012052
0.0096779
0.0046791
0.0047102
0.0053921
-0.0174717
-0.0639756
-0.0856927
-0.0277387
0.0999047
0.2087343
0.2060734
0.0850942
-0.0667504
-0.1511017
-0.1447890
-0.1016707
-0.0798931
-0.0816263
-0.0670893
-0.0154378
0.0430865
0.0589056
0.0194383
-0.0340224
-0.0475580
-0.0109539
0.0292855
0.0159598
-0.0566970
-0.1275678
-0.1219941
-0.0276352
0.0835474
0.1168429
0.0442724
-0.0683991
-0.1265566
-0.0961825
-0.0254818
0.0163140
0.0072547
-0.0255193
-0.0561239
-0.0870876
-0.1198715
-0.1207834
-0.0457678
0.0943203
0.2131942
0.2157793
0.0890215
-0.0820834
-0.1910633
-0.1966262
-0.1353802
-0.0663861
-0.0203814
0.0007812
-0.0010857
-0.0273269
-0.0688219
-0.1033199
-0.1142484
-0.1047416
-0.0861426
-0.0590494
-0.0171241
0.0308155
0.0558744
0.0362018
-0.0152030
-0.0598320
-0.0719044
-0.0590326
-0.0411958
-0.0190288
0.0229824
0.0803964
0.1105213
0.0663919
-0.0480926
-0.1667734
-0.2146084
-0.1736852
-0.0933456
-0.0366941
-0.0239138
-0.0307779
-0.0337072
-0.0408341
-0.0716362
-0.1153573
-0.1270544
-0.0737578
0.0218209
0.0951053
0.0998630
0.0481259
-0.0129520
-0.0548441
-0.0856021
-0.1151232
-0.1210600
-0.0688983
0.0331776
0.1178008
0.1149140
0.0262395
-0.0680425
-0.0849309
-0.0181275
0.0625392
0.0873123
0.0539307
0.0187963
0.0312938
0.0857355
0.1345754
0.1372756
0.0914710
0.0250594
-0.0302873
-0.0572475
-0.0561706
-0.0402675
-0.0260873
-0.0213174
-0.0193436
-0.0092857
0.0071450
0.0130937
-0.0054985
-0.0424678
-0.0772226
-0.0965767
-0.1037377
-0.1042007
-0.0927426
-0.0650473
-0.0381876
-0.0422533
-0.0801933
-0.1040496
-0.0489539
0.1027541
0.3014098
0.4836162
0.6396085
0.8119339
1.0234968
1.2217178
1.3108594
1.2404516
1.0504708
0.8255168
0.6163022
0.4181100
0.2192442
0.0474632
-0.0474700
-0.0513318
-0.0087482
0.0178660
0.0054503
-0.0203779
-0.0275354
-0.0171910
-0.0179402
-0.0490235
-0.0990154
-0.1409906
-0.1611338
-0.1674327
-0.1732678
-0.1790473
-0.1730703
-0.1484973
-0.1157774
-0.0956796
-0.0988767
-0.1130290
-0.1128910
-0.0863228
-0.0499595
-0.0346574
-0.0516549
-0.0751511
-0.0646236
-0.0080127
0.0597302
0.0854612
0.0461969
-0.0323232
-0.1031306
-0.1386471
-0.1429818
-0.1326613
-0.1171871
-0.1007553
-0.0914366
-0.0950099
-0.0991621
-0.0765077
-0.0144762
0.0598747
0.0955595
0.0644772
-0.0097822
-0.0730374
-0.0878889
-0.0572441
-0.0066549
0.0442639
0.0877810
0.1160014
0.1188057
0.0979998
0.0730965
0.0628173
0.0641317
0.0608459
0.0551099
0.0777306
0.1534264
0.2570409
0.3191965
0.2880544
0.1850297
0.0912906
0.0748973
0.1325063
0.2018953
0.2252839
0.1958708
0.1482818
0.1163286
0.1068132
0.1079231
0.1103263
0.1140906
0.1203024
0.1247576
0.1226038
0.1148590
0.1058879
0.0955056
0.0786391
0.0558642
0.0415778
0.0552298
0.0996944
0.1493455
0.1653820
0.1287087
0.0592842
0.0009474
-0.0151507
0.0067653
0.0386001
0.0582805
0.0652454
0.0688406
0.0688069
0.0532126
0.0148744
-0.0357010
-0.0770557
-0.0946186
-0.0891994
-0.0695614
-0.0418268
-0.0087563
0.0241094
0.0476033
0.0564704
0.0553598
0.0546219
0.0603934
0.0702977
0.0783181
0.0814536
0.0808270
0.0788863
0.0784436
0.0834000
0.0956893
0.1085619
0.1060864
0.0762403
0.0280942
-0.0077274
-0.0031716
0.0383701
0.0791172
0.0776649
0.0261189
-0.0424945
-0.0835300
-0.0773219
-0.0389542
0.0026399
0.0299969
0.0426347
0.0453815
0.0395488
0.0269004
0.0163496
0.0202080
0.0421375
0.0706495
0.0857466
0.0723873
0.0301336
-0.0254446
-0.0691320
-0.0796858
-0.0562381
-0.0236057
-0.0136433
-0.0323429
-0.0465420
-0.0140865
0.0651330
0.1334860
0.1236718
0.0288931
-0.0806027
-0.1202193
-0.0721778
0.0005119
0.0226246
-0.0165394
-0.0601750
-0.0531561
-0.0028716
0.0342296
0.0192024
-0.0277843
-0.0536723
-0.0303488
0.0214843
0.0609342
0.0670615
0.0467446
0.0131939
-0.0295554
-0.0786346
-0.1196712
-0.1331394
-0.1140696
-0.0789231
-0.0494524
-0.0328296
-0.0207204
-0.0049822
0.0110892
0.0172580
0.0072170
-0.0168805
-0.0459183
-0.0651424
-0.0577116
-0.0169108
0.0397654
0.0739714
0.0539340
-0.0164375
-0.0973415
-0.1439773
-0.1375749
-0.0886461
-0.0190014
0.0505782
0.0982644
0.1024057
0.0575922
-0.0128098
-0.0720224
-0.1033157
-0.1219791
-0.1473636
-0.1681201
-0.1481158
-0.0722870
0.0220656
0.0716092
0.0463352
-0.0240821
-0.0851270
-0.1104724
-0.1133451
-0.1121536
-0.1015624
-0.0661650
-0.0135150
0.0225808
0.0169022
-0.0172824
-0.0410330
-0.0293920
0.0096945
0.0551882
0.0997014
0.1466095
0.1852973
0.1850110
0.1243271
0.0236911
-0.0620135
-0.0894872
-0.0644615
-0.0316155
-0.0299188
-0.0611026
-0.0991897
-0.1220415
-0.1269877
-0.1192395
-0.0969366
-0.0568213
-0.0123926
0.0046717
-0.0296387
-0.1039858
-0.1751315
-0.2028637
-0.1818007
-0.1395618
-0.1082233
-0.1014572
-0.1149055
-0.1356332
-0.1414400
-0.0968918
0.0316925
0.2446826
0.4974471
0.7339685
0.9360977
1.1281925
1.3216893
1.4607904
1.4431551
1.2105464
0.8196522
0.4149154
0.1256556
-0.0139010
-0.0550987
-0.0658912
-0.0805401
-0.1022595
-0.1270676
-0.1505550
-0.1624238
-0.1538317
-0.1337409
-0.1253180
-0.1381235
-0.1526929
-0.1453255
-0.1252351
-0.1304068
-0.1776859
-0.2286785
-0.2240002
-0.1545731
-0.0839001
-0.0865137
-0.1688891
-0.2641767
-0.3057396
-0.2915033
-0.2665317
-0.2544467
-0.2291620
-0.1619884
-0.0792520
-0.0497876
-0.1103797
-0.2185448
-0.2927067
-0.2947289
-0.2588946
-0.2376842
-0.2354035
-0.2112776
-0.1433059
-0.0680554
-0.0444264
-0.0871087
-0.1530270
-0.1950048
-0.2111843
-0.2272206
-0.2399769
-0.2061026
-0.1012299
0.0236886
0.0720976
-0.0010141
-0.1335163
-0.2127331
-0.1869874
-0.1097862
-0.0711306
-0.0978686
-0.1338241
-0.1127599
-0.0334318
0.0456176
0.0744497
0.0590796
0.0404641
0.0417138
0.0481824
0.0351148
0.0012022
-0.0308908
-0.0403083
-0.0265601
-0.0043036
0.0128982
0.0212730
0.0244804
0.0276779
0.0330212
0.0372016
0.0331121
0.0174874
-0.0017034
-0.0095127
-0.0004042
0.0107928
0.0005587
-0.0371730
-0.0801687
-0.0990052
-0.0893927
-0.0779926
-0.0919415
-0.1254312
-0.1435593
-0.1225826
-0.0817573
-0.0672732
-0.1015345
-0.1533203
-0.1657878
-0.1165484
-0.0460866
-0.0217255
-0.0720722
-0.1581825
-0.2097192
-0.1889962
-0.1210723
-0.0654509
-0.0617297
-0.1007751
-0.1418886
-0.1524706
-0.1324175
-0.1067337
-0.0993562
-0.1129857
-0.1302514
-0.1327339
-0.1198140
-0.1091283
-0.1169191
-0.1374065
-0.1442011
-0.1159514
-0.0621379
-0.0216378
-0.0320764
-0.0968904
-0.1799399
-0.2319216
-0.2250213
-0.1684278
-0.0972049
-0.0480540
-0.0399994
-0.0688521
-0.1142024
-0.1525989
-0.1690651
-0.1610275
-0.1347409
-0.0999321
-0.0673650
-0.0479717
-0.0495939
-0.0718364
-0.1045980
-0.1339507
-0.1515495
-0.1592711
-0.1648950
-0.1733656
-0.1821427
-0.1842893
-0.1751993
-0.1566533
-0.1358531
-0.1211386
-0.1170164
-0.1211421
-0.1259571
-0.1250891
-0.1195910
-0.1174486
-0.1252558
-0.1388938
-0.1424691
-0.1189934
-0.0665531
-0.0071903
0.0216932
-0.0086213
-0.0946618
-0.1970613
-0.2627816
-0.2585850
-0.1906800
-0.0966023
-0.0190811
0.0152315
-0.0001998
-0.0571969
-0.1354306
-0.2041981
-0.2343187
-0.2175490
-0.1732041
-0.1293691
-0.0955840
-0.0577426
-0.0021563
0.0593270
0.0937839
0.0770831
0.0151877
-0.0653517
-0.1425359
-0.2090401
-0.2605305
-0.2843412
-0.2667140
-0.2089780
-0.1312711
-0.0601787
-0.0156442
-0.0074269
-0.0351625
-0.0854707
-0.1329583
-0.1539905
-0.1449812
-0.1248169
-0.1153462
-0.1200252
-0.1246396
-0.1179201
-0.1058189
-0.1023023
-0.1100507
-0.1165209
-0.1095182
-0.0913652
-0.0746451
-0.0674021
-0.0670505
-0.0675903
-0.0673188
-0.0672370
-0.0659507
-0.0611089
-0.0552843
-0.0551755
-0.0620769
-0.0665606
-0.0578511
-0.0382407
-0.0225879
-0.0206176
-0.0243803
-0.0191990
-0.0046922
0.0046071
0.0041429
0.0166468
0.0709271
0.1590864
0.2256755
0.2151815
0.1355358
0.0646376
0.0796131
0.1745065
0.2543458
0.2195286
0.0599789
-0.1338617
-0.2523756
-0.2589180
-0.2063264
-0.1710579
-0.1769486
-0.1822204
-0.1346198
-0.0338962
0.0598567
0.0765292
-0.0044039
-0.1368508
-0.2433178
-0.2696948
-0.2179549
-0.1377315
-0.0880398
-0.0971461
-0.1452550
-0.1777581
-0.1380364
0.0016601
0.2296863
0.5078979
0.7932897
1.0489984
1.2399641
1.3280781
1.2831658
1.1061466
0.8418420
0.5638384
0.3384537
0.1939758
0.1166692
0.0724727
0.0342393
-0.0055155
-0.0404326
-0.0636748
-0.0759232
-0.0837554
-0.0928160
-0.1028511
-0.1089879
-0.1079197
-0.1025366
-0.0995364
-0.1023658
-0.1078386
-0.1106045
-0.1098981
-0.1101949
-0.1151024
-0.1220984
-0.1246010
-0.1191341
-0.1093695
-0.1023790
-0.1014446
-0.1036825
-0.1046389
-0.1035610
-0.1030911
-0.1049569
-0.1077521
-0.1088488
-0.1070580
-0.1031861
-0.0992440
-0.0976732
-0.1002287
-0.1063554
-0.1126938
-0.1150998
-0.1117656
-0.1041892
-0.0946121
-0.0828037
-0.0668355
-0.0482076
-0.0351350
-0.0379624
-0.0596562
-0.0914787
-0.1190145
-0.1321370
-0.1290083
-0.1125311
-0.0861763
-0.0544106
-0.0248255
-0.0058509
0.0001007
0.0004640
0.0068059
0.0236827
0.0441123
0.0574215
0.0607404
0.0610145
0.0662706
0.0774901
0.0897171
0.0983555
0.1018187
0.0996675
0.0928296
0.0879831
0.0980857
0.1313341
0.1755896
0.1977380
0.1676327
0.0887591
0.0034239
-0.0386960
-0.0218746
0.0239005
0.0515470
0.0372818
-0.0046270
-0.0418745
-0.0546009
-0.0469101
-0.0341888
-0.0256682
-0.0209534
-0.0183332
-0.0195353
-0.0250458
-0.0298912
-0.0287412
-0.0239156
-0.0237243
-0.0314228
-0.0393674
-0.0379651
-0.0293431
-0.0267534
-0.0371293
-0.0482149
-0.0409163
-0.0164985
-0.0032281
-0.0253511
-0.0646460
-0.0636877
0.0203580
0.1616470
0.2708927
0.2636432
0.1313343
-0.0502845
-0.1819068
-0.2140837
-0.1705039
-0.1102223
-0.0728201
-0.0567540
-0.0407511
-0.0165332
0.0029559
0.0042479
-0.0052603
-0.0037189
0.0166083
0.0359292
0.0328866
0.0226232
0.0521443
0.1419716
0.2373537
0.2412602
0.1147022
-0.0604172
-0.1387715
-0.0454818
0.1492191
0.2938244
0.2897759
0.1584246
-0.0100813
-0.1440610
-0.2141542
-0.1990442
-0.0762976
0.1304178
0.3187319
0.3635567
0.2257647
-0.0026614
-0.1742464
-0.2078657
-0.1352888
-0.0404593
0.0261555
0.0678094
0.0979405
0.1051470
0.0704558
0.0051840
-0.0455663
-0.0410493
0.0177900
0.0891938
0.1248933
0.1050652
0.0478466
-0.0087309
-0.0353291
-0.0284098
-0.0044636
0.0201496
0.0423688
0.0657691
0.0847347
0.0824799
0.0497427
0.0026059
-0.0265308
-0.0203526
0.0045117
0.0154699
0.0001173
-0.0208632
-0.0186541
0.0098697
0.0367863
0.0304815
-0.0134844
-0.0667878
-0.0901752
-0.0623480
0.0055650
0.0773649
0.1140149
0.0968808
0.0384046
-0.0266595
-0.0637580
-0.0582655
-0.0188064
0.0333046
0.0750893
0.0873895
0.0611763
0.0072941
-0.0425541
-0.0552473
-0.0248550
0.0186217
0.0349525
0.0126014
-0.0183710
-0.0156451
0.0312252
0.0878290
0.1089635
0.0855531
0.0545240
0.0603240
0.1089351
0.1634090
0.1847843
0.1729218
0.1621853
0.1775506
0.2027939
0.2003137
0.1611437
0.1234731
0.1313190
0.1781636
0.2048341
0.1611320
0.0642788
-0.0136379
-0.0182146
0.0337052
0.0770492
0.0696809
0.0313280
0.0107163
0.0254803
0.0471667
0.0441183
0.0236048
0.0191860
0.0412435
0.0562317
0.0251104
-0.0421057
-0.0823430
-0.0387707
0.0748036
0.1730466
0.1686070
0.0492273
-0.1073142
-0.1905894
-0.1337604
0.0532080
0.3098845
0.5774045
0.8288343
1.0576640
1.2450275
1.3456288
1.3124734
1.1391393
0.8772762
0.6093821
0.3995373
0.2636301
0.1791458
0.1178982
0.0692468
0.0375941
0.0256884
0.0255519
0.0245852
0.0159857
0.0014382
-0.0136161
-0.0249140
-0.0314278
-0.0355628
-0.0411341
-0.0490042
-0.0546776
-0.0522641
-0.0416823
-0.0306286
-0.0279638
-0.0350521
-0.0445896
-0.0489567
-0.0493836
-0.0548242
-0.0702664
-0.0878080
-0.0927345
-0.0795188
-0.0597695
-0.0525248
-0.0666218
-0.0921325
-0.1074256
-0.0946851
-0.0523534
0.0025876
0.0428282
0.0449589
0.0031179
-0.0653124
-0.1281132
-0.1591501
-0.1570644
-0.1432506
-0.1384436
-0.1414542
-0.1333945
-0.1019997
-0.0573786
-0.0217097
-0.0065445
-0.0041242
-0.0000358
0.0109371
0.0247661
0.0397763
0.0597102
0.0819867
0.0907287
0.0729424
0.0432597
0.0419449
0.0974615
0.1906126
0.2626935
0.2640319
0.1952886
0.1024261
0.0349651
0.0108548
0.0171278
0.0349028
0.0566338
0.0814156
0.1034376
0.1127007
0.1059680
0.0917757
0.0832359
0.0879244
0.1041865
0.1234493
0.1347957
0.1308098
0.1128294
0.0907445
0.0756910
0.0715236
0.0729381
0.0716607
0.0642510
0.0537146
0.0439716
0.0346283
0.0231443
0.0113054
0.0061872
0.0129523
0.0284006
0.0437316
0.0536967
0.0625422
0.0808104
0.1143096
0.1528840
0.1707361
0.1446894
0.0786513
0.0089375
-0.0217817
-0.0015711
0.0392061
0.0559918
0.0314292
-0.0117025
-0.0385180
-0.0383673
-0.0270886
-0.0143359
0.0189257
0.0970865
0.2040663
0.2744101
0.2443176
0.1158923
-0.0336801
-0.1132464
-0.0930203
-0.0230525
0.0198566
0.0015849
-0.0502863
-0.0873934
-0.0896974
-0.0726567
-0.0576053
-0.0488229
-0.0410254
-0.0376438
-0.0504180
-0.0811838
-0.1131805
-0.1271534
-0.1234199
-0.1202492
-0.1283215
-0.1340153
-0.1148429
-0.0677584
-0.0132784
0.0282546
0.0539346
0.0664078
0.0540558
-0.0029465
-0.1033497
-0.2096698
-0.2708831
-0.2625759
-0.2036813
-0.1348605
-0.0841839
-0.0549606
-0.0408459
-0.0426428
-0.0653031
-0.1025688
-0.1318655
-0.1283878
-0.0861611
-0.0273359
0.0104487
0.0025805
-0.0407297
-0.0826829
-0.0948201
-0.0838674
-0.0804805
-0.1023511
-0.1340411
-0.1451785
-0.1232455
-0.0827652
-0.0440158
-0.0109646
0.0238642
0.0563163
0.0630289
0.0241160
-0.0491069
-0.1163742
-0.1422619
-0.1282343
-0.1124312
-0.1368290
-0.2062993
-0.2716264
-0.2591772
-0.1372278
0.0350703
0.1359704
0.0821513
-0.0853412
-0.2231964
-0.2105031
-0.0620811
0.0828453
0.0898701
-0.0496460
-0.2225940
-0.3087557
-0.2819657
-0.2035567
-0.1391442
-0.1016666
-0.0710945
-0.0449295
-0.0493463
-0.1014022
-0.1744492
-0.2127265
-0.1823899
-0.1042123
-0.0334245
-0.0099662
-0.0312834
-0.0689230
-0.1010414
-0.1243065
-0.1418783
-0.1508892
-0.1448731
-0.1239086
-0.0974939
-0.0761002
-0.0612552
-0.0460016
-0.0251509
-0.0020026
0.0170035
0.0307113
0.0414518
0.0464613
0.0376998
0.0127565
-0.0179652
-0.0385427
-0.0416126
-0.0343441
-0.0312741
-0.0414903
-0.0618683
-0.0823276
-0.0970008
-0.1084134
-0.1206249
-0.1318275
-0.1364031
-0.1322122
-0.1231429
-0.1158198
-0.1156052
-0.1233103
-0.1327809
-0.1339645
-0.1230232
-0.1096361
-0.1097309
-0.1262271
-0.1348072
-0.0907625
0.0428159
0.2652647
0.5341921
0.7940511
1.0099644
1.1716034
1.2677471
1.2692757
1.1477116
0.9113973
0.6185482
0.3497128
0.1614151
0.0587868
0.0070967
-0.0321111
-0.0740799
-0.1124137
-0.1371581
-0.1465200
-0.1462829
-0.1454612
-0.1518362
-0.1656743
-0.1771049
-0.1746067
-0.1580342
-0.1405711
-0.1363041
-0.1468666
-0.1604661
-0.1636100
-0.1546574
-0.1457492
-0.1491615
-0.1619819
-0.1684724
-0.1590102
-0.1421211
-0.1345482
-0.1424413
-0.1553136
-0.1564574
-0.1376973
-0.1070177
-0.0839101
-0.0844599
-0.1084255
-0.1417875
-0.1712818
-0.1928594
-0.2063029
-0.2079459
-0.1933752
-0.1659189
-0.1392154
-0.1286949
-0.1369469
-0.1464258
-0.1322593
-0.0883973
-0.0389162
-0.0177469
-0.0379716
-0.0841126
-0.1292097
-0.1507227
-0.1328032
-0.0678634
0.0331972
0.1340828
0.1858890
0.1582139
0.0666166
-0.0308548
-0.0740840
-0.0466807
0.0166542
0.0665722
0.0780723
0.0562958
0.0183696
-0.0198751
-0.0453177
-0.0485573
-0.0283234
0.0066721
0.0415253
0.0635373
0.0711483
0.0735415
0.0768069
0.0733718
0.0535747
0.0263168
0.0163482
0.0363822
0.0697032
0.0856377
0.0681565
0.0271639
-0.0131890
-0.0340827
-0.0329159
-0.0184079
0.0006816
0.0157689
0.0106665
-0.0287892
-0.0870317
-0.1167155
-0.0864316
-0.0266513
-0.0058549
-0.0533466
-0.1189260
-0.1207155
-0.0327477
0.0789095
0.1120586
0.0269484
-0.1105542
-0.1910048
-0.1655862
-0.0795337
-0.0083215
0.0158618
0.0094167
-0.0029073
-0.0124350
-0.0238668
-0.0462961
-0.0808330
-0.1076094
-0.0956826
-0.0373269
0.0350973
0.0753696
0.0632022
0.0200393
-0.0046134
0.0296678
0.1096029
0.1653749
0.1384465
0.0499114
-0.0262264
-0.0504866
-0.0400024
-0.0108619
0.0434738
0.1042273
0.1195070
0.0768776
0.0334462
0.0349505
