-0.0519343
0.0030025
0.0491575
0.0624961
0.0540373
0.0445046
0.0338356
0.0093578
-0.0263404
-0.0536937
-0.0611770
-0.0582568
-0.0607725
-0.0730139
-0.0880808
-0.0994404
-0.1072928
-0.1157771
-0.1270751
-0.1390154
-0.1486073
-0.1566083
-0.1655574
-0.1736687
-0.1756366
-0.1705803
-0.1629176
-0.1527234
-0.1339159
-0.1101280
-0.1050228
-0.1405081
-0.1990821
-0.2182717
-0.1352001
0.0605971
0.3228675
0.5971807
0.8656960
1.1346223
1.3798692
1.5230763
1.4816030
1.2479908
0.9117922
0.5956243
0.3694852
0.2245355
0.1168190
0.0220641
-0.0521368
-0.0930651
-0.1070928
-0.1151115
-0.1314231
-0.1537171
-0.1724831
-0.1837536
-0.1898873
-0.1928626
-0.1928248
-0.1921978
-0.1954074
-0.2026061
-0.2075022
-0.2045658
-0.1968727
-0.1938230
-0.2005802
-0.2113755
-0.2148065
-0.2061299
-0.1932876
-0.1892318
-0.1981896
-0.2110697
-0.2149885
-0.2056549
-0.1894326
-0.1754384
-0.1682268
-0.1673136
-0.1703911
-0.1750628
-0.1784565
-0.1773298
-0.1701626
-0.1594608
-0.1508548
-0.1483903
-0.1505754
-0.1521061
-0.1495392
-0.1440575
-0.1384605
-0.1330318
-0.1255431
-0.1146867
-0.1024120
-0.0925143
-0.0866789
-0.0816937
-0.0713515
-0.0524443
-0.0288814
-0.0085491
0.0044190
0.0133033
0.0241895
0.0385773
0.0517251
0.0585142
0.0601887
0.0642020
0.0768270
0.0965854
0.1160954
0.1299766
0.1390103
0.1461025
0.1507276
0.1498062
0.1430034
0.1341679
0.1267566
0.1199160
0.1108194
0.1000449
0.0923781
0.0910377
0.0920261
0.0863812
0.0692382
0.0456856
0.0260544
0.0156020
0.0103699
0.0033554
-0.0070758
-0.0161055
-0.0187155
-0.0155178
-0.0123245
-0.0147424
-0.0233600
-0.0336877
-0.0402767
-0.0408956
-0.0374213
-0.0337046
-0.0327135
-0.0345398
-0.0361923
-0.0340648
-0.0279264
-0.0222413
-0.0220827
-0.0272886
-0.0318131
-0.0299064
-0.0226122
-0.0170839
-0.0188852
-0.0254094
-0.0280369
-0.0214524
-0.0100506
-0.0037646
-0.0075824
-0.0167010
-0.0227088
-0.0231162
-0.0231566
-0.0286116
-0.0386494
-0.0465963
-0.0470443
-0.0411677
-0.0349089
-0.0327730
-0.0343188
-0.0365274
-0.0380956
-0.0402429
-0.0441132
-0.0491633
-0.0543865
-0.0595876
-0.0644256
-0.0671127
-0.0656188
-0.0605149
-0.0556807
-0.0551389
-0.0589449
-0.0628773
-0.0629792
-0.0602338
-0.0596834
-0.0644181
-0.0712840
-0.0735605
-0.0678219
-0.0576314
-0.0506165
-0.0522153
-0.0616345
-0.0728177
-0.0792665
-0.0789475
-0.0753595
-0.0737443
-0.0757751
-0.0778085
-0.0747440
-0.0660936
-0.0580085
-0.0581366
-0.0675340
-0.0782843
-0.0806611
-0.0731241
-0.0642490
-0.0640347
-0.0738034
-0.0852566
-0.0889437
-0.0827629
-0.0723801
-0.0647549
-0.0625060
-0.0642566
-0.0684393
-0.0746616
-0.0813775
-0.0846180
-0.0812796
-0.0734651
-0.0676784
-0.0686863
-0.0747774
-0.0798370
-0.0798449
-0.0766564
-0.0753377
-0.0784739
-0.0837854
-0.0872039
-0.0872397
-0.0854564
-0.0832542
-0.0798571
-0.0742160
-0.0677929
-0.0640055
-0.0648188
-0.0687822
-0.0728210
-0.0754364
-0.0775232
-0.0800799
-0.0818554
-0.0802187
-0.0747281
-0.0691267
-0.0685809
-0.0743566
-0.0816026
-0.0831122
-0.0759043
-0.0646332
-0.0585382
-0.0640138
-0.0787074
-0.0924272
-0.0948266
-0.0837363
-0.0670156
-0.0563837
-0.0584966
-0.0703036
-0.0817665
-0.0834352
-0.0731413
-0.0569287
-0.0437344
-0.0381929
-0.0373153
-0.0334928
-0.0210883
-0.0009690
0.0209554
0.0396396
0.0550218
0.0696396
0.0824897
0.0870768
0.0773080
0.0552223
0.0313387
0.0162383
0.0118799
0.0114275
0.0068335
-0.0046764
-0.0214236
-0.0419141
-0.0655941
-0.0889253
-0.1044263
-0.1073724
-0.1030006
-0.1031678
-0.1135740
-0.1264015
-0.1289634
-0.1194140
-0.1100420
-0.1124926
-0.1223354
-0.1235484
-0.1098149
-0.0961361
-0.1019087
-0.1203529
-0.1096827
-0.0209935
0.1627842
0.4158029
0.6940797
0.9648871
1.2081470
1.3945687
1.4759911
1.4102654
1.2007582
0.9084524
0.6192152
0.3934484
0.2412700
0.1383821
0.0591388
-0.0054073
-0.0529366
-0.0827599
-0.0998112
-0.1097293
-0.1150275
-0.1170104
-0.1187065
-0.1235902
-0.1319557
-0.1404793
-0.1458685
-0.1476953
-0.1469592
-0.1432994
-0.1356088
-0.1254093
-0.1176952
-0.1169364
-0.1224980
-0.1290023
-0.1315170
-0.1299942
-0.1283303
-0.1293325
-0.1312101
-0.1294862
-0.1222873
-0.1131236
-0.1078123
-0.1085682
-0.1115832
-0.1109340
-0.1048624
-0.0974881
-0.0935155
-0.0915797
-0.0846514
-0.0685732
-0.0492420
-0.0384655
-0.0412740
-0.0491941
-0.0487802
-0.0366308
-0.0230051
-0.0187815
-0.0209355
-0.0147921
0.0082643
0.0384444
0.0564831
0.0547713
0.0462233
0.0501001
0.0710566
0.0954280
0.1079781
0.1086466
0.1104591
0.1230410
0.1421358
0.1564010
0.1616439
0.1650749
0.1754135
0.1915945
0.2036456
0.2043934
0.1982024
0.1968409
0.2071432
0.2236174
0.2333356
0.2279122
0.2109789
0.1943815
0.1869788
0.1867083
0.1834207
0.1695363
0.1478049
0.1284159
0.1186533
0.1158664
0.1108345
0.0977123
0.0800710
0.0669135
0.0632196
0.0651760
0.0647788
0.0581452
0.0483783
0.0407833
0.0369147
0.0342199
0.0305534
0.0272173
0.0267509
0.0285973
0.0285055
0.0229971
0.0138894
0.0073449
0.0080707
0.0149274
0.0225609
0.0268276
0.0279927
0.0289268
0.0311707
0.0332993
0.0327894
0.0289136
0.0235824
0.0194001
0.0170074
0.0145543
0.0100796
0.0044434
0.0013777
0.0037354
0.0092583
0.0109190
0.0032300
-0.0108636
-0.0205778
-0.0169937
-0.0029844
0.0079231
0.0042922
-0.0115185
-0.0254170
-0.0257132
-0.0144913
-0.0044725
-0.0055121
-0.0156349
-0.0253815
-0.0289443
-0.0289852
-0.0309951
-0.0356929
-0.0388871
-0.0376706
-0.0341400
-0.0322293
-0.0326306
-0.0326293
-0.0305821
-0.0287265
-0.0305348
-0.0360153
-0.0409834
-0.0414116
-0.0377711
-0.0343048
-0.0341930
-0.0362386
-0.0366325
-0.0334436
-0.0287550
-0.0264374
-0.0283569
-0.0331307
-0.0384426
-0.0438962
-0.0507405
-0.0585823
-0.0634408
-0.0607122
-0.0506771
-0.0399897
-0.0362329
-0.0407422
-0.0477045
-0.0508415
-0.0501998
-0.0512243
-0.0572913
-0.0647903
-0.0669573
-0.0620025
-0.0555700
-0.0543603
-0.0586744
-0.0629302
-0.0631357
-0.0616888
-0.0635449
-0.0688541
-0.0716353
-0.0665897
-0.0560908
-0.0488394
-0.0511982
-0.0606740
-0.0686954
-0.0695307
-0.0656774
-0.0643722
-0.0695683
-0.0779417
-0.0825031
-0.0795258
-0.0718423
-0.0657313
-0.0648589
-0.0672817
-0.0683175
-0.0661826
-0.0643732
-0.0679915
-0.0776038
-0.0872041
-0.0890370
-0.0809402
-0.0687769
-0.0611442
-0.0616190
-0.0666181
-0.0707744
-0.0731356
-0.0767605
-0.0827343
-0.0869364
-0.0845672
-0.0771641
-0.0725937
-0.0764296
-0.0842589
-0.0849172
-0.0725197
-0.0540017
-0.0426096
-0.0434472
-0.0469463
-0.0379180
-0.0105977
0.0262240
0.0582421
0.0776323
0.0853304
0.0838329
0.0716798
0.0470341
0.0150042
-0.0121953
-0.0245957
-0.0236501
-0.0209246
-0.0275797
-0.0456585
-0.0689545
-0.0902154
-0.1062777
-0.1178182
-0.1270393
-0.1363738
-0.1471212
-0.1569545
-0.1596575
-0.1506775
-0.1343471
-0.1226455
-0.1228754
-0.1273328
-0.1209066
-0.1026157
-0.0949547
-0.1217590
-0.1712190
-0.1857107
-0.0987550
0.1113354
0.4044494
0.7154410
1.0035923
1.2606618
1.4734004
1.5925717
1.5554286
1.3454247
1.0247551
0.6997144
0.4492597
0.2841059
0.1680206
0.0686632
-0.0162684
-0.0742337
-0.1045085
-0.1226513
-0.1432001
-0.1664094
-0.1840437
-0.1927234
-0.1966961
-0.1996669
-0.2000841
-0.1967332
-0.1948694
-0.2018835
-0.2169911
-0.2293806
-0.2292801
-0.2193735
-0.2124075
-0.2172129
-0.2293416
-0.2369058
-0.2342456
-0.2275658
-0.2270251
-0.2353548
-0.2456327
-0.2492481
-0.2444084
-0.2369218
-0.2341144
-0.2385045
-0.2462065
-0.2503235
-0.2463885
-0.2359531
-0.2253923
-0.2203522
-0.2205159
-0.2201033
-0.2142692
-0.2048349
-0.1985865
-0.1993741
-0.2028498
-0.2003630
-0.1881186
-0.1713869
-0.1590574
-0.1546322
-0.1532271
-0.1470120
-0.1327689
-0.1142512
-0.0981949
-0.0885286
-0.0836168
-0.0779303
-0.0663538
-0.0480611
-0.0271568
-0.0092326
0.0034947
0.0135787
0.0242218
0.0340732
0.0379139
0.0338602
0.0287739
0.0337167
0.0523813
0.0749306
0.0852599
0.0752530
0.0516140
0.0286896
0.0154052
0.0095421
0.0033628
-0.0073791
-0.0205750
-0.0320132
-0.0403861
-0.0479764
-0.0578065
-0.0707687
-0.0847031
-0.0956120
-0.1007155
-0.1017357
-0.1049058
-0.1157154
-0.1322061
-0.1444138
-0.1428155
-0.1285454
-0.1141492
-0.1122880
-0.1231452
-0.1341566
-0.1332287
-0.1216636
-0.1126204
-0.1164889
-0.1290826
-0.1357151
-0.1269389
-0.1089823
-0.0976022
-0.1018707
-0.1150552
-0.1219686
-0.1146293
-0.0997266
-0.0907643
-0.0940262
-0.1030675
-0.1063459
-0.0989283
-0.0863799
-0.0783338
-0.0795438
-0.0870931
-0.0948003
-0.0990054
-0.1003698
-0.1016684
-0.1049154
-0.1099464
-0.1143073
-0.1143386
-0.1079853
-0.0980345
-0.0919182
-0.0959793
-0.1084346
-0.1189813
-0.1176866
-0.1054248
-0.0944624
-0.0969016
-0.1120250
-0.1260492
-0.1252989
-0.1094568
-0.0913992
-0.0844338
-0.0905173
-0.1007094
-0.1056118
-0.1041668
-0.1027448
-0.1071179
-0.1160725
-0.1223457
-0.1191559
-0.1061985
-0.0902674
-0.0802478
-0.0803888
-0.0870974
-0.0921120
-0.0898081
-0.0822918
-0.0772478
-0.0802254
-0.0889032
-0.0952454
-0.0933883
-0.0850736
-0.0771961
-0.0746031
-0.0761688
-0.0779056
-0.0784933
-0.0800235
-0.0832015
-0.0838551
-0.0765035
-0.0616694
-0.0478224
-0.0442796
-0.0521128
-0.0630734
-0.0678340
-0.0646450
-0.0596297
-0.0595925
-0.0657067
-0.0737925
-0.0788518
-0.0782537
-0.0719161
-0.0619001
-0.0524583
-0.0484031
-0.0511476
-0.0564714
-0.0581026
-0.0544309
-0.0504491
-0.0515527
-0.0559267
-0.0552548
-0.0442971
-0.0286434
-0.0206480
-0.0267032
-0.0397468
-0.0460360
-0.0394053
-0.0275025
-0.0232183
-0.0309228
-0.0425062
-0.0468130
-0.0412935
-0.0331731
-0.0299991
-0.0311573
-0.0298596
-0.0225083
-0.0140863
-0.0132506
-0.0225909
-0.0345943
-0.0374097
-0.0245712
0.0001642
0.0262256
0.0440745
0.0512149
0.0527667
0.0572391
0.0708086
0.0936147
0.1198870
0.1413147
0.1513247
0.1478296
0.1333672
0.1131820
0.0926015
0.0749970
0.0611845
0.0503273
0.0412136
0.0323730
0.0211805
0.0043696
-0.0185679
-0.0421979
-0.0575946
-0.0604853
-0.0567566
-0.0572193
-0.0655529
-0.0736944
-0.0721406
-0.0635941
-0.0611510
-0.0703188
-0.0778838
-0.0668826
-0.0435771
-0.0394984
-0.0749650
-0.1197100
-0.1006052
0.0406453
0.2960644
0.6009651
0.8925562
1.1502200
1.3740573
1.5352049
1.5682287
1.4258054
1.1378041
0.8052180
0.5294019
0.3467160
0.2286015
0.1339275
0.0510883
-0.0075920
-0.0369027
-0.0512838
-0.0680026
-0.0884510
-0.1020542
-0.1043131
-0.1035973
-0.1092874
-0.1191006
-0.1227769
-0.1164780
-0.1086575
-0.1101638
-0.1214182
-0.1320843
-0.1325866
-0.1235828
-0.1139317
-0.1115399
-0.1173967
-0.1268005
-0.1338390
-0.1346679
-0.1291090
-0.1211338
-0.1167790
-0.1189489
-0.1233825
-0.1215692
-0.1096952
-0.0944444
-0.0879308
-0.0956554
-0.1101640
-0.1178640
-0.1122897
-0.0999147
-0.0926026
-0.0949789
-0.0999166
-0.0962776
-0.0803961
-0.0597039
-0.0454993
-0.0424869
-0.0450681
-0.0433157
-0.0325458
-0.0174567
-0.0070238
-0.0050031
-0.0053342
0.0025566
0.0232812
0.0503120
0.0717375
0.0813506
0.0836850
0.0880536
0.0985651
0.1111686
0.1202800
0.1264042
0.1354631
0.1509475
0.1687761
0.1812736
0.1855142
0.1861810
0.1898953
0.1978302
0.2046300
0.2039145
0.1939525
0.1784528
0.1633157
0.1530555
0.1487853
0.1476226
0.1439035
0.1329635
0.1156088
0.0986133
0.0889939
0.0867419
0.0841059
0.0736084
0.0569728
0.0447011
0.0454552
0.0561050
0.0638107
0.0589679
0.0454335
0.0364201
0.0398104
0.0488933
0.0493911
0.0357890
0.0190088
0.0162006
0.0328335
0.0559933
0.0661766
0.0556175
0.0349453
0.0225164
0.0278589
0.0448077
0.0588354
0.0598660
0.0490860
0.0358502
0.0293598
0.0322467
0.0400023
0.0455107
0.0447192
0.0390152
0.0326708
0.0281865
0.0244418
0.0194984
0.0144869
0.0134565
0.0187329
0.0270500
0.0314885
0.0277890
0.0183530
0.0095696
0.0054744
0.0045417
0.0024388
-0.0030601
-0.0103392
-0.0162426
-0.0189366
-0.0184938
-0.0158916
-0.0124609
-0.0099636
-0.0100080
-0.0127750
-0.0167842
-0.0204738
-0.0237231
-0.0271490
-0.0300695
-0.0302909
-0.0266985
-0.0214794
-0.0185273
-0.0192508
-0.0207979
-0.0193272
-0.0148606
-0.0119277
-0.0147958
-0.0223629
-0.0284809
-0.0277183
-0.0207257
-0.0137081
-0.0125360
-0.0173877
-0.0231566
-0.0250195
-0.0234268
-0.0233608
-0.0284958
-0.0362654
-0.0393157
-0.0325069
-0.0186539
-0.0069363
-0.0050792
-0.0127968
-0.0228373
-0.0283385
-0.0290050
-0.0301651
-0.0362039
-0.0454009
-0.0513505
-0.0492263
-0.0404378
-0.0313001
-0.0275128
-0.0299457
-0.0351339
-0.0390161
-0.0400610
-0.0396104
-0.0401314
-0.0431090
-0.0477030
-0.0508488
-0.0492868
-0.0426967
-0.0351390
-0.0323532
-0.0364673
-0.0434813
-0.0470576
-0.0452388
-0.0424995
-0.0441376
-0.0491387
-0.0503449
-0.0427059
-0.0303766
-0.0237421
-0.0287397
-0.0402868
-0.0476509
-0.0460801
-0.0415144
-0.0428791
-0.0508443
-0.0562855
-0.0506213
-0.0363283
-0.0253733
-0.0269157
-0.0378498
-0.0466090
-0.0457835
-0.0394573
-0.0375235
-0.0440178
-0.0528061
-0.0549649
-0.0487121
-0.0403583
-0.0357691
-0.0330189
-0.0252135
-0.0101116
0.0052030
0.0109178
0.0056340
-0.0003731
0.0060134
0.0286569
0.0590930
0.0850164
0.1008038
0.1092300
0.1138959
0.1121831
0.0975122
0.0686869
0.0354217
0.0125221
0.0073166
0.0128186
0.0139403
0.0009704
-0.0227447
-0.0457858
-0.0603437
-0.0687079
-0.0790811
-0.0961470
-0.1159033
-0.1289834
-0.1288742
-0.1180395
-0.1068770
-0.1052815
-0.1125902
-0.1156873
-0.1009604
-0.0721220
-0.0543406
-0.0727800
-0.1201714
-0.1468362
-0.0908141
0.0751132
0.3246367
0.6056028
0.8820923
1.1429917
1.3699638
1.5097083
1.4952815
1.3046500
0.9958880
0.6763612
0.4306270
0.2738278
0.1684871
0.0775400
-0.0031171
-0.0570883
-0.0787888
-0.0845801
-0.0957074
-0.1176234
-0.1390749
-0.1480876
-0.1447059
-0.1384685
-0.1372141
-0.1406587
-0.1435344
-0.1423790
-0.1385555
-0.1359530
-0.1369032
-0.1401428
-0.1420593
-0.1398939
-0.1342285
-0.1285124
-0.1258085
-0.1257698
-0.1250877
-0.1212751
-0.1158361
-0.1130442
-0.1151049
-0.1187514
-0.1174385
-0.1076839
-0.0933996
-0.0833701
-0.0835567
-0.0913689
-0.0977393
-0.0954742
-0.0859102
-0.0771328
-0.0753451
-0.0782295
-0.0774096
-0.0675425
-0.0521706
-0.0397639
-0.0343540
-0.0315377
-0.0245484
-0.0130689
-0.0037720
-0.0013943
-0.0012142
0.0069751
0.0270623
0.0510280
0.0671056
0.0726964
0.0765876
0.0874783
0.1026648
0.1110809
0.1075124
0.1006963
0.1048551
0.1241305
0.1480989
0.1633659
0.1672857
0.1681142
0.1728681
0.1785780
0.1772604
0.1674103
0.1571216
0.1548833
0.1593630
0.1604133
0.1498713
0.1295966
0.1083419
0.0922396
0.0799432
0.0666812
0.0511324
0.0370993
0.0290494
0.0272744
0.0276437
0.0252562
0.0178589
0.0064647
-0.0060991
-0.0168230
-0.0234842
-0.0250944
-0.0219774
-0.0155481
-0.0081080
-0.0027439
-0.0026145
-0.0089981
-0.0192719
-0.0274894
-0.0285526
-0.0228431
-0.0163056
-0.0148105
-0.0180317
-0.0196872
-0.0147073
-0.0058248
-0.0016996
-0.0076747
-0.0191479
-0.0256850
-0.0223066
-0.0156242
-0.0172425
-0.0307747
-0.0465836
-0.0507120
-0.0391716
-0.0225537
-0.0159152
-0.0244200
-0.0394950
-0.0488112
-0.0488532
-0.0468256
-0.0508016
-0.0597289
-0.0644900
-0.0586195
-0.0465316
-0.0398416
-0.0454530
-0.0582432
-0.0664235
-0.0640285
-0.0571869
-0.0573531
-0.0686554
-0.0829310
-0.0878937
-0.0798351
-0.0673759
-0.0623896
-0.0680091
-0.0765960
-0.0794156
-0.0767901
-0.0771686
-0.0862908
-0.0990503
-0.1037484
-0.0944267
-0.0777560
-0.0669095
-0.0690300
-0.0793811
-0.0873975
-0.0872306
-0.0819448
-0.0786361
-0.0810449
-0.0869488
-0.0911523
-0.0898492
-0.0828970
-0.0737253
-0.0676971
-0.0692043
-0.0784863
-0.0907607
-0.0994289
-0.1012279
-0.0984934
-0.0961260
-0.0964206
-0.0972972
-0.0956334
-0.0915766
-0.0886740
-0.0896477
-0.0928694
-0.0939443
-0.0909353
-0.0873172
-0.0888932
-0.0974812
-0.1080348
-0.1126299
-0.1076798
-0.0973176
-0.0896988
-0.0899102
-0.0960679
-0.1016389
-0.1012585
-0.0948677
-0.0871736
-0.0834145
-0.0850422
-0.0888549
-0.0904225
-0.0888007
-0.0877073
-0.0912831
-0.0985126
-0.1029800
-0.0995494
-0.0912111
-0.0876211
-0.0953877
-0.1100929
-0.1193068
-0.1141974
-0.0978206
-0.0818873
-0.0762228
-0.0818351
-0.0928603
-0.1029052
-0.1088498
-0.1105496
-0.1093940
-0.1074116
-0.1059363
-0.1040141
-0.0992197
-0.0915359
-0.0857446
-0.0875684
-0.0963294
-0.1031470
-0.0988520
-0.0839373
-0.0688133
-0.0629599
-0.0646701
-0.0628910
-0.0489907
-0.0253199
-0.0017584
0.0148514
0.0264865
0.0395119
0.0557729
0.0686690
0.0678938
0.0485133
0.0166718
-0.0132417
-0.0287883
-0.0293505
-0.0266609
-0.0342948
-0.0554231
-0.0809705
-0.0998552
-0.1098319
-0.1172802
-0.1277071
-0.1391970
-0.1457956
-0.1448172
-0.1387868
-0.1319191
-0.1277882
-0.1295487
-0.1372875
-0.1426694
-0.1316830
-0.1011253
-0.0728567
-0.0810701
-0.1335720
-0.1846886
-0.1566408
0.0018730
0.2752678
0.5989679
0.9133052
1.1932236
1.4261342
1.5748989
1.5814777
1.4164029
1.1206121
0.7896518
0.5115350
0.3172315
0.1850534
0.0825773
-0.0016160
-0.0612535
-0.0937196
-0.1097366
-0.1238930
-0.1420881
-0.1606203
-0.1741955
-0.1813058
-0.1829231
-0.1801459
-0.1752302
-0.1728546
-0.1771423
-0.1868513
-0.1955431
-0.1980966
-0.1963427
-0.1966757
-0.2020553
-0.2079971
-0.2076213
-0.1998837
-0.1912379
-0.1889398
-0.1940621
-0.2019683
-0.2084863
-0.2136712
-0.2193891
-0.2252990
-0.2289634
-0.2292042
-0.2273744
-0.2248742
-0.2210084
-0.2145597
-0.2066139
-0.2000849
-0.1962427
-0.1932045
-0.1888403
-0.1842602
-0.1829165
-0.1861194
-0.1905086
-0.1904469
-0.1823319
-0.1665147
-0.1464799
-0.1274822
-0.1148875
-0.1109763
-0.1119482
-0.1096477
-0.0985714
-0.0813228
-0.0654994
-0.0546502
-0.0440104
-0.0267741
-0.0036098
0.0165720
0.0261293
0.0271129
0.0283990
0.0352966
0.0444299
0.0494911
0.0497127
0.0502669
0.0548552
0.0605472
0.0612704
0.0550726
0.0461297
0.0396558
0.0362317
0.0316461
0.0213785
0.0046253
-0.0151048
-0.0320981
-0.0417238
-0.0438929
-0.0445396
-0.0522603
-0.0708918
-0.0944990
-0.1111413
-0.1133899
-0.1054886
-0.0994636
-0.1037937
-0.1159705
-0.1258734
-0.1256930
-0.1164474
-0.1059080
-0.1014151
-0.1045594
-0.1112711
-0.1157499
-0.1146618
-0.1090852
-0.1034336
-0.1021219
-0.1061703
-0.1123119
-0.1153673
-0.1119320
-0.1025514
-0.0912139
-0.0829599
-0.0809767
-0.0844940
-0.0889838
-0.0893875
-0.0844373
-0.0780296
-0.0756153
-0.0788014
-0.0839506
-0.0865398
-0.0863185
-0.0870376
-0.0909581
-0.0950337
-0.0940415
-0.0874188
-0.0815037
-0.0837893
-0.0950329
-0.1077264
-0.1126246
-0.1067462
-0.0953399
-0.0867619
-0.0856729
-0.0904117
-0.0957205
-0.0974448
-0.0952193
-0.0918490
-0.0908183
-0.0939536
-0.1002774
-0.1062585
-0.1075562
-0.1019702
-0.0919257
-0.0838001
-0.0831666
-0.0894050
-0.0955024
-0.0947252
-0.0878949
-0.0826575
-0.0843520
-0.0887016
-0.0859639
-0.0729885
-0.0589530
-0.0565869
-0.0678176
-0.0805558
-0.0812895
-0.0697217
-0.0588702
-0.0606006
-0.0730088
-0.0832486
-0.0814616
-0.0699382
-0.0588241
-0.0551477
-0.0574134
-0.0595681
-0.0579217
-0.0536931
-0.0503520
-0.0498777
-0.0513674
-0.0522639
-0.0506752
-0.0470931
-0.0441485
-0.0441453
-0.0462703
-0.0465643
-0.0415977
-0.0326712
-0.0259612
-0.0276755
-0.0383699
-0.0515970
-0.0581642
-0.0526478
-0.0373915
-0.0211954
-0.0134151
-0.0173939
-0.0281598
-0.0365259
-0.0364700
-0.0295665
-0.0227978
-0.0221085
-0.0276210
-0.0342473
-0.0362884
-0.0317488
-0.0234050
-0.0166395
-0.0157744
-0.0209888
-0.0279034
-0.0308861
-0.0281025
-0.0236101
-0.0235609
-0.0296440
-0.0367149
-0.0376779
-0.0306299
-0.0204107
-0.0128895
-0.0086263
-0.0031896
0.0065509
0.0180487
0.0262610
0.0307341
0.0377820
0.0544439
0.0806988
0.1086397
0.1292472
0.1389160
0.1391558
0.1317425
0.1166452
0.0951850
0.0729267
0.0566334
0.0478185
0.0410916
0.0302932
0.0154015
0.0017532
-0.0071219
-0.0135397
-0.0216936
-0.0319937
-0.0419429
-0.0515295
-0.0637595
-0.0782172
-0.0875824
-0.0849306
-0.0737087
-0.0651150
-0.0632966
-0.0586224
-0.0428582
-0.0292911
-0.0458144
-0.0975590
-0.1390716
-0.0967039
0.0715547
0.3393737
0.6388962
0.9203947
1.1759075
1.4022012
1.5546723
1.5588952
1.3784529
1.0660541
0.7365062
0.4837116
0.3233187
0.2115722
0.1088314
0.0169629
-0.0396192
-0.0544793
-0.0511019
-0.0579584
-0.0809479
-0.1039467
-0.1116346
-0.1059578
-0.1005891
-0.1045950
-0.1149590
-0.1230502
-0.1242895
-0.1205532
-0.1160255
-0.1134743
-0.1140378
-0.1179052
-0.1236355
-0.1279006
-0.1280136
-0.1253945
-0.1252428
-0.1311507
-0.1399304
-0.1432362
-0.1356617
-0.1211247
-0.1101479
-0.1101524
-0.1186354
-0.1262017
-0.1260430
-0.1200298
-0.1156671
-0.1177921
-0.1237458
-0.1263708
-0.1209704
-0.1090430
-0.0959014
-0.0856618
-0.0787210
-0.0731087
-0.0671191
-0.0604386
-0.0535295
-0.0467477
-0.0401084
-0.0332994
-0.0254373
-0.0150637
-0.0011936
0.0151273
0.0306765
0.0422985
0.0497296
0.0559979
0.0647027
0.0767929
0.0899400
0.1008803
0.1083565
0.1140760
0.1210641
0.1309602
0.1426145
0.1532191
0.1608996
0.1661467
0.1704596
0.1735547
0.1725142
0.1646395
0.1514759
0.1391089
0.1330453
0.1322968
0.1294177
0.1175658
0.0977646
0.0786245
0.0684461
0.0675526
0.0683246
0.0625359
0.0486910
0.0327342
0.0222310
0.0199348
0.0223454
0.0236155
0.0205479
0.0144319
0.0089868
0.0068131
0.0072676
0.0071927
0.0039027
-0.0018251
-0.0054201
-0.0018962
0.0092242
0.0219459
0.0278356
0.0236193
0.0150662
0.0119051
0.0176005
0.0248372
0.0229671
0.0103991
-0.0020763
-0.0020033
0.0110697
0.0243821
0.0251467
0.0137462
0.0023866
0.0011105
0.0071676
0.0092706
0.0009328
-0.0125755
-0.0205762
-0.0182110
-0.0101388
-0.0044525
-0.0050833
-0.0102403
-0.0160954
-0.0202068
-0.0220185
-0.0221971
-0.0225658
-0.0255502
-0.0318278
-0.0381653
-0.0391006
-0.0323675
-0.0226069
-0.0183151
-0.0240938
-0.0361192
-0.0459392
-0.0488339
-0.0479052
-0.0495463
-0.0552768
-0.0591337
-0.0541136
-0.0410952
-0.0300377
-0.0308865
-0.0431185
-0.0554382
-0.0568777
-0.0480054
-0.0401386
-0.0430532
-0.0543323
-0.0620731
-0.0580795
-0.0468427
-0.0402216
-0.0440718
-0.0523153
-0.0550245
-0.0505103
-0.0470010
-0.0522892
-0.0639515
-0.0715692
-0.0679712
-0.0564116
-0.0461543
-0.0426050
-0.0435377
-0.0445253
-0.0455041
-0.0500652
-0.0590710
-0.0674466
-0.0686952
-0.0619311
-0.0532068
-0.0496458
-0.0528055
-0.0580132
-0.0597310
-0.0570328
-0.0538681
-0.0545443
-0.0594528
-0.0650807
-0.0675604
-0.0658506
-0.0618904
-0.0584118
-0.0568136
-0.0566581
-0.0566142
-0.0557514
-0.0543020
-0.0536595
-0.0556292
-0.0609524
-0.0678053
-0.0720404
-0.0702180
-0.0633045
-0.0568202
-0.0560881
-0.0609228
-0.0656630
-0.0650210
-0.0595910
-0.0548869
-0.0548401
-0.0569891
-0.0549692
-0.0459258
-0.0348263
-0.0306655
-0.0380241
-0.0522378
-0.0628288
-0.0621466
-0.0518354
-0.0417476
-0.0418308
-0.0531832
-0.0660611
-0.0678071
-0.0547582
-0.0369917
-0.0299772
-0.0397487
-0.0559637
-0.0608647
-0.0463805
-0.0222367
-0.0060939
-0.0053691
-0.0097568
-0.0023714
0.0226672
0.0550550
0.0800608
0.0929416
0.0999330
0.1063490
0.1074970
0.0941051
0.0657944
0.0356671
0.0191759
0.0191973
0.0239671
0.0195723
0.0024809
-0.0205698
-0.0420560
-0.0599083
-0.0751904
-0.0877044
-0.0963782
-0.1020134
-0.1061547
-0.1072700
-0.1018951
-0.0918553
-0.0869861
-0.0950909
-0.1089230
-0.1098703
-0.0905460
-0.0706580
-0.0802875
-0.1207104
-0.1452301
-0.0877776
0.0842440
0.3458723
0.6423152
0.9340926
1.2074246
1.4421428
1.5840829
1.5672358
1.3720392
1.0585003
0.7337594
0.4811696
0.3164413
0.2050875
0.1126483
0.0339361
-0.0192949
-0.0455882
-0.0604555
-0.0789102
-0.0997901
-0.1114450
-0.1093278
-0.1024216
-0.1018742
-0.1079774
-0.1119679
-0.1090103
-0.1050024
-0.1087587
-0.1198761
-0.1277312
-0.1232623
-0.1097671
-0.1001004
-0.1034596
-0.1165957
-0.1285743
-0.1326277
-0.1315860
-0.1320382
-0.1353592
-0.1361221
-0.1289829
-0.1156383
-0.1040690
-0.1011364
-0.1065432
-0.1140422
-0.1176646
-0.1159850
-0.1108941
-0.1039871
-0.0953834
-0.0855487
-0.0767484
-0.0717587
-0.0711951
-0.0724762
-0.0716218
-0.0662376
-0.0570594
-0.0469785
-0.0387743
-0.0334720
-0.0300332
-0.0259271
-0.0182469
-0.0052931
0.0121073
0.0307503
0.0468952
0.0585252
0.0664391
0.0734437
0.0821022
0.0926555
0.1031366
0.1120167
0.1207329
0.1327556
0.1493703
0.1666352
0.1776827
0.1790804
0.1749017
0.1734563
0.1790487
0.1872293
0.1892502
0.1814877
0.1694565
0.1616793
0.1602416
0.1586946
0.1494528
0.1321292
0.1136802
0.1007800
0.0932648
0.0856548
0.0743498
0.0619333
0.0539060
0.0521743
0.0529729
0.0510510
0.0446789
0.0360345
0.0276524
0.0197529
0.0112461
0.0026034
-0.0030864
-0.0023827
0.0050048
0.0150669
0.0221753
0.0233272
0.0201453
0.0169882
0.0169882
0.0193879
0.0203716
0.0168028
0.0097045
0.0041092
0.0049550
0.0125501
0.0217429
0.0256464
0.0209573
0.0107581
0.0024383
0.0018292
0.0080179
0.0136625
0.0112736
0.0001181
-0.0127528
-0.0185591
-0.0145065
-0.0061542
-0.0022586
-0.0068183
-0.0158136
-0.0217889
-0.0216300
-0.0195277
-0.0220985
-0.0308679
-0.0400648
-0.0422010
-0.0359274
-0.0280760
-0.0273226
-0.0355588
-0.0459889
-0.0501957
-0.0466714
-0.0417131
-0.0422263
-0.0486779
-0.0553510
-0.0565711
-0.0518941
-0.0456077
-0.0421654
-0.0425515
-0.0446693
-0.0465162
-0.0485651
-0.0531363
-0.0615680
-0.0717798
-0.0785879
-0.0773661
-0.0686508
-0.0590217
-0.0558673
-0.0603165
-0.0661969
-0.0670850
-0.0637987
-0.0633358
-0.0700834
-0.0795474
-0.0822963
-0.0740790
-0.0608601
-0.0531329
-0.0558651
-0.0649521
-0.0730268
-0.0768410
-0.0780559
-0.0785590
-0.0775619
-0.0735614
-0.0671920
-0.0609685
-0.0571879
-0.0571445
-0.0614795
-0.0693772
-0.0770683
-0.0790798
-0.0732803
-0.0649120
-0.0634180
-0.0729496
-0.0861718
-0.0898556
-0.0782988
-0.0604321
-0.0519246
-0.0598943
-0.0762478
-0.0863957
-0.0838407
-0.0755897
-0.0734555
-0.0808413
-0.0889104
-0.0861265
-0.0711117
-0.0551941
-0.0518334
-0.0637411
-0.0805320
-0.0887452
-0.0840712
-0.0741783
-0.0700735
-0.0750300
-0.0822163
-0.0829403
-0.0761513
-0.0689366
-0.0683053
-0.0740455
-0.0800532
-0.0814027
-0.0789604
-0.0774193
-0.0798811
-0.0847525
-0.0874993
-0.0849669
-0.0781372
-0.0713084
-0.0688348
-0.0718225
-0.0769133
-0.0786594
-0.0747347
-0.0692804
-0.0693340
-0.0763844
-0.0826269
-0.0781256
-0.0622215
-0.0457653
-0.0400809
-0.0441163
-0.0445582
-0.0298709
-0.0031358
0.0211886
0.0335625
0.0397573
0.0522234
0.0720147
0.0835099
0.0700810
0.0338666
-0.0031525
-0.0192205
-0.0133068
-0.0050220
-0.0148078
-0.0451286
-0.0806284
-0.1043071
-0.1115064
-0.1096126
-0.1085824
-0.1139559
-0.1256532
-0.1385317
-0.1442101
-0.1374593
-0.1236944
-0.1165923
-0.1231617
-0.1320742
-0.1238108
-0.0970390
-0.0799082
-0.1037473
-0.1592560
-0.1844453
-0.1071717
0.0954261
0.3822325
0.6921052
0.9933282
1.2809085
1.5302443
1.6725292
1.6341741
1.4056349
1.0653618
0.7291058
0.4726216
0.2996785
0.1744186
0.0716136
-0.0075912
-0.0566290
-0.0834154
-0.1046683
-0.1283789
-0.1495954
-0.1619811
-0.1672898
-0.1717578
-0.1774428
-0.1811606
-0.1810854
-0.1805381
-0.1834698
-0.1884829
-0.1904457
-0.1877587
-0.1849369
-0.1868191
-0.1927373
-0.1985258
-0.2024636
-0.2062239
-0.2103783
-0.2120805
-0.2085906
-0.2015714
-0.1961786
-0.1957788
-0.1982795
-0.1982897
-0.1931667
-0.1865624
-0.1852335
-0.1920762
-0.2025240
-0.2076670
-0.2009811
-0.1835400
-0.1643180
-0.1543691
-0.1577441
-0.1671814
-0.1705760
-0.1627048
-0.1492392
-0.1386257
-0.1321050
-0.1237242
-0.1092565
-0.0924829
-0.0811419
-0.0772448
-0.0734661
-0.0610116
-0.0405367
-0.0224963
-0.0154029
-0.0160208
-0.0133352
-0.0005077
0.0197565
0.0403989
0.0570298
0.0696222
0.0804551
0.0920927
0.1058309
0.1201648
0.1306369
0.1326565
0.1265626
0.1206288
0.1263243
0.1466120
0.1691327
0.1754358
0.1589984
0.1311170
0.1071149
0.0901054
0.0716101
0.0457481
0.0181412
-0.0001434
-0.0051394
-0.0044674
-0.0084898
-0.0178038
-0.0227626
-0.0176061
-0.0115525
-0.0203215
-0.0472708
-0.0781921
-0.0953597
-0.0923753
-0.0751355
-0.0536499
-0.0349345
-0.0208315
-0.0118312
-0.0134369
-0.0329489
-0.0634500
-0.0776523
