0.0106703
0.0132626
0.0102887
-0.0001146
-0.0115533
-0.0147025
-0.0086639
-0.0029501
-0.0067321
-0.0182658
-0.0260263
-0.0194435
0.0012867
0.0249714
0.0394398
0.0428465
0.0443298
0.0529135
0.0680710
0.0835511
0.0981574
0.1176226
0.1442418
0.1680531
0.1721697
0.1480284
0.1049240
0.0639725
0.0418901
0.0392350
0.0426504
0.0370418
0.0160280
-0.0158414
-0.0469228
-0.0649174
-0.0649041
-0.0549920
-0.0518401
-0.0657465
-0.0891744
-0.1032315
-0.0975393
-0.0816349
-0.0737906
-0.0794494
-0.0854537
-0.0788479
-0.0680163
-0.0767783
-0.1119945
-0.1399957
-0.1029465
0.0369589
0.2701899
0.5557333
0.8573508
1.1561477
1.4271223
1.6144812
1.6469207
1.4900867
1.1869100
0.8405846
0.5490203
0.3478055
0.2097339
0.0926954
-0.0158389
-0.0973596
-0.1345420
-0.1365252
-0.1317447
-0.1412065
-0.1633581
-0.1839464
-0.1950290
-0.2005210
-0.2058259
-0.2087530
-0.2041418
-0.1943278
-0.1896664
-0.1972466
-0.2120062
-0.2217228
-0.2201866
-0.2131886
-0.2109907
-0.2168622
-0.2249945
-0.2289772
-0.2293683
-0.2310916
-0.2349416
-0.2347992
-0.2243840
-0.2052913
-0.1868881
-0.1784918
-0.1822033
-0.1926733
-0.2025293
-0.2078284
-0.2093951
-0.2100303
-0.2105713
-0.2082288
-0.1988742
-0.1818946
-0.1633631
-0.1532673
-0.1573591
-0.1707290
-0.1806557
-0.1774381
-0.1624852
-0.1450009
-0.1312780
-0.1189923
-0.1024921
-0.0816711
-0.0630425
-0.0516888
-0.0443797
-0.0330863
-0.0153708
0.0010438
0.0061289
-0.0004402
-0.0071989
-0.0019043
0.0161703
0.0358475
0.0453402
0.0427644
0.0356010
0.0314584
0.0308974
0.0290876
0.0225511
0.0123876
0.0009740
-0.0122641
-0.0295318
-0.0491379
-0.0635723
-0.0655733
-0.0568433
-0.0494456
-0.0563829
-0.0793608
-0.1062059
-0.1219154
-0.1231216
-0.1208759
-0.1281140
-0.1449826
-0.1583665
-0.1565732
-0.1429520
-0.1330813
-0.1384407
-0.1544532
-0.1656002
-0.1613273
-0.1454131
-0.1301242
-0.1234951
-0.1236029
-0.1234388
-0.1184854
-0.1094586
-0.1005795
-0.0970022
-0.1018918
-0.1127346
-0.1204970
-0.1158893
-0.0991237
-0.0822641
-0.0787575
-0.0895867
-0.1017471
-0.1022422
-0.0924704
-0.0861833
-0.0929801
-0.1067489
-0.1128872
-0.1056664
-0.0950443
-0.0951404
-0.1082566
-0.1227010
-0.1258595
-0.1170737
-0.1069175
-0.1056741
-0.1143373
-0.1259311
-0.1327152
-0.1309012
-0.1208548
-0.1064277
-0.0947233
-0.0932416
-0.1038799
-0.1198502
-0.1310670
-0.1337496
-0.1331396
-0.1351695
-0.1368763
-0.1285748
-0.1071655
-0.0847373
-0.0795740
-0.0969027
-0.1209725
-0.1294227
-0.1156378
-0.0945469
-0.0855624
-0.0923031
-0.1016317
-0.1011900
-0.0934228
-0.0900461
-0.0955817
-0.1013485
-0.0972201
-0.0858119
-0.0807761
-0.0908097
-0.1086871
-0.1183741
-0.1115548
-0.0946712
-0.0800893
-0.0733285
-0.0705581
-0.0666331
-0.0623521
-0.0628822
-0.0707066
-0.0817906
-0.0886945
-0.0868881
-0.0784783
-0.0707693
-0.0708893
-0.0799659
-0.0913296
-0.0955733
-0.0895285
-0.0805691
-0.0801486
-0.0915395
-0.1046791
-0.1048857
-0.0872787
-0.0620445
-0.0453721
-0.0457784
-0.0589885
-0.0741358
-0.0829239
-0.0832485
-0.0769989
-0.0672111
-0.0574007
-0.0512972
-0.0510449
-0.0552127
-0.0591400
-0.0578032
-0.0491060
-0.0355117
-0.0228475
-0.0160619
-0.0140488
-0.0083498
0.0109647
0.0458410
0.0861909
0.1163569
0.1267068
0.1193842
0.1033480
0.0849667
0.0641981
0.0391737
0.0125976
-0.0079466
-0.0165131
-0.0155563
-0.0158724
-0.0285773
-0.0551422
-0.0845249
-0.1017932
-0.1019078
-0.0949361
-0.0954588
-0.1062516
-0.1151773
-0.1104639
-0.0963395
-0.0880295
-0.0905734
-0.0898261
-0.0722015
-0.0510610
-0.0607502
-0.1132379
-0.1625838
-0.1252978
0.0531181
0.3505574
0.6892444
1.0007888
1.2633643
1.4751718
1.6060627
1.5954989
1.4080820
1.0857143
0.7339576
0.4509222
0.2677472
0.1532041
0.0652812
-0.0093709
-0.0608909
-0.0849086
-0.0947037
-0.1069800
-0.1248334
-0.1393478
-0.1442117
-0.1433802
-0.1444944
-0.1493849
-0.1537515
-0.1540481
-0.1513300
-0.1484114
-0.1463683
-0.1455990
-0.1483198
-0.1567885
-0.1685097
-0.1756541
-0.1716319
-0.1583444
-0.1455481
-0.1421151
-0.1478872
-0.1541780
-0.1520890
-0.1405452
-0.1270596
-0.1212018
-0.1264930
-0.1369752
-0.1411188
-0.1307747
-0.1087508
-0.0880656
-0.0816318
-0.0904250
-0.1019222
-0.1020055
-0.0891680
-0.0756399
-0.0730787
-0.0779387
-0.0734429
-0.0474157
-0.0069929
0.0265038
0.0378985
0.0322284
0.0279277
0.0374231
0.0564836
0.0726028
0.0810843
0.0900849
0.1098547
0.1395652
0.1669592
0.1808122
0.1819540
0.1809960
0.1862489
0.1958369
0.2022272
0.2026682
0.2026082
0.2081642
0.2171196
0.2198233
0.2095785
0.1906131
0.1741109
0.1664648
0.1630097
0.1543031
0.1376375
0.1206549
0.1132803
0.1173570
0.1250589
0.1265217
0.1176769
0.1012776
0.0828952
0.0676268
0.0592389
0.0591308
0.0642867
0.0676881
0.0636227
0.0537516
0.0465451
0.0489063
0.0583731
0.0651226
0.0624597
0.0542374
0.0503588
0.0550151
0.0612522
0.0589235
0.0477075
0.0400166
0.0489551
0.0734219
0.0969119
0.1024057
0.0880532
0.0673197
0.0545200
0.0524119
0.0545711
0.0569644
0.0629076
0.0755083
0.0887130
0.0904709
0.0760386
0.0555210
0.0452911
0.0517715
0.0653451
0.0707351
0.0620065
0.0466264
0.0364225
0.0367128
0.0439470
0.0511859
0.0538285
0.0509488
0.0437480
0.0342733
0.0250890
0.0189025
0.0178273
0.0226181
0.0317674
0.0407069
0.0429300
0.0343859
0.0182481
0.0040749
-0.0002278
0.0038099
0.0072727
0.0050416
0.0033981
0.0134229
0.0358992
0.0554486
0.0534178
0.0278521
-0.0012870
-0.0094789
0.0088279
0.0346641
0.0430144
0.0265282
0.0007917
-0.0126382
-0.0066311
0.0080084
0.0167681
0.0160807
0.0131877
0.0140336
0.0149836
0.0082407
-0.0061113
-0.0166826
-0.0113015
0.0096295
0.0319733
0.0406327
0.0326927
0.0175003
0.0052733
-0.0019515
-0.0076656
-0.0120540
-0.0095072
0.0039515
0.0229430
0.0351953
0.0323880
0.0175847
0.0016512
-0.0065238
-0.0056962
-0.0000556
0.0057917
0.0089766
0.0079789
0.0030985
-0.0022553
-0.0029828
0.0028444
0.0106890
0.0128364
0.0059719
-0.0051168
-0.0121939
-0.0115554
-0.0065100
-0.0022927
-0.0002887
0.0015176
0.0035878
0.0030108
-0.0021710
-0.0086198
-0.0105333
-0.0073795
-0.0063223
-0.0143289
-0.0283153
-0.0361140
-0.0290565
-0.0121027
0.0011769
0.0038615
0.0033474
0.0118971
0.0310277
0.0486685
0.0532340
0.0484786
0.0514849
0.0753571
0.1154947
0.1537619
0.1747121
0.1761336
0.1650240
0.1472206
0.1238402
0.0966306
0.0726088
0.0601093
0.0600958
0.0632687
0.0573579
0.0377338
0.0109181
-0.0120589
-0.0256724
-0.0338700
-0.0446114
-0.0602925
-0.0735423
-0.0738578
-0.0601825
-0.0462072
-0.0491982
-0.0701597
-0.0871373
-0.0749418
-0.0357480
-0.0059534
-0.0230117
-0.0795148
-0.1131898
-0.0500869
0.1375544
0.4151423
0.7233817
1.0234585
1.2990850
1.5206159
1.6259440
1.5549439
1.3083370
0.9663412
0.6408327
0.4037538
0.2565411
0.1592794
0.0796388
0.0131635
-0.0323005
-0.0578944
-0.0752935
-0.0933972
-0.1105393
-0.1202044
-0.1203517
-0.1153351
-0.1110942
-0.1109944
-0.1155720
-0.1237603
-0.1333792
-0.1415089
-0.1454154
-0.1432526
-0.1344479
-0.1209277
-0.1084508
-0.1045932
-0.1124796
-0.1262069
-0.1351321
-0.1347348
-0.1318872
-0.1365397
-0.1480131
-0.1527114
-0.1382432
-0.1090482
-0.0849939
-0.0828823
-0.1003087
-0.1189946
-0.1234015
-0.1146072
-0.1059901
-0.1071535
-0.1135097
-0.1112035
-0.0912358
-0.0590073
-0.0310373
-0.0219965
-0.0328102
-0.0497036
-0.0554555
-0.0435179
-0.0220884
-0.0039676
0.0075205
0.0212964
0.0465353
0.0794080
0.1045011
0.1105322
0.1029769
0.0988724
0.1091934
0.1285049
0.1430870
0.1473662
0.1494777
0.1603176
0.1798142
0.1964897
0.2000475
0.1919331
0.1824462
0.1790800
0.1797106
0.1768856
0.1664319
0.1504836
0.1335006
0.1178756
0.1040581
0.0930012
0.0862919
0.0837240
0.0821034
0.0772647
0.0670060
0.0520546
0.0352103
0.0203719
0.0115123
0.0106455
0.0159477
0.0229032
0.0285003
0.0338512
0.0412422
0.0484956
0.0482244
0.0347667
0.0118946
-0.0080496
-0.0140054
-0.0052617
0.0093166
0.0202665
0.0250128
0.0272658
0.0309800
0.0360214
0.0389906
0.0368742
0.0297306
0.0209992
0.0159438
0.0187945
0.0295124
0.0425729
0.0500732
0.0478618
0.0393409
0.0324845
0.0320303
0.0344352
0.0313252
0.0187292
0.0027940
-0.0046572
0.0026919
0.0185970
0.0288925
0.0239723
0.0072290
-0.0085545
-0.0129670
-0.0064299
0.0018908
0.0032317
-0.0038912
-0.0144331
-0.0225328
-0.0260438
-0.0267728
-0.0278860
-0.0313222
-0.0366180
-0.0412882
-0.0426204
-0.0400366
-0.0360147
-0.0340915
-0.0353510
-0.0369906
-0.0348428
-0.0275085
-0.0179342
-0.0110702
-0.0102944
-0.0158598
-0.0256652
-0.0364023
-0.0442298
-0.0461118
-0.0421220
-0.0362641
-0.0334665
-0.0348843
-0.0370931
-0.0373131
-0.0390728
-0.0503915
-0.0743210
-0.1016165
-0.1150836
-0.1033824
-0.0713541
-0.0366525
-0.0160303
-0.0142669
-0.0245566
-0.0370778
-0.0460741
-0.0504403
-0.0509199
-0.0489324
-0.0474217
-0.0503545
-0.0594149
-0.0709855
-0.0776414
-0.0743125
-0.0639635
-0.0566179
-0.0608515
-0.0746252
-0.0849528
-0.0789236
-0.0569520
-0.0347803
-0.0304431
-0.0479081
-0.0736859
-0.0898309
-0.0896495
-0.0803282
-0.0720566
-0.0678522
-0.0650798
-0.0636872
-0.0682011
-0.0803173
-0.0928682
-0.0951269
-0.0845518
-0.0707207
-0.0660114
-0.0736332
-0.0864957
-0.0966700
-0.1027197
-0.1067031
-0.1073717
-0.1009045
-0.0889170
-0.0814950
-0.0879607
-0.1047776
-0.1164040
-0.1107897
-0.0928237
-0.0796822
-0.0824195
-0.0943850
-0.0994210
-0.0900846
-0.0751051
-0.0684589
-0.0735187
-0.0800492
-0.0757762
-0.0581109
-0.0337489
-0.0094954
0.0131423
0.0341543
0.0492104
0.0509804
0.0366044
0.0118153
-0.0137720
-0.0346158
-0.0510737
-0.0641322
-0.0716647
-0.0726145
-0.0736112
-0.0867911
-0.1174250
-0.1546201
-0.1783993
-0.1786992
-0.1662796
-0.1624125
-0.1775914
-0.2020158
-0.2167670
-0.2113080
-0.1888567
-0.1594936
-0.1350860
-0.1306704
-0.1596867
-0.2151479
-0.2542331
-0.2133712
-0.0519484
0.2151478
0.5319043
0.8479909
1.1444496
1.4088100
1.5942264
1.6236553
1.4507828
1.1179843
0.7438126
0.4429739
0.2530553
0.1343744
0.0324096
-0.0671924
-0.1414983
-0.1730176
-0.1765124
-0.1828954
-0.2062428
-0.2345451
-0.2508761
-0.2554483
-0.2624630
-0.2791341
-0.2947828
-0.2931235
-0.2721025
-0.2477773
-0.2385218
-0.2478536
-0.2636285
-0.2718652
-0.2690051
-0.2615820
-0.2575586
-0.2602065
-0.2684382
-0.2789425
-0.2864199
-0.2847052
-0.2719643
-0.2556969
-0.2493064
-0.2600317
-0.2800253
-0.2921027
-0.2862662
-0.2695335
-0.2574527
-0.2562395
-0.2559591
-0.2429176
-0.2169215
-0.1930446
-0.1856318
-0.1930539
-0.2004742
-0.1965378
-0.1843044
-0.1748788
-0.1729548
-0.1716631
-0.1613942
-0.1407332
-0.1170080
-0.0977757
-0.0844712
-0.0743950
-0.0659413
-0.0594044
-0.0535324
-0.0443366
-0.0291015
-0.0106946
0.0039357
0.0102181
0.0104766
0.0118292
0.0199731
0.0348834
0.0513485
0.0625657
0.0638923
0.0553778
0.0422048
0.0317397
0.0278562
0.0272231
0.0225370
0.0109474
-0.0014455
-0.0058217
-0.0022138
-0.0025241
-0.0186676
-0.0472341
-0.0692199
-0.0686029
-0.0511929
-0.0416570
-0.0590175
-0.0957204
-0.1236303
-0.1219236
-0.0977731
-0.0781743
-0.0822428
-0.1034458
-0.1190444
-0.1144857
-0.0964383
-0.0829637
-0.0840476
-0.0932891
-0.0968042
-0.0873832
-0.0695214
-0.0530358
-0.0440200
-0.0415062
-0.0404586
-0.0365118
-0.0287698
-0.0200538
-0.0151989
-0.0179122
-0.0275127
-0.0381287
-0.0420890
-0.0357732
-0.0231776
-0.0135068
-0.0141073
-0.0246462
-0.0379093
-0.0467153
-0.0504199
-0.0545221
-0.0637209
-0.0758108
-0.0832529
-0.0809693
-0.0717816
-0.0633695
-0.0603235
-0.0605232
-0.0597380
-0.0582915
-0.0611517
-0.0711045
-0.0835696
-0.0900169
-0.0866028
-0.0781470
-0.0728144
-0.0735496
-0.0757836
-0.0734628
-0.0661498
-0.0593601
-0.0583242
-0.0624168
-0.0661127
-0.0649542
-0.0600120
-0.0564871
-0.0583867
-0.0648769
-0.0716495
-0.0752967
-0.0759184
-0.0756293
-0.0753484
-0.0739787
-0.0709212
-0.0685283
-0.0707869
-0.0789268
-0.0887916
-0.0936050
-0.0900586
-0.0816489
-0.0756017
-0.0762304
-0.0812824
-0.0847463
-0.0830084
-0.0780552
-0.0747725
-0.0755557
-0.0779749
-0.0777201
-0.0734282
-0.0681738
-0.0660773
-0.0676276
-0.0686727
-0.0644087
-0.0547390
-0.0457061
-0.0448970
-0.0542723
-0.0670441
-0.0725178
-0.0654860
-0.0513466
-0.0411342
-0.0407641
-0.0457235
-0.0473029
-0.0434671
-0.0414625
-0.0485648
-0.0618900
-0.0700515
-0.0653588
-0.0521883
-0.0416682
-0.0395053
-0.0415815
-0.0413301
-0.0382060
-0.0367011
-0.0388926
-0.0415340
-0.0411182
-0.0389110
-0.0387709
-0.0414735
-0.0439749
-0.0441255
-0.0431030
-0.0417177
-0.0368154
-0.0246585
-0.0075746
0.0062429
0.0116303
0.0134698
0.0222800
0.0430133
0.0703774
0.0954904
0.1143889
0.1277616
0.1341346
0.1277161
0.1052392
0.0731654
0.0451056
0.0310935
0.0299195
0.0315652
0.0255567
0.0070024
-0.0222201
-0.0544218
-0.0783562
-0.0848940
-0.0745434
-0.0591539
-0.0529482
-0.0600302
-0.0718777
-0.0780756
-0.0773074
-0.0748987
-0.0713439
-0.0600434
-0.0407636
-0.0303553
-0.0488108
-0.0882432
-0.1008630
-0.0285077
0.1508850
0.4090180
0.7001285
0.9992688
1.2962858
1.5529216
1.6851093
1.6118720
1.3325358
0.9491338
0.6004598
0.3667690
0.2344560
0.1441538
0.0604935
-0.0081725
-0.0445215
-0.0565664
-0.0701585
-0.0969016
-0.1222938
-0.1275691
-0.1149744
-0.1049806
-0.1113463
-0.1260936
-0.1313838
-0.1218895
-0.1108015
-0.1140832
-0.1324649
-0.1510253
-0.1552502
-0.1454528
-0.1351865
-0.1368529
-0.1498482
-0.1624014
-0.1638234
-0.1541673
-0.1422934
-0.1359055
-0.1347941
-0.1336124
-0.1293887
-0.1245927
-0.1232210
-0.1259254
-0.1300526
-0.1330401
-0.1336933
-0.1304324
-0.1210828
-0.1063802
-0.0923367
-0.0861326
-0.0887104
-0.0933484
-0.0932232
-0.0890631
-0.0866585
-0.0867904
-0.0811403
-0.0614049
-0.0315221
-0.0067784
0.0017377
0.0001911
0.0063793
0.0303438
0.0627317
0.0843259
0.0863730
0.0794586
0.0819990
0.1017964
0.1301312
0.1525037
0.1625631
0.1651051
0.1680554
0.1742423
0.1807134
0.1832791
0.1798424
0.1705001
0.1570712
0.1434326
0.1344918
0.1324472
0.1335810
0.1301374
0.1167606
0.0952675
0.0726660
0.0545424
0.0408910
0.0284400
0.0161919
0.0076038
0.0068736
0.0133528
0.0202276
0.0194799
0.0090108
-0.0046506
-0.0111986
-0.0054413
0.0075632
0.0164221
0.0135823
0.0023925
-0.0062430
-0.0048938
0.0027352
0.0058417
-0.0014818
-0.0130145
-0.0162560
-0.0057690
0.0101441
0.0170309
0.0086153
-0.0070653
-0.0160614
-0.0124159
-0.0029672
0.0014344
-0.0018139
-0.0047047
0.0016508
0.0161427
0.0275981
0.0258049
0.0121976
-0.0008978
-0.0019942
0.0082879
0.0175676
0.0137216
-0.0027698
-0.0183643
-0.0191004
-0.0045697
0.0107622
0.0110006
-0.0058665
-0.0262800
-0.0349042
-0.0295685
-0.0218249
-0.0231848
-0.0325063
-0.0381433
-0.0317517
-0.0180888
-0.0103633
-0.0167586
-0.0324754
-0.0446600
-0.0442050
-0.0329306
-0.0207220
-0.0166877
-0.0223911
-0.0321021
-0.0388859
-0.0408094
-0.0415877
-0.0451176
-0.0498359
-0.0498811
-0.0427826
-0.0347975
-0.0359799
-0.0486980
-0.0627223
-0.0644413
-0.0516634
-0.0374895
-0.0377019
-0.0544998
-0.0739866
-0.0799599
-0.0692415
-0.0532376
-0.0459009
-0.0514881
-0.0631206
-0.0707231
-0.0692265
-0.0608686
-0.0522217
-0.0494168
-0.0541187
-0.0621575
-0.0664066
-0.0627371
-0.0539970
-0.0474777
-0.0477302
-0.0521777
-0.0543945
-0.0513388
-0.0462578
-0.0441335
-0.0453486
-0.0452167
-0.0399253
-0.0318417
-0.0278592
-0.0323685
-0.0423929
-0.0500593
-0.0499045
-0.0437672
-0.0386795
-0.0400468
-0.0466414
-0.0518549
-0.0497167
-0.0400937
-0.0286735
-0.0221922
-0.0232333
-0.0287136
-0.0327688
-0.0314177
-0.0255037
-0.0199751
-0.0201035
-0.0272361
-0.0371058
-0.0421918
-0.0368467
-0.0216942
-0.0039536
0.0069667
0.0058315
-0.0045993
-0.0153671
-0.0178419
-0.0101766
0.0016682
0.0095570
0.0107689
0.0106814
0.0180432
0.0373345
0.0652697
0.0940349
0.1173587
0.1337363
0.1449733
0.1526638
0.1559905
0.1521242
0.1386308
0.1165054
0.0917114
0.0729245
0.0655590
0.0663820
0.0644696
0.0495700
0.0215006
-0.0082629
-0.0254795
-0.0254465
-0.0175545
-0.0170650
-0.0308330
-0.0504544
-0.0603889
-0.0536504
-0.0383494
-0.0270456
-0.0210971
-0.0106452
0.0069151
0.0137527
-0.0120873
-0.0610828
-0.0790053
-0.0018253
0.1898069
0.4547876
0.7342140
1.0034420
1.2694922
1.5150352
1.6620408
1.6151012
1.3525452
0.9684770
0.6123312
0.3800998
0.2615449
0.1850261
0.1004162
0.0137438
-0.0457248
-0.0712320
-0.0833268
-0.0999932
-0.1172160
-0.1219947
-0.1148246
-0.1106708
-0.1197744
-0.1353763
-0.1434971
-0.1406315
-0.1371126
-0.1436684
-0.1585544
-0.1695807
-0.1670390
-0.1530055
-0.1388454
-0.1351890
-0.1439167
-0.1578813
-0.1673971
-0.1679767
-0.1631521
-0.1600246
-0.1616785
-0.1640978
-0.1610334
-0.1516961
-0.1426640
-0.1415461
-0.1490422
-0.1577526
-0.1587873
-0.1494174
-0.1348000
-0.1231220
-0.1190738
-0.1207958
-0.1218869
-0.1165116
-0.1039229
-0.0890634
-0.0784438
-0.0743631
-0.0726295
-0.0663683
-0.0527136
-0.0358122
-0.0227222
-0.0159339
-0.0101839
0.0025936
0.0246938
0.0494369
0.0674817
0.0766234
0.0842302
0.0985962
0.1182201
0.1319621
0.1317350
0.1241228
0.1262808
0.1481670
0.1797323
0.1982278
0.1894611
0.1612051
0.1350488
0.1258023
0.1296009
0.1308369
0.1181556
0.0931070
0.0659862
0.0465805
0.0389585
0.0417228
0.0500338
0.0575347
0.0590303
0.0533854
0.0438215
0.0347095
0.0281935
0.0242082
0.0227379
0.0241331
0.0266801
0.0257789
0.0179682
0.0060259
-0.0019974
-0.0006692
0.0062696
0.0089435
0.0017074
-0.0103503
-0.0161667
-0.0096385
0.0049818
0.0182415
0.0245702
0.0256065
0.0259135
0.0274951
0.0289335
0.0282468
0.0250383
0.0203592
0.0162109
0.0156437
0.0216453
0.0339543
0.0469362
0.0524393
0.0464649
0.0332294
0.0218687
0.0186145
0.0222009
0.0267011
0.0279862
0.0266857
0.0253636
0.0245349
0.0228898
0.0210357
0.0228404
0.0309703
0.0410850
0.0428029
0.0291574
0.0057439
-0.0114477
-0.0097791
0.0076410
0.0241726
0.0250745
0.0105660
-0.0065923
-0.0152825
-0.0160711
-0.0172192
-0.0232610
-0.0301767
-0.0317677
-0.0281027
-0.0254613
-0.0285563
-0.0350491
-0.0386301
-0.0362240
-0.0308551
-0.0280384
-0.0308531
-0.0384546
-0.0474100
-0.0531763
-0.0517436
-0.0427166
-0.0317423
-0.0277771
-0.0352383
-0.0485457
-0.0564298
-0.0531657
-0.0448532
-0.0430803
-0.0524105
-0.0656576
-0.0722045
-0.0695555
-0.0648657
-0.0653907
-0.0697755
-0.0704360
-0.0636428
-0.0549891
-0.0538575
-0.0633802
-0.0770056
-0.0848322
-0.0825272
-0.0741693
-0.0675734
-0.0675641
-0.0729800
-0.0788072
-0.0808941
-0.0795167
-0.0791233
-0.0842302
-0.0946949
-0.1048325
-0.1078485
-0.1018634
-0.0917730
-0.0850062
-0.0851662
-0.0893881
-0.0914402
-0.0874629
-0.0795805
-0.0747972
-0.0798614
-0.0953044
-0.1131109
-0.1211331
-0.1122860
-0.0909486
-0.0696002
-0.0576115
-0.0530123
-0.0459829
-0.0302319
-0.0093383
0.0088938
0.0223006
0.0353487
0.0496942
0.0571478
0.0461942
0.0161621
-0.0181561
-0.0388488
-0.0416589
-0.0389118
-0.0460096
-0.0668412
-0.0926543
-0.1125061
-0.1224523
-0.1260608
-0.1297477
-0.1384819
-0.1526077
-0.1660542
-0.1699670
-0.1625033
-0.1545006
-0.1593602
-0.1740020
-0.1758144
-0.1479912
-0.1083178
-0.1009087
-0.1470662
-0.2049686
-0.1900494
-0.0446153
0.2139146
0.5171232
0.8113911
1.0873253
1.3414741
1.5251754
1.5550299
1.3857725
1.0671619
0.7180300
0.4400894
0.2568241
0.1295650
0.0186384
-0.0799569
-0.1495951
-0.1858370
-0.2039454
-0.2193552
-0.2321215
-0.2341567
-0.2255199
-0.2172068
-0.2190128
-0.2300440
-0.2429183
-0.2535384
-0.2630742
-0.2716919
-0.2748810
-0.2683420
-0.2547894
-0.2431019
-0.2400873
-0.2443716
-0.2492606
-0.2508597
-0.2520601
-0.2581395
-0.2692008
-0.2780220
-0.2760675
-0.2618875
-0.2435702
-0.2326031
-0.2347119
-0.2460044
-0.2574694
-0.2628449
-0.2621563
-0.2584568
-0.2526868
-0.2430018
-0.2290402
-0.2153885
-0.2091709
-0.2134345
-0.2231379
-0.2283938
-0.2224754
-0.2072844
-0.1911784
-0.1810889
-0.1761875
-0.1690677
-0.1534503
-0.1309857
-0.1101302
-0.0977242
-0.0918155
-0.0838402
-0.0685658
-0.0508580
-0.0405698
-0.0400223
-0.0384633
-0.0218143
0.0111479
0.0440900
0.0568986
0.0447596
0.0225521
0.0097178
0.0116598
0.0170893
0.0128765
-0.0009219
-0.0121550
-0.0112603
-0.0022920
0.0015759
-0.0079423
-0.0264137
-0.0425177
-0.0498326
-0.0517505
-0.0556593
-0.0641705
-0.0729989
-0.0767543
-0.0755210
-0.0751759
-0.0815529
-0.0946765
-0.1086452
-0.1169122
-0.1177088
-0.1145989
-0.1120088
-0.1104377
-0.1063370
-0.0969237
-0.0849323
-0.0779145
-0.0819089
-0.0951183
-0.1078057
-0.1092167
-0.0959718
-0.0748873
-0.0578615
-0.0530888
-0.0597032
-0.0697348
-0.0750621
-0.0732884
-0.0681454
-0.0651617
-0.0670782
-0.0726752
-0.0787614
-0.0824429
-0.0818952
-0.0764891
-0.0674706
-0.0582979
-0.0529421
-0.0529755
-0.0567424
-0.0620427
-0.0690957
-0.0794778
-0.0917701
-0.0998574
-0.0976943
-0.0862480
-0.0742108
-0.0702737
-0.0748677
-0.0808033
-0.0822547
-0.0815219
-0.0853849
-0.0953615
-0.1038883
-0.1018386
-0.0893770
-0.0776263
-0.0783809
-0.0922706
-0.1077924
-0.1123414
-0.1039635
-0.0920786
-0.0870845
-0.0900770
-0.0931570
-0.0891408
-0.0795708
-0.0723091
-0.0719424
-0.0744838
-0.0729234
-0.0672049
-0.0660847
-0.0771120
-0.0954887
-0.1056866
-0.0962600
-0.0726299
-0.0531616
-0.0513991
-0.0628671
-0.0705978
-0.0634832
-0.0476769
-0.0390606
-0.0456362
-0.0593456
-0.0656129
-0.0590232
-0.0476146
-0.0422832
-0.0447538
-0.0479042
-0.0466215
-0.0449698
-0.0506793
-0.0638677
-0.0741583
-0.0704944
-0.0529214
-0.0331725
-0.0235715
-0.0264621
-0.0347599
-0.0411924
-0.0449294
-0.0490341
-0.0536415
-0.0542399
-0.0473490
-0.0362866
-0.0291180
-0.0301460
-0.0346828
-0.0340883
-0.0263505
-0.0199786
-0.0252487
-0.0412142
-0.0533118
-0.0462242
-0.0197059
0.0097734
0.0245565
0.0227724
0.0188121
0.0271796
0.0478926
0.0693021
0.0836789
0.0961468
0.1160790
0.1417628
0.1578934
0.1504481
0.1223783
0.0916540
0.0732319
0.0650815
0.0535843
0.0311248
0.0050743
-0.0116484
-0.0163329
-0.0196752
-0.0331013
-0.0554377
-0.0740456
-0.0783468
-0.0703560
-0.0617418
-0.0621833
-0.0712915
-0.0800636
-0.0781596
-0.0611218
-0.0349747
-0.0161956
-0.0231782
-0.0595396
-0.1007118
-0.0995665
-0.0129425
0.1707352
0.4270530
0.7166775
1.0076201
1.2744771
1.4796379
1.5670721
1.4892246
1.2492791
0.9166728
0.5933823
0.3546875
0.2131421
0.1322481
0.0703799
0.0124360
-0.0336025
-0.0605061
-0.0755796
-0.0919728
-0.1124810
-0.1269739
-0.1259954
-0.1136537
-0.1047022
-0.1096383
-0.1248602
-0.1381460
-0.1422544
-0.1413877
-0.1444419
-0.1537857
-0.1623299
-0.1615781
-0.1512099
-0.1396631
-0.1354556
-0.1388779
-0.1427683
-0.1410113
-0.1352417
-0.1325122
-0.1367172
-0.1435562
-0.1450083
-0.1384759
-0.1300090
-0.1275152
-0.1317152
-0.1356620
-0.1334643
-0.1273689
-0.1241089
-0.1249762
-0.1226126
-0.1095718
-0.0885304
-0.0709340
-0.0647154
-0.0656026
-0.0625694
-0.0505813
-0.0349254
-0.0224751
-0.0119722
0.0038263
0.0272196
0.0505783
0.0643107
0.0680339
0.0710919
0.0819847
0.0997055
0.1167495
0.1287466
0.1384275
0.1501598
0.1633921
0.1735043
0.1779676
0.1791539
0.1805564
0.1821271
0.1808397
0.1750352
0.1664679
0.1578860
0.1500750
0.1422260
0.1341862
0.1265534
0.1181945
0.1052457
0.0844211
0.0577354
0.0329599
0.0182370
0.0156594
0.0199324
0.0231632
0.0210507
0.0149828
0.0089024
0.0047106
0.0009575
-0.0041494
-0.0092568
-0.0105408
-0.0063936
-0.0005383
0.0011376
-0.0026552
-0.0063919
-0.0039865
0.0029335
0.0052126
-0.0036097
-0.0181658
-0.0249729
-0.0164592
0.0003207
0.0109527
0.0089821
0.0014605
-0.0013755
0.0010419
0.0003766
-0.0076786
-0.0155493
-0.0119546
0.0036298
0.0187031
0.0213842
0.0136867
0.0081895
0.0122225
0.0189934
0.0163417
0.0021743
-0.0120954
-0.0138560
-0.0026334
0.0103147
0.0142009
0.0082622
-0.0005470
-0.0065533
-0.0099787
-0.0137138
-0.0185126
-0.0228777
-0.0261781
-0.0294196
-0.0325876
-0.0333151
-0.0300464
-0.0258950
-0.0270353
-0.0358847
-0.0467753
-0.0502964
-0.0427359
-0.0303914
-0.0234762
-0.0259379
-0.0323590
-0.0351244
-0.0332642
-0.0327007
-0.0380440
-0.0460774
-0.0487987
-0.0423914
-0.0316296
-0.0248094
-0.0253264
-0.0294741
-0.0322711
-0.0336284
-0.0372575
-0.0440900
-0.0490676
-0.0461083
-0.0356819
-0.0255860
-0.0232380
-0.0279616
-0.0320694
-0.0294861
-0.0220153
-0.0162908
-0.0154620
-0.0156961
-0.0114788
-0.0029462
0.0037972
0.0035753
-0.0023006
-0.0082386
-0.0109545
-0.0121481
-0.0146241
-0.0175531
-0.0170833
-0.0112787
-0.0029694
0.0029850
0.0045347
0.0037235
0.0035334
0.0045712
0.0051533
0.0036747
0.0000513
-0.0045823
-0.0083368
-0.0086294
-0.0032477
0.0071540
0.0175966
0.0211543
0.0143055
0.0006607
-0.0108706
-0.0125472
-0.0035844
0.0096272
0.0188774
0.0203685
0.0168355
0.0145065
0.0180744
0.0278646
0.0409072
0.0541651
0.0666866
0.0791156
0.0919774
0.1051675
0.1190067
0.1348190
0.1534642
0.1731276
0.1892387
0.1974053
0.1967069
0.1896752
0.1785694
0.1621398
0.1375161
0.1062173
0.0770838
0.0604336
0.0575081
0.0568479
0.0440612
0.0167971
-0.0112297
-0.0233733
-0.0174675
-0.0080354
-0.0097149
-0.0204791
-0.0250510
-0.0154529
-0.0034564
-0.0074227
-0.0275496
-0.0410990
-0.0279525
0.0014260
0.0123257
-0.0131853
-0.0430400
-0.0102626
0.1330361
0.3759667
0.6630188
0.9432569
1.1985703
1.4223925
1.5809279
1.6117422
1.4718831
1.1879848
0.8526799
0.5651462
0.3699809
0.2476237
0.1556193
0.0731600
0.0082342
-0.0277733
-0.0420657
-0.0554244
-0.0807804
-0.1117206
-0.1321747
-0.1346364
-0.1276001
-0.1263816
-0.1381146
-0.1556037
-0.1648653
-0.1584690
-0.1423532
-0.1304057
-0.1323066
-0.1459932
-0.1613084
-0.1703059
-0.1733514
-0.1755246
-0.1790885
-0.1816893
-0.1817008
-0.1823719
-0.1881399
-0.1975313
-0.2026183
-0.1971640
-0.1842025
-0.1736487
-0.1721882
-0.1769092
-0.1796435
-0.1763718
-0.1705748
-0.1673634
-0.1663926
-0.1623209
-0.1517380
-0.1377794
-0.1270344
-0.1225763
-0.1207617
-0.1146936
-0.1004720
-0.0804195
-0.0608304
-0.0465715
-0.0372793
-0.0283810
-0.0158464
0.0000063
0.0156068
0.0290905
0.0434355
0.0632788
0.0879869
0.1092010
0.1175469
0.1126356
0.1050280
0.1065816
0.1188335
0.1320229
0.1357758
0.1296091
0.1220978
0.1205366
0.1230974
0.1218062
0.1120989
0.0977207
0.0857349
0.0779575
0.0689028
0.0524884
0.0297690
0.0089714
-0.0024497
-0.0054950
-0.0088232
-0.0197674
-0.0363329
-0.0492679
-0.0528517
-0.0524348
-0.0589106
-0.0750231
-0.0894394
-0.0873461
-0.0673112
-0.0452861
-0.0397905
-0.0537032
-0.0727662
-0.0822266
-0.0821055
-0.0835433
-0.0918388
-0.0980423
-0.0899197
-0.0684746
-0.0490571
-0.0452259
-0.0546339
-0.0632828
-0.0621325
-0.0560619
-0.0555683
-0.0625034
-0.0673150
-0.0604709
-0.0438134
-0.0286696
-0.0239164
-0.0281761
-0.0337380
-0.0357937
-0.0363292
-0.0400863
-0.0485934
-0.0584114
-0.0642298
-0.0633418
-0.0578278
-0.0528639
-0.0523321
-0.0552670
-0.0567959
-0.0536781
-0.0493106
-0.0517979
-0.0651445
-0.0826567
-0.0917433
-0.0870017
-0.0769624
-0.0751235
-0.0843053
-0.0927245
-0.0874418
-0.0702476
-0.0574279
-0.0629318
-0.0832858
-0.1006727
-0.1005010
-0.0845043
-0.0666693
-0.0586879
-0.0613162
-0.0684212
-0.0755686
-0.0827191
-0.0904714
-0.0967116
-0.0978264
-0.0922520
-0.0822648
-0.0725921
-0.0673156
-0.0675114
-0.0712607
-0.0757530
-0.0795655
-0.0832184
-0.0876207
-0.0918583
-0.0928067
-0.0879132
-0.0789388
-0.0720744
-0.0729377
-0.0811190
-0.0902817
-0.0939479
-0.0911894
-0.0870994
-0.0880201
-0.0955006
-0.1039367
-0.1047609
-0.0946413
-0.0800074
-0.0721890
-0.0768229
-0.0881599
-0.0947560
-0.0913461
-0.0845217
-0.0852449
-0.0952463
-0.1028503
-0.0951016
-0.0738285
-0.0561418
-0.0566455
-0.0709558
-0.0799193
-0.0704403
-0.0501446
-0.0402217
-0.0540025
-0.0829483
-0.1037715
-0.0992736
-0.0721654
-0.0394284
-0.0157960
-0.0044374
-0.0008863
-0.0004155
0.0004844
0.0063441
0.0222171
0.0496450
0.0828609
0.1088640
0.1137124
0.0931137
0.0579604
0.0265145
0.0096757
0.0055173
0.0071713
