-0.1794303
-0.1859278
-0.1738494
-0.1631549
-0.1609762
-0.1550951
-0.1395194
-0.1223756
-0.1091613
-0.0976393
-0.0892968
-0.0890276
-0.0926909
-0.0892177
-0.0762329
-0.0624414
-0.0548927
-0.0539031
-0.0588769
-0.0685995
-0.0767446
-0.0769810
-0.0723921
-0.0716061
-0.0760358
-0.0782862
-0.0728410
-0.0622081
-0.0529742
-0.0504311
-0.0556461
-0.0637480
-0.0669853
-0.0626687
-0.0554253
-0.0494368
-0.0433104
-0.0360314
-0.0322605
-0.0359632
-0.0425258
-0.0430749
-0.0350178
-0.0242778
-0.0184548
-0.0204651
-0.0272163
-0.0324690
-0.0326119
-0.0306262
-0.0323005
-0.0384790
-0.0442705
-0.0461168
-0.0457454
-0.0463019
-0.0483440
-0.0509234
-0.0535355
-0.0559534
-0.0586251
-0.0635059
-0.0718660
-0.0813493
-0.0879388
-0.0904686
-0.0901693
-0.0861300
-0.0747946
-0.0549118
-0.0310772
-0.0120927
-0.0065384
-0.0177763
-0.0401530
-0.0607642
-0.0681037
-0.0602409
-0.0445062
-0.0303995
-0.0232542
-0.0223489
-0.0230351
-0.0215387
-0.0184754
-0.0165324
-0.0154688
-0.0130283
-0.0109272
-0.0140823
-0.0202784
-0.0160634
0.0086020
0.0409235
0.0490317
0.0149823
-0.0329338
-0.0269932
0.0901010
0.3154268
0.5868259
0.8355555
1.0341729
1.1885393
1.2905613
1.2968852
1.1664256
0.9159671
0.6280481
0.3966164
0.2621086
0.1965936
0.1465215
0.0847624
0.0223898
-0.0199704
-0.0402702
-0.0531317
-0.0700367
-0.0903187
-0.1092267
-0.1261764
-0.1420507
-0.1532292
-0.1535117
-0.1425398
-0.1299423
-0.1286618
-0.1428932
-0.1632123
-0.1751992
-0.1731645
-0.1644914
-0.1610273
-0.1680315
-0.1810844
-0.1907298
-0.1889303
-0.1736395
-0.1499273
-0.1267335
-0.1113596
-0.1061599
-0.1088282
-0.1138718
-0.1143728
-0.1055421
-0.0888272
-0.0721073
-0.0644656
-0.0694891
-0.0820858
-0.0911339
-0.0871506
-0.0702461
-0.0510855
-0.0423244
-0.0476997
-0.0589356
-0.0626685
-0.0506253
-0.0251309
0.0034908
0.0255711
0.0398451
0.0530005
0.0714866
0.0946925
0.1165925
0.1325758
0.1433675
0.1533116
0.1663341
0.1830090
0.1999778
0.2120202
0.2157608
0.2123484
0.2070244
0.2056907
0.2101264
0.2149681
0.2104026
0.1905228
0.1599381
0.1307827
0.1123952
0.1044018
0.0994150
0.0907336
0.0770551
0.0615846
0.0482544
0.0386969
0.0319465
0.0262323
0.0203398
0.0134306
0.0051104
-0.0032600
-0.0085295
-0.0088383
-0.0065707
-0.0067796
-0.0122099
-0.0203581
-0.0255000
-0.0235718
-0.0157741
-0.0079397
-0.0057887
-0.0101080
-0.0166549
-0.0206447
-0.0206311
-0.0183749
-0.0166992
-0.0181376
-0.0239271
-0.0325208
-0.0394536
-0.0401236
-0.0334512
-0.0229881
-0.0144982
-0.0118293
-0.0141151
-0.0169253
-0.0169100
-0.0153603
-0.0164945
-0.0223204
-0.0300398
-0.0346252
-0.0333563
-0.0279815
-0.0232481
-0.0233595
-0.0291407
-0.0381983
-0.0474521
-0.0547699
-0.0584035
-0.0570231
-0.0520911
-0.0489423
-0.0526743
-0.0621252
-0.0696158
-0.0683438
-0.0600418
-0.0541789
-0.0584618
-0.0700233
-0.0773367
-0.0722598
-0.0596409
-0.0530410
-0.0604495
-0.0758186
-0.0855917
-0.0822325
-0.0701399
-0.0595053
-0.0565372
-0.0599710
-0.0651757
-0.0693738
-0.0721563
-0.0726618
-0.0693238
-0.0636303
-0.0617518
-0.0690548
-0.0826120
-0.0917580
-0.0880997
-0.0746598
-0.0640108
-0.0668704
-0.0822038
-0.0980973
-0.1023599
-0.0927575
-0.0773723
-0.0656062
-0.0595823
-0.0540478
-0.0430243
-0.0254281
-0.0051403
0.0126782
0.0248510
0.0305290
0.0291586
0.0191765
0.0000350
-0.0242398
-0.0450477
-0.0546076
-0.0520553
-0.0442751
-0.0409174
-0.0482180
-0.0660504
-0.0890671
-0.1099547
-0.1226147
-0.1247246
-0.1197631
-0.1164384
-0.1225826
-0.1363354
-0.1448497
-0.1366735
-0.1174421
-0.1089818
-0.1260400
-0.1508380
-0.1335658
-0.0243722
0.1890175
0.4709939
0.7619490
1.0108068
1.1867418
1.2688011
1.2382921
1.0911216
0.8564056
0.5937984
0.3635274
0.1940608
0.0761733
-0.0144619
-0.0909043
-0.1491349
-0.1827693
-0.1974316
-0.2079949
-0.2238366
-0.2406974
-0.2481737
-0.2430048
-0.2330831
-0.2292779
-0.2352300
-0.2454146
-0.2518490
-0.2515995
-0.2479235
-0.2453102
-0.2447533
-0.2440377
-0.2412482
-0.2366628
-0.2316974
-0.2274438
-0.2243991
-0.2224650
-0.2207575
-0.2182487
-0.2151110
-0.2127752
-0.2119385
-0.2107181
-0.2055601
-0.1946363
-0.1805015
-0.1688446
-0.1637462
-0.1639384
-0.1642112
-0.1605304
-0.1531070
-0.1445622
-0.1365240
-0.1288747
-0.1211466
-0.1130368
-0.1037710
-0.0924842
-0.0798227
-0.0682565
-0.0597867
-0.0533714
-0.0455106
-0.0341180
-0.0214079
-0.0116197
-0.0053756
0.0022591
0.0163927
0.0354948
0.0520667
0.0608134
0.0645490
0.0705152
0.0814790
0.0920667
0.0943417
0.0860616
0.0725504
0.0607712
0.0528979
0.0464560
0.0394680
0.0330274
0.0282384
0.0229856
0.0141615
0.0025378
-0.0070231
-0.0110913
-0.0119147
-0.0146907
-0.0210294
-0.0266473
-0.0263258
-0.0203904
-0.0148312
-0.0145854
-0.0179490
-0.0189648
-0.0147564
-0.0086991
-0.0059942
-0.0077779
-0.0107181
-0.0112935
-0.0088528
-0.0047342
-0.0001197
0.0042603
0.0070396
0.0062674
0.0012610
-0.0060528
-0.0125250
-0.0165965
-0.0189531
-0.0202105
-0.0191853
-0.0146010
-0.0078552
-0.0025917
-0.0012991
-0.0032494
-0.0059074
-0.0073373
-0.0068635
-0.0046007
-0.0016986
-0.0008149
-0.0046920
-0.0129027
-0.0203744
-0.0209804
-0.0139671
-0.0061243
-0.0057865
-0.0142164
-0.0241569
-0.0275522
-0.0235730
-0.0180547
-0.0161812
-0.0177185
-0.0195684
-0.0209176
-0.0239057
-0.0294242
-0.0343356
-0.0346650
-0.0311648
-0.0295032
-0.0335323
-0.0396813
-0.0404805
-0.0340396
-0.0278737
-0.0313704
-0.0447939
-0.0574120
-0.0574617
-0.0436933
-0.0265382
-0.0179907
-0.0209631
-0.0286448
-0.0329741
-0.0320562
-0.0295219
-0.0290602
-0.0313591
-0.0351687
-0.0387326
-0.0396197
-0.0352591
-0.0256992
-0.0155996
-0.0115727
-0.0160513
-0.0239821
-0.0269872
-0.0217466
-0.0137478
-0.0117341
-0.0186025
-0.0288223
-0.0347830
-0.0341116
-0.0299063
-0.0254234
-0.0211103
-0.0172651
-0.0169849
-0.0232474
-0.0324546
-0.0337373
-0.0183768
0.0093795
0.0338817
0.0434320
0.0434715
0.0514435
0.0773813
0.1117083
0.1344358
0.1355534
0.1236646
0.1138401
0.1097426
0.1011939
0.0794974
0.0512686
0.0331357
0.0330191
0.0405662
0.0386155
0.0220945
0.0019773
-0.0095121
-0.0136468
-0.0220426
-0.0403638
-0.0598176
-0.0673736
-0.0618218
-0.0549377
-0.0560149
-0.0604470
-0.0587120
-0.0540692
-0.0619487
-0.0850659
-0.0922001
-0.0309972
0.1314824
0.3800450
0.6627099
0.9264749
1.1376850
1.2714856
1.2966310
1.1877881
0.9585960
0.6742366
0.4185340
0.2412314
0.1353109
0.0625466
-0.0041993
-0.0643520
-0.1061465
-0.1283404
-0.1418347
-0.1555594
-0.1681190
-0.1742339
-0.1742767
-0.1736227
-0.1747467
-0.1746536
-0.1710036
-0.1671586
-0.1683400
-0.1742421
-0.1784713
-0.1757129
-0.1675576
-0.1604419
-0.1591564
-0.1634520
-0.1699646
-0.1754892
-0.1779402
-0.1758459
-0.1689867
-0.1598651
-0.1530977
-0.1519444
-0.1552898
-0.1584998
-0.1573329
-0.1511318
-0.1429540
-0.1371168
-0.1357420
-0.1363608
-0.1330961
-0.1217986
-0.1047594
-0.0893007
-0.0806011
-0.0763679
-0.0697187
-0.0571700
-0.0422705
-0.0304911
-0.0218010
-0.0105152
0.0070892
0.0272006
0.0426688
0.0520736
0.0619874
0.0792687
0.1030254
0.1259739
0.1426161
0.1537140
0.1627022
0.1703465
0.1748766
0.1762197
0.1773821
0.1805857
0.1835430
0.1814299
0.1724263
0.1596627
0.1470740
0.1347991
0.1201736
0.1025947
0.0854891
0.0729141
0.0653414
0.0594746
0.0514528
0.0395983
0.0249577
0.0106480
0.0007335
-0.0018943
0.0018111
0.0064173
0.0054976
-0.0027772
-0.0133573
-0.0185366
-0.0151961
-0.0078351
-0.0042707
-0.0084599
-0.0174043
-0.0243850
-0.0248104
-0.0195048
-0.0132782
-0.0105948
-0.0122316
-0.0156136
-0.0178850
-0.0182207
-0.0173223
-0.0156679
-0.0132163
-0.0106890
-0.0100722
-0.0129752
-0.0185547
-0.0237823
-0.0262884
-0.0267369
-0.0278749
-0.0313205
-0.0359777
-0.0397323
-0.0417307
-0.0423067
-0.0416756
-0.0402931
-0.0403045
-0.0445489
-0.0527269
-0.0595718
-0.0589024
-0.0502357
-0.0403652
-0.0372521
-0.0424311
-0.0502078
-0.0543176
-0.0543212
-0.0548876
-0.0598691
-0.0685139
-0.0770890
-0.0822667
-0.0822492
-0.0765437
-0.0669166
-0.0582963
-0.0563749
-0.0627178
-0.0726656
-0.0791331
-0.0787346
-0.0739698
-0.0698285
-0.0691876
-0.0716215
-0.0753106
-0.0785757
-0.0798253
-0.0779543
-0.0740114
-0.0714694
-0.0731950
-0.0781540
-0.0823998
-0.0836657
-0.0839070
-0.0866692
-0.0927674
-0.0994176
-0.1030810
-0.1021348
-0.0970851
-0.0897515
-0.0829962
-0.0799329
-0.0814726
-0.0844942
-0.0841293
-0.0788471
-0.0719511
-0.0663308
-0.0586485
-0.0417190
-0.0138637
0.0163848
0.0375333
0.0464663
0.0498010
0.0531932
0.0520183
0.0358233
0.0021526
-0.0366497
-0.0626097
-0.0681810
-0.0625179
-0.0622143
-0.0768462
-0.1031176
-0.1306135
-0.1509978
-0.1621628
-0.1663746
-0.1669012
-0.1665700
-0.1676943
-0.1710561
-0.1739847
-0.1711285
-0.1605992
-0.1507623
-0.1568846
-0.1835443
-0.2064232
-0.1759686
-0.0488678
0.1766659
0.4554036
0.7258524
0.9460845
1.0991435
1.1698194
1.1306403
0.9638811
0.6981200
0.4114091
0.1853704
0.0508171
-0.0214025
-0.0782160
-0.1380565
-0.1862468
-0.2069869
-0.2085334
-0.2138283
-0.2334841
-0.2561299
-0.2652838
-0.2590709
-0.2496104
-0.2470686
-0.2504273
-0.2538489
-0.2560472
-0.2593054
-0.2621091
-0.2584890
-0.2463361
-0.2330595
-0.2296895
-0.2396176
-0.2550972
-0.2649022
-0.2637048
-0.2538485
-0.2408836
-0.2300440
-0.2255857
-0.2291007
-0.2363474
-0.2383833
-0.2295397
-0.2144214
-0.2042315
-0.2048761
-0.2105330
-0.2107547
-0.2026410
-0.1932700
-0.1898809
-0.1905719
-0.1870232
-0.1750330
-0.1591028
-0.1459233
-0.1361793
-0.1251754
-0.1100365
-0.0929678
-0.0770478
-0.0619812
-0.0462144
-0.0313182
-0.0208377
-0.0144224
-0.0060078
0.0100065
0.0318829
0.0521084
0.0659287
0.0763294
0.0894551
0.1064510
0.1215316
0.1275784
0.1218822
0.1066268
0.0864230
0.0669180
0.0535839
0.0482620
0.0463184
0.0399970
0.0267456
0.0131097
0.0080361
0.0121734
0.0158794
0.0090884
-0.0079915
-0.0254630
-0.0342257
-0.0338512
-0.0300793
-0.0274707
-0.0268836
-0.0283989
-0.0324342
-0.0364497
-0.0338645
-0.0203521
-0.0012816
0.0106405
0.0076803
-0.0040217
-0.0102421
-0.0036608
0.0087741
0.0143887
0.0090504
0.0007999
-0.0003055
0.0067001
0.0141563
0.0156395
0.0128108
0.0122481
0.0174838
0.0255598
0.0307662
0.0305171
0.0273568
0.0256456
0.0261950
0.0239128
0.0116141
-0.0120166
-0.0375401
-0.0495965
-0.0394905
-0.0141678
0.0085454
0.0152124
0.0075153
-0.0023484
-0.0056378
-0.0046392
-0.0068394
-0.0146969
-0.0235237
-0.0282462
-0.0291266
-0.0297802
-0.0316623
-0.0328380
-0.0320011
-0.0317983
-0.0371207
-0.0504638
-0.0690631
-0.0857277
-0.0924731
-0.0856994
-0.0706029
-0.0600716
-0.0652907
-0.0842450
-0.1007005
-0.0984481
-0.0783901
-0.0596907
-0.0615249
-0.0835969
-0.1062168
-0.1099869
-0.0941163
-0.0746519
-0.0662211
-0.0677532
-0.0662326
-0.0519300
-0.0275157
-0.0027366
0.0167301
0.0325552
0.0464594
0.0528404
0.0421581
0.0130692
-0.0205200
-0.0382159
-0.0317856
-0.0147459
-0.0107178
-0.0305180
-0.0617407
-0.0825451
-0.0848814
-0.0815196
-0.0897052
-0.1112310
-0.1321303
-0.1407391
-0.1405311
-0.1419176
-0.1454440
-0.1408417
-0.1251183
-0.1147043
-0.1296881
-0.1623721
-0.1665386
-0.0856821
0.1036439
0.3747663
0.6737098
0.9541392
1.1884908
1.3516117
1.4068883
1.3209686
1.0972616
0.7922185
0.4917325
0.2634065
0.1235394
0.0433004
-0.0166932
-0.0756619
-0.1284484
-0.1631329
-0.1782314
-0.1835909
-0.1889979
-0.1959714
-0.2010049
-0.2035328
-0.2072733
-0.2136225
-0.2168916
-0.2092358
-0.1905414
-0.1711741
-0.1629920
-0.1678411
-0.1761823
-0.1771567
-0.1687111
-0.1572755
-0.1491077
-0.1442049
-0.1388791
-0.1320172
-0.1265274
-0.1246929
-0.1241613
-0.1202954
-0.1123295
-0.1054775
-0.1053440
-0.1102395
-0.1106673
-0.0983286
-0.0761273
-0.0578321
-0.0557073
-0.0675427
-0.0769570
-0.0683563
-0.0423058
-0.0152479
-0.0030652
-0.0052521
-0.0062692
0.0076420
0.0343574
0.0589857
0.0695856
0.0681661
0.0666814
0.0746956
0.0925728
0.1151746
0.1386954
0.1619578
0.1826565
0.1957836
0.1977164
0.1911897
0.1846205
0.1857796
0.1960352
0.2102182
0.2211220
0.2240815
0.2186698
0.2078358
0.1960670
0.1875123
0.1844667
0.1867323
0.1921738
0.1979711
0.2016562
0.2016424
0.1976351
0.1909010
0.1836084
0.1771324
0.1710261
0.1643906
0.1583911
0.1561484
0.1585684
0.1603781
0.1525110
0.1308537
0.1029182
0.0837546
0.0829032
0.0948676
0.1035318
0.0967130
0.0760981
0.0531193
0.0369501
0.0282110
0.0230217
0.0192658
0.0168425
0.0145253
0.0109472
0.0087583
0.0128642
0.0210423
0.0203008
0.0014588
-0.0181195
0.0085105
0.1281126
0.3481235
0.6269136
0.9036427
1.1355584
1.3048688
1.3961159
1.3813669
1.2394391
0.9899660
0.6994230
0.4443937
0.2647305
0.1504275
0.0692625
0.0014189
-0.0525610
-0.0886926
-0.1134949
-0.1380870
-0.1641659
-0.1826778
-0.1872060
-0.1842950
-0.1872222
-0.2009390
-0.2165617
-0.2215611
-0.2131020
-0.1995914
-0.1905981
-0.1881727
-0.1884418
-0.1886335
-0.1894719
-0.1912339
-0.1909090
-0.1855243
-0.1770041
-0.1709249
-0.1696589
-0.1687166
-0.1619770
-0.1501774
-0.1418948
-0.1445477
-0.1552035
-0.1621882
-0.1565215
-0.1408232
-0.1259651
-0.1194469
-0.1184259
-0.1144830
-0.1037592
-0.0906975
-0.0819315
-0.0784630
-0.0754198
-0.0687232
-0.0596502
-0.0517687
-0.0450698
-0.0357096
-0.0219281
-0.0078907
0.0006461
0.0041527
0.0104792
0.0266656
0.0502889
0.0705501
0.0784297
0.0749596
0.0688726
0.0666879
0.0661268
0.0594924
0.0428510
0.0212213
0.0045275
-0.0016683
-0.0016977
-0.0061379
-0.0220719
-0.0462463
-0.0677860
-0.0781652
-0.0789380
-0.0798089
-0.0892974
-0.1074592
-0.1272661
-0.1418744
-0.1497014
-0.1532130
-0.1548359
-0.1554833
-0.1564127
-0.1604383
-0.1697516
-0.1826608
-0.1937624
-0.1985701
-0.1983858
-0.2000883
-0.2100597
-0.2274828
-0.2436853
-0.2489128
-0.2404088
-0.2238484
-0.2069483
-0.1926512
-0.1794888
-0.1675246
-0.1608359
-0.1620270
-0.1658429
-0.1620744
-0.1467279
-0.1283620
-0.1202931
-0.1262036
-0.1357051
-0.1351974
-0.1212343
-0.1013813
-0.0838215
-0.0703547
-0.0607435
-0.0594197
-0.0719747
-0.0940275
-0.1084646
-0.0993127
-0.0696183
-0.0427372
-0.0427233
-0.0721835
-0.1094236
-0.1273597
-0.1157639
-0.0869895
-0.0625665
-0.0551990
-0.0620936
-0.0725599
-0.0795159
-0.0830876
-0.0847569
-0.0812108
-0.0668212
-0.0427046
-0.0209338
-0.0163645
-0.0326366
-0.0572243
-0.0720580
-0.0695242
-0.0576109
-0.0499232
-0.0524823
-0.0610658
-0.0693046
-0.0758594
-0.0824634
-0.0874759
-0.0850830
-0.0721703
-0.0542437
-0.0420853
-0.0415758
-0.0474035
-0.0477553
-0.0357655
-0.0165377
-0.0027667
-0.0028756
-0.0127304
-0.0188520
-0.0104308
0.0109265
0.0327699
0.0427876
0.0381879
0.0249342
0.0096959
-0.0052702
-0.0193508
-0.0289262
-0.0292237
-0.0214490
-0.0150969
-0.0199182
-0.0353857
-0.0504003
-0.0547627
-0.0496709
-0.0452419
-0.0485540
-0.0568090
-0.0630416
-0.0657546
-0.0696309
-0.0771319
-0.0832383
-0.0812043
-0.0719264
-0.0639776
-0.0633248
-0.0656589
-0.0615267
-0.0481626
-0.0331566
-0.0254859
-0.0256158
-0.0272212
-0.0274289
-0.0310179
-0.0421829
-0.0547712
-0.0552732
-0.0370065
-0.0089210
0.0121070
0.0170596
0.0109098
0.0036686
-0.0011444
-0.0068663
-0.0149285
-0.0204686
-0.0184276
-0.0109757
-0.0051243
-0.0032802
0.0001040
0.0105752
0.0250914
0.0352672
0.0390877
0.0450497
0.0611880
0.0815910
0.0886821
0.0716000
0.0404334
0.0187294
0.0208449
0.0381537
0.0484091
0.0374619
0.0109677
-0.0131895
-0.0208903
-0.0105377
0.0095128
0.0279857
0.0359029
0.0297124
0.0132560
-0.0033623
-0.0092206
0.0012149
0.0257076
0.0551355
0.0743434
0.0651965
0.0185488
-0.0475249
-0.0820065
-0.0247516
0.1512470
0.4163829
0.7049341
0.9601067
1.1571312
1.2845396
1.3159561
1.2180539
0.9937888
0.7083872
0.4561118
0.2924461
0.2007615
0.1280184
0.0479672
-0.0179304
-0.0390087
-0.0210058
-0.0028447
-0.0118624
-0.0352897
-0.0429086
-0.0306496
-0.0290973
-0.0654023
-0.1258272
-0.1664545
-0.1611403
-0.1299682
-0.1139958
-0.1260808
-0.1364212
-0.1106683
-0.0561880
-0.0214638
-0.0470309
-0.1216842
-0.1917069
-0.2118602
-0.1830929
-0.1411359
-0.1160401
-0.1096950
-0.1098069
-0.1144000
-0.1338439
-0.1707305
-0.2067349
-0.2158889
-0.1909153
-0.1536436
-0.1375725
-0.1584479
-0.1988484
-0.2198016
-0.1911562
-0.1181909
-0.0423817
-0.0113827
-0.0395950
-0.0945985
-0.1260172
-0.1121837
-0.0779670
-0.0640852
-0.0802627
-0.0936977
-0.0657978
0.0037505
0.0740431
0.1029324
0.0856884
0.0537871
0.0410889
0.0557971
0.0824824
0.1035136
0.1148523
0.1254825
0.1474733
0.1858505
0.2318170
0.2627743
0.2538581
0.1971629
0.1124235
0.0356393
-0.0069086
-0.0152174
-0.0076438
0.0009096
0.0111376
0.0316685
0.0637741
0.0962054
0.1135719
0.1070185
0.0769755
0.0293694
-0.0269048
-0.0784014
-0.1067916
-0.0961577
-0.0462651
0.0195835
0.0642837
0.0628902
0.0245313
-0.0134073
-0.0189893
0.0038484
0.0215721
0.0099362
-0.0175588
-0.0262276
-0.0037955
0.0226518
0.0207841
-0.0015738
0.0006395
0.0544022
0.1244408
0.1383717
0.0609901
-0.0625800
-0.1440710
-0.1314653
-0.0494866
0.0333379
0.0685372
0.0583655
0.0354678
0.0253105
0.0287042
0.0297359
0.0123576
-0.0270753
-0.0746662
-0.1048851
-0.0991281
-0.0641924
-0.0292600
-0.0183924
-0.0260173
-0.0251207
-0.0016050
0.0250084
0.0211483
-0.0213842
-0.0713322
-0.0868014
-0.0571212
-0.0146141
-0.0055438
-0.0488887
-0.1188495
-0.1628826
-0.1397114
-0.0508230
0.0557817
0.1148142
0.0887813
-0.0041775
-0.1040171
-0.1548099
-0.1446685
-0.1070660
-0.0868505
-0.1033419
-0.1392764
-0.1586410
-0.1361324
-0.0778063
-0.0195701
-0.0019600
-0.0365459
-0.0923181
-0.1201210
-0.0979379
-0.0529662
-0.0345340
-0.0636196
-0.1125895
-0.1362030
-0.1172792
-0.0765024
-0.0417062
-0.0190444
0.0011430
0.0199395
0.0245426
0.0078708
-0.0180636
-0.0357769
-0.0427012
-0.0478056
-0.0508267
-0.0397517
-0.0160521
-0.0093776
-0.0478962
-0.1127307
-0.1414182
-0.0935197
-0.0068832
0.0310169
-0.0241770
-0.1209738
-0.1643634
-0.1167613
-0.0338819
0.0003713
-0.0409950
-0.1178983
-0.1837101
-0.2297797
-0.2617889
-0.2529988
-0.1488325
0.0755535
0.3769638
0.6747250
0.9131774
1.0827525
1.1838903
1.1912426
1.0709469
0.8315444
0.5432378
0.2959211
0.1365107
0.0470273
-0.0215421
-0.0994376
-0.1780265
-0.2276457
-0.2282766
-0.1867254
-0.1327539
-0.1017570
-0.1156567
-0.1718399
-0.2455202
-0.3040467
-0.3252480
-0.3097955
-0.2802330
-0.2654451
-0.2785769
-0.3047834
-0.3124089
-0.2821649
-0.2280338
-0.1862679
-0.1799891
-0.1959963
-0.2011051
-0.1821593
-0.1646491
-0.1865940
-0.2549126
-0.3324167
-0.3700263
-0.3499404
-0.2965198
-0.2488440
-0.2271812
-0.2250225
-0.2266861
-0.2261402
-0.2281900
-0.2359566
-0.2420879
-0.2341092
-0.2075150
-0.1716447
-0.1411353
-0.1218317
-0.1074029
-0.0914362
-0.0798743
-0.0848365
-0.1031943
-0.1078141
-0.0711066
-0.0009658
0.0547455
0.0499698
-0.0117275
-0.0773551
-0.0958847
-0.0651925
-0.0237931
-0.0013676
0.0111999
0.0392039
0.0821307
0.1076853
0.0895508
0.0411658
0.0037823
0.0038995
0.0301280
0.0523029
0.0552101
0.0479307
0.0447381
0.0461289
0.0417328
0.0266707
0.0091708
0.0017537
0.0079279
0.0185328
0.0197645
0.0051226
-0.0173386
-0.0279188
-0.0090754
0.0376533
0.0867971
0.1054225
0.0801639
0.0299974
-0.0090480
-0.0137110
0.0097744
0.0354644
0.0417746
0.0274165
0.0083626
0.0023814
0.0149763
0.0364494
0.0511325
0.0513824
0.0442016
0.0428919
0.0506945
0.0549312
0.0418809
0.0179438
0.0099050
0.0374708
0.0859586
0.1132169
0.0891371
0.0273067
-0.0263118
-0.0367318
-0.0099482
0.0195098
0.0258324
0.0128453
0.0007358
-0.0002105
0.0021148
-0.0034386
-0.0147790
-0.0179863
-0.0030096
0.0246351
0.0472443
0.0484663
0.0247739
-0.0130764
-0.0481967
-0.0686266
-0.0729683
-0.0669164
-0.0555044
-0.0400103
-0.0223331
-0.0093648
-0.0087440
-0.0188988
-0.0267373
-0.0200483
-0.0029698
0.0050833
-0.0099588
-0.0380133
-0.0510045
-0.0306987
0.0104649
0.0384761
0.0285044
-0.0131067
-0.0559402
-0.0725797
-0.0590716
-0.0322126
-0.0109162
-0.0015724
0.0011532
0.0039000
0.0078609
0.0114293
0.0161564
0.0268275
0.0442682
0.0592184
0.0565282
0.0287755
-0.0132584
-0.0456457
-0.0499333
-0.0287174
-0.0029979
0.0066075
-0.0027685
-0.0159050
-0.0151707
0.0032762
0.0273389
0.0414212
0.0408781
0.0354760
0.0399860
0.0612787
0.0930237
0.1216480
0.1377984
0.1431693
0.1463674
0.1515126
0.1514547
0.1344530
0.0992122
0.0619788
0.0450383
0.0552934
0.0746353
0.0744625
0.0422194
-0.0062304
-0.0413361
-0.0467135
-0.0310732
-0.0156140
-0.0135645
-0.0232139
-0.0361407
-0.0455655
-0.0460376
-0.0323207
-0.0062945
0.0160167
0.0137232
-0.0141031
-0.0333778
0.0073594
0.1375160
0.3415880
0.5760454
0.8051156
1.0140642
1.1882251
1.2906001
1.2746972
1.1260931
0.8879216
0.6387633
0.4414126
0.3104416
0.2237898
0.1574723
0.1050305
0.0691416
0.0462038
0.0265766
0.0071765
-0.0040519
0.0000464
0.0124964
0.0152029
-0.0036164
-0.0370526
-0.0662430
-0.0790207
-0.0805445
-0.0853937
-0.1009474
-0.1204454
-0.1321649
-0.1331164
-0.1319292
-0.1389225
-0.1552803
-0.1726754
-0.1823434
-0.1832020
-0.1813143
-0.1829352
-0.1890459
-0.1956813
-0.1975869
-0.1912731
-0.1770842
-0.1610029
-0.1535219
-0.1625120
-0.1841423
-0.2021038
-0.1995226
-0.1738105
-0.1391397
-0.1129711
-0.1001731
-0.0911953
-0.0753953
-0.0539159
-0.0376000
-0.0331756
-0.0344655
-0.0287458
-0.0102342
0.0147604
0.0354527
0.0469210
0.0522649
0.0567744
0.0624703
0.0684215
0.0742906
0.0816523
0.0918296
0.1038232
0.1153232
0.1252612
0.1343964
0.1435017
0.1519871
0.1585658
0.1622983
0.1623018
0.1571901
0.1460517
0.1302855
0.1138527
0.1009933
0.0931206
0.0875121
0.0790931
0.0642645
0.0439604
0.0234649
0.0089959
0.0035269
0.0047651
0.0067400
0.0041253
-0.0038186
-0.0130727
-0.0187619
-0.0193792
-0.0174054
-0.0165476
-0.0190279
-0.0249507
-0.0327608
-0.0395583
-0.0419022
-0.0380090
-0.0300986
-0.0240222
-0.0250158
-0.0326729
-0.0405398
-0.0420970
-0.0376491
-0.0343107
-0.0383127
-0.0479684
-0.0554401
-0.0555027
-0.0515255
-0.0521102
-0.0621002
-0.0774486
-0.0889290
-0.0903290
-0.0827221
-0.0716959
-0.0623037
-0.0574806
-0.0594828
-0.0698485
-0.0869200
-0.1050154
-0.1178820
-0.1232066
-0.1233146
-0.1218922
-0.1210175
-0.1214116
-0.1241071
-0.1300552
-0.1376814
-0.1423527
-0.1402239
-0.1329336
-0.1271145
-0.1282931
-0.1358650
-0.1446713
-0.1505318
-0.1529668
-0.1532557
-0.1521234
-0.1502833
-0.1495809
-0.1513151
-0.1532067
-0.1501792
-0.1403702
-0.1301240
-0.1302596
-0.1449949
-0.1652103
-0.1753686
-0.1684661
-0.1530474
-0.1442601
-0.1486654
-0.1591411
-0.1643740
-0.1615035
-0.1581663
-0.1627002
-0.1740377
-0.1823673
-0.1793701
-0.1666959
-0.1541118
-0.1501521
-0.1548312
-0.1602190
-0.1570113
-0.1415408
-0.1184597
-0.0969966
-0.0830156
-0.0735432
-0.0597434
-0.0366679
-0.0105739
0.0040356
-0.0041635
-0.0335286
-0.0700732
-0.0976956
-0.1087858
-0.1068430
-0.1011436
-0.0998423
-0.1064456
-0.1198549
-0.1365445
-0.1538680
-0.1721785
-0.1928691
-0.2138099
-0.2284580
-0.2314994
-0.2246531
-0.2144604
-0.2043818
-0.1928599
-0.1820143
-0.1843408
-0.2111013
-0.2474829
-0.2438685
-0.1448062
0.0636183
0.3359027
0.6015682
0.8172154
0.9796217
1.0888502
1.1121244
1.0010610
0.7505054
0.4319117
0.1554964
-0.0082966
-0.0723945
-0.1028267
-0.1514706
-0.2194659
-0.2766961
-0.3027449
-0.3036411
-0.2973071
-0.2946162
-0.2967455
-0.3029351
-0.3133653
-0.3251931
-0.3315784
-0.3279796
-0.3178873
-0.3096361
-0.3074982
-0.3078679
-0.3046990
-0.2966346
-0.2872736
-0.2801149
-0.2758999
-0.2743725
-0.2752331
-0.2758445
-0.2706712
-0.2564243
-0.2378042
-0.2252426
-0.2247611
-0.2306488
-0.2302200
-0.2167036
-0.1962974
-0.1812144
-0.1766103
-0.1764570
-0.1722172
-0.1625538
-0.1525025
-0.1454397
-0.1398090
-0.1339141
-0.1299324
-0.1301641
-0.1308460
-0.1235312
-0.1041862
-0.0789574
-0.0583739
-0.0460879
-0.0359748
-0.0214479
-0.0049600
0.0049412
0.0051341
0.0026135
0.0064045
0.0179632
0.0323268
0.0465638
0.0624949
0.0801320
0.0926076
0.0921351
0.0810219
0.0726783
0.0782426
0.0930253
0.0996845
0.0861300
0.0579522
0.0313232
0.0158750
0.0079705
-0.0001779
-0.0098723
-0.0171161
-0.0211218
-0.0263090
-0.0346039
-0.0396695
-0.0331898
-0.0168413
-0.0036435
-0.0038705
-0.0112345
-0.0077352
0.0161432
0.0492638
0.0707744
0.0717085
0.0625671
0.0599411
0.0696435
0.0853234
0.1008802
0.1189444
0.1447025
0.1741010
0.1931116
0.1909654
0.1724914
0.1553648
0.1556759
0.1768218
0.2095174
0.2380326
0.2466718
0.2270238
0.1858653
0.1461921
0.1345006
0.1608398
0.2093513
0.2503690
0.2648018
0.2583001
0.2518691
0.2591429
0.2737203
0.2782361
0.2636324
0.2382246
0.2191947
0.2170218
0.2278210
0.2390245
0.2417237
0.2379640
0.2362984
0.2400078
0.2398256
0.2192755
0.1696181
0.1032353
0.0539677
0.0591396
0.1301892
0.2330942
0.3015523
0.2827533
0.1816875
0.0616721
-0.0056132
0.0026130
0.0498190
0.0848533
0.0926438
0.0974306
0.1214401
0.1533092
0.1639686
0.1448364
0.1162250
0.0972907
0.0819971
0.0555013
0.0270896
0.0304928
0.0854001
0.1674327
0.2260480
0.2307549
0.1925958
0.1418032
0.0965141
0.0601716
0.0382361
0.0383156
0.0498426
0.0400617
-0.0131145
-0.0864114
-0.1247010
-0.0981896
-0.0413008
-0.0258560
-0.0930146
-0.2135118
-0.3145655
-0.3433078
-0.3055237
-0.2507022
-0.2270871
-0.2490155
-0.2961199
-0.3348553
-0.3438747
-0.3297963
-0.3246836
-0.3633589
-0.4529986
-0.5580857
-0.6151690
-0.5686000
-0.4019910
-0.1444156
0.1498891
0.4304720
0.6667458
0.8443655
0.9537720
0.9859085
0.9365005
0.8094651
0.6155205
0.3727478
0.1134665
-0.1120606
-0.2500042
-0.2751897
-0.2173768
-0.1521808
-0.1526138
-0.2348041
-0.3439349
-0.3967209
-0.3491458
-0.2347684
-0.1397260
-0.1307726
-0.1960581
-0.2562890
-0.2441115
-0.1764358
-0.1384976
-0.1869418
-0.2766424
-0.3022901
-0.2176938
-0.0962702
-0.0542136
-0.1193621
-0.2016449
-0.2046469
-0.1432904
-0.1186009
-0.1774680
-0.2370775
-0.1802902
-0.0115859
0.1226420
0.0849310
-0.1047020
-0.2927119
-0.3524617
-0.2942604
-0.2169587
-0.1848756
-0.1795511
-0.1572673
-0.1128373
-0.0692981
-0.0307336
0.0202199
0.0785253
0.1014183
0.0560937
-0.0306987
-0.0922207
-0.0904773
-0.0494646
-0.0165166
-0.0065975
0.0021135
0.0262980
0.0518776
0.0579895
0.0536285
0.0729459
0.1309364
0.1952326
0.2125493
0.1630848
0.0840073
0.0384393
0.0618254
0.1338099
0.1960861
0.1996108
0.1440364
0.0767362
0.0496199
0.0714016
0.1020401
0.0960324
0.0495888
0.0019661
-0.0083505
0.0176061
0.0478874
0.0613057
0.0691970
0.0911706
0.1193784
0.1221027
0.0849483
0.0349253
0.0126436
0.0264219
0.0468897
0.0476441
0.0375161
0.0420673
0.0599217
0.0556951
0.0072868
-0.0481901
-0.0364384
0.0729006
0.2136971
0.2690870
0.1792311
0.0007236
-0.1448398
-0.1786369
-0.1202478
-0.0459443
-0.0070081
0.0039319
0.0153489
0.0264445
0.0100323
-0.0364034
-0.0599956
0.0118789
0.2049291
0.4741558
0.7460463
0.9752203
1.1550115
1.2814620
1.3237087
1.2420979
1.0364949
0.7681264
0.5234383
0.3521154
0.2413255
0.1481453
0.0496312
-0.0414219
-0.1012000
-0.1244941
-0.1290166
-0.1369425
-0.1562702
-0.1791337
-0.1951442
-0.2031406
-0.2086191
-0.2131049
-0.2115132
-0.2002546
-0.1829262
-0.1658638
-0.1516415
-0.1394942
-0.1299044
-0.1263471
-0.1326317
-0.1481177
-0.1644097
-0.1685168
-0.1524460
-0.1196785
-0.0814894
-0.0504239
-0.0399927
-0.0640343
-0.1256353
-0.2051303
-0.2669028
-0.2840354
-0.2569462
-0.2090315
-0.1664971
-0.1412413
-0.1292021
-0.1221313
-0.1178670
-0.1166171
-0.1119703
-0.0964415
-0.0779759
-0.0785907
-0.1068848
-0.1388157
-0.1376896
-0.0934272
-0.0350769
-0.0031247
-0.0119552
-0.0389369
-0.0495600
-0.0347118
-0.0208026
-0.0380660
-0.0825362
-0.1192291
-0.1211915
-0.0930224
-0.0562362
-0.0278188
-0.0182700
-0.0343526
-0.0716415
-0.1114807
-0.1325338
-0.1222439
-0.0813544
-0.0310949
-0.0117840
-0.0500648
-0.1216107
-0.1694144
-0.1689340
-0.1526625
-0.1584357
