-0.0087729
-0.0061352
0.0136081
0.0265776
0.0312360
0.0451579
0.0684856
0.0827439
0.0830775
0.0844838
0.0953800
0.1073747
0.1133786
0.1175503
0.1246551
0.1338812
0.1447054
0.1571551
0.1662787
0.1667346
0.1617808
0.1584564
0.1562844
0.1499697
0.1402925
0.1327075
0.1274174
0.1198235
0.1091824
0.0990344
0.0905434
0.0820094
0.0734331
0.0661591
0.0596930
0.0527386
0.0447465
0.0338025
0.0176507
0.0001800
-0.0086137
-0.0039761
0.0064820
0.0113438
0.0074443
-0.0000864
-0.0057827
-0.0080063
-0.0083315
-0.0101097
-0.0153690
-0.0212105
-0.0218020
-0.0151551
-0.0053802
0.0020341
0.0041843
0.0006712
-0.0060882
-0.0104577
-0.0080363
-0.0012983
0.0028253
0.0013144
-0.0022792
-0.0032009
0.0000900
0.0064787
0.0132411
0.0163501
0.0132628
0.0061767
0.0003180
-0.0012064
0.0004147
0.0016828
-0.0002764
-0.0049808
-0.0074307
-0.0022638
0.0088153
0.0163892
0.0129036
0.0010504
-0.0097519
-0.0134039
-0.0115288
-0.0098742
-0.0128225
-0.0201410
-0.0270496
-0.0282419
-0.0230673
-0.0161179
-0.0126200
-0.0145583
-0.0207277
-0.0280010
-0.0325440
-0.0327216
-0.0315185
-0.0336694
-0.0397581
-0.0452836
-0.0459892
-0.0421773
-0.0377102
-0.0367981
-0.0415586
-0.0501926
-0.0572014
-0.0577188
-0.0526710
-0.0486008
-0.0517908
-0.0624186
-0.0734570
-0.0752422
-0.0636760
-0.0457523
-0.0350158
-0.0390826
-0.0525040
-0.0634738
-0.0660473
-0.0638383
-0.0633741
-0.0668075
-0.0711081
-0.0722330
-0.0691967
-0.0645418
-0.0613298
-0.0604863
-0.0616701
-0.0651583
-0.0705307
-0.0744859
-0.0735451
-0.0694890
-0.0686696
-0.0740809
-0.0805404
-0.0801105
-0.0712477
-0.0606146
-0.0558537
-0.0576917
-0.0599175
-0.0573992
-0.0532043
-0.0555839
-0.0671869
-0.0799439
-0.0832411
-0.0756863
-0.0657908
-0.0616222
-0.0629885
-0.0644344
-0.0631931
-0.0620364
-0.0647100
-0.0701426
-0.0727069
-0.0689738
-0.0629080
-0.0618515
-0.0672203
-0.0721260
-0.0698072
-0.0620627
-0.0568312
-0.0585902
-0.0637379
-0.0655705
-0.0619905
-0.0573365
-0.0570328
-0.0613708
-0.0655762
-0.0660115
-0.0644115
-0.0644108
-0.0656180
-0.0642920
-0.0596745
-0.0561953
-0.0578492
-0.0626258
-0.0647303
-0.0617134
-0.0576985
-0.0589309
-0.0664706
-0.0740983
-0.0744553
-0.0671859
-0.0594554
-0.0577667
-0.0610547
-0.0633464
-0.0615840
-0.0583365
-0.0573069
-0.0587535
-0.0602326
-0.0604580
-0.0610306
-0.0639671
-0.0678200
-0.0675144
-0.0597126
-0.0482568
-0.0421051
-0.0464804
-0.0571021
-0.0644354
-0.0631773
-0.0567742
-0.0530259
-0.0558850
-0.0614918
-0.0622600
-0.0550362
-0.0445531
-0.0380095
-0.0371895
-0.0376557
-0.0351329
-0.0300640
-0.0250051
-0.0196658
-0.0105782
0.0046963
0.0245226
0.0449114
0.0635588
0.0807035
0.0950239
0.1001700
0.0888870
0.0623109
0.0328184
0.0143741
0.0098263
0.0094203
0.0018079
-0.0150426
-0.0336936
-0.0456976
-0.0489341
-0.0478779
-0.0489392
-0.0563231
-0.0705444
-0.0878934
-0.1008096
-0.1024272
-0.0943097
-0.0876690
-0.0914684
-0.0986926
-0.0910306
-0.0627830
-0.0364813
-0.0445808
-0.0888207
-0.1197893
-0.0643568
0.1201377
0.4158304
0.7649105
1.1135568
1.4296759
1.6813079
1.8145677
1.7727443
1.5462073
1.1993636
0.8396723
0.5530153
0.3621858
0.2385289
0.1447998
0.0651624
0.0022783
-0.0413639
-0.0712491
-0.0932060
-0.1067841
-0.1104145
-0.1094472
-0.1138195
-0.1274932
-0.1435692
-0.1516095
-0.1487044
-0.1421938
-0.1419160
-0.1507315
-0.1628308
-0.1703929
-0.1704990
-0.1653800
-0.1580922
-0.1504592
-0.1447498
-0.1441333
-0.1494378
-0.1566663
-0.1599036
-0.1572196
-0.1528350
-0.1526801
-0.1577568
-0.1625429
-0.1608013
-0.1527753
-0.1452250
-0.1437551
-0.1467063
-0.1482266
-0.1462379
-0.1448089
-0.1482372
-0.1548626
-0.1583260
-0.1544336
-0.1455183
-0.1376143
-0.1339365
-0.1321041
-0.1280138
-0.1211437
-0.1143613
-0.1089104
-0.1021315
-0.0916153
-0.0800500
-0.0734794
-0.0742212
-0.0767114
-0.0715011
-0.0539230
-0.0290625
-0.0079068
0.0021177
0.0032591
0.0044367
0.0127716
0.0282886
0.0455987
0.0589114
0.0655629
0.0669595
0.0677506
0.0733579
0.0864165
0.1043649
0.1204436
0.1281218
0.1262168
0.1204215
0.1187202
0.1238562
0.1304010
0.1302994
0.1214633
0.1101676
0.1047110
0.1070370
0.1106285
0.1064730
0.0913546
0.0706608
0.0530212
0.0421584
0.0341789
0.0225701
0.0051179
-0.0139607
-0.0275597
-0.0310800
-0.0258501
-0.0186347
-0.0172786
-0.0252508
-0.0394397
-0.0530591
-0.0608946
-0.0624610
-0.0611291
-0.0606365
-0.0620301
-0.0634475
-0.0624841
-0.0583797
-0.0520452
-0.0450549
-0.0393492
-0.0368561
-0.0377628
-0.0393505
-0.0382449
-0.0344291
-0.0317587
-0.0333639
-0.0370605
-0.0366622
-0.0285182
-0.0162887
-0.0081956
-0.0089550
-0.0149900
-0.0184967
-0.0158794
-0.0109353
-0.0097769
-0.0143195
-0.0214887
-0.0271334
-0.0290146
-0.0269278
-0.0222928
-0.0182562
-0.0184790
-0.0240674
-0.0317095
-0.0361784
-0.0357215
-0.0345999
-0.0389534
-0.0495980
-0.0599984
-0.0625579
-0.0564879
-0.0483900
-0.0454382
-0.0492730
-0.0563740
-0.0625477
-0.0661322
-0.0680999
-0.0706155
-0.0753993
-0.0822249
-0.0882881
-0.0896110
-0.0843682
-0.0756421
-0.0702684
-0.0734125
-0.0835489
-0.0934926
-0.0971317
-0.0949079
-0.0924557
-0.0945621
-0.1009750
-0.1072886
-0.1088546
-0.1042141
-0.0960537
-0.0893111
-0.0875777
-0.0903842
-0.0937239
-0.0937007
-0.0903848
-0.0881464
-0.0912111
-0.0981037
-0.1014237
-0.0949821
-0.0815039
-0.0716287
-0.0738949
-0.0860780
-0.0973859
-0.0991949
-0.0929395
-0.0873277
-0.0886168
-0.0946012
-0.0981843
-0.0955329
-0.0892951
-0.0843048
-0.0823993
-0.0824999
-0.0837259
-0.0857831
-0.0867572
-0.0836332
-0.0766869
-0.0716506
-0.0747538
-0.0849634
-0.0929368
-0.0896744
-0.0763542
-0.0640760
-0.0628108
-0.0713840
-0.0795958
-0.0796548
-0.0737330
-0.0700749
-0.0736539
-0.0819141
-0.0883375
-0.0883131
-0.0819215
-0.0730784
-0.0669120
-0.0666966
-0.0714989
-0.0764190
-0.0764040
-0.0711838
-0.0662691
-0.0676482
-0.0748576
-0.0804478
-0.0775594
-0.0675296
-0.0586789
-0.0575869
-0.0627623
-0.0672198
-0.0661997
-0.0615443
-0.0589835
-0.0619645
-0.0682413
-0.0720796
-0.0695520
-0.0618800
-0.0540610
-0.0504782
-0.0514924
-0.0537323
-0.0536846
-0.0514171
-0.0506869
-0.0548190
-0.0625557
-0.0687629
-0.0693546
-0.0646904
-0.0580629
-0.0523174
-0.0489607
-0.0491810
-0.0532325
-0.0581953
-0.0583740
-0.0503011
-0.0375739
-0.0286957
-0.0281368
-0.0299048
-0.0222568
-0.0001061
0.0285081
0.0500951
0.0594248
0.0635674
0.0716392
0.0823678
0.0841052
0.0676993
0.0381831
0.0122535
0.0035025
0.0103462
0.0187812
0.0163540
0.0023374
-0.0153056
-0.0302997
-0.0432590
-0.0576791
-0.0738765
-0.0882857
-0.0970989
-0.0986592
-0.0931571
-0.0829295
-0.0739516
-0.0734799
-0.0817236
-0.0867102
-0.0743960
-0.0490779
-0.0391591
-0.0709429
-0.1295745
-0.1504773
-0.0602670
0.1666441
0.4902577
0.8410326
1.1678097
1.4470415
1.6526545
1.7349946
1.6464030
1.3920973
1.0484100
0.7209670
0.4787247
0.3238553
0.2178133
0.1285486
0.0521891
-0.0013175
-0.0315964
-0.0523858
-0.0769801
-0.1051646
-0.1263095
-0.1328908
-0.1285543
-0.1235946
-0.1250291
-0.1320404
-0.1395191
-0.1441462
-0.1468613
-0.1504636
-0.1555981
-0.1593466
-0.1579585
-0.1510261
-0.1426177
-0.1378762
-0.1384194
-0.1411782
-0.1418028
-0.1392741
-0.1371151
-0.1396512
-0.1467388
-0.1526469
-0.1511097
-0.1418131
-0.1313200
-0.1270300
-0.1302706
-0.1355985
-0.1368994
-0.1339061
-0.1322918
-0.1370063
-0.1458157
-0.1504188
-0.1446711
-0.1313177
-0.1197466
-0.1169372
-0.1211007
-0.1243423
-0.1210402
-0.1130790
-0.1068531
-0.1056323
-0.1056341
-0.1001319
-0.0871343
-0.0720793
-0.0624077
-0.0598737
-0.0588894
-0.0525920
-0.0401480
-0.0275556
-0.0209137
-0.0191538
-0.0143863
-0.0002115
0.0208317
0.0393452
0.0488355
0.0522695
0.0580289
0.0700521
0.0834765
0.0905865
0.0901806
0.0897344
0.0977847
0.1147545
0.1321407
0.1407692
0.1390940
0.1331237
0.1291676
0.1277866
0.1247712
0.1169591
0.1062564
0.0978577
0.0947488
0.0942807
0.0905431
0.0801983
0.0655913
0.0518962
0.0417176
0.0331633
0.0230893
0.0114092
0.0015815
-0.0031140
-0.0033637
-0.0035358
-0.0075299
-0.0150787
-0.0222908
-0.0256435
-0.0252002
-0.0240938
-0.0252144
-0.0283267
-0.0301485
-0.0274879
-0.0207967
-0.0144225
-0.0125440
-0.0147128
-0.0162846
-0.0138413
-0.0094698
-0.0084670
-0.0126379
-0.0170176
-0.0145049
-0.0038146
0.0083061
0.0137125
0.0112475
0.0073520
0.0082911
0.0132393
0.0161465
0.0135935
0.0090949
0.0091976
0.0163243
0.0262462
0.0322640
0.0311901
0.0252329
0.0187462
0.0138773
0.0095357
0.0041029
-0.0015349
-0.0040429
-0.0009440
0.0059099
0.0104803
0.0073324
-0.0026987
-0.0121526
-0.0138228
-0.0085727
-0.0051284
-0.0108451
-0.0230444
-0.0309476
-0.0268671
-0.0147345
-0.0065207
-0.0102422
-0.0225013
-0.0333471
-0.0373559
-0.0381491
-0.0418922
-0.0485458
-0.0517501
-0.0471179
-0.0384405
-0.0341641
-0.0382461
-0.0459493
-0.0492854
-0.0459230
-0.0416221
-0.0435711
-0.0521274
-0.0601142
-0.0602313
-0.0522856
-0.0427918
-0.0382630
-0.0396981
-0.0432496
-0.0451046
-0.0450747
-0.0457957
-0.0491528
-0.0538562
-0.0564260
-0.0543903
-0.0486366
-0.0429014
-0.0408701
-0.0432362
-0.0472757
-0.0496167
-0.0497071
-0.0500882
-0.0527125
-0.0555591
-0.0542162
-0.0472374
-0.0388806
-0.0353750
-0.0385715
-0.0442849
-0.0473710
-0.0476403
-0.0495177
-0.0556725
-0.0623720
-0.0627810
-0.0549438
-0.0449490
-0.0409610
-0.0446586
-0.0499461
-0.0503643
-0.0465169
-0.0449786
-0.0501293
-0.0584980
-0.0622588
-0.0579299
-0.0502458
-0.0467373
-0.0494046
-0.0531350
-0.0523633
-0.0478832
-0.0460396
-0.0515911
-0.0622464
-0.0703453
-0.0695555
-0.0601520
-0.0486120
-0.0425063
-0.0450636
-0.0532963
-0.0606017
-0.0617794
-0.0569217
-0.0511826
-0.0502242
-0.0549348
-0.0603526
-0.0602187
-0.0530111
-0.0436039
-0.0389133
-0.0416476
-0.0479427
-0.0510889
-0.0480584
-0.0426910
-0.0420008
-0.0486965
-0.0575253
-0.0599163
-0.0527337
-0.0419754
-0.0370790
-0.0414632
-0.0491665
-0.0510740
-0.0440628
-0.0335418
-0.0272785
-0.0274975
-0.0290045
-0.0239056
-0.0075463
0.0187605
0.0486092
0.0737631
0.0886340
0.0934289
0.0926187
0.0891774
0.0806592
0.0625709
0.0361422
0.0110898
-0.0014785
0.0005965
0.0082077
0.0094383
-0.0002945
-0.0165478
-0.0324422
-0.0449955
-0.0555021
-0.0661970
-0.0776364
-0.0877888
-0.0925733
-0.0892066
-0.0812203
-0.0781428
-0.0853010
-0.0931994
-0.0836552
-0.0535778
-0.0301730
-0.0501240
-0.1129283
-0.1568283
-0.0935408
0.1220996
0.4543180
0.8181561
1.1449576
1.4116204
1.6101607
1.7063611
1.6476599
1.4179617
1.0765381
0.7316950
0.4703059
0.3098354
0.2119231
0.1329312
0.0584078
-0.0022922
-0.0406488
-0.0616842
-0.0772236
-0.0944017
-0.1124542
-0.1268852
-0.1341347
-0.1339854
-0.1302574
-0.1291053
-0.1344557
-0.1440935
-0.1512961
-0.1515039
-0.1471626
-0.1451683
-0.1495072
-0.1570691
-0.1608885
-0.1569649
-0.1477005
-0.1393581
-0.1367938
-0.1401529
-0.1455935
-0.1489614
-0.1494142
-0.1497862
-0.1529675
-0.1577976
-0.1593480
-0.1540453
-0.1441922
-0.1365225
-0.1360434
-0.1417033
-0.1480724
-0.1504835
-0.1481702
-0.1434280
-0.1392539
-0.1378862
-0.1398769
-0.1430082
-0.1427557
-0.1358837
-0.1244070
-0.1146745
-0.1111308
-0.1114449
-0.1091497
-0.1010689
-0.0907356
-0.0839022
-0.0818823
-0.0805446
-0.0752434
-0.0651340
-0.0524605
-0.0393846
-0.0269471
-0.0161389
-0.0076617
-0.0000436
0.0100164
0.0236096
0.0368826
0.0448025
0.0481412
0.0544167
0.0698486
0.0912410
0.1082426
0.1142643
0.1133603
0.1148516
0.1222253
0.1295976
0.1295539
0.1224628
0.1161966
0.1172227
0.1238287
0.1284965
0.1254085
0.1147503
0.1011200
0.0896086
0.0828813
0.0795579
0.0743482
0.0617168
0.0419154
0.0232317
0.0157251
0.0210324
0.0293385
0.0283320
0.0153581
-0.0006283
-0.0094543
-0.0103321
-0.0107378
-0.0161067
-0.0234880
-0.0261740
-0.0222634
-0.0163169
-0.0133093
-0.0135923
-0.0145901
-0.0152055
-0.0163209
-0.0178068
-0.0179174
-0.0166807
-0.0175598
-0.0230030
-0.0288822
-0.0267265
-0.0135489
0.0023114
0.0083301
0.0013508
-0.0083671
-0.0084264
0.0016479
0.0101051
0.0069536
-0.0041528
-0.0099529
-0.0025563
0.0120334
0.0209600
0.0180790
0.0087504
0.0022228
0.0019551
0.0042332
0.0040799
0.0001839
-0.0054015
-0.0098559
-0.0109345
-0.0076517
-0.0017600
0.0019319
-0.0009429
-0.0093959
-0.0170314
-0.0186010
-0.0162203
-0.0172003
-0.0250963
-0.0345405
-0.0366320
-0.0289612
-0.0185704
-0.0146643
-0.0198486
-0.0293560
-0.0374003
-0.0422386
-0.0452289
-0.0473882
-0.0485759
-0.0490044
-0.0494028
-0.0494119
-0.0476169
-0.0442549
-0.0424441
-0.0446400
-0.0482443
-0.0474474
-0.0409751
-0.0361299
-0.0420111
-0.0581573
-0.0724202
-0.0723922
-0.0584490
-0.0435314
-0.0396688
-0.0463859
-0.0534255
-0.0533212
-0.0487924
-0.0475966
-0.0526523
-0.0593086
-0.0613727
-0.0573509
-0.0503377
-0.0440575
-0.0408202
-0.0419926
-0.0474932
-0.0540235
-0.0562007
-0.0519589
-0.0463629
-0.0474321
-0.0568568
-0.0664094
-0.0657829
-0.0540139
-0.0412705
-0.0383854
-0.0458459
-0.0544771
-0.0561693
-0.0518766
-0.0487352
-0.0514451
-0.0582691
-0.0643936
-0.0665927
-0.0640889
-0.0574277
-0.0489749
-0.0435955
-0.0456340
-0.0538668
-0.0615354
-0.0637450
-0.0638838
-0.0695241
-0.0810576
-0.0875790
-0.0777331
-0.0544637
-0.0354486
-0.0364512
-0.0553024
-0.0744679
-0.0791664
-0.0708325
-0.0623869
-0.0629648
-0.0697857
-0.0738459
-0.0700725
-0.0606138
-0.0507852
-0.0447164
-0.0442452
-0.0487505
-0.0546254
-0.0570677
-0.0548949
-0.0529840
-0.0573413
-0.0670137
-0.0730987
-0.0678808
-0.0541726
-0.0432749
-0.0431380
-0.0503146
-0.0548450
-0.0517987
-0.0459882
-0.0454757
-0.0524739
-0.0614927
-0.0648967
-0.0588660
-0.0451413
-0.0294386
-0.0183834
-0.0152529
-0.0163768
-0.0126427
0.0027322
0.0269715
0.0496725
0.0629385
0.0683773
0.0726527
0.0773386
0.0761240
0.0629336
0.0404214
0.0181541
0.0034296
-0.0036472
-0.0065976
-0.0080525
-0.0108457
-0.0201254
-0.0390013
-0.0615994
-0.0756449
-0.0760109
-0.0730868
-0.0819529
-0.1026435
-0.1171960
-0.1108607
-0.0922566
-0.0843252
-0.0942034
-0.1012629
-0.0838750
-0.0543568
-0.0530586
-0.0976251
-0.1424627
-0.1014461
0.0814684
0.3857434
0.7392051
1.0818074
1.3944292
1.6654673
1.8459074
1.8589191
1.6645347
1.3116498
0.9182681
0.5951660
0.3834192
0.2555209
0.1638774
0.0830327
0.0139969
-0.0360446
-0.0683469
-0.0900192
-0.1056094
-0.1156148
-0.1210190
-0.1253848
-0.1316197
-0.1385469
-0.1423311
-0.1414075
-0.1393532
-0.1422655
-0.1527556
-0.1662887
-0.1740700
-0.1707664
-0.1599653
-0.1513463
-0.1515577
-0.1580032
-0.1623708
-0.1601538
-0.1554632
-0.1557815
-0.1630046
-0.1711645
-0.1729466
-0.1670073
-0.1582396
-0.1521897
-0.1508219
-0.1532511
-0.1582266
-0.1643629
-0.1690407
-0.1693864
-0.1651334
-0.1593290
-0.1550931
-0.1521804
-0.1478663
-0.1410773
-0.1342523
-0.1303850
-0.1291635
-0.1273534
-0.1229686
-0.1178385
-0.1152872
-0.1157714
-0.1156513
-0.1103600
-0.0984425
-0.0826856
-0.0679986
-0.0582116
-0.0537390
-0.0511468
-0.0452980
-0.0334267
-0.0179470
-0.0044848
0.0039587
0.0106932
0.0220530
0.0400196
0.0590505
0.0712318
0.0743018
0.0735961
0.0759740
0.0829444
0.0905641
0.0952438
0.0979708
0.1023540
0.1098208
0.1181002
0.1241051
0.1268440
0.1269313
0.1243290
0.1178959
0.1071489
0.0934289
0.0788143
0.0645066
0.0510512
0.0398333
0.0330508
0.0311773
0.0307134
0.0257551
0.0129855
-0.0046806
-0.0200517
-0.0279545
-0.0298144
-0.0317875
-0.0382024
-0.0470977
-0.0526232
-0.0517253
-0.0476892
-0.0465190
-0.0503736
-0.0557309
-0.0581723
-0.0575676
-0.0572261
-0.0585974
-0.0588922
-0.0548913
-0.0477168
-0.0419428
-0.0401081
-0.0400168
-0.0383907
-0.0355711
-0.0344690
-0.0352951
-0.0341603
-0.0285360
-0.0222450
-0.0219481
-0.0283229
-0.0334521
-0.0291079
-0.0165663
-0.0057861
-0.0045726
-0.0106375
-0.0156643
-0.0156485
-0.0147163
-0.0185927
-0.0267357
-0.0328410
-0.0322679
-0.0268729
-0.0221460
-0.0212413
-0.0229528
-0.0245320
-0.0248935
-0.0251755
-0.0276073
-0.0342016
-0.0450380
-0.0564652
-0.0618869
-0.0567614
-0.0441623
-0.0342889
-0.0363161
-0.0497731
-0.0646895
-0.0711494
-0.0685630
-0.0649521
-0.0674037
-0.0743258
-0.0776340
-0.0718805
-0.0603109
-0.0519077
-0.0530560
-0.0621794
-0.0718396
-0.0755455
-0.0729595
-0.0694293
-0.0706924
-0.0771871
-0.0827691
-0.0796488
-0.0661872
-0.0503843
-0.0442334
-0.0527654
-0.0685128
-0.0782003
-0.0757452
-0.0678858
-0.0660598
-0.0733978
-0.0814037
-0.0799091
-0.0687118
-0.0576916
-0.0558914
-0.0625756
-0.0699463
-0.0728724
-0.0735123
-0.0763902
-0.0814675
-0.0840427
-0.0807692
-0.0737943
-0.0683654
-0.0674392
-0.0694804
-0.0709702
-0.0700794
-0.0679301
-0.0671808
-0.0697590
-0.0752043
-0.0803815
-0.0812012
-0.0759410
-0.0675146
-0.0616787
-0.0618851
-0.0658417
-0.0679316
-0.0653525
-0.0613269
-0.0617156
-0.0686349
-0.0779183
-0.0830123
-0.0811211
-0.0753871
-0.0713217
-0.0715255
-0.0739622
-0.0749170
-0.0731085
-0.0709041
-0.0718958
-0.0773296
-0.0844681
-0.0882913
-0.0854591
-0.0774314
-0.0697200
-0.0673393
-0.0704476
-0.0746159
-0.0757160
-0.0743294
-0.0747102
-0.0792621
-0.0849177
-0.0860783
-0.0811055
-0.0746423
-0.0726133
-0.0756614
-0.0789393
-0.0784574
-0.0761231
-0.0773117
-0.0839864
-0.0915518
-0.0929066
-0.0849308
-0.0706322
-0.0556851
-0.0438028
-0.0351109
-0.0273786
-0.0177060
-0.0039059
0.0136936
0.0308812
0.0411145
0.0401239
0.0294885
0.0151427
0.0021415
-0.0086712
-0.0187797
-0.0279284
-0.0335680
-0.0351087
-0.0376866
-0.0493385
-0.0725595
-0.0990408
-0.1151962
-0.1149925
-0.1069606
-0.1063602
-0.1192425
-0.1356792
-0.1409024
-0.1326139
-0.1236765
-0.1253384
-0.1311366
-0.1242848
-0.1031472
-0.0917798
-0.1137217
-0.1515629
-0.1406300
-0.0145167
0.2383517
0.5657095
0.8989250
1.2027282
1.4715945
1.6826908
1.7711201
1.6702106
1.3813760
0.9964938
0.6418706
0.3950497
0.2511324
0.1593292
0.0808993
0.0114899
-0.0385827
-0.0691351
-0.0911146
-0.1118839
-0.1289695
-0.1384315
-0.1429267
-0.1482007
-0.1551803
-0.1601428
-0.1620267
-0.1651526
-0.1728540
-0.1811902
-0.1821705
-0.1729785
-0.1597965
-0.1518923
-0.1532064
-0.1602511
-0.1667970
-0.1691950
-0.1678924
-0.1658692
-0.1663171
-0.1702600
-0.1747702
-0.1741573
-0.1651258
-0.1516168
-0.1429678
-0.1454001
-0.1553777
-0.1626885
-0.1605433
-0.1519428
-0.1458088
-0.1476311
-0.1545518
-0.1590272
-0.1561853
-0.1474572
-0.1381203
-0.1323535
-0.1304236
-0.1294279
-0.1260903
-0.1195270
-0.1122728
-0.1083781
-0.1093340
-0.1114212
-0.1079760
-0.0953819
-0.0770268
-0.0609070
-0.0529261
-0.0521917
-0.0524033
-0.0476080
-0.0370121
-0.0248972
-0.0161608
-0.0116163
-0.0070995
0.0029691
0.0206441
0.0422875
0.0610735
0.0721513
0.0760080
0.0771311
0.0796606
0.0845600
0.0905532
0.0965705
0.1025124
0.1083443
0.1137241
0.1186242
0.1232096
0.1264683
0.1257999
0.1192832
0.1085794
0.0985137
0.0926899
0.0896396
0.0843359
0.0739874
0.0615932
0.0529395
0.0503981
0.0505284
0.0476599
0.0389384
0.0259508
0.0128494
0.0036713
0.0001472
0.0001559
-0.0016978
-0.0098884
-0.0226477
-0.0315054
-0.0283826
-0.0143970
-0.0006553
0.0014240
-0.0090392
-0.0219538
-0.0266666
-0.0216716
-0.0137062
-0.0091064
-0.0081266
-0.0072201
-0.0041881
0.0004394
0.0056280
0.0110461
0.0157844
0.0178504
0.0165852
0.0149354
0.0172699
0.0240178
0.0297313
0.0282157
0.0197331
0.0119197
0.0128555
0.0234776
0.0367946
0.0438433
0.0404496
0.0297354
0.0195090
0.0166002
0.0215735
0.0277330
0.0263008
0.0145113
-0.0006876
-0.0080331
-0.0024450
0.0096739
0.0164201
0.0119242
0.0012788
-0.0060676
-0.0064316
-0.0043262
-0.0059427
-0.0125110
-0.0206015
-0.0268775
-0.0304633
-0.0312178
-0.0283340
-0.0223426
-0.0173419
-0.0185494
-0.0264234
-0.0346984
-0.0364041
-0.0318794
-0.0289017
-0.0337904
-0.0435922
-0.0487457
-0.0433576
-0.0314888
-0.0228644
-0.0233774
-0.0305388
-0.0374218
-0.0395493
-0.0376496
-0.0352694
-0.0354435
-0.0393645
-0.0460261
-0.0517251
-0.0512996
-0.0424432
-0.0294315
-0.0208362
-0.0219586
-0.0297528
-0.0361390
-0.0362520
-0.0326519
-0.0314003
-0.0350625
-0.0404389
-0.0426451
-0.0399765
-0.0342950
-0.0281305
-0.0232198
-0.0214448
-0.0245897
-0.0315749
-0.0374493
-0.0377301
-0.0340714
-0.0335164
-0.0405300
-0.0506359
-0.0539771
-0.0458836
-0.0326961
-0.0257237
-0.0296589
-0.0383778
-0.0425682
-0.0399124
-0.0362220
-0.0374861
-0.0432608
-0.0485259
-0.0498893
-0.0479479
-0.0444400
-0.0397561
-0.0343750
-0.0310267
-0.0329143
-0.0392405
-0.0443323
-0.0431869
-0.0376860
-0.0353218
-0.0406751
-0.0493903
-0.0523201
-0.0454868
-0.0344265
-0.0282119
-0.0303483
-0.0364421
-0.0399892
-0.0388990
-0.0360626
-0.0350125
-0.0366536
-0.0399750
-0.0437681
-0.0460731
-0.0433314
-0.0332480
-0.0196534
-0.0121619
-0.0179001
-0.0331518
-0.0453255
-0.0449735
-0.0355525
-0.0299053
-0.0365173
-0.0500149
-0.0561883
-0.0462584
-0.0253152
-0.0066934
0.0007297
-0.0007525
-0.0016062
0.0066233
0.0261417
0.0524894
0.0770173
0.0913350
0.0925917
0.0857464
0.0793736
0.0776021
0.0761435
0.0673257
0.0493894
0.0298242
0.0185466
0.0181019
0.0213835
0.0186133
0.0055307
-0.0146800
-0.0351663
-0.0500247
-0.0571640
-0.0590622
-0.0605649
-0.0642660
-0.0679904
-0.0682203
-0.0655927
-0.0641271
-0.0637727
-0.0575869
-0.0419902
-0.0295826
-0.0428056
-0.0846471
-0.1149566
-0.0661432
0.1065726
0.3880054
0.7184467
1.0437300
1.3416687
1.5961410
1.7575963
1.7513484
1.5404224
1.1796119
0.7960691
0.5053580
0.3395398
0.2506681
0.1755287
0.0918233
0.0179932
-0.0255945
-0.0433134
-0.0551971
-0.0730419
-0.0923875
-0.1046268
-0.1096363
-0.1140011
-0.1206519
-0.1249997
-0.1219785
-0.1139011
-0.1087543
-0.1112609
-0.1179292
-0.1217984
-0.1206680
-0.1190996
-0.1224586
-0.1302399
-0.1360812
-0.1342511
-0.1255777
-0.1165961
-0.1131300
-0.1154796
-0.1199658
-0.1238081
-0.1271229
-0.1308284
-0.1346628
-0.1379407
-0.1407039
-0.1426638
-0.1416848
-0.1352062
-0.1240143
-0.1136594
-0.1105406
-0.1158438
-0.1238951
-0.1273743
-0.1241620
-0.1184834
-0.1155455
-0.1161448
-0.1167426
-0.1134661
-0.1050338
-0.0928241
-0.0798467
-0.0696659
-0.0646159
-0.0637666
-0.0629216
-0.0576930
-0.0472723
-0.0351107
-0.0254311
-0.0189182
-0.0122222
-0.0018465
0.0121811
0.0270241
0.0404552
0.0521070
0.0616809
0.0680910
0.0716347
0.0756851
0.0840739
0.0963635
0.1071793
0.1117162
0.1118627
0.1153883
0.1276935
0.1446476
0.1552220
0.1521569
0.1392996
0.1275571
0.1241430
0.1266127
0.1267212
0.1186050
0.1032034
0.0864393
0.0743200
0.0689975
0.0677129
0.0646138
0.0545473
0.0371001
0.0179509
0.0050479
0.0014334
0.0016140
-0.0032835
-0.0157642
-0.0284110
-0.0313400
-0.0228578
-0.0115858
-0.0079298
-0.0143154
-0.0241688
-0.0296701
-0.0293276
-0.0277192
-0.0290878
-0.0328917
-0.0356835
-0.0353552
-0.0320622
-0.0263243
-0.0187808
-0.0120171
-0.0101189
-0.0144852
-0.0209083
-0.0228627
-0.0184272
-0.0129108
-0.0133007
-0.0200290
-0.0255208
-0.0220383
-0.0104563
0.0001910
0.0020226
-0.0042316
-0.0114914
-0.0142626
-0.0128165
-0.0107042
-0.0106326
-0.0132648
-0.0180412
-0.0233205
-0.0261663
-0.0240538
-0.0181202
-0.0138825
-0.0166663
-0.0255665
-0.0335071
-0.0349051
-0.0323729
-0.0336340
-0.0417441
-0.0507312
-0.0522784
-0.0452780
-0.0369481
-0.0349561
-0.0402221
-0.0478357
-0.0533014
-0.0560780
-0.0574426
-0.0575318
-0.0565092
-0.0573069
-0.0637036
-0.0743400
-0.0812541
-0.0774216
-0.0654020
-0.0559253
-0.0570334
-0.0661296
-0.0737471
-0.0740264
-0.0699340
-0.0683778
-0.0719763
-0.0770005
-0.0787608
-0.0769289
-0.0745630
-0.0735069
-0.0729325
-0.0719774
-0.0712788
-0.0710698
-0.0699124
-0.0671525
-0.0654250
-0.0683203
-0.0752423
-0.0803966
-0.0783255
-0.0700911
-0.0627020
-0.0619044
-0.0664071
-0.0702370
-0.0700743
-0.0682277
-0.0680199
-0.0688408
-0.0680492
-0.0662533
-0.0672184
-0.0718769
-0.0753409
-0.0722416
-0.0640492
-0.0585816
-0.0614589
-0.0695337
-0.0744304
-0.0722886
-0.0680127
-0.0687915
-0.0750507
-0.0801961
-0.0788795
-0.0726799
-0.0667429
-0.0635887
-0.0625971
-0.0637606
-0.0682293
-0.0745715
-0.0776527
-0.0739964
-0.0675382
-0.0670800
-0.0763106
-0.0877691
-0.0895038
-0.0783694
-0.0644485
-0.0605027
-0.0684922
-0.0788355
-0.0821156
-0.0784069
-0.0744607
-0.0747175
-0.0774748
-0.0785600
-0.0759786
-0.0705009
-0.0638299
-0.0580771
-0.0563376
-0.0610985
-0.0703920
-0.0770283
-0.0746868
-0.0654518
-0.0588752
-0.0617334
-0.0700524
-0.0733811
-0.0665811
-0.0555268
-0.0507541
-0.0565448
-0.0666507
-0.0701332
-0.0612546
-0.0443878
-0.0298635
-0.0247707
-0.0267930
-0.0259565
-0.0125708
0.0146700
0.0466664
0.0704237
0.0793644
0.0776314
0.0735052
0.0693341
0.0599789
0.0412726
0.0174597
-0.0015582
-0.0093863
-0.0081039
-0.0048795
-0.0057116
-0.0130048
-0.0270663
-0.0467890
-0.0679900
-0.0839189
-0.0909467
-0.0934748
-0.0996085
-0.1106848
-0.1184744
-0.1154726
-0.1049975
-0.0963893
-0.0914523
-0.0825189
-0.0674939
-0.0610497
-0.0804616
-0.1152331
-0.1156370
-0.0212158
0.1930384
0.4979242
0.8354273
1.1562323
1.4277618
1.6135792
1.6647438
1.5482325
1.2861428
0.9582165
0.6567149
0.4332251
0.2838352
0.1779446
0.0947956
0.0331038
-0.0049668
-0.0278250
-0.0491720
-0.0742007
-0.0967815
-0.1096685
-0.1133951
-0.1144057
-0.1176211
-0.1227967
-0.1267511
-0.1273220
-0.1252408
-0.1231469
-0.1232553
-0.1258945
-0.1298152
-0.1333047
-0.1351892
-0.1357046
-0.1365065
-0.1387508
-0.1408749
-0.1395712
-0.1337259
-0.1264276
-0.1222285
-0.1229905
-0.1268367
-0.1303459
-0.1312708
-0.1299815
-0.1289494
-0.1303153
-0.1335012
-0.1354918
-0.1335066
-0.1272150
-0.1190800
-0.1134060
-0.1139747
-0.1204694
-0.1271625
-0.1272815
-0.1198478
-0.1111442
-0.1082209
-0.1110379
-0.1116703
-0.1019341
-0.0823888
-0.0634392
-0.0560242
-0.0605980
-0.0666400
-0.0638603
-0.0523171
-0.0400920
-0.0325865
-0.0266458
-0.0151501
0.0045839
0.0277280
0.0464515
0.0569895
0.0623651
0.0683971
0.0777564
0.0885877
0.0978767
0.1041770
0.1073598
0.1084329
0.1106983
0.1187453
0.1339291
0.1513405
0.1630459
0.1651057
0.1612637
0.1592314
0.1624742
0.1655697
0.1593441
0.1418652
0.1226929
0.1137214
0.1162684
0.1196004
0.1123559
0.0934231
0.0712923
0.0548203
0.0458312
0.0396957
0.0316410
0.0217472
0.0136679
0.0094357
0.0072378
0.0044290
0.0007626
-0.0023074
-0.0038894
-0.0041060
-0.0037569
-0.0046134
-0.0084232
-0.0141061
-0.0171991
-0.0138444
-0.0050066
0.0040609
0.0080626
0.0053198
-0.0013340
-0.0065726
-0.0067081
-0.0028405
0.0004196
-0.0004952
-0.0050364
-0.0090717
-0.0075243
0.0019564
0.0155752
0.0244518
0.0221707
0.0119632
0.0043397
0.0066665
0.0160209
0.0225180
0.0190608
0.0083941
0.0012555
0.0062400
0.0201182
0.0296407
0.0249720
0.0103857
-0.0004709
0.0005863
0.0081035
0.0096340
-0.0006763
-0.0154098
-0.0208372
-0.0111923
0.0046017
0.0121361
0.0067348
-0.0033474
-0.0086147
-0.0089740
-0.0109830
-0.0181520
-0.0272356
-0.0325743
-0.0314721
-0.0258177
-0.0201401
-0.0181463
-0.0205144
-0.0255731
-0.0309320
-0.0338947
-0.0325275
-0.0286132
-0.0277487
-0.0333135
-0.0411971
-0.0435599
-0.0373955
-0.0269326
-0.0186246
-0.0166262
-0.0219383
-0.0320062
-0.0408381
-0.0427637
-0.0374927
-0.0304240
-0.0276950
-0.0310465
-0.0363750
-0.0371087
-0.0310865
-0.0244640
-0.0258198
-0.0354143
-0.0437489
-0.0425139
-0.0337367
-0.0262019
-0.0260176
-0.0326693
-0.0409956
-0.0445343
-0.0398274
-0.0302685
-0.0239620
-0.0257493
-0.0323741
-0.0361717
-0.0324520
-0.0239829
-0.0198582
-0.0277304
-0.0437925
-0.0529595
-0.0441874
-0.0242950
-0.0111312
-0.0137402
-0.0247584
-0.0319728
-0.0313424
-0.0274584
-0.0260290
-0.0282135
-0.0305945
-0.0301846
-0.0291963
-0.0318524
-0.0360940
-0.0343568
-0.0254058
-0.0186116
-0.0212206
-0.0274813
-0.0271515
-0.0201590
-0.0157344
-0.0198231
-0.0290638
-0.0351902
-0.0319488
-0.0206893
-0.0110473
-0.0115858
-0.0189357
-0.0225880
-0.0203417
-0.0196174
-0.0227744
-0.0231295
-0.0186828
-0.0173469
-0.0233800
-0.0297505
-0.0290693
-0.0222079
-0.0131748
-0.0061698
-0.0080375
-0.0198433
-0.0272165
-0.0174297
-0.0048807
-0.0150481
-0.0408450
-0.0450852
-0.0159798
0.0116591
0.0080565
