-0.0408681
-0.0197240
-0.0332642
-0.0407944
-0.0287119
-0.0154499
-0.0112169
-0.0079174
-0.0034865
-0.0057569
-0.0125559
-0.0121703
-0.0041741
-0.0002908
-0.0047982
-0.0107386
-0.0141334
-0.0165297
-0.0153664
-0.0066887
0.0036676
0.0047983
-0.0040102
-0.0134167
-0.0176378
-0.0184249
-0.0182417
-0.0187565
-0.0233432
-0.0324253
-0.0389623
-0.0363047
-0.0279709
-0.0230724
-0.0250494
-0.0306756
-0.0366145
-0.0413630
-0.0440427
-0.0460645
-0.0507025
-0.0573589
-0.0602395
-0.0560371
-0.0487258
-0.0439480
-0.0431814
-0.0456910
-0.0508317
-0.0556778
-0.0558510
-0.0520855
-0.0513683
-0.0582192
-0.0682915
-0.0730947
-0.0684312
-0.0572836
-0.0474501
-0.0463844
-0.0545451
-0.0636234
-0.0649469
-0.0594647
-0.0558619
-0.0594416
-0.0667423
-0.0705881
-0.0667660
-0.0564632
-0.0457770
-0.0420568
-0.0472033
-0.0551329
-0.0585675
-0.0570285
-0.0554559
-0.0568582
-0.0596448
-0.0607911
-0.0585085
-0.0528619
-0.0463542
-0.0429368
-0.0444008
-0.0485825
-0.0521193
-0.0534506
-0.0527194
-0.0513029
-0.0520306
-0.0566090
-0.0616443
-0.0605669
-0.0513573
-0.0397711
-0.0333268
-0.0343105
-0.0396886
-0.0452721
-0.0485769
-0.0497304
-0.0509278
-0.0537144
-0.0564874
-0.0561652
-0.0521919
-0.0472447
-0.0443365
-0.0447243
-0.0476900
-0.0504961
-0.0498352
-0.0457190
-0.0428194
-0.0453471
-0.0513997
-0.0548863
-0.0524884
-0.0465663
-0.0417996
-0.0409373
-0.0432865
-0.0456503
-0.0452026
-0.0425879
-0.0413936
-0.0437398
-0.0476363
-0.0495068
-0.0478236
-0.0434526
-0.0381959
-0.0341057
-0.0326881
-0.0336685
-0.0355881
-0.0379251
-0.0411872
-0.0449433
-0.0477613
-0.0491774
-0.0494419
-0.0471143
-0.0396836
-0.0276499
-0.0156188
-0.0074790
-0.0014121
0.0089848
0.0284288
0.0545658
0.0786608
0.0926731
0.0963759
0.0962067
0.0962652
0.0926036
0.0785814
0.0543972
0.0287492
0.0115062
0.0062632
0.0087571
0.0101609
0.0027562
-0.0145324
-0.0350770
-0.0501737
-0.0565310
-0.0581128
-0.0609554
-0.0668759
-0.0725580
-0.0745783
-0.0739809
-0.0735497
-0.0708159
-0.0592308
-0.0412225
-0.0355844
-0.0599519
-0.0996845
-0.1006693
-0.0042201
0.2060297
0.4931571
0.8018777
1.0985353
1.3712898
1.5945529
1.7080493
1.6484198
1.4093748
1.0659069
0.7305014
0.4803646
0.3224097
0.2184560
0.1333081
0.0583520
0.0010392
-0.0352077
-0.0573517
-0.0747818
-0.0910712
-0.1044746
-0.1131895
-0.1174488
-0.1179631
-0.1157604
-0.1138021
-0.1156086
-0.1209632
-0.1254315
-0.1259129
-0.1248444
-0.1269308
-0.1329159
-0.1385617
-0.1393026
-0.1344186
-0.1268876
-0.1204863
-0.1173712
-0.1177179
-0.1207088
-0.1250664
-0.1288563
-0.1303880
-0.1303050
-0.1313653
-0.1344969
-0.1362523
-0.1325539
-0.1246254
-0.1187435
-0.1195134
-0.1251114
-0.1298623
-0.1301761
-0.1270979
-0.1238766
-0.1220922
-0.1203914
-0.1167146
-0.1110221
-0.1050458
-0.0998062
-0.0948266
-0.0898277
-0.0853467
-0.0810035
-0.0750820
-0.0672545
-0.0602293
-0.0567632
-0.0555975
-0.0520038
-0.0424628
-0.0279790
-0.0129073
-0.0012517
0.0058855
0.0099535
0.0129670
0.0165009
0.0221165
0.0307828
0.0406642
0.0472270
0.0481049
0.0473971
0.0523730
0.0651092
0.0793915
0.0871677
0.0869036
0.0843243
0.0854587
0.0901075
0.0924680
0.0877638
0.0776010
0.0683412
0.0646490
0.0656168
0.0669129
0.0649809
0.0586706
0.0488413
0.0380995
0.0297408
0.0249090
0.0209602
0.0141455
0.0041614
-0.0048680
-0.0082894
-0.0055719
-0.0011211
-0.0004862
-0.0053952
-0.0124297
-0.0167556
-0.0167163
-0.0142103
-0.0114594
-0.0090729
-0.0071341
-0.0061310
-0.0057660
-0.0040812
0.0007814
0.0079673
0.0138406
0.0151793
0.0128654
0.0120053
0.0169315
0.0253675
0.0291579
0.0228650
0.0112372
0.0059071
0.0137312
0.0294104
0.0405145
0.0394772
0.0301610
0.0227826
0.0230271
0.0269400
0.0266957
0.0200507
0.0123197
0.0093676
0.0111333
0.0132395
0.0130271
0.0117075
0.0110605
0.0102627
0.0070195
0.0010146
-0.0050681
-0.0086417
-0.0108942
-0.0158857
-0.0249853
-0.0333882
-0.0343795
-0.0273621
-0.0197592
-0.0196751
-0.0274444
-0.0355774
-0.0369666
-0.0324163
-0.0296702
-0.0349893
-0.0460508
-0.0538275
-0.0516233
-0.0416105
-0.0323528
-0.0309557
-0.0379798
-0.0482668
-0.0550337
-0.0542647
-0.0477218
-0.0423088
-0.0446824
-0.0548751
-0.0653670
-0.0674748
-0.0594247
-0.0482888
-0.0435618
-0.0483599
-0.0570539
-0.0617760
-0.0605504
-0.0581121
-0.0594302
-0.0642266
-0.0681227
-0.0674704
-0.0621605
-0.0550014
-0.0496726
-0.0486224
-0.0514849
-0.0552312
-0.0566195
-0.0551613
-0.0537918
-0.0561763
-0.0625953
-0.0683583
-0.0673572
-0.0582518
-0.0467762
-0.0408858
-0.0435039
-0.0505122
-0.0555236
-0.0558144
-0.0537503
-0.0533907
-0.0561500
-0.0595138
-0.0597660
-0.0557875
-0.0498893
-0.0451954
-0.0431241
-0.0435164
-0.0458379
-0.0492004
-0.0520476
-0.0532551
-0.0535554
-0.0548333
-0.0575913
-0.0596664
-0.0581489
-0.0528430
-0.0474542
-0.0464304
-0.0501299
-0.0539368
-0.0532830
-0.0492095
-0.0475809
-0.0524833
-0.0614082
-0.0674760
-0.0658666
-0.0578988
-0.0495342
-0.0462520
-0.0487705
-0.0531608
-0.0551076
-0.0540896
-0.0533164
-0.0558404
-0.0611347
-0.0654400
-0.0652488
-0.0605868
-0.0550039
-0.0520772
-0.0518739
-0.0513458
-0.0482600
-0.0439276
-0.0416502
-0.0432246
-0.0474768
-0.0513886
-0.0518219
-0.0469017
-0.0371750
-0.0256780
-0.0157998
-0.0079973
0.0016634
0.0190383
0.0465145
0.0788156
0.1045039
0.1134106
0.1040568
0.0840612
0.0631357
0.0456390
0.0295576
0.0118964
-0.0056940
-0.0172070
-0.0187726
-0.0146962
-0.0154442
-0.0281087
-0.0493243
-0.0690140
-0.0807465
-0.0864585
-0.0908480
-0.0942028
-0.0936667
-0.0901394
-0.0888469
-0.0902322
-0.0844384
-0.0630174
-0.0385957
-0.0436721
-0.0957897
-0.1591925
-0.1510880
-0.0005770
0.2922948
0.6579008
1.0168615
1.3319840
1.5970660
1.7844570
1.8259552
1.6641907
1.3243738
0.9223455
0.5887042
0.3798986
0.2609812
0.1666952
0.0690355
-0.0138845
-0.0594064
-0.0741257
-0.0848037
-0.1071059
-0.1328972
-0.1466617
-0.1461906
-0.1433141
-0.1486022
-0.1610838
-0.1727574
-0.1783029
-0.1781721
-0.1755191
-0.1738233
-0.1763762
-0.1841920
-0.1933253
-0.1967973
-0.1913004
-0.1813504
-0.1752935
-0.1770985
-0.1829231
-0.1859066
-0.1835038
-0.1794816
-0.1792697
-0.1845181
-0.1923391
-0.1984407
-0.1998490
-0.1956188
-0.1870799
-0.1778748
-0.1720793
-0.1709311
-0.1718423
-0.1714348
-0.1692367
-0.1677021
-0.1687510
-0.1710070
-0.1707783
-0.1656180
-0.1567235
-0.1478006
-0.1417518
-0.1386737
-0.1367560
-0.1342823
-0.1304897
-0.1253977
-0.1196740
-0.1141902
-0.1087322
-0.1013645
-0.0902548
-0.0765775
-0.0647661
-0.0588171
-0.0580146
-0.0567906
-0.0497095
-0.0371839
-0.0258426
-0.0221899
-0.0255374
-0.0279190
-0.0216204
-0.0065843
0.0098521
0.0201088
0.0229047
0.0232008
0.0264058
0.0328647
0.0379669
0.0375731
0.0330034
0.0301769
0.0337071
0.0420702
0.0485875
0.0470083
0.0364991
0.0219397
0.0096139
0.0021835
-0.0026246
-0.0087093
-0.0172729
-0.0257712
-0.0306570
-0.0308581
-0.0290282
-0.0298762
-0.0367485
-0.0487573
-0.0609215
-0.0677843
-0.0676878
-0.0638695
-0.0613340
-0.0622669
-0.0641089
-0.0622966
-0.0554426
-0.0476581
-0.0447301
-0.0475477
-0.0503367
-0.0466629
-0.0370237
-0.0291779
-0.0300722
-0.0377883
-0.0425179
-0.0362432
-0.0212667
-0.0083488
-0.0060419
-0.0124512
-0.0180407
-0.0158901
-0.0081292
-0.0025031
-0.0039442
-0.0101135
-0.0144455
-0.0127627
-0.0070602
-0.0033242
-0.0057412
-0.0128754
-0.0194070
-0.0214887
-0.0202669
-0.0202167
-0.0242236
-0.0304192
-0.0339477
-0.0319400
-0.0265829
-0.0230033
-0.0242976
-0.0291512
-0.0342035
-0.0378246
-0.0411241
-0.0459662
-0.0526846
-0.0593496
-0.0626712
-0.0601411
-0.0524957
-0.0444178
-0.0418190
-0.0471273
-0.0567688
-0.0638740
-0.0643930
-0.0607999
-0.0592058
-0.0625209
-0.0671851
-0.0673748
-0.0618190
-0.0551719
-0.0526147
-0.0544528
-0.0568404
-0.0569552
-0.0560963
-0.0574436
-0.0616533
-0.0655566
-0.0653303
-0.0604855
-0.0543789
-0.0510296
-0.0517947
-0.0548381
-0.0570863
-0.0567350
-0.0548508
-0.0549323
-0.0598032
-0.0677883
-0.0725357
-0.0683323
-0.0563827
-0.0450183
-0.0425016
-0.0492464
-0.0575716
-0.0595983
-0.0552462
-0.0518240
-0.0555339
-0.0641670
-0.0691424
-0.0646327
-0.0536917
-0.0449829
-0.0441338
-0.0489222
-0.0526301
-0.0513449
-0.0475756
-0.0468622
-0.0513062
-0.0569576
-0.0577339
-0.0515507
-0.0422836
-0.0359958
-0.0356541
-0.0392490
-0.0423375
-0.0422209
-0.0401525
-0.0398954
-0.0439618
-0.0508225
-0.0556116
-0.0539509
-0.0459435
-0.0369824
-0.0340281
-0.0397161
-0.0495612
-0.0558056
-0.0548862
-0.0507269
-0.0498488
-0.0535335
-0.0560987
-0.0515569
-0.0411552
-0.0329897
-0.0337665
-0.0418259
-0.0492864
-0.0507477
-0.0484634
-0.0483748
-0.0524483
-0.0566557
-0.0562596
-0.0512639
-0.0458682
-0.0437544
-0.0451304
-0.0478517
-0.0499986
-0.0510353
-0.0515195
-0.0525432
-0.0549163
-0.0577007
-0.0574661
-0.0505184
-0.0372777
-0.0238237
-0.0169997
-0.0169737
-0.0157629
-0.0044994
0.0180392
0.0448588
0.0679912
0.0846906
0.0962076
0.1023564
0.0995858
0.0850685
0.0617284
0.0380789
0.0225757
0.0176591
0.0183033
0.0156059
0.0028306
-0.0194287
-0.0425536
-0.0560026
-0.0569559
-0.0541525
-0.0596266
-0.0752628
-0.0896508
-0.0908278
-0.0808252
-0.0732980
-0.0753493
-0.0766082
-0.0629370
-0.0407539
-0.0383468
-0.0725441
-0.1130817
-0.0896326
0.0553262
0.3178205
0.6383757
0.9547953
1.2420414
1.4964429
1.6892548
1.7537828
1.6329872
1.3421422
0.9773031
0.6539326
0.4319778
0.2951381
0.1937269
0.0994172
0.0197848
-0.0282392
-0.0463410
-0.0542050
-0.0684777
-0.0891701
-0.1062495
-0.1141953
-0.1169380
-0.1208120
-0.1269733
-0.1320088
-0.1335258
-0.1326694
-0.1316668
-0.1311279
-0.1305339
-0.1300495
-0.1306108
-0.1325863
-0.1353267
-0.1380977
-0.1407014
-0.1428189
-0.1433627
-0.1414434
-0.1382184
-0.1369267
-0.1399885
-0.1459545
-0.1502857
-0.1499140
-0.1466640
-0.1453432
-0.1483459
-0.1527577
-0.1532263
-0.1475563
-0.1391759
-0.1340028
-0.1349679
-0.1396681
-0.1432019
-0.1428686
-0.1398629
-0.1368447
-0.1346956
-0.1319099
-0.1265771
-0.1183896
-0.1088536
-0.1000313
-0.0932027
-0.0884062
-0.0848693
-0.0817402
-0.0785606
-0.0752257
-0.0713878
-0.0656835
-0.0559261
-0.0411334
-0.0239499
-0.0101075
-0.0038295
-0.0032973
-0.0017766
0.0056812
0.0169590
0.0253207
0.0273587
0.0275031
0.0335230
0.0476897
0.0636593
0.0729117
0.0735495
0.0714714
0.0729620
0.0776967
0.0800935
0.0766931
0.0705644
0.0679523
0.0714230
0.0770695
0.0783065
0.0719277
0.0604889
0.0493863
0.0420949
0.0379569
0.0336930
0.0265017
0.0161705
0.0051704
-0.0029806
-0.0061360
-0.0052128
-0.0037174
-0.0051358
-0.0101891
-0.0164073
-0.0206196
-0.0221719
-0.0235268
-0.0271336
-0.0316208
-0.0319575
-0.0243969
-0.0112812
-0.0000788
0.0030395
-0.0012525
-0.0063240
-0.0058682
0.0006062
0.0079483
0.0103949
0.0065091
-0.0000440
-0.0037954
-0.0016131
0.0053895
0.0130626
0.0173646
0.0171731
0.0146406
0.0128157
0.0128048
0.0132545
0.0123615
0.0099104
0.0073091
0.0062045
0.0073702
0.0103810
0.0136271
0.0148125
0.0123981
0.0071448
0.0017798
-0.0016656
-0.0042128
-0.0087963
-0.0162104
-0.0228739
-0.0239259
-0.0188718
-0.0131283
-0.0129904
-0.0193282
-0.0270529
-0.0307439
-0.0300152
-0.0291435
-0.0321746
-0.0389495
-0.0454232
-0.0470633
-0.0421141
-0.0327513
-0.0239462
-0.0206496
-0.0245310
-0.0324843
-0.0387678
-0.0397181
-0.0368844
-0.0353164
-0.0385569
-0.0453120
-0.0507962
-0.0509421
-0.0455353
-0.0382110
-0.0339206
-0.0356033
-0.0420056
-0.0484287
-0.0505415
-0.0483963
-0.0465525
-0.0493856
-0.0559223
-0.0599660
-0.0561853
-0.0461041
-0.0373543
-0.0365501
-0.0431020
-0.0502382
-0.0517792
-0.0476467
-0.0431873
-0.0437427
-0.0497154
-0.0561497
-0.0568874
-0.0498665
-0.0391581
-0.0317675
-0.0317602
-0.0370598
-0.0420110
-0.0431100
-0.0419827
-0.0426766
-0.0466206
-0.0510520
-0.0523537
-0.0499174
-0.0460555
-0.0429244
-0.0408948
-0.0399114
-0.0407788
-0.0438433
-0.0471848
-0.0479302
-0.0459438
-0.0449573
-0.0486086
-0.0554660
-0.0593566
-0.0555820
-0.0463723
-0.0391969
-0.0394982
-0.0457234
-0.0517010
-0.0530762
-0.0507077
-0.0483989
-0.0486782
-0.0511283
-0.0536345
-0.0540957
-0.0513563
-0.0460398
-0.0411813
-0.0408680
-0.0464615
-0.0538853
-0.0562752
-0.0508991
-0.0430426
-0.0412250
-0.0477563
-0.0552611
-0.0541021
-0.0430317
-0.0309310
-0.0273660
-0.0326535
-0.0386545
-0.0388394
-0.0354907
-0.0359009
-0.0428828
-0.0512925
-0.0541984
-0.0505001
-0.0449666
-0.0419209
-0.0412448
-0.0409322
-0.0411927
-0.0438195
-0.0481149
-0.0499609
-0.0461993
-0.0386470
-0.0318014
-0.0263680
-0.0166705
0.0041448
0.0364633
0.0724264
0.1016128
0.1178532
0.1208640
0.1130227
0.0962528
0.0721921
0.0442924
0.0186409
0.0018343
-0.0031472
-0.0000465
0.0020498
-0.0047841
-0.0204645
-0.0369538
-0.0467419
-0.0513500
-0.0593939
-0.0750723
-0.0909042
-0.0954090
-0.0876032
-0.0788489
-0.0769926
-0.0731334
-0.0530003
-0.0237771
-0.0196556
-0.0664535
-0.1361379
-0.1461606
-0.0181422
0.2561108
0.6082705
0.9529868
1.2482854
1.4936392
1.6773045
1.7452170
1.6377801
1.3581277
0.9936941
0.6614166
0.4289424
0.2865537
0.1865624
0.0989741
0.0277922
-0.0143785
-0.0324804
-0.0459956
-0.0677178
-0.0933481
-0.1114061
-0.1175433
-0.1169513
-0.1167559
-0.1202749
-0.1275387
-0.1368892
-0.1443277
-0.1443010
-0.1347671
-0.1215742
-0.1151523
-0.1210643
-0.1343418
-0.1442286
-0.1444595
-0.1383869
-0.1344988
-0.1379688
-0.1465784
-0.1535724
-0.1536279
-0.1469075
-0.1387881
-0.1357549
-0.1401860
-0.1480934
-0.1524334
-0.1497170
-0.1435881
-0.1412122
-0.1457249
-0.1526374
-0.1541514
-0.1468415
-0.1347138
-0.1250044
-0.1217081
-0.1232100
-0.1250643
-0.1239854
-0.1195493
-0.1135742
-0.1086710
-0.1064832
-0.1058947
-0.1028490
-0.0932866
-0.0774322
-0.0608738
-0.0502008
-0.0469666
-0.0463807
-0.0424360
-0.0339721
-0.0250110
-0.0192835
-0.0155458
-0.0091217
0.0023826
0.0160093
0.0264116
0.0311630
0.0325347
0.0345148
0.0390784
0.0454760
0.0519996
0.0573483
0.0606585
0.0617016
0.0618679
0.0641116
0.0704803
0.0793199
0.0858198
0.0862017
0.0812907
0.0754429
0.0719857
0.0702093
0.0668698
0.0599476
0.0504530
0.0410817
0.0340247
0.0300646
0.0286701
0.0280812
0.0258104
0.0203456
0.0128708
0.0066032
0.0036730
0.0028829
0.0012678
-0.0021328
-0.0048870
-0.0040211
0.0003666
0.0052198
0.0080922
0.0095045
0.0112233
0.0131389
0.0132206
0.0106282
0.0075146
0.0067145
0.0082682
0.0096521
0.0097291
0.0111058
0.0171529
0.0268890
0.0343713
0.0342926
0.0278224
0.0218138
0.0218015
0.0263073
0.0286132
0.0240587
0.0152037
0.0097212
0.0132639
0.0240806
0.0341315
0.0356170
0.0274190
0.0160696
0.0102077
0.0129482
0.0188998
0.0190567
0.0096028
-0.0037041
-0.0103484
-0.0049231
0.0074874
0.0157339
0.0124332
-0.0001910
-0.0132218
-0.0189016
-0.0161208
-0.0099706
-0.0072162
-0.0114966
-0.0208942
-0.0290720
-0.0298078
-0.0223353
-0.0129162
-0.0100899
-0.0170184
-0.0282861
-0.0349158
-0.0329545
-0.0269764
-0.0251419
-0.0312270
-0.0415493
-0.0489035
-0.0487639
-0.0421891
-0.0341717
-0.0298695
-0.0314451
-0.0369761
-0.0419931
-0.0430183
-0.0405835
-0.0387360
-0.0409461
-0.0463309
-0.0503210
-0.0492449
-0.0439295
-0.0386391
-0.0369728
-0.0391847
-0.0428758
-0.0452306
-0.0446512
-0.0416424
-0.0390775
-0.0406395
-0.0471662
-0.0541872
-0.0547618
-0.0464296
-0.0350446
-0.0300483
-0.0351622
-0.0446613
-0.0497661
-0.0479880
-0.0447223
-0.0457857
-0.0503897
-0.0527987
-0.0496999
-0.0437699
-0.0398229
-0.0395041
-0.0411285
-0.0433767
-0.0467742
-0.0512995
-0.0547933
-0.0555136
-0.0552513
-0.0575226
-0.0621457
-0.0637068
-0.0574023
-0.0458159
-0.0377275
-0.0393438
-0.0479066
-0.0550662
-0.0558672
-0.0530835
-0.0528708
-0.0576790
-0.0641685
-0.0670173
-0.0635058
-0.0548569
-0.0448610
-0.0378978
-0.0368628
-0.0411466
-0.0465878
-0.0489297
-0.0481114
-0.0481748
-0.0519119
-0.0563842
-0.0554842
-0.0472790
-0.0373125
-0.0333531
-0.0373941
-0.0440932
-0.0470238
-0.0450676
-0.0420761
-0.0416908
-0.0442822
-0.0485280
-0.0534742
-0.0575550
-0.0573056
-0.0501106
-0.0389510
-0.0320328
-0.0352375
-0.0451745
-0.0517856
-0.0488440
-0.0408024
-0.0378232
-0.0440526
-0.0519804
-0.0491948
-0.0305427
-0.0032015
0.0202581
0.0337551
0.0431183
0.0601062
0.0903808
0.1259810
0.1492610
0.1458829
0.1164202
0.0765170
0.0451404
0.0310684
0.0289360
0.0267172
0.0164202
-0.0011825
-0.0197796
-0.0340533
-0.0440194
-0.0545245
-0.0703386
-0.0902314
-0.1056358
-0.1072379
-0.0947273
-0.0787364
-0.0701846
-0.0678580
-0.0610076
-0.0473187
-0.0437175
-0.0693724
-0.1124143
-0.1185706
-0.0236067
0.1960543
0.5045047
0.8377095
1.1491543
1.4203294
1.6310216
1.7344166
1.6772401
1.4502409
1.1142724
0.7695747
0.4946529
0.3097638
0.1901653
0.1044877
0.0382623
-0.0102279
-0.0436028
-0.0687129
-0.0901375
-0.1069011
-0.1175313
-0.1253073
-0.1355651
-0.1485723
-0.1580101
-0.1579814
-0.1504520
-0.1442219
-0.1463999
-0.1556727
-0.1642330
-0.1658425
-0.1616515
-0.1584115
-0.1615108
-0.1698957
-0.1774043
-0.1785696
-0.1731505
-0.1657016
-0.1613821
-0.1619821
-0.1651570
-0.1669906
-0.1655558
-0.1624388
-0.1608478
-0.1620732
-0.1638771
-0.1626202
-0.1570878
-0.1500758
-0.1459910
-0.1467915
-0.1503298
-0.1526844
-0.1519092
-0.1493205
-0.1473863
-0.1469671
-0.1468044
-0.1451482
-0.1412998
-0.1357274
-0.1293205
-0.1228449
-0.1168914
-0.1119414
-0.1081408
-0.1048212
-0.1004203
-0.0934182
-0.0837400
-0.0730318
-0.0630988
-0.0540285
-0.0442484
-0.0326669
-0.0204730
-0.0103635
-0.0039433
-0.0003456
0.0023091
0.0046963
0.0065551
0.0091476
0.0158466
0.0286297
0.0442381
0.0556627
0.0586984
0.0564808
0.0563383
0.0619261
0.0692363
0.0709432
0.0643906
0.0546432
0.0494926
0.0518741
0.0574730
0.0593133
0.0539814
0.0435117
0.0323260
0.0231635
0.0155116
0.0069237
-0.0043622
-0.0172829
-0.0277443
-0.0310679
-0.0260023
-0.0171771
-0.0129406
-0.0189987
-0.0329193
-0.0453768
-0.0482774
-0.0423131
-0.0358923
-0.0360899
-0.0411768
-0.0428217
-0.0354169
-0.0223021
-0.0124570
-0.0116793
-0.0176085
-0.0230459
-0.0231115
-0.0187065
-0.0138589
-0.0110610
-0.0094868
-0.0066974
-0.0011890
0.0062860
0.0129560
0.0156529
0.0131859
0.0075879
0.0025111
-0.0001143
-0.0016165
-0.0043766
-0.0082438
-0.0098576
-0.0061800
0.0013176
0.0067066
0.0046553
-0.0043373
-0.0140818
-0.0183357
-0.0163166
-0.0128234
-0.0134028
-0.0195143
-0.0277802
-0.0332006
-0.0331646
-0.0292300
-0.0258589
-0.0273669
-0.0349977
-0.0456959
-0.0536530
-0.0545066
-0.0495172
-0.0454251
-0.0486408
-0.0586232
-0.0675841
-0.0677797
-0.0593128
-0.0502846
-0.0490107
-0.0562827
-0.0654002
-0.0694232
-0.0677756
-0.0656117
-0.0674538
-0.0723951
-0.0755631
-0.0733967
-0.0669746
-0.0607527
-0.0587507
-0.0616498
-0.0666740
-0.0699837
-0.0697301
-0.0673744
-0.0661198
-0.0678009
-0.0710340
-0.0723631
-0.0695089
-0.0638508
-0.0596467
-0.0603390
-0.0653428
-0.0705999
-0.0724243
-0.0707428
-0.0686667
-0.0692365
-0.0726748
-0.0764243
-0.0774898
-0.0748512
-0.0700549
-0.0658817
-0.0645012
-0.0664193
-0.0704214
-0.0742743
-0.0761283
-0.0759446
-0.0754231
-0.0760269
-0.0772135
-0.0771781
-0.0752641
-0.0728549
-0.0715351
-0.0709991
-0.0695611
-0.0666940
-0.0643051
-0.0649443
-0.0690441
-0.0746310
-0.0797168
-0.0838578
-0.0866131
-0.0856717
-0.0787651
-0.0680048
-0.0603017
-0.0612725
-0.0688250
-0.0745731
-0.0725608
-0.0657636
-0.0628301
-0.0685457
-0.0786359
-0.0844545
-0.0818208
-0.0740975
-0.0671873
-0.0636198
-0.0624452
-0.0629543
-0.0658059
-0.0704755
-0.0741558
-0.0748567
-0.0744094
-0.0763533
-0.0807814
-0.0831361
-0.0793852
-0.0715544
-0.0663554
-0.0678907
-0.0730900
-0.0756098
-0.0735288
-0.0714740
-0.0749371
-0.0840388
-0.0936352
-0.0981029
-0.0946152
-0.0830338
-0.0654596
-0.0466339
-0.0321478
-0.0231812
-0.0129879
0.0083689
0.0429617
0.0788544
0.0975839
0.0897944
0.0633528
0.0354189
0.0173066
0.0079318
0.0001345
-0.0104882
-0.0242570
-0.0412403
-0.0618019
-0.0830294
-0.0986851
-0.1059976
-0.1109832
-0.1226933
-0.1407341
-0.1521984
-0.1452847
-0.1248978
-0.1092201
-0.1084634
-0.1121936
-0.1044613
-0.0900756
-0.0953291
-0.1330649
-0.1681142
-0.1278349
0.0432730
0.3370042
0.6905235
1.0391620
1.3533418
1.6212063
1.8057818
1.8390810
1.6731287
1.3376110
0.9387201
0.5928993
0.3560078
0.2098618
0.1070462
0.0209351
-0.0448106
-0.0819491
-0.0992869
-0.1163128
-0.1426020
-0.1703399
-0.1866943
-0.1888754
-0.1854761
-0.1862642
-0.1937292
-0.2036386
-0.2107465
-0.2128423
-0.2109965
-0.2079950
-0.2067405
-0.2086781
-0.2125245
-0.2148764
-0.2133091
-0.2092867
-0.2072010
-0.2098821
-0.2154625
-0.2191935
-0.2180086
-0.2128199
-0.2068685
-0.2028828
-0.2019495
-0.2039841
-0.2079977
-0.2117146
-0.2121036
-0.2078618
-0.2017388
-0.1989561
-0.2016639
-0.2052202
-0.2018383
-0.1889545
-0.1730624
-0.1639712
-0.1652153
-0.1707707
-0.1712710
-0.1629617
-0.1504739
-0.1414800
-0.1393670
-0.1410494
-0.1408071
-0.1351164
-0.1241326
-0.1103825
-0.0972889
-0.0879460
-0.0832606
-0.0806380
-0.0756145
-0.0659372
-0.0540943
-0.0452513
-0.0422327
-0.0424199
-0.0398404
-0.0306801
-0.0167769
-0.0035073
0.0054757
0.0108500
0.0154081
0.0206852
0.0264766
0.0325061
0.0389236
0.0450552
0.0490176
0.0496257
0.0484390
0.0489181
0.0528965
0.0581479
0.0601866
0.0566355
0.0491812
0.0410355
0.0335227
0.0260510
0.0184722
0.0116446
0.0055542
-0.0013546
-0.0098304
-0.0176392
-0.0211320
-0.0192339
-0.0151820
-0.0137759
-0.0169478
-0.0222905
-0.0259197
-0.0263429
-0.0252289
-0.0249242
-0.0261211
-0.0278528
-0.0285712
-0.0266789
-0.0210666
-0.0123553
-0.0034013
0.0024539
0.0040328
0.0030353
0.0021792
0.0029058
0.0048236
0.0069967
0.0094392
0.0131613
0.0188175
0.0257385
0.0325338
0.0381062
0.0415106
0.0415204
0.0377798
0.0325541
0.0298296
0.0314312
0.0344751
0.0339017
0.0280041
0.0209041
0.0187972
0.0235238
0.0303413
0.0325895
0.0282356
0.0210019
0.0153387
0.0119201
0.0088138
0.0053811
0.0028875
0.0015864
-0.0005097
-0.0047598
-0.0089408
-0.0088943
-0.0035488
0.0026340
0.0033390
-0.0032353
-0.0123574
-0.0176066
-0.0172013
-0.0147918
-0.0145868
-0.0171326
-0.0199808
-0.0208687
-0.0192228
-0.0156626
-0.0116836
-0.0097629
-0.0121949
-0.0186303
-0.0250923
-0.0268082
-0.0230761
-0.0188901
-0.0202146
-0.0270414
-0.0324479
-0.0299436
-0.0211013
-0.0142187
-0.0153351
-0.0221485
-0.0274762
-0.0273848
-0.0244612
-0.0234735
-0.0255621
-0.0278326
-0.0279216
-0.0269985
-0.0272404
-0.0277278
-0.0251957
-0.0191643
-0.0141555
-0.0151180
-0.0214747
-0.0273530
-0.0277592
-0.0234316
-0.0193621
-0.0194029
-0.0229123
-0.0262631
-0.0267147
-0.0243230
-0.0207034
-0.0173620
-0.0157971
-0.0177589
-0.0234800
-0.0298303
-0.0322194
-0.0293276
-0.0249176
-0.0238879
-0.0269782
-0.0302885
-0.0298845
-0.0259642
-0.0220756
-0.0208977
-0.0219098
-0.0234062
-0.0253038
-0.0282522
-0.0306555
-0.0294337
-0.0250117
-0.0231292
-0.0287017
-0.0384166
-0.0425798
-0.0357465
-0.0237651
-0.0181806
-0.0238554
-0.0338646
-0.0374460
-0.0318186
-0.0244416
-0.0237274
-0.0297520
-0.0356317
-0.0364226
-0.0337979
-0.0319152
-0.0316596
-0.0308250
-0.0283893
-0.0261934
-0.0262950
-0.0282277
-0.0296378
-0.0290612
-0.0274175
-0.0268049
-0.0282956
-0.0311302
-0.0335407
-0.0336630
-0.0302009
-0.0239394
-0.0190868
-0.0209321
-0.0298167
-0.0380858
-0.0357894
-0.0206868
-0.0012984
0.0116110
0.0168109
0.0251941
0.0498001
0.0924236
0.1395005
0.1712184
0.1754052
0.1542566
0.1202954
0.0876483
0.0654602
0.0549845
0.0498260
0.0403229
0.0212498
-0.0030424
-0.0220122
-0.0289612
-0.0281910
-0.0313759
-0.0456550
-0.0653888
-0.0773849
-0.0752042
-0.0663213
-0.0625087
-0.0643852
-0.0604721
-0.0443886
-0.0291582
-0.0365817
-0.0672477
-0.0827460
-0.0243857
0.1438701
0.4081205
0.7186590
1.0276447
1.3080584
1.5368480
1.6713861
1.6590226
1.4796656
1.1779192
0.8463007
0.5696240
0.3792326
0.2541623
0.1594167
0.0795080
0.0190153
-0.0185928
-0.0428899
-0.0667405
-0.0915493
-0.1077175
-0.1086620
-0.1003176
-0.0956417
-0.1019332
-0.1152256
-0.1261626
-0.1293270
-0.1263355
-0.1218446
-0.1192557
-0.1204468
-0.1264769
-0.1356981
-0.1424089
-0.1409409
-0.1322254
-0.1242603
-0.1244367
-0.1321272
-0.1399275
-0.1417611
-0.1387057
-0.1366955
-0.1393137
-0.1438724
-0.1449415
-0.1407765
-0.1348474
-0.1312273
-0.1303985
-0.1304178
-0.1303831
-0.1308399
-0.1315365
-0.1308849
-0.1281498
-0.1250244
-0.1241585
-0.1260681
-0.1277464
-0.1248914
-0.1161724
-0.1051050
-0.0968381
-0.0930761
-0.0910663
-0.0875500
-0.0824285
-0.0780603
-0.0760130
-0.0752739
-0.0731093
-0.0671643
-0.0570862
-0.0445011
-0.0314954
-0.0194485
-0.0093948
-0.0023500
0.0019108
0.0056944
0.0113515
0.0182844
0.0233132
0.0245783
0.0244473
0.0280664
0.0388554
0.0548539
0.0692586
0.0755591
0.0732564
0.0682991
0.0671612
0.0705976
0.0735021
0.0704628
0.0612311
0.0513422
0.0474242
0.0507905
0.0551951
0.0520737
0.0389299
0.0219751
0.0099531
0.0059456
0.0055202
0.0019726
-0.0072583
-0.0186464
-0.0262217
-0.0272682
-0.0246147
-0.0233130
-0.0256634
-0.0300669
-0.0338489
-0.0358004
-0.0363417
-0.0367878
-0.0385874
-0.0419148
-0.0445998
-0.0434477
-0.0372523
-0.0283497
-0.0212218
-0.0194068
-0.0227078
-0.0267658
-0.0264542
-0.0209622
-0.0150585
-0.0142622
-0.0189558
-0.0238766
-0.0230992
-0.0153446
-0.0053358
-0.0003464
-0.0040797
-0.0128237
-0.0184372
-0.0162646
-0.0098560
-0.0072932
-0.0130803
-0.0237149
-0.0306850
-0.0280129
-0.0179287
-0.0092636
-0.0093123
-0.0171550
-0.0257097
-0.0298482
-0.0310374
-0.0341387
-0.0413374
-0.0497636
-0.0541301
-0.0515670
-0.0447171
-0.0399191
-0.0413201
-0.0469010
-0.0511704
-0.0513727
-0.0499279
-0.0510243
-0.0559144
-0.0615615
-0.0633440
-0.0594767
-0.0532592
-0.0502829
-0.0528850
-0.0581608
-0.0618557
-0.0630183
-0.0641105
-0.0677237
-0.0739751
-0.0799924
-0.0813362
-0.0755071
-0.0653123
-0.0576416
-0.0574603
-0.0632386
-0.0688377
-0.0694854
-0.0658651
-0.0631406
-0.0659112
-0.0731684
-0.0784449
-0.0761403
-0.0674922
-0.0590765
-0.0558706
-0.0573428
-0.0598734
-0.0609021
-0.0604277
-0.0601505
-0.0617252
-0.0649215
-0.0674035
-0.0670516
-0.0642180
-0.0610689
-0.0593935
-0.0597177
-0.0614696
-0.0631114
-0.0633744
-0.0633997
-0.0660680
-0.0716457
-0.0755562
-0.0726731
-0.0634751
-0.0544219
-0.0521256
-0.0574837
-0.0649714
-0.0676838
-0.0642203
-0.0605511
-0.0634670
-0.0721348
-0.0782288
-0.0750213
-0.0645086
-0.0549228
-0.0528958
-0.0585508
-0.0664506
-0.0705465
-0.0695161
-0.0677954
-0.0704437
-0.0771318
-0.0823285
-0.0810218
-0.0731345
-0.0632412
-0.0574614
-0.0593637
-0.0666119
-0.0722945
-0.0717269
-0.0675003
-0.0659535
-0.0692805
-0.0731603
-0.0720375
-0.0652696
-0.0580405
-0.0565842
-0.0616642
-0.0668923
-0.0656080
-0.0596477
-0.0580307
-0.0653311
-0.0745532
-0.0746319
-0.0634789
-0.0507445
-0.0477122
-0.0557683
-0.0650370
-0.0647631
-0.0556799
-0.0504433
-0.0592455
-0.0764040
-0.0854835
-0.0780605
-0.0632074
-0.0565132
-0.0625128
-0.0701875
-0.0649177
-0.0439826
-0.0201798
-0.0086229
-0.0088106
-0.0024413
0.0275751
0.0770016
0.1219208
0.1394590
0.1248587
0.0908670
0.0552472
0.0289851
0.0126108
0.0011554
-0.0085265
-0.0164636
-0.0239514
-0.0344395
-0.0485114
-0.0622411
-0.0729043
-0.0822541
-0.0913817
-0.0969172
-0.0968057
-0.0962708
-0.1017625
-0.1090689
-0.1031968
-0.0753188
-0.0409026
-0.0352240
-0.0789792
-0.1411168
-0.1439442
-0.0206886
0.2271494
0.5356170
0.8405638
1.1226471
1.3850687
1.5984124
1.6868038
1.5817218
1.2930655
0.9227329
0.5984777
0.3860936
0.2627162
0.1694142
0.0774494
-0.0002109
-0.0456635
-0.0644478
-0.0775241
-0.0986184
-0.1247600
-0.1438641
-0.1487174
-0.1449095
-0.1443143
-0.1508132
-0.1571475
-0.1569727
-0.1530131
-0.1502901
-0.1488692
-0.1475383
-0.1473812
-0.1475357
-0.1449031
-0.1416999
-0.1447654
-0.1536804
-0.1589644
-0.1559945
-0.1509431
-0.1494043
-0.1497346
-0.1507069
-0.1540549
-0.1568612
-0.1543557
-0.1519199
-0.1591685
-0.1708764
-0.1716539
-0.1609937
-0.1529889
-0.1499019
-0.1415884
-0.1342108
-0.1470918
-0.1704281
-0.1615017
-0.1040965
