-0.0062612
0.0285428
0.0457544
0.0492213
0.0543043
0.0673935
0.0798261
0.0775988
0.0549542
0.0208198
-0.0079649
-0.0217893
-0.0255917
-0.0296826
-0.0372977
-0.0456692
-0.0554778
-0.0712934
-0.0924252
-0.1104119
-0.1187702
-0.1211693
-0.1263704
-0.1367373
-0.1449798
-0.1430021
-0.1322127
-0.1223274
-0.1190059
-0.1165607
-0.1085357
-0.1036661
-0.1199550
-0.1537114
-0.1586590
-0.0687824
0.1493033
0.4660047
0.8110541
1.1231542
1.3749323
1.5529009
1.6257977
1.5492239
1.3109168
0.9672350
0.6225680
0.3631982
0.2075009
0.1163072
0.0439635
-0.0243779
-0.0777480
-0.1071605
-0.1204883
-0.1325804
-0.1485944
-0.1619022
-0.1664409
-0.1655980
-0.1666947
-0.1705032
-0.1709664
-0.1648943
-0.1577164
-0.1576691
-0.1662632
-0.1764960
-0.1799944
-0.1747567
-0.1660058
-0.1604606
-0.1605485
-0.1640821
-0.1680692
-0.1709448
-0.1713894
-0.1678778
-0.1612961
-0.1562304
-0.1568424
-0.1615669
-0.1642423
-0.1613169
-0.1562237
-0.1549753
-0.1580040
-0.1585167
-0.1503678
-0.1365374
-0.1270507
-0.1272878
-0.1307000
-0.1261481
-0.1117378
-0.0976468
-0.0938570
-0.0980267
-0.0983598
-0.0872405
-0.0688560
-0.0528619
-0.0432788
-0.0359175
-0.0256184
-0.0126442
-0.0002614
0.0115864
0.0262565
0.0436476
0.0574350
0.0623270
0.0623036
0.0674089
0.0814770
0.0963033
0.1006601
0.0939877
0.0883423
0.0958071
0.1153902
0.1339521
0.1397639
0.1332606
0.1234942
0.1159091
0.1067046
0.0898133
0.0667302
0.0468319
0.0381350
0.0392789
0.0409739
0.0345484
0.0188690
-0.0002008
-0.0159513
-0.0259468
-0.0318115
-0.0356827
-0.0381628
-0.0392456
-0.0396656
-0.0407239
-0.0435112
-0.0486883
-0.0562481
-0.0647740
-0.0713534
-0.0732389
-0.0702247
-0.0653543
-0.0627346
-0.0639527
-0.0665189
-0.0664301
-0.0625773
-0.0580250
-0.0564324
-0.0577699
-0.0583492
-0.0548112
-0.0473209
-0.0389384
-0.0326612
-0.0293519
-0.0280019
-0.0273600
-0.0269689
-0.0266228
-0.0253451
-0.0217534
-0.0157434
-0.0092778
-0.0049630
-0.0038783
-0.0049197
-0.0059865
-0.0055776
-0.0035075
-0.0005919
0.0019651
0.0027855
0.0005122
-0.0049735
-0.0109502
-0.0127680
-0.0083968
-0.0023238
-0.0029626
-0.0143491
-0.0306099
-0.0401839
-0.0365430
-0.0246551
-0.0163678
-0.0192885
-0.0304177
-0.0404835
-0.0433901
-0.0404710
-0.0364935
-0.0340838
-0.0332399
-0.0342725
-0.0382267
-0.0440227
-0.0475802
-0.0458137
-0.0410026
-0.0392683
-0.0437758
-0.0503721
-0.0514349
-0.0442147
-0.0341196
-0.0290175
-0.0314396
-0.0378401
-0.0445857
-0.0517562
-0.0598064
-0.0649384
-0.0613265
-0.0486914
-0.0353025
-0.0310595
-0.0376436
-0.0472559
-0.0517967
-0.0516323
-0.0532583
-0.0590126
-0.0625352
-0.0566567
-0.0438838
-0.0352792
-0.0380359
-0.0470634
-0.0515562
-0.0487177
-0.0473301
-0.0560294
-0.0704042
-0.0755996
-0.0629240
-0.0413172
-0.0292953
-0.0356181
-0.0505596
-0.0574789
-0.0509179
-0.0408047
-0.0394998
-0.0478201
-0.0555291
-0.0539744
-0.0454046
-0.0389927
-0.0396042
-0.0429816
-0.0423375
-0.0374441
-0.0348178
-0.0390165
-0.0460878
-0.0474881
-0.0400646
-0.0303581
-0.0279174
-0.0348649
-0.0434621
-0.0447541
-0.0387945
-0.0346474
-0.0397584
-0.0508367
-0.0570242
-0.0518560
-0.0402526
-0.0328135
-0.0344410
-0.0402307
-0.0424289
-0.0395673
-0.0371876
-0.0399947
-0.0452995
-0.0457393
-0.0380423
-0.0274454
-0.0225673
-0.0265308
-0.0339827
-0.0367767
-0.0320372
-0.0245805
-0.0217797
-0.0262189
-0.0332934
-0.0359280
-0.0314874
-0.0238521
-0.0189453
-0.0189945
-0.0216318
-0.0239237
-0.0258682
-0.0291514
-0.0331932
-0.0341523
-0.0290372
-0.0202385
-0.0142657
-0.0151615
-0.0202534
-0.0237700
-0.0240257
-0.0248777
-0.0292577
-0.0331916
-0.0289040
-0.0143456
0.0024523
0.0107402
0.0087637
0.0061860
0.0134593
0.0298014
0.0438657
0.0466434
0.0415026
0.0395415
0.0459575
0.0536471
0.0512913
0.0361176
0.0167459
0.0037106
-0.0008305
-0.0030070
-0.0084901
-0.0162849
-0.0216158
-0.0227444
-0.0227916
-0.0254260
-0.0311075
-0.0383031
-0.0464131
-0.0555146
-0.0638691
-0.0679057
-0.0654670
-0.0578152
-0.0475832
-0.0362180
-0.0255796
-0.0212764
-0.0299008
-0.0485576
-0.0573932
-0.0272270
0.0609325
0.2027994
0.3769436
0.5611272
0.7384955
0.8878429
0.9751159
0.9649948
0.8477276
0.6550395
0.4460807
0.2732499
0.1567381
0.0860685
0.0403540
0.0055033
-0.0231298
-0.0466617
-0.0664931
-0.0836821
-0.0982968
-0.1107766
-0.1225544
-0.1341003
-0.1430336
-0.1457169
-0.1413536
-0.1339427
-0.1294045
-0.1306070
-0.1354750
-0.1399231
-0.1420790
-0.1432751
-0.1453501
-0.1478098
-0.1480121
-0.1440394
-0.1373630
-0.1327462
-0.1351508
-0.1458914
-0.1611744
-0.1743998
-0.1804033
-0.1782307
-0.1706857
-0.1618310
-0.1548405
-0.1513624
-0.1517035
-0.1547174
-0.1575741
-0.1567736
-0.1507542
-0.1418732
-0.1349807
-0.1331293
-0.1346847
-0.1351441
-0.1317763
-0.1259140
-0.1204832
-0.1159597
-0.1097430
-0.0997659
-0.0878032
-0.0779140
-0.0713047
-0.0638530
-0.0499953
-0.0289824
-0.0061141
0.0127196
0.0267769
0.0397464
0.0538337
0.0663048
0.0730063
0.0745228
0.0769635
0.0856868
0.0991870
0.1107025
0.1158482
0.1169926
0.1190556
0.1222251
0.1209705
0.1106803
0.0936798
0.0773693
0.0669910
0.0615342
0.0566158
0.0495867
0.0404897
0.0290323
0.0132001
-0.0076923
-0.0296366
-0.0456278
-0.0514724
-0.0493856
-0.0457217
-0.0459188
-0.0517298
-0.0617209
-0.0725991
-0.0802737
-0.0818644
-0.0784746
-0.0755133
-0.0783367
-0.0864207
-0.0925878
-0.0895740
-0.0779454
-0.0666718
-0.0648579
-0.0728896
-0.0823619
-0.0848754
-0.0803302
-0.0760687
-0.0780534
-0.0836272
-0.0837750
-0.0729273
-0.0560835
-0.0450527
-0.0467524
-0.0556366
-0.0590015
-0.0503874
-0.0368393
-0.0315880
-0.0394517
-0.0508441
-0.0514697
-0.0375218
-0.0196589
-0.0112710
-0.0142649
-0.0183802
-0.0143189
-0.0050243
-0.0020115
-0.0114054
-0.0261100
-0.0329376
-0.0262964
-0.0133026
-0.0057167
-0.0086517
-0.0179692
-0.0269522
-0.0328071
-0.0362104
-0.0372403
-0.0347683
-0.0298038
-0.0267184
-0.0292339
-0.0360217
-0.0420669
-0.0444581
-0.0452818
-0.0481814
-0.0536265
-0.0593233
-0.0644673
-0.0706453
-0.0771339
-0.0778291
-0.0668515
-0.0480731
-0.0357528
-0.0420742
-0.0639194
-0.0844466
-0.0890356
-0.0785370
-0.0658914
-0.0613506
-0.0635962
-0.0652799
-0.0638241
-0.0635261
-0.0676831
-0.0724692
-0.0712507
-0.0637394
-0.0577089
-0.0603226
-0.0692599
-0.0744212
-0.0687160
-0.0560931
-0.0479914
-0.0517097
-0.0625456
-0.0678470
-0.0593983
-0.0421895
-0.0306800
-0.0355733
-0.0536056
-0.0703679
-0.0736089
-0.0640528
-0.0532666
-0.0513722
-0.0576700
-0.0634648
-0.0627372
-0.0581948
-0.0566159
-0.0601190
-0.0638711
-0.0621191
-0.0547047
-0.0467674
-0.0430136
-0.0435834
-0.0454272
-0.0464330
-0.0473490
-0.0500842
-0.0549810
-0.0598929
-0.0615263
-0.0578203
-0.0498834
-0.0419920
-0.0387976
-0.0413958
-0.0462711
-0.0491280
-0.0498390
-0.0523193
-0.0587220
-0.0649905
-0.0641792
-0.0545260
-0.0425464
-0.0367175
-0.0388199
-0.0432404
-0.0448074
-0.0449906
-0.0485001
-0.0550587
-0.0578620
-0.0516951
-0.0406096
-0.0347471
-0.0392656
-0.0484228
-0.0518978
-0.0459931
-0.0371202
-0.0344039
-0.0402449
-0.0486847
-0.0520130
-0.0479548
-0.0408543
-0.0371073
-0.0396936
-0.0460665
-0.0505590
-0.0494732
-0.0448052
-0.0426937
-0.0470740
-0.0547446
-0.0579164
-0.0523110
-0.0417195
-0.0333959
-0.0296855
-0.0261502
-0.0183178
-0.0080384
-0.0008017
0.0027835
0.0100170
0.0287851
0.0581523
0.0880618
0.1082478
0.1156735
0.1128696
0.1015860
0.0810854
0.0526733
0.0231324
0.0013690
-0.0084833
-0.0101293
-0.0117969
-0.0203364
-0.0373218
-0.0587112
-0.0777309
-0.0898953
-0.0968987
-0.1048241
-0.1167261
-0.1274576
-0.1285637
-0.1191439
-0.1085187
-0.1046709
-0.1023900
-0.0898660
-0.0698468
-0.0668369
-0.1011624
-0.1510103
-0.1476138
-0.0205588
0.2449755
0.5956396
0.9538443
1.2698939
1.5280814
1.7090215
1.7636234
1.6405563
1.3438224
0.9562858
0.5965357
0.3449316
0.2046868
0.1260870
0.0613301
-0.0027502
-0.0539191
-0.0823698
-0.0944268
-0.1039713
-0.1180630
-0.1334326
-0.1439195
-0.1479295
-0.1487359
-0.1498382
-0.1514023
-0.1508891
-0.1466169
-0.1407309
-0.1384323
-0.1432899
-0.1526371
-0.1583574
-0.1537885
-0.1405476
-0.1278078
-0.1239344
-0.1289954
-0.1361363
-0.1398563
-0.1413350
-0.1448922
-0.1507371
-0.1535528
-0.1487627
-0.1385258
-0.1299675
-0.1278344
-0.1302470
-0.1319530
-0.1305356
-0.1283455
-0.1287293
-0.1315778
-0.1330760
-0.1292819
-0.1195373
-0.1068740
-0.0957191
-0.0888207
-0.0853329
-0.0815728
-0.0744546
-0.0647763
-0.0564628
-0.0516016
-0.0466392
-0.0351444
-0.0152706
0.0065470
0.0210988
0.0260504
0.0288736
0.0389869
0.0574473
0.0759325
0.0863366
0.0898717
0.0950665
0.1072232
0.1219983
0.1306074
0.1301357
0.1266174
0.1276314
0.1336465
0.1381871
0.1357769
0.1276205
0.1187573
0.1113625
0.1029471
0.0909241
0.0766241
0.0633509
0.0516889
0.0389105
0.0232966
0.0072706
-0.0049979
-0.0122336
-0.0168434
-0.0212892
-0.0253299
-0.0276035
-0.0286403
-0.0306853
-0.0348352
-0.0401060
-0.0458637
-0.0533183
-0.0626608
-0.0695446
-0.0674802
-0.0555596
-0.0423843
-0.0395575
-0.0502876
-0.0656350
-0.0731428
-0.0686649
-0.0587683
-0.0521120
-0.0503959
-0.0486858
-0.0431113
-0.0358152
-0.0317006
-0.0320491
-0.0332554
-0.0317514
-0.0284833
-0.0274020
-0.0300940
-0.0331789
-0.0315554
-0.0238221
-0.0139835
-0.0077617
-0.0074311
-0.0102346
-0.0114838
-0.0088703
-0.0038938
0.0003051
0.0019256
0.0013450
-0.0003816
-0.0030935
-0.0072689
-0.0125438
-0.0172274
-0.0197631
-0.0204310
-0.0209734
-0.0223185
-0.0231707
-0.0214535
-0.0171340
-0.0130270
-0.0123208
-0.0154048
-0.0196223
-0.0224073
-0.0243005
-0.0281605
-0.0350934
-0.0417101
-0.0424025
-0.0349057
-0.0233975
-0.0155424
-0.0161577
-0.0237199
-0.0328196
-0.0394088
-0.0432297
-0.0456667
-0.0466535
-0.0447736
-0.0400424
-0.0352309
-0.0336433
-0.0360699
-0.0406252
-0.0451920
-0.0489236
-0.0512113
-0.0506056
-0.0462173
-0.0399150
-0.0354875
-0.0347369
-0.0354381
-0.0347180
-0.0341831
-0.0394244
-0.0526534
-0.0667907
-0.0697774
-0.0566831
-0.0368140
-0.0266844
-0.0346949
-0.0530510
-0.0654991
-0.0630265
-0.0515450
-0.0443269
-0.0478943
-0.0561901
-0.0582649
-0.0503344
-0.0392852
-0.0347827
-0.0393564
-0.0470382
-0.0509107
-0.0503118
-0.0498920
-0.0527316
-0.0563042
-0.0558638
-0.0504928
-0.0441601
-0.0409234
-0.0408515
-0.0417160
-0.0433342
-0.0478246
-0.0550305
-0.0598643
-0.0566968
-0.0464953
-0.0374833
-0.0370455
-0.0436141
-0.0484054
-0.0456543
-0.0395437
-0.0393780
-0.0483211
-0.0588556
-0.0604467
-0.0507342
-0.0376673
-0.0306977
-0.0315379
-0.0346629
-0.0357077
-0.0368260
-0.0425619
-0.0519893
-0.0577427
-0.0540123
-0.0440407
-0.0375542
-0.0404764
-0.0487742
-0.0535263
-0.0509376
-0.0454435
-0.0430148
-0.0438538
-0.0436413
-0.0407523
-0.0389569
-0.0415819
-0.0453560
-0.0434358
-0.0348879
-0.0281359
-0.0323217
-0.0459401
-0.0567613
-0.0542183
-0.0405560
-0.0283386
-0.0275739
-0.0367560
-0.0462482
-0.0482056
-0.0418338
-0.0306203
-0.0175359
-0.0039093
0.0092852
0.0217817
0.0356773
0.0543483
0.0780048
0.1010838
0.1158970
0.1194180
0.1154556
0.1094022
0.1017086
0.0880838
0.0664216
0.0420407
0.0242651
0.0173795
0.0160017
0.0105373
-0.0027905
-0.0183124
-0.0279970
-0.0316330
-0.0383116
-0.0563066
-0.0818005
-0.1000208
-0.0999138
-0.0872872
-0.0801324
-0.0883812
-0.1002216
-0.0938095
-0.0654382
-0.0419851
-0.0566730
-0.1066542
-0.1367075
-0.0725452
0.1228829
0.4224680
0.7605526
1.0803172
1.3533375
1.5585891
1.6573153
1.6040661
1.3888013
1.0640650
0.7229400
0.4443370
0.2546493
0.1348053
0.0552669
0.0004662
-0.0339686
-0.0548232
-0.0734358
-0.0956226
-0.1161328
-0.1267741
-0.1279533
-0.1287334
-0.1356396
-0.1447520
-0.1469770
-0.1396208
-0.1299502
-0.1268799
-0.1313711
-0.1367907
-0.1376661
-0.1355469
-0.1354662
-0.1385726
-0.1405200
-0.1371200
-0.1296949
-0.1236738
-0.1228030
-0.1262554
-0.1313413
-0.1371914
-0.1442372
-0.1507075
-0.1518863
-0.1444404
-0.1310985
-0.1194970
-0.1154392
-0.1176188
-0.1197213
-0.1176614
-0.1137750
-0.1130825
-0.1159291
-0.1160260
-0.1071929
-0.0916528
-0.0796072
-0.0788989
-0.0855922
-0.0869267
-0.0748287
-0.0552470
-0.0418964
-0.0404664
-0.0412649
-0.0295766
-0.0025188
0.0270952
0.0446712
0.0494146
0.0535073
0.0665644
0.0845821
0.0964445
0.0990246
0.1015121
0.1136069
0.1327401
0.1466742
0.1484296
0.1450111
0.1490772
0.1636318
0.1780642
0.1798188
0.1675019
0.1505886
0.1376009
0.1275994
0.1141881
0.0954573
0.0769689
0.0645234
0.0562153
0.0439396
0.0231048
-0.0004539
-0.0146385
-0.0127782
-0.0011386
0.0056445
-0.0026916
-0.0230918
-0.0425007
-0.0501184
-0.0466474
-0.0417798
-0.0432244
-0.0491242
-0.0516232
-0.0468892
-0.0398977
-0.0386595
-0.0449442
-0.0524232
-0.0541139
-0.0500151
-0.0460307
-0.0460690
-0.0472325
-0.0437223
-0.0342433
-0.0238110
-0.0182407
-0.0184680
-0.0211868
-0.0237242
-0.0261535
-0.0284487
-0.0279011
-0.0216173
-0.0112010
-0.0025288
0.0005854
0.0012806
0.0059728
0.0154369
0.0216857
0.0159686
-0.0002445
-0.0143550
-0.0142373
-0.0003347
0.0149337
0.0197208
0.0135033
0.0050439
0.0013460
0.0007591
-0.0028077
-0.0109888
-0.0184067
-0.0189183
-0.0126319
-0.0055878
-0.0032582
-0.0058297
-0.0100336
-0.0141259
-0.0196046
-0.0281203
-0.0379700
-0.0445952
-0.0444984
-0.0383402
-0.0303726
-0.0252853
-0.0254477
-0.0302056
-0.0367675
-0.0415820
-0.0417730
-0.0365950
-0.0283957
-0.0220430
-0.0222843
-0.0301771
-0.0413420
-0.0484108
-0.0468216
-0.0392701
-0.0339577
-0.0370996
-0.0465333
-0.0533611
-0.0507070
-0.0406690
-0.0319054
-0.0305042
-0.0344171
-0.0374406
-0.0372435
-0.0372401
-0.0402962
-0.0431676
-0.0399800
-0.0310459
-0.0251480
-0.0305247
-0.0443367
-0.0539820
-0.0503901
-0.0385564
-0.0325477
-0.0398248
-0.0525904
-0.0563994
-0.0465979
-0.0339772
-0.0330836
-0.0461822
-0.0607039
-0.0628312
-0.0520494
-0.0408665
-0.0406446
-0.0495406
-0.0554662
-0.0499685
-0.0373390
-0.0295036
-0.0333710
-0.0448358
-0.0548417
-0.0590417
-0.0598703
-0.0603806
-0.0592331
-0.0535445
-0.0451199
-0.0407346
-0.0449945
-0.0545968
-0.0617903
-0.0632705
-0.0634193
-0.0676339
-0.0742435
-0.0757646
-0.0684944
-0.0583405
-0.0548650
-0.0602729
-0.0669423
-0.0668713
-0.0615125
-0.0597264
-0.0663218
-0.0755019
-0.0774890
-0.0701558
-0.0613512
-0.0593897
-0.0637945
-0.0674133
-0.0662358
-0.0638905
-0.0655676
-0.0702171
-0.0716940
-0.0671013
-0.0608375
-0.0587999
-0.0606618
-0.0608513
-0.0570532
-0.0545381
-0.0597305
-0.0707536
-0.0774311
-0.0718701
-0.0575432
-0.0462832
-0.0466816
-0.0566965
-0.0673856
-0.0719811
-0.0702121
-0.0650929
-0.0578878
-0.0471037
-0.0312736
-0.0113484
0.0098022
0.0296978
0.0479395
0.0658615
0.0843182
0.1013221
0.1120433
0.1121174
0.1015326
0.0847328
0.0663450
0.0475940
0.0282138
0.0112192
0.0025852
0.0035548
0.0046277
-0.0082220
-0.0383556
-0.0713509
-0.0873177
-0.0817351
-0.0711239
-0.0751301
-0.0945988
-0.1117445
-0.1127001
-0.1044795
-0.1041746
-0.1137680
-0.1150533
-0.0954532
-0.0729107
-0.0816950
-0.1258956
-0.1527024
-0.0841884
0.1175616
0.4184305
0.7461962
1.0501964
1.3195242
1.5448392
1.6787085
1.6525923
1.4402696
1.0988012
0.7387398
0.4507229
0.2586815
0.1353197
0.0490697
-0.0105537
-0.0442773
-0.0619106
-0.0802032
-0.1059501
-0.1300864
-0.1411184
-0.1399403
-0.1378876
-0.1427277
-0.1512937
-0.1562723
-0.1560401
-0.1549202
-0.1558908
-0.1571063
-0.1562785
-0.1552517
-0.1575477
-0.1624823
-0.1647670
-0.1609881
-0.1546274
-0.1526864
-0.1576855
-0.1648137
-0.1676575
-0.1654552
-0.1632551
-0.1652312
-0.1695025
-0.1705253
-0.1658543
-0.1591446
-0.1560716
-0.1581349
-0.1614156
-0.1613778
-0.1579822
-0.1552915
-0.1561146
-0.1578367
-0.1543488
-0.1423540
-0.1254513
-0.1114992
-0.1056950
-0.1062867
-0.1070605
-0.1036029
-0.0965133
-0.0885172
-0.0796171
-0.0666412
-0.0479327
-0.0270716
-0.0101523
0.0008743
0.0106607
0.0249793
0.0433641
0.0590398
0.0669736
0.0706492
0.0788285
0.0952624
0.1133327
0.1225833
0.1202729
0.1147481
0.1164662
0.1265953
0.1358444
0.1344803
0.1220953
0.1066776
0.0950876
0.0862825
0.0743828
0.0567821
0.0372138
0.0206896
0.0074311
-0.0062578
-0.0215403
-0.0339495
-0.0385516
-0.0373545
-0.0390210
-0.0498008
-0.0659304
-0.0771566
-0.0781189
-0.0743698
-0.0756024
-0.0839922
-0.0917966
-0.0912336
-0.0844730
-0.0812666
-0.0870711
-0.0964404
-0.0999353
-0.0959131
-0.0924907
-0.0972662
-0.1075529
-0.1130841
-0.1077587
-0.0962885
-0.0883479
-0.0879152
-0.0903035
-0.0891082
-0.0836373
-0.0782465
-0.0757236
-0.0734986
-0.0669026
-0.0550161
-0.0423136
-0.0346822
-0.0342417
-0.0378683
-0.0403404
-0.0389960
-0.0356708
-0.0339864
-0.0344361
-0.0327361
-0.0245244
-0.0122559
-0.0056388
-0.0125042
-0.0287214
-0.0396968
-0.0345079
-0.0181814
-0.0074159
-0.0130948
-0.0289197
-0.0392896
-0.0372328
-0.0314253
-0.0346629
-0.0483869
-0.0617685
-0.0652344
-0.0609471
-0.0579616
-0.0597425
-0.0605139
-0.0542525
-0.0436543
-0.0374549
-0.0403468
-0.0487409
-0.0566948
-0.0627536
-0.0686348
-0.0732139
-0.0720142
-0.0639603
-0.0556506
-0.0554978
-0.0638041
-0.0716328
-0.0710568
-0.0645851
-0.0617868
-0.0669640
-0.0733080
-0.0712196
-0.0607414
-0.0525462
-0.0557544
-0.0670657
-0.0743751
-0.0707646
-0.0623800
-0.0609899
-0.0700814
-0.0807094
-0.0816298
-0.0717270
-0.0607133
-0.0581288
-0.0637200
-0.0695061
-0.0697440
-0.0666736
-0.0662748
-0.0704139
-0.0750058
-0.0754213
-0.0716386
-0.0671133
-0.0639880
-0.0614146
-0.0585724
-0.0572055
-0.0595038
-0.0642074
-0.0668612
-0.0647313
-0.0602649
-0.0582467
-0.0597208
-0.0601807
-0.0546309
-0.0437875
-0.0341542
-0.0318225
-0.0369576
-0.0447186
-0.0507488
-0.0546189
-0.0578900
-0.0601959
-0.0588122
-0.0525235
-0.0449653
-0.0426101
-0.0484550
-0.0579172
-0.0621081
-0.0561264
-0.0440672
-0.0351528
-0.0347147
-0.0395941
-0.0428113
-0.0419035
-0.0411586
-0.0452903
-0.0524840
-0.0556249
-0.0505271
-0.0411945
-0.0355919
-0.0370161
-0.0414069
-0.0432592
-0.0421192
-0.0416591
-0.0435391
-0.0449056
-0.0428174
-0.0390321
-0.0380371
-0.0407534
-0.0428169
-0.0404410
-0.0361542
-0.0359805
-0.0408021
-0.0431967
-0.0349021
-0.0163329
0.0038079
0.0186804
0.0306840
0.0469426
0.0689096
0.0895784
0.1019311
0.1076143
0.1141995
0.1239050
0.1281684
0.1161217
0.0880285
0.0577832
0.0405256
0.0384295
0.0398539
0.0321003
0.0135749
-0.0068279
-0.0204868
-0.0272414
-0.0331900
-0.0426793
-0.0543080
-0.0643470
-0.0719908
-0.0797012
-0.0884887
-0.0939223
-0.0881087
-0.0674839
-0.0407054
-0.0284609
-0.0501907
-0.1028949
-0.1486880
-0.1274294
0.0081617
0.2607849
0.5876588
0.9301088
1.2430129
1.4958883
1.6530208
1.6681019
1.5130698
1.2161794
0.8639809
0.5544035
0.3396782
0.2096322
0.1241059
0.0555556
0.0012992
-0.0347257
-0.0590427
-0.0835480
-0.1100848
-0.1283601
-0.1304254
-0.1223146
-0.1179097
-0.1235628
-0.1329407
-0.1371753
-0.1360580
-0.1364415
-0.1416603
-0.1467086
-0.1450391
-0.1373669
-0.1309974
-0.1311025
-0.1354311
-0.1385843
-0.1392379
-0.1405433
-0.1439593
-0.1459630
-0.1428595
-0.1370716
-0.1353675
-0.1402202
-0.1456817
-0.1443157
-0.1371593
-0.1335147
-0.1395139
-0.1491486
-0.1496395
-0.1358211
-0.1167039
-0.1062169
-0.1088293
-0.1164063
-0.1186912
-0.1139478
-0.1077588
-0.1035253
-0.0976208
-0.0846840
-0.0653268
-0.0464751
-0.0346339
-0.0305484
-0.0303906
-0.0299313
-0.0260090
-0.0154589
0.0040835
0.0308012
0.0578177
0.0782304
0.0913879
0.1024796
0.1150407
0.1255042
0.1274749
0.1213848
0.1173283
0.1259755
0.1469215
0.1680290
0.1772222
0.1736648
0.1659036
0.1600402
0.1526832
0.1370279
0.1138473
0.0930532
0.0833351
0.0822953
0.0790089
0.0659541
0.0463409
0.0289633
0.0177131
0.0084924
-0.0036807
-0.0171737
-0.0254802
-0.0257500
-0.0231191
-0.0253091
-0.0341280
-0.0440730
-0.0492354
-0.0497886
-0.0505660
-0.0543341
-0.0584924
-0.0589596
-0.0557816
-0.0531654
-0.0541095
-0.0567284
-0.0569401
-0.0537930
-0.0504312
-0.0496607
-0.0502240
-0.0487496
-0.0446142
-0.0409808
-0.0403396
-0.0403857
-0.0361643
-0.0265669
-0.0171522
-0.0149162
-0.0203040
-0.0258230
-0.0235722
-0.0136427
-0.0039652
-0.0017233
-0.0059308
-0.0092603
-0.0066230
-0.0005848
0.0022981
-0.0003773
-0.0038134
-0.0015574
0.0068174
0.0146900
0.0150580
0.0073126
-0.0030097
-0.0102886
-0.0134242
-0.0145589
-0.0149188
-0.0136007
-0.0105040
-0.0087861
-0.0126119
-0.0221611
-0.0320742
-0.0360911
-0.0332627
-0.0288007
-0.0285376
-0.0331712
-0.0384064
-0.0401249
-0.0383451
-0.0360070
-0.0350914
-0.0351873
-0.0356745
-0.0377261
-0.0428394
-0.0497450
-0.0542831
-0.0532658
-0.0479987
-0.0431498
-0.0421701
-0.0444626
-0.0471213
-0.0486362
-0.0501186
-0.0529966
-0.0562804
-0.0567976
-0.0523576
-0.0444976
-0.0376524
-0.0351462
-0.0359140
-0.0356859
-0.0320193
-0.0279573
-0.0294466
-0.0380742
-0.0471047
-0.0469676
-0.0359579
-0.0240660
-0.0236418
-0.0358014
-0.0482859
-0.0486166
-0.0382340
-0.0309565
-0.0368828
-0.0502671
-0.0557201
-0.0457410
-0.0293553
-0.0222113
-0.0299863
-0.0438253
-0.0515384
-0.0503816
-0.0473639
-0.0489970
-0.0538178
-0.0555232
-0.0512152
-0.0445344
-0.0409910
-0.0418688
-0.0435541
-0.0422523
-0.0383964
-0.0361175
-0.0387299
-0.0451572
-0.0509289
-0.0525501
-0.0506085
-0.0483761
-0.0475902
-0.0464457
-0.0425004
-0.0371144
-0.0353475
-0.0402186
-0.0477871
-0.0498625
-0.0424673
-0.0305847
-0.0232881
-0.0245594
-0.0303387
-0.0348600
-0.0380582
-0.0446529
-0.0560587
-0.0657189
-0.0648604
-0.0528088
-0.0394725
-0.0360279
-0.0437034
-0.0531991
-0.0552068
-0.0499626
-0.0454653
-0.0474517
-0.0532765
-0.0562451
-0.0541346
-0.0511936
-0.0517819
-0.0545192
-0.0547565
-0.0517796
-0.0504267
-0.0540368
-0.0577558
-0.0519863
-0.0332374
-0.0094265
0.0077018
0.0150860
0.0214108
0.0369378
0.0615871
0.0846472
0.0958710
0.0948921
0.0887980
0.0821322
0.0719081
0.0531887
0.0278676
0.0057675
-0.0039402
-0.0024389
-0.0020917
-0.0165440
-0.0481681
-0.0842328
-0.1066222
-0.1076976
-0.0974606
-0.0936029
-0.1031539
-0.1153083
-0.1148508
-0.1017262
-0.0920982
-0.0965183
-0.1016556
-0.0835880
-0.0431267
-0.0188372
-0.0499696
-0.1201147
-0.1459092
-0.0357257
0.2327506
0.5934269
0.9494966
1.2449000
1.4755468
1.6388849
1.6922732
1.5779517
1.2908323
0.9110699
0.5591892
0.3148221
0.1763717
0.0920045
0.0199659
-0.0431420
-0.0821745
-0.0957163
-0.1019433
-0.1177745
-0.1413018
-0.1580324
-0.1604109
-0.1562616
-0.1579596
-0.1673095
-0.1741671
-0.1692282
-0.1553314
-0.1445205
-0.1448615
-0.1521979
-0.1558313
-0.1511573
-0.1446696
-0.1458433
-0.1555793
-0.1646326
-0.1637358
-0.1537889
-0.1447308
-0.1447184
-0.1518950
-0.1575741
-0.1565268
-0.1523183
-0.1518598
-0.1560816
-0.1580606
-0.1510804
-0.1374238
-0.1276309
-0.1304379
-0.1437700
-0.1561578
-0.1572294
-0.1467815
-0.1336036
-0.1258673
-0.1233976
-0.1195558
-0.1097252
-0.0964747
-0.0859422
-0.0802999
-0.0753560
-0.0659175
-0.0522474
-0.0396135
-0.0311652
-0.0227337
-0.0065688
0.0193862
0.0473822
0.0665996
0.0740977
0.0779228
0.0885235
0.1075296
0.1261019
0.1347615
0.1339954
0.1338770
0.1429575
0.1587556
0.1705368
0.1710962
0.1639188
0.1576602
0.1549632
0.1492822
0.1337026
0.1111970
0.0935789
0.0893241
0.0936712
0.0925694
0.0767818
0.0509474
0.0279451
0.0152750
0.0086363
-0.0009192
-0.0153212
-0.0268222
-0.0270822
-0.0174493
-0.0087339
-0.0105131
-0.0215720
-0.0318509
-0.0335589
-0.0290759
-0.0272351
-0.0329125
-0.0420524
-0.0472507
-0.0465579
-0.0449832
-0.0474793
-0.0524652
-0.0539627
-0.0495533
-0.0439159
-0.0430692
-0.0463122
-0.0463120
-0.0379348
-0.0252792
-0.0180504
-0.0210987
-0.0291278
-0.0325408
-0.0276316
-0.0197605
-0.0164997
-0.0189984
-0.0213196
-0.0179772
-0.0105255
-0.0055526
-0.0067346
-0.0104804
-0.0102979
-0.0048269
-0.0002624
-0.0040471
-0.0162916
-0.0281778
-0.0296468
-0.0189767
-0.0045877
0.0026923
-0.0011115
-0.0113699
-0.0211276
-0.0278165
-0.0337273
-0.0412260
-0.0489407
-0.0529585
-0.0510819
-0.0452530
-0.0398862
-0.0383647
-0.0412207
-0.0468594
-0.0530770
-0.0579831
-0.0605531
-0.0610555
-0.0606746
-0.0601886
-0.0591059
-0.0565242
-0.0528874
-0.0505310
-0.0521209
-0.0582752
-0.0665176
-0.0726159
-0.0733849
-0.0688183
-0.0620070
-0.0570994
-0.0567961
-0.0607979
-0.0660308
-0.0687837
-0.0676328
-0.0647802
-0.0641928
-0.0678619
-0.0736604
-0.0770187
-0.0750714
-0.0694936
-0.0652132
-0.0659163
-0.0705983
-0.0747706
-0.0751626
-0.0727637
-0.0708716
-0.0707189
-0.0701131
-0.0667054
-0.0617251
-0.0593352
-0.0620380
-0.0675463
-0.0711541
-0.0710670
-0.0701351
-0.0715328
-0.0737816
-0.0719486
-0.0641054
-0.0548082
-0.0505079
-0.0520527
-0.0537034
-0.0504576
-0.0450699
-0.0458271
-0.0568402
-0.0719492
-0.0798999
-0.0755467
-0.0645604
-0.0565772
-0.0551872
-0.0562171
-0.0550035
-0.0526478
-0.0536516
-0.0587881
-0.0628413
-0.0603754
-0.0525775
-0.0466856
-0.0481951
-0.0546946
-0.0586113
-0.0559467
-0.0510512
-0.0518899
-0.0609254
-0.0715161
-0.0737391
-0.0638544
-0.0481399
-0.0373877
-0.0373560
-0.0444304
-0.0505225
-0.0516153
-0.0506177
-0.0519683
-0.0551450
-0.0552654
-0.0499968
-0.0439292
-0.0442733
-0.0522441
-0.0604167
-0.0601725
-0.0515374
-0.0440742
-0.0471591
-0.0600864
-0.0725694
-0.0743837
-0.0635865
-0.0461074
-0.0294835
-0.0178103
-0.0109638
-0.0061684
0.0004314
0.0124043
0.0314835
0.0565493
0.0840326
0.1091527
0.1266390
0.1312039
0.1195995
0.0940966
0.0635058
0.0386113
0.0251028
0.0208470
0.0196149
0.0160877
0.0071568
-0.0088795
-0.0312245
-0.0548580
-0.0730319
-0.0834644
-0.0905776
-0.0992548
-0.1071463
-0.1066471
-0.0958199
-0.0836274
-0.0797734
-0.0809318
-0.0744697
-0.0596167
-0.0577321
-0.0889890
-0.1343211
-0.1291239
-0.0073594
0.2430046
0.5708518
0.9082682
1.2193188
1.4965393
1.7146678
1.8063809
1.7028463
1.4045957
1.0054683
0.6365828
0.3801675
0.2321572
0.1387356
0.0590264
-0.0084523
-0.0484603
-0.0621527
-0.0713636
-0.0951840
-0.1304840
-0.1580947
-0.1645495
-0.1543398
-0.1424503
-0.1391957
-0.1436929
-0.1490792
-0.1507142
-0.1492272
-0.1478656
-0.1484794
-0.1499731
-0.1499375
-0.1473917
-0.1438712
-0.1418343
-0.1419721
-0.1422071
-0.1398584
-0.1352800
-0.1328203
-0.1367326
-0.1455698
-0.1519759
-0.1496179
-0.1400350
-0.1311493
-0.1287593
-0.1308806
-0.1313602
-0.1280137
-0.1252739
-0.1280944
-0.1345497
-0.1366281
-0.1291611
-0.1164031
-0.1076042
-0.1061471
-0.1054349
-0.0970292
-0.0814347
-0.0683473
-0.0656635
-0.0698097
-0.0685151
-0.0532479
-0.0278972
-0.0043727
0.0098519
0.0183955
0.0299175
0.0473227
0.0651464
0.0773022
0.0848713
0.0946488
0.1109524
0.1305358
0.1458588
0.1525245
0.1529694
0.1532058
0.1567508
0.1621672
0.1659173
0.1663835
0.1647057
0.1625670
0.1598621
0.1541102
0.1418542
0.1215582
0.0960027
0.0711928
0.0518341
0.0380194
0.0269245
0.0170378
0.0093545
0.0045246
0.0005767
-0.0051932
-0.0125857
-0.0183975
-0.0208834
-0.0232502
-0.0304880
-0.0421361
-0.0505768
-0.0490837
-0.0407076
-0.0360381
-0.0413592
-0.0516740
-0.0573729
-0.0559880
-0.0543782
-0.0592168
-0.0681071
-0.0722649
-0.0671609
-0.0577975
-0.0521327
-0.0513194
-0.0496891
-0.0443369
-0.0405999
-0.0448445
-0.0537964
-0.0555261
-0.0424307
-0.0208732
-0.0058755
-0.0066767
-0.0185919
-0.0288536
-0.0292406
-0.0221813
-0.0151802
-0.0114954
-0.0080963
-0.0017558
0.0058595
0.0102714
0.0093533
0.0046826
-0.0011907
-0.0069504
-0.0120277
-0.0153081
-0.0152975
-0.0118826
-0.0076265
-0.0060610
-0.0077049
-0.0089456
-0.0069073
-0.0048601
-0.0098046
-0.0234374
-0.0376560
-0.0414613
-0.0324092
-0.0199633
-0.0165451
-0.0249354
-0.0351812
-0.0353670
-0.0254704
-0.0182520
-0.0249615
-0.0421817
-0.0553012
-0.0539227
-0.0412856
-0.0290863
-0.0258588
-0.0309987
-0.0380127
-0.0419316
-0.0433192
-0.0453123
-0.0480782
-0.0484093
-0.0448339
-0.0402212
-0.0378862
-0.0374981
-0.0367569
-0.0352732
-0.0348334
-0.0370409
-0.0419385
-0.0476527
-0.0508438
-0.0494864
-0.0456017
-0.0428126
-0.0412471
-0.0384479
-0.0355693
-0.0377526
-0.0463073
-0.0546271
-0.0544876
-0.0439848
-0.0288162
-0.0192591
-0.0246743
-0.0439528
-0.0609433
-0.0584818
-0.0402658
-0.0292090
-0.0379177
-0.0499539
-0.0400004
