-0.0287204
-0.0538954
-0.0439764
-0.0297304
-0.0278652
-0.0312750
-0.0335883
-0.0359312
-0.0340486
-0.0224538
-0.0100786
-0.0122447
-0.0275759
-0.0395116
-0.0401317
-0.0373849
-0.0388952
-0.0425002
-0.0439723
-0.0429218
-0.0398526
-0.0357142
-0.0341010
-0.0371508
-0.0412549
-0.0429554
-0.0452947
-0.0513652
-0.0559334
-0.0518009
-0.0415363
-0.0348360
-0.0358281
-0.0397947
-0.0416004
-0.0419732
-0.0455744
-0.0555659
-0.0687537
-0.0754088
-0.0681306
-0.0524125
-0.0429421
-0.0466503
-0.0549408
-0.0562752
-0.0509868
-0.0485926
-0.0541468
-0.0625817
-0.0654707
-0.0600671
-0.0515812
-0.0471847
-0.0475191
-0.0461731
-0.0400720
-0.0371343
-0.0474643
-0.0676571
-0.0807947
-0.0744815
-0.0545587
-0.0385635
-0.0382911
-0.0501994
-0.0607056
-0.0596554
-0.0496244
-0.0420991
-0.0443160
-0.0518993
-0.0556274
-0.0522337
-0.0456493
-0.0405682
-0.0390579
-0.0418844
-0.0485145
-0.0554439
-0.0577081
-0.0532466
-0.0449208
-0.0382618
-0.0372031
-0.0406324
-0.0430792
-0.0409010
-0.0377700
-0.0408225
-0.0505664
-0.0583685
-0.0562420
-0.0463370
-0.0380079
-0.0371765
-0.0412024
-0.0437100
-0.0424958
-0.0418008
-0.0464903
-0.0544277
-0.0569804
-0.0489770
-0.0360984
-0.0291014
-0.0317555
-0.0381968
-0.0419187
-0.0430841
-0.0453922
-0.0490068
-0.0496759
-0.0444145
-0.0360884
-0.0310647
-0.0320861
-0.0348312
-0.0335591
-0.0294748
-0.0298603
-0.0376816
-0.0458605
-0.0451406
-0.0354335
-0.0256956
-0.0233909
-0.0274191
-0.0316386
-0.0324342
-0.0311826
-0.0304589
-0.0299539
-0.0274976
-0.0235838
-0.0222180
-0.0252741
-0.0278446
-0.0225811
-0.0082383
0.0097392
0.0277508
0.0492133
0.0785131
0.1118838
0.1376785
0.1464903
0.1400065
0.1290754
0.1226727
0.1189951
0.1084400
0.0855483
0.0562412
0.0320171
0.0185380
0.0116967
0.0036535
-0.0094489
-0.0250036
-0.0368710
-0.0409349
-0.0393440
-0.0385824
-0.0412923
-0.0408744
-0.0282996
-0.0069219
0.0022034
-0.0228691
-0.0755899
-0.1072469
-0.0501375
0.1348980
0.4280010
0.7664287
1.0897159
1.3660889
1.5772730
1.6902625
1.6599150
1.4674708
1.1544856
0.8117054
0.5268547
0.3360405
0.2190751
0.1357253
0.0634379
0.0039738
-0.0357988
-0.0598312
-0.0791611
-0.0988363
-0.1136579
-0.1167417
-0.1097982
-0.1033448
-0.1064796
-0.1173447
-0.1253772
-0.1234179
-0.1157132
-0.1123727
-0.1173779
-0.1246539
-0.1260322
-0.1208316
-0.1161902
-0.1186426
-0.1268103
-0.1332844
-0.1333617
-0.1302097
-0.1301449
-0.1342766
-0.1376215
-0.1364276
-0.1330973
-0.1321606
-0.1338539
-0.1346450
-0.1334089
-0.1340161
-0.1403253
-0.1498958
-0.1548819
-0.1502401
-0.1400549
-0.1336923
-0.1353342
-0.1395821
-0.1390305
-0.1340392
-0.1316117
-0.1348842
-0.1374835
-0.1305284
-0.1136677
-0.0967265
-0.0899746
-0.0938908
-0.0994185
-0.0979396
-0.0894647
-0.0799589
-0.0721621
-0.0623099
-0.0467953
-0.0289616
-0.0161376
-0.0107150
-0.0071805
0.0010674
0.0138060
0.0246197
0.0291407
0.0309021
0.0373782
0.0504541
0.0632349
0.0682721
0.0674837
0.0704382
0.0820128
0.0948679
0.0969982
0.0858900
0.0723926
0.0693782
0.0777459
0.0854157
0.0806581
0.0649649
0.0507149
0.0463123
0.0466451
0.0404022
0.0248396
0.0095040
0.0047460
0.0095909
0.0132452
0.0074373
-0.0052259
-0.0157309
-0.0195820
-0.0209849
-0.0258987
-0.0334368
-0.0370014
-0.0335559
-0.0283922
-0.0287689
-0.0348304
-0.0396752
-0.0381886
-0.0332925
-0.0321661
-0.0373163
-0.0430326
-0.0413723
-0.0310973
-0.0194292
-0.0143783
-0.0164301
-0.0192475
-0.0179882
-0.0146743
-0.0144265
-0.0179830
-0.0198824
-0.0143563
-0.0021761
0.0091862
0.0126464
0.0085076
0.0035239
0.0028605
0.0045196
0.0031272
-0.0019359
-0.0048683
-0.0006871
0.0077646
0.0120409
0.0073056
-0.0021566
-0.0078299
-0.0070289
-0.0062737
-0.0131992
-0.0261648
-0.0346661
-0.0310190
-0.0195238
-0.0120550
-0.0155755
-0.0262043
-0.0354953
-0.0401284
-0.0437172
-0.0499514
-0.0563927
-0.0568208
-0.0493602
-0.0402207
-0.0378745
-0.0442661
-0.0534154
-0.0585803
-0.0590213
-0.0589865
-0.0614154
-0.0641879
-0.0627013
-0.0554908
-0.0467736
-0.0429530
-0.0463410
-0.0528167
-0.0563305
-0.0553786
-0.0540932
-0.0568407
-0.0626186
-0.0654982
-0.0607311
-0.0503138
-0.0420986
-0.0426590
-0.0508407
-0.0590475
-0.0611805
-0.0584239
-0.0566104
-0.0589531
-0.0628724
-0.0638762
-0.0611011
-0.0580373
-0.0580904
-0.0604694
-0.0613702
-0.0591573
-0.0570220
-0.0591895
-0.0650114
-0.0686932
-0.0656191
-0.0577624
-0.0517119
-0.0518090
-0.0562309
-0.0598587
-0.0601563
-0.0594598
-0.0613366
-0.0654217
-0.0671250
-0.0629570
-0.0550998
-0.0494527
-0.0494886
-0.0533479
-0.0571218
-0.0595900
-0.0625731
-0.0669711
-0.0698111
-0.0665166
-0.0565245
-0.0457167
-0.0417089
-0.0463039
-0.0537993
-0.0575904
-0.0573942
-0.0584669
-0.0640521
-0.0704981
-0.0710169
-0.0636788
-0.0542715
-0.0504247
-0.0533956
-0.0570155
-0.0553313
-0.0499648
-0.0480968
-0.0533658
-0.0608896
-0.0625564
-0.0561908
-0.0478862
-0.0451885
-0.0490778
-0.0534753
-0.0525019
-0.0473556
-0.0450748
-0.0503906
-0.0598112
-0.0647602
-0.0603256
-0.0500500
-0.0420707
-0.0413271
-0.0458631
-0.0501737
-0.0513062
-0.0509457
-0.0511536
-0.0488079
-0.0362004
-0.0087080
0.0284454
0.0625937
0.0837723
0.0924702
0.0970656
0.1037121
0.1093738
0.1056188
0.0892141
0.0673621
0.0507150
0.0417173
0.0323440
0.0144357
-0.0099573
-0.0311917
-0.0441963
-0.0543186
-0.0688785
-0.0853352
-0.0925457
-0.0850998
-0.0720318
-0.0662487
-0.0670044
-0.0609990
-0.0452876
-0.0415415
-0.0736645
-0.1256521
-0.1308088
-0.0173095
0.2290225
0.5503650
0.8678678
1.1425427
1.3795759
1.5762163
1.6816527
1.6253187
1.3891573
1.0440027
0.7062589
0.4565660
0.2989881
0.1902940
0.0962865
0.0162340
-0.0364190
-0.0615005
-0.0746834
-0.0895943
-0.1061954
-0.1176989
-0.1227282
-0.1263293
-0.1318128
-0.1371201
-0.1400692
-0.1429565
-0.1489555
-0.1559293
-0.1575266
-0.1511123
-0.1422599
-0.1394989
-0.1451774
-0.1531860
-0.1561518
-0.1535264
-0.1511630
-0.1535076
-0.1584237
-0.1607374
-0.1591416
-0.1572759
-0.1582108
-0.1603114
-0.1599712
-0.1571677
-0.1561646
-0.1602073
-0.1669295
-0.1704876
-0.1680847
-0.1628904
-0.1598129
-0.1598088
-0.1601772
-0.1597485
-0.1608117
-0.1644961
-0.1665240
-0.1607669
-0.1472658
-0.1341127
-0.1294407
-0.1324373
-0.1344246
-0.1292856
-0.1208212
-0.1176154
-0.1211041
-0.1217221
-0.1090176
-0.0844053
-0.0611269
-0.0508081
-0.0517677
-0.0519085
-0.0421494
-0.0252286
-0.0110788
-0.0050669
-0.0023514
0.0060189
0.0226876
0.0409449
0.0519923
0.0539397
0.0527328
0.0549515
0.0612084
0.0670800
0.0693974
0.0700266
0.0727473
0.0772189
0.0778844
0.0700741
0.0562942
0.0442984
0.0382543
0.0337044
0.0233116
0.0070166
-0.0060941
-0.0075745
-0.0002117
0.0033808
-0.0062368
-0.0247984
-0.0385025
-0.0388802
-0.0317936
-0.0302469
-0.0392858
-0.0504117
-0.0516730
-0.0414726
-0.0304336
-0.0297696
-0.0395098
-0.0492671
-0.0499672
-0.0432664
-0.0386599
-0.0422776
-0.0502683
-0.0537043
-0.0486261
-0.0398063
-0.0349268
-0.0365226
-0.0403590
-0.0410784
-0.0384286
-0.0374018
-0.0422220
-0.0505970
-0.0546002
-0.0477452
-0.0312612
-0.0133696
-0.0025255
-0.0012083
-0.0055083
-0.0098037
-0.0114981
-0.0116836
-0.0122114
-0.0131260
-0.0131546
-0.0117619
-0.0096713
-0.0075770
-0.0054927
-0.0037581
-0.0037503
-0.0066859
-0.0119788
-0.0176007
-0.0222445
-0.0265103
-0.0313528
-0.0355884
-0.0360714
-0.0313977
-0.0251139
-0.0235718
-0.0293985
-0.0378258
-0.0411539
-0.0372743
-0.0325547
-0.0350989
-0.0453276
-0.0543544
-0.0525410
-0.0396062
-0.0255929
-0.0213640
-0.0283487
-0.0380340
-0.0412096
-0.0369156
-0.0322820
-0.0345597
-0.0439385
-0.0536235
-0.0561902
-0.0501008
-0.0408337
-0.0358961
-0.0382200
-0.0439053
-0.0463523
-0.0428463
-0.0372682
-0.0362054
-0.0420962
-0.0502562
-0.0531877
-0.0480993
-0.0396855
-0.0350208
-0.0362228
-0.0390337
-0.0384437
-0.0344910
-0.0318602
-0.0344623
-0.0413835
-0.0481433
-0.0510799
-0.0499907
-0.0470321
-0.0441736
-0.0421935
-0.0412990
-0.0414778
-0.0421504
-0.0425212
-0.0427787
-0.0441164
-0.0467312
-0.0483591
-0.0460784
-0.0399529
-0.0341211
-0.0334178
-0.0386870
-0.0456576
-0.0487593
-0.0462895
-0.0419002
-0.0409406
-0.0452557
-0.0514560
-0.0541052
-0.0506255
-0.0434841
-0.0379103
-0.0372597
-0.0402250
-0.0426337
-0.0421487
-0.0408002
-0.0423139
-0.0472232
-0.0516430
-0.0513503
-0.0464745
-0.0414093
-0.0401655
-0.0424326
-0.0445157
-0.0437548
-0.0413963
-0.0409716
-0.0443361
-0.0496942
-0.0531511
-0.0516713
-0.0450313
-0.0362096
-0.0301951
-0.0309114
-0.0376635
-0.0447942
-0.0463861
-0.0420728
-0.0374153
-0.0375551
-0.0408253
-0.0400156
-0.0307517
-0.0177803
-0.0112984
-0.0164461
-0.0275019
-0.0337011
-0.0305441
-0.0241554
-0.0241812
-0.0333445
-0.0446831
-0.0485266
-0.0413879
-0.0281802
-0.0165931
-0.0096884
-0.0034848
0.0088806
0.0304889
0.0571132
0.0796460
0.0908173
0.0911718
0.0890231
0.0933013
0.1048857
0.1148062
0.1119262
0.0930238
0.0652982
0.0391903
0.0194536
0.0034629
-0.0127980
-0.0287077
-0.0395595
-0.0423431
-0.0399059
-0.0391208
-0.0451228
-0.0567204
-0.0662925
-0.0647717
-0.0500562
-0.0331933
-0.0335152
-0.0599752
-0.0915451
-0.0783839
0.0288521
0.2428860
0.5300262
0.8365124
1.1237120
1.3755895
1.5740672
1.6770533
1.6337979
1.4296542
1.1145886
0.7814442
0.5098922
0.3254940
0.2053305
0.1152037
0.0390694
-0.0206664
-0.0599735
-0.0833187
-0.0990261
-0.1108623
-0.1176017
-0.1190935
-0.1193233
-0.1227092
-0.1293459
-0.1355395
-0.1385966
-0.1398489
-0.1426520
-0.1479668
-0.1524459
-0.1512544
-0.1432163
-0.1332531
-0.1289801
-0.1338591
-0.1434391
-0.1490424
-0.1460111
-0.1385623
-0.1360657
-0.1438936
-0.1576523
-0.1666690
-0.1636588
-0.1514235
-0.1403667
-0.1394083
-0.1486739
-0.1600770
-0.1646976
-0.1603247
-0.1527009
-0.1494616
-0.1524250
-0.1558913
-0.1529680
-0.1433938
-0.1342103
-0.1322313
-0.1366056
-0.1399667
-0.1369641
-0.1302954
-0.1270065
-0.1292290
-0.1305016
-0.1226122
-0.1053202
-0.0874542
-0.0778340
-0.0764006
-0.0754953
-0.0692036
-0.0596492
-0.0532938
-0.0520303
-0.0495773
-0.0375307
-0.0147001
0.0103464
0.0265739
0.0304577
0.0287501
0.0314758
0.0423010
0.0557651
0.0638189
0.0647329
0.0649533
0.0717212
0.0843582
0.0941989
0.0938654
0.0855830
0.0786384
0.0784594
0.0799609
0.0732875
0.0556995
0.0359153
0.0255883
0.0271730
0.0315051
0.0274958
0.0131326
-0.0036709
-0.0140406
-0.0164772
-0.0164512
-0.0194295
-0.0254446
-0.0299587
-0.0289565
-0.0230970
-0.0175132
-0.0175687
-0.0240403
-0.0321086
-0.0358118
-0.0343719
-0.0338382
-0.0411126
-0.0554868
-0.0669429
-0.0646438
-0.0479281
-0.0280546
-0.0179888
-0.0206073
-0.0276899
-0.0300575
-0.0269885
-0.0247600
-0.0272958
-0.0307190
-0.0281944
-0.0188799
-0.0099946
-0.0092605
-0.0163517
-0.0232010
-0.0228121
-0.0165924
-0.0121707
-0.0145121
-0.0203304
-0.0217177
-0.0147998
-0.0041160
0.0018012
-0.0010702
-0.0085540
-0.0131577
-0.0121164
-0.0097810
-0.0118447
-0.0181134
-0.0222459
-0.0189748
-0.0106516
-0.0054610
-0.0089614
-0.0183153
-0.0257330
-0.0271965
-0.0264091
-0.0295031
-0.0369358
-0.0423018
-0.0395678
-0.0303740
-0.0230279
-0.0242224
-0.0323783
-0.0395048
-0.0394178
-0.0337678
-0.0298597
-0.0327379
-0.0398135
-0.0436077
-0.0397310
-0.0316918
-0.0273528
-0.0306835
-0.0376813
-0.0410521
-0.0385591
-0.0354684
-0.0379556
-0.0449967
-0.0485708
-0.0425119
-0.0299716
-0.0207743
-0.0215693
-0.0297638
-0.0374824
-0.0403418
-0.0410305
-0.0443310
-0.0500181
-0.0520462
-0.0450467
-0.0309990
-0.0187258
-0.0163747
-0.0241782
-0.0344599
-0.0387909
-0.0354041
-0.0298659
-0.0287123
-0.0328081
-0.0372846
-0.0375998
-0.0344716
-0.0321480
-0.0327695
-0.0341971
-0.0338184
-0.0328187
-0.0347481
-0.0399018
-0.0430804
-0.0385956
-0.0272193
-0.0166752
-0.0144782
-0.0208485
-0.0292248
-0.0330883
-0.0313263
-0.0274375
-0.0253657
-0.0270339
-0.0324821
-0.0401233
-0.0464134
-0.0470853
-0.0406115
-0.0305587
-0.0233172
-0.0227126
-0.0270741
-0.0318443
-0.0344416
-0.0357360
-0.0370731
-0.0373447
-0.0341102
-0.0272142
-0.0201034
-0.0169988
-0.0190498
-0.0235335
-0.0266431
-0.0268975
-0.0260389
-0.0268269
-0.0298590
-0.0324735
-0.0311282
-0.0253404
-0.0191725
-0.0180346
-0.0233208
-0.0303470
-0.0323701
-0.0271737
-0.0195087
-0.0166236
-0.0213378
-0.0296573
-0.0349842
-0.0342055
-0.0296800
-0.0259819
-0.0253577
-0.0262117
-0.0252321
-0.0202763
-0.0110270
0.0026240
0.0217020
0.0465705
0.0741130
0.0976982
0.1115290
0.1155889
0.1155998
0.1173253
0.1209723
0.1214531
0.1135626
0.0960434
0.0713000
0.0435970
0.0188802
0.0039651
0.0016250
0.0052846
0.0020921
-0.0149328
-0.0384763
-0.0540648
-0.0558798
-0.0513704
-0.0481382
-0.0418309
-0.0252348
-0.0087360
-0.0191745
-0.0654699
-0.1061900
-0.0653312
0.1071286
0.3901866
0.7130360
1.0196653
1.3019199
1.5630588
1.7602634
1.8057272
1.6395525
1.2996668
0.9094371
0.5901109
0.3836042
0.2543374
0.1519658
0.0611158
-0.0049260
-0.0401363
-0.0601744
-0.0828835
-0.1070988
-0.1184830
-0.1122027
-0.1015585
-0.1024909
-0.1151944
-0.1258587
-0.1248549
-0.1180937
-0.1186687
-0.1305123
-0.1439108
-0.1469162
-0.1383077
-0.1279696
-0.1261203
-0.1340103
-0.1445829
-0.1500937
-0.1482999
-0.1427501
-0.1388671
-0.1397450
-0.1442977
-0.1485414
-0.1491029
-0.1462875
-0.1437973
-0.1450297
-0.1496204
-0.1539600
-0.1550283
-0.1531459
-0.1508529
-0.1499324
-0.1502729
-0.1510453
-0.1516169
-0.1510200
-0.1478954
-0.1422781
-0.1369550
-0.1354086
-0.1377722
-0.1399151
-0.1376830
-0.1315689
-0.1257748
-0.1224432
-0.1183907
-0.1089760
-0.0945897
-0.0813683
-0.0745740
-0.0723397
-0.0674557
-0.0554224
-0.0396402
-0.0279880
-0.0247172
-0.0262426
-0.0245912
-0.0143800
0.0032816
0.0224843
0.0372292
0.0451916
0.0484611
0.0514187
0.0572308
0.0652304
0.0713814
0.0719892
0.0676275
0.0632202
0.0635008
0.0680361
0.0711567
0.0673747
0.0568337
0.0448866
0.0361808
0.0298918
0.0215740
0.0093946
-0.0028130
-0.0095745
-0.0102221
-0.0100199
-0.0145531
-0.0240211
-0.0339222
-0.0406237
-0.0447032
-0.0486142
-0.0528420
-0.0560387
-0.0582601
-0.0616560
-0.0667930
-0.0699475
-0.0665893
-0.0579606
-0.0521032
-0.0563700
-0.0692001
-0.0809929
-0.0837737
-0.0789467
-0.0745407
-0.0755412
-0.0785598
-0.0764496
-0.0668730
-0.0549911
-0.0479270
-0.0477750
-0.0504917
-0.0507802
-0.0471289
-0.0423071
-0.0399637
-0.0411760
-0.0436464
-0.0434627
-0.0378710
-0.0274511
-0.0163302
-0.0097804
-0.0104099
-0.0160053
-0.0214053
-0.0231419
-0.0224097
-0.0231429
-0.0270560
-0.0311101
-0.0305863
-0.0247473
-0.0187558
-0.0192044
-0.0275956
-0.0386287
-0.0451877
-0.0448921
-0.0416559
-0.0411534
-0.0451954
-0.0504984
-0.0524757
-0.0499414
-0.0462856
-0.0462424
-0.0513044
-0.0580261
-0.0610615
-0.0584662
-0.0541496
-0.0544303
-0.0614519
-0.0701870
-0.0728743
-0.0669574
-0.0581969
-0.0552295
-0.0610099
-0.0700745
-0.0742758
-0.0706556
-0.0634132
-0.0587855
-0.0588990
-0.0607238
-0.0602307
-0.0568241
-0.0537652
-0.0547560
-0.0602665
-0.0669071
-0.0702621
-0.0687505
-0.0651835
-0.0643595
-0.0683875
-0.0739639
-0.0747614
-0.0674555
-0.0557572
-0.0478960
-0.0491953
-0.0568345
-0.0624863
-0.0608034
-0.0552516
-0.0547757
-0.0640902
-0.0775833
-0.0837199
-0.0760022
-0.0594337
-0.0459679
-0.0437689
-0.0509937
-0.0593698
-0.0627287
-0.0617108
-0.0610865
-0.0637728
-0.0678490
-0.0688463
-0.0644653
-0.0572440
-0.0528378
-0.0551734
-0.0624919
-0.0682650
-0.0671260
-0.0606034
-0.0562478
-0.0598547
-0.0685983
-0.0732846
-0.0683105
-0.0584384
-0.0539817
-0.0590371
-0.0662509
-0.0650106
-0.0544081
-0.0458029
-0.0509186
-0.0681626
-0.0827622
-0.0812748
-0.0649550
-0.0477743
-0.0419158
-0.0467346
-0.0521181
-0.0508133
-0.0455159
-0.0440381
-0.0495555
-0.0571549
-0.0594761
-0.0542394
-0.0458259
-0.0405737
-0.0414079
-0.0463417
-0.0507971
-0.0512195
-0.0477637
-0.0444642
-0.0461070
-0.0535063
-0.0615790
-0.0632986
-0.0566859
-0.0475357
-0.0438925
-0.0472062
-0.0497264
-0.0416755
-0.0209240
0.0052828
0.0282468
0.0462528
0.0641317
0.0851051
0.1049011
0.1151338
0.1120507
0.1006260
0.0892195
0.0804933
0.0685623
0.0459470
0.0134348
-0.0177767
-0.0350313
-0.0361404
-0.0320545
-0.0365254
-0.0525974
-0.0701884
-0.0778329
-0.0754740
-0.0729204
-0.0754621
-0.0755941
-0.0643463
-0.0498190
-0.0554624
-0.0904100
-0.1209671
-0.0810744
0.0779843
0.3445290
0.6554578
0.9492691
1.2063242
1.4333049
1.6133931
1.6859116
1.5880350
1.3197939
0.9629934
0.6302471
0.3913505
0.2435113
0.1430943
0.0570829
-0.0159331
-0.0635049
-0.0845537
-0.0932507
-0.1039065
-0.1188124
-0.1313925
-0.1370199
-0.1381279
-0.1403961
-0.1466640
-0.1548226
-0.1601314
-0.1591524
-0.1526533
-0.1455637
-0.1434005
-0.1475797
-0.1541678
-0.1580306
-0.1584256
-0.1597223
-0.1659794
-0.1754024
-0.1813521
-0.1791697
-0.1712025
-0.1644074
-0.1633844
-0.1665407
-0.1690200
-0.1684504
-0.1671200
-0.1687250
-0.1736744
-0.1780925
-0.1775868
-0.1718939
-0.1655202
-0.1634577
-0.1661595
-0.1689957
-0.1670157
-0.1602527
-0.1538565
-0.1525105
-0.1549280
-0.1547775
-0.1476407
-0.1364132
-0.1285194
-0.1274462
-0.1282105
-0.1225581
-0.1085618
-0.0936719
-0.0871484
-0.0897646
-0.0921830
-0.0841833
-0.0650016
-0.0437497
-0.0298118
-0.0239791
-0.0196043
-0.0113162
-0.0007030
0.0070907
0.0108313
0.0153408
0.0257730
0.0409565
0.0538484
0.0588700
0.0578077
0.0573855
0.0611591
0.0651738
0.0627692
0.0532902
0.0444738
0.0449629
0.0545640
0.0630635
0.0597214
0.0439867
0.0260697
0.0164424
0.0153035
0.0133165
0.0027048
-0.0135671
-0.0245645
-0.0229368
-0.0127292
-0.0054049
-0.0087657
-0.0204320
-0.0318601
-0.0374925
-0.0390138
-0.0411974
-0.0453629
-0.0481804
-0.0463623
-0.0409556
-0.0362661
-0.0352642
-0.0370517
-0.0388831
-0.0398116
-0.0415543
-0.0457322
-0.0508750
-0.0528584
-0.0486277
-0.0394388
-0.0302691
-0.0258781
-0.0271448
-0.0308839
-0.0330916
-0.0324573
-0.0307427
-0.0297968
-0.0287638
-0.0250634
-0.0181830
-0.0114041
-0.0087151
-0.0103021
-0.0122970
-0.0114468
-0.0090772
-0.0092837
-0.0133781
-0.0175391
-0.0169405
-0.0115206
-0.0061829
-0.0050348
-0.0069185
-0.0079275
-0.0074988
-0.0098291
-0.0182912
-0.0296776
-0.0357948
-0.0313424
-0.0196054
-0.0097369
-0.0083773
-0.0141183
-0.0200886
-0.0215058
-0.0202124
-0.0217669
-0.0285878
-0.0366432
-0.0392851
-0.0342655
-0.0264882
-0.0233024
-0.0270914
-0.0332346
-0.0358918
-0.0349592
-0.0357036
-0.0412402
-0.0472400
-0.0461248
-0.0363244
-0.0253100
-0.0221232
-0.0278030
-0.0349275
-0.0367231
-0.0347260
-0.0358116
-0.0425183
-0.0489349
-0.0474664
-0.0380886
-0.0285918
-0.0257324
-0.0284341
-0.0310173
-0.0314604
-0.0337234
-0.0413226
-0.0507579
-0.0537269
-0.0461440
-0.0333386
-0.0249870
-0.0253722
-0.0300214
-0.0321462
-0.0308820
-0.0317096
-0.0390155
-0.0497401
-0.0554208
-0.0504622
-0.0379597
-0.0271791
-0.0252959
-0.0315327
-0.0391058
-0.0423378
-0.0413264
-0.0398690
-0.0399779
-0.0396184
-0.0359146
-0.0295159
-0.0246545
-0.0247031
-0.0285417
-0.0322450
-0.0341147
-0.0365837
-0.0421105
-0.0481331
-0.0482814
-0.0396721
-0.0278552
-0.0225820
-0.0279987
-0.0380244
-0.0426899
-0.0390357
-0.0343787
-0.0376435
-0.0481361
-0.0550025
-0.0489592
-0.0332778
-0.0210077
-0.0211042
-0.0292949
-0.0341524
-0.0309475
-0.0266916
-0.0304094
-0.0406389
-0.0458712
-0.0381089
-0.0233056
-0.0155161
-0.0212073
-0.0324064
-0.0366842
-0.0314902
-0.0256157
-0.0270624
-0.0331484
-0.0348574
-0.0289953
-0.0222638
-0.0223336
-0.0279539
-0.0312603
-0.0291937
-0.0283823
-0.0359962
-0.0481145
-0.0518965
-0.0407763
-0.0242892
-0.0192090
-0.0311935
-0.0483387
-0.0544845
-0.0467967
-0.0370133
-0.0350865
-0.0350169
-0.0204034
0.0160190
0.0614309
0.0936079
0.1016576
0.0944239
0.0888242
0.0923373
0.0982125
0.0959534
0.0831656
0.0659257
0.0498978
0.0346180
0.0172457
-0.0012031
-0.0167718
-0.0290087
-0.0423417
-0.0587329
-0.0718415
-0.0730732
-0.0635367
-0.0550037
-0.0554435
-0.0572239
-0.0472771
-0.0307417
-0.0354205
-0.0801972
-0.1359549
-0.1281087
0.0086392
0.2733857
0.5999858
0.9155555
1.1917312
1.4329044
1.6212098
1.6919379
1.5795599
1.2903952
0.9209025
0.5950449
0.3793504
0.2552799
0.1654173
0.0766800
-0.0014684
-0.0475834
-0.0618248
-0.0660834
-0.0792823
-0.1008911
-0.1183673
-0.1244280
-0.1232915
-0.1227389
-0.1251832
-0.1280517
-0.1299428
-0.1330872
-0.1396683
-0.1478892
-0.1529085
-0.1511793
-0.1434982
-0.1344514
-0.1292426
-0.1301485
-0.1349417
-0.1388249
-0.1388082
-0.1366779
-0.1373428
-0.1437341
-0.1532103
-0.1593302
-0.1576249
-0.1497532
-0.1418066
-0.1385818
-0.1398696
-0.1422444
-0.1434914
-0.1443530
-0.1462394
-0.1484417
-0.1484587
-0.1450264
-0.1402407
-0.1379586
-0.1396536
-0.1422632
-0.1412153
-0.1359352
-0.1311408
-0.1311914
-0.1334225
-0.1291600
-0.1130732
-0.0910197
-0.0763250
-0.0765478
-0.0846088
-0.0853215
-0.0717487
-0.0533796
-0.0458033
-0.0525418
-0.0597228
-0.0503538
-0.0226952
0.0074085
0.0224128
0.0198162
0.0126672
0.0148948
0.0278948
0.0417161
0.0476623
0.0476978
0.0511665
0.0637362
0.0809542
0.0926403
0.0928948
0.0855738
0.0800669
0.0815615
0.0854834
0.0822662
0.0682321
0.0510710
0.0430532
0.0482085
0.0570745
0.0553285
0.0379583
0.0143786
-0.0009973
-0.0030358
-0.0000779
-0.0038558
-0.0163957
-0.0282035
-0.0291463
-0.0195415
-0.0097029
-0.0095112
-0.0196042
-0.0324884
-0.0408400
-0.0437753
-0.0454195
-0.0487230
-0.0519734
-0.0515412
-0.0469169
-0.0417462
-0.0397430
-0.0404721
-0.0399518
-0.0354822
-0.0294269
-0.0274909
-0.0325690
-0.0403948
-0.0424061
-0.0339443
-0.0194171
-0.0084906
-0.0069894
-0.0120144
-0.0159804
-0.0145779
-0.0100061
-0.0066747
-0.0050440
-0.0011503
0.0074596
0.0166970
0.0187117
0.0101982
-0.0032314
-0.0120509
-0.0119645
-0.0073898
-0.0059762
-0.0104087
-0.0160290
-0.0163057
-0.0100902
-0.0029645
-0.0013598
-0.0058867
-0.0110157
-0.0111602
-0.0065208
-0.0029102
-0.0061860
-0.0166650
-0.0283068
-0.0332545
-0.0280188
-0.0162177
-0.0057097
-0.0028178
-0.0084546
-0.0186023
-0.0278821
-0.0331818
-0.0348141
-0.0346586
-0.0334525
-0.0304610
-0.0259353
-0.0227037
-0.0237002
-0.0277028
-0.0290903
-0.0235708
-0.0143363
-0.0109141
-0.0199292
-0.0366781
-0.0476991
-0.0436355
-0.0292531
-0.0188776
-0.0214683
-0.0318998
-0.0381042
-0.0352491
-0.0303816
-0.0328492
-0.0424511
-0.0492288
-0.0448197
-0.0320825
-0.0221241
-0.0225058
-0.0300791
-0.0357139
-0.0343923
-0.0293690
-0.0274312
-0.0318489
-0.0398801
-0.0456034
-0.0447492
-0.0380687
-0.0309201
-0.0288312
-0.0323626
-0.0364176
-0.0354904
-0.0298247
-0.0255131
-0.0276206
-0.0337150
-0.0359410
-0.0303757
-0.0227932
-0.0228518
-0.0326202
-0.0433381
-0.0449845
-0.0374812
-0.0302517
-0.0310526
-0.0374917
-0.0406540
-0.0358250
-0.0277720
-0.0250648
-0.0304692
-0.0383164
-0.0412134
-0.0378782
-0.0335430
-0.0336630
-0.0386032
-0.0441271
-0.0455373
-0.0409895
-0.0321546
-0.0228226
-0.0164949
-0.0142989
-0.0147751
-0.0158504
-0.0172517
-0.0209253
-0.0285922
-0.0384433
-0.0448272
-0.0427383
-0.0334278
-0.0246102
-0.0236643
-0.0304030
-0.0372548
-0.0368567
-0.0292179
-0.0214165
-0.0205554
-0.0270885
-0.0348667
-0.0374348
-0.0338404
-0.0280715
-0.0235217
-0.0191446
-0.0111029
0.0029451
0.0218728
0.0427036
0.0633442
0.0836877
0.1042825
0.1239015
0.1386025
0.1438274
0.1379246
0.1235513
0.1053425
0.0860162
0.0647201
0.0395250
0.0119580
-0.0115055
-0.0241131
-0.0258365
-0.0244757
-0.0283208
-0.0383390
-0.0491388
-0.0567818
-0.0624603
-0.0671475
-0.0660347
-0.0536753
-0.0361089
-0.0324758
-0.0560245
-0.0893109
-0.0823132
0.0165997
0.2224577
0.5048683
0.8147944
1.1148045
1.3804504
1.5788413
1.6604095
1.5846020
1.3579740
1.0438242
0.7288008
0.4745853
0.2953767
0.1730317
0.0858127
0.0221980
-0.0236048
-0.0578093
-0.0847369
-0.1030352
-0.1095688
-0.1072302
-0.1056864
-0.1126742
-0.1258046
-0.1350122
-0.1336585
-0.1260965
-0.1230829
-0.1300719
-0.1415064
-0.1471504
-0.1428474
-0.1340314
-0.1294027
-0.1324483
-0.1391600
-0.1430985
-0.1421456
-0.1402379
-0.1424459
-0.1487477
-0.1536238
-0.1521749
-0.1457838
-0.1408603
-0.1422414
-0.1485070
-0.1538569
-0.1542411
-0.1513893
-0.1505937
-0.1545238
-0.1598695
-0.1607602
-0.1551359
-0.1468677
-0.1416961
-0.1419068
-0.1449322
-0.1462323
-0.1433915
-0.1382540
-0.1353084
-0.1371578
-0.1410615
-0.1405084
-0.1310511
-0.1149790
-0.1001411
-0.0935352
-0.0951411
-0.0978326
-0.0940623
-0.0829816
-0.0703697
-0.0614559
-0.0551335
-0.0462166
-0.0323481
-0.0170029
-0.0056115
0.0001302
0.0036304
0.0096094
0.0193526
0.0297409
0.0368473
0.0401360
0.0427712
0.0480888
0.0562964
0.0643042
0.0680249
0.0652128
0.0572933
0.0485505
0.0423715
0.0378743
0.0311392
0.0202231
0.0081256
0.0000684
-0.0018844
-0.0010557
-0.0030203
-0.0102530
-0.0199063
-0.0272136
-0.0310291
-0.0349929
-0.0425361
-0.0517079
-0.0564592
-0.0531936
-0.0451568
-0.0399261
-0.0426115
-0.0512844
-0.0589702
-0.0605747
-0.0579282
-0.0572935
-0.0618132
-0.0676510
-0.0683669
-0.0621000
-0.0532373
-0.0474400
-0.0462329
-0.0467010
-0.0457308
-0.0437279
-0.0436709
-0.0467069
-0.0498562
-0.0490384
-0.0436398
-0.0367263
-0.0311581
-0.0272537
-0.0244587
-0.0233829
-0.0249292
-0.0283231
-0.0313154
-0.0323742
-0.0320123
-0.0315811
-0.0308761
-0.0276675
-0.0205889
-0.0123402
-0.0083779
-0.0114144
-0.0183311
-0.0238298
-0.0263271
-0.0286772
-0.0333780
-0.0387162
-0.0403359
-0.0361563
-0.0294294
-0.0267072
-0.0320263
-0.0426377
-0.0510832
-0.0521730
-0.0478087
-0.0448004
-0.0481985
-0.0564964
-0.0626513
-0.0601785
-0.0495502
-0.0386807
-0.0357194
-0.0409350
-0.0469337
-0.0474082
-0.0443549
-0.0454532
-0.0546956
-0.0665747
-0.0701877
-0.0597589
-0.0414026
-0.0285955
-0.0298666
-0.0411590
-0.0509221
-0.0519693
-0.0472806
-0.0449583
-0.0492343
-0.0566094
-0.0596817
-0.0544176
-0.0441492
-0.0364141
-0.0356900
-0.0397836
-0.0435802
-0.0452133
-0.0475132
-0.0538681
-0.0634727
-0.0706060
-0.0688603
-0.0573318
-0.0430199
-0.0357108
-0.0393769
-0.0490775
-0.0566283
-0.0583953
-0.0571561
-0.0574826
-0.0602443
-0.0613809
-0.0560283
-0.0444418
-0.0334803
-0.0308892
-0.0378033
-0.0477894
-0.0534125
-0.0529812
-0.0509604
-0.0526276
-0.0582589
-0.0621005
-0.0578763
-0.0462761
-0.0359364
-0.0352294
-0.0433876
-0.0513486
-0.0514356
-0.0450187
-0.0404903
-0.0444305
-0.0547767
-0.0624682
-0.0603721
-0.0507505
-0.0429157
-0.0432948
-0.0493291
-0.0538303
-0.0535273
-0.0516889
-0.0531708
-0.0583250
-0.0618515
-0.0576325
-0.0455184
-0.0331461
-0.0293717
-0.0353317
-0.0433284
-0.0451076
-0.0400543
-0.0347794
-0.0357972
-0.0431207
-0.0502666
-0.0504280
-0.0432916
-0.0353828
-0.0329722
-0.0357167
-0.0386802
-0.0392409
-0.0394285
-0.0417801
-0.0455709
-0.0480877
-0.0483140
-0.0484347
-0.0515001
-0.0568995
-0.0582703
-0.0480845
-0.0258260
0.0000215
0.0201470
0.0337412
0.0480418
0.0691596
0.0946165
0.1146125
0.1201943
0.1110664
0.0955943
0.0818682
0.0689490
0.0492553
0.0200468
-0.0103882
-0.0300582
-0.0355321
-0.0353346
-0.0412864
-0.0566018
-0.0723975
-0.0772826
-0.0712866
-0.0672266
-0.0745432
-0.0845229
-0.0791825
-0.0570943
-0.0430264
-0.0623993
-0.1032468
-0.1085051
-0.0146137
0.1958930
0.4799542
0.7747255
1.0503533
1.3140860
1.5600128
1.7275949
1.7284724
1.5232192
1.1695449
0.7907180
0.4929804
0.3060406
0.1918834
0.1010907
0.0177439
-0.0437467
-0.0719794
-0.0778336
-0.0823318
-0.0955229
-0.1120514
-0.1224039
-0.1235906
-0.1209705
-0.1229699
-0.1329922
-0.1452063
-0.1500889
-0.1449127
-0.1366623
-0.1342284
-0.1400703
-0.1495130
-0.1554979
-0.1541147
-0.1481283
-0.1446404
-0.1469055
-0.1500558
-0.1480847
-0.1428663
-0.1418014
-0.1479349
-0.1568598
-0.1624500
-0.1618618
-0.1563396
-0.1508222
-0.1509103
-0.1564234
-0.1599503
-0.1553830
-0.1456467
-0.1387288
-0.1387064
-0.1434286
-0.1475721
-0.1455893
-0.1363274
-0.1273180
-0.1286273
-0.1390612
-0.1448357
-0.1361679
-0.1191463
-0.1069067
-0.1048882
-0.1086048
-0.1101058
-0.1035739
-0.0905206
-0.0808007
-0.0810544
-0.0823679
-0.0699289
-0.0451719
-0.0253866
-0.0197627
-0.0200124
-0.0169978
-0.0109046
-0.0018200
0.0124766
0.0254962
0.0280166
0.0292582
0.0484998
0.0772587
0.0767853
0.0298322
