-0.0733029
-0.0737699
-0.0663316
-0.0662770
-0.0746945
-0.0804888
-0.0789749
-0.0758644
-0.0748591
-0.0727114
-0.0673869
-0.0625400
-0.0620702
-0.0656045
-0.0700318
-0.0719046
-0.0695086
-0.0659273
-0.0673855
-0.0744787
-0.0786112
-0.0727909
-0.0628741
-0.0609355
-0.0685675
-0.0741385
-0.0682019
-0.0560223
-0.0514363
-0.0605556
-0.0743433
-0.0777952
-0.0658937
-0.0490493
-0.0412637
-0.0446326
-0.0495905
-0.0499623
-0.0513250
-0.0609490
-0.0744137
-0.0785003
-0.0668233
-0.0481583
-0.0379581
-0.0432864
-0.0567299
-0.0644797
-0.0601181
-0.0501151
-0.0454300
-0.0491699
-0.0547504
-0.0554160
-0.0520799
-0.0505535
-0.0536058
-0.0580020
-0.0588354
-0.0555199
-0.0529572
-0.0560886
-0.0631747
-0.0664533
-0.0613014
-0.0530589
-0.0515577
-0.0590205
-0.0663483
-0.0621885
-0.0434056
-0.0155726
0.0144944
0.0438269
0.0709237
0.0911267
0.0979803
0.0907674
0.0784152
0.0720101
0.0727012
0.0700502
0.0541019
0.0268588
-0.0002195
-0.0181668
-0.0274000
-0.0341423
-0.0434651
-0.0562173
-0.0697610
-0.0796966
-0.0823343
-0.0781400
-0.0728817
-0.0724035
-0.0741786
-0.0672975
-0.0472208
-0.0309167
-0.0471002
-0.0997292
-0.1417092
-0.0978550
0.0746413
0.3486751
0.6550543
0.9460106
1.2219158
1.4900660
1.7062095
1.7762504
1.6309880
1.3005323
0.9069912
0.5774898
0.3617599
0.2279150
0.1239477
0.0317451
-0.0341708
-0.0627130
-0.0671624
-0.0719427
-0.0888260
-0.1114489
-0.1290669
-0.1389188
-0.1443695
-0.1468994
-0.1452010
-0.1407283
-0.1388166
-0.1423779
-0.1475523
-0.1483629
-0.1444883
-0.1419477
-0.1459992
-0.1549758
-0.1617953
-0.1609369
-0.1534621
-0.1454428
-0.1420941
-0.1439276
-0.1482138
-0.1526687
-0.1565613
-0.1590723
-0.1585497
-0.1541766
-0.1476134
-0.1422001
-0.1403805
-0.1418360
-0.1441462
-0.1455600
-0.1469474
-0.1500264
-0.1533577
-0.1517069
-0.1413116
-0.1256078
-0.1137793
-0.1122789
-0.1181085
-0.1215287
-0.1159896
-0.1049986
-0.0980700
-0.0993248
-0.1012861
-0.0919026
-0.0679201
-0.0394797
-0.0202838
-0.0142071
-0.0128976
-0.0058590
0.0090617
0.0257970
0.0389405
0.0500782
0.0643143
0.0821425
0.0977366
0.1064265
0.1115655
0.1209529
0.1365147
0.1504299
0.1532805
0.1447208
0.1339163
0.1293077
0.1297441
0.1270323
0.1163100
0.1014465
0.0889733
0.0786806
0.0637368
0.0409432
0.0176659
0.0051776
0.0055518
0.0083646
0.0020093
-0.0134051
-0.0267488
-0.0293741
-0.0255946
-0.0277340
-0.0414009
-0.0584118
-0.0659074
-0.0607403
-0.0519456
-0.0490999
-0.0516813
-0.0522782
-0.0482934
-0.0463597
-0.0536017
-0.0668522
-0.0739412
-0.0668440
-0.0518340
-0.0442040
-0.0524565
-0.0692584
-0.0790311
-0.0733479
-0.0575037
-0.0430148
-0.0363100
-0.0354993
-0.0358055
-0.0352981
-0.0349785
-0.0353796
-0.0352071
-0.0334221
-0.0309674
-0.0291451
-0.0271212
-0.0229026
-0.0168792
-0.0122802
-0.0107973
-0.0094726
-0.0045778
0.0015478
0.0006217
-0.0121492
-0.0296427
-0.0370326
-0.0266060
-0.0075123
0.0018505
-0.0077354
-0.0269926
-0.0387121
-0.0363148
-0.0292552
-0.0299882
-0.0389993
-0.0455750
-0.0421235
-0.0339493
-0.0329433
-0.0433145
-0.0564549
-0.0606190
-0.0536318
-0.0440188
-0.0404337
-0.0428731
-0.0454024
-0.0449311
-0.0440654
-0.0456396
-0.0479810
-0.0479024
-0.0467789
-0.0502344
-0.0604277
-0.0705449
-0.0698803
-0.0553946
-0.0367145
-0.0278633
-0.0341319
-0.0482968
-0.0594194
-0.0631947
-0.0627103
-0.0614018
-0.0586943
-0.0532393
-0.0477497
-0.0476537
-0.0545531
-0.0629939
-0.0656534
-0.0615961
-0.0576142
-0.0603258
-0.0680350
-0.0722247
-0.0672111
-0.0567105
-0.0498453
-0.0515130
-0.0580420
-0.0623261
-0.0618570
-0.0604871
-0.0625453
-0.0668419
-0.0679091
-0.0628155
-0.0550017
-0.0504808
-0.0514123
-0.0549262
-0.0577764
-0.0600982
-0.0636589
-0.0678181
-0.0692150
-0.0657875
-0.0597027
-0.0550709
-0.0532448
-0.0519811
-0.0497196
-0.0489213
-0.0530777
-0.0608083
-0.0655713
-0.0628597
-0.0563343
-0.0544203
-0.0604012
-0.0677002
-0.0667025
-0.0560846
-0.0457238
-0.0469612
-0.0600797
-0.0727934
-0.0722388
-0.0582160
-0.0436308
-0.0416088
-0.0527510
-0.0653856
-0.0678149
-0.0596255
-0.0509675
-0.0514576
-0.0606224
-0.0693394
-0.0696262
-0.0617420
-0.0519219
-0.0452299
-0.0423375
-0.0423091
-0.0455611
-0.0522397
-0.0588377
-0.0592650
-0.0510881
-0.0400853
-0.0364255
-0.0447664
-0.0585906
-0.0659238
-0.0612304
-0.0505096
-0.0433417
-0.0402148
-0.0295515
0.0008527
0.0487907
0.0948848
0.1168059
0.1081846
0.0841258
0.0675000
0.0690006
0.0799072
0.0831241
0.0698410
0.0453569
0.0208184
0.0020389
-0.0129841
-0.0280066
-0.0432736
-0.0569487
-0.0690345
-0.0807402
-0.0903033
-0.0930597
-0.0878205
-0.0805414
-0.0774240
-0.0748866
-0.0626090
-0.0414155
-0.0341755
-0.0674539
-0.1333509
-0.1718502
-0.1029538
0.1122053
0.4383861
0.7951045
1.1174140
1.3851340
1.5945310
1.7141237
1.6855000
1.4769828
1.1332946
0.7628529
0.4683515
0.2845958
0.1776511
0.0959570
0.0175864
-0.0466181
-0.0825937
-0.0954882
-0.1039693
-0.1204738
-0.1419799
-0.1578045
-0.1617927
-0.1563638
-0.1483259
-0.1435982
-0.1448497
-0.1510602
-0.1580676
-0.1612200
-0.1595429
-0.1570889
-0.1584622
-0.1626665
-0.1632074
-0.1558073
-0.1450058
-0.1408092
-0.1481276
-0.1610549
-0.1689935
-0.1677808
-0.1630498
-0.1623304
-0.1657922
-0.1668858
-0.1616753
-0.1546588
-0.1533131
-0.1582429
-0.1618843
-0.1579193
-0.1495328
-0.1457163
-0.1499174
-0.1552068
-0.1521881
-0.1400940
-0.1275311
-0.1220507
-0.1214193
-0.1172624
-0.1063185
-0.0950413
-0.0916363
-0.0953356
-0.0961038
-0.0851831
-0.0642053
-0.0430615
-0.0298906
-0.0242332
-0.0192314
-0.0088369
0.0075050
0.0257407
0.0411460
0.0516350
0.0588054
0.0666192
0.0781857
0.0925907
0.1050562
0.1113823
0.1124159
0.1130286
0.1162499
0.1197398
0.1193438
0.1151925
0.1119529
0.1122648
0.1118006
0.1031153
0.0844210
0.0625282
0.0457700
0.0351543
0.0245648
0.0096731
-0.0058446
-0.0147829
-0.0157784
-0.0154609
-0.0206382
-0.0305100
-0.0385847
-0.0414638
-0.0431680
-0.0495887
-0.0600908
-0.0669291
-0.0637756
-0.0536015
-0.0465169
-0.0495581
-0.0595968
-0.0670145
-0.0658910
-0.0597563
-0.0572884
-0.0629918
-0.0725086
-0.0769478
-0.0715881
-0.0603693
-0.0520636
-0.0521765
-0.0583953
-0.0634063
-0.0617277
-0.0540639
-0.0457894
-0.0416159
-0.0414083
-0.0407400
-0.0355624
-0.0266075
-0.0191710
-0.0181942
-0.0232825
-0.0286587
-0.0284061
-0.0220983
-0.0152508
-0.0139167
-0.0187015
-0.0243423
-0.0252972
-0.0213400
-0.0172513
-0.0174144
-0.0216241
-0.0264294
-0.0296579
-0.0324361
-0.0365340
-0.0406902
-0.0408941
-0.0349247
-0.0260893
-0.0213852
-0.0253049
-0.0355426
-0.0450970
-0.0486358
-0.0468501
-0.0449266
-0.0470999
-0.0526078
-0.0566416
-0.0551218
-0.0486700
-0.0420587
-0.0398463
-0.0425204
-0.0467016
-0.0488238
-0.0484969
-0.0483596
-0.0507296
-0.0545111
-0.0557649
-0.0517996
-0.0447277
-0.0404129
-0.0432792
-0.0520146
-0.0606393
-0.0640126
-0.0622646
-0.0597658
-0.0600135
-0.0621186
-0.0626235
-0.0601657
-0.0572292
-0.0569422
-0.0590760
-0.0602883
-0.0582328
-0.0544454
-0.0526627
-0.0547722
-0.0590344
-0.0621702
-0.0625220
-0.0607927
-0.0581360
-0.0545169
-0.0496140
-0.0449972
-0.0442710
-0.0500104
-0.0602880
-0.0687626
-0.0691665
-0.0606394
-0.0490253
-0.0424827
-0.0449323
-0.0531599
-0.0601544
-0.0613501
-0.0579019
-0.0545085
-0.0546424
-0.0577730
-0.0604506
-0.0595839
-0.0549863
-0.0493415
-0.0458144
-0.0453655
-0.0462231
-0.0461684
-0.0453943
-0.0465743
-0.0513520
-0.0568570
-0.0570579
-0.0490061
-0.0375370
-0.0319796
-0.0368712
-0.0466102
-0.0509418
-0.0461037
-0.0391970
-0.0402853
-0.0506019
-0.0601128
-0.0576023
-0.0425938
-0.0262984
-0.0206981
-0.0274655
-0.0379522
-0.0431585
-0.0424734
-0.0424982
-0.0483669
-0.0573017
-0.0610059
-0.0542606
-0.0409552
-0.0311796
-0.0317274
-0.0393658
-0.0441891
-0.0402028
-0.0320770
-0.0302893
-0.0392957
-0.0516456
-0.0551571
-0.0458877
-0.0326347
-0.0276881
-0.0339930
-0.0430171
-0.0453279
-0.0413714
-0.0402170
-0.0483675
-0.0619058
-0.0706206
-0.0687770
-0.0602857
-0.0530713
-0.0494297
-0.0429471
-0.0250997
0.0053560
0.0395388
0.0648345
0.0746156
0.0727325
0.0691893
0.0712005
0.0777388
0.0822138
0.0798476
0.0715111
0.0600623
0.0445760
0.0209888
-0.0104812
-0.0407985
-0.0583309
-0.0604851
-0.0569766
-0.0595326
-0.0694239
-0.0778227
-0.0783340
-0.0750993
-0.0753057
-0.0766031
-0.0690931
-0.0527463
-0.0464247
-0.0690635
-0.1077026
-0.1102597
-0.0196197
0.1806883
0.4557779
0.7536555
1.0442221
1.3184222
1.5519878
1.6840237
1.6474223
1.4281919
1.0925906
0.7496308
0.4812611
0.3026777
0.1809209
0.0823938
0.0003510
-0.0550312
-0.0806029
-0.0882767
-0.0933489
-0.1019379
-0.1116397
-0.1200213
-0.1281146
-0.1366585
-0.1434873
-0.1467840
-0.1485876
-0.1521838
-0.1566753
-0.1572875
-0.1522731
-0.1470592
-0.1486009
-0.1560601
-0.1604094
-0.1552054
-0.1457113
-0.1439054
-0.1540592
-0.1663934
-0.1675144
-0.1557926
-0.1432692
-0.1418095
-0.1501846
-0.1571202
-0.1556205
-0.1507295
-0.1519139
-0.1603288
-0.1667565
-0.1622434
-0.1482597
-0.1347799
-0.1296139
-0.1316530
-0.1343647
-0.1335883
-0.1304837
-0.1280111
-0.1266121
-0.1238683
-0.1172990
-0.1066862
-0.0941463
-0.0827098
-0.0746292
-0.0700660
-0.0668257
-0.0617348
-0.0529159
-0.0408456
-0.0270319
-0.0119871
0.0047912
0.0228004
0.0395390
0.0525576
0.0623057
0.0718313
0.0830901
0.0942535
0.1017917
0.1054371
0.1100576
0.1212085
0.1382577
0.1526907
0.1547169
0.1425137
0.1246541
0.1123721
0.1087948
0.1061149
0.0940875
0.0714537
0.0482653
0.0361517
0.0364247
0.0387334
0.0319286
0.0154262
-0.0012535
-0.0097517
-0.0117531
-0.0155272
-0.0249880
-0.0348498
-0.0376325
-0.0335104
-0.0304155
-0.0340299
-0.0403653
-0.0409427
-0.0346911
-0.0312317
-0.0399417
-0.0571224
-0.0674400
-0.0596650
-0.0394282
-0.0242565
-0.0260196
-0.0399265
-0.0513369
-0.0516541
-0.0455939
-0.0433398
-0.0481907
-0.0537061
-0.0519918
-0.0424741
-0.0317781
-0.0264002
-0.0269699
-0.0293865
-0.0301295
-0.0296260
-0.0307304
-0.0345091
-0.0378736
-0.0357852
-0.0264085
-0.0141973
-0.0069750
-0.0087781
-0.0154417
-0.0183182
-0.0132407
-0.0053189
-0.0036791
-0.0112735
-0.0210620
-0.0232077
-0.0154549
-0.0052085
-0.0014481
-0.0059799
-0.0133553
-0.0181286
-0.0202492
-0.0229996
-0.0273690
-0.0303520
-0.0289568
-0.0245427
-0.0220613
-0.0251006
-0.0323446
-0.0390736
-0.0417303
-0.0407864
-0.0394411
-0.0399234
-0.0412377
-0.0406116
-0.0372059
-0.0340175
-0.0352649
-0.0414000
-0.0473879
-0.0472693
-0.0409724
-0.0356708
-0.0389859
-0.0504822
-0.0608549
-0.0606039
-0.0495226
-0.0368740
-0.0319996
-0.0355370
-0.0405159
-0.0413207
-0.0398454
-0.0419605
-0.0489414
-0.0543414
-0.0504286
-0.0372207
-0.0238885
-0.0204523
-0.0282587
-0.0391416
-0.0439287
-0.0411704
-0.0371802
-0.0381282
-0.0432400
-0.0462685
-0.0429756
-0.0359946
-0.0318223
-0.0336232
-0.0380036
-0.0392074
-0.0358161
-0.0323779
-0.0342085
-0.0411636
-0.0471726
-0.0460321
-0.0374636
-0.0274147
-0.0225665
-0.0246556
-0.0300065
-0.0341063
-0.0359470
-0.0375820
-0.0401015
-0.0415060
-0.0395121
-0.0357452
-0.0351767
-0.0401348
-0.0458124
-0.0440469
-0.0327478
-0.0202363
-0.0178925
-0.0278837
-0.0398357
-0.0412708
-0.0308257
-0.0194477
-0.0182549
-0.0269508
-0.0356274
-0.0369473
-0.0340463
-0.0354022
-0.0435526
-0.0512431
-0.0492720
-0.0367806
-0.0225904
-0.0167012
-0.0214068
-0.0306807
-0.0370312
-0.0379930
-0.0363197
-0.0351853
-0.0343073
-0.0309523
-0.0240921
-0.0165976
-0.0127009
-0.0135347
-0.0160911
-0.0171386
-0.0175146
-0.0212051
-0.0296648
-0.0381149
-0.0391295
-0.0304644
-0.0184109
-0.0122435
-0.0152898
-0.0222545
-0.0255500
-0.0233435
-0.0204625
-0.0218126
-0.0263776
-0.0286265
-0.0252760
-0.0193805
-0.0171322
-0.0211499
-0.0278324
-0.0315550
-0.0306607
-0.0281329
-0.0259723
-0.0199563
-0.0018872
0.0315876
0.0726343
0.1062592
0.1221900
0.1230878
0.1204167
0.1221068
0.1252027
0.1212023
0.1072401
0.0895036
0.0748793
0.0616626
0.0418109
0.0127365
-0.0163841
-0.0332283
-0.0366303
-0.0386562
-0.0503363
-0.0676636
-0.0758006
-0.0675223
-0.0529574
-0.0470419
-0.0496790
-0.0455966
-0.0276802
-0.0148106
-0.0353573
-0.0865874
-0.1147799
-0.0461483
0.1549273
0.4570463
0.7907008
1.1020363
1.3734062
1.5936781
1.7218098
1.6965287
1.4908585
1.1545243
0.7944321
0.5063866
0.3203941
0.2051574
0.1167025
0.0382776
-0.0210007
-0.0532260
-0.0677455
-0.0814153
-0.1006472
-0.1181168
-0.1253039
-0.1235010
-0.1210298
-0.1227069
-0.1255391
-0.1248529
-0.1218662
-0.1229670
-0.1318326
-0.1440759
-0.1508473
-0.1475403
-0.1382955
-0.1317565
-0.1327109
-0.1381774
-0.1415989
-0.1404088
-0.1388407
-0.1428941
-0.1528175
-0.1615279
-0.1613599
-0.1523611
-0.1430145
-0.1419674
-0.1492106
-0.1562213
-0.1551313
-0.1470742
-0.1405997
-0.1419255
-0.1478524
-0.1492071
-0.1409688
-0.1278993
-0.1196204
-0.1206405
-0.1259545
-0.1263870
-0.1175731
-0.1034640
-0.0917410
-0.0866159
-0.0858959
-0.0838576
-0.0760819
-0.0620289
-0.0444314
-0.0271300
-0.0129482
-0.0023310
0.0067198
0.0171314
0.0305741
0.0464323
0.0627503
0.0778882
0.0911382
0.1023058
0.1116351
0.1203210
0.1300047
0.1405412
0.1484814
0.1493983
0.1428927
0.1345491
0.1311097
0.1329966
0.1327588
0.1223402
0.1018094
0.0796930
0.0641845
0.0549703
0.0447649
0.0284939
0.0094985
-0.0040118
-0.0077708
-0.0056262
-0.0051928
-0.0106723
-0.0205757
-0.0314151
-0.0418071
-0.0522783
-0.0621616
-0.0684314
-0.0684152
-0.0632012
-0.0574993
-0.0557200
-0.0582872
-0.0619308
-0.0634314
-0.0628148
-0.0628860
-0.0659510
-0.0712603
-0.0755914
-0.0760946
-0.0725740
-0.0673678
-0.0633933
-0.0622135
-0.0633281
-0.0646007
-0.0633053
-0.0576279
-0.0483162
-0.0392145
-0.0352232
-0.0382733
-0.0447685
-0.0478910
-0.0436943
-0.0351133
-0.0290380
-0.0288668
-0.0307602
-0.0284359
-0.0213470
-0.0161786
-0.0189080
-0.0265046
-0.0290291
-0.0209867
-0.0089549
-0.0056985
-0.0164752
-0.0328269
-0.0410498
-0.0360444
-0.0256140
-0.0215132
-0.0278762
-0.0389208
-0.0463642
-0.0472014
-0.0444704
-0.0425412
-0.0431595
-0.0453971
-0.0477484
-0.0496315
-0.0516081
-0.0548591
-0.0601152
-0.0663941
-0.0708690
-0.0708398
-0.0664621
-0.0613191
-0.0596340
-0.0624749
-0.0666724
-0.0676921
-0.0639139
-0.0584017
-0.0564402
-0.0608135
-0.0689373
-0.0746557
-0.0735055
-0.0668005
-0.0605223
-0.0598107
-0.0643312
-0.0690696
-0.0695597
-0.0660642
-0.0626546
-0.0626892
-0.0656105
-0.0679496
-0.0668963
-0.0627815
-0.0585912
-0.0574327
-0.0600987
-0.0644556
-0.0671896
-0.0667699
-0.0650387
-0.0654508
-0.0692074
-0.0733505
-0.0734526
-0.0684616
-0.0622698
-0.0598381
-0.0620014
-0.0648975
-0.0646975
-0.0620429
-0.0609511
-0.0636382
-0.0676190
-0.0685918
-0.0655433
-0.0618824
-0.0613063
-0.0634403
-0.0644326
-0.0617181
-0.0573384
-0.0560305
-0.0602436
-0.0673948
-0.0719691
-0.0701475
-0.0627423
-0.0543585
-0.0498740
-0.0509178
-0.0548064
-0.0569500
-0.0552103
-0.0523961
-0.0538333
-0.0615623
-0.0710043
-0.0743635
-0.0680430
-0.0564776
-0.0481611
-0.0479650
-0.0536223
-0.0592701
-0.0613707
-0.0608663
-0.0606481
-0.0621977
-0.0645520
-0.0653067
-0.0621891
-0.0547916
-0.0459303
-0.0407348
-0.0426806
-0.0497920
-0.0557881
-0.0561728
-0.0529494
-0.0522459
-0.0571349
-0.0638744
-0.0659661
-0.0612515
-0.0539685
-0.0500234
-0.0514291
-0.0557396
-0.0597032
-0.0622002
-0.0640084
-0.0661521
-0.0687793
-0.0701414
-0.0654016
-0.0476411
-0.0131098
0.0325032
0.0740443
0.0961860
0.0952030
0.0818611
0.0716276
0.0712533
0.0748208
0.0723801
0.0609062
0.0455772
0.0313146
0.0160870
-0.0052673
-0.0318047
-0.0545739
-0.0658732
-0.0685497
-0.0728092
-0.0835190
-0.0941167
-0.0956070
-0.0888896
-0.0829120
-0.0802274
-0.0714496
-0.0510763
-0.0359657
-0.0555203
-0.1130269
-0.1591089
-0.1162570
0.0598397
0.3425978
0.6610114
0.9610721
1.2332352
1.4773872
1.6527652
1.6816901
1.5145437
1.1892668
0.8185657
0.5129806
0.3132060
0.1900303
0.0975958
0.0183453
-0.0386283
-0.0672962
-0.0803336
-0.0960659
-0.1189657
-0.1387937
-0.1465288
-0.1457876
-0.1474225
-0.1563745
-0.1668690
-0.1698687
-0.1629050
-0.1520566
-0.1458212
-0.1480899
-0.1561501
-0.1639400
-0.1670626
-0.1659099
-0.1648745
-0.1680898
-0.1749850
-0.1799594
-0.1773231
-0.1672101
-0.1563130
-0.1520986
-0.1560945
-0.1630733
-0.1667298
-0.1655931
-0.1631148
-0.1626868
-0.1637705
-0.1632884
-0.1598440
-0.1553006
-0.1521128
-0.1502879
-0.1479302
-0.1442604
-0.1407074
-0.1385052
-0.1362559
-0.1312083
-0.1229221
-0.1142803
-0.1078489
-0.1019596
-0.0921484
-0.0771241
-0.0618948
-0.0530460
-0.0507634
-0.0473294
-0.0350079
-0.0147953
0.0043739
0.0154703
0.0208812
0.0288821
0.0436625
0.0611294
0.0751842
0.0859450
0.0991463
0.1174697
0.1351025
0.1429508
0.1386453
0.1295670
0.1255651
0.1298007
0.1371231
0.1399640
0.1343828
0.1212045
0.1037944
0.0860497
0.0712035
0.0603056
0.0512615
0.0406062
0.0272323
0.0138308
0.0037061
-0.0034718
-0.0113758
-0.0220074
-0.0321580
-0.0363430
-0.0333525
-0.0287115
-0.0296688
-0.0378305
-0.0473443
-0.0506286
-0.0457760
-0.0382982
-0.0358199
-0.0411431
-0.0501379
-0.0558961
-0.0549186
-0.0498592
-0.0468105
-0.0497279
-0.0567548
-0.0616489
-0.0593687
-0.0510479
-0.0434379
-0.0425554
-0.0472775
-0.0498406
-0.0439153
-0.0324133
-0.0258926
-0.0316541
-0.0446199
-0.0508793
-0.0415931
-0.0226681
-0.0091135
-0.0096484
-0.0182333
-0.0215842
-0.0139173
-0.0025911
0.0008223
-0.0066742
-0.0167716
-0.0190255
-0.0111619
-0.0001373
0.0055056
0.0031611
-0.0031724
-0.0080132
-0.0095945
-0.0108625
-0.0160948
-0.0261372
-0.0363192
-0.0395267
-0.0326543
-0.0206507
-0.0133128
-0.0166670
-0.0270642
-0.0345886
-0.0332222
-0.0275215
-0.0282177
-0.0404774
-0.0569303
-0.0634890
-0.0529413
-0.0327849
-0.0190326
-0.0216707
-0.0359044
-0.0476306
-0.0474401
-0.0391079
-0.0344126
-0.0402121
-0.0514214
-0.0568687
-0.0512072
-0.0400155
-0.0331977
-0.0346184
-0.0393776
-0.0408862
-0.0388227
-0.0386809
-0.0439617
-0.0508004
-0.0517287
-0.0442176
-0.0339192
-0.0288202
-0.0310689
-0.0355547
-0.0362529
-0.0328192
-0.0304415
-0.0338808
-0.0424960
-0.0510263
-0.0544469
-0.0517162
-0.0455106
-0.0393897
-0.0354647
-0.0340103
-0.0344117
-0.0362818
-0.0398884
-0.0454324
-0.0515963
-0.0550290
-0.0523138
-0.0435125
-0.0337607
-0.0301166
-0.0353561
-0.0444803
-0.0483957
-0.0425081
-0.0320654
-0.0279556
-0.0359503
-0.0500101
-0.0573018
-0.0507774
-0.0366286
-0.0284493
-0.0336390
-0.0460997
-0.0529955
-0.0484097
-0.0392351
-0.0371162
-0.0455747
-0.0564762
-0.0591623
-0.0515199
-0.0409894
-0.0356737
-0.0365141
-0.0387966
-0.0394800
-0.0405562
-0.0447514
-0.0500013
-0.0505605
-0.0438831
-0.0346989
-0.0307510
-0.0346772
-0.0412287
-0.0429130
-0.0377828
-0.0312103
-0.0303620
-0.0373917
-0.0477124
-0.0541180
-0.0524552
-0.0442579
-0.0350212
-0.0299922
-0.0305377
-0.0335818
-0.0346974
-0.0325583
-0.0305676
-0.0334006
-0.0414117
-0.0490013
-0.0495541
-0.0423057
-0.0336760
-0.0311474
-0.0359508
-0.0424286
-0.0447752
-0.0436177
-0.0448834
-0.0520623
-0.0608472
-0.0629356
-0.0553326
-0.0444728
-0.0394881
-0.0411546
-0.0388990
-0.0204387
0.0151046
0.0544579
0.0813159
0.0900759
0.0881564
0.0856701
0.0851253
0.0824855
0.0760732
0.0700050
0.0667778
0.0594191
0.0363556
-0.0035743
-0.0439746
-0.0637210
-0.0585616
-0.0469350
-0.0509145
-0.0722023
-0.0909950
-0.0899419
-0.0749275
-0.0669151
-0.0743186
-0.0812306
-0.0690584
-0.0460536
-0.0440388
-0.0779374
-0.1118957
-0.0759445
0.0771827
0.3332412
0.6361636
0.9405287
1.2339937
1.5051113
1.7015841
1.7407377
1.5746711
1.2450723
0.8665632
0.5500294
0.3375168
0.2032036
0.1046711
0.0249564
-0.0296507
-0.0565796
-0.0692002
-0.0834852
-0.1020797
-0.1169202
-0.1238687
-0.1285601
-0.1374543
-0.1484071
-0.1538601
-0.1513200
-0.1464233
-0.1451668
-0.1468713
-0.1474346
-0.1471738
-0.1510181
-0.1601965
-0.1676151
-0.1649903
-0.1535265
-0.1438530
-0.1441229
-0.1507243
-0.1533699
-0.1483388
-0.1432222
-0.1470649
-0.1581610
-0.1648834
-0.1588652
-0.1446695
-0.1345021
-0.1346685
-0.1398272
-0.1408764
-0.1360111
-0.1317990
-0.1339665
-0.1396149
-0.1400793
-0.1308036
-0.1167610
-0.1074364
-0.1071720
-0.1114027
-0.1122940
-0.1069778
-0.0993862
-0.0943445
-0.0911196
-0.0838413
-0.0684039
-0.0482050
-0.0320416
-0.0257308
-0.0259768
-0.0230813
-0.0099710
0.0115907
0.0336106
0.0499744
0.0614731
0.0732203
0.0881991
0.1041377
0.1165065
0.1236190
0.1280520
0.1333140
0.1400711
0.1460974
0.1491929
0.1490385
0.1461359
0.1401085
0.1301277
0.1168220
0.1027003
0.0900493
0.0788177
0.0673417
0.0551551
0.0441269
0.0360560
0.0297057
0.0216332
0.0104708
-0.0007059
-0.0075185
-0.0095206
-0.0109371
-0.0156404
-0.0224246
-0.0265177
-0.0255921
-0.0228635
-0.0234105
-0.0282943
-0.0337890
-0.0364784
-0.0374243
-0.0399489
-0.0442064
-0.0461710
-0.0428115
-0.0367175
-0.0337481
-0.0362095
-0.0400482
-0.0397698
-0.0351895
-0.0316467
-0.0331897
-0.0370350
-0.0365275
-0.0296232
-0.0226184
-0.0237502
-0.0333157
-0.0418945
-0.0396415
-0.0269491
-0.0146647
-0.0132237
-0.0221663
-0.0311052
-0.0307351
-0.0217783
-0.0127012
-0.0099232
-0.0120226
-0.0135015
-0.0120814
-0.0104960
-0.0118405
-0.0154026
-0.0179787
-0.0179364
-0.0163950
-0.0147709
-0.0130193
-0.0112530
-0.0118291
-0.0177207
-0.0282212
-0.0376456
-0.0397913
-0.0337099
-0.0243542
-0.0177525
-0.0165426
-0.0201281
-0.0272767
-0.0366846
-0.0453487
-0.0486840
-0.0441833
-0.0349337
-0.0281156
-0.0289239
-0.0359801
-0.0431849
-0.0459413
-0.0449426
-0.0438810
-0.0445348
-0.0451478
-0.0434008
-0.0397810
-0.0372293
-0.0377093
-0.0398630
-0.0405435
-0.0386343
-0.0368999
-0.0394837
-0.0473073
-0.0561574
-0.0597285
-0.0548992
-0.0443739
-0.0345526
-0.0308932
-0.0347324
-0.0435178
-0.0531822
-0.0601507
-0.0620093
-0.0579020
-0.0495002
-0.0412945
-0.0383843
-0.0425319
-0.0500569
-0.0542837
-0.0510489
-0.0425173
-0.0356321
-0.0361825
-0.0436706
-0.0518276
-0.0544208
-0.0506647
-0.0449161
-0.0414891
-0.0406351
-0.0399984
-0.0391837
-0.0412914
-0.0489323
-0.0592526
-0.0646123
-0.0595712
-0.0470442
-0.0363059
-0.0342066
-0.0388600
-0.0426266
-0.0409274
-0.0371401
-0.0384583
-0.0474497
-0.0583397
-0.0619005
-0.0541377
-0.0403451
-0.0306626
-0.0313488
-0.0398323
-0.0478170
-0.0491775
-0.0452093
-0.0425389
-0.0459488
-0.0532540
-0.0574581
-0.0540436
-0.0456613
-0.0391278
-0.0381612
-0.0400431
-0.0397082
-0.0361695
-0.0337770
-0.0370195
-0.0449366
-0.0515025
-0.0516205
-0.0461979
-0.0408708
-0.0400100
-0.0426867
-0.0446742
-0.0435962
-0.0412078
-0.0406959
-0.0426668
-0.0445299
-0.0437261
-0.0408484
-0.0389547
-0.0398759
-0.0420040
-0.0424307
-0.0409561
-0.0408976
-0.0453397
-0.0530568
-0.0588759
-0.0582277
-0.0511863
-0.0421046
-0.0353400
-0.0309127
-0.0238126
-0.0077774
0.0191167
0.0514849
0.0792462
0.0944947
0.0971897
0.0943297
0.0929353
0.0936865
0.0917976
0.0835060
0.0697980
0.0530640
0.0326136
0.0068968
-0.0201190
-0.0391567
-0.0454722
-0.0463756
-0.0540715
-0.0700758
-0.0816264
-0.0778553
-0.0662474
-0.0649251
-0.0765568
-0.0792597
-0.0544950
-0.0219466
-0.0302773
-0.0987225
-0.1707082
-0.1420828
0.0518185
0.3778625
0.7386542
1.0605728
1.3377422
1.5862096
1.7703339
1.7987130
1.6059539
1.2332642
0.8163493
0.4881982
0.2925094
0.1845914
0.1011248
0.0188578
-0.0469265
-0.0809760
-0.0911802
-0.0971367
-0.1084959
-0.1207688
-0.1275401
-0.1295728
-0.1316858
-0.1361690
-0.1422124
-0.1488892
-0.1550890
-0.1576123
-0.1532898
-0.1442110
-0.1381457
-0.1412653
-0.1511558
-0.1591581
-0.1598018
-0.1560430
-0.1541700
-0.1552544
-0.1542854
-0.1479995
-0.1407790
-0.1401200
-0.1468333
-0.1527251
-0.1497152
-0.1399284
-0.1343824
-0.1410086
-0.1551954
-0.1635077
-0.1569548
-0.1400166
-0.1262258
-0.1251294
-0.1339355
-0.1415069
-0.1394390
-0.1288405
-0.1174274
-0.1114978
-0.1108383
-0.1101994
-0.1047835
-0.0945286
-0.0837014
-0.0765227
-0.0730362
-0.0691963
-0.0610647
-0.0488415
-0.0364380
-0.0267657
-0.0177248
-0.0038532
0.0172998
0.0410627
0.0593174
0.0686724
0.0738226
0.0818688
0.0941632
0.1053652
0.1106731
0.1122873
0.1170886
0.1280502
0.1395560
0.1425724
0.1342081
0.1207687
0.1106643
0.1052556
0.0980384
0.0827537
0.0609659
0.0408968
0.0293156
0.0252295
0.0213902
0.0115085
-0.0040676
-0.0194124
-0.0292747
-0.0340319
-0.0385008
-0.0462460
-0.0555459
-0.0612077
-0.0602925
-0.0557145
-0.0536264
-0.0569863
-0.0624215
-0.0645827
-0.0634136
-0.0651978
-0.0748745
-0.0882022
-0.0939449
-0.0851093
-0.0671619
-0.0536203
-0.0531177
-0.0615714
-0.0676044
-0.0648544
-0.0575409
-0.0539274
-0.0563187
-0.0592958
-0.0569743
-0.0495013
-0.0415457
-0.0362895
-0.0329462
-0.0297566
-0.0272373
-0.0271978
-0.0293434
-0.0304445
-0.0275199
-0.0211837
-0.0150449
-0.0119998
-0.0118922
-0.0127131
-0.0129713
-0.0124614
-0.0119025
-0.0129244
-0.0175419
-0.0258439
-0.0340242
-0.0364632
-0.0312240
-0.0231099
-0.0199209
-0.0250336
-0.0341912
-0.0403296
-0.0413151
-0.0417640
-0.0466755
-0.0544623
-0.0580991
-0.0533853
-0.0444759
-0.0399732
-0.0440314
-0.0524559
-0.0577239
-0.0570243
-0.0546060
-0.0561646
-0.0616132
-0.0645134
-0.0592972
-0.0484378
-0.0411478
-0.0443661
-0.0555494
-0.0650743
-0.0658852
-0.0604844
-0.0580419
-0.0643942
-0.0751722
-0.0795750
-0.0713717
-0.0557411
-0.0446736
-0.0457395
-0.0556812
-0.0646450
-0.0659792
-0.0617831
-0.0593362
-0.0625595
-0.0674664
-0.0665768
-0.0577379
-0.0474870
-0.0446646
-0.0509999
-0.0592331
-0.0611781
-0.0569596
-0.0549201
-0.0616510
-0.0729756
-0.0768225
-0.0661441
-0.0477585
-0.0363318
-0.0394701
-0.0505459
-0.0570499
-0.0543570
-0.0492933
-0.0505395
-0.0579347
-0.0630326
-0.0596195
-0.0513946
-0.0476370
-0.0521313
-0.0588192
-0.0594452
-0.0537180
-0.0495832
-0.0535204
-0.0626072
-0.0673743
-0.0618453
-0.0497902
-0.0410520
-0.0421619
-0.0506637
-0.0583027
-0.0592838
-0.0552176
-0.0524327
-0.0550917
-0.0609354
-0.0633531
-0.0578657
-0.0472649
-0.0400421
-0.0424411
-0.0517612
-0.0588222
-0.0578140
-0.0524803
-0.0511439
-0.0563284
-0.0614393
-0.0586302
-0.0486095
-0.0405736
-0.0418521
-0.0492565
-0.0528220
-0.0480599
-0.0419409
-0.0447680
-0.0573374
-0.0688568
-0.0682233
-0.0556798
-0.0422506
-0.0386135
-0.0457682
-0.0563740
-0.0637369
-0.0680109
-0.0732002
-0.0792634
-0.0791817
-0.0648283
-0.0351106
0.0023859
0.0372585
0.0630857
0.0792203
0.0877024
0.0897758
0.0858134
0.0780710
0.0717493
0.0711084
0.0737172
0.0699421
0.0503642
0.0151790
-0.0234915
-0.0497793
-0.0569565
-0.0538079
-0.0568830
-0.0737604
-0.0940300
-0.0998456
-0.0865962
-0.0696740
-0.0667926
-0.0752744
-0.0739317
-0.0521751
-0.0323783
-0.0510838
-0.1097383
-0.1490625
-0.0862095
0.1139817
0.4077583
0.7172635
1.0016047
1.2719534
1.5336692
1.7279381
1.7520903
1.5497424
1.1786176
0.7809254
0.4809693
0.3075684
0.2074816
0.1201839
0.0313246
-0.0379491
-0.0736844
-0.0885023
-0.1038219
-0.1258535
-0.1444497
-0.1504305
-0.1474951
-0.1466873
-0.1534095
-0.1629451
-0.1676935
-0.1658249
-0.1619655
-0.1615272
-0.1661209
-0.1732037
-0.1780871
-0.1769442
-0.1702122
-0.1632836
-0.1619548
-0.1665774
-0.1720025
-0.1736923
-0.1725300
-0.1728143
-0.1764113
-0.1799867
-0.1783266
-0.1703161
-0.1611085
-0.1573866
-0.1603367
-0.1645630
-0.1645547
-0.1608576
-0.1585952
-0.1607389
-0.1642452
-0.1628578
-0.1533713
-0.1395452
-0.1296359
-0.1286387
-0.1325949
-0.1321435
-0.1224850
-0.1083752
-0.0982976
-0.0950900
-0.0936869
-0.0872688
-0.0741758
-0.0585947
-0.0450518
-0.0331019
-0.0188014
-0.0016477
0.0125780
0.0186590
0.0203423
0.0280806
0.0474558
0.0723598
0.0911229
0.0982449
0.0992087
0.1042149
0.1173257
0.1317536
0.1369197
0.1305404
0.1216349
0.1200105
0.1248680
0.1263403
0.1169385
0.0987193
0.0796937
0.0655330
0.0550200
0.0426716
0.0260473
0.0100828
0.0020486
0.0021336
0.0024111
-0.0035473
-0.0135100
-0.0211164
-0.0243314
-0.0265281
-0.0312316
-0.0381760
-0.0434063
-0.0426003
-0.0362189
-0.0309745
-0.0327809
-0.0387841
-0.0411723
-0.0387444
-0.0386422
-0.0455486
-0.0553265
-0.0610892
-0.0597981
-0.0517052
-0.0399335
-0.0318242
-0.0329994
-0.0384733
-0.0383843
-0.0344494
-0.0397233
-0.0576345
