-0.0188122
-0.0011244
-0.0508568
-0.0852299
-0.0783292
-0.0662723
-0.0681023
-0.0691686
-0.0685620
-0.0820425
-0.1009001
-0.0974158
-0.0709207
-0.0469379
-0.0300430
0.0074800
0.0905767
0.2251316
0.4124673
0.6468642
0.8943163
1.0974309
1.2072928
1.2023879
1.0896115
0.9078078
0.7208513
0.5813803
0.4976965
0.4451491
0.4010576
0.3560818
0.3042305
0.2423109
0.1761029
0.1134478
0.0544399
-0.0028152
-0.0536684
-0.0932648
-0.1246318
-0.1528255
-0.1781362
-0.2008478
-0.2237123
-0.2435847
-0.2499689
-0.2385950
-0.2186558
-0.2016099
-0.1904908
-0.1832875
-0.1774195
-0.1673447
-0.1476242
-0.1231015
-0.1077912
-0.1090824
-0.1190544
-0.1239911
-0.1174606
-0.1040462
-0.0958165
-0.1031476
-0.1216856
-0.1307869
-0.1141495
-0.0817437
-0.0632490
-0.0790928
-0.1228767
-0.1696807
-0.1952405
-0.1905046
-0.1667493
-0.1473649
-0.1490187
-0.1695411
-0.1948386
-0.2134933
-0.2226259
-0.2264231
-0.2342863
-0.2546025
-0.2836945
-0.3047966
-0.3040662
-0.2852872
-0.2644930
-0.2525896
-0.2469000
-0.2379975
-0.2226543
-0.2108244
-0.2177089
-0.2441615
-0.2673490
-0.2597255
-0.2193714
-0.1747990
-0.1573645
-0.1742647
-0.2090630
-0.2398241
-0.2512027
-0.2346192
-0.1863441
-0.1109912
-0.0278072
0.0310651
0.0386475
-0.0035202
-0.0634818
-0.1067269
-0.1251098
-0.1351093
-0.1523852
-0.1754952
-0.1927130
-0.1966847
-0.1902811
-0.1825004
-0.1808413
-0.1861790
-0.1941236
-0.2003362
-0.2022386
-0.1966552
-0.1813092
-0.1603947
-0.1433687
-0.1348579
-0.1297141
-0.1215603
-0.1132693
-0.1156714
-0.1373242
-0.1766703
-0.2217664
-0.2569711
-0.2732456
-0.2736179
-0.2669011
-0.2566952
-0.2399479
-0.2157466
-0.1906337
-0.1734581
-0.1674569
-0.1677706
-0.1644044
-0.1484873
-0.1196527
-0.0886118
-0.0707346
-0.0761759
-0.1048208
-0.1463127
-0.1827013
-0.1965869
-0.1839844
-0.1592229
-0.1426812
-0.1428036
-0.1517568
-0.1567294
-0.1516631
-0.1384550
-0.1210413
-0.1015472
-0.0828431
-0.0728770
-0.0809618
-0.1046242
-0.1229624
-0.1125857
-0.0749141
-0.0427260
-0.0534271
-0.1151876
-0.2001331
-0.2685274
-0.2983754
-0.2950154
-0.2770008
-0.2555223
-0.2284603
-0.1929185
-0.1583102
-0.1422511
-0.1542426
-0.1862698
-0.2174157
-0.2229663
-0.1801691
-0.0729082
0.1022580
0.3316775
0.5844692
0.8168342
0.9817256
1.0431333
0.9886647
0.8338339
0.6175822
0.3909713
0.1998611
0.0675007
-0.0105892
-0.0545354
-0.0823046
-0.1010789
-0.1100933
-0.1075023
-0.0954583
-0.0809090
-0.0710213
-0.0669874
-0.0638056
-0.0571957
-0.0492251
-0.0460797
-0.0514821
-0.0629367
-0.0735437
-0.0778445
-0.0772629
-0.0787347
-0.0856424
-0.0915247
-0.0869455
-0.0730355
-0.0640246
-0.0735897
-0.0999340
-0.1259954
-0.1344559
-0.1228816
-0.1048012
-0.0955536
-0.0970749
-0.0981700
-0.0895192
-0.0742612
-0.0610790
-0.0507656
-0.0355171
-0.0115282
0.0126090
0.0229010
0.0143385
-0.0030744
-0.0128952
-0.0067665
0.0099891
0.0271459
0.0414612
0.0569433
0.0750408
0.0902291
0.0975372
0.1004921
0.1078239
0.1234767
0.1423529
0.1554697
0.1578280
0.1515600
0.1424376
0.1337303
0.1239544
0.1105957
0.0941400
0.0769067
0.0598943
0.0436922
0.0313059
0.0261874
0.0267902
0.0260643
0.0180414
0.0037844
-0.0100647
-0.0181541
-0.0216816
-0.0268819
-0.0375923
-0.0494591
-0.0535524
-0.0467600
-0.0366518
-0.0343215
-0.0435495
-0.0579380
-0.0665448
-0.0603963
-0.0355761
0.0063439
0.0597266
0.1175678
0.1733430
0.2209828
0.2547923
0.2705104
0.2664719
0.2446764
0.2122764
0.1809531
0.1611329
0.1546030
0.1535340
0.1476584
0.1325870
0.1125651
0.0970627
0.0937455
0.1016528
0.1104664
0.1088357
0.0951558
0.0796341
0.0749682
0.0846499
0.0994782
0.1049223
0.0931871
0.0697532
0.0480901
0.0375575
0.0371791
0.0407671
0.0448244
0.0491304
0.0522700
0.0516312
0.0499562
0.0607091
0.1051281
0.2018950
0.3565021
0.5571923
0.7781884
0.9844538
1.1344453
1.1869269
1.1187519
0.9450284
0.7204449
0.5126456
0.3656658
0.2823185
0.2369446
0.2036083
0.1748175
0.1583871
0.1612933
0.1789680
0.1982906
0.2066979
0.1982765
0.1779930
0.1666984
0.1985592
0.3011572
0.4676505
0.6471913
0.7684566
0.7806953
0.6799860
0.5022489
0.2940460
0.0889560
-0.0937100
-0.2372338
-0.3242748
-0.3481705
-0.3229129
-0.2762758
-0.2312450
-0.1941667
-0.1593733
-0.1231224
-0.0927258
-0.0827474
-0.1018341
-0.1422839
-0.1823252
-0.1991427
-0.1815364
-0.1343720
-0.0755993
-0.0288961
-0.0129104
-0.0303802
-0.0648637
-0.0900314
-0.0866156
-0.0549826
-0.0134578
0.0171211
0.0301324
0.0358046
0.0472347
0.0649410
0.0767439
0.0721492
0.0547283
0.0398308
0.0408297
0.0569381
0.0729820
0.0714914
0.0472465
0.0115567
-0.0175221
-0.0295016
-0.0273652
-0.0217469
-0.0209759
-0.0262406
-0.0346576
-0.0451983
-0.0595764
-0.0761828
-0.0853107
-0.0749056
-0.0433501
-0.0048942
0.0197314
0.0184154
-0.0055314
-0.0381610
-0.0641671
-0.0741014
-0.0683184
-0.0577668
-0.0596942
-0.0869915
-0.1359946
-0.1838949
-0.2031956
-0.1845696
-0.1469037
-0.1228770
-0.1333241
-0.1747777
-0.2286518
-0.2782911
-0.3171297
-0.3453742
-0.3636532
-0.3705190
-0.3638989
-0.3433520
-0.3112340
-0.2728224
-0.2351899
-0.2037238
-0.1777800
-0.1511076
-0.1195490
-0.0876230
-0.0623654
-0.0373642
0.0138745
0.1221813
0.2958562
0.5071642
0.7036181
0.8330992
0.8642975
0.7939578
0.6444071
0.4564283
0.2770205
0.1413095
0.0569596
0.0051098
-0.0396333
-0.0873817
-0.1296069
-0.1542949
-0.1604651
-0.1575129
-0.1544329
-0.1532391
-0.1521024
-0.1513703
-0.1539561
-0.1599928
-0.1635460
-0.1574281
-0.1420461
-0.1277551
-0.1266118
-0.1416199
-0.1642385
-0.1815669
-0.1855858
-0.1769854
-0.1619217
-0.1453528
-0.1271389
-0.1047984
-0.0796598
-0.0585681
-0.0485163
-0.0506827
-0.0608803
-0.0749144
-0.0917807
-0.1114758
-0.1311365
-0.1449829
-0.1489925
-0.1450837
-0.1385899
-0.1302882
-0.1130475
-0.0803647
-0.0394489
-0.0127085
-0.0218624
-0.0679039
-0.1261837
-0.1625694
-0.1577147
-0.1192264
-0.0721069
-0.0373722
-0.0189633
-0.0089633
-0.0014478
0.0015657
-0.0036831
-0.0144927
-0.0215717
-0.0163004
0.0025237
0.0281910
0.0509982
0.0635986
0.0630756
0.0503883
0.0295595
0.0064040
-0.0145740
-0.0328123
-0.0496501
-0.0631659
-0.0672616
-0.0577285
-0.0381033
-0.0175417
-0.0030772
0.0047235
0.0090113
0.0120811
0.0150319
0.0204425
0.0318488
0.0484466
0.0623812
0.0658050
0.0619513
0.0649708
0.0842985
0.1107701
0.1239018
0.1149908
0.0992799
0.1018355
0.1334329
0.1852042
0.2483809
0.3350273
0.4731308
0.6778960
0.9280537
1.1707950
1.3486265
1.4224161
1.3774168
1.2219542
0.9897382
0.7385267
0.5313026
0.4047518
0.3499436
0.3239986
0.2838734
0.2140002
0.1278777
0.0493297
-0.0050460
-0.0292357
-0.0234708
0.0056091
0.0411333
0.0601355
0.0485893
0.0135170
-0.0225986
-0.0416850
-0.0447892
-0.0468728
-0.0575142
-0.0682927
-0.0610622
-0.0290074
0.0122259
0.0359931
0.0272976
-0.0056761
-0.0402112
-0.0570530
-0.0517061
-0.0330361
-0.0140893
-0.0029768
0.0011992
0.0062629
0.0204816
0.0453165
0.0720919
0.0862425
0.0777548
0.0498848
0.0180145
-0.0006813
0.0024727
0.0249031
0.0567197
0.0864825
0.1061160
0.1136741
0.1119742
0.1036840
0.0884325
0.0666136
0.0459580
0.0410107
0.0617725
0.1010798
0.1355358
0.1431061
0.1218567
0.0902829
0.0684350
0.0606842
0.0584323
0.0561541
0.0583732
0.0687967
0.0774793
0.0653762
0.0240051
-0.0314975
-0.0717432
-0.0767753
-0.0510073
-0.0162395
0.0076112
0.0143038
0.0079749
-0.0055169
-0.0212579
-0.0328404
-0.0328829
-0.0184743
0.0047896
0.0254844
0.0336236
0.0261902
0.0070892
-0.0169779
-0.0402061
-0.0582665
-0.0674476
-0.0654236
-0.0534183
-0.0366875
-0.0221573
-0.0154705
-0.0195182
-0.0341351
-0.0562216
-0.0806717
-0.1022058
-0.1171140
-0.1241265
-0.1243587
-0.1202505
-0.1138538
-0.1059732
-0.0970108
-0.0878315
-0.0787770
-0.0682811
-0.0541950
-0.0375109
-0.0240607
-0.0208245
-0.0290367
-0.0406284
-0.0429770
-0.0293166
-0.0046014
0.0214407
0.0491976
0.0958855
0.1836527
0.3178838
0.4764189
0.6209307
0.7203501
0.7651046
0.7612570
0.7146008
0.6242582
0.4925901
0.3374418
0.1888834
0.0711561
-0.0112434
-0.0692080
-0.1134468
-0.1458482
-0.1649502
-0.1750711
-0.1856364
-0.2008417
-0.2128833
-0.2089070
-0.1858597
-0.1572132
-0.1435640
-0.1562593
-0.1897017
-0.2278327
-0.2568784
-0.2734322
-0.2834404
-0.2948294
-0.3099003
-0.3232113
-0.3265479
-0.3166446
-0.2986998
-0.2824620
-0.2743472
-0.2725386
-0.2693500
-0.2584088
-0.2394539
-0.2162741
-0.1914079
-0.1647713
-0.1368889
-0.1092780
-0.0770367
-0.0204263
0.0914032
0.2799652
0.5321980
0.7910576
0.9740843
1.0118026
0.8820780
0.6191083
0.2941666
-0.0170204
-0.2615229
-0.4205198
-0.5044029
-0.5381711
-0.5462596
-0.5440095
-0.5372040
-0.5259170
-0.5083555
-0.4831385
-0.4506506
-0.4141625
-0.3802403
-0.3571143
-0.3508219
-0.3618704
-0.3860154
-0.4186512
-0.4575623
-0.5004090
-0.5402677
-0.5658374
-0.5680011
-0.5471690
-0.5143732
-0.4844839
-0.4667349
-0.4600390
-0.4563316
-0.4481793
-0.4338878
-0.4169064
-0.4016999
-0.3899773
-0.3796543
-0.3671753
-0.3517985
-0.3378183
-0.3309833
-0.3309734
-0.3276074
-0.3067726
-0.2630874
-0.2086262
-0.1684085
-0.1635705
-0.1943331
-0.2370697
-0.2593454
-0.2419938
-0.1917503
-0.1362583
-0.1064826
-0.1184781
-0.1646532
-0.2184928
-0.2499219
-0.2428818
-0.2045899
-0.1597918
-0.1327434
-0.1296185
-0.1359032
-0.1319104
-0.1123809
-0.0909329
-0.0852495
-0.0993696
-0.1218547
-0.1399686
-0.1523852
-0.1664859
-0.1854185
-0.2016643
-0.2050188
-0.1950119
-0.1824297
-0.1780855
-0.1826320
-0.1894121
-0.1955154
-0.2061190
-0.2265935
-0.2529903
-0.2736110
-0.2804682
-0.2772179
-0.2738855
-0.2735959
-0.2659803
-0.2357133
-0.1788489
-0.1105762
-0.0556545
-0.0296707
-0.0282075
-0.0334386
-0.0317128
-0.0261906
-0.0331944
-0.0654464
-0.1177276
-0.1691354
-0.2005678
-0.2105557
-0.2135565
-0.2224455
-0.2331818
-0.2275988
-0.1921075
-0.1341788
-0.0804572
-0.0580594
-0.0761520
-0.1228466
-0.1763849
-0.2178756
-0.2367298
-0.2308628
-0.2067899
-0.1787125
-0.1623035
-0.1645606
-0.1782095
-0.1871847
-0.1792958
-0.1545880
-0.1220938
-0.0896530
-0.0580428
-0.0244941
0.0103645
0.0406756
0.0596068
0.0639848
0.0554849
0.0398370
0.0260244
0.0241617
0.0404750
0.0720142
0.1065589
0.1298467
0.1352566
0.1277182
0.1181999
0.1138147
0.1125640
0.1069015
0.0920109
0.0712201
0.0541968
0.0492563
0.0553304
0.0601544
0.0476293
0.0099581
-0.0450056
-0.0976517
-0.1288439
-0.1309175
-0.1098506
-0.0787236
-0.0486777
-0.0236779
-0.0010122
0.0245199
0.0555233
0.0882586
0.1132162
0.1227816
0.1233494
0.1415970
0.2148486
0.3676199
0.5902158
0.8361225
1.0409634
1.1500457
1.1379132
1.0127263
0.8093483
0.5774194
0.3664636
0.2094137
0.1118297
0.0563061
0.0211864
-0.0018929
-0.0076910
0.0069909
0.0300469
0.0388015
0.0185029
-0.0247472
-0.0699979
-0.0998425
-0.1126642
-0.1184151
-0.1255079
-0.1336085
-0.1374304
-0.1338235
-0.1235296
-0.1081667
-0.0888982
-0.0692208
-0.0571725
-0.0616570
-0.0844507
-0.1158919
-0.1403585
-0.1481140
-0.1426308
-0.1360591
-0.1373530
-0.1448657
-0.1497582
-0.1448682
-0.1292989
-0.1061517
-0.0796718
-0.0569579
-0.0497544
-0.0677367
-0.1050798
-0.1360274
-0.1317653
-0.0874954
-0.0310623
0.0013189
0.0009228
-0.0041649
0.0211776
0.0802158
0.1378764
0.1540612
0.1215545
0.0696927
0.0333890
0.0231675
0.0257603
0.0273915
0.0289672
0.0382217
0.0541715
0.0658128
0.0656048
0.0592045
0.0590855
0.0701074
0.0835501
0.0849009
0.0660971
0.0313525
-0.0054168
-0.0275636
-0.0242758
0.0013713
0.0307503
0.0402654
0.0195586
-0.0184344
-0.0468656
-0.0462011
-0.0174767
0.0230564
0.0590160
0.0827176
0.0929167
0.0898119
0.0750679
0.0542187
0.0345066
0.0186700
0.0028873
-0.0169574
-0.0376045
-0.0491503
-0.0441327
-0.0250569
-0.0029495
0.0100469
0.0064607
-0.0148812
-0.0486242
-0.0829669
-0.1029556
-0.0982159
-0.0700754
-0.0309266
0.0049915
0.0318004
0.0545026
0.0825193
0.1205461
0.1636242
0.1986549
0.2108843
0.1926698
0.1502191
0.1025882
0.0710192
0.0656407
0.0814213
0.1081191
0.1450965
0.2058290
0.3061864
0.4462770
0.6018987
0.7325702
0.7989060
0.7771414
0.6653894
0.4840327
0.2724448
0.0798197
-0.0509792
-0.1000748
-0.0769413
-0.0117136
0.0620456
0.1212264
0.1568221
0.1696625
0.1648501
0.1485801
0.1263707
0.1011986
0.0728540
0.0405779
0.0076715
-0.0164432
-0.0196292
0.0062273
0.0602730
0.1326709
0.2083274
0.2711460
0.3074484
0.3099255
0.2829123
0.2459079
0.2301737
0.2670381
0.3731721
0.5404887
0.7345951
0.9014664
0.9816771
0.9315463
0.7453045
0.4650065
0.1664917
-0.0749502
-0.2179981
-0.2653007
-0.2467024
-0.1940623
-0.1285993
-0.0642512
-0.0140645
0.0113927
0.0103792
-0.0089277
-0.0348186
-0.0583675
-0.0738447
-0.0769157
-0.0671996
-0.0534515
-0.0519653
-0.0742313
-0.1138935
-0.1481185
-0.1557539
-0.1365229
-0.1124984
-0.1097586
-0.1371804
-0.1811237
-0.2186421
-0.2353371
-0.2327349
-0.2224843
-0.2161783
-0.2196434
-0.2325990
-0.2496771
-0.2613952
-0.2574584
-0.2327346
-0.1910668
-0.1423153
-0.0951166
-0.0529633
-0.0169342
0.0103078
0.0261576
0.0338573
0.0434413
0.0631879
0.0892419
0.1059913
0.0995044
0.0716155
0.0403786
0.0262769
0.0374411
0.0663875
0.0981851
0.1204464
0.1276120
0.1199229
0.1012797
0.0779176
0.0569519
0.0442171
0.0425065
0.0511446
0.0663643
0.0819216
0.0907949
0.0887500
0.0778947
0.0663776
0.0627539
0.0688270
0.0773587
0.0774462
0.0634246
0.0394221
0.0152142
-0.0027427
-0.0158831
-0.0282609
-0.0365613
-0.0273096
0.0125537
0.0798482
0.1501576
0.1912533
0.1848311
0.1378340
0.0745167
0.0183879
-0.0195965
-0.0398322
-0.0469198
-0.0461972
-0.0446852
-0.0502073
-0.0661923
-0.0877304
-0.1049418
-0.1114068
-0.1090087
-0.1044127
-0.1018482
-0.1004318
-0.0981070
-0.0963087
-0.0991217
-0.1077130
-0.1164715
-0.1153960
-0.0967615
-0.0603162
-0.0133342
0.0335279
0.0710759
0.0943689
0.1028772
0.0990536
0.0867468
0.0702472
0.0538523
0.0415500
0.0368271
0.0426894
0.0611668
0.0912968
0.1265983
0.1557251
0.1687657
0.1653511
0.1558977
0.1519771
0.1537788
0.1485029
0.1237601
0.0831414
0.0465886
0.0334221
0.0449483
0.0644848
0.0737884
0.0678096
0.0535905
0.0380315
0.0203414
-0.0032900
-0.0306728
-0.0519609
-0.0570582
-0.0438841
-0.0200806
0.0019752
0.0129296
0.0138699
0.0206903
0.0612508
0.1630093
0.3360742
0.5625819
0.8000117
0.9957869
1.1039638
1.0976601
0.9768663
0.7716177
0.5363635
0.3319754
0.2007767
0.1487225
0.1467586
0.1507172
0.1268639
0.0680536
-0.0069725
-0.0684510
-0.0950734
-0.0867927
-0.0633399
-0.0495028
-0.0578534
-0.0823141
-0.1071883
-0.1224166
-0.1303247
-0.1384102
-0.1475265
-0.1492984
-0.1358424
-0.1107559
-0.0885163
-0.0819452
-0.0905515
-0.1019294
-0.1046261
-0.0990101
-0.0954219
-0.1027459
-0.1200143
-0.1389356
-0.1527327
-0.1607243
-0.1645000
-0.1619246
-0.1474333
-0.1190354
-0.0838338
-0.0548166
-0.0411724
-0.0415920
-0.0468627
-0.0484038
-0.0440735
-0.0367255
-0.0290043
-0.0208056
-0.0114778
-0.0029853
0.0005475
-0.0031118
-0.0111380
-0.0170810
-0.0156810
-0.0064123
0.0072790
0.0217026
0.0358663
0.0510917
0.0676643
0.0812599
0.0827201
0.0631949
0.0224457
-0.0263142
-0.0614261
-0.0668772
-0.0454222
-0.0186099
-0.0113267
-0.0327308
-0.0700683
-0.1006398
-0.1104728
-0.1030270
-0.0923764
-0.0901451
-0.0987460
-0.1140714
-0.1309754
-0.1449380
-0.1507065
-0.1432080
-0.1223989
-0.0971915
-0.0826890
-0.0910980
-0.1230205
-0.1658493
-0.2004703
-0.2119214
-0.1976162
-0.1682357
-0.1405291
-0.1266313
-0.1275465
-0.1355540
-0.1427655
-0.1476020
-0.1532195
-0.1601811
-0.1619061
-0.1489296
-0.1186320
-0.0803147
-0.0491426
-0.0336511
-0.0286918
-0.0209091
-0.0015990
0.0254692
0.0485567
0.0595685
0.0603558
0.0572143
0.0504865
0.0324253
-0.0024831
-0.0456854
-0.0760050
-0.0758250
-0.0469213
-0.0097649
0.0134228
0.0150352
0.0024217
-0.0155009
-0.0387636
-0.0724208
-0.1145926
-0.1523220
-0.1712112
-0.1682670
-0.1540432
-0.1425933
-0.1400212
-0.1414363
-0.1362231
-0.1154804
-0.0773398
-0.0289892
0.0163118
0.0489501
0.0753256
0.1218444
0.2224173
0.3954145
0.6271902
0.8740922
1.0788308
1.1886964
1.1695296
1.0174548
0.7667455
0.4835193
0.2390227
0.0751693
-0.0118786
-0.0559856
-0.0875467
-0.1126280
-0.1208784
-0.1086302
-0.0902734
-0.0869296
-0.1067556
-0.1378559
-0.1587689
-0.1539811
-0.1212353
-0.0693944
-0.0136133
0.0284947
0.0418944
0.0214088
-0.0240097
-0.0763384
-0.1208151
-0.1547173
-0.1843512
-0.2144611
-0.2421870
-0.2615302
-0.2716911
-0.2787140
-0.2884908
-0.2994435
-0.3035333
-0.2949629
-0.2774503
-0.2620416
-0.2569018
-0.2588477
-0.2552376
-0.2352902
-0.2010705
-0.1682349
-0.1551073
-0.1686239
-0.1988263
-0.2266379
-0.2380470
-0.2323619
-0.2186068
-0.2056264
-0.1958954
-0.1869872
-0.1765569
-0.1651337
-0.1552532
-0.1491329
-0.1471417
-0.1476852
-0.1482319
-0.1469957
-0.1443004
-0.1422907
-0.1428363
-0.1458023
-0.1502060
-0.1573492
-0.1715393
-0.1960239
-0.2279057
-0.2580525
-0.2767025
-0.2793074
-0.2679241
-0.2490489
-0.2311593
-0.2225005
-0.2276978
-0.2443135
-0.2633534
-0.2753255
-0.2772557
-0.2737163
-0.2706211
-0.2686156
-0.2634363
-0.2522241
-0.2376529
-0.2250027
-0.2165141
-0.2103066
-0.2045882
-0.2012068
-0.2041005
-0.2147014
-0.2293566
-0.2409291
-0.2426090
-0.2310030
-0.2074089
-0.1776949
-0.1508458
-0.1356676
-0.1364989
-0.1507883
-0.1706740
-0.1872165
-0.1940759
-0.1893276
-0.1761097
-0.1616497
-0.1530683
-0.1514043
-0.1495230
-0.1378379
-0.1137566
-0.0852638
-0.0637354
-0.0524624
-0.0432921
-0.0262505
-0.0025278
0.0139770
0.0096231
-0.0148530
-0.0442173
-0.0623798
-0.0650585
-0.0594828
-0.0543101
-0.0522048
-0.0517936
-0.0538129
-0.0623980
-0.0798463
-0.1018110
-0.1193197
-0.1257909
-0.1221003
-0.1161041
-0.1185109
-0.1373926
-0.1719159
-0.2084604
-0.2257697
-0.2105352
-0.1720388
-0.1395535
-0.1397962
-0.1729594
-0.2112336
-0.2236776
-0.2040899
-0.1735307
-0.1542311
-0.1412744
-0.1004613
0.0064782
0.1936936
0.4419750
0.7081637
0.9390936
1.0825592
1.0996957
0.9817211
0.7614132
0.5046941
0.2810470
0.1313139
0.0557266
0.0275914
0.0168910
0.0046346
-0.0167944
-0.0485616
-0.0874724
-0.1259867
-0.1549400
-0.1694475
-0.1729464
-0.1746997
-0.1821444
-0.1948574
-0.2056344
-0.2072197
-0.1981125
-0.1829529
-0.1688660
-0.1617572
-0.1644892
-0.1763693
-0.1932783
-0.2087830
-0.2166773
-0.2142303
-0.2038978
-0.1913834
-0.1810061
-0.1727080
-0.1638700
-0.1536365
-0.1444186
-0.1388436
-0.1359952
-0.1314000
-0.1208320
-0.1041274
-0.0853934
-0.0692781
-0.0564862
-0.0427223
-0.0225815
0.0044498
0.0309984
0.0452929
0.0400633
0.0206362
0.0041991
0.0079165
0.0345976
0.0696347
0.0934873
0.0981628
0.0918366
0.0885664
0.0953958
0.1098704
0.1275448
0.1477935
0.1700465
0.1863842
0.1828817
0.1519630
0.1028914
0.0570518
0.0312099
0.0257060
0.0286173
0.0290795
0.0248272
0.0184275
0.0102426
-0.0020432
-0.0176261
-0.0295544
-0.0303235
-0.0206990
-0.0109400
-0.0114239
-0.0219442
-0.0309771
-0.0258588
-0.0043300
0.0223969
0.0371970
0.0296006
0.0043787
-0.0207152
-0.0274149
-0.0104235
0.0191425
0.0433466
0.0517235
0.0477311
0.0420031
0.0396119
0.0346741
0.0181663
-0.0095400
-0.0354449
-0.0438176
-0.0288380
0.0023787
0.0375670
0.0686722
0.0943134
0.1154930
0.1310933
0.1382318
0.1359671
0.1268657
0.1143040
0.0996745
0.0839531
0.0712964
0.0680467
0.0757781
0.0858018
0.0833683
0.0603530
0.0250344
-0.0021017
-0.0050867
0.0133292
0.0345698
0.0418534
0.0341771
0.0225066
0.0145923
0.0072628
-0.0055008
-0.0203306
-0.0245048
-0.0090366
0.0213233
0.0550201
0.0917266
0.1511745
0.2609238
0.4334926
0.6534087
0.8822155
1.0721976
1.1785539
1.1706992
1.0460495
0.8391527
0.6127224
0.4288038
0.3179109
0.2693197
0.2488765
0.2275684
0.1975849
0.1679458
0.1509191
0.1534021
0.1757177
0.2121091
0.2511516
0.2796675
0.2899964
0.2838143
0.2678249
0.2459805
0.2170098
0.1793308
0.1361646
0.0932140
0.0507974
0.0008340
-0.0648817
-0.1423206
-0.2129921
-0.2562291
-0.2643806
-0.2462857
-0.2173696
-0.1879073
-0.1606471
-0.1378200
-0.1279794
-0.1436997
-0.1908553
-0.2598457
-0.3285413
-0.3754931
-0.3919534
-0.3833729
-0.3617874
-0.3373750
-0.3148606
-0.2940649
-0.2712538
-0.2403449
-0.1960705
-0.1398271
-0.0835416
-0.0450242
-0.0357387
-0.0518415
-0.0781711
-0.1015829
-0.1200481
-0.1392595
-0.1621031
-0.1826705
-0.1904319
-0.1798320
-0.1558879
-0.1306479
-0.1141457
-0.1082826
-0.1083568
-0.1093724
-0.1109403
-0.1172012
-0.1323519
-0.1552741
-0.1781234
-0.1914471
-0.1919804
-0.1852053
-0.1796131
-0.1787587
-0.1793574
-0.1764215
-0.1690138
-0.1606922
-0.1551592
-0.1524336
-0.1492381
-0.1414920
-0.1244554
-0.0914231
-0.0375044
0.0304007
0.0892795
0.1145984
0.1080767
0.1124246
0.1915227
0.3849412
0.6725754
0.9801586
1.2220335
1.3459331
1.3464240
1.2463391
1.0736765
0.8560281
0.6267654
0.4231103
0.2708301
0.1711373
0.1051985
0.0524264
0.0046999
-0.0350418
-0.0637909
-0.0842523
-0.0995421
-0.1059706
-0.0956070
-0.0674027
-0.0340918
-0.0163804
-0.0295406
-0.0738389
-0.1349328
-0.1924560
-0.2311614
-0.2483464
-0.2531445
-0.2584732
-0.2718960
-0.2920265
-0.3120520
-0.3263466
-0.3341924
-0.3375933
-0.3361847
-0.3256485
-0.3020712
-0.2673726
-0.2298255
-0.1999331
-0.1862179
-0.1927430
-0.2168657
-0.2478014
-0.2696887
-0.2704041
-0.2510389
-0.2276782
-0.2210142
-0.2390574
-0.2669378
-0.2756122
-0.2456632
-0.1864609
-0.1323926
-0.1175003
-0.1491873
-0.2027442
-0.2407960
-0.2406643
-0.2064157
-0.1577694
-0.1109136
-0.0720556
-0.0462037
-0.0438306
-0.0721081
-0.1200962
-0.1590231
-0.1635815
-0.1350431
-0.1012964
-0.0910381
-0.1070030
-0.1256315
-0.1228966
-0.0979843
-0.0705463
-0.0580817
-0.0602166
-0.0642266
-0.0605756
-0.0500402
-0.0385676
-0.0300158
-0.0249987
-0.0235116
-0.0251741
-0.0272281
-0.0260746
-0.0231786
-0.0266728
-0.0420529
-0.0607487
-0.0632759
-0.0383672
0.0025905
0.0348480
0.0453866
0.0460205
0.0589498
0.0898351
0.1178583
0.1146172
0.0729320
0.0155925
-0.0248164
-0.0333371
-0.0197547
-0.0021434
0.0117107
0.0258922
0.0437693
0.0579609
0.0534507
0.0199947
-0.0376549
-0.1001100
-0.1438197
-0.1539467
-0.1315227
-0.0918117
-0.0556495
-0.0380641
-0.0404403
-0.0519393
-0.0592168
-0.0556821
-0.0427410
-0.0249179
-0.0060634
0.0106037
0.0217018
0.0247394
0.0200362
0.0114736
0.0051527
0.0063167
0.0163696
0.0323819
0.0494369
0.0637267
0.0746008
0.0850848
0.1001145
0.1222923
0.1481671
0.1690196
0.1756695
0.1629765
0.1320130
0.0910206
0.0541660
0.0351793
0.0382010
0.0544712
0.0698891
0.0772149
0.0811527
0.0914161
0.1110980
0.1329508
0.1482293
0.1581872
0.1736463
0.2015460
0.2342364
0.2551773
0.2549632
0.2394764
0.2221622
0.2103687
0.2000826
0.1826987
0.1557742
0.1274236
0.1108462
0.1144086
0.1356223
0.1623601
0.1788162
0.1731457
0.1446258
0.1058705
0.0756263
0.0658077
0.0742506
0.0897609
0.1028701
0.1108339
0.1139953
0.1109315
0.1001355
0.0868851
0.0851839
0.1070624
0.1465865
0.1782055
0.1792805
0.1595036
0.1663745
0.2557066
0.4498413
0.7178315
0.9911195
1.1985516
1.2938936
1.2630900
1.1192165
0.8979680
0.6533268
0.4432392
0.3056403
0.2423770
0.2260326
0.2227035
0.2103334
0.1822578
0.1422639
0.1000446
0.0674634
0.0524132
0.0525679
0.0561475
0.0520379
0.0404750
0.0316503
0.0318145
0.0331373
0.0219099
-0.0026157
-0.0218631
-0.0139211
0.0243347
0.0720107
0.1005903
0.0965686
0.0720443
0.0565450
0.0769208
0.1390782
0.2231022
0.2949518
0.3290960
0.3296069
0.3335936
0.3875457
0.5082954
0.6598658
0.7699803
0.7761019
0.6642570
0.4721001
0.2599144
0.0768977
-0.0531859
-0.1249857
-0.1400481
-0.1060386
-0.0431543
0.0182917
0.0543846
0.0631381
0.0615765
0.0664186
0.0778516
0.0819904
0.0684916
0.0448112
0.0312608
0.0402223
0.0612137
0.0695104
0.0504429
0.0133005
-0.0191837
-0.0323416
-0.0289128
-0.0195629
-0.0084737
0.0092575
0.0363936
0.0624975
0.0678549
0.0407305
-0.0099273
-0.0602324
-0.0893425
-0.0920789
-0.0775915
-0.0596485
-0.0473015
-0.0402961
-0.0307394
-0.0101620
0.0229909
0.0611227
0.0913683
0.1024220
0.0909548
0.0640625
0.0343863
0.0100620
-0.0115154
-0.0395709
-0.0797197
-0.1279599
-0.1743741
-0.2128568
-0.2474917
-0.2877893
-0.3352817
-0.3757111
-0.3885572
-0.3665320
-0.3242092
-0.2861479
-0.2673102
-0.2646147
-0.2642174
-0.2544639
-0.2330701
-0.2050733
-0.1764960
-0.1512217
-0.1328491
-0.1256442
-0.1302814
-0.1395670
-0.1418983
-0.1307037
-0.1102812
-0.0927208
-0.0892641
-0.1024848
-0.1242959
-0.1417480
-0.1464786
-0.1390347
-0.1246022
-0.1069665
-0.0879906
-0.0704116
-0.0578763
-0.0525345
-0.0546239
-0.0640746
-0.0803788
-0.0999689
-0.1144318
-0.1129848
-0.0897829
-0.0516209
-0.0173473
-0.0050946
-0.0171168
-0.0377728
-0.0472197
-0.0369805
-0.0141540
0.0056529
0.0088279
-0.0084749
-0.0386419
-0.0678252
-0.0841732
-0.0829973
-0.0670399
-0.0439786
-0.0223058
-0.0066808
0.0031608
0.0081416
0.0062344
-0.0044166
-0.0202030
-0.0339780
-0.0437067
-0.0570373
-0.0848760
-0.1292974
-0.1777219
-0.2108753
-0.2194092
-0.2127208
-0.2082552
-0.2115278
-0.2107996
-0.1937416
-0.1653240
-0.1446021
-0.1450688
-0.1621525
-0.1801349
-0.1875845
-0.1829996
-0.1652783
-0.1212887
-0.0272365
0.1340478
0.3560900
0.6073499
0.8419759
1.0101185
1.0670743
0.9893234
0.7923514
0.5308193
0.2732225
0.0689055
-0.0676209
-0.1481829
-0.1918530
-0.2128275
-0.2210454
-0.2268065
-0.2385147
-0.2558298
-0.2706307
-0.2779176
-0.2821602
-0.2895158
-0.2976386
-0.2988782
-0.2921521
-0.2854445
-0.2844669
-0.2823765
-0.2643801
-0.2236382
-0.1721733
-0.1341923
-0.1262616
-0.1438882
-0.1688133
-0.1878080
-0.2009241
-0.2129106
-0.2230556
-0.2261392
-0.2191368
-0.2035622
-0.1835290
-0.1642805
-0.1510778
-0.1466999
-0.1492357
-0.1522987
-0.1478794
-0.1316466
-0.1078101
-0.0868033
-0.0748842
-0.0672889
-0.0550755
-0.0375386
-0.0236121
-0.0207706
-0.0260114
-0.0289203
-0.0222056
-0.0093599
-0.0026957
-0.0119168
-0.0326218
-0.0476475
-0.0418885
-0.0151618
0.0192838
0.0452711
0.0516142
0.0353264
0.0028491
-0.0326679
-0.0591256
-0.0719243
-0.0736153
-0.0697086
-0.0651749
-0.0618427
-0.0577108
-0.0508222
-0.0440549
-0.0434857
-0.0522900
-0.0694914
-0.0937808
-0.1233261
-0.1510185
-0.1654883
-0.1605364
-0.1419077
-0.1231124
-0.1149769
-0.1180388
-0.1230496
-0.1202692
-0.1106997
-0.1063685
-0.1166557
-0.1364217
-0.1509815
-0.1509261
-0.1390903
-0.1258128
-0.1213476
-0.1301085
-0.1469068
-0.1593068
-0.1576350
-0.1432764
-0.1264027
-0.1175839
-0.1222304
-0.1389337
-0.1601899
-0.1773766
-0.1872707
-0.1916641
-0.1906346
-0.1809391
-0.1623531
-0.1405782
-0.1215336
-0.1067442
-0.0959475
-0.0898919
-0.0885779
-0.0903016
-0.0938083
-0.0984906
-0.1026299
-0.1050369
-0.1075100
-0.1112395
-0.1118351
-0.1029204
-0.0840295
-0.0605520
-0.0373714
-0.0173485
-0.0040469
-0.0000681
-0.0033718
-0.0096642
-0.0169541
-0.0239477
-0.0268020
-0.0223143
-0.0122690
-0.0008915
0.0093118
0.0163970
0.0181881
0.0164875
0.0178182
0.0262604
0.0393700
0.0531235
0.0650456
0.0703123
0.0625387
0.0429008
0.0219752
0.0078543
-0.0024969
-0.0169013
-0.0382075
-0.0629393
-0.0840744
-0.0938099
-0.0895378
-0.0780459
-0.0683307
-0.0610679
-0.0513308
-0.0390260
-0.0281243
-0.0174654
-0.0004275
0.0301834
0.0874994
0.1967652
0.3808151
0.6345045
0.9189823
1.1806622
1.3731699
1.4709347
1.4758807
1.4114496
1.3037828
1.1704301
1.0265527
0.8865626
0.7487775
0.5907763
0.3951198
0.1752113
-0.0319915
-0.1911311
-0.2821814
-0.3052474
-0.2840605
-0.2538563
-0.2349436
-0.2251150
-0.2191334
-0.2186054
-0.2183475
-0.2039654
-0.1723772
-0.1376650
-0.1110654
-0.0944666
-0.0960353
-0.1265501
-0.1749615
-0.2143751
-0.2373686
-0.2574543
-0.2743687
-0.2734188
-0.2617329
-0.2632324
-0.2725397
-0.2617778
-0.2401163
-0.2474262
-0.2714160
-0.2389299
-0.1267838
