0.0148450
0.0152882
0.0083389
0.0045804
0.0062892
0.0094218
0.0122230
0.0160353
0.0203306
0.0227745
0.0235090
0.0247859
0.0261957
0.0234628
0.0121860
-0.0089791
-0.0375132
-0.0668033
-0.0881256
-0.0966095
-0.0958754
-0.0947739
-0.0991260
-0.1074462
-0.1137328
-0.1129183
-0.1046241
-0.0934712
-0.0850712
-0.0800998
-0.0731343
-0.0589576
-0.0383576
-0.0133945
0.0254727
0.1056766
0.2607063
0.5046696
0.8115889
1.1170204
1.3436277
1.4339216
1.3698426
1.1730221
0.8938641
0.5968940
0.3422243
0.1651666
0.0653306
0.0153071
-0.0165670
-0.0474350
-0.0780322
-0.1038099
-0.1246828
-0.1442106
-0.1627445
-0.1755830
-0.1792221
-0.1770420
-0.1762641
-0.1800957
-0.1853952
-0.1880975
-0.1883588
-0.1892198
-0.1921768
-0.1960859
-0.1996761
-0.2029038
-0.2051654
-0.2039367
-0.1974215
-0.1887205
-0.1849727
-0.1899476
-0.1980945
-0.1989221
-0.1886613
-0.1756257
-0.1718056
-0.1798034
-0.1900788
-0.1911314
-0.1806882
-0.1664099
-0.1572961
-0.1558593
-0.1578851
-0.1576106
-0.1521066
-0.1421416
-0.1312779
-0.1245103
-0.1252194
-0.1309963
-0.1333182
-0.1243574
-0.1053980
-0.0870457
-0.0796320
-0.0837533
-0.0909490
-0.0930357
-0.0897264
-0.0873042
-0.0909742
-0.0990396
-0.1040232
-0.0989255
-0.0828553
-0.0618133
-0.0445799
-0.0366802
-0.0364161
-0.0362661
-0.0294675
-0.0162684
-0.0031718
0.0046047
0.0090303
0.0165613
0.0302500
0.0462138
0.0580460
0.0629337
0.0622317
0.0572537
0.0469097
0.0302964
0.0099329
-0.0096627
-0.0264605
-0.0418024
-0.0557459
-0.0636026
-0.0601023
-0.0471568
-0.0347645
-0.0322538
-0.0394346
-0.0477597
-0.0495574
-0.0444460
-0.0368082
-0.0292930
-0.0207168
-0.0096975
0.0020372
0.0115307
0.0196189
0.0339555
0.0684987
0.1410473
0.2678221
0.4518877
0.6687236
0.8623174
0.9634136
0.9239593
0.7448028
0.4762201
0.1915417
-0.0467999
-0.2082305
-0.2951819
-0.3311475
-0.3455340
-0.3610444
-0.3862861
-0.4160612
-0.4392352
-0.4481798
-0.4418729
-0.4216485
-0.3870172
-0.3378948
-0.2800192
-0.2250223
-0.1828779
-0.1543789
-0.1322280
-0.1098167
-0.0880795
-0.0731577
-0.0681561
-0.0686314
-0.0664698
-0.0571312
-0.0425328
-0.0280497
-0.0181668
-0.0145084
-0.0158724
-0.0189100
-0.0197601
-0.0167199
-0.0117609
-0.0086355
-0.0088156
-0.0094197
-0.0056437
0.0045172
0.0180388
0.0293947
0.0352799
0.0371303
0.0396848
0.0473283
0.0608914
0.0767396
0.0891894
0.0955527
0.0998683
0.1105484
0.1324495
0.1609251
0.1850405
0.1977699
0.2027806
0.2104306
0.2271454
0.2495037
0.2689913
0.2815647
0.2913440
0.3051085
0.3246490
0.3452565
0.3604990
0.3669716
0.3649781
0.3568655
0.3457520
0.3342443
0.3221104
0.3050949
0.2781267
0.2414913
0.2033787
0.1743212
0.1577475
0.1464234
0.1292796
0.1019308
0.0699779
0.0422828
0.0222909
0.0063859
-0.0107453
-0.0308710
-0.0518529
-0.0702762
-0.0832794
-0.0891956
-0.0887665
-0.0863586
-0.0882097
-0.0973239
-0.1098951
-0.1184472
-0.1197333
-0.1187132
-0.1231185
-0.1340589
-0.1436595
-0.1430990
-0.1322418
-0.1201322
-0.1161512
-0.1217497
-0.1308571
-0.1367914
-0.1375097
-0.1351407
-0.1329383
-0.1337022
-0.1390396
-0.1472493
-0.1520460
-0.1467724
-0.1324339
-0.1200009
-0.1210789
-0.1351721
-0.1487147
-0.1491434
-0.1389546
-0.1329781
-0.1410715
-0.1560708
-0.1613006
-0.1491324
-0.1292396
-0.1177451
-0.1207437
-0.1306600
-0.1369938
-0.1367737
-0.1338705
-0.1320609
-0.1323607
-0.1355547
-0.1425415
-0.1504290
-0.1517669
-0.1418032
-0.1262537
-0.1180395
-0.1240770
-0.1371639
-0.1437370
-0.1391442
-0.1321581
-0.1333606
-0.1419381
-0.1469494
-0.1406671
-0.1272024
-0.1169308
-0.1151376
-0.1185878
-0.1218553
-0.1236083
-0.1257703
-0.1291206
-0.1322760
-0.1343227
-0.1358708
-0.1367298
-0.1345647
-0.1278208
-0.1192934
-0.1145997
-0.1163797
-0.1212932
-0.1237464
-0.1218739
-0.1188338
-0.1186131
-0.1216644
-0.1247026
-0.1238292
-0.1176374
-0.1083114
-0.1004969
-0.0983484
-0.1022208
-0.1079041
-0.1101931
-0.1081392
-0.1062427
-0.1092295
-0.1155624
-0.1175322
-0.1090261
-0.0928975
-0.0794045
-0.0766990
-0.0830688
-0.0887853
-0.0854548
-0.0735156
-0.0608045
-0.0539307
-0.0511019
-0.0437851
-0.0259851
-0.0017838
0.0173139
0.0233750
0.0200130
0.0182919
0.0244699
0.0331514
0.0340152
0.0248322
0.0156149
0.0184504
0.0341814
0.0509757
0.0562460
0.0486256
0.0378195
0.0342746
0.0403080
0.0500766
0.0555830
0.0519906
0.0392285
0.0208595
0.0015466
-0.0159496
-0.0322227
-0.0492575
-0.0667310
-0.0811679
-0.0895603
-0.0928663
-0.0941951
-0.0937274
-0.0878328
-0.0746160
-0.0584073
-0.0458764
-0.0380218
-0.0293914
-0.0166152
-0.0035640
0.0084841
0.0379825
0.1253423
0.3090750
0.5921105
0.9278106
1.2383727
1.4496310
1.5164128
1.4286528
1.2076576
0.9021466
0.5803897
0.3105061
0.1338861
0.0498996
0.0247476
0.0173399
0.0019032
-0.0264770
-0.0603606
-0.0905789
-0.1117320
-0.1234691
-0.1299812
-0.1371556
-0.1474276
-0.1567601
-0.1583280
-0.1503319
-0.1393244
-0.1345137
-0.1389176
-0.1472283
-0.1525112
-0.1536355
-0.1549065
-0.1590054
-0.1623084
-0.1585737
-0.1467893
-0.1338515
-0.1285392
-0.1330435
-0.1409972
-0.1439948
-0.1399021
-0.1346661
-0.1358620
-0.1443031
-0.1521870
-0.1502280
-0.1371982
-0.1220872
-0.1159043
-0.1209586
-0.1287952
-0.1292894
-0.1213415
-0.1134733
-0.1135363
-0.1191106
-0.1198399
-0.1094774
-0.0938183
-0.0848731
-0.0875304
-0.0941277
-0.0935088
-0.0842237
-0.0764014
-0.0797772
-0.0915083
-0.0980636
-0.0896701
-0.0713881
-0.0582610
-0.0595650
-0.0693310
-0.0733741
-0.0648408
-0.0511641
-0.0451825
-0.0506361
-0.0580045
-0.0549471
-0.0397775
-0.0235308
-0.0187929
-0.0275015
-0.0403555
-0.0474280
-0.0478026
-0.0482245
-0.0535772
-0.0606357
-0.0618780
-0.0543979
-0.0436189
-0.0378482
-0.0399307
-0.0449851
-0.0460709
-0.0411145
-0.0338549
-0.0288072
-0.0265403
-0.0241669
-0.0194651
-0.0134033
-0.0085660
-0.0060001
-0.0044111
-0.0024440
-0.0011661
-0.0037915
-0.0128053
-0.0272818
-0.0428373
-0.0542705
-0.0589951
-0.0588920
-0.0589211
-0.0628683
-0.0695316
-0.0736046
-0.0715773
-0.0667506
-0.0666257
-0.0738750
-0.0809724
-0.0765362
-0.0581569
-0.0368060
-0.0255836
-0.0243513
-0.0192410
0.0000683
0.0255678
0.0400748
0.0452581
0.0780634
0.1923158
0.4173121
0.7298412
1.0629202
1.3393066
1.4999823
1.5133626
1.3757962
1.1162445
0.7986187
0.5045615
0.2965000
0.1868833
0.1409073
0.1108249
0.0709979
0.0253730
-0.0114435
-0.0348404
-0.0528964
-0.0742795
-0.0982959
-0.1170871
-0.1247903
-0.1228930
-0.1178849
-0.1156440
-0.1179652
-0.1225381
-0.1251339
-0.1229396
-0.1175331
-0.1146386
-0.1193056
-0.1301601
-0.1391204
-0.1383600
-0.1281113
-0.1167719
-0.1124958
-0.1150883
-0.1172361
-0.1137379
-0.1079824
-0.1078132
-0.1153689
-0.1230081
-0.1207565
-0.1072813
-0.0919072
-0.0850243
-0.0872424
-0.0890935
-0.0815251
-0.0657878
-0.0522052
-0.0493155
-0.0547987
-0.0572928
-0.0469293
-0.0242358
0.0005475
0.0164023
0.0204546
0.0194448
0.0230469
0.0351224
0.0506042
0.0607768
0.0620538
0.0597811
0.0630774
0.0756147
0.0916611
0.1015521
0.1009054
0.0939291
0.0877270
0.0844043
0.0797711
0.0694160
0.0545490
0.0409384
0.0326435
0.0277700
0.0204199
0.0061289
-0.0146409
-0.0373559
-0.0569130
-0.0708648
-0.0805155
-0.0893271
-0.0994329
-0.1089064
-0.1129758
-0.1092344
-0.1019320
-0.0997017
-0.1074576
-0.1206118
-0.1288154
-0.1264161
-0.1185595
-0.1157110
-0.1220977
-0.1308693
-0.1317084
-0.1225921
-0.1123882
-0.1111465
-0.1190013
-0.1263098
-0.1248008
-0.1169132
-0.1127462
-0.1182955
-0.1282765
-0.1312431
-0.1211202
-0.1030834
-0.0885866
-0.0853952
-0.0921168
-0.1010248
-0.1053189
-0.1043324
-0.1030235
-0.1067135
-0.1154555
-0.1230219
-0.1222246
-0.1123488
-0.1011857
-0.0984281
-0.1062793
-0.1171755
-0.1216728
-0.1184134
-0.1153084
-0.1204314
-0.1324535
-0.1411116
-0.1374473
-0.1231749
-0.1095515
-0.1070129
-0.1159103
-0.1269783
-0.1303523
-0.1242576
-0.1157519
-0.1136844
-0.1206335
-0.1307340
-0.1348315
-0.1283060
-0.1149702
-0.1038973
-0.1019391
-0.1082828
-0.1157044
-0.1174397
-0.1134929
-0.1104006
-0.1143928
-0.1244459
-0.1323217
-0.1300229
-0.1175167
-0.1030130
-0.0954578
-0.0966972
-0.1009193
-0.1014314
-0.0975150
-0.0944832
-0.0974012
-0.1053362
-0.1119587
-0.1114919
-0.1039039
-0.0946883
-0.0901189
-0.0924958
-0.0989376
-0.1039517
-0.1035854
-0.0983830
-0.0930857
-0.0928527
-0.0985555
-0.1053735
-0.1067997
-0.1009023
-0.0925365
-0.0887096
-0.0916866
-0.0972670
-0.0999332
-0.0986906
-0.0969749
-0.0975060
-0.0989052
-0.0979771
-0.0940905
-0.0898962
-0.0879951
-0.0883669
-0.0895727
-0.0911372
-0.0933220
-0.0951578
-0.0947806
-0.0925341
-0.0920072
-0.0958042
-0.1005799
-0.0989700
-0.0883563
-0.0764673
-0.0752664
-0.0879362
-0.1035810
-0.1073328
-0.0961618
-0.0828787
-0.0828837
-0.0974698
-0.1119515
-0.1108727
-0.0938796
-0.0754777
-0.0697818
-0.0770280
-0.0852350
-0.0833725
-0.0713369
-0.0576729
-0.0497594
-0.0474274
-0.0449413
-0.0370544
-0.0226505
-0.0043147
0.0135882
0.0264913
0.0314680
0.0294192
0.0252402
0.0241355
0.0267087
0.0283608
0.0248577
0.0185552
0.0175387
0.0271102
0.0426283
0.0529198
0.0520524
0.0464356
0.0478222
0.0587129
0.0668371
0.0564937
0.0254006
-0.0114771
-0.0357151
-0.0420744
-0.0407869
-0.0449017
-0.0577981
-0.0731753
-0.0841441
-0.0893649
-0.0910529
-0.0904657
-0.0870610
-0.0799885
-0.0678314
-0.0480033
-0.0202498
0.0081892
0.0257608
0.0320879
0.0530078
0.1354761
0.3184457
0.6004391
0.9309278
1.2324214
1.4344871
1.4960275
1.4093685
1.1962405
0.9038772
0.5970106
0.3388597
0.1666364
0.0784875
0.0429623
0.0235492
-0.0008565
-0.0321378
-0.0623915
-0.0846103
-0.0970539
-0.1023742
-0.1053853
-0.1106833
-0.1198841
-0.1302279
-0.1370324
-0.1387247
-0.1391233
-0.1435323
-0.1522025
-0.1586917
-0.1559939
-0.1444705
-0.1327462
-0.1298775
-0.1367877
-0.1461216
-0.1505110
-0.1499562
-0.1503232
-0.1553268
-0.1616413
-0.1625795
-0.1555399
-0.1445240
-0.1355723
-0.1312252
-0.1300042
-0.1297299
-0.1293296
-0.1276350
-0.1229376
-0.1155262
-0.1094184
-0.1088178
-0.1120489
-0.1111045
-0.0995233
-0.0805291
-0.0653209
-0.0621839
-0.0681763
-0.0727215
-0.0689640
-0.0601942
-0.0548077
-0.0562997
-0.0595232
-0.0564954
-0.0446457
-0.0289718
-0.0170127
-0.0125336
-0.0136552
-0.0158634
-0.0161472
-0.0146760
-0.0134000
-0.0135055
-0.0140092
-0.0123571
-0.0063444
0.0038989
0.0150038
0.0215102
0.0192899
0.0093780
-0.0015479
-0.0061587
-0.0035267
-0.0009052
-0.0067225
-0.0208332
-0.0328578
-0.0320626
-0.0191752
-0.0068465
-0.0070906
-0.0188098
-0.0291635
-0.0274501
-0.0163081
-0.0082481
-0.0118470
-0.0226610
-0.0277602
-0.0179763
0.0048878
0.0317312
0.0553393
0.0759890
0.0996398
0.1316874
0.1715875
0.2118811
0.2421607
0.2555045
0.2526450
0.2400742
0.2234407
0.2026794
0.1740792
0.1370697
0.0979781
0.0661791
0.0465618
0.0361833
0.0280566
0.0174741
0.0046934
-0.0072195
-0.0158877
-0.0212695
-0.0252693
-0.0304202
-0.0381758
-0.0475425
-0.0556342
-0.0604995
-0.0635220
-0.0681759
-0.0759402
-0.0840673
-0.0880603
-0.0860176
-0.0799283
-0.0732445
-0.0684926
-0.0671394
-0.0694233
-0.0721930
-0.0682370
-0.0519631
-0.0282886
-0.0131103
-0.0183918
-0.0318362
-0.0118604
0.0919297
0.3059943
0.6129634
0.9575083
1.2687011
1.4811481
1.5479863
1.4513756
1.2133870
0.8974344
0.5880420
0.3534315
0.2149978
0.1469019
0.1050948
0.0607918
0.0125342
-0.0269679
-0.0509915
-0.0660407
-0.0828890
-0.1041710
-0.1219867
-0.1268515
-0.1180805
-0.1054082
-0.1007443
-0.1081009
-0.1209591
-0.1291997
-0.1288130
-0.1250428
-0.1260435
-0.1336381
-0.1408113
-0.1386779
-0.1257832
-0.1101851
-0.1022996
-0.1057093
-0.1145297
-0.1190040
-0.1136339
-0.1010661
-0.0894390
-0.0858238
-0.0904820
-0.0959610
-0.0922767
-0.0751338
-0.0506883
-0.0317759
-0.0275861
-0.0356497
-0.0440095
-0.0420655
-0.0298102
-0.0165119
-0.0104856
-0.0105376
-0.0076015
0.0056252
0.0272397
0.0482308
0.0612929
0.0669962
0.0715274
0.0793859
0.0891534
0.0962529
0.0988345
0.1001148
0.1049818
0.1148523
0.1260890
0.1331777
0.1332593
0.1279162
0.1210918
0.1153168
0.1094444
0.0997378
0.0836036
0.0629820
0.0440583
0.0326350
0.0287283
0.0256942
0.0156433
-0.0033465
-0.0252477
-0.0417020
-0.0499333
-0.0549982
-0.0640293
-0.0783950
-0.0919060
-0.0969264
-0.0921296
-0.0841521
-0.0817612
-0.0884157
-0.1000084
-0.1091107
-0.1112903
-0.1081629
-0.1053296
-0.1074043
-0.1141177
-0.1205383
-0.1214519
-0.1163549
-0.1102230
-0.1085996
-0.1115874
-0.1135628
-0.1098547
-0.1032196
-0.1018463
-0.1098248
-0.1206876
-0.1225519
-0.1104532
-0.0924021
-0.0819111
-0.0847748
-0.0943498
-0.0998531
-0.0977504
-0.0937869
-0.0947202
-0.1002054
-0.1037617
-0.1005462
-0.0925681
-0.0862168
-0.0859317
-0.0908993
-0.0969552
-0.1004588
-0.1005161
-0.0988673
-0.0984044
-0.1009282
-0.1050197
-0.1061776
-0.1005628
-0.0897026
-0.0807491
-0.0803509
-0.0876139
-0.0942666
-0.0932115
-0.0867750
-0.0849134
-0.0941346
-0.1088968
-0.1157436
-0.1069035
-0.0891048
-0.0776435
-0.0813700
-0.0943137
-0.1028203
-0.1004177
-0.0942845
-0.0964094
-0.1093160
-0.1221835
-0.1217881
-0.1064973
-0.0883065
-0.0809490
-0.0868920
-0.0965642
-0.0995323
-0.0949696
-0.0907315
-0.0933883
-0.1007883
-0.1047770
-0.1001845
-0.0900594
-0.0820905
-0.0807431
-0.0835423
-0.0849285
-0.0831380
-0.0826679
-0.0894958
-0.1036436
-0.1168014
-0.1184037
-0.1053545
-0.0861719
-0.0746130
-0.0777847
-0.0898998
-0.0981842
-0.0954612
-0.0866836
-0.0825904
-0.0874128
-0.0942857
-0.0935559
-0.0843776
-0.0759102
-0.0765125
-0.0837997
-0.0877520
-0.0833316
-0.0770752
-0.0790290
-0.0894614
-0.0969121
-0.0909098
-0.0747222
-0.0627754
-0.0652111
-0.0771695
-0.0848232
-0.0808140
-0.0714638
-0.0682912
-0.0742564
-0.0802154
-0.0747762
-0.0561331
-0.0334223
-0.0172499
-0.0101151
-0.0062375
0.0004074
0.0092733
0.0147838
0.0138629
0.0106389
0.0127060
0.0226810
0.0343295
0.0380885
0.0307521
0.0191185
0.0133120
0.0164442
0.0215776
0.0195940
0.0099469
0.0027330
0.0091727
0.0297259
0.0519728
0.0607365
0.0505432
0.0283800
0.0050618
-0.0147897
-0.0337791
-0.0543719
-0.0731838
-0.0840242
-0.0854247
-0.0827956
-0.0823819
-0.0846705
-0.0852392
-0.0810200
-0.0731530
-0.0632841
-0.0502311
-0.0334623
-0.0181870
-0.0104400
-0.0013509
0.0429854
0.1686352
0.4015164
0.7208352
1.0611323
1.3410923
1.4964372
1.4973424
1.3496313
1.0898414
0.7779743
0.4826409
0.2575061
0.1211132
0.0556328
0.0260370
0.0038757
-0.0218437
-0.0495036
-0.0745786
-0.0941513
-0.1064937
-0.1112425
-0.1112709
-0.1121880
-0.1178911
-0.1268782
-0.1343087
-0.1377451
-0.1394868
-0.1425926
-0.1459576
-0.1452362
-0.1388061
-0.1310749
-0.1283413
-0.1317552
-0.1359504
-0.1353758
-0.1310445
-0.1296331
-0.1356632
-0.1455884
-0.1506390
-0.1455781
-0.1340423
-0.1248954
-0.1235583
-0.1272205
-0.1283493
-0.1223522
-0.1116273
-0.1025836
-0.0992510
-0.0997210
-0.0981995
-0.0901894
-0.0761456
-0.0608315
-0.0491534
-0.0418136
-0.0343847
-0.0210612
-0.0003558
0.0225868
0.0401813
0.0498833
0.0573515
0.0710704
0.0931695
0.1161332
0.1295308
0.1300544
0.1242001
0.1208898
0.1224713
0.1240824
0.1215036
0.1178260
0.1207895
0.1335150
0.1489842
0.1546492
0.1428268
0.1167822
0.0870986
0.0624104
0.0432973
0.0243162
0.0012900
-0.0235384
-0.0433363
-0.0534515
-0.0562499
-0.0590447
-0.0671212
-0.0790312
-0.0890513
-0.0939952
-0.0966999
-0.1021767
-0.1108497
-0.1168921
-0.1139982
-0.1022867
-0.0884679
-0.0789450
-0.0735851
-0.0671966
-0.0569222
-0.0465831
-0.0414824
-0.0369783
-0.0115928
0.0665081
0.2204701
0.4437256
0.6908641
0.8891336
0.9680755
0.8929596
0.6827168
0.4004743
0.1219063
-0.0985515
-0.2434453
-0.3249272
-0.3661164
-0.3871426
-0.4017554
-0.4187086
-0.4408154
-0.4623160
-0.4706277
-0.4545951
-0.4132234
-0.3568550
-0.2995837
-0.2499022
-0.2075758
-0.1682293
-0.1301950
-0.0971295
-0.0746392
-0.0646506
-0.0628872
-0.0617737
-0.0562659
-0.0475313
-0.0412123
-0.0417198
-0.0475753
-0.0519979
-0.0483226
-0.0355434
-0.0191811
-0.0068160
-0.0021908
-0.0027800
-0.0025186
0.0029746
0.0131167
0.0234535
0.0298070
0.0318914
0.0336028
0.0399587
0.0530984
0.0703341
0.0858878
0.0953702
0.0996216
0.1042955
0.1147951
0.1308826
0.1466083
0.1565070
0.1621697
0.1719028
0.1928702
0.2233378
0.2532286
0.2728981
0.2815901
0.2874900
0.2998469
0.3209661
0.3449341
0.3630731
0.3707992
0.3706862
0.3700416
0.3748226
0.3840243
0.3891212
0.3802281
0.3548007
0.3209180
0.2908968
0.2703747
0.2535477
0.2297696
0.1949191
0.1556798
0.1225524
0.0996649
0.0823178
0.0637068
0.0420446
0.0202957
0.0006809
-0.0180280
-0.0374592
-0.0561564
-0.0710842
-0.0818039
-0.0907448
-0.0986766
-0.1022115
-0.0983077
-0.0906727
-0.0885259
-0.0970293
-0.1104205
-0.1174317
-0.1140183
-0.1085369
-0.1125452
-0.1273601
-0.1417910
-0.1435872
-0.1316972
-0.1164405
-0.1088555
-0.1114120
-0.1185297
-0.1237645
-0.1251794
-0.1250839
-0.1267693
-0.1318247
-0.1389470
-0.1441453
-0.1429700
-0.1343302
-0.1227086
-0.1156086
-0.1175580
-0.1261904
-0.1344182
-0.1367016
-0.1334691
-0.1299071
-0.1308422
-0.1365713
-0.1428994
-0.1447387
-0.1400741
-0.1313728
-0.1236809
-0.1209913
-0.1235791
-0.1282152
-0.1309839
-0.1304337
-0.1285390
-0.1286608
-0.1321352
-0.1364836
-0.1372302
-0.1321805
-0.1242241
-0.1194284
-0.1216464
-0.1288254
-0.1349209
-0.1355605
-0.1316521
-0.1275985
-0.1267221
-0.1289283
-0.1321666
-0.1347756
-0.1358433
-0.1343556
-0.1296097
-0.1228809
-0.1176103
-0.1167623
-0.1198873
-0.1234180
-0.1241346
-0.1219931
-0.1192826
-0.1172962
-0.1143356
-0.1072197
-0.0947388
-0.0795551
-0.0664642
-0.0582878
-0.0531430
-0.0461007
-0.0342681
-0.0204375
-0.0109853
-0.0093100
-0.0114423
-0.0091880
0.0015083
0.0154819
0.0224434
0.0168173
0.0036281
-0.0056380
-0.0034574
0.0068500
0.0142901
0.0106760
-0.0010535
-0.0085944
-0.0013141
0.0189540
0.0375744
0.0384151
0.0169401
-0.0168102
-0.0475860
-0.0671509
-0.0782302
-0.0884840
-0.1022773
-0.1177995
-0.1297511
-0.1332485
-0.1265436
-0.1128378
-0.1000352
-0.0958412
-0.1000875
-0.1025512
-0.0920220
-0.0695782
-0.0502466
-0.0461911
-0.0449423
-0.0055824
0.1184860
0.3462793
0.6514331
0.9715732
1.2343331
1.3812631
1.3806282
1.2325369
0.9707662
0.6578413
0.3672902
0.1560748
0.0421326
0.0026468
-0.0052107
-0.0161951
-0.0412909
-0.0723517
-0.0980077
-0.1150194
-0.1275220
-0.1396958
-0.1517092
-0.1618547
-0.1696915
-0.1753781
-0.1771955
-0.1724851
-0.1622578
-0.1533687
-0.1536353
-0.1638638
-0.1758747
-0.1799820
-0.1746717
-0.1679829
-0.1687092
-0.1766788
-0.1825715
-0.1775990
-0.1628908
-0.1487677
-0.1446847
-0.1502225
-0.1561749
-0.1541999
-0.1449229
-0.1365857
-0.1364239
-0.1438930
-0.1518285
-0.1530359
-0.1453966
-0.1319676
-0.1181508
-0.1090988
-0.1076910
-0.1124057
-0.1169797
-0.1146198
-0.1047225
-0.0947470
-0.0929675
-0.0984845
-0.1003597
-0.0888792
-0.0672684
-0.0498148
-0.0472092
-0.0552665
-0.0600545
-0.0535964
-0.0420796
-0.0376505
-0.0441842
-0.0535516
-0.0553602
-0.0475509
-0.0362672
-0.0276978
-0.0229959
-0.0207260
-0.0207997
-0.0238343
-0.0283460
-0.0316288
-0.0337557
-0.0381768
-0.0465952
-0.0547219
-0.0559192
-0.0496621
-0.0442353
-0.0489683
-0.0640849
-0.0798655
-0.0863569
-0.0829416
-0.0777643
-0.0786768
-0.0858892
-0.0931192
-0.0944326
-0.0892869
-0.0818965
-0.0770435
-0.0765867
-0.0788811
-0.0806306
-0.0795092
-0.0758462
-0.0721573
-0.0706330
-0.0705478
-0.0681615
-0.0597268
-0.0451640
-0.0289627
-0.0172001
-0.0130611
-0.0146238
-0.0167943
-0.0158049
-0.0124524
-0.0111247
-0.0152179
-0.0229979
-0.0280832
-0.0248787
-0.0145181
-0.0055965
-0.0079673
-0.0242546
-0.0467821
-0.0636269
-0.0690277
-0.0683345
-0.0721135
-0.0847756
-0.0993622
-0.1043833
-0.0959054
-0.0820165
-0.0747064
-0.0779214
-0.0846112
-0.0851217
-0.0765905
-0.0632108
-0.0494771
-0.0367033
-0.0265256
-0.0229987
-0.0247486
-0.0125975
0.0513499
0.2052306
0.4610191
0.7905042
1.1326422
1.4138645
1.5686611
1.5567749
1.3786018
1.0829275
0.7540449
0.4757129
0.2919793
0.1937988
0.1409256
0.0981216
0.0548461
0.0176549
-0.0085570
-0.0286406
-0.0500830
-0.0735548
-0.0929379
-0.1028923
-0.1041126
-0.1017063
-0.1007077
-0.1036611
-0.1103469
-0.1178165
-0.1215424
-0.1191167
-0.1137838
-0.1125947
-0.1190308
-0.1276662
-0.1281617
-0.1158440
-0.0975709
-0.0856302
-0.0855778
-0.0911424
-0.0917588
-0.0842680
-0.0758575
-0.0753255
-0.0826334
-0.0881798
-0.0823626
-0.0651779
-0.0461245
-0.0350713
-0.0336306
-0.0351665
-0.0322756
-0.0235482
-0.0134667
-0.0070702
-0.0055841
-0.0064569
-0.0058433
-0.0002788
0.0126128
0.0326554
0.0556289
0.0751451
0.0885779
0.1015730
0.1246449
0.1633408
0.2120834
0.2593136
0.2987903
0.3338378
0.3691253
0.3999063
0.4125943
0.3973341
0.3585659
0.3114965
0.2686161
0.2312066
0.1936987
0.1535314
0.1145534
0.0819661
0.0570458
0.0377712
0.0221139
0.0081027
-0.0083726
-0.0321393
-0.0630399
-0.0932595
-0.1132774
-0.1213308
-0.1254487
-0.1347771
-0.1494997
-0.1607564
-0.1606818
-0.1512447
-0.1422526
-0.1412761
-0.1467772
-0.1511987
-0.1494684
-0.1434014
-0.1382604
-0.1363833
-0.1347089
-0.1276873
-0.1117043
-0.0872672
-0.0587859
-0.0332377
-0.0170212
-0.0094575
0.0046371
0.0558651
0.1788291
0.3920903
0.6818966
1.0006750
1.2811409
1.4581248
1.4892850
1.3692223
1.1328825
0.8443714
0.5723039
0.3625889
0.2246153
0.1388663
0.0780776
0.0250994
-0.0231277
-0.0625017
-0.0898144
-0.1061112
-0.1160446
-0.1255014
-0.1383154
-0.1534962
-0.1660617
-0.1722461
-0.1742411
-0.1783093
-0.1870654
-0.1947219
-0.1923194
-0.1785219
-0.1635698
-0.1603431
-0.1712196
-0.1852625
-0.1894298
-0.1819167
-0.1733529
-0.1749907
-0.1868122
-0.1976976
-0.1965449
-0.1825598
-0.1652195
-0.1553814
-0.1566474
-0.1641130
-0.1700312
-0.1705174
-0.1677693
-0.1665858
-0.1686419
-0.1699604
-0.1644164
-0.1502069
-0.1325027
-0.1188995
-0.1121651
-0.1081784
-0.1012316
-0.0904587
-0.0801634
-0.0742778
-0.0717805
-0.0679415
-0.0590700
-0.0452081
-0.0289524
-0.0132209
-0.0003789
0.0081327
0.0128482
0.0164647
0.0214128
0.0269754
0.0301363
0.0299511
0.0296924
0.0328872
0.0374970
0.0361314
0.0234593
0.0027272
-0.0165853
-0.0279909
-0.0341206
-0.0431856
-0.0598459
-0.0802064
-0.0956483
-0.1009978
-0.0990013
-0.0975250
-0.1026122
-0.1134989
-0.1236604
-0.1270825
-0.1243798
-0.1227390
-0.1288354
-0.1412017
-0.1503151
-0.1474881
-0.1340930
-0.1212686
-0.1195708
-0.1287361
-0.1382345
-0.1383445
-0.1302431
-0.1242618
-0.1280101
-0.1373229
-0.1403686
-0.1309253
-0.1162500
-0.1102391
-0.1186731
-0.1327049
-0.1383509
-0.1319546
-0.1242458
-0.1279093
-0.1424269
-0.1536458
-0.1490548
-0.1317663
-0.1175644
-0.1184694
-0.1309854
-0.1412184
-0.1401676
-0.1322366
-0.1287049
-0.1345008
-0.1428604
-0.1429531
-0.1317361
-0.1175779
-0.1122026
-0.1192945
-0.1311961
-0.1370412
-0.1341627
-0.1307991
-0.1365587
-0.1503260
-0.1593206
-0.1518191
-0.1305113
-0.1113425
-0.1080000
-0.1184724
-0.1283986
-0.1273826
-0.1199885
-0.1193859
-0.1314000
-0.1473004
-0.1531686
-0.1447682
-0.1313475
-0.1251322
-0.1290530
-0.1357267
-0.1370990
-0.1330779
-0.1303836
-0.1343382
-0.1429900
-0.1490604
-0.1467741
-0.1367450
-0.1251357
-0.1186739
-0.1197491
-0.1249580
-0.1280166
-0.1251574
-0.1188153
-0.1157816
-0.1205276
-0.1297942
-0.1345064
-0.1280827
-0.1130997
-0.0992274
-0.0940632
-0.0959333
-0.0959046
-0.0869345
-0.0708733
-0.0563213
-0.0497028
-0.0487155
-0.0447425
-0.0317266
-0.0126302
0.0029497
0.0077228
0.0033743
-0.0017480
-0.0015331
0.0018622
0.0014457
-0.0055400
-0.0133006
-0.0131055
-0.0026255
0.0115458
0.0208461
0.0230337
0.0225682
0.0233785
0.0229627
0.0145560
-0.0056574
-0.0345749
-0.0648624
-0.0899897
-0.1065234
-0.1139764
-0.1150633
-0.1156169
-0.1209540
-0.1300943
-0.1349752
-0.1283640
-0.1130571
-0.1004563
-0.0975245
-0.0965741
-0.0823259
-0.0513388
-0.0210680
-0.0127766
-0.0207669
0.0002677
0.1111907
0.3435690
0.6705062
1.0158183
1.2914145
1.4336323
1.4185588
1.2587470
0.9945403
0.6856714
0.3980782
0.1830773
0.0583767
0.0055993
-0.0122702
-0.0268371
-0.0510848
-0.0823299
-0.1125705
-0.1355338
-0.1483047
-0.1516857
-0.1508038
-0.1528139
-0.1609370
-0.1708504
-0.1753760
-0.1736076
-0.1732671
-0.1818772
-0.1965860
-0.2056322
-0.2008786
-0.1869997
-0.1765697
-0.1770543
-0.1846352
-0.1905073
-0.1905550
-0.1874019
-0.1850778
-0.1848580
-0.1863163
-0.1890529
-0.1911460
-0.1880775
-0.1770534
-0.1627718
-0.1553256
-0.1596517
-0.1685712
-0.1695110
-0.1585002
-0.1448579
-0.1403811
-0.1455789
-0.1491175
-0.1406949
-0.1220264
-0.1040879
-0.0954893
-0.0956362
-0.0981357
-0.0976304
-0.0924067
-0.0834277
-0.0740338
-0.0696205
-0.0736717
-0.0822746
-0.0849109
-0.0739338
-0.0535760
-0.0373658
-0.0351920
-0.0436871
-0.0504642
-0.0472032
-0.0370310
-0.0290585
-0.0277215
-0.0290824
-0.0265965
-0.0182555
-0.0076539
0.0000521
0.0018176
-0.0024447
-0.0104744
-0.0187479
-0.0245632
-0.0282961
-0.0330829
-0.0411668
-0.0505691
-0.0564007
-0.0560045
-0.0521575
-0.0504294
-0.0536688
-0.0598479
-0.0649865
-0.0668553
-0.0656062
-0.0627182
-0.0611121
-0.0650902
-0.0768524
-0.0916252
-0.0985221
-0.0895983
-0.0688792
-0.0505006
-0.0460768
-0.0540386
-0.0624013
-0.0617812
-0.0543254
-0.0495563
-0.0531916
-0.0617706
-0.0675138
-0.0660869
-0.0589362
-0.0502189
-0.0436784
-0.0417889
-0.0451352
-0.0511592
-0.0548371
-0.0527234
-0.0468373
-0.0433891
-0.0466127
-0.0540700
-0.0588612
-0.0565893
-0.0495002
-0.0435831
-0.0424627
-0.0448687
-0.0473960
-0.0483287
-0.0484935
-0.0495696
-0.0525354
-0.0572485
-0.0623424
-0.0652158
-0.0630838
-0.0553572
-0.0455277
-0.0400166
-0.0436949
-0.0553776
-0.0677287
-0.0726594
-0.0681329
-0.0603599
-0.0588763
-0.0680858
-0.0824787
-0.0904691
-0.0844456
-0.0681016
-0.0535503
-0.0504661
-0.0579174
-0.0668494
-0.0698082
-0.0673374
-0.0652737
-0.0674626
-0.0722033
-0.0749842
-0.0729175
-0.0660615
-0.0561501
-0.0460065
-0.0397060
-0.0404585
-0.0464672
-0.0504388
-0.0461740
-0.0361146
-0.0298358
-0.0331031
-0.0396233
-0.0362295
-0.0168883
0.0100670
0.0298417
0.0354024
0.0324489
0.0309421
0.0343370
0.0385838
0.0396017
0.0382014
0.0371613
0.0368025
0.0362666
0.0376794
0.0452129
0.0587323
0.0709329
0.0737245
0.0675165
0.0620204
0.0663642
0.0788934
0.0879084
0.0826186
0.0626825
0.0370923
0.0151520
-0.0004330
-0.0128349
-0.0259857
-0.0409575
-0.0558860
-0.0678436
-0.0748365
-0.0769990
-0.0763953
-0.0754163
-0.0746968
-0.0718031
-0.0618169
-0.0407360
-0.0108831
0.0162598
0.0260548
0.0161653
0.0111126
0.0600771
0.2115383
0.4784648
0.8202594
1.1572184
1.4068282
1.5148648
1.4647325
1.2719191
0.9786154
0.6497579
0.3587319
0.1594199
0.0616854
0.0323642
0.0235875
0.0053357
-0.0235343
-0.0494156
-0.0640758
-0.0712100
-0.0784822
-0.0885300
-0.0985401
-0.1054031
-0.1088492
-0.1105061
-0.1120081
-0.1143112
-0.1175327
-0.1205682
-0.1211523
-0.1171000
-0.1082348
-0.0974498
-0.0894810
-0.0876434
-0.0909682
-0.0945034
-0.0930830
-0.0857809
-0.0772442
-0.0740125
-0.0780779
-0.0836174
-0.0814220
-0.0679873
-0.0499581
-0.0384062
-0.0384126
-0.0447076
-0.0473931
-0.0413470
-0.0301942
-0.0219153
-0.0208656
-0.0235537
-0.0217080
-0.0095382
0.0113652
0.0332898
0.0480404
0.0523899
0.0498527
0.0477709
0.0515459
0.0604694
0.0690298
0.0726002
0.0719921
0.0727634
0.0803389
0.0951478
0.1115133
0.1216058
0.1219466
0.1165760
0.1129640
0.1143072
0.1165037
0.1131553
0.1030125
0.0919296
0.0874632
0.0914718
0.0978127
0.0974910
0.0864311
0.0683334
0.0503967
0.0371650
0.0283456
0.0207418
0.0111633
-0.0011873
-0.0134848
-0.0210095
-0.0216220
-0.0183692
-0.0166337
-0.0189950
-0.0237491
-0.0279279
-0.0305563
-0.0329406
-0.0365387
-0.0407688
-0.0429794
-0.0409971
-0.0356045
-0.0299234
-0.0267687
-0.0273813
-0.0315017
-0.0365530
-0.0377965
-0.0328031
-0.0260973
-0.0257137
-0.0336201
-0.0425391
-0.0442049
-0.0383578
-0.0315446
-0.0290714
-0.0304540
-0.0317847
-0.0308542
-0.0298808
-0.0326231
-0.0375969
-0.0361833
-0.0216985
0.0000996
