-0.2054097
-0.1871863
-0.1820250
-0.1764478
-0.1680077
-0.1644732
-0.1666740
-0.1661205
-0.1576418
-0.1433488
-0.1253501
-0.1045208
-0.0860304
-0.0765788
-0.0744931
-0.0695220
-0.0545916
-0.0337350
-0.0177744
-0.0146926
-0.0225833
-0.0290339
-0.0203750
0.0038590
0.0275966
0.0335126
0.0197983
-0.0018339
-0.0214013
-0.0379095
-0.0531639
-0.0657385
-0.0736888
-0.0792993
-0.0875241
-0.0996582
-0.1100582
-0.1111172
-0.1029262
-0.0962611
-0.1022795
-0.1192522
-0.1335735
-0.1350453
-0.1271974
-0.1206798
-0.1206270
-0.1239513
-0.1261041
-0.1259207
-0.1240534
-0.1199850
-0.1122178
-0.1010794
-0.0907871
-0.0875926
-0.0942926
-0.1064957
-0.1156548
-0.1162942
-0.1100433
-0.1034766
-0.1028393
-0.1093084
-0.1173453
-0.1185736
-0.1094225
-0.0945080
-0.0809345
-0.0706712
-0.0612097
-0.0525418
-0.0491996
-0.0539489
-0.0624073
-0.0666257
-0.0632955
-0.0561526
-0.0495039
-0.0410234
-0.0237281
0.0038108
0.0316977
0.0467193
0.0462856
0.0413738
0.0444744
0.0569478
0.0693842
0.0716099
0.0600553
0.0378260
0.0118550
-0.0094555
-0.0191279
-0.0153539
-0.0030926
0.0091406
0.0156747
0.0178156
0.0212772
0.0289186
0.0364020
0.0355496
0.0214748
-0.0037854
-0.0329731
-0.0574236
-0.0709160
-0.0730805
-0.0698938
-0.0690989
-0.0740081
-0.0819747
-0.0883366
-0.0905002
-0.0884593
-0.0834071
-0.0770168
-0.0710446
-0.0660800
-0.0604126
-0.0511175
-0.0372697
-0.0214745
-0.0052861
0.0201103
0.0786777
0.2009561
0.4047693
0.6781952
0.9756520
1.2284889
1.3663370
1.3441674
1.1649344
0.8828808
0.5803083
0.3296777
0.1650887
0.0793686
0.0428458
0.0260887
0.0117046
-0.0063094
-0.0276010
-0.0487673
-0.0656676
-0.0764157
-0.0824412
-0.0853759
-0.0837873
-0.0753305
-0.0622838
-0.0524478
-0.0525959
-0.0613970
-0.0700347
-0.0703803
-0.0626500
-0.0550397
-0.0556477
-0.0645252
-0.0735472
-0.0737410
-0.0623999
-0.0438569
-0.0252033
-0.0119795
-0.0062966
-0.0068317
-0.0101218
-0.0128793
-0.0139510
-0.0143172
-0.0152485
-0.0162936
-0.0148309
-0.0078803
0.0050286
0.0207340
0.0345309
0.0432672
0.0463220
0.0448097
0.0414909
0.0409449
0.0471035
0.0589014
0.0696138
0.0728559
0.0699921
0.0704428
0.0831049
0.1068396
0.1300640
0.1408931
0.1381842
0.1322415
0.1345612
0.1473897
0.1630630
0.1719605
0.1701673
0.1608694
0.1506744
0.1450519
0.1456523
0.1502024
0.1543423
0.1540572
0.1476253
0.1365645
0.1248407
0.1159536
0.1098643
0.1032499
0.0936287
0.0831376
0.0775446
0.0812219
0.0930903
0.1073109
0.1177402
0.1219706
0.1218362
0.1209970
0.1223963
0.1268233
0.1317279
0.1308804
0.1176950
0.0918598
0.0625697
0.0424546
0.0365512
0.0379386
0.0352023
0.0237546
0.0092179
0.0005316
0.0012397
0.0077362
0.0144822
0.0191952
0.0229226
0.0269709
0.0316777
0.0380113
0.0484543
0.0648589
0.0854046
0.1041858
0.1147058
0.1162324
0.1201693
0.1514487
0.2406540
0.4090188
0.6551845
0.9512213
1.2476486
1.4834342
1.6004828
1.5637076
1.3803364
1.1036574
0.8114986
0.5691854
0.4023354
0.2981527
0.2290763
0.1750645
0.1284905
0.0871556
0.0499601
0.0188516
-0.0012374
-0.0087685
-0.0107297
-0.0180549
-0.0349510
-0.0543728
-0.0654542
-0.0650193
-0.0606669
-0.0624510
-0.0726718
-0.0846226
-0.0904673
-0.0887580
-0.0841989
-0.0819366
-0.0835615
-0.0878479
-0.0932436
-0.0985482
-0.1020409
-0.1018323
-0.0984455
-0.0966943
-0.1028586
-0.1178149
-0.1330413
-0.1357993
-0.1205159
-0.0953302
-0.0763654
-0.0745335
-0.0871420
-0.1015528
-0.1066475
-0.1014364
-0.0939475
-0.0928321
-0.0999485
-0.1097635
-0.1144310
-0.1093260
-0.0953835
-0.0780406
-0.0641342
-0.0582503
-0.0602826
-0.0657127
-0.0685980
-0.0655104
-0.0579145
-0.0510186
-0.0493695
-0.0526908
-0.0561786
-0.0552381
-0.0495952
-0.0425598
-0.0372954
-0.0350867
-0.0367411
-0.0434600
-0.0549286
-0.0677183
-0.0780010
-0.0866003
-0.0993449
-0.1198720
-0.1422398
-0.1537710
-0.1477615
-0.1324663
-0.1247084
-0.1336370
-0.1522293
-0.1656328
-0.1664824
-0.1606426
-0.1590012
-0.1660520
-0.1771603
-0.1849810
-0.1862010
-0.1819866
-0.1742872
-0.1641612
-0.1537266
-0.1473954
-0.1489175
-0.1569741
-0.1650465
-0.1669521
-0.1629340
-0.1598744
-0.1645899
-0.1762625
-0.1859562
-0.1848277
-0.1732173
-0.1607873
-0.1572139
-0.1636726
-0.1741470
-0.1835268
-0.1918388
-0.2003446
-0.2066388
-0.2068543
-0.2024031
-0.2009855
-0.2081623
-0.2190850
-0.2221433
-0.2123676
-0.1989792
-0.1967706
-0.2101914
-0.2283938
-0.2367966
-0.2316349
-0.2217377
-0.2176554
-0.2217071
-0.2286050
-0.2326893
-0.2320674
-0.2270125
-0.2182197
-0.2086534
-0.2047384
-0.2116319
-0.2263049
-0.2383001
-0.2401902
-0.2363195
-0.2380956
-0.2498828
-0.2622078
-0.2614456
-0.2455143
-0.2272940
-0.2214291
-0.2294462
-0.2398114
-0.2418130
-0.2364375
-0.2324142
-0.2342718
-0.2378729
-0.2375372
-0.2337199
-0.2311322
-0.2313153
-0.2308755
-0.2277024
-0.2257636
-0.2307689
-0.2416566
-0.2494052
-0.2460990
-0.2340263
-0.2236479
-0.2223401
-0.2269070
-0.2281496
-0.2213532
-0.2104926
-0.2028047
-0.2016020
-0.2050623
-0.2098206
-0.2134404
-0.2140642
-0.2106827
-0.2056166
-0.2052079
-0.2146952
-0.2308306
-0.2415028
-0.2359503
-0.2164032
-0.1977297
-0.1935525
-0.2029798
-0.2125369
-0.2112553
-0.2020522
-0.1967625
-0.2007110
-0.2046217
-0.1936506
-0.1641442
-0.1295298
-0.1081103
-0.1053214
-0.1091891
-0.1032988
-0.0829537
-0.0580436
-0.0416181
-0.0378546
-0.0413868
-0.0458388
-0.0499328
-0.0547641
-0.0581493
-0.0555957
-0.0475968
-0.0425149
-0.0482942
-0.0613452
-0.0675266
-0.0572908
-0.0388529
-0.0328532
-0.0521906
-0.0885613
-0.1209388
-0.1368191
-0.1425923
-0.1522424
-0.1690141
-0.1823693
-0.1830967
-0.1767652
-0.1779994
-0.1923212
-0.2080152
-0.2081833
-0.1886526
-0.1610858
-0.1393636
-0.1268673
-0.1186231
-0.1112846
-0.1034199
-0.0826279
-0.0167265
0.1337688
0.3870348
0.7185557
1.0635511
1.3385867
1.4676647
1.4055192
1.1576495
0.7894684
0.4087707
0.1181210
-0.0369855
-0.0843689
-0.0907850
-0.1065463
-0.1372014
-0.1611558
-0.1661016
-0.1636978
-0.1724105
-0.1946110
-0.2154657
-0.2215580
-0.2149485
-0.2077705
-0.2074176
-0.2111197
-0.2135360
-0.2143265
-0.2156273
-0.2153875
-0.2084410
-0.1951716
-0.1851782
-0.1885271
-0.2037258
-0.2173629
-0.2171347
-0.2040028
-0.1900807
-0.1852077
-0.1874775
-0.1874408
-0.1797599
-0.1685101
-0.1610265
-0.1588425
-0.1566475
-0.1496298
-0.1397401
-0.1336761
-0.1355729
-0.1427738
-0.1484794
-0.1473940
-0.1385714
-0.1241654
-0.1072082
-0.0908965
-0.0782878
-0.0705241
-0.0649735
-0.0567432
-0.0435639
-0.0288784
-0.0187246
-0.0150869
-0.0131954
-0.0061683
0.0080050
0.0246900
0.0373663
0.0430654
0.0430580
0.0400265
0.0366423
0.0364876
0.0431207
0.0554529
0.0650080
0.0614492
0.0430652
0.0205038
0.0076584
0.0083483
0.0132231
0.0101773
-0.0034978
-0.0201378
-0.0313806
-0.0365108
-0.0408882
-0.0483540
-0.0573247
-0.0637871
-0.0657095
-0.0636040
-0.0587141
-0.0528640
-0.0495002
-0.0521199
-0.0601181
-0.0674693
-0.0677477
-0.0610460
-0.0546698
-0.0557603
-0.0634431
-0.0694145
-0.0667829
-0.0575239
-0.0501681
-0.0503049
-0.0545838
-0.0546966
-0.0464429
-0.0338017
-0.0243630
-0.0221458
-0.0255546
-0.0311617
-0.0373904
-0.0436311
-0.0471913
-0.0437170
-0.0320685
-0.0179521
-0.0107048
-0.0151303
-0.0265040
-0.0343595
-0.0319739
-0.0227109
-0.0171666
-0.0235251
-0.0398932
-0.0557622
-0.0612385
-0.0551877
-0.0447422
-0.0376977
-0.0362985
-0.0380645
-0.0405700
-0.0433342
-0.0453835
-0.0437990
-0.0371711
-0.0299296
-0.0302300
-0.0414013
-0.0563965
-0.0631187
-0.0561155
-0.0419000
-0.0319739
-0.0315375
-0.0360024
-0.0375986
-0.0334506
-0.0268471
-0.0223159
-0.0209129
-0.0197798
-0.0148118
-0.0034677
0.0137775
0.0336100
0.0517436
0.0656225
0.0757889
0.0845920
0.0938185
0.1038110
0.1138556
0.1215079
0.1213198
0.1071432
0.0791633
0.0487645
0.0328967
0.0401888
0.0622999
0.0807143
0.0830873
0.0727261
0.0623671
0.0601724
0.0626526
0.0598210
0.0449246
0.0190039
-0.0114176
-0.0387911
-0.0577305
-0.0670749
-0.0706578
-0.0749704
-0.0841052
-0.0963267
-0.1058262
-0.1076610
-0.1008105
-0.0874972
-0.0713241
-0.0564723
-0.0469559
-0.0443764
-0.0451518
-0.0391187
-0.0093307
0.0675704
0.2173734
0.4559167
0.7706701
1.1099205
1.3939582
1.5468886
1.5294729
1.3523375
1.0659505
0.7396276
0.4414669
0.2214839
0.0977822
0.0521786
0.0430529
0.0311932
0.0009018
-0.0389945
-0.0716400
-0.0890237
-0.0957362
-0.1013606
-0.1121410
-0.1282434
-0.1451074
-0.1561380
-0.1566661
-0.1481338
-0.1382005
-0.1346909
-0.1387298
-0.1447756
-0.1474666
-0.1466990
-0.1449886
-0.1419024
-0.1343876
-0.1230214
-0.1145679
-0.1150563
-0.1210453
-0.1213897
-0.1095592
-0.0922558
-0.0830924
-0.0879334
-0.0987823
-0.1026958
-0.0944625
-0.0787808
-0.0617134
-0.0434302
-0.0202583
0.0087894
0.0403295
0.0710174
0.1009158
0.1310131
0.1588121
0.1787353
0.1875460
0.1882615
0.1878128
0.1911151
0.1978343
0.2044824
0.2088316
0.2120231
0.2166047
0.2226470
0.2259595
0.2207718
0.2048884
0.1821378
0.1590651
0.1390313
0.1201618
0.0992325
0.0763001
0.0540016
0.0327323
0.0090423
-0.0192941
-0.0477451
-0.0674804
-0.0745897
-0.0751881
-0.0794696
-0.0913585
-0.1060102
-0.1172806
-0.1247363
-0.1315121
-0.1375143
-0.1386362
-0.1332954
-0.1261055
-0.1217306
-0.1164836
-0.1008005
-0.0724931
-0.0440922
-0.0301451
-0.0224597
0.0213370
0.1587959
0.4229249
0.7906057
1.1826426
1.4964157
1.6517059
1.6243174
1.4506941
1.2033237
0.9528124
0.7390909
0.5663870
0.4194118
0.2847668
0.1618706
0.0593642
-0.0155188
-0.0644781
-0.0976349
-0.1266755
-0.1571445
-0.1856989
-0.2047818
-0.2110233
-0.2094980
-0.2093211
-0.2150871
-0.2234245
-0.2281162
-0.2273205
-0.2245526
-0.2233673
-0.2233063
-0.2220597
-0.2200211
-0.2203816
-0.2244049
-0.2284743
-0.2274475
-0.2206059
-0.2130041
-0.2106282
-0.2148756
-0.2218699
-0.2263166
-0.2257090
-0.2218351
-0.2191949
-0.2212632
-0.2267574
-0.2294210
-0.2230471
-0.2078596
-0.1912197
-0.1808124
-0.1774302
-0.1757088
-0.1716064
-0.1666758
-0.1634516
-0.1589238
-0.1468094
-0.1274316
-0.1115961
-0.1102076
-0.1200045
-0.1236452
-0.1069473
-0.0748352
-0.0472925
-0.0390939
-0.0457544
-0.0507164
-0.0444451
-0.0336038
-0.0313637
-0.0416146
-0.0551617
-0.0607020
-0.0568795
-0.0523801
-0.0556951
-0.0668540
-0.0793305
-0.0882948
-0.0953683
-0.1052862
-0.1192593
-0.1330089
-0.1416205
-0.1453249
-0.1491416
-0.1564907
-0.1642700
-0.1656421
-0.1578876
-0.1464384
-0.1401784
-0.1428746
-0.1498635
-0.1531271
-0.1488978
-0.1401517
-0.1328377
-0.1309861
-0.1351163
-0.1433365
-0.1523745
-0.1581517
-0.1574536
-0.1504577
-0.1413878
-0.1356503
-0.1355371
-0.1383868
-0.1389916
-0.1343829
-0.1270812
-0.1237070
-0.1292210
-0.1412580
-0.1504124
-0.1478682
-0.1340575
-0.1192399
-0.1141225
-0.1196441
-0.1270181
-0.1281205
-0.1242818
-0.1233648
-0.1292582
-0.1371079
-0.1399370
-0.1375109
-0.1356423
-0.1371013
-0.1367938
-0.1284914
-0.1148794
-0.1073033
-0.1139028
-0.1296791
-0.1406785
-0.1381218
-0.1267313
-0.1184855
-0.1196637
-0.1254596
-0.1262527
-0.1165944
-0.0974485
-0.0724727
-0.0455182
-0.0216795
-0.0068444
-0.0025074
-0.0015493
0.0068490
0.0252483
0.0422687
0.0425148
0.0237471
0.0021291
-0.0023434
0.0142146
0.0358905
0.0435867
0.0335659
0.0183898
0.0114589
0.0139217
0.0172360
0.0149261
0.0079782
-0.0007090
-0.0126088
-0.0311185
-0.0545655
-0.0757968
-0.0901794
-0.1014355
-0.1166698
-0.1361436
-0.1509633
-0.1524351
-0.1422216
-0.1311604
-0.1281515
-0.1318367
-0.1334597
-0.1259545
-0.1089213
-0.0867409
-0.0653938
-0.0511228
-0.0464612
-0.0405566
-0.0022421
0.1102968
0.3223326
0.6171037
0.9348449
1.1990324
1.3490868
1.3569915
1.2251672
0.9799094
0.6698184
0.3615026
0.1204923
-0.0180010
-0.0660006
-0.0697849
-0.0752286
-0.0996786
-0.1315307
-0.1522415
-0.1568956
-0.1556822
-0.1601920
-0.1719345
-0.1840641
-0.1911589
-0.1945539
-0.1983930
-0.2031342
-0.2049724
-0.2010424
-0.1930656
-0.1849384
-0.1780210
-0.1705684
-0.1617671
-0.1545188
-0.1528552
-0.1571326
-0.1631251
-0.1660147
-0.1642306
-0.1591259
-0.1524329
-0.1455498
-0.1404727
-0.1388209
-0.1387049
-0.1343099
-0.1212190
-0.1025405
-0.0877092
-0.0835063
-0.0868605
-0.0881338
-0.0815885
-0.0709820
-0.0639283
-0.0621010
-0.0590084
-0.0475186
-0.0278133
-0.0069058
0.0085041
0.0170907
0.0214066
0.0237242
0.0247768
0.0255061
0.0279314
0.0336103
0.0422593
0.0526666
0.0642254
0.0764031
0.0869455
0.0922556
0.0907641
0.0854878
0.0819653
0.0830081
0.0857036
0.0838489
0.0733418
0.0555699
0.0364544
0.0225913
0.0172198
0.0180933
0.0186593
0.0127244
-0.0001692
-0.0137353
-0.0206768
-0.0204315
-0.0204363
-0.0282463
-0.0424147
-0.0528103
-0.0511007
-0.0401285
-0.0314564
-0.0336498
-0.0443108
-0.0540474
-0.0566663
-0.0538621
-0.0508253
-0.0499883
-0.0501700
-0.0496244
-0.0471104
-0.0403864
-0.0270530
-0.0089264
0.0065261
0.0127483
0.0126423
0.0174309
0.0343161
0.0564338
0.0683991
0.0630063
0.0503076
0.0478935
0.0626194
0.0837068
0.0937584
0.0844573
0.0607910
0.0327733
0.0067133
-0.0154517
-0.0324097
-0.0427783
-0.0476035
-0.0504215
-0.0534578
-0.0553699
-0.0543335
-0.0522426
-0.0533943
-0.0584920
-0.0619298
-0.0568072
-0.0422921
-0.0249284
-0.0130080
-0.0106583
-0.0161078
-0.0212779
-0.0091141
0.0477062
0.1791439
0.4008329
0.6980534
1.0222514
1.3026521
1.4671826
1.4662412
1.2939814
0.9979938
0.6657610
0.3869026
0.2109697
0.1301730
0.0993963
0.0750356
0.0402685
0.0013585
-0.0317916
-0.0575971
-0.0792476
-0.0966223
-0.1059300
-0.1060065
-0.1015350
-0.0989663
-0.1007919
-0.1048639
-0.1082015
-0.1099687
-0.1111893
-0.1133953
-0.1181646
-0.1264247
-0.1365293
-0.1434639
-0.1420737
-0.1324891
-0.1217294
-0.1182908
-0.1242038
-0.1327190
-0.1346033
-0.1271734
-0.1170325
-0.1134254
-0.1184199
-0.1237260
-0.1180933
-0.0988759
-0.0763065
-0.0651032
-0.0705567
-0.0828789
-0.0863049
-0.0743927
-0.0558930
-0.0449780
-0.0461501
-0.0497911
-0.0427256
-0.0222081
0.0011816
0.0138420
0.0114303
0.0014290
-0.0048153
-0.0018130
0.0070391
0.0142434
0.0156203
0.0141336
0.0171665
0.0293354
0.0469528
0.0598086
0.0597010
0.0479119
0.0337048
0.0248259
0.0199666
0.0114810
-0.0047621
-0.0237769
-0.0366495
-0.0405381
-0.0419843
-0.0498334
-0.0657858
-0.0827828
-0.0923912
-0.0929872
-0.0907087
-0.0931601
-0.1024513
-0.1136456
-0.1192977
-0.1159194
-0.1070354
-0.1002024
-0.1003477
-0.1055186
-0.1095339
-0.1091401
-0.1077800
-0.1110859
-0.1187776
-0.1228298
-0.1152731
-0.0974648
-0.0800654
-0.0732179
-0.0775933
-0.0855951
-0.0900750
-0.0901692
-0.0890036
-0.0882513
-0.0867993
-0.0837828
-0.0805617
-0.0789700
-0.0790435
-0.0796396
-0.0804152
-0.0816521
-0.0824012
-0.0807725
-0.0770551
-0.0750635
-0.0782581
-0.0844723
-0.0864911
-0.0793707
-0.0665698
-0.0572958
-0.0573613
-0.0634955
-0.0672553
-0.0640894
-0.0579210
-0.0569167
-0.0651657
-0.0783476
-0.0870441
-0.0845366
-0.0725681
-0.0603671
-0.0574327
-0.0657096
-0.0779210
-0.0840470
-0.0804521
-0.0730743
-0.0713670
-0.0787576
-0.0889914
-0.0919582
-0.0832853
-0.0684963
-0.0580001
-0.0578970
-0.0652595
-0.0720297
-0.0733720
-0.0720264
-0.0741903
-0.0812294
-0.0863319
-0.0805181
-0.0623693
-0.0411587
-0.0294763
-0.0324493
-0.0441436
-0.0538980
-0.0553549
-0.0497744
-0.0426375
-0.0387031
-0.0394802
-0.0428620
-0.0440442
-0.0386417
-0.0274319
-0.0179146
-0.0185057
-0.0293088
-0.0398130
-0.0382573
-0.0238929
-0.0082065
-0.0025452
-0.0053976
-0.0037399
0.0128605
0.0410435
0.0672945
0.0815748
0.0860365
0.0909046
0.1036836
0.1229416
0.1408687
0.1499705
0.1477751
0.1376279
0.1267311
0.1224417
0.1277375
0.1384230
0.1451883
0.1403655
0.1244906
0.1068198
0.0985603
0.1038672
0.1160057
0.1222154
0.1136248
0.0919027
0.0667738
0.0468056
0.0324740
0.0182141
0.0005775
-0.0169772
-0.0279916
-0.0306541
-0.0299485
-0.0318793
-0.0367778
-0.0392937
-0.0342769
-0.0212962
-0.0036425
0.0149390
0.0312335
0.0425700
0.0506685
0.0687705
0.1237058
0.2456217
0.4489974
0.7178133
1.0054378
1.2490003
1.3898624
1.3918426
1.2527429
1.0065235
0.7137803
0.4414933
0.2394716
0.1246882
0.0810586
0.0734998
0.0678641
0.0465466
0.0126898
-0.0180174
-0.0319256
-0.0281273
-0.0178691
-0.0144535
-0.0231169
-0.0390917
-0.0535142
-0.0603487
-0.0590005
-0.0529854
-0.0475465
-0.0471985
-0.0528471
-0.0600940
-0.0617005
-0.0537619
-0.0400349
-0.0292827
-0.0275495
-0.0330404
-0.0385975
-0.0386386
-0.0333415
-0.0268246
-0.0225049
-0.0204713
-0.0183002
-0.0134075
-0.0049125
0.0055905
0.0145295
0.0184420
0.0169094
0.0138358
0.0148890
0.0223826
0.0323170
0.0373556
0.0340087
0.0274155
0.0283415
0.0440674
0.0712205
0.0976408
0.1121914
0.1136324
0.1103482
0.1116764
0.1197383
0.1294127
0.1350671
0.1360725
0.1358778
0.1373554
0.1405749
0.1447898
0.1505691
0.1582940
0.1650140
0.1650265
0.1554048
0.1406479
0.1298717
0.1278622
0.1292546
0.1230959
0.1040795
0.0788403
0.0603120
0.0557464
0.0606418
0.0641286
0.0591295
0.0467242
0.0321451
0.0191437
0.0090190
0.0026701
0.0003344
-0.0010537
-0.0072977
-0.0209416
-0.0361895
-0.0424839
-0.0349650
-0.0207671
-0.0133111
-0.0197085
-0.0342374
-0.0444445
-0.0431408
-0.0341137
-0.0268410
-0.0266684
-0.0300901
-0.0283808
-0.0149285
0.0102996
0.0416589
0.0717143
0.0943584
0.1057478
0.1044690
0.0923619
0.0748647
0.0585865
0.0467288
0.0367987
0.0239432
0.0070395
-0.0092272
-0.0189057
-0.0206919
-0.0183302
-0.0156458
-0.0129758
-0.0091299
-0.0048225
-0.0015319
0.0027418
0.0131773
0.0310693
0.0488136
0.0567162
0.0584893
0.0803822
0.1628200
0.3388125
0.6131146
0.9525212
1.2897393
1.5405725
1.6330305
1.5393245
1.2921723
0.9705703
0.6611034
0.4207502
0.2645135
0.1781095
0.1371406
0.1176616
0.0994297
0.0701147
0.0304610
-0.0075542
-0.0318160
-0.0407924
-0.0431682
-0.0479327
-0.0567376
-0.0659887
-0.0735171
-0.0802060
-0.0855300
-0.0851835
-0.0760488
-0.0626309
-0.0552458
-0.0599364
-0.0714281
-0.0783316
-0.0756599
-0.0704558
-0.0736622
-0.0871724
-0.1007333
-0.1022176
-0.0898046
-0.0731544
-0.0636410
-0.0650976
-0.0735430
-0.0828300
-0.0883880
-0.0873508
-0.0792884
-0.0685267
-0.0629187
-0.0664743
-0.0728250
-0.0690889
-0.0488007
-0.0204366
-0.0009731
-0.0002277
-0.0123264
-0.0226347
-0.0216107
-0.0112119
0.0001411
0.0059041
0.0048407
-0.0002450
-0.0042222
-0.0011928
0.0119407
0.0313680
0.0471127
0.0504022
0.0413936
0.0290269
0.0225407
0.0230519
0.0233490
0.0152607
-0.0032211
-0.0272130
-0.0495876
-0.0657519
-0.0752223
-0.0806084
-0.0859217
-0.0948924
-0.1091389
-0.1267711
-0.1428736
-0.1525592
-0.1549226
-0.1543791
-0.1571706
-0.1653236
-0.1739047
-0.1752915
-0.1671732
-0.1562627
-0.1531556
-0.1626972
-0.1793017
-0.1920558
-0.1945539
-0.1896802
-0.1851040
-0.1850206
-0.1869085
-0.1856410
-0.1791864
-0.1696599
-0.1601409
-0.1524436
-0.1482602
-0.1503527
-0.1601138
-0.1737378
-0.1831989
-0.1835026
-0.1788714
-0.1794101
-0.1900696
-0.2040366
-0.2091900
-0.2012612
-0.1886313
-0.1829227
-0.1863322
-0.1904957
-0.1876558
-0.1802256
-0.1774627
-0.1841682
-0.1956920
-0.2047011
-0.2100080
-0.2158483
-0.2233654
-0.2267339
-0.2200951
-0.2065774
-0.1969921
-0.1985515
-0.2069092
-0.2113906
-0.2075249
-0.2022262
-0.2056771
-0.2194975
-0.2346693
-0.2408633
-0.2359134
-0.2254282
-0.2152465
-0.2071038
-0.2014700
-0.2008431
-0.2068373
-0.2148703
-0.2158668
-0.2059350
-0.1928102
-0.1891932
-0.1985964
-0.2101461
-0.2098150
-0.1960481
-0.1816604
-0.1797941
-0.1905165
-0.2030433
-0.2090413
-0.2100565
-0.2116612
-0.2144356
-0.2142718
-0.2101880
-0.2073244
-0.2100844
-0.2147917
-0.2127691
-0.2010528
-0.1871911
-0.1812298
-0.1839406
-0.1854271
-0.1760127
-0.1568907
-0.1385977
-0.1294995
-0.1272224
-0.1218356
-0.1065225
-0.0841368
-0.0634354
-0.0501485
-0.0429696
-0.0380205
-0.0351073
-0.0373390
-0.0447877
-0.0514755
-0.0513641
-0.0467165
-0.0470752
-0.0575539
-0.0696736
-0.0677637
-0.0466237
-0.0211712
-0.0153448
-0.0401262
-0.0834791
-0.1225794
-0.1447989
-0.1557686
-0.1686039
-0.1884840
-0.2088939
-0.2204879
-0.2203551
-0.2122270
-0.2004738
-0.1867671
-0.1723179
-0.1601455
-0.1524126
-0.1462631
-0.1356073
-0.1187798
-0.1015643
-0.0866626
-0.0562480
0.0325141
0.2256133
0.5345050
0.9117239
1.2622562
1.4855239
1.5198576
1.3632892
1.0657683
0.7055951
0.3635988
0.1006323
-0.0584504
-0.1277383
-0.1456396
-0.1498522
-0.1588863
-0.1721850
-0.1841490
-0.1957035
-0.2125584
-0.2354231
-0.2560533
-0.2649709
-0.2620544
-0.2573226
-0.2604393
-0.2704426
-0.2770132
-0.2718117
-0.2575994
-0.2456919
-0.2450095
-0.2543689
-0.2651166
-0.2698628
-0.2679160
-0.2635237
-0.2610161
-0.2621513
-0.2662747
-0.2709822
-0.2726707
-0.2682288
-0.2576151
-0.2447777
-0.2352829
-0.2323785
-0.2348943
-0.2385722
-0.2393776
-0.2360781
-0.2304380
-0.2252231
-0.2215363
-0.2174924
-0.2096053
-0.1961445
-0.1794244
-0.1643947
-0.1546031
-0.1496191
-0.1463125
-0.1419592
-0.1357704
-0.1283956
-0.1213453
-0.1167842
-0.1160963
-0.1172605
-0.1143417
-0.1016355
-0.0796640
-0.0566624
-0.0427319
-0.0415179
-0.0476010
-0.0524094
-0.0527066
-0.0530668
-0.0601778
-0.0752707
-0.0924990
-0.1046048
-0.1098506
-0.1132087
-0.1207468
-0.1330931
-0.1448952
-0.1508702
-0.1517754
-0.1536457
-0.1613710
-0.1740792
-0.1871011
-0.1971046
-0.2037736
-0.2069241
-0.2044842
-0.1954159
-0.1840359
-0.1786726
-0.1839474
-0.1950699
-0.2021068
-0.2008271
-0.1976713
-0.2020044
-0.2138463
-0.2217131
-0.2143024
-0.1936405
-0.1748195
-0.1718134
-0.1840712
-0.1978263
-0.2003119
-0.1916718
-0.1827063
-0.1823401
-0.1889898
-0.1940424
-0.1916461
-0.1833777
-0.1741291
-0.1659475
-0.1574353
-0.1481943
-0.1414746
-0.1410919
-0.1465891
-0.1533163
-0.1578856
-0.1620636
-0.1695234
-0.1790612
-0.1833195
-0.1760785
-0.1604391
-0.1479170
-0.1480449
-0.1589249
-0.1689508
-0.1684256
-0.1592170
-0.1524449
-0.1567576
-0.1695032
-0.1795230
-0.1778311
-0.1650943
-0.1496731
-0.1399828
-0.1389290
-0.1438697
-0.1498233
-0.1525293
-0.1503659
-0.1453389
-0.1421707
-0.1444600
-0.1502394
-0.1521514
-0.1441033
-0.1284476
-0.1151473
-0.1123268
-0.1178918
-0.1216773
-0.1160829
-0.1036218
-0.0934158
-0.0910276
-0.0928873
-0.0906580
-0.0797208
-0.0624005
-0.0438044
-0.0265885
-0.0105205
0.0046254
0.0180481
0.0297931
0.0415351
0.0540022
0.0643848
0.0680910
0.0638273
0.0562573
0.0526412
0.0564516
0.0643547
0.0694284
0.0672295
0.0591256
0.0507206
0.0474989
0.0508123
0.0561798
0.0551864
0.0410489
0.0144877
-0.0157670
-0.0396861
-0.0540351
-0.0636214
-0.0745318
-0.0870750
-0.0961914
-0.0981208
-0.0948948
-0.0913652
-0.0888844
-0.0836063
-0.0710903
-0.0511452
-0.0278507
-0.0068668
0.0060092
0.0070906
0.0025180
0.0175483
0.0941126
0.2692480
0.5462640
0.8818245
1.2006228
1.4262394
1.5067188
1.4248977
1.1994655
0.8831947
0.5530907
0.2849185
0.1205445
0.0517621
0.0355992
0.0286906
0.0119780
-0.0104044
-0.0283363
-0.0385460
-0.0442810
-0.0490063
-0.0536844
-0.0582656
-0.0624256
-0.0644470
-0.0620202
-0.0559707
-0.0517567
-0.0546140
-0.0628011
-0.0676720
-0.0620283
-0.0479519
-0.0352901
-0.0322878
-0.0380727
-0.0440875
-0.0423557
-0.0325749
-0.0219700
-0.0185011
-0.0234499
-0.0296752
-0.0271393
-0.0113449
0.0123295
0.0324214
0.0405045
0.0377790
0.0332518
0.0355813
0.0465280
0.0613613
0.0740629
0.0816769
0.0852565
0.0886335
0.0962238
0.1100160
0.1272671
0.1418216
0.1492844
0.1514446
0.1548165
0.1640279
0.1769079
0.1868772
0.1901636
0.1897219
0.1917040
0.1992002
0.2104516
0.2220938
0.2319095
0.2381659
0.2387714
0.2332851
0.2249466
0.2182836
0.2139444
0.2074973
0.1948249
0.1779774
0.1636945
0.1554878
0.1487699
0.1356020
0.1139609
0.0905737
0.0741212
0.0670792
0.0650283
0.0622846
0.0561989
0.0468466
0.0356747
0.0259419
0.0224308
0.0276583
0.0376669
0.0434298
0.0383767
0.0247435
0.0115503
0.0059547
0.0072034
0.0092449
0.0080191
0.0048871
0.0035363
0.0054501
0.0090009
0.0115428
0.0112806
0.0080910
0.0040905
0.0030859
0.0075206
0.0149192
0.0185223
0.0134075
0.0024953
-0.0048574
-0.0016405
0.0096208
0.0194938
0.0212623
0.0164797
0.0108227
0.0069550
0.0038018
0.0014315
0.0026327
0.0079922
0.0121737
0.0087437
-0.0010633
-0.0073033
-0.0012085
0.0147302
0.0286260
0.0313297
0.0249053
0.0182457
0.0163570
0.0164697
0.0139265
0.0083908
0.0026616
-0.0020590
-0.0064221
-0.0087773
-0.0040940
0.0105993
0.0303506
0.0440374
0.0435056
0.0312450
0.0186017
0.0159200
0.0240130
0.0348002
0.0398515
0.0384388
0.0380084
0.0472835
0.0684317
0.0951527
0.1181806
0.1328535
0.1415111
0.1491529
0.1580215
0.1668473
0.1737955
0.1781474
0.1793234
0.1765206
0.1707079
0.1659215
0.1666396
0.1731905
0.1805109
0.1823551
0.1769893
0.1686635
0.1636622
0.1650472
0.1703742
0.1728380
0.1643465
0.1401307
0.1037121
0.0674504
0.0447980
0.0391583
0.0408331
0.0367326
0.0231997
0.0082678
0.0017463
0.0050916
0.0119102
0.0166571
0.0203160
0.0272484
0.0387786
0.0519289
0.0638560
0.0759965
0.0952759
0.1355416
0.2193284
0.3724489
0.6066929
0.9004517
1.1952352
1.4149594
1.4961057
1.4110502
1.1767096
0.8504431
0.5147771
0.2501464
0.1021751
0.0621932
0.0784381
0.0935178
0.0799587
0.0467090
0.0169288
0.0025030
-0.0022810
-0.0090700
-0.0227587
-0.0392665
-0.0513310
-0.0543323
-0.0482722
-0.0368709
-0.0255899
-0.0193135
-0.0201511
-0.0263251
-0.0330766
-0.0354123
-0.0312687
-0.0233365
-0.0181007
-0.0214227
-0.0325366
-0.0419802
-0.0381215
-0.0183992
0.0064114
0.0214363
0.0218301
0.0164922
0.0176174
0.0283741
0.0419244
0.0508393
0.0548392
0.0590002
0.0668966
0.0780318
0.0915587
0.1094171
0.1336122
0.1617667
0.1883631
0.2109158
0.2325616
0.2570910
0.2829310
0.3038749
0.3151392
0.3171188
0.3135825
0.3082294
0.3038639
0.3034098
0.3093770
0.3211094
0.3330323
0.3370168
0.3276649
0.3058416
0.2774954
0.2493924
0.2251086
0.2029897
0.1770838
0.1421827
0.1006371
0.0637018
0.0430208
0.0390414
0.0390074
0.0280212
0.0022807
-0.0287169
-0.0521259
-0.0629006
-0.0657738
-0.0684571
-0.0747178
-0.0834983
-0.0918481
-0.0964569
-0.0936358
-0.0812105
-0.0616017
-0.0410790
-0.0246716
-0.0129711
-0.0037026
0.0085870
0.0403394
0.1256539
0.3052117
0.5950653
0.9577754
1.3055492
1.5415941
1.6114100
1.5248728
1.3358895
1.1034293
0.8676125
0.6505917
0.4658134
0.3196329
0.2079062
0.1188274
0.0429847
-0.0201653
-0.0669503
-0.0992239
-0.1265026
-0.1567539
-0.1867215
-0.2048740
-0.2052962
-0.1965065
-0.1942375
-0.2061855
-0.2257709
-0.2405882
-0.2449366
-0.2434189
-0.2438209
-0.2482819
-0.2521205
-0.2507840
-0.2463427
-0.2454505
-0.2509978
-0.2577353
-0.2575194
-0.2482979
-0.2369192
-0.2329848
-0.2398537
-0.2511536
-0.2563699
-0.2509788
-0.2412611
-0.2380786
-0.2455917
-0.2570251
-0.2617794
-0.2557590
-0.2444324
-0.2366831
-0.2360771
-0.2375373
-0.2323154
-0.2166169
-0.1953953
-0.1777069
-0.1691289
-0.1689031
-0.1725939
-0.1756199
-0.1751261
-0.1708853
-0.1649913
-0.1595518
-0.1544544
-0.1481704
-0.1406194
-0.1342521
-0.1318294
-0.1330262
-0.1331416
-0.1262449
-0.1116551
-0.0975418
-0.0956837
-0.1108575
-0.1361764
-0.1596833
-0.1745247
-0.1823834
-0.1891462
-0.1990468
-0.2120081
-0.2247651
-0.2341225
-0.2394203
-0.2420804
-0.2437285
-0.2456150
-0.2485243
-0.2512183
-0.2499364
-0.2423724
-0.2323441
-0.2277954
-0.2329653
-0.2439037
-0.2523852
-0.2534915
-0.2495638
-0.2475712
-0.2519413
-0.2592985
-0.2620206
-0.2584178
-0.2567883
-0.2659266
-0.2826810
-0.2927719
-0.2850989
-0.2638305
-0.2458544
-0.2462109
-0.2646035
-0.2856840
-0.2942210
-0.2899854
-0.2850469
-0.2870326
-0.2907683
-0.2888599
-0.2846900
-0.2889505
-0.3050918
-0.3230819
-0.3284013
-0.3160170
-0.2958799
-0.2840836
-0.2864578
-0.2920985
-0.2866621
-0.2699500
-0.2541922
-0.2465220
-0.2420540
-0.2351731
-0.2276566
-0.2215648
-0.2127764
-0.1974722
-0.1794469
-0.1670785
-0.1681172
-0.1880324
-0.2238333
-0.2566793
-0.2625852
-0.2379520
