0.0196304
-0.0133295
-0.0619794
-0.0760413
-0.0658225
-0.0758722
-0.1099195
-0.1322559
-0.1301716
-0.1272706
-0.1378154
-0.1486526
-0.1496378
-0.1492953
-0.1544021
-0.1585988
-0.1564468
-0.1508765
-0.1447388
-0.1390879
-0.1380305
-0.1423166
-0.1426532
-0.1325609
-0.1218705
-0.1232186
-0.1306980
-0.1266574
-0.1061025
-0.0809888
-0.0615651
-0.0415896
0.0029222
0.1078833
0.3046268
0.5933500
0.9307769
1.2491179
1.4860412
1.5982853
1.5627469
1.3817896
1.0895494
0.7466141
0.4234685
0.1787720
0.0363665
-0.0248609
-0.0510955
-0.0760467
-0.1037599
-0.1252931
-0.1401655
-0.1556924
-0.1738627
-0.1879216
-0.1909347
-0.1843887
-0.1786662
-0.1839986
-0.1985316
-0.2083443
-0.2041586
-0.1946550
-0.1960552
-0.2106121
-0.2237347
-0.2224946
-0.2094838
-0.1969227
-0.1930361
-0.1964348
-0.2001666
-0.1993190
-0.1955976
-0.1940336
-0.1955171
-0.1963121
-0.1957464
-0.1983282
-0.2046161
-0.2059169
-0.1943029
-0.1746946
-0.1609547
-0.1609133
-0.1690977
-0.1733171
-0.1658694
-0.1496382
-0.1351165
-0.1301177
-0.1316022
-0.1294616
-0.1180799
-0.1010443
-0.0848785
-0.0725421
-0.0636266
-0.0563634
-0.0479433
-0.0365734
-0.0246830
-0.0171348
-0.0153137
-0.0154491
-0.0128520
-0.0052320
0.0074061
0.0224890
0.0345018
0.0384394
0.0345960
0.0281056
0.0237973
0.0226658
0.0218747
0.0164030
0.0027424
-0.0163240
-0.0321199
-0.0378988
-0.0354777
-0.0327421
-0.0363401
-0.0478948
-0.0642475
-0.0789630
-0.0863218
-0.0869872
-0.0881452
-0.0954441
-0.1059695
-0.1112965
-0.1067294
-0.0962563
-0.0891181
-0.0918345
-0.1023108
-0.1116746
-0.1132716
-0.1093366
-0.1071240
-0.1098581
-0.1144204
-0.1166255
-0.1145466
-0.1068463
-0.0926801
-0.0751493
-0.0615081
-0.0571770
-0.0602880
-0.0631855
-0.0591739
-0.0484368
-0.0382444
-0.0363583
-0.0429110
-0.0496957
-0.0485892
-0.0395217
-0.0294419
-0.0256858
-0.0317909
-0.0469706
-0.0665816
-0.0844126
-0.0973830
-0.1078166
-0.1196301
-0.1329488
-0.1436186
-0.1472752
-0.1433442
-0.1363000
-0.1332820
-0.1383924
-0.1482366
-0.1546296
-0.1526973
-0.1452205
-0.1386443
-0.1360921
-0.1343794
-0.1266665
-0.1088029
-0.0850771
-0.0661327
-0.0558149
-0.0366484
0.0298066
0.1829664
0.4366535
0.7644281
1.1061765
1.3913771
1.5641328
1.5954783
1.4820143
1.2430355
0.9229562
0.5886115
0.3089273
0.1245538
0.0313100
-0.0082820
-0.0353941
-0.0705928
-0.1106623
-0.1433443
-0.1629107
-0.1728670
-0.1786104
-0.1826481
-0.1867274
-0.1934541
-0.2029779
-0.2109663
-0.2131825
-0.2111440
-0.2107750
-0.2154132
-0.2215255
-0.2218147
-0.2126355
-0.1985845
-0.1891328
-0.1897057
-0.1965741
-0.2016139
-0.2011804
-0.1985792
-0.1986390
-0.2022411
-0.2061284
-0.2058982
-0.1988710
-0.1860554
-0.1722530
-0.1631101
-0.1609932
-0.1634020
-0.1649703
-0.1612641
-0.1522483
-0.1428355
-0.1384781
-0.1388899
-0.1373284
-0.1274935
-0.1102524
-0.0924195
-0.0799167
-0.0732718
-0.0686712
-0.0618184
-0.0512092
-0.0388382
-0.0276596
-0.0180239
-0.0071479
0.0076394
0.0256729
0.0428408
0.0539898
0.0562112
0.0515410
0.0463296
0.0459550
0.0494154
0.0503197
0.0437465
0.0314558
0.0204793
0.0173428
0.0228489
0.0308562
0.0325735
0.0241622
0.0107556
0.0017899
0.0018281
0.0065588
0.0078300
0.0020035
-0.0065595
-0.0098398
-0.0042497
0.0053039
0.0098274
0.0045853
-0.0078378
-0.0221980
-0.0359108
-0.0491389
-0.0624148
-0.0764889
-0.0929114
-0.1117961
-0.1288688
-0.1370300
-0.1325680
-0.1199965
-0.1099566
-0.1108371
-0.1211775
-0.1307401
-0.1304888
-0.1216912
-0.1142529
-0.1161675
-0.1254930
-0.1322553
-0.1270776
-0.1087628
-0.0855823
-0.0691280
-0.0644091
-0.0645735
-0.0566752
-0.0343202
-0.0043384
0.0213166
0.0435004
0.0878470
0.1966194
0.4013473
0.6954995
1.0301604
1.3368107
1.5573651
1.6590050
1.6315220
1.4818877
1.2358313
0.9399291
0.6521783
0.4203718
0.2625112
0.1653445
0.1021493
0.0533677
0.0129504
-0.0195336
-0.0468007
-0.0727043
-0.0973463
-0.1171644
-0.1297285
-0.1367168
-0.1420984
-0.1484287
-0.1551114
-0.1596856
-0.1603991
-0.1575689
-0.1530888
-0.1496067
-0.1499966
-0.1556567
-0.1640248
-0.1693412
-0.1681668
-0.1638145
-0.1632699
-0.1693772
-0.1774827
-0.1802191
-0.1746221
-0.1643120
-0.1557114
-0.1526890
-0.1542681
-0.1566060
-0.1566234
-0.1538012
-0.1494877
-0.1455191
-0.1429655
-0.1406996
-0.1353224
-0.1243349
-0.1098467
-0.0973784
-0.0900896
-0.0856719
-0.0799020
-0.0716073
-0.0624746
-0.0532439
-0.0427073
-0.0308710
-0.0208903
-0.0156499
-0.0124697
-0.0035179
0.0161118
0.0409141
0.0582273
0.0607053
0.0541747
0.0511596
0.0573859
0.0666775
0.0687439
0.0597341
0.0448040
0.0324809
0.0278125
0.0297231
0.0330324
0.0323861
0.0250646
0.0116104
-0.0048172
-0.0197065
-0.0293767
-0.0332949
-0.0343641
-0.0366738
-0.0428256
-0.0524757
-0.0619423
-0.0654478
-0.0591998
-0.0460088
-0.0348649
-0.0339225
-0.0432508
-0.0549431
-0.0606029
-0.0587679
-0.0551924
-0.0559778
-0.0607082
-0.0631233
-0.0587892
-0.0506928
-0.0458123
-0.0471478
-0.0514539
-0.0548841
-0.0581993
-0.0646085
-0.0738522
-0.0810589
-0.0823368
-0.0800466
-0.0804443
-0.0855746
-0.0893941
-0.0843033
-0.0712285
-0.0603471
-0.0602842
-0.0685452
-0.0749616
-0.0736953
-0.0691840
-0.0697378
-0.0773413
-0.0854125
-0.0861451
-0.0785996
-0.0688581
-0.0629883
-0.0614703
-0.0610838
-0.0604322
-0.0611993
-0.0641947
-0.0669186
-0.0666630
-0.0646536
-0.0650456
-0.0695633
-0.0742829
-0.0727194
-0.0625270
-0.0490413
-0.0414612
-0.0447942
-0.0556078
-0.0659275
-0.0707506
-0.0712448
-0.0715340
-0.0738888
-0.0772062
-0.0790515
-0.0784383
-0.0766488
-0.0754377
-0.0747674
-0.0731544
-0.0704072
-0.0686730
-0.0696240
-0.0715488
-0.0711062
-0.0681662
-0.0672207
-0.0724944
-0.0817797
-0.0865812
-0.0800515
-0.0652679
-0.0542710
-0.0570698
-0.0714479
-0.0849234
-0.0871888
-0.0797021
-0.0728453
-0.0749431
-0.0847890
-0.0937848
-0.0939977
-0.0842886
-0.0698758
-0.0570430
-0.0485837
-0.0435889
-0.0399101
-0.0357050
-0.0295969
-0.0213426
-0.0128006
-0.0068477
-0.0042444
-0.0019885
0.0042489
0.0156175
0.0282226
0.0363193
0.0377573
0.0358503
0.0352321
0.0365413
0.0368522
0.0353541
0.0361114
0.0432253
0.0543983
0.0617124
0.0591741
0.0479619
0.0335415
0.0188559
0.0018993
-0.0199332
-0.0445544
-0.0657638
-0.0792097
-0.0864501
-0.0922099
-0.0986251
-0.1036819
-0.1048429
-0.1022041
-0.0973724
-0.0906302
-0.0805657
-0.0664430
-0.0503906
-0.0368297
-0.0284883
-0.0206328
0.0025885
0.0657374
0.1931144
0.3969788
0.6683588
0.9746701
1.2656023
1.4852684
1.5863526
1.5427229
1.3586442
1.0717812
0.7454003
0.4483225
0.2295881
0.1010988
0.0390237
0.0039880
-0.0325982
-0.0742170
-0.1066129
-0.1182982
-0.1141902
-0.1105261
-0.1188656
-0.1367759
-0.1533132
-0.1612174
-0.1626182
-0.1642584
-0.1697189
-0.1774769
-0.1849418
-0.1914390
-0.1962995
-0.1965001
-0.1892845
-0.1772520
-0.1684060
-0.1694469
-0.1793561
-0.1903474
-0.1950816
-0.1928205
-0.1889532
-0.1889668
-0.1929750
-0.1960460
-0.1934996
-0.1851865
-0.1745060
-0.1644522
-0.1558725
-0.1490636
-0.1450698
-0.1441302
-0.1435982
-0.1393194
-0.1302490
-0.1208747
-0.1169264
-0.1177519
-0.1147486
-0.0998006
-0.0750113
-0.0515541
-0.0380438
-0.0322137
-0.0256036
-0.0143100
-0.0018727
0.0080747
0.0179803
0.0323928
0.0495531
0.0611928
0.0626174
0.0605127
0.0669464
0.0850788
0.1038235
0.1088678
0.0975688
0.0806367
0.0697847
0.0663828
0.0627062
0.0517311
0.0337151
0.0143544
-0.0010148
-0.0107763
-0.0163972
-0.0204125
-0.0252484
-0.0325172
-0.0419358
-0.0509628
-0.0567322
-0.0590304
-0.0608345
-0.0653108
-0.0724284
-0.0787615
-0.0804453
-0.0763821
-0.0691383
-0.0629890
-0.0607070
-0.0619796
-0.0649480
-0.0686937
-0.0732519
-0.0775254
-0.0791061
-0.0773824
-0.0756707
-0.0781618
-0.0842528
-0.0874365
-0.0815148
-0.0680676
-0.0564639
-0.0553223
-0.0642106
-0.0746930
-0.0792920
-0.0780004
-0.0758164
-0.0760450
-0.0779299
-0.0797443
-0.0813981
-0.0831225
-0.0833811
-0.0798853
-0.0725960
-0.0646902
-0.0600923
-0.0602242
-0.0632816
-0.0664361
-0.0684057
-0.0699035
-0.0720982
-0.0750595
-0.0774686
-0.0774203
-0.0737787
-0.0673868
-0.0608760
-0.0566346
-0.0548303
-0.0536962
-0.0512644
-0.0458998
-0.0355646
-0.0183306
0.0056824
0.0343293
0.0667237
0.1053666
0.1524181
0.2028192
0.2428186
0.2580612
0.2446124
0.2118001
0.1738301
0.1391042
0.1078443
0.0779671
0.0498953
0.0248402
0.0015108
-0.0221151
-0.0441930
-0.0592872
-0.0647632
-0.0654637
-0.0701083
-0.0828980
-0.0996379
-0.1124782
-0.1178203
-0.1190076
-0.1217522
-0.1280789
-0.1351221
-0.1387313
-0.1369622
-0.1304651
-0.1213380
-0.1126104
-0.1076427
-0.1078252
-0.1097978
-0.1059679
-0.0903185
-0.0657397
-0.0444437
-0.0361033
-0.0303103
0.0095581
0.1292400
0.3521470
0.6584509
0.9919011
1.2866616
1.4906971
1.5717159
1.5135927
1.3192498
1.0213507
0.6840932
0.3823629
0.1678173
0.0482333
-0.0041254
-0.0259171
-0.0417562
-0.0608324
-0.0839063
-0.1085783
-0.1301827
-0.1434896
-0.1473608
-0.1474160
-0.1517948
-0.1631105
-0.1754612
-0.1805721
-0.1765605
-0.1694719
-0.1663097
-0.1682253
-0.1714398
-0.1733463
-0.1753664
-0.1793914
-0.1834386
-0.1831230
-0.1776382
-0.1722474
-0.1727787
-0.1778799
-0.1789789
-0.1693941
-0.1524537
-0.1387914
-0.1356323
-0.1401621
-0.1436446
-0.1404397
-0.1319422
-0.1229680
-0.1164189
-0.1118034
-0.1070537
-0.0998756
-0.0877198
-0.0688776
-0.0453757
-0.0237738
-0.0104565
-0.0049695
0.0006291
0.0141233
0.0349102
0.0544393
0.0650481
0.0676742
0.0706071
0.0813526
0.1002952
0.1216694
0.1391304
0.1494906
0.1523101
0.1486179
0.1414592
0.1358945
0.1353081
0.1368514
0.1326685
0.1177742
0.0963609
0.0784925
0.0698816
0.0659472
0.0569116
0.0382252
0.0147304
-0.0054634
-0.0195238
-0.0310068
-0.0435834
-0.0562728
-0.0657802
-0.0714695
-0.0756698
-0.0795242
-0.0810430
-0.0784698
-0.0741621
-0.0731704
-0.0777291
-0.0844685
-0.0881098
-0.0875373
-0.0870623
-0.0912554
-0.0993566
-0.1057106
-0.1054457
-0.0988266
-0.0901694
-0.0838007
-0.0816644
-0.0835495
-0.0878190
-0.0917534
-0.0928389
-0.0912510
-0.0907705
-0.0954438
-0.1040262
-0.1085881
-0.1010198
-0.0822650
-0.0638677
-0.0580568
-0.0655479
-0.0742772
-0.0711799
-0.0548956
-0.0363284
-0.0272722
-0.0295909
-0.0355204
-0.0369166
-0.0325332
-0.0266361
-0.0229637
-0.0219588
-0.0228275
-0.0253322
-0.0283944
-0.0290991
-0.0257002
-0.0213176
-0.0221118
-0.0305107
-0.0416719
-0.0485343
-0.0501098
-0.0528802
-0.0631788
-0.0796634
-0.0950325
-0.1044849
-0.1099889
-0.1154955
-0.1206900
-0.1224470
-0.1213998
-0.1228242
-0.1289175
-0.1330321
-0.1257385
-0.1069094
-0.0881184
-0.0803329
-0.0809848
-0.0771226
-0.0618533
-0.0427493
-0.0279911
-0.0032519
0.0723837
0.2404282
0.5079655
0.8351561
1.1543063
1.4004985
1.5297141
1.5208547
1.3750866
1.1203339
0.8119064
0.5169412
0.2866790
0.1367350
0.0507052
0.0010699
-0.0324778
-0.0593371
-0.0836040
-0.1075858
-0.1305855
-0.1488599
-0.1598800
-0.1661289
-0.1729779
-0.1826591
-0.1916083
-0.1944334
-0.1897682
-0.1814622
-0.1746928
-0.1722232
-0.1742019
-0.1794495
-0.1854493
-0.1884590
-0.1863575
-0.1820067
-0.1816696
-0.1881484
-0.1961525
-0.1966239
-0.1864864
-0.1728874
-0.1664263
-0.1704386
-0.1781354
-0.1803511
-0.1746428
-0.1659135
-0.1595784
-0.1563779
-0.1537503
-0.1494796
-0.1420932
-0.1294180
-0.1101375
-0.0876151
-0.0695695
-0.0612318
-0.0590100
-0.0531891
-0.0380743
-0.0182573
-0.0032551
0.0036136
0.0090527
0.0217816
0.0422426
0.0619471
0.0725673
0.0739332
0.0727645
0.0752170
0.0818580
0.0888100
0.0918072
0.0888855
0.0808352
0.0704720
0.0610026
0.0536286
0.0461990
0.0350044
0.0186496
-0.0001563
-0.0172559
-0.0311805
-0.0438847
-0.0575865
-0.0720244
-0.0851187
-0.0950375
-0.1006272
-0.1010140
-0.0969395
-0.0926470
-0.0940754
-0.1030564
-0.1138662
-0.1178415
-0.1125704
-0.1053695
-0.1060131
-0.1160078
-0.1263866
-0.1267471
-0.1157106
-0.1018610
-0.0951720
-0.0984546
-0.1064185
-0.1111702
-0.1081389
-0.0984454
-0.0873677
-0.0801511
-0.0774515
-0.0739498
-0.0623784
-0.0403284
-0.0134860
0.0083287
0.0186860
0.0182428
0.0115422
0.0012959
-0.0135065
-0.0344927
-0.0600930
-0.0849810
-0.1026745
-0.1089997
-0.1047689
-0.0963907
-0.0928821
-0.0998220
-0.1148097
-0.1294346
-0.1368777
-0.1378538
-0.1387190
-0.1438348
-0.1504980
-0.1517968
-0.1440923
-0.1311375
-0.1207488
-0.1174363
-0.1177705
-0.1125552
-0.0946833
-0.0671556
-0.0436699
-0.0371163
-0.0411021
-0.0201868
0.0769597
0.2852115
0.5949320
0.9514833
1.2822842
1.5277578
1.6534154
1.6438441
1.4978431
1.2361776
0.9102590
0.5916997
0.3414740
0.1818178
0.0945136
0.0444392
0.0052034
-0.0326145
-0.0687680
-0.1014537
-0.1284300
-0.1462112
-0.1534689
-0.1552672
-0.1604544
-0.1727601
-0.1858086
-0.1893032
-0.1804991
-0.1680968
-0.1639109
-0.1713603
-0.1829467
-0.1886302
-0.1857565
-0.1807470
-0.1819162
-0.1911065
-0.2018814
-0.2053396
-0.1979944
-0.1848957
-0.1755129
-0.1759814
-0.1843016
-0.1925426
-0.1939655
-0.1885571
-0.1820473
-0.1798324
-0.1819982
-0.1839204
-0.1808885
-0.1716735
-0.1582803
-0.1436150
-0.1299961
-0.1189287
-0.1106276
-0.1031124
-0.0928334
-0.0777814
-0.0603548
-0.0459484
-0.0373569
-0.0306222
-0.0177324
0.0054725
0.0341055
0.0575083
0.0681148
0.0674110
0.0637821
0.0650337
0.0725700
0.0814595
0.0850830
0.0801541
0.0687780
0.0566813
0.0489596
0.0462202
0.0440942
0.0367911
0.0218227
0.0017404
-0.0184054
-0.0350557
-0.0479073
-0.0586975
-0.0690560
-0.0792985
-0.0883553
-0.0944387
-0.0963449
-0.0948219
-0.0926184
-0.0926572
-0.0959084
-0.1010943
-0.1061804
-0.1095945
-0.1102159
-0.1076186
-0.1036162
-0.1028780
-0.1096306
-0.1221486
-0.1315421
-0.1285575
-0.1129531
-0.0952898
-0.0879058
-0.0936690
-0.1041202
-0.1087552
-0.1054036
-0.1010746
-0.1033956
-0.1124808
-0.1214721
-0.1239911
-0.1199010
-0.1139088
-0.1099396
-0.1080950
-0.1067573
-0.1059243
-0.1070106
-0.1097077
-0.1109237
-0.1083175
-0.1043656
-0.1048979
-0.1122620
-0.1207332
-0.1206801
-0.1083086
-0.0906000
-0.0795167
-0.0811801
-0.0911694
-0.1001452
-0.1029723
-0.1019242
-0.1022204
-0.1061923
-0.1120334
-0.1166207
-0.1180130
-0.1155830
-0.1095765
-0.1017570
-0.0957604
-0.0950539
-0.0995782
-0.1049489
-0.1061369
-0.1024489
-0.0984460
-0.0993362
-0.1054422
-0.1116485
-0.1124602
-0.1072717
-0.1004977
-0.0971278
-0.0988888
-0.1043749
-0.1113268
-0.1176543
-0.1211721
-0.1205832
-0.1177171
-0.1173112
-0.1224209
-0.1298468
-0.1319577
-0.1244790
-0.1118513
-0.1034573
-0.1044274
-0.1111690
-0.1160584
-0.1151498
-0.1104261
-0.1058742
-0.1035827
-0.1038240
-0.1065397
-0.1106520
-0.1127268
-0.1089921
-0.0999836
-0.0918755
-0.0912693
-0.0984215
-0.1067793
-0.1097520
-0.1071732
-0.1044190
-0.1058213
-0.1101733
-0.1128652
-0.1112711
-0.1069812
-0.1030180
-0.1000849
-0.0962920
-0.0900166
-0.0818497
-0.0733325
-0.0647323
-0.0553365
-0.0459403
-0.0395304
-0.0380467
-0.0386772
-0.0349811
-0.0228859
-0.0052550
0.0103881
0.0186098
0.0197797
0.0174247
0.0139221
0.0102687
0.0085310
0.0110381
0.0159139
0.0163988
0.0085191
-0.0005837
0.0038103
0.0284548
0.0608438
0.0771537
0.0637457
0.0299170
-0.0021630
-0.0194396
-0.0281501
-0.0426087
-0.0671284
-0.0915434
-0.1032492
-0.1000911
-0.0901816
-0.0818368
-0.0769694
-0.0738066
-0.0720161
-0.0721309
-0.0713317
-0.0639584
-0.0484101
-0.0312075
-0.0192727
-0.0048109
0.0413801
0.1572511
0.3644123
0.6501728
0.9706071
1.2703134
1.5017583
1.6315767
1.6371740
1.5072984
1.2534779
0.9219747
0.5876109
0.3236396
0.1655807
0.0971655
0.0702497
0.0418966
-0.0013827
-0.0477071
-0.0813132
-0.0986698
-0.1077652
-0.1177303
-0.1317859
-0.1477026
-0.1610112
-0.1670967
-0.1634425
-0.1528450
-0.1437638
-0.1445095
-0.1554889
-0.1682525
-0.1737661
-0.1715356
-0.1694210
-0.1743053
-0.1842652
-0.1909285
-0.1887345
-0.1803468
-0.1729678
-0.1710313
-0.1734431
-0.1764586
-0.1770160
-0.1733868
-0.1652993
-0.1555113
-0.1500195
-0.1534162
-0.1623898
-0.1656073
-0.1532470
-0.1279257
-0.1045832
-0.0972489
-0.1053398
-0.1140282
-0.1087688
-0.0890238
-0.0674553
-0.0565440
-0.0569255
-0.0581765
-0.0492588
-0.0275617
0.0006736
0.0265203
0.0445560
0.0550473
0.0624275
0.0718770
0.0855307
0.1004242
0.1105908
0.1127394
0.1103915
0.1113642
0.1200019
0.1318796
0.1369711
0.1286948
0.1100659
0.0910033
0.0795010
0.0750382
0.0700659
0.0577061
0.0384277
0.0199408
0.0107576
0.0130676
0.0208778
0.0250080
0.0207769
0.0115454
0.0046838
0.0038190
0.0052378
0.0021302
-0.0079776
-0.0204273
-0.0277308
-0.0260320
-0.0175333
-0.0077880
-0.0015665
-0.0007365
-0.0043224
-0.0094254
-0.0128543
-0.0136507
-0.0145844
-0.0198128
-0.0296918
-0.0384357
-0.0386654
-0.0290317
-0.0165505
-0.0106207
-0.0149054
-0.0251976
-0.0342717
-0.0377507
-0.0358368
-0.0314554
-0.0281301
-0.0286573
-0.0334893
-0.0393715
-0.0409280
-0.0355031
-0.0266215
-0.0213636
-0.0236404
-0.0306717
-0.0364252
-0.0376278
-0.0357537
-0.0342243
-0.0352569
-0.0390981
-0.0442041
-0.0471407
-0.0440298
-0.0345203
-0.0243344
-0.0213891
-0.0275749
-0.0355713
-0.0363629
-0.0301951
-0.0274450
-0.0365500
-0.0525055
-0.0605059
-0.0518210
-0.0338524
-0.0226225
-0.0262896
-0.0380215
-0.0448953
-0.0415419
-0.0338319
-0.0307516
-0.0351187
-0.0425035
-0.0470073
-0.0462752
-0.0417953
-0.0367458
-0.0343354
-0.0365457
-0.0427405
-0.0497651
-0.0546676
-0.0575111
-0.0607186
-0.0655230
-0.0699364
-0.0707524
-0.0670754
-0.0613451
-0.0572157
-0.0570242
-0.0610060
-0.0677164
-0.0744501
-0.0781526
-0.0776730
-0.0756201
-0.0765795
-0.0820796
-0.0878459
-0.0876874
-0.0804910
-0.0721068
-0.0694280
-0.0733013
-0.0781987
-0.0784318
-0.0735200
-0.0673218
-0.0630435
-0.0599866
-0.0546966
-0.0442603
-0.0285537
-0.0106487
0.0041344
0.0108589
0.0089703
0.0042182
0.0046537
0.0127741
0.0220531
0.0231344
0.0142409
0.0044691
0.0055741
0.0202411
0.0388335
0.0480820
0.0433781
0.0329823
0.0302929
0.0414638
0.0597068
0.0712108
0.0670538
0.0503399
0.0323006
0.0211681
0.0144996
0.0026628
-0.0198675
-0.0472626
-0.0671641
-0.0725890
-0.0682443
-0.0651354
-0.0700866
-0.0808927
-0.0900184
-0.0908613
-0.0805569
-0.0597319
-0.0328387
-0.0087647
0.0031853
0.0037100
0.0128039
0.0664307
0.1982049
0.4181971
0.7049476
1.0149989
1.2992050
1.5126454
1.6165958
1.5824687
1.4049238
1.1162828
0.7843324
0.4854322
0.2682344
0.1357677
0.0591486
0.0079065
-0.0307513
-0.0561715
-0.0696099
-0.0806388
-0.0991105
-0.1248065
-0.1479956
-0.1600407
-0.1619063
-0.1621554
-0.1681842
-0.1801233
-0.1917808
-0.1959596
-0.1898051
-0.1773723
-0.1675222
-0.1673711
-0.1761588
-0.1860435
-0.1900183
-0.1887439
-0.1885760
-0.1931765
-0.1987900
-0.1987963
-0.1917965
-0.1832792
-0.1790933
-0.1791342
-0.1788300
-0.1755558
-0.1712138
-0.1684485
-0.1668280
-0.1642130
-0.1601155
-0.1552690
-0.1483768
-0.1361477
-0.1180898
-0.0997891
-0.0889883
-0.0876328
-0.0888917
-0.0832696
-0.0677070
-0.0479507
-0.0318799
-0.0213738
-0.0113174
0.0041198
0.0253163
0.0471422
0.0639775
0.0744183
0.0816652
0.0898037
0.0995628
0.1075479
0.1097706
0.1059586
0.1002133
0.0974037
0.0989133
0.1015026
0.0998404
0.0904296
0.0740613
0.0551499
0.0384996
0.0259955
0.0158012
0.0046516
-0.0086082
-0.0212811
-0.0289144
-0.0299917
-0.0286332
-0.0315689
-0.0415382
-0.0540572
-0.0616677
-0.0616807
-0.0593089
-0.0626780
-0.0744599
-0.0884100
-0.0945917
-0.0886658
-0.0762295
-0.0677155
-0.0688859
-0.0764180
-0.0824608
-0.0827576
-0.0800648
-0.0802225
-0.0855462
-0.0921957
-0.0938630
-0.0879248
-0.0779361
-0.0702500
-0.0685155
-0.0713615
-0.0746315
-0.0752844
-0.0736484
-0.0727903
-0.0756429
-0.0818932
-0.0873479
-0.0870027
-0.0795743
-0.0692714
-0.0626873
-0.0631948
-0.0679924
-0.0711335
-0.0701623
-0.0693881
-0.0752769
-0.0881127
-0.0994444
-0.0993102
-0.0862513
-0.0695345
-0.0610938
-0.0652264
-0.0759155
-0.0837036
-0.0848103
-0.0835944
-0.0867090
-0.0957235
-0.1057421
-0.1104595
-0.1077333
-0.1006279
-0.0942159
-0.0916940
-0.0927291
-0.0947160
-0.0955914
-0.0957147
-0.0971432
-0.1010587
-0.1057639
-0.1071158
-0.1015211
-0.0897216
-0.0780304
-0.0744831
-0.0819737
-0.0949003
-0.1036892
-0.1035001
-0.0984360
-0.0969279
-0.1030020
-0.1122130
-0.1162094
-0.1112223
-0.1018161
-0.0961331
-0.0977473
-0.1025825
-0.1035808
-0.0978180
-0.0891475
-0.0844547
-0.0871335
-0.0933350
-0.0945749
-0.0852322
-0.0683384
-0.0534648
-0.0480465
-0.0507094
-0.0534524
-0.0502980
-0.0434395
-0.0407467
-0.0473626
-0.0600155
-0.0698338
-0.0707016
-0.0646430
-0.0593326
-0.0611459
-0.0705975
-0.0830791
-0.0927711
-0.0964984
-0.0954510
-0.0936339
-0.0936733
-0.0933406
-0.0865374
-0.0687344
-0.0423846
-0.0170206
-0.0022742
0.0025312
0.0148700
0.0655618
0.1856809
0.3905873
0.6693240
0.9842028
1.2804545
1.5015487
1.6037096
1.5652991
1.3915267
1.1160968
0.7968205
0.4999082
0.2753678
0.1375799
0.0659145
0.0256455
-0.0075295
-0.0382734
-0.0613318
-0.0760942
-0.0897866
-0.1082796
-0.1281713
-0.1408237
-0.1431505
-0.1416814
-0.1453405
-0.1558707
-0.1665029
-0.1693474
-0.1630919
-0.1536389
-0.1481928
-0.1493355
-0.1544188
-0.1594212
-0.1624238
-0.1639079
-0.1652146
-0.1672153
-0.1694304
-0.1697417
-0.1658482
-0.1580735
-0.1503376
-0.1471506
-0.1492155
-0.1524967
-0.1521329
-0.1472959
-0.1418331
-0.1397314
-0.1401218
-0.1375559
-0.1275275
-0.1108776
-0.0921547
-0.0747304
-0.0588665
-0.0436185
-0.0280977
-0.0102709
0.0130770
0.0428943
0.0749827
0.1029216
0.1249301
0.1464717
0.1740278
0.2061315
0.2326944
0.2450678
0.2458000
0.2459228
0.2524065
0.2611141
0.2638210
0.2597345
0.2564152
0.2591315
0.2624440
0.2545639
0.2292589
0.1917230
0.1526990
0.1184821
0.0877203
0.0566234
0.0245864
-0.0060816
-0.0334384
-0.0562049
-0.0717125
-0.0770757
-0.0739848
-0.0703354
-0.0745532
-0.0879441
-0.1035800
-0.1130662
-0.1142238
-0.1123430
-0.1143908
-0.1220975
-0.1303297
-0.1316667
-0.1223918
-0.1047663
-0.0846819
-0.0673445
-0.0541944
-0.0430985
-0.0310312
-0.0144816
0.0167528
0.0878209
0.2358420
0.4883580
0.8352707
1.2184918
1.5523335
1.7622127
1.8144427
1.7195531
1.5149184
1.2460783
0.9582724
0.6928601
0.4792384
0.3251490
0.2174109
0.1360660
0.0691608
0.0147413
-0.0277731
-0.0633610
-0.0973136
-0.1285003
-0.1506631
-0.1614157
-0.1674511
-0.1779073
-0.1929314
-0.2022917
-0.1975462
-0.1836769
-0.1754254
-0.1819570
-0.1976775
-0.2092734
-0.2100276
-0.2054604
-0.2055737
-0.2135834
-0.2232674
-0.2265019
-0.2216556
-0.2138727
-0.2085523
-0.2066710
-0.2064483
-0.2070796
-0.2090264
-0.2117232
-0.2130873
-0.2116309
-0.2079154
-0.2032319
-0.1971990
-0.1875330
-0.1731357
-0.1575766
-0.1479765
-0.1483018
-0.1536009
-0.1530099
-0.1401470
-0.1199960
-0.1041700
-0.0990803
-0.0993312
-0.0931752
-0.0744607
-0.0488827
-0.0281184
-0.0181482
-0.0143173
-0.0078387
0.0045782
0.0185824
0.0278949
0.0299015
0.0261884
0.0202368
0.0155670
0.0143081
0.0155867
0.0153259
0.0090103
-0.0041968
-0.0199626
-0.0322303
-0.0389876
-0.0443544
-0.0541156
-0.0693551
-0.0853568
-0.0963028
-0.0995225
-0.0955433
-0.0868911
-0.0784374
-0.0765491
-0.0843626
-0.0973767
-0.1061081
-0.1051127
-0.0991421
-0.0987979
-0.1090795
-0.1229097
-0.1276032
-0.1181048
-0.1023408
-0.0926473
-0.0935769
-0.0998081
-0.1043677
-0.1055821
-0.1057545
-0.1064501
-0.1075561
-0.1095885
-0.1139340
-0.1197739
-0.1223675
-0.1168036
-0.1044446
-0.0941798
-0.0948764
-0.1061057
-0.1181385
-0.1221619
-0.1191491
-0.1173629
-0.1223035
-0.1310149
-0.1360177
-0.1330686
-0.1244812
-0.1160295
-0.1119300
-0.1129348
-0.1178185
-0.1245167
-0.1293342
-0.1277985
-0.1195380
-0.1116911
-0.1134816
-0.1252937
-0.1353936
-0.1306958
-0.1111051
-0.0913160
-0.0871279
-0.1001849
-0.1169763
-0.1230166
-0.1170122
-0.1100138
-0.1116455
-0.1200205
-0.1260898
-0.1247924
-0.1187178
-0.1122979
-0.1068305
-0.1025489
-0.1021236
-0.1083081
-0.1181083
-0.1224633
-0.1146279
-0.0988345
-0.0878053
-0.0892871
-0.0961777
-0.0931072
-0.0733494
-0.0465812
-0.0285860
-0.0254984
-0.0300896
-0.0316329
-0.0263389
-0.0183386
-0.0135199
-0.0142694
-0.0190064
-0.0242722
-0.0260916
-0.0208774
-0.0080071
0.0074785
0.0171506
0.0168362
0.0113899
0.0094860
0.0135016
0.0164141
0.0090589
-0.0110752
-0.0384579
-0.0649763
-0.0857045
-0.1005194
-0.1118638
-0.1217491
-0.1307702
-0.1389592
-0.1460843
-0.1508797
-0.1515945
-0.1484463
-0.1444449
-0.1422417
-0.1403410
-0.1335266
-0.1176147
-0.0943660
-0.0722385
-0.0605568
-0.0585486
-0.0468633
0.0089042
0.1416158
0.3634851
0.6567900
0.9779521
1.2702115
1.4784732
1.5619766
1.5030422
1.3120828
1.0281313
0.7112052
0.4243766
0.2115335
0.0829650
0.0173011
-0.0214952
-0.0617287
-0.1094808
-0.1517884
-0.1744360
-0.1778191
-0.1760774
-0.1825154
-0.1980459
-0.2136136
-0.2214181
-0.2222991
-0.2230411
-0.2281490
-0.2353467
-0.2390744
-0.2368813
-0.2307812
-0.2233172
-0.2153469
-0.2084222
-0.2061404
-0.2104113
-0.2177412
-0.2219921
-0.2210166
-0.2189077
-0.2210370
-0.2274556
-0.2318235
-0.2274591
-0.2147629
-0.2018181
-0.1965846
-0.1991153
-0.2026654
-0.2014421
-0.1951313
-0.1865128
-0.1778390
-0.1705539
-0.1659455
-0.1637249
-0.1605167
-0.1514868
-0.1344637
-0.1128441
-0.0940692
-0.0838349
-0.0809002
-0.0783931
-0.0708649
-0.0589918
-0.0468809
-0.0368574
-0.0285783
-0.0213428
-0.0144075
-0.0055596
0.0077551
0.0248153
0.0404039
0.0485248
0.0479311
0.0439629
0.0437635
0.0483306
0.0502093
0.0414640
0.0238749
0.0083647
0.0032607
0.0055227
0.0051312
-0.0037972
-0.0181922
-0.0309283
-0.0380873
-0.0410364
-0.0428478
-0.0444715
-0.0454823
-0.0474560
-0.0533215
-0.0618145
-0.0656260
-0.0589052
-0.0457792
-0.0376159
-0.0409736
-0.0507493
-0.0563711
-0.0532316
-0.0469513
-0.0469273
-0.0561728
-0.0676664
-0.0712048
-0.0636207
-0.0510438
-0.0415781
-0.0384398
-0.0407906
-0.0474287
-0.0564162
-0.0631760
-0.0632336
-0.0577686
-0.0542436
-0.0596631
-0.0726602
-0.0827246
-0.0791487
-0.0625555
-0.0465044
-0.0449996
-0.0584061
-0.0739984
-0.0801618
-0.0771440
-0.0736163
-0.0761705
-0.0839585
-0.0912628
-0.0930286
-0.0885978
-0.0815800
-0.0765591
-0.0760638
-0.0801861
-0.0871452
-0.0932840
-0.0949156
-0.0925823
-0.0919173
-0.0974546
-0.1061461
-0.1092756
-0.1006504
-0.0818189
-0.0605011
-0.0453540
-0.0404073
-0.0418612
-0.0407721
-0.0310524
-0.0153761
-0.0029276
-0.0016566
-0.0118375
-0.0249088
-0.0287820
-0.0176826
0.0015808
0.0151661
0.0153287
0.0066466
-0.0009105
-0.0025430
-0.0016740
-0.0053059
-0.0177563
-0.0369916
-0.0557648
-0.0674632
-0.0715106
-0.0726586
-0.0759967
-0.0837578
-0.0948590
-0.1047474
-0.1073179
-0.1007574
-0.0911418
-0.0868481
-0.0889178
-0.0891969
-0.0784348
-0.0553915
-0.0289362
-0.0113771
-0.0054528
0.0069490
0.0624871
0.1975902
0.4260964
0.7288912
1.0589712
1.3560672
1.5644786
1.6473696
1.5916134
1.4060719
1.1220787
0.7945916
0.4909786
0.2646656
0.1318328
0.0705021
0.0411733
0.0122850
-0.0255741
-0.0633907
-0.0897420
-0.1033251
-0.1108285
-0.1171857
-0.1227696
-0.1281250
-0.1352835
-0.1436988
-0.1496229
-0.1509686
-0.1498281
-0.1495786
-0.1517119
-0.1550929
-0.1563134
-0.1522441
-0.1446568
-0.1402987
-0.1434740
-0.1505331
-0.1544812
-0.1527709
-0.1479747
-0.1437354
-0.1429815
-0.1467982
-0.1514963
-0.1497728
-0.1385161
-0.1233856
-0.1129912
-0.1106433
-0.1132376
-0.1149631
-0.1107330
-0.0999060
-0.0882370
-0.0823444
-0.0812092
-0.0772413
-0.0660700
-0.0503144
-0.0335977
-0.0168904
-0.0015506
0.0102854
0.0199563
0.0316217
0.0460632
0.0595785
0.0693967
0.0761866
0.0821153
0.0904217
0.1043974
0.1217452
0.1331777
0.1327107
0.1262366
0.1236303
0.1257731
0.1258061
0.1193606
0.1067824
0.0893090
0.0701746
0.0558264
0.0494157
0.0463783
0.0412172
0.0338276
0.0253355
0.0147858
0.0042387
-0.0012807
-0.0036223
-0.0118254
-0.0274061
-0.0393646
-0.0392958
-0.0313733
-0.0229079
-0.0164941
-0.0154426
-0.0235432
-0.0346887
-0.0365562
-0.0290114
-0.0247445
-0.0289648
-0.0343912
-0.0373997
-0.0402247
-0.0373223
-0.0225761
-0.0097584
-0.0181562
-0.0372261
-0.0382770
-0.0235340
-0.0238333
-0.0401921
-0.0348183
0.0011403
