-0.1554717
-0.1762882
-0.1524236
-0.1328399
-0.1364679
-0.1465218
-0.1544624
-0.1679216
-0.1824064
-0.1820873
-0.1690100
-0.1632605
-0.1728979
-0.1858726
-0.1912544
-0.1891126
-0.1811106
-0.1693837
-0.1630280
-0.1693732
-0.1805531
-0.1829282
-0.1768635
-0.1736186
-0.1763165
-0.1781139
-0.1769533
-0.1786913
-0.1854939
-0.1912219
-0.1888585
-0.1766561
-0.1592424
-0.1471038
-0.1498079
-0.1642636
-0.1752258
-0.1728555
-0.1638961
-0.1603612
-0.1640416
-0.1683127
-0.1687562
-0.1650808
-0.1575880
-0.1484368
-0.1431903
-0.1459447
-0.1547977
-0.1643676
-0.1700100
-0.1692265
-0.1637513
-0.1607725
-0.1663780
-0.1767354
-0.1814689
-0.1770470
-0.1713326
-0.1733952
-0.1835825
-0.1947671
-0.1992647
-0.1942951
-0.1847903
-0.1804393
-0.1854101
-0.1913139
-0.1849219
-0.1629815
-0.1357604
-0.1162981
-0.1092670
-0.1093851
-0.1076175
-0.0998573
-0.0916712
-0.0924347
-0.1027382
-0.1111104
-0.1068569
-0.0933252
-0.0842756
-0.0885535
-0.1014480
-0.1100289
-0.1051353
-0.0899722
-0.0784460
-0.0827026
-0.1008195
-0.1191235
-0.1275463
-0.1295577
-0.1356553
-0.1502927
-0.1671260
-0.1750155
-0.1678919
-0.1511146
-0.1383768
-0.1392174
-0.1487497
-0.1522814
-0.1405392
-0.1179409
-0.0960042
-0.0816997
-0.0728329
-0.0619504
-0.0425642
-0.0103488
0.0439995
0.1427148
0.3142488
0.5682902
0.8727818
1.1575884
1.3453717
1.3866464
1.2773135
1.0537796
0.7737603
0.4952393
0.2630490
0.1032124
0.0192600
-0.0088648
-0.0153463
-0.0288595
-0.0577961
-0.0929105
-0.1218385
-0.1403872
-0.1531738
-0.1668599
-0.1829297
-0.1962034
-0.2007774
-0.1971177
-0.1918922
-0.1911423
-0.1953711
-0.2007413
-0.2026619
-0.1985817
-0.1902109
-0.1833125
-0.1825163
-0.1854397
-0.1840465
-0.1729473
-0.1554418
-0.1411566
-0.1381753
-0.1463031
-0.1566232
-0.1588123
-0.1506962
-0.1396805
-0.1331128
-0.1285627
-0.1160398
-0.0893636
-0.0532910
-0.0192870
0.0047288
0.0207268
0.0373023
0.0595438
0.0823756
0.0958296
0.0971642
0.0950584
0.1002222
0.1138725
0.1275372
0.1332325
0.1320637
0.1326846
0.1414486
0.1537411
0.1561444
0.1394863
0.1099405
0.0850067
0.0774353
0.0839483
0.0895838
0.0816287
0.0596223
0.0340104
0.0159090
0.0070512
-0.0007948
-0.0161615
-0.0382065
-0.0574182
-0.0651045
-0.0611728
-0.0535942
-0.0516124
-0.0584768
-0.0689942
-0.0744679
-0.0712408
-0.0639855
-0.0597824
-0.0598569
-0.0583385
-0.0487140
-0.0307398
-0.0108622
0.0060682
0.0297126
0.0906063
0.2284781
0.4644499
0.7760891
1.0961431
1.3392674
1.4414119
1.3883330
1.2167029
0.9893702
0.7636307
0.5728635
0.4264506
0.3184358
0.2359772
0.1665007
0.1037643
0.0495826
0.0093589
-0.0148554
-0.0279407
-0.0390228
-0.0543628
-0.0720240
-0.0845997
-0.0884920
-0.0893961
-0.0966036
-0.1121374
-0.1273875
-0.1311402
-0.1204614
-0.1038639
-0.0941225
-0.0972084
-0.1074696
-0.1140314
-0.1120606
-0.1066874
-0.1056419
-0.1098698
-0.1128197
-0.1080282
-0.0960278
-0.0839973
-0.0792227
-0.0825885
-0.0883157
-0.0905081
-0.0894355
-0.0899494
-0.0937949
-0.0955556
-0.0876510
-0.0689869
-0.0479973
-0.0366783
-0.0403732
-0.0522778
-0.0588918
-0.0526567
-0.0389767
-0.0292208
-0.0272845
-0.0255077
-0.0146022
0.0045721
0.0212729
0.0267015
0.0238321
0.0239432
0.0334273
0.0461440
0.0510524
0.0464606
0.0430612
0.0513179
0.0685751
0.0814163
0.0796658
0.0655836
0.0496702
0.0399033
0.0358693
0.0319125
0.0245036
0.0162073
0.0128579
0.0175373
0.0276491
0.0372239
0.0413235
0.0388779
0.0326489
0.0265535
0.0222449
0.0186250
0.0154062
0.0158031
0.0232507
0.0354748
0.0445044
0.0442550
0.0371215
0.0316441
0.0336027
0.0400151
0.0423370
0.0358809
0.0258340
0.0229183
0.0325544
0.0492085
0.0622020
0.0662078
0.0650236
0.0659292
0.0720647
0.0806525
0.0877139
0.0936189
0.1031842
0.1195713
0.1386239
0.1510179
0.1507087
0.1399685
0.1252831
0.1098081
0.0917810
0.0700860
0.0493489
0.0377706
0.0393753
0.0491443
0.0573886
0.0595899
0.0604250
0.0664355
0.0759160
0.0789765
0.0682507
0.0471894
0.0259771
0.0102645
-0.0040528
-0.0243112
-0.0504317
-0.0725243
-0.0805006
-0.0757768
-0.0713288
-0.0785353
-0.0947771
-0.1058194
-0.1006641
-0.0830000
-0.0675425
-0.0653974
-0.0731938
-0.0767735
-0.0658690
-0.0444910
-0.0249886
-0.0105349
0.0163781
0.0877690
0.2319419
0.4573063
0.7455534
1.0523453
1.3136733
1.4608787
1.4457135
1.2663148
0.9758308
0.6611273
0.4006929
0.2301999
0.1392336
0.0954518
0.0709592
0.0514692
0.0309815
0.0063507
-0.0216777
-0.0467030
-0.0609504
-0.0631531
-0.0609636
-0.0637790
-0.0733672
-0.0833800
-0.0883861
-0.0907985
-0.0966192
-0.1057511
-0.1100578
-0.1025159
-0.0866668
-0.0746905
-0.0752394
-0.0839605
-0.0877342
-0.0792935
-0.0664635
-0.0645376
-0.0790337
-0.0982727
-0.1049117
-0.0938457
-0.0767978
-0.0694810
-0.0762821
-0.0884911
-0.0958474
-0.0968883
-0.0967325
-0.0970537
-0.0925761
-0.0792186
-0.0625238
-0.0536037
-0.0564782
-0.0630341
-0.0625963
-0.0543894
-0.0475781
-0.0491247
-0.0543738
-0.0517758
-0.0364688
-0.0169372
-0.0065907
-0.0095181
-0.0167176
-0.0168893
-0.0088398
-0.0014258
-0.0023178
-0.0091566
-0.0123746
-0.0055825
0.0075879
0.0166788
0.0141106
0.0016607
-0.0127473
-0.0241356
-0.0350202
-0.0502594
-0.0686313
-0.0816570
-0.0818960
-0.0719328
-0.0637026
-0.0675211
-0.0816436
-0.0940372
-0.0953890
-0.0889488
-0.0854185
-0.0887733
-0.0904115
-0.0791644
-0.0553108
-0.0318744
-0.0215751
-0.0242882
-0.0289799
-0.0276039
-0.0249168
-0.0326788
-0.0547443
-0.0806734
-0.0959433
-0.0972685
-0.0954842
-0.1030604
-0.1206507
-0.1372337
-0.1427774
-0.1390959
-0.1371704
-0.1441529
-0.1547792
-0.1572574
-0.1470243
-0.1321144
-0.1237117
-0.1234798
-0.1230270
-0.1155427
-0.1045710
-0.0987454
-0.0991205
-0.0955619
-0.0777828
-0.0469788
-0.0101263
0.0407330
0.1393347
0.3259097
0.6089004
0.9423586
1.2414715
1.4239508
1.4454507
1.3094398
1.0565965
0.7486777
0.4531492
0.2255924
0.0910158
0.0356453
0.0196267
0.0043763
-0.0260924
-0.0646980
-0.0965066
-0.1130004
-0.1157185
-0.1121593
-0.1103901
-0.1149262
-0.1244805
-0.1333111
-0.1364788
-0.1347378
-0.1334167
-0.1354470
-0.1363338
-0.1284608
-0.1114858
-0.0961823
-0.0945697
-0.1059880
-0.1161685
-0.1123820
-0.0979077
-0.0885010
-0.0941700
-0.1068753
-0.1083622
-0.0898249
-0.0619557
-0.0444206
-0.0461956
-0.0578233
-0.0629711
-0.0554998
-0.0436595
-0.0388778
-0.0430387
-0.0473230
-0.0418198
-0.0250806
-0.0049206
0.0091347
0.0143099
0.0163614
0.0233759
0.0376479
0.0534373
0.0627911
0.0639629
0.0642076
0.0734404
0.0940469
0.1172173
0.1308691
0.1317585
0.1284370
0.1311592
0.1400322
0.1451735
0.1387681
0.1250714
0.1167164
0.1211327
0.1319929
0.1353106
0.1238691
0.1044658
0.0903980
0.0878771
0.0910212
0.0895280
0.0794593
0.0660933
0.0576498
0.0573200
0.0608638
0.0609727
0.0539062
0.0424281
0.0326014
0.0277173
0.0252380
0.0195489
0.0078150
-0.0065019
-0.0158919
-0.0151447
-0.0058951
0.0055354
0.0152140
0.0259972
0.0440282
0.0707021
0.0985171
0.1152259
0.1125395
0.0915838
0.0605003
0.0267617
-0.0083771
-0.0481900
-0.0941569
-0.1423800
-0.1864092
-0.2227381
-0.2530285
-0.2815231
-0.3107648
-0.3392553
-0.3625153
-0.3767454
-0.3825593
-0.3856998
-0.3934330
-0.4088446
-0.4277467
-0.4416865
-0.4454460
-0.4421777
-0.4400987
-0.4430548
-0.4450473
-0.4357084
-0.4116099
-0.3811919
-0.3577074
-0.3471657
-0.3429193
-0.3316126
-0.3048216
-0.2662458
-0.2283737
-0.2009998
-0.1799938
-0.1441686
-0.0625835
0.0911119
0.3238660
0.6148382
0.9175804
1.1718725
1.3204714
1.3260270
1.1846709
0.9316745
0.6333822
0.3640637
0.1763434
0.0813084
0.0511195
0.0428989
0.0272339
0.0008456
-0.0236233
-0.0376044
-0.0459443
-0.0584795
-0.0762351
-0.0890479
-0.0870614
-0.0725968
-0.0589202
-0.0573336
-0.0667586
-0.0766326
-0.0788345
-0.0750065
-0.0723545
-0.0746347
-0.0789654
-0.0803695
-0.0771789
-0.0716192
-0.0667337
-0.0638521
-0.0623442
-0.0605878
-0.0570154
-0.0511660
-0.0446090
-0.0406607
-0.0419854
-0.0474184
-0.0514424
-0.0481435
-0.0366099
-0.0222706
-0.0123967
-0.0100184
-0.0119525
-0.0123621
-0.0081806
-0.0013671
0.0040898
0.0074971
0.0133099
0.0266791
0.0468703
0.0660801
0.0759993
0.0759209
0.0739169
0.0793160
0.0934471
0.1076792
0.1111050
0.1009006
0.0854492
0.0770726
0.0811387
0.0914526
0.0956103
0.0852304
0.0624617
0.0376514
0.0202821
0.0110611
0.0024123
-0.0131193
-0.0350093
-0.0553434
-0.0667749
-0.0693024
-0.0693663
-0.0732371
-0.0819733
-0.0923917
-0.1016381
-0.1098155
-0.1185731
-0.1285735
-0.1390038
-0.1484631
-0.1550338
-0.1561458
-0.1504235
-0.1404146
-0.1320525
-0.1298744
-0.1328881
-0.1360803
-0.1360600
-0.1345102
-0.1358688
-0.1422149
-0.1509097
-0.1568857
-0.1565875
-0.1499419
-0.1399105
-0.1311706
-0.1282312
-0.1325385
-0.1405242
-0.1459707
-0.1458966
-0.1436434
-0.1446912
-0.1494677
-0.1519078
-0.1460825
-0.1334265
-0.1220803
-0.1188336
-0.1224764
-0.1257003
-0.1232466
-0.1173826
-0.1150993
-0.1205395
-0.1307342
-0.1383615
-0.1379307
-0.1295569
-0.1179971
-0.1088322
-0.1050899
-0.1064609
-0.1109231
-0.1166697
-0.1225699
-0.1276705
-0.1313081
-0.1336935
-0.1353585
-0.1355630
-0.1322166
-0.1246199
-0.1161541
-0.1127223
-0.1172296
-0.1259848
-0.1321907
-0.1338103
-0.1366604
-0.1477349
-0.1655653
-0.1796280
-0.1810840
-0.1730542
-0.1680879
-0.1752064
-0.1910637
-0.2045848
-0.2087972
-0.2064574
-0.2047744
-0.2071548
-0.2114346
-0.2144576
-0.2154320
-0.2142235
-0.2090412
-0.1985512
-0.1857951
-0.1773012
-0.1770334
-0.1825114
-0.1881379
-0.1913410
-0.1936328
-0.1957348
-0.1938244
-0.1823860
-0.1605498
-0.1342353
-0.1113901
-0.0957900
-0.0862629
-0.0813328
-0.0827905
-0.0934856
-0.1120551
-0.1311052
-0.1415409
-0.1393663
-0.1289207
-0.1194871
-0.1175996
-0.1214099
-0.1225952
-0.1146937
-0.0997901
-0.0861939
-0.0790707
-0.0742128
-0.0622919
-0.0390176
-0.0086435
0.0258009
0.0770931
0.1763877
0.3557178
0.6210170
0.9364434
1.2326977
1.4342705
1.4892756
1.3873537
1.1602098
0.8674885
0.5750201
0.3338389
0.1674151
0.0711366
0.0226977
-0.0031948
-0.0240499
-0.0470654
-0.0724766
-0.0972569
-0.1166945
-0.1259850
-0.1239012
-0.1160304
-0.1126550
-0.1207505
-0.1369719
-0.1498031
-0.1505023
-0.1421338
-0.1364290
-0.1410347
-0.1509644
-0.1538866
-0.1434138
-0.1258362
-0.1135992
-0.1133288
-0.1208662
-0.1270123
-0.1267475
-0.1228505
-0.1218124
-0.1270466
-0.1354162
-0.1393364
-0.1326974
-0.1165485
-0.0999242
-0.0936749
-0.1012496
-0.1150474
-0.1231729
-0.1207382
-0.1140186
-0.1128889
-0.1197427
-0.1267574
-0.1238966
-0.1087016
-0.0881102
-0.0716990
-0.0639358
-0.0623028
-0.0612710
-0.0572876
-0.0508515
-0.0451599
-0.0428199
-0.0428311
-0.0404991
-0.0314676
-0.0167919
-0.0033788
0.0018634
-0.0015467
-0.0078110
-0.0114776
-0.0130603
-0.0176683
-0.0288328
-0.0445129
-0.0588344
-0.0667846
-0.0673170
-0.0634337
-0.0604399
-0.0631234
-0.0723025
-0.0832987
-0.0895044
-0.0892567
-0.0884706
-0.0943002
-0.1058585
-0.1134237
-0.1086353
-0.0945291
-0.0832856
-0.0836047
-0.0918921
-0.0970268
-0.0928504
-0.0842536
-0.0808509
-0.0862585
-0.0947341
-0.0976174
-0.0917113
-0.0814373
-0.0741661
-0.0739775
-0.0788120
-0.0825857
-0.0806402
-0.0744018
-0.0707061
-0.0752881
-0.0862650
-0.0948222
-0.0934328
-0.0835407
-0.0745349
-0.0747809
-0.0837675
-0.0930858
-0.0947744
-0.0885803
-0.0816543
-0.0818745
-0.0911101
-0.1035808
-0.1100073
-0.1045101
-0.0894590
-0.0742217
-0.0679614
-0.0722375
-0.0803676
-0.0844220
-0.0829274
-0.0815401
-0.0863059
-0.0966776
-0.1053509
-0.1049199
-0.0948757
-0.0825282
-0.0771855
-0.0827072
-0.0946584
-0.1043951
-0.1067454
-0.1046524
-0.1061696
-0.1159814
-0.1296202
-0.1369444
-0.1321740
-0.1202259
-0.1123526
-0.1153787
-0.1256192
-0.1333492
-0.1326841
-0.1269047
-0.1246797
-0.1315394
-0.1446086
-0.1549039
-0.1549209
-0.1451839
-0.1342817
-0.1318597
-0.1400390
-0.1511029
-0.1545348
-0.1473369
-0.1371260
-0.1341577
-0.1403394
-0.1470244
-0.1439170
-0.1293593
-0.1114109
-0.0997016
-0.0972760
-0.0999153
-0.1016489
-0.0999300
-0.0963995
-0.0942452
-0.0950788
-0.0971505
-0.0958769
-0.0872409
-0.0723541
-0.0585767
-0.0541200
-0.0599849
-0.0678968
-0.0680084
-0.0592778
-0.0511457
-0.0536705
-0.0659230
-0.0750532
-0.0677113
-0.0427167
-0.0124470
0.0082831
0.0148643
0.0152108
0.0206069
0.0347877
0.0514409
0.0612579
0.0608708
0.0554333
0.0533149
0.0583164
0.0662128
0.0681939
0.0581147
0.0377153
0.0156077
0.0005122
-0.0059971
-0.0107175
-0.0219910
-0.0405136
-0.0570212
-0.0603058
-0.0484555
-0.0321035
-0.0260893
-0.0374654
-0.0609187
-0.0846964
-0.1002929
-0.1072856
-0.1107760
-0.1153232
-0.1207126
-0.1224353
-0.1164088
-0.1042903
-0.0939377
-0.0925416
-0.0979642
-0.0987730
-0.0861270
-0.0655600
-0.0520784
-0.0483057
-0.0274182
0.0567788
0.2363830
0.5018135
0.8046274
1.0845499
1.2928861
1.3958869
1.3698397
1.2083436
0.9405026
0.6352088
0.3738182
0.2065083
0.1287205
0.0976819
0.0718192
0.0372955
0.0033499
-0.0199229
-0.0349577
-0.0506002
-0.0688137
-0.0817016
-0.0814648
-0.0704673
-0.0596491
-0.0577179
-0.0635284
-0.0693126
-0.0699323
-0.0676038
-0.0678758
-0.0725625
-0.0777004
-0.0780196
-0.0723534
-0.0644127
-0.0590066
-0.0580399
-0.0597048
-0.0607950
-0.0599069
-0.0591371
-0.0626784
-0.0726329
-0.0853003
-0.0922871
-0.0870702
-0.0715512
-0.0556361
-0.0491888
-0.0538040
-0.0624783
-0.0670594
-0.0653014
-0.0605248
-0.0556525
-0.0493765
-0.0387438
-0.0242572
-0.0106523
-0.0019853
0.0032861
0.0111989
0.0257974
0.0441212
0.0584706
0.0642707
0.0655757
0.0719480
0.0890464
0.1122245
0.1301037
0.1350672
0.1301350
0.1250708
0.1258424
0.1287555
0.1255986
0.1140462
0.1016078
0.0983750
0.1062076
0.1161354
0.1170042
0.1063553
0.0922473
0.0844803
0.0848019
0.0863596
0.0824974
0.0749931
0.0726000
0.0813389
0.0969988
0.1080645
0.1061831
0.0932608
0.0779995
0.0660724
0.0547767
0.0377391
0.0140008
-0.0089767
-0.0220129
-0.0235053
-0.0213621
-0.0255147
-0.0387681
-0.0550921
-0.0664878
-0.0710220
-0.0740041
-0.0814986
-0.0929363
-0.1004273
-0.0959747
-0.0799545
-0.0621437
-0.0529457
-0.0524666
-0.0491019
-0.0313622
-0.0023506
0.0197822
0.0206829
0.0128982
0.0397835
0.1516484
0.3710093
0.6743823
1.0029114
1.2894294
1.4805159
1.5448206
1.4750873
1.2916401
1.0425328
0.7899394
0.5840323
0.4415866
0.3464925
0.2709300
0.1982052
0.1294052
0.0733297
0.0336296
0.0055061
-0.0181203
-0.0397886
-0.0567269
-0.0652765
-0.0653884
-0.0614964
-0.0596633
-0.0633619
-0.0710192
-0.0775089
-0.0788194
-0.0758421
-0.0732868
-0.0743747
-0.0768376
-0.0749803
-0.0661214
-0.0544729
-0.0477238
-0.0493405
-0.0544502
-0.0536537
-0.0409311
-0.0177400
0.0103866
0.0406925
0.0761663
0.1214449
0.1756186
0.2291724
0.2687118
0.2859382
0.2831209
0.2702038
0.2562941
0.2434318
0.2280447
0.2077115
0.1856179
0.1678348
0.1564958
0.1467384
0.1314795
0.1093843
0.0871821
0.0730428
0.0676577
0.0629956
0.0509532
0.0330887
0.0205571
0.0233321
0.0395222
0.0561065
0.0605983
0.0516385
0.0380060
0.0282095
0.0223630
0.0142404
-0.0003176
-0.0184191
-0.0330285
-0.0394272
-0.0385339
-0.0351665
-0.0341818
-0.0376897
-0.0442505
-0.0498669
-0.0505609
-0.0452297
-0.0361566
-0.0261759
-0.0155906
-0.0029434
0.0115058
0.0263638
0.0474962
0.0970201
0.2094259
0.4100665
0.6889359
0.9915418
1.2381473
1.3610503
1.3358189
1.1876685
0.9724641
0.7476012
0.5506022
0.3940862
0.2738833
0.1805960
0.1064380
0.0457824
-0.0063581
-0.0535782
-0.0955801
-0.1281874
-0.1478146
-0.1565394
-0.1620415
-0.1716627
-0.1863183
-0.2005271
-0.2086328
-0.2109537
-0.2137023
-0.2228064
-0.2377842
-0.2516912
-0.2572576
-0.2535136
-0.2467934
-0.2451526
-0.2512567
-0.2603563
-0.2653922
-0.2643685
-0.2625475
-0.2668987
-0.2781433
-0.2885274
-0.2880271
-0.2734866
-0.2522688
-0.2368770
-0.2350015
-0.2435512
-0.2518924
-0.2514055
-0.2426341
-0.2334470
-0.2302423
-0.2310813
-0.2276648
-0.2139800
-0.1925594
-0.1719419
-0.1583662
-0.1506796
-0.1433668
-0.1333891
-0.1228760
-0.1153730
-0.1108489
-0.1052040
-0.0941668
-0.0770405
-0.0571817
-0.0399529
-0.0302401
-0.0303924
-0.0388507
-0.0506022
-0.0603112
-0.0662156
-0.0708254
-0.0770909
-0.0842283
-0.0886966
-0.0897264
-0.0921966
-0.1019238
-0.1181904
-0.1332060
-0.1405533
-0.1429959
-0.1494289
-0.1634242
-0.1769199
-0.1778081
-0.1639178
-0.1472802
-0.1427671
-0.1530921
-0.1667377
-0.1709080
-0.1649579
-0.1600002
-0.1662939
-0.1827142
-0.1987327
-0.2052227
-0.2022109
-0.1967491
-0.1949588
-0.1971829
-0.2002949
-0.2031318
-0.2083927
-0.2190311
-0.2334048
-0.2447901
-0.2464702
-0.2379985
-0.2265908
-0.2216188
-0.2266947
-0.2367312
-0.2430301
-0.2415102
-0.2359031
-0.2329847
-0.2352029
-0.2384930
-0.2372418
-0.2307371
-0.2241028
-0.2228631
-0.2271458
-0.2316891
-0.2313027
-0.2257511
-0.2193108
-0.2162357
-0.2169652
-0.2181257
-0.2155741
-0.2077981
-0.1972538
-0.1885054
-0.1841626
-0.1819232
-0.1760259
-0.1626509
-0.1442291
-0.1275793
-0.1168020
-0.1082235
-0.0936128
-0.0690297
-0.0396272
-0.0147388
0.0010523
0.0102624
0.0160007
0.0158120
0.0049055
-0.0144369
-0.0296432
-0.0272291
-0.0062194
0.0193311
0.0330000
0.0315103
0.0269306
0.0332989
0.0519046
0.0703535
0.0753621
0.0651527
0.0490808
0.0363950
0.0269814
0.0137291
-0.0069682
-0.0290684
-0.0427734
-0.0461998
-0.0488492
-0.0612079
-0.0811277
-0.0932554
-0.0844675
-0.0595129
-0.0385594
-0.0371771
-0.0499112
-0.0567188
-0.0465499
-0.0312331
-0.0312128
-0.0456011
-0.0382921
0.0428018
0.2289588
0.5070843
0.8243178
1.1100419
1.2968689
1.3349903
1.2058628
0.9355615
0.5948697
0.2743436
0.0430890
-0.0811527
-0.1287052
-0.1466692
-0.1666920
-0.1948166
-0.2234192
-0.2473103
-0.2682916
-0.2883624
-0.3035096
-0.3069065
-0.2978542
-0.2853913
-0.2812058
-0.2886310
-0.2994402
-0.3023080
-0.2945164
-0.2847029
-0.2834130
-0.2911266
-0.2967645
-0.2889636
-0.2683463
-0.2473490
-0.2376977
-0.2393068
-0.2423646
-0.2390891
-0.2311349
-0.2248279
-0.2212934
-0.2142745
-0.1984507
-0.1776241
-0.1618373
-0.1561681
-0.1548499
-0.1483379
-0.1349093
-0.1224701
-0.1182277
-0.1189148
-0.1136673
-0.0963628
-0.0729006
-0.0549072
-0.0472685
-0.0439564
-0.0366399
-0.0253429
-0.0180482
-0.0196383
-0.0237236
-0.0177783
0.0036597
0.0324897
0.0545268
0.0628506
0.0629600
0.0650517
0.0726681
0.0802827
0.0817305
0.0788145
0.0794513
0.0875303
0.0969825
0.0977196
0.0867710
0.0714764
0.0608836
0.0555609
0.0481109
0.0339256
0.0189106
0.0137949
0.0209334
0.0297921
0.0277888
0.0143138
0.0010634
-0.0018666
0.0027549
0.0041680
-0.0019794
-0.0080308
-0.0045724
0.0065827
0.0135732
0.0089566
-0.0007240
-0.0029444
0.0048496
0.0116896
0.0068527
-0.0064565
-0.0151169
-0.0128250
-0.0082093
-0.0138179
-0.0296667
-0.0421054
-0.0399755
-0.0285864
-0.0242243
-0.0352644
-0.0523031
-0.0591310
-0.0515285
-0.0418112
-0.0443534
-0.0595500
-0.0744868
-0.0784231
-0.0746281
-0.0754677
-0.0871642
-0.1018911
-0.1060910
-0.0956267
-0.0809198
-0.0765404
-0.0867591
-0.1023401
-0.1109702
-0.1094494
-0.1053148
-0.1076273
-0.1173695
-0.1270361
-0.1289005
-0.1228464
-0.1158303
-0.1142667
-0.1178806
-0.1212462
-0.1205272
-0.1177972
-0.1186407
-0.1259121
-0.1360708
-0.1417517
-0.1382549
-0.1278938
-0.1181277
-0.1153709
-0.1203092
-0.1285564
-0.1352054
-0.1387954
-0.1414575
-0.1455022
-0.1497676
-0.1495757
-0.1409960
-0.1254600
-0.1096920
-0.1004469
-0.0989122
-0.0998814
-0.0961080
-0.0838504
-0.0652102
-0.0458266
-0.0301104
-0.0179301
-0.0053214
0.0115303
0.0323600
0.0522943
0.0655554
0.0705109
0.0711100
0.0725390
0.0753598
0.0751606
0.0688698
0.0603955
0.0582088
0.0668762
0.0819673
0.0940887
0.0976408
0.0950536
0.0925505
0.0924633
0.0902093
0.0786687
0.0551929
0.0246698
-0.0033688
-0.0206637
-0.0251340
-0.0220397
-0.0203159
-0.0258524
-0.0368983
-0.0461748
-0.0480352
-0.0434889
-0.0380887
-0.0353920
-0.0331726
-0.0262996
-0.0131141
0.0019391
0.0140886
0.0294620
0.0720506
0.1771557
0.3709128
0.6469217
0.9562733
1.2210590
1.3663555
1.3523514
1.1882260
0.9231760
0.6245387
0.3556606
0.1593477
0.0482577
0.0051239
-0.0047544
-0.0137183
-0.0366403
-0.0696135
-0.1004105
-0.1203300
-0.1288704
-0.1310077
-0.1324146
-0.1365548
-0.1437226
-0.1514592
-0.1570152
-0.1607821
-0.1664618
-0.1760194
-0.1847868
-0.1841433
-0.1707080
-0.1518335
-0.1400630
-0.1416039
-0.1509021
-0.1568589
-0.1539258
-0.1466913
-0.1438720
-0.1485598
-0.1548304
-0.1536815
-0.1419225
-0.1255098
-0.1146561
-0.1151462
-0.1230925
-0.1278049
-0.1209246
-0.1036343
-0.0843686
-0.0689191
-0.0538210
-0.0309014
0.0019566
0.0362818
0.0601576
0.0693237
0.0703743
0.0731352
0.0808802
0.0886571
0.0904929
0.0867447
0.0839033
0.0883181
0.1009789
0.1172550
0.1298611
0.1323576
0.1222290
0.1023326
0.0788665
0.0567620
0.0369159
0.0182007
0.0015003
-0.0096982
-0.0135231
-0.0138316
-0.0184084
-0.0318200
-0.0504117
-0.0656677
-0.0728308
-0.0751734
-0.0792562
-0.0871244
-0.0943711
-0.0953592
-0.0890377
-0.0795135
-0.0718683
-0.0677335
-0.0642294
-0.0566857
-0.0429331
-0.0260505
-0.0132146
-0.0099678
-0.0116127
0.0032104
0.0696256
0.2209064
0.4663783
0.7766705
1.0876795
1.3233861
1.4263691
1.3805118
1.2146569
0.9864010
0.7559280
0.5637696
0.4218125
0.3187788
0.2350259
0.1577847
0.0875801
0.0322717
-0.0047935
-0.0306409
-0.0567317
-0.0876193
-0.1163418
-0.1318992
-0.1315151
-0.1247804
-0.1248324
-0.1357784
-0.1500131
-0.1579505
-0.1586297
-0.1593796
-0.1660088
-0.1754152
-0.1787202
-0.1710119
-0.1570934
-0.1471930
-0.1470141
-0.1524377
-0.1544776
-0.1491216
-0.1413796
-0.1394167
-0.1454792
-0.1531594
-0.1533019
-0.1423739
-0.1255322
-0.1120006
-0.1072732
-0.1091957
-0.1109743
-0.1075812
-0.0995850
-0.0918245
-0.0888115
-0.0903845
-0.0907501
-0.0824911
-0.0633234
-0.0395517
-0.0219245
-0.0170285
-0.0223000
-0.0290844
-0.0302215
-0.0249489
-0.0173046
-0.0105962
-0.0040069
0.0052237
0.0170337
0.0272617
0.0315720
0.0297873
0.0255446
0.0220709
0.0190825
0.0138975
0.0051661
-0.0048312
-0.0119561
-0.0146206
-0.0160928
-0.0215658
-0.0327366
-0.0459024
-0.0556619
-0.0600179
-0.0616457
-0.0646055
-0.0700718
-0.0751309
-0.0758510
-0.0717235
-0.0666113
-0.0647128
-0.0660884
-0.0673268
-0.0666589
-0.0670533
-0.0730995
-0.0848978
-0.0958726
-0.0976238
-0.0877190
-0.0727110
-0.0627368
-0.0626479
-0.0685449
-0.0726672
-0.0706102
-0.0636116
-0.0553882
-0.0481843
-0.0413429
-0.0322996
-0.0187827
-0.0009550
0.0181333
0.0344845
0.0458229
0.0523647
0.0548809
0.0519955
0.0399867
0.0167450
-0.0130565
-0.0379353
-0.0473947
-0.0411010
-0.0294295
-0.0236361
-0.0252637
-0.0254369
-0.0145354
0.0072753
0.0285599
0.0355196
0.0230801
-0.0020246
-0.0284617
-0.0500149
-0.0684634
-0.0883448
-0.1102451
-0.1292670
-0.1395796
-0.1405949
-0.1387228
-0.1420088
-0.1519633
-0.1610913
-0.1597279
-0.1457233
-0.1269311
-0.1138160
-0.1095259
-0.1071974
-0.0973850
-0.0784835
-0.0586055
-0.0442178
-0.0247119
0.0308256
0.1574901
0.3694053
0.6443512
0.9290375
1.1601991
1.2871035
1.2841564
1.1533362
0.9231192
0.6457970
0.3863706
0.1989727
0.1019987
0.0719406
0.0636266
0.0418287
-0.0001573
-0.0464908
-0.0796190
-0.0961272
-0.1058125
-0.1190636
-0.1370225
-0.1530374
-0.1610559
-0.1612983
-0.1589948
-0.1591988
-0.1626839
-0.1659892
-0.1654990
-0.1618244
-0.1596928
-0.1630044
-0.1704304
-0.1763200
-0.1755214
-0.1672551
-0.1555031
-0.1465923
-0.1454599
-0.1523950
-0.1626414
-0.1698701
-0.1712366
-0.1698227
-0.1717710
-0.1796531
-0.1880214
-0.1869839
-0.1721523
-0.1508507
-0.1365832
-0.1365200
-0.1450907
-0.1500154
-0.1438514
-0.1297730
-0.1173727
-0.1133760
-0.1156137
-0.1153149
-0.1054797
-0.0873804
-0.0689993
-0.0572856
-0.0519727
-0.0465984
-0.0353936
-0.0193939
-0.0055341
0.0009462
0.0027419
0.0076606
0.0194879
0.0336215
0.0427821
0.0452013
0.0451907
0.0466571
0.0486194
0.0476474
0.0428379
0.0367289
0.0316461
0.0268739
0.0206792
0.0142465
0.0110381
0.0110231
0.0076430
-0.0065303
-0.0311070
-0.0570815
-0.0754023
-0.0849529
-0.0916765
-0.1014651
-0.1148962
-0.1277353
-0.1350908
-0.1351904
-0.1302978
-0.1248789
-0.1228570
-0.1254816
-0.1303702
-0.1326135
-0.1284372
-0.1185846
-0.1068929
-0.0948069
-0.0790068
-0.0562905
-0.0296265
-0.0059051
0.0153356
0.0524362
0.1401175
0.3121933
0.5758575
0.8938379
1.1901163
1.3810840
1.4154441
1.2983279
1.0847515
0.8474559
0.6406951
0.4829482
0.3654292
0.2725779
0.1951614
0.1300983
0.0756137
0.0299030
-0.0076535
-0.0366942
-0.0573560
-0.0709150
-0.0797005
-0.0872677
-0.0980183
-0.1149866
-0.1367644
-0.1568091
-0.1676696
-0.1679730
-0.1649607
-0.1676955
-0.1768781
-0.1835968
-0.1798235
-0.1683542
-0.1600403
-0.1621739
-0.1720631
-0.1817706
-0.1865489
-0.1875826
-0.1882330
-0.1897586
-0.1910833
-0.1912810
-0.1903965
-0.1876323
-0.1809749
-0.1705984
-0.1612807
-0.1584271
-0.1614645
-0.1637445
-0.1599121
-0.1513937
-0.1435261
-0.1390010
-0.1356059
-0.1293379
-0.1182442
-0.1036260
-0.0887828
-0.0768735
-0.0691506
-0.0640767
-0.0576771
-0.0461176
-0.0301732
-0.0169572
-0.0139673
-0.0195713
-0.0220515
-0.0114171
0.0087285
0.0242024
0.0252780
0.0162501
0.0093627
0.0113508
0.0176223
0.0188347
0.0110710
-0.0016280
-0.0135279
-0.0229124
-0.0301453
-0.0330634
-0.0287994
-0.0202471
-0.0162457
-0.0226860
-0.0355741
-0.0453889
-0.0472815
-0.0449771
-0.0451660
-0.0499808
-0.0555255
-0.0568637
-0.0533794
-0.0487714
-0.0465865
-0.0475032
-0.0511088
-0.0576041
-0.0657854
-0.0716304
-0.0723459
-0.0712232
-0.0750345
-0.0857192
-0.0969512
-0.1003419
-0.0942045
-0.0855553
-0.0838573
-0.0927159
-0.1070694
-0.1183018
-0.1219952
-0.1205478
-0.1193637
-0.1223202
-0.1302527
-0.1405965
-0.1474881
-0.1453925
-0.1352514
-0.1254867
-0.1244140
-0.1320552
-0.1409804
-0.1448312
-0.1446246
-0.1464019
-0.1533086
-0.1609226
-0.1617272
-0.1543955
-0.1462152
-0.1441944
-0.1459207
-0.1430711
-0.1332358
-0.1234772
-0.1203944
-0.1203000
-0.1129125
-0.0941797
-0.0723794
-0.0593853
-0.0560611
-0.0488746
-0.0240330
0.0153079
0.0496997
0.0630144
0.0583869
0.0521230
0.0547068
0.0620243
0.0642238
0.0584966
0.0512820
0.0500688
0.0553993
0.0615320
0.0641683
0.0654937
0.0699562
0.0765785
0.0786936
0.0712578
0.0551606
0.0337923
0.0091544
-0.0165794
-0.0386309
-0.0520470
-0.0562621
-0.0558422
-0.0567167
-0.0615905
-0.0682110
-0.0722849
-0.0726723
-0.0725308
-0.0741568
-0.0746575
-0.0693108
-0.0579592
-0.0452161
-0.0348272
-0.0254398
-0.0091392
0.0306790
0.1191853
0.2803429
0.5187315
0.8052273
1.0785643
1.2655434
1.3118189
1.2066492
0.9860346
0.7136621
0.4544673
0.2544900
0.1300186
0.0669540
0.0339861
0.0046412
-0.0288104
-0.0603611
-0.0848004
-0.1048966
-0.1265515
-0.1502747
-0.1685938
-0.1726822
-0.1627649
-0.1508319
-0.1503539
-0.1634286
-0.1800331
-0.1887351
-0.1854832
-0.1739920
-0.1622995
-0.1583445
-0.1636623
-0.1701797
-0.1670848
-0.1525363
-0.1363604
-0.1303044
-0.1368933
-0.1475219
-0.1504416
-0.1420278
-0.1313408
-0.1311852
-0.1430842
-0.1542147
-0.1514234
-0.1348140
-0.1148381
-0.1001519
-0.0925661
-0.0905335
-0.0919362
-0.0937714
-0.0926372
-0.0863811
-0.0753070
-0.0632015
-0.0560049
-0.0554694
-0.0544896
-0.0439037
-0.0246597
-0.0079053
-0.0016580
-0.0025050
-0.0019648
0.0040884
0.0141704
0.0245456
0.0316025
0.0342279
0.0350570
0.0370417
0.0395953
0.0408362
0.0410138
0.0396280
0.0327665
0.0192552
0.0062526
0.0016277
0.0027719
-0.0001877
-0.0114305
-0.0256094
-0.0352907
-0.0369788
-0.0318017
-0.0247656
-0.0208250
-0.0184933
-0.0115243
0.0006772
0.0112112
0.0176735
0.0273942
0.0453822
0.0656525
0.0808049
0.0918687
0.1019688
0.1080928
0.1057515
0.0951979
0.0789116
0.0606647
0.0490362
0.0510651
0.0601748
0.0625760
0.0572653
0.0554947
0.0595181
0.0593237
0.0523815
0.0469848
0.0431475
0.0317037
0.0156079
0.0081819
0.0069299
-0.0028937
-0.0147136
-0.0059972
0.0123975
-0.0071721
-0.0804236
