-0.1596269
-0.1570359
-0.1701995
-0.1850093
-0.1904508
-0.1886322
-0.1898043
-0.2011993
-0.2193619
-0.2311180
-0.2251279
-0.2057248
-0.1917775
-0.1971021
-0.2145968
-0.2250856
-0.2201011
-0.2097471
-0.2077373
-0.2145150
-0.2181673
-0.2090836
-0.1902379
-0.1726240
-0.1621409
-0.1533852
-0.1382008
-0.1183370
-0.1042820
-0.0997827
-0.0928579
-0.0674233
-0.0210289
0.0361356
0.1015583
0.1940332
0.3409738
0.5506054
0.7974326
1.0336814
1.2106595
1.2868631
1.2233956
0.9911625
0.6019042
0.1353726
-0.2795206
-0.5317504
-0.5917838
-0.5170687
-0.3988418
-0.3011837
-0.2400111
-0.2037699
-0.1818269
-0.1725980
-0.1744459
-0.1798255
-0.1814611
-0.1796621
-0.1794929
-0.1827589
-0.1868038
-0.1903312
-0.1955357
-0.2026491
-0.2060015
-0.1993981
-0.1849481
-0.1733194
-0.1733611
-0.1823221
-0.1881318
-0.1817848
-0.1660052
-0.1503963
-0.1394555
-0.1284938
-0.1119645
-0.0923345
-0.0773365
-0.0694830
-0.0621953
-0.0480953
-0.0290824
-0.0151327
-0.0121930
-0.0130067
-0.0024862
0.0269364
0.0668222
0.1011812
0.1226775
0.1384357
0.1599309
0.1899479
0.2214043
0.2474647
0.2698662
0.2963585
0.3314017
0.3710451
0.4071923
0.4358380
0.4600133
0.4848885
0.5115555
0.5366644
0.5572518
0.5741498
0.5900191
0.6046116
0.6125562
0.6063256
0.5824125
0.5453545
0.5050370
0.4687526
0.4357179
0.4001219
0.3595043
0.3189095
0.2858940
0.2619778
0.2404241
0.2133533
0.1805441
0.1497559
0.1277559
0.1124601
0.0958360
0.0741229
0.0525022
0.0381948
0.0307219
0.0217246
0.0047503
-0.0168339
-0.0332446
-0.0389514
-0.0382226
-0.0394368
-0.0453882
-0.0513677
-0.0528771
-0.0525197
-0.0567848
-0.0669741
-0.0766583
-0.0797093
-0.0788860
-0.0835818
-0.0986514
-0.1176576
-0.1292932
-0.1302131
-0.1292300
-0.1372444
-0.1542788
-0.1692288
-0.1730837
-0.1697768
-0.1713576
-0.1833000
-0.1977702
-0.2028130
-0.1962513
-0.1879876
-0.1886086
-0.1980261
-0.2068674
-0.2076819
-0.2020434
-0.1961618
-0.1924928
-0.1886161
-0.1832406
-0.1791866
-0.1786351
-0.1783998
-0.1737968
-0.1670310
-0.1678006
-0.1826269
-0.2047336
-0.2179480
-0.2123634
-0.1947673
-0.1816127
-0.1821322
-0.1906029
-0.1955913
-0.1937937
-0.1917804
-0.1951928
-0.2003940
-0.1991140
-0.1894268
-0.1788604
-0.1760443
-0.1815813
-0.1890797
-0.1940778
-0.1988833
-0.2072523
-0.2166559
-0.2195013
-0.2127958
-0.2037149
-0.2027895
-0.2121680
-0.2232355
-0.2266380
-0.2226136
-0.2194181
-0.2223406
-0.2269909
-0.2248117
-0.2136138
-0.2001334
-0.1920363
-0.1898587
-0.1884272
-0.1843478
-0.1790075
-0.1742071
-0.1681909
-0.1582706
-0.1456875
-0.1348467
-0.1275981
-0.1209709
-0.1120393
-0.1029372
-0.0979729
-0.0957650
-0.0872685
-0.0632328
-0.0209112
0.0405100
0.1303813
0.2664605
0.4588262
0.6933509
0.9327336
1.1323234
1.2514580
1.2519602
1.0992840
0.7837143
0.3508450
-0.0942419
-0.4302626
-0.5862261
-0.5781875
-0.4855865
-0.3897001
-0.3270808
-0.2898204
-0.2580966
-0.2268617
-0.2053876
-0.2002990
-0.2055140
-0.2088391
-0.2048693
-0.1988246
-0.1980817
-0.2020973
-0.2022720
-0.1915022
-0.1724383
-0.1552901
-0.1476527
-0.1473285
-0.1456461
-0.1373598
-0.1261535
-0.1198082
-0.1208700
-0.1237828
-0.1215960
-0.1137729
-0.1056120
-0.1006067
-0.0958738
-0.0864277
-0.0724455
-0.0597335
-0.0522733
-0.0460563
-0.0324459
-0.0079009
0.0212351
0.0448185
0.0590339
0.0690299
0.0817086
0.0979747
0.1135589
0.1263495
0.1403410
0.1611328
0.1887220
0.2167237
0.2393135
0.2577055
0.2782941
0.3045802
0.3328051
0.3569267
0.3768627
0.3993123
0.4293372
0.4626588
0.4884926
0.5003105
0.5020989
0.5025514
0.5038279
0.4983079
0.4776728
0.4438856
0.4088054
0.3823004
0.3624133
0.3387754
0.3048454
0.2646117
0.2267590
0.1943236
0.1624742
0.1266138
0.0905614
0.0645469
0.0546632
0.0554353
0.0540398
0.0420684
0.0226956
0.0062592
-0.0005532
-0.0007298
-0.0027603
-0.0114615
-0.0235387
-0.0321150
-0.0349193
-0.0370522
-0.0453070
-0.0605055
-0.0765567
-0.0871485
-0.0921998
-0.0968057
-0.1044837
-0.1130779
-0.1180840
-0.1190411
-0.1209013
-0.1283438
-0.1397188
-0.1482207
-0.1495102
-0.1470436
-0.1485205
-0.1569438
-0.1661784
-0.1662790
-0.1534784
-0.1347561
-0.1222217
-0.1225710
-0.1317354
-0.1397632
-0.1407918
-0.1379444
-0.1385605
-0.1455352
-0.1543812
-0.1587800
-0.1577776
-0.1563226
-0.1589658
-0.1646339
-0.1688494
-0.1703362
-0.1731250
-0.1807570
-0.1896679
-0.1909277
-0.1796788
-0.1616655
-0.1487995
-0.1481044
-0.1558942
-0.1630369
-0.1649946
-0.1657764
-0.1723093
-0.1860830
-0.2010666
-0.2094606
-0.2087378
-0.2030854
-0.1988552
-0.1992065
-0.2026708
-0.2058667
-0.2070237
-0.2069546
-0.2069658
-0.2063520
-0.2026270
-0.1945103
-0.1840577
-0.1748518
-0.1679641
-0.1606872
-0.1500722
-0.1371435
-0.1261516
-0.1191323
-0.1125326
-0.1009719
-0.0842306
-0.0684368
-0.0589229
-0.0530537
-0.0419266
-0.0181424
0.0217151
0.0838144
0.1824106
0.3321930
0.5323994
0.7601849
0.9810027
1.1621998
1.2719903
1.2685736
1.1055431
0.7671298
0.3075852
-0.1508933
-0.4766612
-0.6035248
-0.5614750
-0.4410023
-0.3267399
-0.2554995
-0.2210481
-0.2038530
-0.1923817
-0.1845018
-0.1804188
-0.1794746
-0.1807920
-0.1826827
-0.1815053
-0.1741126
-0.1623417
-0.1527615
-0.1500016
-0.1513074
-0.1496711
-0.1421318
-0.1328460
-0.1270285
-0.1235743
-0.1159376
-0.1004518
-0.0818912
-0.0692623
-0.0664834
-0.0686207
-0.0677559
-0.0614716
-0.0542996
-0.0508503
-0.0487327
-0.0394308
-0.0165653
0.0169481
0.0504086
0.0744696
0.0891338
0.1027654
0.1232857
0.1506885
0.1783384
0.2008598
0.2195142
0.2394538
0.2627847
0.2858728
0.3039170
0.3171338
0.3310461
0.3503637
0.3735843
0.3947757
0.4107046
0.4251454
0.4452020
0.4733289
0.5034868
0.5255364
0.5335392
0.5298744
0.5214403
0.5120966
0.4991319
0.4772873
0.4458998
0.4112774
0.3813522
0.3579974
0.3352324
0.3055989
0.2683165
0.2305637
0.2001781
0.1773263
0.1543146
0.1242618
0.0895144
0.0604292
0.0453138
0.0419455
0.0395725
0.0292943
0.0121044
-0.0033503
-0.0103734
-0.0108679
-0.0123737
-0.0193619
-0.0286081
-0.0335350
-0.0323006
-0.0304403
-0.0352135
-0.0480947
-0.0637343
-0.0763410
-0.0860969
-0.0981756
-0.1153845
-0.1330655
-0.1428037
-0.1415311
-0.1359101
-0.1364755
-0.1472148
-0.1616458
-0.1698203
-0.1690303
-0.1667913
-0.1726007
-0.1869203
-0.1992107
-0.1976580
-0.1808659
-0.1594714
-0.1461249
-0.1443232
-0.1472573
-0.1467630
-0.1419861
-0.1386719
-0.1409944
-0.1460121
-0.1472098
-0.1426448
-0.1377302
-0.1390539
-0.1463594
-0.1522569
-0.1504471
-0.1433578
-0.1403919
-0.1481332
-0.1627267
-0.1726722
-0.1695348
-0.1558485
-0.1423994
-0.1380138
-0.1423490
-0.1483973
-0.1510281
-0.1521944
-0.1578669
-0.1707035
-0.1863604
-0.1969756
-0.1980602
-0.1921841
-0.1864549
-0.1865493
-0.1925513
-0.1996745
-0.2028292
-0.2011626
-0.1986820
-0.2000069
-0.2048081
-0.2067933
-0.1995352
-0.1839550
-0.1689043
-0.1626533
-0.1637120
-0.1618487
-0.1495565
-0.1314206
-0.1195967
-0.1192914
-0.1212182
-0.1114025
-0.0880291
-0.0649497
-0.0562028
-0.0591308
-0.0563093
-0.0335822
0.0089892
0.0675747
0.1522579
0.2861293
0.4820250
0.7223284
0.9652927
1.1685849
1.2993288
1.3206877
1.1837255
0.8564530
0.3761755
-0.1319173
-0.5089595
-0.6582055
-0.6026650
-0.4544330
-0.3258975
-0.2616532
-0.2403408
-0.2250233
-0.2037236
-0.1880062
-0.1873494
-0.1950447
-0.1976114
-0.1904762
-0.1805802
-0.1761765
-0.1778795
-0.1797985
-0.1767278
-0.1687395
-0.1598352
-0.1535525
-0.1497092
-0.1444900
-0.1338613
-0.1180214
-0.1027255
-0.0948483
-0.0953505
-0.0972376
-0.0922262
-0.0798982
-0.0686845
-0.0662140
-0.0692438
-0.0652369
-0.0450598
-0.0131677
0.0163848
0.0342139
0.0446434
0.0597278
0.0852846
0.1147559
0.1375120
0.1516287
0.1662590
0.1909285
0.2241169
0.2541899
0.2716964
0.2794139
0.2892653
0.3097901
0.3379079
0.3635102
0.3811823
0.3959264
0.4169387
0.4467944
0.4779801
0.5001150
0.5095744
0.5112877
0.5115514
0.5103164
0.5014182
0.4802143
0.4500157
0.4200189
0.3965709
0.3768427
0.3517309
0.3153597
0.2716175
0.2308974
0.2000299
0.1755412
0.1473943
0.1097763
0.0679223
0.0336782
0.0141881
0.0054467
-0.0026942
-0.0157310
-0.0295850
-0.0364906
-0.0347542
-0.0314549
-0.0351734
-0.0468131
-0.0585312
-0.0618525
-0.0562640
-0.0495214
-0.0500346
-0.0596539
-0.0737520
-0.0872512
-0.0995106
-0.1132481
-0.1295279
-0.1448146
-0.1535301
-0.1536117
-0.1493734
-0.1484935
-0.1556012
-0.1683322
-0.1797112
-0.1849125
-0.1859812
-0.1894544
-0.1986490
-0.2084727
-0.2090840
-0.1957756
-0.1750555
-0.1598413
-0.1579074
-0.1652592
-0.1711886
-0.1693892
-0.1632731
-0.1604563
-0.1634555
-0.1673323
-0.1664440
-0.1618535
-0.1605620
-0.1675650
-0.1800074
-0.1900279
-0.1928976
-0.1913784
-0.1918318
-0.1967858
-0.2022285
-0.2023774
-0.1964188
-0.1896839
-0.1879853
-0.1914863
-0.1950650
-0.1948937
-0.1937706
-0.1987125
-0.2127717
-0.2299309
-0.2393789
-0.2355862
-0.2238715
-0.2153701
-0.2164425
-0.2234990
-0.2282109
-0.2268054
-0.2232341
-0.2234751
-0.2281088
-0.2314879
-0.2278193
-0.2170043
-0.2042093
-0.1944494
-0.1882237
-0.1820160
-0.1721781
-0.1583044
-0.1436188
-0.1321658
-0.1243776
-0.1145546
-0.0942054
-0.0604845
-0.0213425
0.0117164
0.0405034
0.0898045
0.1951418
0.3751701
0.6136325
0.8677799
1.0916574
1.2471554
1.2947053
1.1876566
0.8969248
0.4549348
-0.0281497
-0.4092171
-0.5936986
-0.5878826
-0.4784842
-0.3615693
-0.2844969
-0.2423531
-0.2137505
-0.1908026
-0.1787675
-0.1795647
-0.1853325
-0.1876191
-0.1864750
-0.1870827
-0.1901830
-0.1900972
-0.1825742
-0.1713352
-0.1644339
-0.1650760
-0.1683480
-0.1674787
-0.1615784
-0.1556971
-0.1538818
-0.1540170
-0.1502756
-0.1396496
-0.1248468
-0.1109162
-0.1002146
-0.0912594
-0.0817482
-0.0715273
-0.0622729
-0.0548293
-0.0473767
-0.0361461
-0.0177771
0.0085590
0.0404457
0.0732357
0.1025050
0.1266807
0.1477652
0.1691789
0.1926103
0.2171913
0.2418122
0.2674331
0.2960085
0.3270748
0.3567047
0.3811250
0.4011418
0.4215257
0.4452066
0.4691059
0.4874482
0.4993458
0.5110928
0.5288634
0.5493550
0.5599434
0.5498814
0.5209231
0.4853738
0.4533787
0.4235247
0.3870264
0.3400975
0.2898571
0.2470512
0.2144426
0.1845092
0.1487485
0.1073292
0.0681342
0.0373613
0.0134992
-0.0085900
-0.0295635
-0.0441535
-0.0483194
-0.0460085
-0.0468256
-0.0568018
-0.0726814
-0.0860354
-0.0922454
-0.0943262
-0.0980739
-0.1048746
-0.1103351
-0.1095377
-0.1024195
-0.0934925
-0.0869550
-0.0830182
-0.0792485
-0.0749111
-0.0731170
-0.0780314
-0.0897673
-0.1024711
-0.1084742
-0.1053114
-0.0986934
-0.0976059
-0.1056481
-0.1175333
-0.1250665
-0.1265044
-0.1285775
-0.1382518
-0.1535930
-0.1650354
-0.1663697
-0.1626081
-0.1648590
-0.1777702
-0.1944076
-0.2047634
-0.2075789
-0.2110495
-0.2215596
-0.2343794
-0.2380911
-0.2279846
-0.2127718
-0.2066213
-0.2152812
-0.2312892
-0.2425901
-0.2444154
-0.2420723
-0.2432803
-0.2495789
-0.2557505
-0.2563999
-0.2514293
-0.2446523
-0.2382379
-0.2301245
-0.2173765
-0.2010540
-0.1863387
-0.1774267
-0.1731306
-0.1684773
-0.1605431
-0.1517324
-0.1467871
-0.1473015
-0.1502659
-0.1519263
-0.1517512
-0.1516503
-0.1519769
-0.1498597
-0.1421494
-0.1293204
-0.1156037
-0.1052350
-0.0989138
-0.0937594
-0.0861523
-0.0744496
-0.0591365
-0.0398738
-0.0110197
0.0406601
0.1321242
0.2742669
0.4628765
0.6780341
0.8914792
1.0723528
1.1846003
1.1838369
1.0296980
0.7162347
0.2978203
-0.1195064
-0.4263161
-0.5661447
-0.5577594
-0.4692737
-0.3695715
-0.2954234
-0.2507786
-0.2249442
-0.2078318
-0.1940278
-0.1815842
-0.1715290
-0.1668856
-0.1689391
-0.1741301
-0.1766207
-0.1748094
-0.1737811
-0.1795203
-0.1909537
-0.1995326
-0.1977405
-0.1872615
-0.1774915
-0.1758973
-0.1807784
-0.1839909
-0.1800274
-0.1713239
-0.1645146
-0.1624027
-0.1605701
-0.1519971
-0.1344309
-0.1126680
-0.0936026
-0.0795010
-0.0665522
-0.0498715
-0.0291746
-0.0087592
0.0081022
0.0237835
0.0442106
0.0719166
0.1021396
0.1270934
0.1444106
0.1603897
0.1837809
0.2163752
0.2507691
0.2781553
0.2978695
0.3182514
0.3478326
0.3864047
0.4253764
0.4564027
0.4784976
0.4963521
0.5128691
0.5249797
0.5271890
0.5180919
0.5020447
0.4841685
0.4644854
0.4377625
0.3993070
0.3507017
0.2996465
0.2539898
0.2156273
0.1799785
0.1414277
0.0995100
0.0599467
0.0295645
0.0100329
-0.0035034
-0.0176568
-0.0347155
-0.0512178
-0.0622603
-0.0668424
-0.0688374
-0.0729434
-0.0799841
-0.0862213
-0.0871627
-0.0821553
-0.0755721
-0.0735637
-0.0791740
-0.0900155
-0.1005568
-0.1069968
-0.1101588
-0.1135406
-0.1185345
-0.1221310
-0.1201235
-0.1126588
-0.1056484
-0.1055803
-0.1128980
-0.1215136
-0.1255772
-0.1261482
-0.1299896
-0.1414984
-0.1568845
-0.1675004
-0.1689415
-0.1659481
-0.1677554
-0.1789361
-0.1952636
-0.2082661
-0.2131533
-0.2123341
-0.2121628
-0.2169833
-0.2257881
-0.2334462
-0.2348567
-0.2289759
-0.2199696
-0.2142566
-0.2151486
-0.2195785
-0.2206156
-0.2141668
-0.2032780
-0.1950319
-0.1928526
-0.1926994
-0.1878685
-0.1772427
-0.1673038
-0.1651356
-0.1703958
-0.1757637
-0.1752881
-0.1704602
-0.1667695
-0.1655388
-0.1617455
-0.1506076
-0.1340747
-0.1183575
-0.1054964
-0.0899162
-0.0639188
-0.0233686
0.0355948
0.1242388
0.2593972
0.4480769
0.6729186
0.8953096
1.0734906
1.1753192
1.1738339
1.0398910
0.7554623
0.3463393
-0.0997856
-0.4621537
-0.6522648
-0.6645013
-0.5685246
-0.4518576
-0.3644631
-0.3082230
-0.2660718
-0.2311752
-0.2086008
-0.1992617
-0.1931878
-0.1807983
-0.1649546
-0.1563888
-0.1582437
-0.1602663
-0.1506889
-0.1309458
-0.1146983
-0.1123877
-0.1202429
-0.1263975
-0.1253838
-0.1228682
-0.1258623
-0.1318798
-0.1309169
-0.1174274
-0.0972762
-0.0814612
-0.0745309
-0.0710488
-0.0628977
-0.0478920
-0.0304972
-0.0159059
-0.0053893
0.0030557
0.0119194
0.0232241
0.0386655
0.0582233
0.0784172
0.0941938
0.1043920
0.1145507
0.1320910
0.1580594
0.1853307
0.2066150
0.2234520
0.2449791
0.2770203
0.3142746
0.3454979
0.3661251
0.3833884
0.4075667
0.4395301
0.4692179
0.4866643
0.4924418
0.4954945
0.5014715
0.5054757
0.4972951
0.4724769
0.4365510
0.3984477
0.3614467
0.3217165
0.2749861
0.2230414
0.1731257
0.1318499
0.1005094
0.0757997
0.0537315
0.0323979
0.0120790
-0.0058632
-0.0200639
-0.0303633
-0.0388005
-0.0487258
-0.0615961
-0.0744844
-0.0821127
-0.0826075
-0.0808946
-0.0849620
-0.0980092
-0.1149024
-0.1272005
-0.1314705
-0.1318680
-0.1345839
-0.1409083
-0.1466350
-0.1477206
-0.1451579
-0.1437060
-0.1465245
-0.1519472
-0.1555488
-0.1547891
-0.1513402
-0.1490891
-0.1500431
-0.1520554
-0.1505246
-0.1426868
-0.1305943
-0.1197257
-0.1142742
-0.1137990
-0.1148668
-0.1159115
-0.1196163
-0.1296182
-0.1449694
-0.1589416
-0.1643742
-0.1604617
-0.1538500
-0.1525670
-0.1586488
-0.1666965
-0.1697260
-0.1665093
-0.1630834
-0.1666721
-0.1777909
-0.1885936
-0.1898611
-0.1803276
-0.1689864
-0.1674631
-0.1795608
-0.1982080
-0.2126212
-0.2182212
-0.2195517
-0.2241359
-0.2342379
-0.2446890
-0.2482147
-0.2426416
-0.2333382
-0.2289155
-0.2338978
-0.2445759
-0.2519285
-0.2495981
-0.2397935
-0.2310051
-0.2291838
-0.2313511
-0.2287716
-0.2165338
-0.1989627
-0.1848943
-0.1784864
-0.1759932
-0.1712665
-0.1625912
-0.1532506
-0.1469003
-0.1442378
-0.1434648
-0.1412558
-0.1323795
-0.1112414
-0.0769830
-0.0357188
0.0075887
0.0625498
0.1551085
0.3088731
0.5210329
0.7583933
0.9785859
1.1513951
1.2542906
1.2510009
1.0911878
0.7512747
0.2843531
-0.1788363
-0.4973581
-0.6068282
-0.5512090
-0.4342640
-0.3387262
-0.2840556
-0.2470964
-0.2083819
-0.1734006
-0.1570694
-0.1604253
-0.1686160
-0.1680975
-0.1595766
-0.1529513
-0.1534938
-0.1561898
-0.1524862
-0.1395059
-0.1218273
-0.1061687
-0.0959410
-0.0902152
-0.0861837
-0.0821154
-0.0788729
-0.0792133
-0.0849975
-0.0941793
-0.1006562
-0.0981421
-0.0850864
-0.0659194
-0.0472014
-0.0323188
-0.0196765
-0.0055956
0.0114458
0.0294074
0.0451548
0.0581295
0.0715003
0.0893365
0.1121505
0.1352998
0.1526397
0.1625347
0.1700667
0.1824684
0.2020660
0.2242990
0.2431916
0.2583168
0.2755036
0.3006062
0.3333473
0.3676652
0.3973616
0.4205565
0.4391253
0.4554145
0.4703484
0.4836736
0.4943699
0.5006012
0.5006051
0.4945562
0.4847477
0.4725526
0.4552819
0.4277406
0.3882460
0.3425346
0.2999443
0.2647776
0.2321571
0.1936515
0.1472583
0.1010928
0.0666204
0.0483594
0.0404026
0.0325592
0.0192324
0.0025504
-0.0117915
-0.0204969
-0.0247701
-0.0279932
-0.0324220
-0.0378653
-0.0425961
-0.0452398
-0.0464262
-0.0490654
-0.0563722
-0.0686116
-0.0818611
-0.0912052
-0.0959047
-0.1005445
-0.1096527
-0.1212379
-0.1274566
-0.1231683
-0.1131687
-0.1088723
-0.1167880
-0.1312998
-0.1403164
-0.1378974
-0.1297954
-0.1259440
-0.1289244
-0.1316537
-0.1263011
-0.1135042
-0.1014471
-0.0967460
-0.0981237
-0.0995064
-0.0978590
-0.0964492
-0.1006052
-0.1116312
-0.1254666
-0.1364358
-0.1414600
-0.1413014
-0.1393159
-0.1394357
-0.1438921
-0.1512441
-0.1568122
-0.1567337
-0.1525274
-0.1506315
-0.1558231
-0.1650439
-0.1693911
-0.1635740
-0.1528972
-0.1492980
-0.1597657
-0.1793886
-0.1965536
-0.2044663
-0.2064915
-0.2102930
-0.2183272
-0.2254903
-0.2257710
-0.2196569
-0.2139927
-0.2149258
-0.2218527
-0.2284251
-0.2288794
-0.2230045
-0.2153247
-0.2100328
-0.2066893
-0.2003797
-0.1860943
-0.1637696
-0.1395910
-0.1215793
-0.1124128
-0.1061582
-0.0932688
-0.0698742
-0.0409724
-0.0115346
0.0270711
0.0996665
0.2318590
0.4285701
0.6665066
0.9063731
1.1090923
1.2379365
1.2503814
1.1031266
0.7828442
0.3410092
-0.1070346
-0.4338303
-0.5697935
-0.5370942
-0.4217834
-0.3104459
-0.2430104
-0.2114518
-0.1913117
-0.1707656
-0.1550576
-0.1520966
-0.1595039
-0.1657866
-0.1616276
-0.1484596
-0.1361593
-0.1329895
-0.1379677
-0.1427961
-0.1407855
-0.1333314
-0.1273393
-0.1266928
-0.1272635
-0.1210910
-0.1052451
-0.0855722
-0.0710143
-0.0645485
-0.0605487
-0.0513435
-0.0357332
-0.0202413
-0.0119198
-0.0106462
-0.0092049
-0.0008757
0.0138292
0.0285364
0.0387533
0.0472445
0.0610451
0.0835458
0.1106370
0.1352953
0.1554595
0.1763204
0.2043794
0.2397662
0.2752365
0.3029594
0.3218022
0.3374751
0.3558120
0.3767806
0.3955845
0.4091221
0.4202673
0.4351318
0.4563033
0.4793283
0.4961247
0.5017492
0.4977134
0.4888723
0.4775322
0.4610289
0.4352058
0.4000800
0.3616785
0.3277630
0.3012581
0.2777667
0.2498973
0.2144652
0.1754945
0.1400090
0.1111350
0.0859966
0.0605589
0.0355701
0.0162931
0.0058806
0.0000277
-0.0102607
-0.0298943
-0.0541657
-0.0727500
-0.0793842
-0.0772179
-0.0745543
-0.0760548
-0.0789646
-0.0778152
-0.0715744
-0.0650056
-0.0631165
-0.0655577
-0.0675922
-0.0663299
-0.0646575
-0.0680684
-0.0781239
-0.0903512
-0.0990383
-0.1031300
-0.1063646
-0.1120590
-0.1193446
-0.1252863
-0.1295329
-0.1350140
-0.1436121
-0.1525849
-0.1568771
-0.1549839
-0.1511945
-0.1511278
-0.1555695
-0.1597095
-0.1584879
-0.1518406
-0.1443340
-0.1403811
-0.1405185
-0.1418349
-0.1408057
-0.1354810
-0.1262852
-0.1162027
-0.1100380
-0.1117651
-0.1212234
-0.1337516
-0.1442374
-0.1516735
-0.1586808
-0.1661708
-0.1700395
-0.1652116
-0.1530541
-0.1426308
-0.1426128
-0.1522042
-0.1618069
-0.1633858
-0.1589596
-0.1574618
-0.1637564
-0.1728375
-0.1760280
-0.1716863
-0.1676635
-0.1726538
-0.1865750
-0.2008646
-0.2078407
-0.2082616
-0.2090843
-0.2148155
-0.2224538
-0.2252056
-0.2203007
-0.2122563
-0.2083452
-0.2112886
-0.2166967
-0.2175745
-0.2110770
-0.2006757
-0.1917011
-0.1850890
-0.1762730
-0.1608523
-0.1407937
-0.1233119
-0.1125100
-0.1033229
-0.0861456
-0.0577512
-0.0242347
0.0109784
0.0621161
0.1590835
0.3244964
0.5499393
0.7951290
1.0095232
1.1517780
1.1889456
1.0879385
0.8267653
0.4282696
-0.0188399
-0.3884099
-0.5857366
-0.6021505
-0.5078433
-0.3919393
-0.3052947
-0.2505477
-0.2121590
-0.1847779
-0.1733295
-0.1767270
-0.1822312
-0.1775254
-0.1633144
-0.1505597
-0.1471754
-0.1507230
-0.1538419
-0.1533853
-0.1521356
-0.1530722
-0.1546357
-0.1522330
-0.1430574
-0.1286777
-0.1137593
-0.1030176
-0.0984676
-0.0979443
-0.0960964
-0.0883959
-0.0754426
-0.0627935
-0.0553112
-0.0516577
-0.0455206
-0.0327908
-0.0165023
-0.0033966
0.0042709
0.0121222
0.0279224
0.0529285
0.0801098
0.1014218
0.1162327
0.1318270
0.1557190
0.1881736
0.2225134
0.2521291
0.2764089
0.2997537
0.3255277
0.3518678
0.3738498
0.3894959
0.4028953
0.4207090
0.4454543
0.4726158
0.4947078
0.5079749
0.5145404
0.5178319
0.5167393
0.5056918
0.4812505
0.4478426
0.4152740
0.3895897
0.3669870
0.3379710
0.2977965
0.2519817
0.2108867
0.1793345
0.1525270
0.1223364
0.0867424
0.0522058
0.0268468
0.0120555
0.0011997
-0.0138059
-0.0350671
-0.0573924
-0.0735888
-0.0809979
-0.0835215
-0.0877114
-0.0965520
-0.1065298
-0.1108362
-0.1059956
-0.0957235
-0.0881403
-0.0888019
-0.0961311
-0.1035199
-0.1058882
-0.1042851
-0.1042235
-0.1096629
-0.1187704
-0.1257214
-0.1267264
-0.1241404
-0.1242502
-0.1306512
-0.1399658
-0.1448680
-0.1419619
-0.1362737
-0.1367817
-0.1468958
-0.1600253
-0.1655857
-0.1594823
-0.1479864
-0.1410807
-0.1426958
-0.1480321
-0.1498236
-0.1459470
-0.1404572
-0.1381306
-0.1392437
-0.1398643
-0.1364351
-0.1295833
-0.1239525
-0.1248413
-0.1343601
-0.1495267
-0.1637493
-0.1713900
-0.1723235
-0.1721280
-0.1767200
-0.1859918
-0.1930879
-0.1909087
-0.1797348
-0.1679069
-0.1642442
-0.1697414
-0.1773294
-0.1800643
-0.1788249
-0.1809462
-0.1912502
-0.2055814
-0.2143772
-0.2126903
-0.2057319
-0.2036614
-0.2110229
-0.2221648
-0.2275276
-0.2238561
-0.2172815
-0.2163155
-0.2227620
-0.2301336
-0.2303903
-0.2213025
-0.2074546
-0.1953704
-0.1883400
-0.1849563
-0.1810625
-0.1729498
-0.1601932
-0.1465065
-0.1367482
-0.1310019
-0.1215512
-0.0983387
-0.0593537
-0.0134660
0.0316259
0.0858078
0.1768919
0.3286625
0.5360714
0.7632290
0.9655269
1.1096200
1.1694186
1.1104553
0.8964785
0.5285062
0.0802964
-0.3179870
-0.5509686
-0.5889127
-0.4967499
-0.3758240
-0.2930004
-0.2549642
-0.2348930
-0.2121318
-0.1870801
-0.1694531
-0.1631525
-0.1638475
-0.1652262
-0.1634099
-0.1574424
-0.1496007
-0.1452487
-0.1486876
-0.1571094
-0.1607375
-0.1518346
-0.1334676
-0.1171339
-0.1109049
-0.1114164
-0.1087903
-0.0983998
-0.0857503
-0.0793410
-0.0802832
-0.0805026
-0.0711441
-0.0518153
-0.0312329
-0.0192111
-0.0180796
-0.0211898
-0.0191384
-0.0076671
0.0098151
0.0270146
0.0418149
0.0583335
0.0819388
0.1128249
0.1452325
0.1729105
0.1945759
0.2137892
0.2343661
0.2568790
0.2794346
0.3006526
0.3210280
0.3417425
0.3631005
0.3844765
0.4052766
0.4254397
0.4451360
0.4642711
0.4819777
0.4960078
0.5027847
0.4991030
0.4846925
0.4630987
0.4393994
0.4164411
0.3929177
0.3649822
0.3300147
0.2894486
0.2482828
0.2115036
0.1803626
0.1519673
0.1228535
0.0931841
0.0670835
0.0482497
0.0352024
0.0216427
0.0023375
-0.0213759
-0.0426159
-0.0557499
-0.0616792
-0.0659798
-0.0723221
-0.0786695
-0.0802045
-0.0753158
-0.0679585
-0.0640173
-0.0657270
-0.0699879
-0.0721395
-0.0711105
-0.0705979
-0.0751506
-0.0852122
-0.0961022
-0.1019753
-0.1010820
-0.0974922
-0.0976530
-0.1048384
-0.1165373
-0.1270891
-0.1328522
-0.1348922
-0.1369591
-0.1412873
-0.1465034
-0.1493246
-0.1478988
-0.1433674
-0.1383548
-0.1342843
-0.1304851
-0.1259023
-0.1211821
-0.1184461
-0.1187491
-0.1200187
-0.1180925
-0.1104816
-0.0995552
-0.0917905
-0.0930164
-0.1035939
-0.1181142
-0.1300572
-0.1368434
-0.1404143
-0.1434374
-0.1458497
-0.1455494
-0.1419373
-0.1376831
-0.1362961
-0.1382124
-0.1401953
-0.1391892
-0.1363807
-0.1365705
-0.1431703
-0.1542359
-0.1639520
-0.1680956
-0.1678560
-0.1682384
-0.1728596
-0.1805484
-0.1872551
-0.1911010
-0.1947277
-0.2017955
-0.2112735
-0.2165037
-0.2113448
-0.1975039
-0.1847221
-0.1823509
-0.1902781
-0.1987372
-0.1976619
-0.1859740
-0.1711494
-0.1602117
-0.1526279
-0.1424551
-0.1257312
-0.1038323
-0.0801733
-0.0562639
-0.0320390
-0.0071679
0.0223831
0.0701945
0.1578753
0.3020557
0.4998485
0.7270047
0.9492774
1.1317730
1.2353963
1.2115336
1.0171097
0.6520610
0.1884012
-0.2457976
-0.5289362
-0.6120638
-0.5380164
-0.4012188
-0.2838568
-0.2173959
-0.1891567
-0.1743830
-0.1609557
-0.1513597
-0.1505946
-0.1567096
-0.1617458
-0.1591005
-0.1491668
-0.1385443
-0.1340740
-0.1370008
-0.1422533
-0.1433370
-0.1382174
-0.1305569
-0.1251484
-0.1223401
-0.1175304
-0.1065084
-0.0907549
-0.0764524
-0.0679411
-0.0629127
-0.0549123
-0.0405545
-0.0236347
-0.0117096
-0.0086230
-0.0104712
-0.0089209
0.0014652
0.0190080
0.0375802
0.0530157
0.0667482
0.0835839
0.1065648
0.1341782
0.1621528
0.1875312
0.2109505
0.2351639
0.2616240
0.2888322
0.3141148
0.3365697
0.3576010
0.3784345
0.3977942
0.4129742
0.4236499
0.4341450
0.4506559
0.4750347
0.5012341
0.5189849
0.5220394
0.5128848
0.4990069
0.4847675
0.4676154
0.4423116
0.4079691
0.3699543
0.3347601
0.3038101
0.2731280
0.2389353
0.2023919
0.1679609
0.1378275
0.1096499
0.0805217
0.0519562
0.0292068
0.0151600
0.0058625
-0.0066342
-0.0264277
-0.0490406
-0.0651619
-0.0694820
-0.0657274
-0.0627835
-0.0660340
-0.0727793
-0.0759810
-0.0720056
-0.0644459
-0.0604395
-0.0634249
-0.0698271
-0.0732887
-0.0720727
-0.0713506
-0.0773456
-0.0897407
-0.1013807
-0.1061404
-0.1059684
-0.1084837
-0.1174436
-0.1274407
-0.1300730
-0.1251352
-0.1230030
-0.1335811
-0.1536535
-0.1681496
-0.1654621
-0.1499673
-0.1372740
-0.1374185
-0.1449743
-0.1467400
-0.1374903
-0.1256551
-0.1229897
-0.1306657
-0.1378077
-0.1337913
-0.1199663
-0.1077940
-0.1063552
-0.1137101
-0.1209927
-0.1233038
-0.1247028
-0.1322854
-0.1466747
-0.1598833
-0.1631723
-0.1564085
-0.1484893
-0.1481126
-0.1549740
-0.1610016
-0.1598712
-0.1539462
-0.1512150
-0.1562238
-0.1652970
-0.1710537
-0.1708231
-0.1695202
-0.1740177
-0.1855877
-0.1987565
-0.2072401
-0.2099228
-0.2108069
-0.2140344
-0.2195648
-0.2232714
-0.2209223
-0.2127130
-0.2044086
-0.2031131
-0.2104213
-0.2196304
-0.2211906
-0.2120486
-0.1988607
-0.1903405
-0.1864444
-0.1775283
-0.1561932
-0.1282366
-0.1076396
-0.0994159
-0.0916357
-0.0690828
-0.0328701
0.0012826
0.0292240
0.0788350
0.1952294
0.3996702
0.6635179
0.9243742
1.1252610
1.2339563
1.2281386
1.0784798
0.7668708
0.3300413
-0.1240532
-0.4621187
-0.6047990
-0.5712500
-0.4512536
-0.3343580
-0.2592530
-0.2171716
-0.1882781
-0.1672158
-0.1587548
-0.1612123
-0.1630574
-0.1553080
-0.1415938
-0.1329199
-0.1343946
-0.1400045
-0.1405131
-0.1342831
-0.1285990
-0.1304491
-0.1373995
-0.1390355
-0.1278120
-0.1074902
-0.0896352
-0.0818020
-0.0802351
-0.0747391
-0.0600213
-0.0411559
-0.0275971
-0.0226531
-0.0202296
-0.0124696
0.0007770
0.0121969
0.0168509
0.0193851
0.0293868
0.0504234
0.0761365
0.0979377
0.1148533
0.1339609
0.1613367
0.1944697
0.2251029
0.2489802
0.2705815
0.2968990
0.3278875
0.3555562
0.3730060
0.3825422
0.3934737
0.4125612
0.4377786
0.4613080
0.4776402
0.4881320
0.4977549
0.5081292
0.5149141
0.5126609
0.5013129
0.4862922
0.4717871
0.4552174
0.4297160
0.3923424
0.3490279
0.3100976
0.2800967
0.2528156
0.2181651
0.1743789
0.1315632
0.1016303
0.0857442
0.0735712
0.0545873
0.0280826
0.0014013
-0.0197830
-0.0370974
-0.0549867
-0.0724704
-0.0821286
-0.0786071
-0.0665720
-0.0575221
-0.0582354
-0.0644072
-0.0669518
-0.0631221
-0.0593942
-0.0633433
-0.0741905
-0.0827706
-0.0814280
-0.0733568
-0.0703788
-0.0803012
-0.0977848
-0.1099888
-0.1110651
-0.1085163
-0.1139773
-0.1293298
-0.1439586
-0.1459385
-0.1348692
-0.1226635
-0.1214317
-0.1315921
-0.1432786
-0.1486262
-0.1494308
-0.1512818
-0.1534583
-0.1489396
-0.1343636
-0.1164206
-0.1062424
-0.1082180
-0.1156805
-0.1181467
-0.1126298
-0.1066976
-0.1092376
-0.1194400
-0.1278155
-0.1281992
-0.1250428
-0.1267482
-0.1346189
-0.1417345
-0.1419216
-0.1370744
-0.1348742
-0.1399887
-0.1480550
-0.1495558
-0.1408112
-0.1293996
-0.1257697
-0.1309055
-0.1368055
-0.1387791
-0.1414060
-0.1503828
-0.1636363
-0.1738903
-0.1767825
-0.1740135
-0.1715238
-0.1759532
-0.1884212
-0.1996554
-0.1966481
-0.1782130
