-0.1549724
-0.1548654
-0.1515693
-0.1537830
-0.1511120
-0.1529747
-0.1620230
-0.1623969
-0.1508358
-0.1444996
-0.1487816
-0.1475691
-0.1324300
-0.1150627
-0.1046209
-0.0949285
-0.0789696
-0.0573507
-0.0287493
0.0139101
0.0780515
0.1739933
0.3168438
0.5097399
0.7279930
0.9318532
1.0881544
1.1664770
1.1262395
0.9346433
0.6058575
0.2131862
-0.1426417
-0.3814931
-0.4778553
-0.4651623
-0.4057084
-0.3460310
-0.2977607
-0.2564678
-0.2242571
-0.2068077
-0.2007998
-0.1971562
-0.1925270
-0.1897513
-0.1906900
-0.1939740
-0.1962543
-0.1928913
-0.1823315
-0.1713197
-0.1692371
-0.1755027
-0.1794544
-0.1744739
-0.1652566
-0.1592690
-0.1577689
-0.1571949
-0.1534887
-0.1437831
-0.1293286
-0.1172642
-0.1140616
-0.1170544
-0.1173569
-0.1104670
-0.0991594
-0.0874449
-0.0770124
-0.0681533
-0.0589338
-0.0448887
-0.0243883
-0.0026405
0.0142153
0.0272386
0.0428303
0.0646945
0.0912065
0.1185245
0.1432769
0.1649140
0.1881430
0.2197300
0.2600140
0.3008657
0.3346541
0.3618753
0.3877337
0.4150622
0.4431353
0.4698765
0.4927095
0.5100482
0.5234044
0.5349633
0.5423182
0.5393462
0.5232916
0.4974717
0.4662936
0.4311189
0.3915852
0.3476347
0.2998839
0.2509957
0.2063520
0.1699896
0.1399867
0.1106773
0.0788574
0.0455034
0.0131489
-0.0153163
-0.0371080
-0.0524440
-0.0655952
-0.0797151
-0.0920413
-0.0975884
-0.0965300
-0.0948751
-0.0984106
-0.1079051
-0.1192342
-0.1268711
-0.1288216
-0.1290643
-0.1330098
-0.1400348
-0.1437284
-0.1406463
-0.1352067
-0.1339021
-0.1376449
-0.1419935
-0.1426921
-0.1392638
-0.1349834
-0.1344034
-0.1391623
-0.1456580
-0.1485234
-0.1462961
-0.1418534
-0.1381866
-0.1364084
-0.1369433
-0.1392493
-0.1406727
-0.1389668
-0.1361155
-0.1366342
-0.1415298
-0.1462204
-0.1450711
-0.1369567
-0.1268103
-0.1223889
-0.1277771
-0.1385721
-0.1452969
-0.1433439
-0.1377619
-0.1365150
-0.1411740
-0.1464831
-0.1472284
-0.1430653
-0.1377803
-0.1358163
-0.1386520
-0.1432576
-0.1450254
-0.1428871
-0.1401754
-0.1400205
-0.1415694
-0.1410180
-0.1345743
-0.1206635
-0.1019616
-0.0855449
-0.0778926
-0.0782387
-0.0787017
-0.0720852
-0.0584687
-0.0440402
-0.0348663
-0.0316877
-0.0294806
-0.0226468
-0.0120312
-0.0057965
-0.0114284
-0.0276584
-0.0460590
-0.0595628
-0.0674886
-0.0735383
-0.0816131
-0.0932566
-0.1069048
-0.1193543
-0.1290463
-0.1375142
-0.1468245
-0.1565297
-0.1641048
-0.1676049
-0.1674057
-0.1663356
-0.1679915
-0.1730230
-0.1770162
-0.1745912
-0.1661721
-0.1578852
-0.1535604
-0.1497325
-0.1408207
-0.1272441
-0.1153822
-0.1093175
-0.1041671
-0.0884538
-0.0529829
0.0037060
0.0803375
0.1826219
0.3234203
0.5090235
0.7255597
0.9400407
1.1111896
1.1955017
1.1493711
0.9431429
0.5898596
0.1639201
-0.2193140
-0.4608084
-0.5324091
-0.4843356
-0.3992718
-0.3339478
-0.2972324
-0.2728678
-0.2511627
-0.2358423
-0.2299844
-0.2272902
-0.2195926
-0.2073001
-0.1982157
-0.1971829
-0.1999535
-0.1985865
-0.1916434
-0.1863419
-0.1892820
-0.1971228
-0.1994769
-0.1907258
-0.1761333
-0.1656638
-0.1639130
-0.1668660
-0.1668057
-0.1595786
-0.1482038
-0.1397355
-0.1376004
-0.1371572
-0.1300891
-0.1131110
-0.0911985
-0.0725328
-0.0614724
-0.0559415
-0.0499783
-0.0386671
-0.0217845
-0.0030613
0.0142449
0.0305291
0.0486213
0.0708185
0.0977337
0.1284655
0.1606707
0.1917047
0.2210058
0.2504786
0.2815614
0.3130375
0.3429456
0.3717659
0.4023575
0.4367898
0.4735665
0.5077186
0.5341044
0.5517880
0.5647753
0.5766222
0.5842358
0.5791612
0.5561580
0.5194003
0.4792849
0.4435421
0.4115230
0.3763874
0.3327555
0.2827567
0.2343542
0.1933607
0.1580760
0.1227661
0.0853500
0.0500341
0.0228060
0.0056463
-0.0052525
-0.0166879
-0.0331962
-0.0530828
-0.0699139
-0.0791212
-0.0829064
-0.0876316
-0.0965768
-0.1061588
-0.1094373
-0.1033160
-0.0927196
-0.0874103
-0.0934154
-0.1071782
-0.1190697
-0.1228240
-0.1205303
-0.1186037
-0.1207328
-0.1253483
-0.1283358
-0.1271677
-0.1233312
-0.1214025
-0.1248721
-0.1323147
-0.1384373
-0.1394410
-0.1368975
-0.1360858
-0.1406801
-0.1487738
-0.1539430
-0.1512351
-0.1429689
-0.1375364
-0.1409476
-0.1501016
-0.1559650
-0.1532832
-0.1458904
-0.1423827
-0.1474536
-0.1575068
-0.1642210
-0.1625616
-0.1555530
-0.1507695
-0.1521922
-0.1566313
-0.1584262
-0.1561136
-0.1533861
-0.1545012
-0.1599330
-0.1660546
-0.1683219
-0.1652202
-0.1596419
-0.1559734
-0.1554987
-0.1550903
-0.1505112
-0.1405626
-0.1282597
-0.1186373
-0.1148014
-0.1146761
-0.1116795
-0.1001630
-0.0808869
-0.0605430
-0.0457795
-0.0381905
-0.0346528
-0.0313213
-0.0271957
-0.0247045
-0.0270278
-0.0344452
-0.0435815
-0.0507458
-0.0556087
-0.0611092
-0.0703586
-0.0842033
-0.1010146
-0.1179482
-0.1329121
-0.1460239
-0.1586147
-0.1702667
-0.1778037
-0.1784277
-0.1736027
-0.1688073
-0.1690121
-0.1743454
-0.1801459
-0.1816208
-0.1787329
-0.1756495
-0.1745203
-0.1712523
-0.1600385
-0.1418704
-0.1252163
-0.1162456
-0.1102957
-0.0957683
-0.0660068
-0.0240165
0.0270544
0.0970506
0.2083119
0.3779260
0.5991368
0.8406279
1.0618012
1.2238599
1.2863911
1.2057035
0.9559669
0.5646003
0.1245407
-0.2422377
-0.4504030
-0.4952476
-0.4404747
-0.3640180
-0.3095711
-0.2786869
-0.2560688
-0.2343283
-0.2170882
-0.2083698
-0.2063277
-0.2062273
-0.2048806
-0.2011107
-0.1946325
-0.1864245
-0.1792570
-0.1759267
-0.1762392
-0.1765387
-0.1734374
-0.1680151
-0.1648309
-0.1658593
-0.1668178
-0.1614611
-0.1490932
-0.1357368
-0.1273553
-0.1234705
-0.1184191
-0.1080856
-0.0944456
-0.0834517
-0.0786325
-0.0768486
-0.0707536
-0.0557689
-0.0343109
-0.0129668
0.0037981
0.0167614
0.0298710
0.0461975
0.0655939
0.0855018
0.1041900
0.1235657
0.1482054
0.1808684
0.2192183
0.2575449
0.2916529
0.3219245
0.3519633
0.3844365
0.4179979
0.4484737
0.4736255
0.4963139
0.5216337
0.5505811
0.5776060
0.5950512
0.5994552
0.5931819
0.5805474
0.5629500
0.5377514
0.5019760
0.4572562
0.4105352
0.3688662
0.3333183
0.2985371
0.2584814
0.2124985
0.1661503
0.1264262
0.0956788
0.0698242
0.0430291
0.0145793
-0.0097647
-0.0241432
-0.0296602
-0.0338409
-0.0431105
-0.0568265
-0.0691045
-0.0759213
-0.0796622
-0.0861655
-0.0973513
-0.1078991
-0.1106247
-0.1049997
-0.0986479
-0.0995099
-0.1075793
-0.1155877
-0.1174386
-0.1146709
-0.1139967
-0.1189360
-0.1250847
-0.1248569
-0.1167735
-0.1081652
-0.1072356
-0.1137367
-0.1199278
-0.1206322
-0.1194735
-0.1233774
-0.1325264
-0.1386786
-0.1344265
-0.1226005
-0.1143589
-0.1173764
-0.1274862
-0.1338224
-0.1316550
-0.1275223
-0.1305654
-0.1409752
-0.1495959
-0.1485911
-0.1402034
-0.1340614
-0.1369776
-0.1465626
-0.1547658
-0.1567616
-0.1554740
-0.1572694
-0.1642319
-0.1718805
-0.1743324
-0.1704398
-0.1643788
-0.1610933
-0.1618379
-0.1637924
-0.1635447
-0.1609034
-0.1589574
-0.1597887
-0.1605064
-0.1549336
-0.1400630
-0.1203369
-0.1046189
-0.0984061
-0.0988004
-0.0972782
-0.0879614
-0.0733642
-0.0613780
-0.0563500
-0.0542935
-0.0480846
-0.0367057
-0.0275712
-0.0291485
-0.0422561
-0.0594838
-0.0729434
-0.0818122
-0.0917096
-0.1068859
-0.1242765
-0.1365977
-0.1410946
-0.1434787
-0.1520646
-0.1686549
-0.1863339
-0.1964054
-0.1970852
-0.1951292
-0.1986595
-0.2082214
-0.2155658
-0.2122925
-0.1994273
-0.1868662
-0.1827163
-0.1846433
-0.1832936
-0.1735545
-0.1600708
-0.1503632
-0.1440028
-0.1315502
-0.1051259
-0.0668280
-0.0220219
0.0362834
0.1314197
0.2862345
0.5016057
0.7528096
1.0038149
1.2176790
1.3504006
1.3450750
1.1526031
0.7761937
0.2997492
-0.1387301
-0.4207545
-0.5125693
-0.4699061
-0.3836506
-0.3171688
-0.2834243
-0.2654655
-0.2477538
-0.2291756
-0.2159322
-0.2105753
-0.2095399
-0.2080707
-0.2046697
-0.2008118
-0.1981435
-0.1969449
-0.1964651
-0.1954893
-0.1926269
-0.1870548
-0.1794345
-0.1718049
-0.1663681
-0.1642084
-0.1645246
-0.1646890
-0.1618743
-0.1556940
-0.1488241
-0.1436977
-0.1385573
-0.1282965
-0.1102028
-0.0881583
-0.0698724
-0.0595494
-0.0538304
-0.0455796
-0.0315050
-0.0150619
-0.0012522
0.0103739
0.0257056
0.0488673
0.0768692
0.1029036
0.1242517
0.1453587
0.1728170
0.2082417
0.2466758
0.2817330
0.3118319
0.3412220
0.3751650
0.4145894
0.4554879
0.4927377
0.5238406
0.5495752
0.5722424
0.5933060
0.6115649
0.6230913
0.6237826
0.6128121
0.5933852
0.5695365
0.5421059
0.5081847
0.4648182
0.4133035
0.3594684
0.3091789
0.2636782
0.2201528
0.1770316
0.1374500
0.1061966
0.0836268
0.0641125
0.0413772
0.0150746
-0.0085621
-0.0230467
-0.0287598
-0.0333868
-0.0445518
-0.0618656
-0.0769752
-0.0820314
-0.0778311
-0.0731988
-0.0764865
-0.0878938
-0.0999135
-0.1050329
-0.1030301
-0.1007873
-0.1049533
-0.1150620
-0.1241873
-0.1261367
-0.1214601
-0.1164090
-0.1165477
-0.1216097
-0.1263722
-0.1264279
-0.1230129
-0.1217073
-0.1260189
-0.1327750
-0.1347928
-0.1283039
-0.1172084
-0.1097182
-0.1109519
-0.1187373
-0.1262626
-0.1286274
-0.1269383
-0.1262289
-0.1296994
-0.1353717
-0.1383903
-0.1361780
-0.1311099
-0.1283154
-0.1308794
-0.1369434
-0.1416727
-0.1425870
-0.1427348
-0.1474959
-0.1577272
-0.1670501
-0.1672814
-0.1569019
-0.1436411
-0.1381588
-0.1447810
-0.1580360
-0.1680245
-0.1692538
-0.1645276
-0.1607491
-0.1615793
-0.1643026
-0.1630754
-0.1544659
-0.1401528
-0.1251773
-0.1138346
-0.1066669
-0.1008719
-0.0934338
-0.0837470
-0.0733008
-0.0633927
-0.0537016
-0.0430092
-0.0309962
-0.0194234
-0.0116899
-0.0107617
-0.0168439
-0.0270033
-0.0374909
-0.0466932
-0.0558266
-0.0668356
-0.0797631
-0.0922822
-0.1019750
-0.1091688
-0.1171628
-0.1290233
-0.1440289
-0.1577795
-0.1662134
-0.1694712
-0.1716656
-0.1767399
-0.1842859
-0.1894176
-0.1874585
-0.1793531
-0.1717304
-0.1702519
-0.1729707
-0.1720696
-0.1632417
-0.1518053
-0.1468727
-0.1489885
-0.1462894
-0.1260473
-0.0896015
-0.0514096
-0.0191759
0.0241636
0.1134876
0.2724668
0.4911964
0.7327567
0.9578994
1.1372071
1.2389209
1.2160279
1.0234912
0.6625755
0.2104901
-0.2037130
-0.4687691
-0.5528822
-0.5082996
-0.4202492
-0.3478350
-0.3026819
-0.2696010
-0.2376422
-0.2111475
-0.1984992
-0.1982902
-0.1995387
-0.1935505
-0.1825208
-0.1755453
-0.1775799
-0.1838940
-0.1853000
-0.1776185
-0.1653635
-0.1566164
-0.1550039
-0.1568713
-0.1559526
-0.1501538
-0.1431510
-0.1393874
-0.1383886
-0.1348544
-0.1243211
-0.1081420
-0.0925518
-0.0827861
-0.0780406
-0.0722539
-0.0602268
-0.0431812
-0.0278232
-0.0192588
-0.0148322
-0.0056490
0.0151065
0.0451462
0.0746387
0.0953988
0.1089283
0.1250244
0.1518698
0.1876394
0.2226248
0.2498004
0.2724845
0.3008115
0.3408306
0.3878299
0.4308170
0.4633421
0.4893155
0.5178008
0.5525089
0.5874907
0.6137132
0.6289803
0.6398698
0.6534684
0.6681991
0.6739171
0.6611581
0.6296917
0.5877205
0.5433998
0.4983916
0.4501089
0.3987621
0.3497692
0.3083038
0.2729954
0.2371117
0.1962997
0.1538477
0.1173315
0.0905637
0.0699698
0.0492420
0.0267566
0.0073244
-0.0035726
-0.0064261
-0.0078424
-0.0143081
-0.0264912
-0.0396487
-0.0488459
-0.0533548
-0.0564016
-0.0612149
-0.0674644
-0.0715660
-0.0706511
-0.0662277
-0.0634673
-0.0663956
-0.0737975
-0.0803070
-0.0818818
-0.0800533
-0.0801951
-0.0852548
-0.0917651
-0.0931537
-0.0872773
-0.0795832
-0.0776549
-0.0829348
-0.0892123
-0.0899064
-0.0858759
-0.0845999
-0.0913205
-0.1020921
-0.1069939
-0.1005670
-0.0881762
-0.0811170
-0.0856179
-0.0974652
-0.1073688
-0.1104137
-0.1095003
-0.1104015
-0.1150514
-0.1202421
-0.1220277
-0.1202206
-0.1182175
-0.1190187
-0.1222377
-0.1252203
-0.1265196
-0.1275780
-0.1308629
-0.1366711
-0.1420587
-0.1431560
-0.1389052
-0.1326952
-0.1298675
-0.1329257
-0.1390967
-0.1430673
-0.1423160
-0.1393020
-0.1379613
-0.1383375
-0.1356201
-0.1252805
-0.1090171
-0.0945481
-0.0885263
-0.0897759
-0.0904638
-0.0842680
-0.0725193
-0.0615000
-0.0544082
-0.0477140
-0.0362689
-0.0209674
-0.0095363
-0.0089991
-0.0182954
-0.0297068
-0.0375738
-0.0440893
-0.0553887
-0.0729286
-0.0908909
-0.1028130
-0.1091951
-0.1167151
-0.1300786
-0.1463962
-0.1586742
-0.1639736
-0.1664884
-0.1722017
-0.1817926
-0.1900534
-0.1918663
-0.1872977
-0.1804824
-0.1749432
-0.1712794
-0.1686675
-0.1667006
-0.1651218
-0.1629668
-0.1590641
-0.1528470
-0.1436083
-0.1293496
-0.1080555
-0.0806228
-0.0502558
-0.0156700
0.0358401
0.1256137
0.2699685
0.4672054
0.6969353
0.9288309
1.1270708
1.2459510
1.2312423
1.0435195
0.6948679
0.2652100
-0.1275068
-0.3889033
-0.4947664
-0.4871904
-0.4301518
-0.3672469
-0.3127432
-0.2685602
-0.2384023
-0.2249055
-0.2217785
-0.2172185
-0.2061715
-0.1951448
-0.1926027
-0.1969981
-0.1977590
-0.1880566
-0.1733345
-0.1650664
-0.1675824
-0.1738620
-0.1745494
-0.1684797
-0.1623595
-0.1613562
-0.1628455
-0.1603493
-0.1517852
-0.1417150
-0.1355046
-0.1330927
-0.1298229
-0.1227586
-0.1143715
-0.1090146
-0.1065592
-0.1011593
-0.0871406
-0.0655572
-0.0438564
-0.0285940
-0.0188585
-0.0075128
0.0109514
0.0344064
0.0556338
0.0708462
0.0847327
0.1060747
0.1384575
0.1763401
0.2109202
0.2392555
0.2665208
0.2992026
0.3373238
0.3746105
0.4060381
0.4335747
0.4633238
0.4976980
0.5320960
0.5597709
0.5785035
0.5908556
0.5982145
0.5967320
0.5808006
0.5501924
0.5122148
0.4758703
0.4441310
0.4124327
0.3744850
0.3288622
0.2798766
0.2329633
0.1901880
0.1502403
0.1119550
0.0770672
0.0492419
0.0303199
0.0175321
0.0048660
-0.0119900
-0.0316243
-0.0482191
-0.0575079
-0.0613304
-0.0655939
-0.0736199
-0.0825102
-0.0870750
-0.0868209
-0.0872543
-0.0932712
-0.1024588
-0.1070893
-0.1032852
-0.0964758
-0.0959571
-0.1043493
-0.1142903
-0.1164239
-0.1094858
-0.1010613
-0.0988606
-0.1031851
-0.1087598
-0.1121394
-0.1147148
-0.1182249
-0.1200729
-0.1158684
-0.1063814
-0.0991877
-0.1013503
-0.1112019
-0.1195025
-0.1193920
-0.1137340
-0.1112328
-0.1160286
-0.1231909
-0.1252206
-0.1213304
-0.1182254
-0.1218317
-0.1304376
-0.1374578
-0.1397782
-0.1409794
-0.1457450
-0.1530598
-0.1569907
-0.1538639
-0.1466644
-0.1415157
-0.1413018
-0.1444029
-0.1488652
-0.1550335
-0.1627391
-0.1679286
-0.1653233
-0.1551888
-0.1451747
-0.1431737
-0.1488041
-0.1539971
-0.1524208
-0.1462834
-0.1421390
-0.1413029
-0.1375101
-0.1251342
-0.1073782
-0.0934595
-0.0878190
-0.0848878
-0.0762116
-0.0611241
-0.0475667
-0.0420417
-0.0414282
-0.0371098
-0.0264280
-0.0172353
-0.0197261
-0.0352094
-0.0549895
-0.0701476
-0.0803245
-0.0917514
-0.1081920
-0.1263013
-0.1403362
-0.1493708
-0.1578327
-0.1692486
-0.1815450
-0.1897839
-0.1926201
-0.1942538
-0.1994334
-0.2075521
-0.2128213
-0.2103186
-0.2012416
-0.1919463
-0.1880543
-0.1895739
-0.1915111
-0.1890889
-0.1824676
-0.1762135
-0.1736095
-0.1714371
-0.1614810
-0.1385023
-0.1062664
-0.0730566
-0.0387949
0.0128753
0.1065619
0.2564612
0.4549524
0.6787972
0.9025086
1.0999204
1.2319834
1.2424637
1.0820692
0.7508882
0.3211841
-0.0882155
-0.3731930
-0.4957986
-0.4894291
-0.4215899
-0.3492902
-0.2980374
-0.2679906
-0.2504710
-0.2391010
-0.2319888
-0.2290847
-0.2290134
-0.2279574
-0.2218585
-0.2104200
-0.1984542
-0.1918584
-0.1917946
-0.1938409
-0.1935285
-0.1915271
-0.1916593
-0.1941786
-0.1936259
-0.1851582
-0.1716092
-0.1613187
-0.1582624
-0.1568596
-0.1489758
-0.1350419
-0.1248789
-0.1259535
-0.1329137
-0.1318008
-0.1149731
-0.0895286
-0.0693923
-0.0604822
-0.0560642
-0.0464628
-0.0301708
-0.0131331
0.0011994
0.0172924
0.0417114
0.0742557
0.1075638
0.1352646
0.1582069
0.1817681
0.2089703
0.2385338
0.2692322
0.3031998
0.3428625
0.3857306
0.4249991
0.4563503
0.4825778
0.5097024
0.5389197
0.5642393
0.5788050
0.5822455
0.5802198
0.5768761
0.5694229
0.5512610
0.5197234
0.4790909
0.4356415
0.3913729
0.3443364
0.2946375
0.2475629
0.2089280
0.1781021
0.1479201
0.1126365
0.0749268
0.0433316
0.0225649
0.0078946
-0.0094383
-0.0316723
-0.0512166
-0.0588798
-0.0544929
-0.0478909
-0.0493127
-0.0600978
-0.0734366
-0.0830077
-0.0890265
-0.0955218
-0.1034374
-0.1085278
-0.1064973
-0.0988232
-0.0920297
-0.0912641
-0.0957310
-0.1008603
-0.1038797
-0.1060191
-0.1094744
-0.1136979
-0.1157711
-0.1141378
-0.1108735
-0.1096178
-0.1116186
-0.1146275
-0.1159398
-0.1158053
-0.1169736
-0.1209236
-0.1254349
-0.1265294
-0.1226103
-0.1162046
-0.1115835
-0.1110000
-0.1134196
-0.1166131
-0.1198427
-0.1240354
-0.1295577
-0.1346739
-0.1368501
-0.1354217
-0.1324253
-0.1306730
-0.1313535
-0.1337085
-0.1367667
-0.1409010
-0.1473110
-0.1558615
-0.1637220
-0.1668232
-0.1633054
-0.1556801
-0.1492613
-0.1480012
-0.1514927
-0.1558956
-0.1578928
-0.1578592
-0.1589813
-0.1630323
-0.1673091
-0.1665001
-0.1579725
-0.1448202
-0.1331552
-0.1264336
-0.1228357
-0.1182257
-0.1110598
-0.1036192
-0.0982498
-0.0932097
-0.0835378
-0.0666308
-0.0462536
-0.0299307
-0.0222275
-0.0213604
-0.0227187
-0.0248441
-0.0307912
-0.0434374
-0.0604168
-0.0748919
-0.0818784
-0.0835130
-0.0874628
-0.0998589
-0.1198244
-0.1407665
-0.1565763
-0.1664617
-0.1742169
-0.1832972
-0.1927498
-0.1980928
-0.1964266
-0.1903920
-0.1861393
-0.1869564
-0.1898203
-0.1893353
-0.1845415
-0.1799940
-0.1793641
-0.1796559
-0.1740891
-0.1607280
-0.1456031
-0.1351699
-0.1271037
-0.1119542
-0.0842877
-0.0476974
-0.0041317
0.0606560
0.1748511
0.3586883
0.6037890
0.8736071
1.1200059
1.2947954
1.3490063
1.2373108
0.9439165
0.5150661
0.0601222
-0.2966598
-0.4832134
-0.5116084
-0.4512835
-0.3729669
-0.3123169
-0.2729105
-0.2482623
-0.2345517
-0.2284529
-0.2237334
-0.2154492
-0.2052035
-0.1983907
-0.1963236
-0.1940785
-0.1872487
-0.1784034
-0.1742266
-0.1768698
-0.1808052
-0.1791971
-0.1716848
-0.1642775
-0.1621599
-0.1640833
-0.1640431
-0.1574761
-0.1452591
-0.1321902
-0.1223825
-0.1162718
-0.1114383
-0.1054724
-0.0977482
-0.0888801
-0.0791194
-0.0675893
-0.0531405
-0.0359613
-0.0180821
-0.0017289
0.0130198
0.0284405
0.0466273
0.0671327
0.0877344
0.1074562
0.1282718
0.1536056
0.1852517
0.2216373
0.2588469
0.2934911
0.3250970
0.3560462
0.3890907
0.4245831
0.4598517
0.4914009
0.5182032
0.5429722
0.5694477
0.5975280
0.6212881
0.6329144
0.6291471
0.6133795
0.5911398
0.5642474
0.5302764
0.4875748
0.4396788
0.3937075
0.3540758
0.3182610
0.2795739
0.2344979
0.1870087
0.1452745
0.1141567
0.0910889
0.0690696
0.0434945
0.0164242
-0.0053893
-0.0168642
-0.0195807
-0.0206796
-0.0266187
-0.0378476
-0.0494533
-0.0566457
-0.0593495
-0.0616319
-0.0669641
-0.0741558
-0.0781535
-0.0752952
-0.0678584
-0.0627702
-0.0651465
-0.0731668
-0.0798565
-0.0802080
-0.0763690
-0.0754169
-0.0817541
-0.0919418
-0.0977233
-0.0944327
-0.0857976
-0.0798522
-0.0806816
-0.0852183
-0.0879619
-0.0874112
-0.0869968
-0.0903230
-0.0965615
-0.1008603
-0.0990454
-0.0917811
-0.0842084
-0.0816018
-0.0852585
-0.0921682
-0.0981867
-0.1015758
-0.1039907
-0.1082271
-0.1146763
-0.1200234
-0.1201940
-0.1150008
-0.1092029
-0.1081564
-0.1125823
-0.1182756
-0.1209863
-0.1210008
-0.1225478
-0.1288056
-0.1378155
-0.1436938
-0.1421440
-0.1347274
-0.1275560
-0.1259161
-0.1302058
-0.1364757
-0.1401387
-0.1394078
-0.1361885
-0.1339798
-0.1341583
-0.1338237
-0.1279592
-0.1146745
-0.0983445
-0.0866188
-0.0833047
-0.0840438
-0.0799334
-0.0664441
-0.0485185
-0.0355457
-0.0308719
-0.0276616
-0.0165504
0.0030815
0.0209324
0.0252264
0.0136305
-0.0053730
-0.0210952
-0.0300037
-0.0371135
-0.0493109
-0.0680407
-0.0882987
-0.1038920
-0.1131635
-0.1200246
-0.1299750
-0.1447116
-0.1598439
-0.1682752
-0.1671362
-0.1616541
-0.1608697
-0.1685320
-0.1788572
-0.1823844
-0.1759473
-0.1658388
-0.1606098
-0.1614843
-0.1612690
-0.1532793
-0.1399906
-0.1305848
-0.1294278
-0.1292514
-0.1180027
-0.0912898
-0.0542841
-0.0092659
0.0566022
0.1670294
0.3375435
0.5599535
0.8044386
1.0332055
1.2080739
1.2866334
1.2230129
0.9899914
0.6124414
0.1781798
-0.1958411
-0.4235900
-0.4910757
-0.4490499
-0.3691655
-0.3013893
-0.2602710
-0.2378786
-0.2225732
-0.2080756
-0.1931555
-0.1793793
-0.1696823
-0.1659721
-0.1665060
-0.1667586
-0.1639126
-0.1597745
-0.1583010
-0.1605186
-0.1626476
-0.1594345
-0.1492336
-0.1358869
-0.1255873
-0.1215836
-0.1216690
-0.1207153
-0.1155710
-0.1076255
-0.1009578
-0.0979984
-0.0965759
-0.0912907
-0.0786479
-0.0611805
-0.0455900
-0.0360039
-0.0296689
-0.0202491
-0.0049996
0.0125625
0.0274453
0.0397242
0.0552720
0.0795933
0.1113189
0.1427232
0.1673212
0.1865492
0.2080762
0.2375707
0.2730544
0.3076860
0.3373634
0.3649436
0.3970790
0.4370932
0.4809648
0.5205484
0.5509359
0.5741242
0.5949363
0.6142367
0.6278191
0.6320569
0.6286001
0.6215452
0.6102290
0.5870437
0.5446346
0.4857204
0.4240092
0.3730690
0.3338895
0.2951235
0.2466686
0.1917489
0.1439106
0.1125116
0.0930114
0.0723209
0.0427685
0.0096552
-0.0150585
-0.0256423
-0.0282132
-0.0335632
-0.0458582
-0.0598377
-0.0684379
-0.0707973
-0.0718184
-0.0757053
-0.0820851
-0.0881328
-0.0922719
-0.0945070
-0.0943095
-0.0906188
-0.0849946
-0.0829367
-0.0890602
-0.1004087
-0.1073833
-0.1037356
-0.0942288
-0.0893886
-0.0928884
-0.0975645
-0.0955123
-0.0892302
-0.0889293
-0.0987904
-0.1096319
-0.1082930
-0.0933771
-0.0781725
-0.0763467
-0.0871180
-0.0975640
-0.0985426
-0.0942085
-0.0944596
-0.1017068
-0.1089561
-0.1098572
-0.1065386
-0.1060264
-0.1113827
-0.1189518
-0.1238628
-0.1257498
-0.1277041
-0.1309381
-0.1329499
-0.1316007
-0.1290799
-0.1299626
-0.1359272
-0.1440699
-0.1503521
-0.1531926
-0.1534948
-0.1527465
-0.1520196
-0.1519848
-0.1529436
-0.1549020
-0.1577743
-0.1611458
-0.1637380
-0.1637191
-0.1601404
-0.1541305
-0.1483897
-0.1450324
-0.1435439
-0.1411445
-0.1357999
-0.1285854
-0.1219728
-0.1158316
-0.1068559
-0.0929482
-0.0768420
-0.0637204
-0.0556160
-0.0495747
-0.0414773
-0.0305910
-0.0199172
-0.0128389
-0.0104061
-0.0120590
-0.0179771
-0.0291381
-0.0446622
-0.0607664
-0.0741644
-0.0859744
-0.1002488
-0.1183000
-0.1362790
-0.1494661
-0.1578526
-0.1660132
-0.1774755
-0.1902260
-0.1985695
-0.1995415
-0.1967404
-0.1966158
-0.2008024
-0.2037336
-0.1992987
-0.1889569
-0.1810022
-0.1811082
-0.1852438
-0.1838575
-0.1731868
-0.1604864
-0.1556815
-0.1577725
-0.1528066
-0.1284406
-0.0884128
-0.0463863
-0.0028974
0.0662393
0.1913532
0.3779481
0.5987100
0.8169044
1.0095567
1.1579218
1.2173473
1.1156238
0.8059651
0.3340191
-0.1558114
-0.5006629
-0.6241662
-0.5737332
-0.4621419
-0.3753559
-0.3293197
-0.2972260
-0.2599016
-0.2249326
-0.2076041
-0.2077134
-0.2104869
-0.2049654
-0.1944348
-0.1884754
-0.1900596
-0.1934855
-0.1921552
-0.1847167
-0.1744309
-0.1657913
-0.1621131
-0.1636989
-0.1668506
-0.1660833
-0.1590959
-0.1495605
-0.1438381
-0.1441284
-0.1451977
-0.1390902
-0.1237684
-0.1061121
-0.0949440
-0.0915219
-0.0887077
-0.0796612
-0.0653150
-0.0520849
-0.0435299
-0.0359683
-0.0223194
0.0005605
0.0285924
0.0543417
0.0740702
0.0906702
0.1096080
0.1330242
0.1588923
0.1852178
0.2131263
0.2451197
0.2812730
0.3181720
0.3519372
0.3823237
0.4132730
0.4482286
0.4847665
0.5156267
0.5364447
0.5512476
0.5681411
0.5894037
0.6073876
0.6110272
0.5960044
0.5681627
0.5370780
0.5066389
0.4725102
0.4290544
0.3775912
0.3262556
0.2820178
0.2447325
0.2094819
0.1729266
0.1361397
0.1023731
0.0735310
0.0487017
0.0254365
0.0025039
-0.0184751
-0.0344467
-0.0440840
-0.0493124
-0.0538769
-0.0606575
-0.0698806
-0.0793805
-0.0870225
-0.0932327
-0.1002210
-0.1080640
-0.1130436
-0.1117221
-0.1060310
-0.1022213
-0.1043854
-0.1104144
-0.1149565
-0.1154577
-0.1144341
-0.1157804
-0.1193629
-0.1202864
-0.1144905
-0.1045675
-0.0982653
-0.1006296
-0.1089470
-0.1162100
-0.1183793
-0.1172194
-0.1168730
-0.1189143
-0.1208344
-0.1190936
-0.1136907
-0.1091100
-0.1096972
-0.1144843
-0.1183037
-0.1184232
-0.1184115
-0.1241211
-0.1363470
-0.1485443
-0.1524407
-0.1463367
-0.1377154
-0.1364789
-0.1449127
-0.1554788
-0.1596126
-0.1573806
-0.1564648
-0.1622305
-0.1712351
-0.1753435
-0.1709183
-0.1628602
-0.1596309
-0.1645717
-0.1725429
-0.1757496
-0.1725521
-0.1690557
-0.1715825
-0.1791694
-0.1847061
-0.1825873
-0.1741502
-0.1660559
-0.1639713
-0.1673365
-0.1699699
-0.1663814
-0.1574479
-0.1488138
-0.1437157
-0.1389917
-0.1289398
-0.1120312
-0.0929155
-0.0781360
-0.0700456
-0.0645791
-0.0554007
-0.0409934
-0.0270713
-0.0208738
-0.0236892
-0.0305458
-0.0368956
-0.0436087
-0.0547239
-0.0715052
-0.0898092
-0.1036467
-0.1115966
-0.1192406
-0.1336791
-0.1550297
-0.1750211
-0.1853838
-0.1864672
-0.1860917
-0.1908797
-0.2004014
-0.2092700
-0.2131617
-0.2124284
-0.2107647
-0.2109356
-0.2119966
-0.2107645
-0.2053350
-0.1963977
-0.1860176
-0.1766737
-0.1705943
-0.1674405
-0.1625871
-0.1503639
-0.1295252
-0.1022705
-0.0655715
-0.0056757
0.0948449
0.2428186
0.4271983
0.6248098
0.8096187
0.9519222
1.0089043
0.9271698
0.6738130
0.2791915
-0.1529840
-0.4932188
-0.6610597
-0.6656084
-0.5805783
-0.4823997
-0.4067205
-0.3512552
-0.3060130
-0.2728057
-0.2579962
-0.2565674
-0.2526483
-0.2364087
-0.2145428
-0.2009168
-0.2002372
-0.2045546
-0.2040136
-0.1970399
-0.1895701
-0.1869852
-0.1884900
-0.1889323
-0.1848558
-0.1775710
-0.1702075
-0.1636030
-0.1567847
-0.1501398
-0.1453809
-0.1424998
-0.1392053
-0.1337997
-0.1266832
-0.1186003
-0.1091304
-0.0975124
-0.0838301
-0.0691272
-0.0550758
-0.0430411
-0.0324263
-0.0206302
-0.0058887
0.0105910
0.0267181
0.0430375
0.0626751
0.0880745
0.1186727
0.1512117
0.1817985
0.2088437
0.2347494
0.2633893
0.2951180
0.3258096
0.3518656
0.3746866
0.3989868
0.4277543
0.4595582
0.4894678
0.5120056
0.5247792
0.5301027
0.5319021
0.5306234
0.5225102
0.5041349
0.4762530
0.4431189
0.4093832
0.3772669
0.3448051
0.3069926
0.2608792
0.2100879
0.1628185
0.1249562
0.0957993
0.0699245
0.0423293
0.0130305
-0.0117965
-0.0245035
-0.0239442
-0.0182368
-0.0179828
-0.0272735
-0.0422131
-0.0565459
-0.0669218
-0.0740744
-0.0810331
-0.0896640
-0.0977784
-0.1006906
-0.0967330
-0.0899721
-0.0862624
-0.0876245
-0.0912730
-0.0929652
-0.0906575
-0.0859747
-0.0823064
-0.0804387
-0.0768054
-0.0678452
-0.0548141
-0.0413255
-0.0272818
-0.0094641
0.0123519
0.0361066
0.0679027
0.1281923
0.2416963
0.4179012
0.6398056
0.8697141
1.0640054
1.1817267
1.1829901
1.0320566
0.7205186
0.2976995
-0.1293033
-0.4438978
-0.5843796
-0.5711091
-0.4776570
-0.3764140
-0.3026595
-0.2556392
-0.2226238
-0.1986384
-0.1865519
-0.1859122
-0.1890420
-0.1887821
-0.1851346
-0.1820289
-0.1809300
-0.1799461
-0.1766305
-0.1695501
-0.1591011
-0.1483381
-0.1410777
-0.1378262
-0.1349912
-0.1286860
-0.1181204
-0.1059498
-0.0972668
-0.0967691
-0.1033972
-0.1084674
-0.1030948
-0.0879516
-0.0727850
-0.0661340
-0.0678516
-0.0710483
-0.0685353
-0.0578778
-0.0429294
-0.0302851
-0.0223958
-0.0148956
-0.0018635
0.0181540
0.0424729
0.0674497
0.0892797
0.1052297
0.1173868
0.1324678
0.1544895
0.1794882
0.2001662
0.2140170
0.2249121
0.2386838
0.2586357
0.2830348
0.3056845
0.3212119
0.3303729
0.3375760
0.3435175
0.3440682
0.3363465
0.3215775
0.3018621
0.2788600
0.2560865
0.2373404
0.2211702
0.2007587
0.1710033
0.1336447
0.0955483
0.0638799
0.0411408
0.0220110
-0.0024723
-0.0339149
-0.0623488
-0.0771394
-0.0794188
-0.0793116
-0.0838052
-0.0924243
-0.1022683
-0.1115870
-0.1192881
-0.1251306
-0.1300237
-0.1343782
-0.1381827
-0.1432860
-0.1512663
-0.1579800
-0.1560760
-0.1452895
-0.1344645
-0.1306870
-0.1321253
-0.1341756
-0.1365644
-0.1413242
-0.1493609
-0.1617599
-0.1791649
-0.1976545
-0.2104033
-0.2152033
-0.2159627
-0.2167912
-0.2195816
-0.2259994
-0.2353856
-0.2419586
-0.2407027
-0.2344128
-0.2287838
-0.2240605
-0.2190701
-0.2189875
-0.2291277
-0.2437815
-0.2509664
-0.2468181
-0.2377461
-0.2312661
-0.2316663
-0.2402664
-0.2524702
-0.2591458
-0.2574802
-0.2548796
-0.2569087
-0.2596441
-0.2596186
-0.2608919
-0.2651301
-0.2656170
-0.2587246
-0.2503052
-0.2440837
-0.2362098
-0.2271844
-0.2241224
-0.2246097
-0.2151623
-0.1933081
-0.1734928
-0.1630488
-0.1505191
-0.1253873
-0.0903808
-0.0476285
0.0081088
0.0801045
0.1766732
0.3239789
0.5364358
0.7733432
0.9666149
1.0936802
1.1691148
1.1568519
0.9689381
0.5986497
0.1937132
-0.0697210
