-0.2557118
-0.3093233
-0.2363890
-0.2038457
-0.2429525
-0.2589164
-0.2240387
-0.2056225
-0.2275917
-0.2394300
-0.2201172
-0.2050112
-0.2072327
-0.2011402
-0.1852821
-0.1859988
-0.1991567
-0.1944026
-0.1741005
-0.1689303
-0.1800849
-0.1794209
-0.1609214
-0.1440325
-0.1333112
-0.1176916
-0.1009247
-0.0942018
-0.0886062
-0.0687617
-0.0416438
-0.0216909
-0.0022208
0.0298936
0.0672186
0.0963606
0.1235499
0.1610552
0.2036983
0.2405199
0.2742256
0.3108146
0.3465091
0.3804751
0.4222730
0.4723728
0.5139850
0.5373553
0.5536448
0.5731901
0.5886021
0.5899961
0.5793235
0.5606866
0.5330232
0.4989622
0.4649148
0.4284139
0.3815196
0.3282899
0.2814765
0.2413483
0.1962206
0.1451281
0.1023040
0.0774656
0.0664811
0.0611206
0.0544821
0.0397249
0.0175782
0.0017877
0.0039548
0.0172824
0.0273452
0.0326402
0.0418139
0.0570059
0.0724878
0.0840290
0.0889696
0.0836925
0.0705657
0.0599139
0.0565204
0.0524351
0.0408904
0.0280845
0.0234212
0.0271094
0.0343106
0.0425476
0.0492276
0.0511515
0.0514051
0.0572582
0.0672523
0.0702119
0.0606053
0.0453386
0.0326891
0.0238277
0.0167759
0.0092050
-0.0034070
-0.0227717
-0.0408719
-0.0475568
-0.0445175
-0.0424361
-0.0455209
-0.0482369
-0.0459038
-0.0395080
-0.0314958
-0.0246872
-0.0230316
-0.0265087
-0.0289799
-0.0276951
-0.0297084
-0.0414294
-0.0572031
-0.0662597
-0.0665819
-0.0649397
-0.0674616
-0.0758729
-0.0883658
-0.0995779
-0.1050949
-0.1095917
-0.1237796
-0.1494134
-0.1743287
-0.1863469
-0.1856524
-0.1805066
-0.1778410
-0.1808749
-0.1886627
-0.1947553
-0.1924461
-0.1834200
-0.1755305
-0.1714428
-0.1656331
-0.1523731
-0.1299304
-0.0971258
-0.0519337
0.0079572
0.0897778
0.2080817
0.3730497
0.5747510
0.7830172
0.9599947
1.0674436
1.0678573
0.9330552
0.6613096
0.2899962
-0.1059105
-0.4341763
-0.6244690
-0.6661735
-0.6097020
-0.5241107
-0.4507704
-0.3941767
-0.3450844
-0.3020409
-0.2730533
-0.2641890
-0.2693935
-0.2729201
-0.2650957
-0.2539938
-0.2549549
-0.2690136
-0.2800698
-0.2752224
-0.2599056
-0.2494947
-0.2521361
-0.2631316
-0.2714524
-0.2691600
-0.2578334
-0.2468422
-0.2427455
-0.2417186
-0.2359469
-0.2247462
-0.2140746
-0.2073460
-0.2025233
-0.1966145
-0.1876956
-0.1743051
-0.1579521
-0.1441889
-0.1360699
-0.1282993
-0.1124112
-0.0860687
-0.0537396
-0.0207663
0.0097524
0.0371223
0.0637195
0.0932284
0.1260648
0.1596288
0.1943468
0.2346809
0.2818887
0.3304072
0.3738411
0.4103889
0.4407855
0.4658642
0.4881354
0.5106883
0.5317595
0.5442351
0.5428453
0.5291977
0.5089442
0.4866026
0.4625908
0.4321889
0.3889545
0.3332910
0.2759003
0.2278706
0.1887717
0.1496197
0.1063167
0.0646669
0.0323679
0.0107009
-0.0055894
-0.0232123
-0.0445888
-0.0651784
-0.0784187
-0.0850070
-0.0937513
-0.1103657
-0.1290739
-0.1390790
-0.1367791
-0.1285605
-0.1239786
-0.1284064
-0.1393765
-0.1479829
-0.1469624
-0.1392773
-0.1355441
-0.1415411
-0.1518771
-0.1575587
-0.1561948
-0.1530624
-0.1551963
-0.1656008
-0.1805516
-0.1922917
-0.1972184
-0.2007856
-0.2107299
-0.2263124
-0.2386568
-0.2415328
-0.2377186
-0.2347623
-0.2380878
-0.2479243
-0.2594216
-0.2658511
-0.2644421
-0.2586163
-0.2527475
-0.2468039
-0.2385542
-0.2284258
-0.2189330
-0.2113420
-0.2058049
-0.2027964
-0.2020496
-0.2025746
-0.2059884
-0.2165711
-0.2347299
-0.2528452
-0.2611625
-0.2572257
-0.2481291
-0.2445131
-0.2521410
-0.2667131
-0.2770163
-0.2764414
-0.2712948
-0.2738696
-0.2872710
-0.3015997
-0.3058913
-0.2993954
-0.2897207
-0.2838400
-0.2827719
-0.2821860
-0.2765761
-0.2646593
-0.2513920
-0.2432521
-0.2414742
-0.2406049
-0.2322698
-0.2093938
-0.1691674
-0.1131202
-0.0406704
0.0591341
0.2033345
0.3956779
0.6125139
0.8118043
0.9539113
1.0096252
0.9532669
0.7628098
0.4403914
0.0369115
-0.3504339
-0.6206806
-0.7265032
-0.6988181
-0.6145014
-0.5368912
-0.4836269
-0.4418081
-0.4002550
-0.3624287
-0.3369655
-0.3258803
-0.3231418
-0.3209511
-0.3160137
-0.3104186
-0.3070031
-0.3051232
-0.3019567
-0.2962220
-0.2885637
-0.2799380
-0.2720292
-0.2672763
-0.2653038
-0.2610886
-0.2503969
-0.2358964
-0.2241004
-0.2167123
-0.2082727
-0.1923402
-0.1676875
-0.1387646
-0.1117543
-0.0891875
-0.0668460
-0.0372970
0.0019473
0.0451719
0.0846275
0.1184403
0.1514991
0.1903171
0.2374932
0.2887090
0.3345525
0.3682856
0.3928507
0.4173432
0.4457549
0.4728153
0.4928145
0.5092849
0.5327642
0.5696276
0.6145375
0.6539230
0.6775525
0.6877965
0.6963981
0.7105134
0.7235870
0.7223997
0.7013451
0.6665761
0.6276387
0.5890723
0.5497521
0.5063002
0.4560090
0.3990193
0.3390656
0.2814433
0.2300884
0.1863559
0.1488789
0.1141818
0.0799986
0.0492445
0.0280233
0.0179034
0.0127520
0.0054557
-0.0044617
-0.0123831
-0.0159981
-0.0183884
-0.0239301
-0.0324357
-0.0376449
-0.0324772
-0.0173624
-0.0022245
0.0028533
-0.0012351
-0.0040289
0.0015991
0.0112212
0.0146358
0.0072825
-0.0054163
-0.0134554
-0.0112940
-0.0029333
0.0016221
-0.0041614
-0.0177365
-0.0318170
-0.0425369
-0.0516665
-0.0625666
-0.0763178
-0.0905956
-0.1002981
-0.1009333
-0.0940599
-0.0881595
-0.0911231
-0.1019113
-0.1114558
-0.1116073
-0.1021642
-0.0899610
-0.0822009
-0.0800532
-0.0782546
-0.0717585
-0.0623239
-0.0566012
-0.0580945
-0.0639029
-0.0696598
-0.0743400
-0.0789759
-0.0836902
-0.0879916
-0.0919691
-0.0953502
-0.0967016
-0.0950592
-0.0917417
-0.0898088
-0.0918616
-0.0979248
-0.1049925
-0.1097010
-0.1120340
-0.1143256
-0.1153966
-0.1091283
-0.0927025
-0.0741713
-0.0665031
-0.0731716
-0.0833642
-0.0835153
-0.0718145
-0.0593405
-0.0568677
-0.0616153
-0.0582926
-0.0334831
0.0135558
0.0775120
0.1626595
0.2855388
0.4581970
0.6699476
0.8854973
1.0560130
1.1300072
1.0629270
0.8338646
0.4674085
0.0421248
-0.3322564
-0.5644944
-0.6274825
-0.5650265
-0.4540198
-0.3543496
-0.2858267
-0.2402044
-0.2046664
-0.1738275
-0.1484328
-0.1303612
-0.1196200
-0.1138851
-0.1101811
-0.1071375
-0.1054501
-0.1062875
-0.1092902
-0.1114294
-0.1081034
-0.0974227
-0.0840568
-0.0762039
-0.0767670
-0.0794540
-0.0759106
-0.0653406
-0.0547332
-0.0503709
-0.0511791
-0.0502086
-0.0413921
-0.0251832
-0.0082838
0.0027827
0.0082092
0.0142556
0.0262386
0.0437452
0.0629136
0.0814696
0.1007051
0.1238150
0.1527500
0.1856137
0.2173864
0.2448451
0.2705119
0.2997102
0.3337014
0.3679114
0.3974539
0.4225798
0.4478301
0.4767684
0.5079242
0.5355117
0.5546297
0.5662096
0.5755239
0.5847259
0.5885363
0.5794149
0.5561297
0.5250643
0.4931539
0.4609705
0.4228709
0.3734807
0.3145988
0.2557673
0.2064090
0.1666893
0.1278759
0.0828815
0.0348790
-0.0059636
-0.0331726
-0.0500457
-0.0657320
-0.0862359
-0.1091434
-0.1272441
-0.1376255
-0.1458088
-0.1588701
-0.1753994
-0.1856720
-0.1829052
-0.1719811
-0.1651028
-0.1694984
-0.1805194
-0.1869054
-0.1827486
-0.1739733
-0.1718746
-0.1800059
-0.1895758
-0.1894671
-0.1789380
-0.1677516
-0.1647322
-0.1692757
-0.1744698
-0.1759596
-0.1760551
-0.1797364
-0.1878976
-0.1956392
-0.1978893
-0.1957284
-0.1951104
-0.1993899
-0.2057353
-0.2099797
-0.2124673
-0.2167743
-0.2237779
-0.2292264
-0.2274657
-0.2169436
-0.2021647
-0.1901718
-0.1844153
-0.1822578
-0.1792973
-0.1752844
-0.1738945
-0.1770926
-0.1823607
-0.1863880
-0.1895546
-0.1951848
-0.2048779
-0.2155392
-0.2215830
-0.2208720
-0.2186086
-0.2235719
-0.2388243
-0.2571380
-0.2676188
-0.2666891
-0.2611414
-0.2606132
-0.2682416
-0.2783793
-0.2823703
-0.2767814
-0.2666604
-0.2601763
-0.2594964
-0.2579155
-0.2469319
-0.2254377
-0.2009911
-0.1823030
-0.1706418
-0.1578656
-0.1328269
-0.0905935
-0.0349224
0.0300689
0.1101972
0.2198492
0.3679154
0.5453382
0.7262999
0.8785579
0.9699135
0.9673256
0.8393076
0.5724909
0.1962939
-0.2083389
-0.5362544
-0.7112092
-0.7255310
-0.6341087
-0.5105281
-0.4039866
-0.3267174
-0.2691185
-0.2200801
-0.1759882
-0.1382604
-0.1082790
-0.0859975
-0.0711301
-0.0630083
-0.0592671
-0.0567578
-0.0543326
-0.0529105
-0.0520916
-0.0488090
-0.0408592
-0.0302224
-0.0210554
-0.0151847
-0.0110727
-0.0066519
-0.0017045
0.0025862
0.0055435
0.0081292
0.0121851
0.0185124
0.0261664
0.0340926
0.0426309
0.0523548
0.0623201
0.0712883
0.0804604
0.0931276
0.1112217
0.1334831
0.1572200
0.1806493
0.2033227
0.2255223
0.2478993
0.2713028
0.2968404
0.3261008
0.3603773
0.3987826
0.4377571
0.4734454
0.5042586
0.5305750
0.5528045
0.5708669
0.5851358
0.5967428
0.6065308
0.6134779
0.6137214
0.6018485
0.5750199
0.5362853
0.4921710
0.4461397
0.3960022
0.3391385
0.2790897
0.2249415
0.1836454
0.1535324
0.1259279
0.0935695
0.0575359
0.0252610
0.0015867
-0.0165568
-0.0350842
-0.0539140
-0.0663196
-0.0676820
-0.0623867
-0.0600560
-0.0655892
-0.0745324
-0.0788389
-0.0764122
-0.0733319
-0.0755214
-0.0795437
-0.0748955
-0.0566928
-0.0334350
-0.0192830
-0.0194346
-0.0257851
-0.0270986
-0.0208564
-0.0136499
-0.0115370
-0.0128345
-0.0116739
-0.0071630
-0.0059455
-0.0143077
-0.0300883
-0.0456038
-0.0578981
-0.0721008
-0.0930150
-0.1164347
-0.1320648
-0.1343814
-0.1279574
-0.1215225
-0.1187283
-0.1164538
-0.1115249
-0.1063109
-0.1052099
-0.1063241
-0.1003958
-0.0806580
-0.0522675
-0.0290063
-0.0204714
-0.0244124
-0.0315850
-0.0355446
-0.0362465
-0.0357427
-0.0331881
-0.0255559
-0.0127943
-0.0004590
0.0045195
0.0007169
-0.0065261
-0.0111359
-0.0122326
-0.0132510
-0.0165044
-0.0201846
-0.0205582
-0.0162678
-0.0104772
-0.0088667
-0.0147394
-0.0255761
-0.0350592
-0.0391496
-0.0398015
-0.0420780
-0.0475292
-0.0505244
-0.0414927
-0.0147322
0.0267946
0.0764273
0.1358258
0.2209838
0.3520386
0.5335910
0.7441645
0.9444829
1.0943119
1.1608408
1.1158277
0.9361638
0.6205912
0.2128610
-0.1967786
-0.5080620
-0.6645186
-0.6806790
-0.6194242
-0.5423482
-0.4777299
-0.4262471
-0.3849535
-0.3588032
-0.3520452
-0.3573752
-0.3602881
-0.3542045
-0.3469837
-0.3497693
-0.3616504
-0.3694228
-0.3628342
-0.3463714
-0.3335928
-0.3317498
-0.3349769
-0.3325208
-0.3210418
-0.3071240
-0.2985598
-0.2954684
-0.2915219
-0.2829914
-0.2737595
-0.2698106
-0.2705656
-0.2686755
-0.2587974
-0.2443087
-0.2336731
-0.2306661
-0.2293254
-0.2190069
-0.1945100
-0.1612213
-0.1300203
-0.1070572
-0.0889649
-0.0680015
-0.0405776
-0.0096801
0.0203215
0.0495793
0.0827835
0.1235936
0.1695345
0.2131020
0.2486437
0.2778505
0.3073122
0.3405873
0.3741767
0.4020195
0.4223283
0.4379554
0.4501512
0.4540044
0.4418482
0.4114241
0.3694780
0.3257490
0.2832438
0.2361771
0.1789351
0.1158300
0.0593550
0.0181373
-0.0116185
-0.0414876
-0.0785324
-0.1188255
-0.1528627
-0.1759796
-0.1923766
-0.2091754
-0.2281897
-0.2451986
-0.2568400
-0.2656627
-0.2767708
-0.2908900
-0.3031698
-0.3091196
-0.3100211
-0.3113168
-0.3161195
-0.3213924
-0.3212192
-0.3137532
-0.3039564
-0.2983800
-0.2974515
-0.2943879
-0.2824910
-0.2625305
-0.2416451
-0.2250368
-0.2099068
-0.1886367
-0.1582201
-0.1256833
-0.1024261
-0.0922124
-0.0860114
-0.0708643
-0.0440796
-0.0168701
-0.0029730
-0.0048739
-0.0126448
-0.0157900
-0.0142700
-0.0166772
-0.0284101
-0.0439062
-0.0521150
-0.0487952
-0.0410453
-0.0388418
-0.0439355
-0.0489571
-0.0466633
-0.0378784
-0.0299249
-0.0289463
-0.0350585
-0.0443922
-0.0542715
-0.0654035
-0.0793208
-0.0949804
-0.1089901
-0.1190419
-0.1261983
-0.1335336
-0.1430913
-0.1543162
-0.1648653
-0.1727154
-0.1778389
-0.1816297
-0.1839564
-0.1812218
-0.1693139
-0.1497257
-0.1314533
-0.1242862
-0.1290921
-0.1358529
-0.1330654
-0.1193967
-0.1045230
-0.0970868
-0.0928729
-0.0773970
-0.0403292
0.0161587
0.0862489
0.1752404
0.2994914
0.4680238
0.6651136
0.8526008
0.9875342
1.0349179
0.9668935
0.7628178
0.4266084
0.0111950
-0.3829533
-0.6525160
-0.7515014
-0.7149654
-0.6236989
-0.5425484
-0.4870061
-0.4394505
-0.3868804
-0.3384097
-0.3110332
-0.3075231
-0.3133172
-0.3128558
-0.3039055
-0.2944894
-0.2895412
-0.2846951
-0.2728893
-0.2535051
-0.2330090
-0.2179768
-0.2093995
-0.2035381
-0.1965953
-0.1876437
-0.1777430
-0.1676380
-0.1571078
-0.1460644
-0.1350855
-0.1243293
-0.1126067
-0.0983811
-0.0816139
-0.0640137
-0.0472480
-0.0310419
-0.0130404
0.0093794
0.0367178
0.0664664
0.0949372
0.1204193
0.1444659
0.1698933
0.1977937
0.2269238
0.2559665
0.2859565
0.3200147
0.3602485
0.4046981
0.4477890
0.4846535
0.5153576
0.5444903
0.5762675
0.6101918
0.6415975
0.6660439
0.6826502
0.6930047
0.6972515
0.6922047
0.6742709
0.6441922
0.6076214
0.5699176
0.5309002
0.4861401
0.4336460
0.3779209
0.3263084
0.2819003
0.2414891
0.2009306
0.1612100
0.1275039
0.1022374
0.0811729
0.0583822
0.0345096
0.0174896
0.0136327
0.0193602
0.0238048
0.0195471
0.0091171
0.0003741
-0.0028473
-0.0036963
-0.0064870
-0.0104405
-0.0109673
-0.0061635
0.0005382
0.0051467
0.0086755
0.0157143
0.0277308
0.0399831
0.0461830
0.0451564
0.0417299
0.0415653
0.0462231
0.0529301
0.0575210
0.0568506
0.0496769
0.0371776
0.0228930
0.0105394
0.0006094
-0.0100631
-0.0238596
-0.0379341
-0.0464291
-0.0480173
-0.0491289
-0.0571238
-0.0707219
-0.0801780
-0.0785499
-0.0710074
-0.0701909
-0.0820587
-0.0986839
-0.1069139
-0.1032136
-0.0976381
-0.1026809
-0.1202448
-0.1412097
-0.1564116
-0.1651256
-0.1722099
-0.1798275
-0.1851258
-0.1859974
-0.1862632
-0.1928065
-0.2078353
-0.2258548
-0.2394181
-0.2471639
-0.2546804
-0.2669845
-0.2813456
-0.2891342
-0.2851238
-0.2738645
-0.2656018
-0.2658437
-0.2701275
-0.2700243
-0.2634754
-0.2569177
-0.2559293
-0.2554906
-0.2426518
-0.2094539
-0.1598450
-0.1001909
-0.0239589
0.0887111
0.2516688
0.4531067
0.6571699
0.8236271
0.9212507
0.9216079
0.7910127
0.5075625
0.0990945
-0.3391288
-0.6813433
-0.8444861
-0.8365630
-0.7371475
-0.6304294
-0.5529940
-0.4959612
-0.4430595
-0.3968238
-0.3702863
-0.3647750
-0.3652928
-0.3574339
-0.3425004
-0.3324557
-0.3328463
-0.3353117
-0.3276047
-0.3078664
-0.2866074
-0.2754740
-0.2761477
-0.2805445
-0.2801865
-0.2739580
-0.2670385
-0.2636211
-0.2616683
-0.2550239
-0.2404867
-0.2222879
-0.2087143
-0.2037030
-0.2022554
-0.1952923
-0.1792615
-0.1597060
-0.1442505
-0.1329469
-0.1177184
-0.0921287
-0.0598825
-0.0313365
-0.0116184
0.0055453
0.0307829
0.0672384
0.1079939
0.1452021
0.1791574
0.2163488
0.2597868
0.3043093
0.3426759
0.3744198
0.4061698
0.4430984
0.4822246
0.5158757
0.5410149
0.5629820
0.5890351
0.6193469
0.6460009
0.6609116
0.6633209
0.6586235
0.6508431
0.6382515
0.6171869
0.5887450
0.5592855
0.5332775
0.5069865
0.4714842
0.4226020
0.3665089
0.3140189
0.2699512
0.2299283
0.1881079
0.1460853
0.1118312
0.0899184
0.0753142
0.0589097
0.0383960
0.0210131
0.0143676
0.0164353
0.0173413
0.0111604
0.0034341
0.0050869
0.0198612
0.0400500
0.0551225
0.0625642
0.0682981
0.0772098
0.0862896
0.0891734
0.0860579
0.0855192
0.0945223
0.1083435
0.1137106
0.1030674
0.0837200
0.0704550
0.0692317
0.0705180
0.0603230
0.0365745
0.0118894
-0.0006433
-0.0020199
-0.0049974
-0.0178710
-0.0341377
-0.0405017
-0.0330975
-0.0219542
-0.0186136
-0.0226191
-0.0235457
-0.0156349
-0.0064718
-0.0086732
-0.0247451
-0.0438389
-0.0543897
-0.0569478
-0.0615948
-0.0739004
-0.0874853
-0.0922721
-0.0875231
-0.0832347
-0.0885443
-0.1017853
-0.1140183
-0.1207030
-0.1263822
-0.1367767
-0.1492491
-0.1549578
-0.1506191
-0.1442605
-0.1460089
-0.1544014
-0.1558804
-0.1396632
-0.1107579
-0.0851158
-0.0720300
-0.0644329
-0.0485686
-0.0212582
0.0063924
0.0236507
0.0354380
0.0596243
0.1100141
0.1861702
0.2816360
0.3979428
0.5441893
0.7203592
0.9030953
1.0499544
1.1172008
1.0740681
0.9067953
0.6220158
0.2569621
-0.1152015
-0.4048720
-0.5493612
-0.5487477
-0.4610020
-0.3582330
-0.2820162
-0.2334904
-0.1970092
-0.1659208
-0.1455952
-0.1390900
-0.1384391
-0.1325893
-0.1201726
-0.1101702
-0.1102032
-0.1177048
-0.1241738
-0.1254139
-0.1242963
-0.1239491
-0.1217756
-0.1123813
-0.0951625
-0.0765479
-0.0639912
-0.0589462
-0.0568699
-0.0534480
-0.0488669
-0.0451574
-0.0411208
-0.0324897
-0.0174715
0.0000371
0.0145002
0.0252716
0.0372379
0.0544536
0.0744160
0.0902312
0.0988357
0.1059694
0.1214831
0.1493832
0.1836829
0.2149893
0.2402342
0.2643177
0.2925077
0.3236237
0.3524071
0.3775930
0.4050181
0.4411260
0.4841058
0.5235680
0.5502680
0.5651995
0.5772164
0.5916596
0.6035411
0.6033883
0.5882783
0.5645819
0.5397022
0.5134475
0.4792726
0.4331657
0.3791250
0.3249479
0.2740607
0.2238019
0.1721369
0.1235633
0.0856256
0.0598312
0.0386837
0.0131168
-0.0185032
-0.0502295
-0.0763325
-0.0969822
-0.1156250
-0.1326157
-0.1438313
-0.1461862
-0.1429114
-0.1414199
-0.1459200
-0.1538701
-0.1604455
-0.1647110
-0.1694789
-0.1760359
-0.1817834
-0.1840301
-0.1842961
-0.1870197
-0.1943469
-0.2038272
-0.2119682
-0.2190015
-0.2283607
-0.2409693
-0.2517850
-0.2542754
-0.2484234
-0.2422209
-0.2439206
-0.2538754
-0.2654213
-0.2731416
-0.2784357
-0.2864864
-0.2991428
-0.3123481
-0.3207717
-0.3237205
-0.3249973
-0.3269797
-0.3268382
-0.3203665
-0.3086799
-0.2986061
-0.2955225
-0.2973552
-0.2971767
-0.2913295
-0.2836953
-0.2815697
-0.2880352
-0.2992357
-0.3091878
-0.3161366
-0.3228751
-0.3312846
-0.3389684
-0.3427649
-0.3440030
-0.3476260
-0.3558995
-0.3652295
-0.3707419
-0.3730145
-0.3780868
-0.3896781
-0.4023678
-0.4048671
-0.3917188
-0.3708951
-0.3573846
-0.3582598
-0.3654565
-0.3646018
-0.3502276
-0.3307773
-0.3184341
-0.3150084
-0.3086349
-0.2843349
-0.2369270
-0.1720976
-0.0942790
0.0045801
0.1410716
0.3234143
0.5378568
0.7499246
0.9158100
0.9922619
0.9424548
0.7459120
0.4163267
0.0147372
-0.3626056
-0.6261358
-0.7390916
-0.7307647
-0.6653371
-0.5947926
-0.5361358
-0.4843211
-0.4365917
-0.3998605
-0.3791708
-0.3678592
-0.3542559
-0.3363468
-0.3246048
-0.3278319
-0.3392087
-0.3411416
-0.3246385
-0.3001168
-0.2861762
-0.2892263
-0.2972572
-0.2939098
-0.2761901
-0.2564932
-0.2478243
-0.2491736
-0.2471273
-0.2315025
-0.2070620
-0.1880641
-0.1823686
-0.1834334
-0.1783890
-0.1619213
-0.1407856
-0.1256859
-0.1204087
-0.1191720
-0.1134805
-0.1001824
-0.0822476
-0.0627223
-0.0400428
-0.0101573
0.0281616
0.0716222
0.1154708
0.1570889
0.1970398
0.2378140
0.2814423
0.3273557
0.3725131
0.4141500
0.4520653
0.4874897
0.5200863
0.5472214
0.5666097
0.5790199
0.5873856
0.5926173
0.5906852
0.5753227
0.5445374
0.5032865
0.4581956
0.4107686
0.3585896
0.3032639
0.2535520
0.2177295
0.1938328
0.1702481
0.1370549
0.0959387
0.0579520
0.0315914
0.0141528
-0.0041424
-0.0280669
-0.0514834
-0.0644558
-0.0646450
-0.0597204
-0.0589817
-0.0644551
-0.0705959
-0.0715197
-0.0677387
-0.0658139
-0.0712687
-0.0819204
-0.0891254
-0.0862899
-0.0755781
-0.0656365
-0.0633426
-0.0684117
-0.0752818
-0.0790282
-0.0792818
-0.0789711
-0.0798749
-0.0803409
-0.0781609
-0.0748976
-0.0754361
-0.0826360
-0.0936652
-0.1024885
-0.1054476
-0.1040467
-0.1028109
-0.1045830
-0.1074228
-0.1063268
-0.0987909
-0.0883577
-0.0814032
-0.0802463
-0.0806100
-0.0765505
-0.0673940
-0.0591783
-0.0587758
-0.0660853
-0.0724501
-0.0685490
-0.0547770
-0.0423047
-0.0421081
-0.0536525
-0.0661816
-0.0709095
-0.0699750
-0.0725453
-0.0832904
-0.0964741
-0.1024839
-0.0997817
-0.0982209
-0.1084191
-0.1286100
-0.1450389
-0.1465072
-0.1363256
-0.1280085
-0.1304462
-0.1395220
-0.1441774
-0.1387252
-0.1279512
-0.1206970
-0.1201820
-0.1220168
-0.1208150
-0.1156426
-0.1072694
-0.0924793
-0.0644284
-0.0178717
0.0495960
0.1421449
0.2677376
0.4317279
0.6273087
0.8315263
1.0081593
1.1127508
1.0988699
0.9315637
0.6107384
0.1914747
-0.2230295
-0.5257639
-0.6621100
-0.6536306
-0.5701292
-0.4772579
-0.4046527
-0.3518178
-0.3113344
-0.2814716
-0.2621473
-0.2484071
-0.2334077
-0.2165445
-0.2042490
-0.2010427
-0.2026822
-0.2012248
-0.1952343
-0.1907380
-0.1915735
-0.1927892
-0.1862741
-0.1710727
-0.1553019
-0.1477718
-0.1492113
-0.1523598
-0.1501979
-0.1431907
-0.1375744
-0.1367904
-0.1364586
-0.1290816
-0.1125213
-0.0920777
-0.0746301
-0.0621977
-0.0510676
-0.0360003
-0.0151928
0.0083519
0.0307085
0.0524396
0.0787784
0.1133422
0.1527899
0.1893377
0.2183420
0.2424385
0.2684279
0.3006589
0.3371124
0.3716910
0.4008656
0.4279581
0.4597259
0.4984684
0.5386167
0.5714333
0.5921074
0.6021943
0.6063852
0.6071861
0.6017416
0.5839290
0.5508840
0.5074708
0.4628209
0.4220940
0.3827142
0.3387535
0.2877792
0.2332692
0.1816288
0.1375316
0.1017593
0.0731238
0.0515916
0.0377776
0.0290248
0.0185926
0.0013604
-0.0202627
-0.0382469
-0.0470579
-0.0489292
-0.0511287
-0.0585079
-0.0683680
-0.0725477
-0.0656694
-0.0517795
-0.0415644
-0.0421888
-0.0508173
-0.0585892
-0.0595998
-0.0551731
-0.0506226
-0.0491740
-0.0489704
-0.0458495
-0.0392081
-0.0340369
-0.0354778
-0.0419516
-0.0461487
-0.0434802
-0.0376615
-0.0367340
-0.0443158
-0.0554047
-0.0606626
-0.0553569
-0.0448095
-0.0402344
-0.0479108
-0.0628631
-0.0741483
-0.0755304
-0.0697394
-0.0632832
-0.0590631
-0.0542326
-0.0444471
-0.0303560
-0.0197650
-0.0214207
-0.0352831
-0.0506048
-0.0559574
-0.0509105
-0.0461918
-0.0520627
-0.0673047
-0.0800957
-0.0802205
-0.0707492
-0.0663288
-0.0780282
-0.1007287
-0.1184282
-0.1222291
-0.1198447
-0.1257325
-0.1442700
-0.1651111
-0.1743365
-0.1683386
-0.1565985
-0.1517303
-0.1574663
-0.1666512
-0.1701364
-0.1655912
-0.1571208
-0.1489737
-0.1418881
-0.1338056
-0.1214110
-0.1019778
-0.0761372
-0.0473009
-0.0143287
0.0355552
0.1224884
0.2593216
0.4409159
0.6476275
0.8560163
1.0406851
1.1628550
1.1636338
0.9861566
0.6239158
0.1542127
-0.2862040
-0.5762363
-0.6768650
-0.6354953
-0.5337494
-0.4311770
-0.3476611
-0.2820294
-0.2343511
-0.2084573
-0.2009436
-0.1982041
-0.1886932
-0.1744655
-0.1659264
-0.1666639
-0.1683999
-0.1614395
-0.1458553
-0.1302567
-0.1219720
-0.1206499
-0.1205582
-0.1174031
-0.1122729
-0.1088383
-0.1074544
-0.1039775
-0.0951666
-0.0832051
-0.0730778
-0.0667985
-0.0620084
-0.0552834
-0.0452578
-0.0333471
-0.0225294
-0.0141724
-0.0049411
0.0114383
0.0374106
0.0674881
0.0926737
0.1090281
0.1214613
0.1394612
0.1686455
0.2051399
0.2387389
0.2637201
0.2863583
0.3190594
0.3663931
0.4192868
0.4640514
0.4953408
0.5193446
0.5458178
0.5780361
0.6098885
0.6324018
0.6429889
0.6468446
0.6483422
0.6434709
0.6237995
0.5869838
0.5401367
0.4923334
0.4458106
0.3952466
0.3350585
0.2676804
0.2046730
0.1576641
0.1268096
0.0999560
0.0650634
0.0222630
-0.0178720
-0.0465375
-0.0652279
-0.0827622
-0.1051652
-0.1284211
-0.1416442
-0.1389744
-0.1279250
-0.1232421
-0.1319560
-0.1471496
-0.1572933
-0.1587227
-0.1569963
-0.1581678
-0.1615159
-0.1610726
-0.1533590
-0.1427274
-0.1375890
-0.1408261
-0.1463617
-0.1474455
-0.1460061
-0.1498415
-0.1612475
-0.1726335
-0.1746846
-0.1665857
-0.1571083
-0.1565866
-0.1677454
-0.1834294
-0.1938071
-0.1964689
-0.1982205
-0.2061181
-0.2186127
-0.2270748
-0.2245262
-0.2114404
-0.1944754
-0.1808738
-0.1726753
-0.1654163
-0.1540540
-0.1404514
-0.1321133
-0.1322225
-0.1340553
-0.1281683
-0.1139824
-0.1020947
-0.1049209
-0.1249630
-0.1513955
-0.1688619
-0.1714997
-0.1679606
-0.1708966
-0.1826426
-0.1940819
-0.1967987
-0.1925719
-0.1900803
-0.1948873
-0.2037518
-0.2075940
-0.2001720
-0.1848878
-0.1719259
-0.1671416
-0.1653880
-0.1570562
-0.1396781
-0.1202532
-0.1069149
-0.1009102
-0.0966473
-0.0878415
-0.0734051
-0.0573358
-0.0414374
-0.0182579
0.0259619
0.1003709
0.2041473
0.3324791
0.4830140
0.6515917
0.8213229
0.9571169
1.0117990
0.9426139
0.7327680
0.4072378
0.0307017
-0.3142602
-0.5574834
-0.6659382
-0.6530471
-0.5674196
-0.4651073
-0.3826174
-0.3284379
-0.2933086
-0.2648669
-0.2363270
-0.2088085
-0.1883606
-0.1787399
-0.1764011
-0.1740156
-0.1682428
-0.1619215
-0.1591411
-0.1601178
-0.1605853
-0.1552037
-0.1427978
-0.1289832
-0.1212993
-0.1204469
-0.1191353
-0.1115250
-0.1008895
-0.0951151
-0.0966119
-0.0993808
-0.0950663
-0.0804928
-0.0605403
-0.0442676
-0.0362604
-0.0313201
-0.0199754
0.0005951
0.0240259
0.0434100
0.0591409
0.0772106
0.1025861
0.1352738
0.1706548
0.2031371
0.2313326
0.2593741
0.2912657
0.3253003
0.3570318
0.3864567
0.4182958
0.4551677
0.4936939
0.5278340
0.5541910
0.5742252
0.5922468
0.6097805
0.6211515
0.6178254
0.5991703
0.5752206
0.5550371
0.5349004
0.5022779
0.4505686
0.3868293
0.3253394
0.2753591
0.2346485
0.1942045
0.1500404
0.1091752
0.0811925
0.0651064
0.0495524
0.0265492
-0.0000681
-0.0217576
-0.0361466
-0.0477604
-0.0607739
-0.0740141
-0.0825134
-0.0833101
-0.0800865
-0.0804536
-0.0868608
-0.0928442
-0.0918377
-0.0871790
-0.0881720
-0.0971875
-0.1060631
-0.1061542
-0.0981903
-0.0909549
-0.0920183
-0.0999309
-0.1050302
-0.0997067
-0.0884053
-0.0838834
-0.0918080
-0.1033800
-0.1065033
-0.1003882
-0.0947585
-0.0971710
-0.1055076
-0.1121120
-0.1124452
-0.1098236
-0.1120425
-0.1217206
-0.1306762
-0.1275629
-0.1112463
-0.0924878
-0.0819297
-0.0809289
-0.0849729
-0.0908463
-0.0978570
-0.1054678
-0.1121912
-0.1155576
-0.1133986
-0.1071139
-0.1019745
-0.1009245
-0.1001585
-0.0952601
-0.0898091
-0.0921380
-0.1035855
-0.1149089
-0.1155974
-0.1043671
-0.0905953
-0.0867223
-0.0972029
-0.1131479
-0.1206415
-0.1162096
-0.1102937
-0.1130875
-0.1216904
-0.1250670
-0.1174477
-0.1023042
-0.0864260
-0.0746791
-0.0683065
-0.0640702
-0.0555337
-0.0368907
-0.0043898
0.0461045
0.1204368
0.2250753
0.3664608
0.5473290
0.7556566
0.9563221
1.1000927
1.1439252
1.0624576
0.8482326
0.5169896
0.1200955
-0.2574249
-0.5272414
-0.6406337
-0.6133751
-0.5132296
-0.4155705
-0.3580565
-0.3305998
-0.3054946
-0.2719274
-0.2402512
-0.2224610
-0.2187639
-0.2212314
-0.2225211
-0.2200116
-0.2154502
-0.2109545
-0.2045582
-0.1926451
-0.1776577
-0.1679373
-0.1669171
-0.1676501
-0.1620067
-0.1511914
-0.1434018
-0.1440285
-0.1503841
-0.1532212
-0.1431853
-0.1203725
-0.0975870
-0.0883319
-0.0909203
-0.0904263
-0.0770739
-0.0565101
-0.0408508
-0.0355226
-0.0362255
-0.0336631
-0.0201283
0.0045964
0.0338396
0.0633007
0.0968078
0.1384169
0.1828165
0.2204980
0.2502274
0.2798758
0.3161905
0.3586613
0.4013540
0.4365381
0.4596927
0.4752413
0.4936794
0.5189113
0.5425369
0.5543596
0.5534789
0.5449311
0.5307995
0.5093431
0.4784600
0.4363922
0.3835556
0.3262246
0.2731304
0.2262581
0.1805089
0.1336556
0.0900322
0.0530963
0.0213347
-0.0070309
-0.0319521
-0.0549220
-0.0776360
-0.0970426
-0.1086683
-0.1147411
-0.1220892
-0.1325061
-0.1419124
-0.1478468
-0.1510389
-0.1512490
-0.1481300
-0.1441375
-0.1408202
-0.1357488
-0.1288546
-0.1265623
-0.1324419
-0.1389484
-0.1363767
-0.1257754
-0.1158609
-0.1113584
-0.1107461
-0.1112353
-0.1106063
-0.1083890
-0.1084646
-0.1145074
-0.1209461
-0.1173367
-0.1047243
-0.0975895
-0.1050388
-0.1195206
-0.1288421
-0.1304541
-0.1294423
-0.1305863
-0.1361072
-0.1441365
-0.1476380
-0.1418045
-0.1319637
-0.1263046
-0.1234324
-0.1170901
-0.1098815
-0.1101161
-0.1170090
-0.1212190
-0.1190046
-0.1150205
-0.1128792
-0.1129900
-0.1170045
-0.1248761
-0.1310154
-0.1318081
-0.1319775
-0.1360493
-0.1409050
-0.1444598
-0.1521154
-0.1655359
-0.1753626
-0.1753331
-0.1738223
-0.1811468
-0.1944827
-0.2043377
-0.2070309
-0.2037080
-0.1967448
-0.1922926
-0.1951250
-0.1973959
-0.1859672
-0.1638023
-0.1484957
-0.1462096
-0.1435580
-0.1288493
-0.1041170
-0.0713307
-0.0217879
0.0575522
0.1796252
0.3556658
0.5796204
0.8142983
1.0080309
1.1217008
1.1275545
0.9985057
0.7299626
0.3716563
0.0139456
-0.2624080
-0.4178498
-0.4556174
-0.4162151
-0.3585063
-0.3201697
-0.2982619
-0.2773847
-0.2588668
-0.2481341
-0.2374908
-0.2228522
-0.2161093
-0.2204726
-0.2163362
-0.1918609
-0.1638407
-0.1492965
-0.1416751
-0.1316513
-0.1226616
-0.1109802
-0.0832907
-0.0478359
-0.0313082
-0.0326532
-0.0212874
0.0083467
0.0277785
0.0296711
0.0387257
0.0579893
0.0631108
0.0585177
0.0736041
0.0966078
0.0880095
0.0649718
0.0830703
0.1275413
0.1304691
0.1091099
0.1533693
0.2376718
0.1973884
-0.0258562
