0.0348946
0.0181044
-0.0036839
-0.0120626
-0.0058867
0.0080853
0.0240460
0.0373835
0.0442252
0.0445087
0.0430328
0.0452086
0.0523481
0.0616567
0.0700351
0.0774808
0.0871472
0.1017559
0.1190203
0.1308052
0.1285076
0.1108409
0.0863416
0.0668489
0.0570324
0.0501510
0.0355412
0.0116233
-0.0093315
-0.0119407
0.0053699
0.0258214
0.0297320
0.0154168
0.0018738
0.0070221
0.0239531
0.0256383
0.0009856
-0.0137794
0.0493725
0.2280489
0.4737878
0.6621448
0.6719385
0.4708420
0.1346190
-0.2139795
-0.4899098
-0.6824804
-0.8238283
-0.9323723
-0.9884522
-0.9582232
-0.8338132
-0.6491402
-0.4607185
-0.3145346
-0.2256687
-0.1807388
-0.1552326
-0.1313173
-0.1056694
-0.0850490
-0.0752275
-0.0730086
-0.0682580
-0.0538209
-0.0332684
-0.0180678
-0.0165411
-0.0257361
-0.0342270
-0.0324254
-0.0201251
-0.0052760
0.0031601
0.0016407
-0.0061204
-0.0118703
-0.0082842
0.0055282
0.0222462
0.0310138
0.0263728
0.0139417
0.0063446
0.0118245
0.0265587
0.0393053
0.0441446
0.0475026
0.0611881
0.0886076
0.1192980
0.1381680
0.1400231
0.1344398
0.1363889
0.1524740
0.1758746
0.1928657
0.1926129
0.1717419
0.1336159
0.0871018
0.0455539
0.0219503
0.0198515
0.0282426
0.0286395
0.0110286
-0.0163859
-0.0348934
-0.0339003
-0.0210864
-0.0128390
-0.0155626
-0.0193408
-0.0114788
0.0060935
0.0168075
0.0078714
-0.0140412
-0.0286617
-0.0237764
-0.0085156
-0.0033139
-0.0176377
-0.0397860
-0.0490573
-0.0361822
-0.0106174
0.0105656
0.0180865
0.0145948
0.0068416
-0.0026295
-0.0154594
-0.0314822
-0.0451096
-0.0484426
-0.0379122
-0.0180843
0.0008079
0.0097917
0.0073870
0.0003817
-0.0018412
0.0046289
0.0145095
0.0178109
0.0091917
-0.0062036
-0.0160974
-0.0109145
0.0083765
0.0307286
0.0429235
0.0386807
0.0226338
0.0067556
0.0018355
0.0100884
0.0245026
0.0354662
0.0388887
0.0383700
0.0396121
0.0433143
0.0445618
0.0393784
0.0304686
0.0247084
0.0248783
0.0257177
0.0198155
0.0070528
-0.0034561
-0.0017217
0.0132650
0.0324200
0.0446269
0.0451377
0.0368376
0.0257059
0.0168160
0.0135657
0.0173208
0.0254945
0.0312290
0.0282044
0.0173571
0.0074966
0.0071960
0.0158405
0.0240908
0.0239527
0.0173899
0.0136638
0.0184543
0.0273186
0.0308676
0.0253564
0.0165259
0.0130631
0.0180326
0.0276516
0.0368649
0.0436179
0.0473647
0.0459730
0.0369220
0.0218417
0.0078164
0.0023207
0.0068182
0.0162350
0.0246453
0.0302009
0.0339043
0.0351683
0.0312050
0.0216700
0.0120424
0.0097919
0.0164549
0.0250322
0.0270602
0.0223848
0.0203346
0.0296438
0.0473140
0.0591373
0.0529212
0.0314936
0.0116929
0.0094745
0.0255479
0.0454916
0.0536660
0.0468455
0.0348776
0.0294809
0.0335841
0.0411723
0.0455078
0.0456160
0.0448301
0.0448694
0.0430044
0.0351182
0.0208457
0.0055969
-0.0022077
0.0033133
0.0206589
0.0402882
0.0499980
0.0439093
0.0279987
0.0159500
0.0174917
0.0299332
0.0417333
0.0445110
0.0403498
0.0366538
0.0357270
0.0325318
0.0233853
0.0138562
0.0145126
0.0284874
0.0458137
0.0520314
0.0417820
0.0227002
0.0068943
0.0010660
0.0051917
0.0171093
0.0340279
0.0495774
0.0542362
0.0433271
0.0245103
0.0136221
0.0203600
0.0386416
0.0527739
0.0530532
0.0439333
0.0369734
0.0381655
0.0442481
0.0504283
0.0583777
0.0744228
0.1005942
0.1293787
0.1480188
0.1479155
0.1310037
0.1091465
0.0974604
0.1045568
0.1247410
0.1392141
0.1292850
0.0930764
0.0495093
0.0224846
0.0190805
0.0250152
0.0236054
0.0169560
0.0231561
0.0509802
0.0836889
0.0975388
0.0998865
0.1417225
0.2790773
0.5115390
0.7570630
0.8939804
0.8394456
0.5999640
0.2564295
-0.0955718
-0.3965637
-0.6304025
-0.7980221
-0.8930707
-0.9023293
-0.8239681
-0.6807813
-0.5142720
-0.3648700
-0.2542978
-0.1816359
-0.1326288
-0.0932340
-0.0581996
-0.0310448
-0.0179248
-0.0207925
-0.0343550
-0.0481495
-0.0520161
-0.0417841
-0.0220391
-0.0038539
0.0022723
-0.0056637
-0.0186518
-0.0230129
-0.0116208
0.0093726
0.0246146
0.0212904
-0.0011849
-0.0306957
-0.0503345
-0.0486039
-0.0263154
0.0029638
0.0203457
0.0148319
-0.0063469
-0.0213315
-0.0123753
0.0157143
0.0373727
0.0302319
-0.0014350
-0.0292253
-0.0286333
-0.0043008
0.0140510
0.0009864
-0.0401126
-0.0812503
-0.0965576
-0.0844403
-0.0659815
-0.0648511
-0.0886307
-0.1256774
-0.1564006
-0.1682509
-0.1640635
-0.1591586
-0.1696117
-0.1999711
-0.2397986
-0.2720534
-0.2864656
-0.2866856
-0.2856935
-0.2941720
-0.3116377
-0.3265267
-0.3240569
-0.2961388
-0.2476687
-0.1958213
-0.1617304
-0.1577334
-0.1776647
-0.1985210
-0.1952620
-0.1591942
-0.1045161
-0.0557293
-0.0263169
-0.0092484
0.0107341
0.0363657
0.0527168
0.0450919
0.0198460
0.0023128
0.0118753
0.0422715
0.0703360
0.0824807
0.0867314
0.0967775
0.1103794
0.1115285
0.0941214
0.0753538
0.0789255
0.1073099
0.1379643
0.1489626
0.1422595
0.1360349
0.1376716
0.1339916
0.1123619
0.0844736
0.0785801
0.1054239
0.1391662
0.1407316
0.1012612
0.0567587
0.0545734
0.1055926
0.1726574
0.2070919
0.1944976
0.1632339
0.1504622
0.1644634
0.1819251
0.1786503
0.1574230
0.1436449
0.1566612
0.1898028
0.2192968
0.2289629
0.2223254
0.2114232
0.1990533
0.1764890
0.1381100
0.0939500
0.0642665
0.0613524
0.0780348
0.0949056
0.0989142
0.0948508
0.0982962
0.1165752
0.1374046
0.1409146
0.1292393
0.1448940
0.2492352
0.4653697
0.7314266
0.9155659
0.8958892
0.6459177
0.2535056
-0.1427791
-0.4434062
-0.6301550
-0.7384984
-0.8009254
-0.8163636
-0.7636375
-0.6348611
-0.4554672
-0.2766330
-0.1477460
-0.0879699
-0.0772005
-0.0758358
-0.0594871
-0.0366920
-0.0302142
-0.0416759
-0.0422751
-0.0051971
0.0564764
0.0953874
0.0793003
0.0291666
-0.0011501
0.0165778
0.0548698
0.0637678
0.0284027
-0.0154578
-0.0233959
0.0091612
0.0465637
0.0559885
0.0408609
0.0289936
0.0358355
0.0487646
0.0475352
0.0315491
0.0200380
0.0272820
0.0449521
0.0529107
0.0444565
0.0353185
0.0458673
0.0774156
0.1093776
0.1193076
0.1027007
0.0725338
0.0436747
0.0227929
0.0126153
0.0180126
0.0400309
0.0647306
0.0671083
0.0343747
-0.0150478
-0.0424853
-0.0236795
0.0284012
0.0774047
0.0984998
0.0964439
0.0907438
0.0899803
0.0859154
0.0700415
0.0482830
0.0356301
0.0395339
0.0530517
0.0637777
0.0654971
0.0600459
0.0517494
0.0440244
0.0403779
0.0442032
0.0550036
0.0661669
0.0688495
0.0588535
0.0397870
0.0203916
0.0093212
0.0107492
0.0221534
0.0357630
0.0444806
0.0481141
0.0523269
0.0593611
0.0613492
0.0471927
0.0175485
-0.0112376
-0.0231199
-0.0213874
-0.0257801
-0.0473054
-0.0699599
-0.0641876
-0.0198824
0.0386460
0.0742011
0.0712689
0.0461298
0.0249864
0.0184818
0.0197324
0.0204952
0.0203276
0.0195859
0.0126956
-0.0035231
-0.0171386
-0.0061300
0.0380378
0.0943679
0.1255257
0.1096266
0.0590925
0.0099290
-0.0049406
0.0255626
0.0884723
0.1545992
0.1912065
0.1795524
0.1300628
0.0785289
0.0580102
0.0688814
0.0789199
0.0566787
0.0035433
-0.0502536
-0.0790022
-0.0838636
-0.0796540
-0.0672355
-0.0301606
0.0391217
0.1197145
0.1809196
0.2227013
0.2884572
0.4250235
0.6226912
0.7959501
0.8320859
0.6720696
0.3565037
-0.0025294
-0.3005841
-0.5051229
-0.6528152
-0.7875429
-0.9010383
-0.9352334
-0.8440654
-0.6510146
-0.4415856
-0.2972573
-0.2377839
-0.2259170
-0.2187705
-0.2045285
-0.1917103
-0.1796126
-0.1548539
-0.1148872
-0.0789171
-0.0654395
-0.0660240
-0.0548010
-0.0256267
-0.0077546
-0.0345771
-0.1008486
-0.1620363
-0.1790568
-0.1560650
-0.1286913
-0.1213370
-0.1263622
-0.1248200
-0.1149322
-0.1099656
-0.1126562
-0.1053300
-0.0720454
-0.0245334
0.0029180
-0.0139881
-0.0659727
-0.1193270
-0.1437502
-0.1298128
-0.0870967
-0.0362414
-0.0040962
-0.0146915
-0.0707606
-0.1412607
-0.1769238
-0.1497262
-0.0803003
-0.0219489
-0.0130818
-0.0450563
-0.0776326
-0.0835471
-0.0732400
-0.0747604
-0.0948530
-0.1073982
-0.0826053
-0.0230223
0.0351775
0.0571553
0.0412992
0.0138476
-0.0042265
-0.0179421
-0.0439799
-0.0816920
-0.1066704
-0.0955741
-0.0526181
-0.0063087
0.0191920
0.0243509
0.0244270
0.0248981
0.0141313
-0.0178036
-0.0585544
-0.0784491
-0.0581143
-0.0089506
0.0359882
0.0512206
0.0384589
0.0190242
0.0101135
0.0100706
0.0052034
-0.0122369
-0.0346105
-0.0465749
-0.0407769
-0.0256572
-0.0182654
-0.0292275
-0.0534295
-0.0740006
-0.0754215
-0.0545722
-0.0214396
0.0096372
0.0300322
0.0401979
0.0449373
0.0463290
0.0415795
0.0276509
0.0072939
-0.0104369
-0.0160651
-0.0059186
0.0169751
0.0460295
0.0729841
0.0879013
0.0826732
0.0597723
0.0370536
0.0375127
0.0682854
0.1099716
0.1317072
0.1200688
0.0916397
0.0747240
0.0800311
0.0925800
0.0917703
0.0740772
0.0525608
0.0377679
0.0259748
0.0075279
-0.0190593
-0.0459146
-0.0651017
-0.0721684
-0.0607470
-0.0228740
0.0383425
0.1022019
0.1504340
0.1996671
0.3029725
0.5000334
0.7556396
0.9539396
0.9694259
0.7581742
0.3885076
-0.0127025
-0.3442158
-0.5728838
-0.7139749
-0.7880701
-0.8005360
-0.7515086
-0.6521430
-0.5268965
-0.4040168
-0.3058423
-0.2429792
-0.2107697
-0.1910688
-0.1643159
-0.1262468
-0.0927428
-0.0840832
-0.1022411
-0.1254570
-0.1274496
-0.1016957
-0.0654987
-0.0410245
-0.0349628
-0.0373516
-0.0368505
-0.0327327
-0.0313115
-0.0344654
-0.0357721
-0.0283596
-0.0140348
-0.0027838
-0.0036641
-0.0170520
-0.0350872
-0.0480775
-0.0504013
-0.0424026
-0.0289824
-0.0165882
-0.0097269
-0.0086033
-0.0097884
-0.0096781
-0.0075161
-0.0050099
-0.0034713
-0.0022974
-0.0007342
-0.0005249
-0.0056925
-0.0189822
-0.0383933
-0.0573797
-0.0688999
-0.0702653
-0.0652614
-0.0619185
-0.0670765
-0.0812955
-0.0981606
-0.1091378
-0.1101942
-0.1041516
-0.0965983
-0.0898736
-0.0816335
-0.0690499
-0.0530750
-0.0375565
-0.0248132
-0.0137285
-0.0026423
0.0074982
0.0146627
0.0199349
0.0276976
0.0399527
0.0516187
0.0541439
0.0448819
0.0313985
0.0245972
0.0276671
0.0333946
0.0329665
0.0260481
0.0207358
0.0241386
0.0348516
0.0452056
0.0492156
0.0467159
0.0407273
0.0336526
0.0273407
0.0247893
0.0286118
0.0371643
0.0444578
0.0460192
0.0443087
0.0462771
0.0549150
0.0647679
0.0673591
0.0605683
0.0510336
0.0469221
0.0496990
0.0540401
0.0548192
0.0523108
0.0503843
0.0515911
0.0557246
0.0624372
0.0729439
0.0879470
0.1047832
0.1179525
0.1225872
0.1170366
0.1029724
0.0850634
0.0713588
0.0716905
0.0917211
0.1263253
0.1600111
0.1768494
0.1721255
0.1547354
0.1381446
0.1291331
0.1247159
0.1178848
0.1043106
0.0842025
0.0612127
0.0420835
0.0352330
0.0444357
0.0615689
0.0696137
0.0590001
0.0417727
0.0436569
0.0771822
0.1265319
0.1686841
0.2128033
0.3078467
0.4933640
0.7337223
0.9090043
0.8894479
0.6352062
0.2305656
-0.1788331
-0.4860310
-0.6720002
-0.7750060
-0.8285540
-0.8326983
-0.7738078
-0.6563558
-0.5094278
-0.3677170
-0.2524310
-0.1685116
-0.1122652
-0.0769996
-0.0544889
-0.0374367
-0.0234530
-0.0150691
-0.0139732
-0.0158001
-0.0122074
0.0015363
0.0216196
0.0382855
0.0429533
0.0337123
0.0161465
0.0002015
-0.0051699
0.0025625
0.0174209
0.0289192
0.0301464
0.0232164
0.0169147
0.0187542
0.0290012
0.0416611
0.0502509
0.0524771
0.0505635
0.0484617
0.0487252
0.0507882
0.0514788
0.0479078
0.0409486
0.0357797
0.0378302
0.0474885
0.0592679
0.0667848
0.0682340
0.0663195
0.0632384
0.0572773
0.0453350
0.0280605
0.0110105
0.0002677
-0.0023834
0.0002660
0.0040904
0.0057814
0.0024590
-0.0080898
-0.0244122
-0.0389931
-0.0416041
-0.0276707
-0.0037905
0.0165082
0.0241640
0.0224523
0.0233418
0.0356539
0.0565889
0.0747303
0.0811204
0.0772399
0.0723993
0.0739289
0.0803923
0.0842203
0.0801944
0.0706435
0.0624627
0.0599656
0.0614039
0.0621206
0.0598744
0.0563326
0.0540586
0.0535150
0.0535754
0.0539222
0.0555172
0.0586399
0.0617648
0.0633073
0.0638056
0.0650837
0.0673473
0.0687965
0.0691948
0.0723868
0.0824906
0.0966889
0.1041890
0.0956402
0.0742879
0.0554122
0.0522348
0.0624441
0.0704345
0.0635806
0.0452150
0.0308388
0.0328202
0.0503474
0.0732247
0.0919502
0.1022780
0.1029503
0.0944444
0.0822027
0.0777445
0.0913103
0.1214454
0.1540542
0.1743384
0.1795368
0.1782995
0.1778540
0.1746554
0.1597960
0.1321104
0.1022472
0.0821770
0.0728537
0.0651302
0.0523091
0.0380095
0.0295160
0.0265560
0.0223213
0.0167393
0.0226023
0.0512949
0.0933147
0.1233328
0.1345248
0.1654400
0.2769148
0.4850810
0.7127076
0.8185132
0.6940068
0.3476109
-0.0988555
-0.4971101
-0.7645903
-0.9075973
-0.9728298
-0.9875459
-0.9440188
-0.8288702
-0.6555009
-0.4656693
-0.3040367
-0.1932770
-0.1292939
-0.0940232
-0.0713142
-0.0547577
-0.0453523
-0.0435757
-0.0434821
-0.0350910
-0.0140822
0.0109605
0.0237212
0.0156379
-0.0034127
-0.0122939
0.0011893
0.0271192
0.0419319
0.0311565
0.0038039
-0.0160094
-0.0114946
0.0126305
0.0369725
0.0465476
0.0425847
0.0371888
0.0390836
0.0459959
0.0500015
0.0479850
0.0452985
0.0494220
0.0613442
0.0741191
0.0799004
0.0779375
0.0753624
0.0800776
0.0928186
0.1060374
0.1105212
0.1033895
0.0902143
0.0799464
0.0779597
0.0833857
0.0917781
0.0990147
0.1025798
0.1007784
0.0929864
0.0815536
0.0721727
0.0702326
0.0758264
0.0831045
0.0857351
0.0831909
0.0809947
0.0845500
0.0934054
0.1020710
0.1056861
0.1035620
0.0972424
0.0871752
0.0734586
0.0596341
0.0530662
0.0589752
0.0738186
0.0862524
0.0862140
0.0734569
0.0570950
0.0471381
0.0467163
0.0515955
0.0554569
0.0548784
0.0505381
0.0456743
0.0438817
0.0468957
0.0529782
0.0577004
0.0577265
0.0544199
0.0528048
0.0559647
0.0608351
0.0607913
0.0528845
0.0416874
0.0350711
0.0364010
0.0417713
0.0450101
0.0443560
0.0433631
0.0458048
0.0510693
0.0550838
0.0549168
0.0515880
0.0487975
0.0501050
0.0575115
0.0712447
0.0891940
0.1065823
0.1179768
0.1212940
0.1199662
0.1202401
0.1256083
0.1336784
0.1382778
0.1344041
0.1216106
0.1037516
0.0859921
0.0711435
0.0577246
0.0419857
0.0232685
0.0071961
0.0010410
0.0043728
0.0070157
0.0008902
-0.0062780
0.0039658
0.0357880
0.0632997
0.0535432
0.0150446
0.0165495
0.1365108
0.3760241
0.6216150
0.7105760
0.5528354
0.2006202
-0.1981788
-0.5166143
-0.7261576
-0.8733940
-0.9973258
-1.0787598
-1.0660983
-0.9378630
-0.7318991
-0.5167082
-0.3423021
-0.2199385
-0.1395635
-0.0938740
-0.0808942
-0.0904984
-0.1002553
-0.0908818
-0.0639482
-0.0394572
-0.0340287
-0.0432721
-0.0474643
-0.0335491
-0.0090232
0.0065081
0.0015088
-0.0173230
-0.0335747
-0.0367905
-0.0289672
-0.0184006
-0.0105963
-0.0055123
-0.0006861
0.0056417
0.0139972
0.0237843
0.0328827
0.0384439
0.0394267
0.0377588
0.0356990
0.0325300
0.0259797
0.0177339
0.0153457
0.0256442
0.0458847
0.0640274
0.0700337
0.0661878
0.0640038
0.0705002
0.0796436
0.0792303
0.0654073
0.0480260
0.0407642
0.0473588
0.0589685
0.0644192
0.0612921
0.0566577
0.0585983
0.0684115
0.0803655
0.0872096
0.0854579
0.0769345
0.0669845
0.0611735
0.0621761
0.0685278
0.0761249
0.0810807
0.0811468
0.0749063
0.0612614
0.0414519
0.0214131
0.0097234
0.0106891
0.0191793
0.0241578
0.0189446
0.0076932
0.0004806
0.0019631
0.0064596
0.0054638
-0.0009699
-0.0027602
0.0089506
0.0300937
0.0453328
0.0424986
0.0248471
0.0080675
0.0050793
0.0143067
0.0229031
0.0205781
0.0094371
0.0006097
0.0024934
0.0131271
0.0235835
0.0275516
0.0268520
0.0280225
0.0345684
0.0431311
0.0469175
0.0422990
0.0321316
0.0234082
0.0221652
0.0299090
0.0432807
0.0561058
0.0626137
0.0609054
0.0549152
0.0525497
0.0600085
0.0764352
0.0941398
0.1050029
0.1073381
0.1064525
0.1081710
0.1116870
0.1089866
0.0919455
0.0609978
0.0274330
0.0062709
0.0045438
0.0148037
0.0210223
0.0137299
0.0007482
0.0006295
0.0217097
0.0477409
0.0504064
0.0235755
0.0060262
0.0610300
0.2194196
0.4339458
0.5925410
0.5892691
0.3976885
0.0856038
-0.2390025
-0.5014840
-0.6920931
-0.8381626
-0.9537512
-1.0170480
-0.9918830
-0.8668485
-0.6738810
-0.4718248
-0.3116518
-0.2113939
-0.1565834
-0.1210738
-0.0897479
-0.0659761
-0.0603529
-0.0733388
-0.0897281
-0.0910377
-0.0729374
-0.0486174
-0.0339238
-0.0306566
-0.0267449
-0.0124552
0.0068921
0.0166529
0.0097992
-0.0050157
-0.0129225
-0.0078081
0.0039538
0.0126778
0.0146028
0.0115985
0.0057095
-0.0019730
-0.0076630
-0.0046873
0.0097184
0.0286173
0.0400318
0.0391693
0.0344755
0.0391985
0.0567061
0.0758850
0.0822521
0.0727246
0.0577521
0.0489252
0.0467831
0.0429629
0.0333746
0.0252386
0.0278832
0.0380023
0.0394564
0.0218733
-0.0022636
-0.0053052
0.0262878
0.0719800
0.0920724
0.0661708
0.0155463
-0.0158657
-0.0032862
0.0375923
0.0706530
0.0770851
0.0702001
0.0745250
0.0954928
0.1132776
0.1052040
0.0708026
0.0336668
0.0200676
0.0361477
0.0638422
0.0770902
0.0634881
0.0338925
0.0126589
0.0163941
0.0390600
0.0571521
0.0512032
0.0237753
-0.0034180
-0.0099350
0.0063439
0.0314571
0.0511128
0.0610983
0.0633426
0.0574400
0.0412102
0.0191187
0.0047591
0.0103971
0.0341186
0.0602613
0.0740189
0.0743182
0.0710329
0.0710536
0.0704206
0.0616369
0.0464550
0.0375041
0.0453921
0.0657436
0.0818399
0.0811075
0.0675342
0.0562466
0.0567745
0.0645419
0.0701510
0.0743219
0.0889296
0.1212834
0.1601920
0.1821312
0.1729918
0.1421912
0.1138215
0.1046171
0.1114475
0.1183931
0.1126050
0.0930604
0.0681900
0.0488087
0.0414821
0.0433180
0.0416269
0.0237135
-0.0077014
-0.0306470
-0.0226041
0.0141016
0.0521566
0.0736853
0.1051267
0.2061528
0.4092100
0.6638998
0.8473482
0.8431934
0.6248505
0.2719092
-0.0912624
-0.3784042
-0.5777960
-0.7228301
-0.8355807
-0.8983989
-0.8750613
-0.7555167
-0.5790550
-0.4131544
-0.3065096
-0.2576627
-0.2258087
-0.1722856
-0.0949986
-0.0267706
-0.0025606
-0.0272849
-0.0721863
-0.0998069
-0.0930700
-0.0638355
-0.0372728
-0.0292159
-0.0363863
-0.0446248
-0.0439619
-0.0360835
-0.0297593
-0.0311797
-0.0384863
-0.0437572
-0.0393306
-0.0235785
-0.0025522
0.0140957
0.0210682
0.0227681
0.0291029
0.0432312
0.0537168
0.0429070
0.0067764
-0.0347441
-0.0523318
-0.0358008
-0.0066903
0.0018374
-0.0204344
-0.0485709
-0.0480764
-0.0129016
0.0250864
0.0273018
-0.0112304
-0.0550472
-0.0629439
-0.0284365
0.0155935
0.0313040
0.0118175
-0.0181115
-0.0334005
-0.0345961
-0.0403785
-0.0585190
-0.0713172
-0.0531660
-0.0001715
0.0613495
0.0961514
0.0882249
0.0494352
0.0058207
-0.0208997
-0.0218567
0.0000890
0.0342259
0.0664053
0.0848574
0.0847363
0.0675797
0.0382034
0.0053782
-0.0150894
-0.0053514
0.0380320
0.0920097
0.1193873
0.1011832
0.0568555
0.0270723
0.0339101
0.0609797
0.0749888
0.0629484
0.0422037
0.0345227
0.0385175
0.0340751
0.0109041
-0.0159909
-0.0226388
-0.0026267
0.0284523
0.0529786
0.0683967
0.0818460
0.0942457
0.0978356
0.0896032
0.0793733
0.0786277
0.0841191
0.0800882
0.0595374
0.0383599
0.0419928
0.0773577
0.1224610
0.1469968
0.1417889
0.1251848
0.1213951
0.1365479
0.1574065
0.1692126
0.1689351
0.1608963
0.1463085
0.1240521
0.1009550
0.0931614
0.1101911
0.1384753
0.1476446
0.1183624
0.0629773
0.0149732
-0.0024794
0.0052387
0.0173687
0.0239036
0.0336253
0.0590079
0.1030040
0.1671081
0.2660500
0.4186986
0.6129984
0.7829750
0.8348993
0.7107796
0.4334041
0.0901840
-0.2283272
-0.4780185
-0.6600510
-0.7840618
-0.8413715
-0.8138202
-0.7023001
-0.5413536
-0.3845965
-0.2746427
-0.2220934
-0.2069568
-0.1979169
-0.1743371
-0.1366026
-0.0997486
-0.0776285
-0.0715694
-0.0721254
-0.0695288
-0.0611098
-0.0498688
-0.0393140
-0.0318951
-0.0306494
-0.0383482
-0.0533422
-0.0684127
-0.0763106
-0.0759355
-0.0708092
-0.0617538
-0.0448315
-0.0193051
0.0046806
0.0118095
-0.0022838
-0.0230310
-0.0290181
-0.0129936
0.0109014
0.0213664
0.0094893
-0.0166950
-0.0438430
-0.0647164
-0.0774597
-0.0788310
-0.0643922
-0.0366923
-0.0092655
0.0018779
-0.0081736
-0.0290268
-0.0442398
-0.0440275
-0.0301490
-0.0120370
-0.0005816
-0.0033605
-0.0205130
-0.0422784
-0.0530193
-0.0425759
-0.0159358
0.0099562
0.0212921
0.0194458
0.0169422
0.0220113
0.0295525
0.0287223
0.0175367
0.0066122
0.0074173
0.0190135
0.0288426
0.0262895
0.0131775
0.0000301
-0.0059140
-0.0064204
-0.0065669
-0.0068381
-0.0036415
0.0032598
0.0072808
0.0011121
-0.0146889
-0.0312669
-0.0399880
-0.0401238
-0.0376232
-0.0378893
-0.0416054
-0.0471267
-0.0541752
-0.0630695
-0.0711112
-0.0722950
-0.0620799
-0.0418962
-0.0180153
0.0036738
0.0207142
0.0320003
0.0343344
0.0231771
-0.0018201
-0.0319253
-0.0514491
-0.0478756
-0.0230336
0.0055585
0.0179250
0.0099629
-0.0016776
0.0032288
0.0246669
0.0394185
0.0269811
-0.0022590
-0.0117660
0.0228872
0.0833076
0.1228216
0.1134221
0.0727449
0.0405925
0.0342095
0.0359270
0.0247044
0.0075052
0.0086262
0.0321243
0.0493900
0.0313038
-0.0154263
-0.0555370
-0.0674427
-0.0654800
-0.0733760
-0.0854591
-0.0695100
-0.0092615
0.0717282
0.1425282
0.2157248
0.3456153
0.5606298
0.8005510
0.9357037
0.8612233
0.5785304
0.1886986
-0.1881981
-0.4868157
-0.7040054
-0.8554033
-0.9395079
-0.9424563
-0.8650049
-0.7345945
-0.5905980
-0.4619869
-0.3594408
-0.2832048
-0.2322270
-0.2046081
-0.1934370
-0.1873802
-0.1778019
-0.1649618
-0.1560781
-0.1568202
-0.1648748
-0.1719861
-0.1718952
-0.1655056
-0.1578847
-0.1509240
-0.1405161
-0.1220617
-0.0982753
-0.0798207
-0.0767132
-0.0887693
-0.1050585
-0.1132667
-0.1098954
-0.1017990
-0.0985196
-0.1034038
-0.1113537
-0.1137974
-0.1052871
-0.0864641
-0.0627401
-0.0412240
-0.0278642
-0.0250691
-0.0301321
-0.0359282
-0.0347740
-0.0234446
-0.0051847
0.0135906
0.0291239
0.0426852
0.0564754
0.0672404
0.0655330
0.0435293
0.0045432
-0.0364019
-0.0636705
-0.0740287
-0.0784342
-0.0902000
-0.1113684
-0.1312485
-0.1380930
-0.1308878
-0.1188743
-0.1107644
-0.1068390
-0.1023862
-0.0966161
-0.0949047
-0.1013143
-0.1111412
-0.1137813
-0.1037234
-0.0871907
-0.0763745
-0.0772559
-0.0843106
-0.0876320
-0.0842894
-0.0814297
-0.0879759
-0.1040189
-0.1191928
-0.1218668
-0.1100485
-0.0932746
-0.0836790
-0.0850738
-0.0908153
-0.0922261
-0.0881882
-0.0850988
-0.0871135
-0.0881517
-0.0756749
-0.0419788
0.0116697
0.0845359
0.1863786
0.3282387
0.4945930
0.6254144
0.6378728
0.4820976
0.1864582
-0.1511310
-0.4234588
-0.5764980
-0.6244208
-0.6134657
-0.5758150
-0.5149857
-0.4256841
-0.3176251
-0.2165749
-0.1455011
-0.1085806
-0.0929619
-0.0824922
-0.0684952
-0.0507006
-0.0326661
-0.0180516
-0.0090618
-0.0054348
-0.0041557
-0.0014874
0.0035360
0.0078853
0.0076930
0.0028972
-0.0017840
-0.0010252
0.0059340
0.0144298
0.0186165
0.0164753
0.0108783
0.0063215
0.0051441
0.0069021
0.0106209
0.0164849
0.0246873
0.0331835
0.0379193
0.0361946
0.0296195
0.0230260
0.0201883
0.0208943
0.0222670
0.0223156
0.0215264
0.0212378
0.0215322
0.0213813
0.0203100
0.0189307
0.0178050
0.0167957
0.0161688
0.0175860
0.0228099
0.0314375
0.0411459
0.0508798
0.0628145
0.0795993
0.0995032
0.1158673
0.1229069
0.1219371
0.1205573
0.1250196
0.1341105
0.1413665
0.1427701
0.1408672
0.1409459
0.1444767
0.1476506
0.1459605
0.1386211
0.1279731
0.1161391
0.1043048
0.0953122
0.0945981
0.1059419
0.1256023
0.1420493
0.1434392
0.1266974
0.1000404
0.0769957
0.0673211
0.0716011
0.0822467
0.0893175
0.0875899
0.0805904
0.0779804
0.0867757
0.1032141
0.1139650
0.1077985
0.0873311
0.0680143
0.0636113
0.0726077
0.0805632
0.0765278
0.0654378
0.0622696
0.0744312
0.0926773
0.1011481
0.0949238
0.0848091
0.0840971
0.0930016
0.0987800
0.0910211
0.0742071
0.0633833
0.0683216
0.0839255
0.0965594
0.0982112
0.0931793
0.0915696
0.0978883
0.1066317
0.1084219
0.1000424
0.0890168
0.0887886
0.1083717
0.1445940
0.1831657
0.2081003
0.2122391
0.2004692
0.1835094
0.1685815
0.1555195
0.1405217
0.1219737
0.1021961
0.0850600
0.0735808
0.0691641
0.0705683
0.0725650
0.0684550
0.0579309
0.0525547
0.0686121
0.1102485
0.1620890
0.2064700
0.2524736
0.3415156
0.5097471
0.7338109
0.9153041
0.9324258
0.7245061
0.3392046
-0.0977480
-0.4627317
-0.6977733
-0.8146296
-0.8532276
-0.8408098
-0.7827477
-0.6789047
-0.5402827
-0.3905192
-0.2558490
-0.1545677
-0.0920445
-0.0613162
-0.0479029
-0.0372287
-0.0211874
0.0000843
0.0216614
0.0386517
0.0484626
0.0505269
0.0461579
0.0393980
0.0365274
0.0423839
0.0558409
0.0692986
0.0739105
0.0664158
0.0514495
0.0374730
0.0304561
0.0309482
0.0360757
0.0430498
0.0502135
0.0556662
0.0569626
0.0537193
0.0500678
0.0524930
0.0637142
0.0790825
0.0903683
0.0934584
0.0913958
0.0894181
0.0883351
0.0845097
0.0760062
0.0662356
0.0597963
0.0561251
0.0501671
0.0397880
0.0295815
0.0247574
0.0227471
0.0148740
-0.0022181
-0.0198389
-0.0255144
-0.0176678
-0.0086860
-0.0115756
-0.0255126
-0.0372286
-0.0361112
-0.0249178
-0.0144866
-0.0105176
-0.0085167
-0.0010758
0.0131449
0.0289228
0.0406398
0.0468263
0.0498956
0.0540789
0.0633258
0.0777671
0.0903301
0.0896844
0.0711601
0.0456223
0.0336334
0.0468094
0.0751103
0.0956363
0.0954264
0.0838593
0.0809119
0.0945999
0.1128169
0.1177409
0.1055642
0.0898100
0.0861733
0.0965740
0.1087673
0.1099522
0.0993344
0.0879406
0.0875042
0.0995629
0.1141979
0.1189985
0.1104987
0.0980334
0.0956281
0.1082395
0.1256182
0.1314929
0.1202607
0.1036663
0.0990507
0.1109973
0.1267576
0.1310983
0.1238922
0.1200370
0.1315093
0.1524233
0.1649488
0.1598034
0.1477719
0.1485750
0.1690424
0.1945182
0.2027013
0.1851176
0.1543792
0.1310236
0.1239168
0.1230406
0.1105420
0.0788300
0.0384567
0.0083562
-0.0017915
0.0012687
0.0057206
0.0115189
0.0307096
0.0669752
0.0990394
0.0968459
0.0643233
0.0616014
0.1656587
0.3896509
0.6374347
0.7518193
0.6281304
0.2949853
-0.1111107
-0.4519504
-0.6764040
-0.8191517
-0.9288679
-1.0069605
-1.0125961
-0.9153634
-0.7346633
-0.5297096
-0.3576483
-0.2418336
-0.1724199
-0.1282084
-0.0957933
-0.0732637
-0.0625401
-0.0614248
-0.0624996
-0.0582291
-0.0466059
-0.0321182
-0.0214391
-0.0178734
-0.0192899
-0.0207377
-0.0188469
-0.0142286
-0.0104710
-0.0110307
-0.0162729
-0.0226802
-0.0253204
-0.0222278
-0.0164406
-0.0123976
-0.0097411
-0.0024076
0.0139623
0.0342124
0.0463265
0.0440475
0.0357596
0.0381590
0.0601099
0.0939390
0.1235474
0.1400268
0.1479829
0.1576096
0.1733348
0.1907975
0.2015843
0.1975680
0.1725176
0.1259155
0.0693084
0.0257183
0.0153665
0.0375202
0.0680299
0.0790272
0.0632875
0.0387825
0.0288983
0.0392897
0.0548283
0.0572776
0.0427615
0.0215943
0.0049002
-0.0045352
-0.0090609
-0.0091749
-0.0037904
0.0037655
0.0047106
-0.0070160
-0.0263595
-0.0400480
-0.0397718
-0.0315551
-0.0299563
-0.0425243
-0.0616303
-0.0729754
-0.0711530
-0.0646300
-0.0647963
-0.0719911
-0.0748073
-0.0639045
-0.0448757
-0.0349118
-0.0454052
-0.0687052
-0.0839649
-0.0770582
-0.0544026
-0.0367737
-0.0396701
-0.0594728
-0.0776339
-0.0775714
-0.0584368
-0.0345563
-0.0227387
-0.0292577
-0.0467846
-0.0620666
-0.0668933
-0.0637224
-0.0621102
-0.0688635
-0.0801772
-0.0837819
-0.0708203
-0.0465378
-0.0278855
-0.0285982
-0.0460399
-0.0635255
-0.0664707
-0.0563119
-0.0478543
-0.0525621
-0.0654658
-0.0701943
-0.0571141
-0.0348129
-0.0224695
-0.0317027
-0.0567951
-0.0813674
-0.0924681
-0.0885679
-0.0771617
-0.0676070
-0.0659918
-0.0733858
-0.0850885
-0.0910135
-0.0810044
-0.0548479
-0.0272712
-0.0182790
-0.0348359
-0.0632604
-0.0823566
-0.0837293
-0.0772325
-0.0769664
-0.0850571
-0.0914400
-0.0884665
-0.0816205
-0.0818344
-0.0882215
-0.0856923
-0.0655104
-0.0433006
-0.0451410
-0.0730525
-0.0949410
-0.0778924
-0.0265147
0.0212917
