1.1030281
1.1731051
0.7921423
0.3394783
-0.0009085
-0.3037414
-0.5787919
-0.7249671
-0.7566076
-0.7926791
-0.8314053
-0.7601922
-0.5776966
-0.4084794
-0.3055118
-0.2123121
-0.1123997
-0.0572417
-0.0481481
-0.0281706
0.0099211
0.0224884
0.0111710
0.0179150
0.0400231
0.0417279
0.0299185
0.0364430
0.0506891
0.0444759
0.0341689
0.0489041
0.0694584
0.0626536
0.0428720
0.0413409
0.0495019
0.0455071
0.0402338
0.0488391
0.0537523
0.0394078
0.0269593
0.0365678
0.0519963
0.0544808
0.0535642
0.0573837
0.0523721
0.0363794
0.0317412
0.0446517
0.0510586
0.0397367
0.0299370
0.0328819
0.0351544
0.0310265
0.0325033
0.0389272
0.0338972
0.0179965
0.0092624
0.0091876
0.0023990
-0.0114735
-0.0193917
-0.0241273
-0.0387627
-0.0580145
-0.0669179
-0.0705247
-0.0848167
-0.1073610
-0.1251647
-0.1403081
-0.1611992
-0.1816233
-0.1936592
-0.2067565
-0.2304211
-0.2538009
-0.2642960
-0.2696410
-0.2817702
-0.2967267
-0.3082754
-0.3219873
-0.3392885
-0.3475489
-0.3412520
-0.3334211
-0.3333894
-0.3331222
-0.3253967
-0.3143069
-0.2996798
-0.2735513
-0.2395966
-0.2138784
-0.1999419
-0.1843109
-0.1606827
-0.1373737
-0.1184720
-0.0987945
-0.0786989
-0.0636067
-0.0494076
-0.0278345
-0.0038534
0.0111381
0.0189756
0.0292758
0.0408723
0.0471659
0.0521843
0.0625464
0.0715181
0.0694822
0.0625865
0.0642329
0.0757084
0.0891835
0.1004466
0.1064911
0.1021761
0.0911629
0.0877248
0.0968183
0.1054417
0.1031487
0.0966087
0.0949772
0.0963218
0.0974543
0.1018693
0.1092551
0.1113121
0.1052514
0.0985118
0.0956416
0.0936707
0.0923586
0.0945228
0.0955818
0.0883423
0.0783821
0.0789079
0.0903913
0.1003997
0.1025570
0.1010000
0.0982405
0.0933667
0.0899288
0.0918348
0.0942451
0.0905602
0.0839256
0.0808443
0.0799847
0.0782808
0.0800439
0.0884476
0.0961347
0.0955477
0.0906937
0.0888197
0.0889980
0.0877472
0.0866331
0.0863897
0.0834856
0.0794811
0.0828836
0.0949975
0.1049504
0.1049480
0.0998306
0.0967406
0.0963944
0.0984708
0.1041902
0.1099952
0.1094822
0.1040562
0.1017169
0.1051517
0.1115426
0.1222677
0.1402300
0.1590387
0.1678886
0.1666955
0.1649572
0.1670646
0.1693884
0.1692220
0.1659749
0.1566406
0.1403397
0.1241192
0.1151331
0.1108477
0.1046427
0.0961032
0.0891617
0.0862589
0.0894497
0.0986514
0.1043685
0.0948511
0.0782509
0.0839804
0.1294636
0.1953886
0.2491917
0.2914863
0.3680776
0.5280075
0.7610746
0.9705381
1.0199176
0.8332797
0.4625776
0.0497428
-0.2825981
-0.5031511
-0.6504930
-0.7652003
-0.8489995
-0.8733056
-0.8142758
-0.6817286
-0.5175078
-0.3651170
-0.2439518
-0.1538896
-0.0928520
-0.0581970
-0.0387308
-0.0206270
-0.0007645
0.0149047
0.0236257
0.0283314
0.0313653
0.0334746
0.0359302
0.0378203
0.0355766
0.0299082
0.0273935
0.0308248
0.0349236
0.0358806
0.0371807
0.0413164
0.0440646
0.0422466
0.0395707
0.0398560
0.0412364
0.0408804
0.0390436
0.0360897
0.0322136
0.0312924
0.0375848
0.0477899
0.0537484
0.0530461
0.0497090
0.0459205
0.0415685
0.0401812
0.0454247
0.0521572
0.0504042
0.0390896
0.0286662
0.0298156
0.0443777
0.0652459
0.0804920
0.0814973
0.0721856
0.0655137
0.0658488
0.0612364
0.0396056
0.0063147
-0.0219151
-0.0356627
-0.0389264
-0.0413930
-0.0507219
-0.0685773
-0.0894374
-0.1064342
-0.1203007
-0.1375370
-0.1589308
-0.1771816
-0.1875245
-0.1928224
-0.1958430
-0.1942326
-0.1858777
-0.1725473
-0.1562776
-0.1383287
-0.1223626
-0.1118180
-0.1035277
-0.0905239
-0.0715319
-0.0518758
-0.0358284
-0.0239862
-0.0164987
-0.0124507
-0.0077338
0.0002994
0.0079341
0.0103078
0.0088430
0.0082398
0.0094217
0.0106664
0.0119261
0.0128961
0.0109876
0.0063234
0.0044610
0.0093012
0.0175267
0.0241455
0.0286512
0.0317897
0.0317037
0.0278135
0.0239140
0.0234369
0.0253345
0.0269656
0.0271383
0.0255025
0.0237554
0.0271317
0.0382970
0.0499511
0.0509974
0.0409582
0.0312445
0.0310034
0.0380453
0.0445013
0.0453086
0.0403570
0.0336858
0.0311605
0.0348973
0.0406918
0.0440657
0.0457997
0.0475104
0.0463116
0.0398401
0.0327115
0.0312699
0.0344582
0.0358010
0.0324361
0.0274809
0.0256241
0.0298719
0.0396299
0.0490396
0.0509613
0.0453080
0.0393384
0.0376600
0.0370539
0.0333962
0.0280324
0.0245070
0.0241512
0.0273032
0.0337631
0.0399044
0.0404392
0.0352405
0.0301880
0.0300220
0.0341267
0.0390373
0.0405841
0.0347274
0.0220573
0.0109242
0.0103486
0.0198123
0.0305964
0.0360928
0.0361823
0.0333428
0.0299294
0.0282361
0.0285739
0.0282541
0.0256907
0.0231569
0.0225221
0.0219529
0.0204508
0.0214193
0.0271874
0.0336505
0.0349935
0.0310115
0.0261346
0.0238644
0.0247943
0.0270640
0.0268553
0.0219740
0.0162089
0.0158864
0.0210838
0.0251493
0.0240365
0.0209207
0.0203023
0.0227490
0.0268417
0.0312673
0.0334556
0.0306088
0.0235379
0.0162250
0.0115048
0.0102158
0.0131270
0.0194858
0.0250750
0.0261585
0.0241531
0.0225851
0.0215044
0.0190324
0.0159784
0.0143468
0.0134539
0.0119228
0.0114088
0.0141668
0.0188349
0.0222175
0.0233060
0.0227269
0.0206308
0.0175628
0.0148065
0.0121563
0.0085880
0.0062428
0.0092709
0.0169841
0.0227750
0.0219780
0.0166889
0.0111837
0.0070206
0.0044149
0.0039976
0.0049764
0.0049105
0.0029162
0.0006349
-0.0001445
0.0016647
0.0067549
0.0133150
0.0165569
0.0145773
0.0126358
0.0164939
0.0230815
0.0234494
0.0146800
0.0040339
0.0009202
0.0078829
0.0190102
0.0248780
0.0205798
0.0111055
0.0066986
0.0110285
0.0169845
0.0162256
0.0091469
0.0027351
0.0022952
0.0082288
0.0173899
0.0244461
0.0249072
0.0197363
0.0147701
0.0139747
0.0158506
0.0172407
0.0171974
0.0161863
0.0150843
0.0158484
0.0197230
0.0242711
0.0256286
0.0237997
0.0221458
0.0219113
0.0211742
0.0190193
0.0168611
0.0157129
0.0155614
0.0170016
0.0203005
0.0236250
0.0251333
0.0256549
0.0267205
0.0279141
0.0289584
0.0318413
0.0374263
0.0423622
0.0431704
0.0417378
0.0434731
0.0512541
0.0633860
0.0758010
0.0846255
0.0888329
0.0917991
0.0978273
0.1064002
0.1130406
0.1162928
0.1195943
0.1251930
0.1308497
0.1343612
0.1368550
0.1390032
0.1376370
0.1292787
0.1152366
0.1010046
0.0910359
0.0844535
0.0760418
0.0634044
0.0533650
0.0563811
0.0714933
0.0827587
0.0778165
0.0663156
0.0704544
0.0975940
0.1336147
0.1710342
0.2380589
0.3853890
0.6303616
0.9087687
1.0904660
1.0614043
0.8066053
0.4188120
0.0266153
-0.2879832
-0.5136132
-0.6745064
-0.7867446
-0.8444251
-0.8342328
-0.7554979
-0.6273723
-0.4802428
-0.3419779
-0.2306774
-0.1542511
-0.1104029
-0.0876281
-0.0723869
-0.0580806
-0.0453648
-0.0349403
-0.0245860
-0.0133996
-0.0041003
0.0007051
0.0017104
0.0014070
0.0015864
0.0025284
0.0027990
0.0004489
-0.0037558
-0.0056931
-0.0027643
0.0021717
0.0042204
0.0021835
-0.0014855
-0.0044687
-0.0057423
-0.0049878
-0.0036329
-0.0046979
-0.0089367
-0.0126527
-0.0116807
-0.0062709
-0.0004444
0.0019423
-0.0005251
-0.0062988
-0.0115744
-0.0137257
-0.0147232
-0.0186429
-0.0254720
-0.0306341
-0.0314392
-0.0307488
-0.0330897
-0.0398721
-0.0493388
-0.0587673
-0.0662034
-0.0723789
-0.0810174
-0.0947874
-0.1111158
-0.1246038
-0.1334799
-0.1413406
-0.1528464
-0.1697355
-0.1902582
-0.2104577
-0.2270991
-0.2413214
-0.2579035
-0.2788906
-0.2999597
-0.3156850
-0.3265691
-0.3379978
-0.3534991
-0.3714897
-0.3876342
-0.3985334
-0.4041812
-0.4080120
-0.4130046
-0.4169391
-0.4137589
-0.4006595
-0.3814169
-0.3615645
-0.3427250
-0.3229467
-0.3003737
-0.2753249
-0.2503646
-0.2286049
-0.2099940
-0.1897146
-0.1632460
-0.1331607
-0.1078045
-0.0924460
-0.0839514
-0.0745558
-0.0590692
-0.0387644
-0.0202681
-0.0099595
-0.0071610
-0.0036037
0.0079500
0.0252247
0.0388223
0.0424655
0.0389245
0.0365188
0.0413689
0.0521262
0.0610914
0.0619726
0.0575216
0.0572175
0.0659595
0.0777586
0.0828947
0.0790695
0.0728227
0.0712965
0.0749722
0.0781269
0.0753788
0.0681638
0.0643167
0.0695252
0.0797753
0.0850365
0.0804973
0.0712348
0.0653735
0.0656031
0.0682998
0.0684351
0.0642557
0.0588459
0.0575233
0.0622070
0.0685657
0.0703534
0.0659422
0.0587709
0.0523852
0.0475093
0.0434992
0.0403200
0.0389787
0.0410986
0.0471727
0.0542954
0.0575244
0.0552649
0.0515408
0.0509332
0.0529064
0.0533119
0.0501963
0.0460051
0.0447834
0.0485560
0.0556093
0.0615505
0.0632560
0.0622533
0.0627362
0.0662138
0.0703283
0.0731741
0.0760649
0.0811109
0.0883569
0.0963146
0.1034969
0.1088722
0.1126875
0.1172282
0.1247326
0.1339268
0.1402415
0.1401166
0.1344030
0.1278589
0.1257334
0.1290661
0.1318420
0.1249681
0.1058739
0.0828539
0.0670156
0.0608306
0.0575581
0.0513122
0.0441612
0.0421831
0.0468587
0.0528514
0.0550875
0.0569226
0.0683488
0.0945520
0.1307164
0.1756182
0.2500729
0.3898291
0.6060628
0.8482328
1.0122520
0.9980055
0.7743895
0.4013553
-0.0077872
-0.3538627
-0.5975668
-0.7540440
-0.8527522
-0.9041845
-0.8982296
-0.8250879
-0.6943121
-0.5364133
-0.3878537
-0.2721143
-0.1919622
-0.1376489
-0.1002158
-0.0762154
-0.0632638
-0.0562325
-0.0491824
-0.0391529
-0.0273539
-0.0174625
-0.0124059
-0.0117634
-0.0125265
-0.0126184
-0.0124548
-0.0127270
-0.0127011
-0.0118002
-0.0108508
-0.0102062
-0.0083792
-0.0043429
0.0000488
0.0016653
-0.0004569
-0.0042258
-0.0064692
-0.0055199
-0.0027669
-0.0015325
-0.0030497
-0.0039221
0.0003441
0.0092111
0.0167435
0.0179560
0.0137326
0.0088408
0.0065858
0.0060640
0.0037705
-0.0022024
-0.0089684
-0.0106795
-0.0048604
0.0038786
0.0079746
0.0041155
-0.0049510
-0.0146117
-0.0224443
-0.0288834
-0.0360336
-0.0459041
-0.0584561
-0.0712822
-0.0817934
-0.0893809
-0.0953942
-0.1022082
-0.1124469
-0.1271324
-0.1436872
-0.1576441
-0.1676470
-0.1772000
-0.1899650
-0.2043811
-0.2143446
-0.2148845
-0.2067440
-0.1959369
-0.1886056
-0.1851252
-0.1794148
-0.1654740
-0.1444186
-0.1233874
-0.1075454
-0.0950471
-0.0802954
-0.0606454
-0.0393278
-0.0225880
-0.0139137
-0.0103757
-0.0052974
0.0044370
0.0145951
0.0184824
0.0148468
0.0093446
0.0086116
0.0142510
0.0221979
0.0266557
0.0249626
0.0197727
0.0164571
0.0179250
0.0223815
0.0261105
0.0272617
0.0267622
0.0271735
0.0311699
0.0392563
0.0479400
0.0518668
0.0493106
0.0446145
0.0439438
0.0490677
0.0559609
0.0590758
0.0567992
0.0532838
0.0547122
0.0628508
0.0725946
0.0770181
0.0745727
0.0701078
0.0691650
0.0726146
0.0765961
0.0764034
0.0708211
0.0641028
0.0632728
0.0716403
0.0846359
0.0932343
0.0919331
0.0831061
0.0740660
0.0705369
0.0723743
0.0747517
0.0736973
0.0705931
0.0703815
0.0752352
0.0815147
0.0837677
0.0804735
0.0749610
0.0717925
0.0731058
0.0773765
0.0807328
0.0803106
0.0772595
0.0759226
0.0794054
0.0862809
0.0918358
0.0921804
0.0875027
0.0821924
0.0814130
0.0862933
0.0925391
0.0948860
0.0928046
0.0907250
0.0928764
0.0991968
0.1063114
0.1113329
0.1144630
0.1185277
0.1258599
0.1352209
0.1424947
0.1452351
0.1457973
0.1489168
0.1566889
0.1667626
0.1746502
0.1765614
0.1706742
0.1576306
0.1406972
0.1246929
0.1133447
0.1064766
0.0998860
0.0899153
0.0794984
0.0774507
0.0881264
0.1025285
0.1051643
0.0928469
0.0828491
0.0965209
0.1348971
0.1774639
0.2118590
0.2637273
0.3865672
0.6079863
0.8784527
1.0778128
1.0862346
0.8645986
0.4782144
0.0488379
-0.3198297
-0.5853730
-0.7579036
-0.8625166
-0.9101241
-0.8957058
-0.8155301
-0.6818830
-0.5223245
-0.3675281
-0.2395523
-0.1473867
-0.0889498
-0.0558899
-0.0380717
-0.0261228
-0.0128653
0.0045823
0.0231736
0.0363311
0.0401882
0.0377310
0.0360624
0.0395363
0.0458390
0.0486958
0.0444839
0.0365149
0.0324714
0.0368321
0.0460247
0.0519927
0.0504413
0.0445263
0.0405210
0.0412601
0.0443558
0.0457019
0.0436872
0.0401817
0.0380725
0.0382706
0.0393544
0.0397771
0.0394121
0.0386387
0.0371316
0.0345562
0.0316223
0.0292106
0.0269245
0.0237965
0.0203529
0.0187629
0.0204291
0.0238969
0.0255795
0.0227287
0.0158852
0.0082816
0.0024367
-0.0024767
-0.0092501
-0.0188634
-0.0291452
-0.0373977
-0.0433781
-0.0493158
-0.0578528
-0.0703332
-0.0860702
-0.1024305
-0.1162562
-0.1262696
-0.1342413
-0.1432481
-0.1543327
-0.1648616
-0.1707513
-0.1711097
-0.1704018
-0.1743405
-0.1825715
-0.1867588
-0.1780591
-0.1566519
-0.1322843
-0.1146415
-0.1040149
-0.0921535
-0.0717779
-0.0443840
-0.0185411
-0.0011685
0.0086402
0.0170471
0.0279607
0.0394569
0.0473483
0.0504811
0.0515795
0.0539280
0.0584052
0.0633478
0.0662962
0.0659202
0.0630474
0.0601030
0.0592068
0.0604821
0.0620984
0.0620540
0.0602944
0.0592852
0.0619887
0.0686269
0.0756965
0.0789822
0.0776543
0.0748633
0.0742774
0.0765813
0.0794370
0.0802919
0.0789507
0.0776953
0.0790885
0.0835406
0.0889731
0.0928496
0.0943306
0.0944051
0.0943345
0.0942593
0.0930268
0.0891640
0.0825021
0.0753200
0.0714606
0.0734215
0.0799209
0.0865424
0.0891620
0.0871679
0.0836123
0.0820028
0.0825051
0.0814514
0.0753117
0.0653435
0.0575607
0.0573364
0.0640374
0.0713536
0.0730427
0.0683543
0.0619900
0.0590248
0.0601094
0.0617057
0.0606353
0.0576745
0.0564625
0.0595516
0.0661213
0.0730207
0.0770657
0.0764598
0.0713295
0.0638699
0.0575352
0.0548899
0.0555928
0.0568005
0.0562052
0.0547472
0.0556956
0.0606270
0.0669299
0.0702775
0.0694979
0.0678359
0.0688437
0.0720525
0.0740173
0.0734582
0.0738953
0.0802277
0.0931751
0.1080783
0.1192781
0.1248535
0.1266932
0.1269809
0.1260727
0.1236739
0.1201680
0.1154647
0.1077188
0.0953787
0.0806609
0.0688035
0.0624118
0.0580086
0.0506080
0.0413770
0.0374741
0.0422891
0.0485474
0.0459793
0.0367091
0.0379564
0.0643571
0.1097465
0.1549293
0.1986674
0.2749241
0.4253163
0.6438182
0.8499662
0.9283451
0.8086222
0.5170606
0.1544421
-0.1769025
-0.4314739
-0.6208328
-0.7703876
-0.8817065
-0.9321530
-0.9020443
-0.7975489
-0.6498252
-0.4964584
-0.3635261
-0.2599214
-0.1827399
-0.1259975
-0.0861032
-0.0617721
-0.0503477
-0.0452964
-0.0386181
-0.0266523
-0.0131290
-0.0052555
-0.0060313
-0.0106062
-0.0106590
-0.0024298
0.0097079
0.0175060
0.0163792
0.0089036
0.0016472
-0.0007864
0.0010288
0.0028064
0.0006046
-0.0057451
-0.0121078
-0.0130456
-0.0065297
0.0036282
0.0105088
0.0100630
0.0046127
0.0001584
0.0000898
0.0018697
0.0003374
-0.0058476
-0.0118948
-0.0117540
-0.0050722
0.0016252
0.0011112
-0.0076380
-0.0190146
-0.0267416
-0.0296443
-0.0316493
-0.0367919
-0.0448023
-0.0517019
-0.0543856
-0.0540784
-0.0551426
-0.0610257
-0.0718345
-0.0853195
-0.0991123
-0.1117371
-0.1223954
-0.1308208
-0.1375720
-0.1440426
-0.1516358
-0.1605811
-0.1696564
-0.1774885
-0.1841895
-0.1911739
-0.1990439
-0.2061561
-0.2098353
-0.2087468
-0.2035179
-0.1951333
-0.1833079
-0.1667502
-0.1450197
-0.1200922
-0.0958423
-0.0754813
-0.0593571
-0.0456086
-0.0329714
-0.0222848
-0.0148949
-0.0101459
-0.0051764
0.0026628
0.0133038
0.0238172
0.0307756
0.0328816
0.0312399
0.0272565
0.0211917
0.0135362
0.0070822
0.0059570
0.0118462
0.0217394
0.0300545
0.0331034
0.0316606
0.0295825
0.0300175
0.0327320
0.0350012
0.0349286
0.0334702
0.0331626
0.0355203
0.0400121
0.0449121
0.0485300
0.0500726
0.0500021
0.0493966
0.0486117
0.0470027
0.0445050
0.0430608
0.0455268
0.0526909
0.0614740
0.0665434
0.0645405
0.0573155
0.0504900
0.0478964
0.0476889
0.0450644
0.0387547
0.0332929
0.0340008
0.0406073
0.0469308
0.0469132
0.0405469
0.0337130
0.0321586
0.0356953
0.0386884
0.0363827
0.0301168
0.0258037
0.0277705
0.0346327
0.0406985
0.0408334
0.0346270
0.0267548
0.0229318
0.0246317
0.0279149
0.0280299
0.0247817
0.0225434
0.0251110
0.0313332
0.0360797
0.0353083
0.0300748
0.0254068
0.0250671
0.0278418
0.0295436
0.0281147
0.0255969
0.0252983
0.0284402
0.0337666
0.0389889
0.0420724
0.0425214
0.0424592
0.0455131
0.0532494
0.0626847
0.0682537
0.0670242
0.0622237
0.0610652
0.0678548
0.0786943
0.0839879
0.0772454
0.0610168
0.0435298
0.0303743
0.0206878
0.0109245
0.0007624
-0.0053455
-0.0024488
0.0086006
0.0192827
0.0199422
0.0102462
0.0024023
0.0115558
0.0424782
0.0882183
0.1445657
0.2248702
0.3541080
0.5388337
0.7375246
0.8652613
0.8406976
0.6414459
0.3202851
-0.0317736
-0.3415627
-0.5823279
-0.7601348
-0.8827336
-0.9439947
-0.9336010
-0.8549342
-0.7299147
-0.5876879
-0.4514760
-0.3353487
-0.2472778
-0.1891307
-0.1540302
-0.1291238
-0.1048513
-0.0814408
-0.0653724
-0.0599575
-0.0602671
-0.0574427
-0.0476063
-0.0357773
-0.0301915
-0.0330378
-0.0380996
-0.0376892
-0.0303183
-0.0208798
-0.0149836
-0.0144914
-0.0174231
-0.0204895
-0.0218506
-0.0223241
-0.0238526
-0.0266240
-0.0283878
-0.0269371
-0.0225569
-0.0177299
-0.0150368
-0.0153231
-0.0170881
-0.0177810
-0.0166887
-0.0163289
-0.0196695
-0.0259484
-0.0306359
-0.0299862
-0.0248526
-0.0199078
-0.0196638
-0.0248184
-0.0316643
-0.0356131
-0.0362301
-0.0380337
-0.0450719
-0.0554834
-0.0631766
-0.0648178
-0.0637216
-0.0664718
-0.0763585
-0.0902555
-0.1018068
-0.1080665
-0.1128884
-0.1227331
-0.1390520
-0.1562486
-0.1676087
-0.1717856
-0.1729280
-0.1761527
-0.1838005
-0.1943417
-0.2033181
-0.2063247
-0.2026378
-0.1957498
-0.1895118
-0.1837684
-0.1740640
-0.1558332
-0.1296101
-0.1024440
-0.0826513
-0.0715677
-0.0616471
-0.0450129
-0.0233693
-0.0068219
-0.0024323
-0.0060829
-0.0067484
0.0022611
0.0170403
0.0274501
0.0272881
0.0200773
0.0145134
0.0147819
0.0171741
0.0165328
0.0133959
0.0127341
0.0172048
0.0241244
0.0288155
0.0292913
0.0276324
0.0276463
0.0310435
0.0356199
0.0377390
0.0365522
0.0347251
0.0351451
0.0384712
0.0439356
0.0505152
0.0566490
0.0606221
0.0622890
0.0632877
0.0648749
0.0664719
0.0666776
0.0649133
0.0621736
0.0610075
0.0640822
0.0712469
0.0784414
0.0811536
0.0788548
0.0748143
0.0720638
0.0709553
0.0701720
0.0686384
0.0667019
0.0664373
0.0700168
0.0766352
0.0820270
0.0825305
0.0790469
0.0757982
0.0757092
0.0778413
0.0786982
0.0755733
0.0696083
0.0657578
0.0681122
0.0747670
0.0791841
0.0774588
0.0724329
0.0695914
0.0705593
0.0719471
0.0695934
0.0630641
0.0566493
0.0560193
0.0627716
0.0722215
0.0776613
0.0765931
0.0717964
0.0672911
0.0651475
0.0654314
0.0667415
0.0667368
0.0642358
0.0611921
0.0612055
0.0658967
0.0734839
0.0803365
0.0832548
0.0816736
0.0790257
0.0804896
0.0875014
0.0955465
0.0993320
0.0995114
0.1024868
0.1134823
0.1304922
0.1448509
0.1480742
0.1395373
0.1273400
0.1198477
0.1165800
0.1098440
0.0951779
0.0766977
0.0612271
0.0510382
0.0449679
0.0435370
0.0483935
0.0566579
0.0598885
0.0524651
0.0413718
0.0439293
0.0713441
0.1158631
0.1624418
0.2181623
0.3222569
0.5113928
0.7657668
0.9923984
1.0717511
0.9338156
0.6031245
0.1805814
-0.2187577
-0.5231975
-0.7202916
-0.8325678
-0.8837202
-0.8823975
-0.8269984
-0.7193214
-0.5751155
-0.4239402
-0.2962457
-0.2066696
-0.1493697
-0.1099244
-0.0799064
-0.0592868
-0.0485260
-0.0428225
-0.0347351
-0.0208437
-0.0050346
0.0052761
0.0068005
0.0036146
0.0018524
0.0027646
0.0032679
0.0018613
0.0004980
0.0009241
0.0026366
0.0049193
0.0078856
0.0106411
0.0108493
0.0073423
0.0019390
-0.0019194
-0.0019574
0.0008141
0.0022088
-0.0013251
-0.0078826
-0.0109920
-0.0069390
0.0006695
0.0054238
0.0051611
0.0023923
-0.0002942
-0.0025084
-0.0047843
-0.0073848
-0.0100994
-0.0121439
-0.0129367
-0.0133558
-0.0149029
-0.0175194
-0.0201480
-0.0234897
-0.0296513
-0.0386022
-0.0476212
-0.0550705
-0.0623984
-0.0716578
-0.0830686
-0.0954106
-0.1067803
-0.1148950
-0.1189960
-0.1217443
-0.1271891
-0.1366269
-0.1479423
-0.1584607
-0.1667547
-0.1726471
-0.1774949
-0.1833788
-0.1897109
-0.1916425
-0.1842376
-0.1677014
-0.1469014
-0.1268561
-0.1100694
-0.0963410
-0.0829792
-0.0666588
-0.0471748
-0.0282922
-0.0134546
-0.0020280
0.0090962
0.0218449
0.0357568
0.0483409
0.0558412
0.0561350
0.0520164
0.0492890
0.0504547
0.0523262
0.0506740
0.0452025
0.0394315
0.0376729
0.0421506
0.0507218
0.0574388
0.0578570
0.0538630
0.0510986
0.0521506
0.0547921
0.0562300
0.0560906
0.0554515
0.0556876
0.0583037
0.0637365
0.0703530
0.0759324
0.0793006
0.0796386
0.0763551
0.0712970
0.0685799
0.0698441
0.0718194
0.0710113
0.0687556
0.0690815
0.0732212
0.0785486
0.0816834
0.0810035
0.0774880
0.0742840
0.0739633
0.0755490
0.0759365
0.0741977
0.0720600
0.0704494
0.0688626
0.0682091
0.0704798
0.0747990
0.0772944
0.0760665
0.0734585
0.0723807
0.0727175
0.0721234
0.0686993
0.0629386
0.0584342
0.0594827
0.0659512
0.0719521
0.0719471
0.0666481
0.0606725
0.0566193
0.0544156
0.0541976
0.0558982
0.0570834
0.0547492
0.0491868
0.0440885
0.0432941
0.0481519
0.0562178
0.0617432
0.0601738
0.0535970
0.0491361
0.0506249
0.0545726
0.0555251
0.0524542
0.0486123
0.0480467
0.0533663
0.0637521
0.0737446
0.0768375
0.0718478
0.0640096
0.0595492
0.0611091
0.0676521
0.0757701
0.0815745
0.0844737
0.0887100
0.0982478
0.1108955
0.1204393
0.1235119
0.1211940
0.1151612
0.1060336
0.0949759
0.0835544
0.0719875
0.0597107
0.0473926
0.0373252
0.0327861
0.0365434
0.0464766
0.0528335
0.0463389
0.0324620
0.0316630
0.0590612
0.1070661
0.1564265
0.2071846
0.2934482
0.4576207
0.6986641
0.9400765
1.0573221
0.9563690
0.6420996
0.2162498
-0.1920579
-0.5007347
-0.6985027
-0.8165765
-0.8851615
-0.9093118
-0.8754445
-0.7761816
-0.6283104
-0.4674722
-0.3276096
-0.2255598
-0.1597839
-0.1180448
-0.0877660
-0.0642334
-0.0499438
-0.0452162
-0.0426294
-0.0338972
-0.0193102
-0.0062175
0.0000583
0.0003719
-0.0012020
-0.0010695
0.0016765
0.0041190
0.0020397
-0.0046742
-0.0110237
-0.0123502
-0.0083192
-0.0011294
0.0064305
0.0103374
0.0073206
-0.0005237
-0.0067292
-0.0077559
-0.0061972
-0.0059258
-0.0075820
-0.0095924
-0.0101313
-0.0075595
-0.0023194
0.0015278
0.0001512
-0.0048082
-0.0082033
-0.0080507
-0.0069507
-0.0078623
-0.0118351
-0.0185218
-0.0253400
-0.0277302
-0.0241335
-0.0194587
-0.0202164
-0.0275605
-0.0377906
-0.0474684
-0.0552328
-0.0612825
-0.0682309
-0.0799353
-0.0964905
-0.1127008
-0.1237955
-0.1300724
-0.1344215
-0.1389510
-0.1457471
-0.1565882
-0.1693620
-0.1786031
-0.1821770
-0.1843158
-0.1900441
-0.1991798
-0.2066121
-0.2057103
-0.1920061
-0.1677597
-0.1427070
-0.1256453
-0.1149492
-0.1014168
-0.0801436
-0.0553727
-0.0342885
-0.0204751
-0.0127888
-0.0061699
0.0057692
0.0245210
0.0433108
0.0533655
0.0528598
0.0473004
0.0432914
0.0445395
0.0507500
0.0568757
0.0564151
0.0490265
0.0421518
0.0421901
0.0473210
0.0517183
0.0529028
0.0518845
0.0500743
0.0494587
0.0523553
0.0579136
0.0617877
0.0614691
0.0591666
0.0583816
0.0608796
0.0670635
0.0749892
0.0791531
0.0755315
0.0682648
0.0661302
0.0716984
0.0787209
0.0806197
0.0771183
0.0725497
0.0718008
0.0772370
0.0855181
0.0888396
0.0836824
0.0765256
0.0762489
0.0827526
0.0877994
0.0853318
0.0766465
0.0673924
0.0635047
0.0678898
0.0772746
0.0842174
0.0847618
0.0814346
0.0773876
0.0724502
0.0671270
0.0646286
0.0653813
0.0648291
0.0606323
0.0574686
0.0608186
0.0695682
0.0776833
0.0802082
0.0762597
0.0695859
0.0665354
0.0693907
0.0721817
0.0680470
0.0598347
0.0573472
0.0643447
0.0742186
0.0784208
0.0737520
0.0622022
0.0495732
0.0436515
0.0477435
0.0558175
0.0584720
0.0531579
0.0452923
0.0416047
0.0457481
0.0568012
0.0677857
0.0694567
0.0603095
0.0495331
0.0461437
0.0491306
0.0518924
0.0514388
0.0489180
0.0458780
0.0446679
0.0485932
0.0577376
0.0679956
0.0766067
0.0846106
0.0923596
0.0976195
0.0996619
0.1003266
0.1002255
0.0989404
0.0985342
0.1004489
0.0993657
0.0876339
0.0664204
0.0455789
0.0319113
0.0240501
0.0190304
0.0168780
0.0173960
0.0179996
0.0166028
0.0144407
0.0169491
0.0324968
0.0652772
0.1081642
0.1524547
0.2110810
0.3202427
0.5003220
0.7123550
0.8628437
0.8602569
0.6753731
0.3589342
0.0070116
-0.2989463
-0.5315732
-0.7065158
-0.8396748
-0.9225042
-0.9360876
-0.8762017
-0.7594764
-0.6139065
-0.4686716
-0.3454187
-0.2517885
-0.1844323
-0.1385690
-0.1106076
-0.0937347
-0.0795594
-0.0654594
-0.0542029
-0.0466189
-0.0408026
-0.0369075
-0.0353966
-0.0321553
-0.0231108
-0.0124848
-0.0089678
-0.0145114
-0.0231304
-0.0292063
-0.0315646
-0.0319960
-0.0346594
-0.0430260
-0.0526114
-0.0520735
-0.0372600
-0.0188659
-0.0104159
-0.0139040
-0.0223263
-0.0300341
-0.0348066
-0.0357485
-0.0351986
-0.0380239
-0.0445961
-0.0490313
-0.0469840
-0.0398693
-0.0304214
-0.0211159
-0.0173915
-0.0234803
-0.0334960
-0.0356161
-0.0271597
-0.0173294
-0.0135371
-0.0130570
-0.0094501
0.0000772
0.0140161
0.0264201
0.0284952
0.0172328
0.0004018
-0.0138635
-0.0288103
-0.0524869
-0.0833403
-0.1111552
-0.1294792
-0.1396866
-0.1463807
-0.1556569
-0.1732845
-0.1975479
-0.2183977
-0.2295782
-0.2359991
-0.2437815
-0.2500663
-0.2487068
-0.2390990
-0.2236326
-0.2033306
-0.1810955
-0.1621502
-0.1468228
-0.1299528
-0.1105396
-0.0941426
-0.0834636
-0.0751326
-0.0674338
-0.0618935
-0.0560886
-0.0451318
-0.0318554
-0.0255349
-0.0289152
-0.0354255
-0.0395492
-0.0411911
-0.0406382
-0.0381838
-0.0373443
-0.0400908
-0.0417325
-0.0387802
-0.0372268
-0.0435691
-0.0526369
-0.0545061
-0.0489638
-0.0434967
-0.0415228
-0.0413674
-0.0418583
-0.0411295
-0.0356272
-0.0270554
-0.0233948
-0.0269464
-0.0294691
-0.0248895
-0.0177237
-0.0134184
-0.0103601
-0.0069826
-0.0063262
-0.0078881
-0.0051188
0.0038134
0.0122902
0.0158580
0.0169406
0.0170271
0.0146393
0.0120867
0.0132187
0.0143986
0.0093333
0.0021366
0.0032597
0.0132660
0.0226979
0.0265467
0.0271579
0.0253730
0.0206128
0.0166831
0.0163676
0.0144723
0.0068510
0.0005762
0.0042376
0.0144416
0.0223107
0.0261309
0.0278037
0.0254434
0.0194857
0.0170451
0.0206722
0.0222753
0.0167504
0.0112199
0.0127779
0.0180812
0.0221998
0.0261143
0.0292903
0.0273232
0.0224007
0.0231509
0.0296460
0.0319584
0.0269292
0.0224029
0.0225858
0.0236883
0.0251991
0.0303172
0.0348784
0.0313628
0.0235853
0.0221678
0.0268954
0.0285864
0.0256394
0.0237921
0.0235751
0.0226680
0.0250426
0.0331513
0.0381520
0.0325878
0.0246043
0.0251644
0.0304389
0.0309125
0.0275983
0.0257108
0.0236518
0.0210422
0.0250948
0.0368281
0.0443090
0.0407009
0.0348406
0.0344343
0.0346484
0.0319329
0.0317707
0.0346022
0.0321626
0.0249901
0.0249254
0.0341765
0.0408382
0.0395785
0.0373616
0.0362744
0.0311929
0.0254509
0.0275500
0.0326368
0.0287986
0.0197961
0.0196728
0.0283211
0.0342712
0.0362743
0.0400817
0.0412571
0.0337472
0.0268484
0.0313949
0.0390899
0.0368178
0.0294584
0.0281200
0.0301094
0.0302194
0.0349141
0.0458271
0.0482241
0.0352064
0.0231393
0.0249162
0.0298217
0.0266422
0.0227690
0.0246371
0.0246328
0.0215386
0.0270172
0.0396357
0.0411809
0.0290485
0.0220886
0.0264798
0.0279301
0.0231618
0.0247237
0.0308485
0.0265235
0.0164756
0.0203425
0.0354488
0.0413877
0.0376868
0.0390561
0.0410965
0.0305561
0.0189701
0.0250478
0.0368325
0.0323530
0.0209604
0.0230100
0.0296346
0.0244543
0.0201468
0.0313324
0.0399844
0.0294372
0.0195408
0.0273380
0.0315523
0.0165920
0.0075962
0.0212255
0.0306830
0.0192075
0.0139334
0.0285521
0.0328985
0.0160372
0.0125408
0.0315893
0.0340884
0.0121062
0.0086625
0.0296391
0.0281072
0.0024543
0.0070820
0.0415612
0.0436254
0.0131475
0.0151547
0.0434127
0.0271931
-0.0138482
0.0083302
0.0624928
0.0333349
-0.0408020
-0.0080316
0.0869067
0.0318174
-0.1222710
0.0027837
0.5505841
