0.0581402
0.0298312
0.0479392
0.0598067
0.0488091
0.0398375
0.0442173
0.0513166
0.0646347
0.1001416
0.1529423
0.2065403
0.2749377
0.3968447
0.5776982
0.7601111
0.8576443
0.8063178
0.5947286
0.2718983
-0.0723838
-0.3570059
-0.5498861
-0.6590371
-0.6971315
-0.6700952
-0.5903312
-0.4798550
-0.3596306
-0.2465159
-0.1556065
-0.0930483
-0.0500375
-0.0144269
0.0149583
0.0329232
0.0405344
0.0443925
0.0482489
0.0526087
0.0577835
0.0616956
0.0603845
0.0555235
0.0549394
0.0612205
0.0668773
0.0653527
0.0598274
0.0565260
0.0557645
0.0539829
0.0492874
0.0419954
0.0347752
0.0336013
0.0424581
0.0558134
0.0625865
0.0588644
0.0509921
0.0456303
0.0427777
0.0390790
0.0322758
0.0219315
0.0105856
0.0035871
0.0028645
0.0019755
-0.0075661
-0.0260707
-0.0462710
-0.0625291
-0.0750872
-0.0870769
-0.1016674
-0.1204011
-0.1406433
-0.1568358
-0.1674447
-0.1777124
-0.1921984
-0.2078825
-0.2183150
-0.2215949
-0.2206677
-0.2182757
-0.2146637
-0.2081488
-0.1960769
-0.1778586
-0.1582406
-0.1440487
-0.1362811
-0.1290070
-0.1174029
-0.1032321
-0.0910763
-0.0826116
-0.0757327
-0.0662577
-0.0501493
-0.0275592
-0.0050007
0.0100442
0.0171509
0.0226937
0.0319049
0.0443503
0.0567404
0.0667390
0.0740228
0.0802403
0.0874440
0.0945271
0.0969356
0.0926832
0.0867983
0.0864120
0.0925322
0.0995685
0.1021062
0.0999777
0.0978008
0.1010831
0.1109457
0.1211386
0.1225635
0.1126547
0.0983658
0.0885466
0.0856460
0.0859890
0.0852138
0.0816170
0.0766522
0.0739443
0.0758908
0.0801104
0.0813443
0.0778389
0.0738045
0.0746281
0.0811161
0.0886150
0.0905350
0.0838598
0.0735725
0.0704758
0.0813818
0.1017446
0.1206030
0.1318863
0.1376408
0.1410858
0.1411020
0.1349558
0.1232173
0.1093532
0.0951360
0.0785848
0.0582778
0.0395606
0.0324782
0.0391238
0.0457931
0.0365694
0.0172656
0.0164286
0.0534238
0.1103096
0.1489983
0.1619121
0.1961736
0.3118386
0.5070897
0.6886505
0.7293427
0.5673213
0.2539235
-0.0941000
-0.3855940
-0.5997008
-0.7556609
-0.8605466
-0.8964285
-0.8491896
-0.7347652
-0.5922095
-0.4560838
-0.3399523
-0.2439799
-0.1705902
-0.1263995
-0.1102632
-0.1071070
-0.0988415
-0.0796324
-0.0574205
-0.0424952
-0.0381475
-0.0408832
-0.0449747
-0.0457937
-0.0418058
-0.0352941
-0.0304520
-0.0299079
-0.0326629
-0.0347000
-0.0318778
-0.0238593
-0.0154336
-0.0120235
-0.0133234
-0.0135191
-0.0087079
-0.0018408
0.0012469
-0.0009248
-0.0038028
-0.0014977
0.0076995
0.0196528
0.0278552
0.0295335
0.0283568
0.0300088
0.0354481
0.0401228
0.0396356
0.0345306
0.0295714
0.0296835
0.0360549
0.0444091
0.0475249
0.0415459
0.0300119
0.0202318
0.0157396
0.0136046
0.0089414
0.0007597
-0.0066613
-0.0075268
-0.0001466
0.0105751
0.0170171
0.0157504
0.0097689
0.0039422
0.0002715
-0.0017655
-0.0028420
-0.0038696
-0.0068373
-0.0130360
-0.0205575
-0.0250563
-0.0234361
-0.0167344
-0.0096854
-0.0070234
-0.0091424
-0.0116787
-0.0106560
-0.0076022
-0.0076884
-0.0127362
-0.0180150
-0.0166932
-0.0064560
0.0083125
0.0197709
0.0223877
0.0172940
0.0113567
0.0108465
0.0157141
0.0205765
0.0207855
0.0166760
0.0125799
0.0127813
0.0178081
0.0235874
0.0248747
0.0205735
0.0150338
0.0131434
0.0149300
0.0161222
0.0134150
0.0080834
0.0046181
0.0062736
0.0115737
0.0152492
0.0135569
0.0085292
0.0055964
0.0072553
0.0113373
0.0159931
0.0235007
0.0366773
0.0526481
0.0629868
0.0614355
0.0512043
0.0436435
0.0485280
0.0652541
0.0843033
0.0972000
0.1029529
0.1040554
0.0998591
0.0881563
0.0721109
0.0602626
0.0572149
0.0571783
0.0500567
0.0334253
0.0156241
0.0057108
0.0023929
-0.0035253
-0.0146799
-0.0187479
0.0011516
0.0488988
0.1144107
0.1927355
0.2975539
0.4455476
0.6227024
0.7692210
0.8051668
0.6801030
0.4071321
0.0553628
-0.2902029
-0.5685468
-0.7564056
-0.8569740
-0.8827200
-0.8466670
-0.7620721
-0.6444992
-0.5128671
-0.3878741
-0.2868136
-0.2173318
-0.1755355
-0.1505126
-0.1315343
-0.1130311
-0.0953239
-0.0816919
-0.0741757
-0.0716144
-0.0713147
-0.0715918
-0.0720205
-0.0721442
-0.0711318
-0.0683514
-0.0634983
-0.0566869
-0.0491629
-0.0431786
-0.0400410
-0.0385452
-0.0361389
-0.0315758
-0.0262491
-0.0233590
-0.0255440
-0.0319293
-0.0370426
-0.0342434
-0.0217540
-0.0049856
0.0079485
0.0129887
0.0124395
0.0113915
0.0124043
0.0134691
0.0110398
0.0049683
-0.0004841
-0.0014026
0.0008915
0.0012668
-0.0032151
-0.0104040
-0.0163485
-0.0199170
-0.0234402
-0.0296889
-0.0388822
-0.0482178
-0.0538521
-0.0534030
-0.0468588
-0.0359140
-0.0235702
-0.0140421
-0.0107196
-0.0126112
-0.0139889
-0.0095281
0.0002065
0.0095015
0.0136359
0.0134137
0.0135977
0.0175409
0.0236670
0.0272710
0.0258237
0.0220122
0.0208480
0.0241725
0.0291358
0.0319158
0.0315218
0.0297545
0.0289696
0.0306058
0.0346675
0.0395466
0.0429068
0.0437039
0.0434113
0.0449065
0.0498355
0.0565881
0.0608021
0.0589104
0.0521981
0.0467750
0.0482505
0.0562828
0.0649413
0.0682317
0.0648818
0.0584991
0.0540705
0.0538689
0.0556415
0.0548276
0.0493757
0.0424302
0.0396933
0.0440050
0.0526355
0.0597112
0.0613027
0.0585856
0.0560661
0.0564026
0.0576531
0.0569352
0.0563140
0.0624112
0.0784270
0.0977808
0.1080611
0.1023781
0.0866564
0.0753785
0.0796643
0.0987450
0.1223057
0.1402916
0.1497098
0.1527787
0.1514840
0.1461972
0.1380413
0.1290653
0.1192768
0.1061226
0.0888744
0.0721576
0.0624289
0.0602776
0.0583293
0.0495809
0.0383614
0.0403215
0.0684721
0.1199937
0.1811259
0.2470499
0.3324657
0.4548834
0.6031368
0.7239792
0.7456216
0.6227588
0.3675170
0.0429235
-0.2732745
-0.5251369
-0.6916704
-0.7764979
-0.7912262
-0.7470344
-0.6556749
-0.5331200
-0.4002021
-0.2785682
-0.1837009
-0.1196509
-0.0799420
-0.0541122
-0.0344223
-0.0181312
-0.0055565
0.0029717
0.0087054
0.0138155
0.0194742
0.0248419
0.0280934
0.0282031
0.0256978
0.0222854
0.0200077
0.0199161
0.0209454
0.0208799
0.0193343
0.0191191
0.0233502
0.0312250
0.0378384
0.0389555
0.0358852
0.0351569
0.0426153
0.0571278
0.0704051
0.0741608
0.0679034
0.0590806
0.0553766
0.0576410
0.0605828
0.0592444
0.0537902
0.0483493
0.0461371
0.0460933
0.0442007
0.0378340
0.0283539
0.0192492
0.0123732
0.0066159
-0.0002608
-0.0093479
-0.0196991
-0.0285269
-0.0323370
-0.0291985
-0.0206950
-0.0112619
-0.0049949
-0.0027343
-0.0018576
0.0012451
0.0080081
0.0164784
0.0234038
0.0277193
0.0315595
0.0375742
0.0457895
0.0535213
0.0578986
0.0580802
0.0555874
0.0531158
0.0527196
0.0545290
0.0571674
0.0595216
0.0619155
0.0655288
0.0709470
0.0772364
0.0821869
0.0838901
0.0828479
0.0822251
0.0847903
0.0893157
0.0911936
0.0876167
0.0817337
0.0805773
0.0881834
0.1007171
0.1089896
0.1067070
0.0965429
0.0874161
0.0854012
0.0881064
0.0886136
0.0838865
0.0777304
0.0756482
0.0784561
0.0818865
0.0817656
0.0784646
0.0759503
0.0770635
0.0806048
0.0832224
0.0831404
0.0811281
0.0788219
0.0781495
0.0822748
0.0940196
0.1109299
0.1234379
0.1217818
0.1066679
0.0914653
0.0911275
0.1081925
0.1311900
0.1477732
0.1573933
0.1679945
0.1810900
0.1858508
0.1723190
0.1474054
0.1304894
0.1308635
0.1351232
0.1227068
0.0920082
0.0640083
0.0574943
0.0667229
0.0708514
0.0638830
0.0654371
0.0959654
0.1484651
0.1979493
0.2416789
0.3164757
0.4591760
0.6457434
0.7798055
0.7549103
0.5365949
0.1883584
-0.1776844
-0.4739453
-0.6712399
-0.7801341
-0.8163434
-0.7872936
-0.7012534
-0.5766591
-0.4386964
-0.3100442
-0.2058114
-0.1326114
-0.0879532
-0.0617142
-0.0428282
-0.0269777
-0.0169701
-0.0150120
-0.0163339
-0.0125978
-0.0014586
0.0097813
0.0121284
0.0057677
0.0004848
0.0043607
0.0140481
0.0184815
0.0117711
0.0002814
-0.0038630
0.0048059
0.0199773
0.0301507
0.0292740
0.0207696
0.0121201
0.0070306
0.0036950
-0.0002566
-0.0032740
-0.0014317
0.0064259
0.0164132
0.0227299
0.0226598
0.0184686
0.0146737
0.0135488
0.0132298
0.0100496
0.0023045
-0.0085442
-0.0198169
-0.0298591
-0.0384157
-0.0457926
-0.0522400
-0.0578331
-0.0625779
-0.0666724
-0.0705443
-0.0741777
-0.0762667
-0.0744706
-0.0670443
-0.0546030
-0.0405000
-0.0291629
-0.0231491
-0.0212565
-0.0199564
-0.0172599
-0.0148179
-0.0155262
-0.0193050
-0.0222430
-0.0204454
-0.0144104
-0.0090262
-0.0088635
-0.0134714
-0.0178089
-0.0177598
-0.0147308
-0.0136961
-0.0165814
-0.0189748
-0.0146859
-0.0032861
0.0081086
0.0112481
0.0047143
-0.0049917
-0.0104614
-0.0110197
-0.0125980
-0.0199335
-0.0301152
-0.0351781
-0.0308120
-0.0210377
-0.0137109
-0.0124470
-0.0140482
-0.0135151
-0.0101852
-0.0079029
-0.0094185
-0.0121142
-0.0107624
-0.0044344
0.0010435
-0.0011304
-0.0110793
-0.0218445
-0.0269402
-0.0272155
-0.0292211
-0.0369525
-0.0462010
-0.0479332
-0.0373466
-0.0189970
-0.0026599
0.0051679
0.0048933
0.0000057
-0.0077885
-0.0180670
-0.0274915
-0.0287325
-0.0155120
0.0106573
0.0389938
0.0556993
0.0534251
0.0361188
0.0149655
-0.0010164
-0.0111557
-0.0205604
-0.0319717
-0.0411977
-0.0419478
-0.0352133
-0.0311886
-0.0383377
-0.0504647
-0.0492103
-0.0234809
0.0158631
0.0475502
0.0692231
0.1095374
0.2008894
0.3346103
0.4466212
0.4559353
0.3246336
0.0841751
-0.1936041
-0.4479251
-0.6537741
-0.8069120
-0.8994215
-0.9177428
-0.8605805
-0.7495882
-0.6182898
-0.4926824
-0.3841767
-0.2970847
-0.2356940
-0.2009461
-0.1841081
-0.1701761
-0.1503083
-0.1289437
-0.1163440
-0.1151916
-0.1173979
-0.1145005
-0.1082118
-0.1078507
-0.1177236
-0.1297670
-0.1307207
-0.1163419
-0.0968547
-0.0871871
-0.0922978
-0.1033459
-0.1081998
-0.1037650
-0.0965082
-0.0922811
-0.0889349
-0.0805838
-0.0672768
-0.0571308
-0.0575551
-0.0661198
-0.0727284
-0.0711385
-0.0658239
-0.0652775
-0.0699249
-0.0704571
-0.0597045
-0.0434417
-0.0357595
-0.0435076
-0.0583332
-0.0662122
-0.0634152
-0.0600456
-0.0671196
-0.0828718
-0.0948152
-0.0948235
-0.0885137
-0.0874063
-0.0940018
-0.0987672
-0.0927709
-0.0797541
-0.0721044
-0.0754657
-0.0811137
-0.0760119
-0.0589454
-0.0432674
-0.0422483
-0.0537496
-0.0622825
-0.0563610
-0.0411350
-0.0319678
-0.0369081
-0.0482221
-0.0517020
-0.0421802
-0.0280916
-0.0215348
-0.0260008
-0.0347031
-0.0394494
-0.0388923
-0.0375137
-0.0383215
-0.0388202
-0.0345686
-0.0252265
-0.0157622
-0.0117444
-0.0140785
-0.0185371
-0.0202678
-0.0186640
-0.0176741
-0.0210728
-0.0275554
-0.0311904
-0.0272809
-0.0175662
-0.0089890
-0.0070760
-0.0109332
-0.0152341
-0.0168365
-0.0182029
-0.0232588
-0.0305199
-0.0324507
-0.0230965
-0.0056371
0.0092986
0.0132436
0.0069864
-0.0019905
-0.0075771
-0.0090046
-0.0073813
-0.0010321
0.0130787
0.0331548
0.0503238
0.0553988
0.0485648
0.0409246
0.0450099
0.0635616
0.0877601
0.1058080
0.1125443
0.1113562
0.1085681
0.1071792
0.1054409
0.0998480
0.0886051
0.0729005
0.0560929
0.0417734
0.0314547
0.0235522
0.0157276
0.0094308
0.0112107
0.0272728
0.0564240
0.0913722
0.1303104
0.1866342
0.2818452
0.4219753
0.5770757
0.6853830
0.6840962
0.5454086
0.2919000
-0.0170480
-0.3145429
-0.5511259
-0.7044360
-0.7749157
-0.7748622
-0.7185130
-0.6186447
-0.4901309
-0.3543680
-0.2366785
-0.1557144
-0.1135364
-0.0964457
-0.0869107
-0.0759405
-0.0651460
-0.0588454
-0.0564608
-0.0531971
-0.0462225
-0.0377328
-0.0316317
-0.0289410
-0.0276605
-0.0262193
-0.0253986
-0.0265822
-0.0292961
-0.0314157
-0.0314068
-0.0293739
-0.0257728
-0.0202037
-0.0125713
-0.0050597
-0.0013655
-0.0030033
-0.0070753
-0.0089334
-0.0070853
-0.0044250
-0.0041533
-0.0054234
-0.0042666
0.0010989
0.0070514
0.0077107
0.0011206
-0.0088007
-0.0169923
-0.0229617
-0.0304030
-0.0412494
-0.0519374
-0.0571256
-0.0566506
-0.0570202
-0.0650153
-0.0804228
-0.0961403
-0.1054733
-0.1083087
-0.1094257
-0.1115044
-0.1113879
-0.1038714
-0.0881750
-0.0694292
-0.0538797
-0.0436663
-0.0365367
-0.0295617
-0.0220734
-0.0152463
-0.0098966
-0.0052202
0.0006720
0.0093145
0.0205512
0.0319160
0.0394323
0.0401602
0.0350189
0.0289332
0.0271298
0.0306950
0.0361432
0.0396636
0.0412377
0.0439486
0.0496998
0.0568113
0.0622543
0.0652938
0.0677216
0.0705183
0.0716629
0.0685932
0.0627305
0.0600245
0.0655439
0.0774950
0.0877550
0.0892443
0.0826566
0.0753598
0.0736303
0.0765626
0.0781067
0.0747853
0.0703466
0.0718542
0.0812995
0.0922672
0.0959591
0.0903234
0.0821374
0.0795914
0.0837189
0.0884548
0.0891886
0.0895829
0.0979436
0.1164680
0.1357948
0.1424290
0.1323531
0.1164392
0.1114272
0.1254216
0.1521183
0.1780398
0.1939339
0.1994014
0.1989315
0.1959182
0.1904897
0.1809429
0.1657924
0.1454432
0.1236652
0.1069642
0.0997692
0.0988297
0.0947288
0.0825450
0.0711600
0.0781610
0.1125843
0.1648715
0.2189108
0.2753536
0.3575908
0.4864652
0.6447727
0.7691147
0.7835305
0.6491224
0.3886464
0.0694325
-0.2355662
-0.4767695
-0.6333348
-0.7041839
-0.6990479
-0.6340236
-0.5285193
-0.4021220
-0.2731805
-0.1589063
-0.0734976
-0.0230390
-0.0017682
0.0047096
0.0102262
0.0203948
0.0325138
0.0414054
0.0447805
0.0442582
0.0433172
0.0450009
0.0503540
0.0575956
0.0628704
0.0630543
0.0585966
0.0532706
0.0506275
0.0509122
0.0519559
0.0528210
0.0554630
0.0620628
0.0712890
0.0784958
0.0801868
0.0776085
0.0750573
0.0748120
0.0747999
0.0718703
0.0666689
0.0639085
0.0671347
0.0738160
0.0767870
0.0711416
0.0592696
0.0483381
0.0427353
0.0397161
0.0330594
0.0206096
0.0071956
-0.0004046
-0.0008740
0.0000697
-0.0043595
-0.0150587
-0.0264898
-0.0326995
-0.0329950
-0.0312457
-0.0301885
-0.0275376
-0.0183276
-0.0008531
0.0203105
0.0375598
0.0466739
0.0501661
0.0544369
0.0635472
0.0755423
0.0847028
0.0873802
0.0856403
0.0851183
0.0892879
0.0960548
0.1002638
0.0994672
0.0966457
0.0967325
0.1007015
0.1040137
0.1015937
0.0940590
0.0880892
0.0900379
0.0994144
0.1092249
0.1128132
0.1099291
0.1058943
0.1054324
0.1082243
0.1106407
0.1108546
0.1110676
0.1144827
0.1209299
0.1264090
0.1270699
0.1230735
0.1181269
0.1154878
0.1150174
0.1143197
0.1122715
0.1107476
0.1125998
0.1181450
0.1239755
0.1254657
0.1207002
0.1123239
0.1058524
0.1059800
0.1136653
0.1256991
0.1366270
0.1418208
0.1402275
0.1353726
0.1337313
0.1410399
0.1587822
0.1832307
0.2075089
0.2249070
0.2313776
0.2266313
0.2142258
0.2003181
0.1903356
0.1849346
0.1792379
0.1676858
0.1505808
0.1347842
0.1265264
0.1242306
0.1209303
0.1147715
0.1147140
0.1326469
0.1703194
0.2185768
0.2728052
0.3457709
0.4562073
0.5974346
0.7181562
0.7430034
0.6229503
0.3734667
0.0665694
-0.2154919
-0.4245057
-0.5554147
-0.6231017
-0.6364440
-0.5936637
-0.4967418
-0.3645268
-0.2292968
-0.1201074
-0.0483460
-0.0069469
0.0185211
0.0379749
0.0534395
0.0640456
0.0716631
0.0804543
0.0915569
0.1001439
0.0995288
0.0886076
0.0744307
0.0664963
0.0682685
0.0745339
0.0771133
0.0728366
0.0657570
0.0620310
0.0635045
0.0667372
0.0677676
0.0668292
0.0678973
0.0739267
0.0830694
0.0897297
0.0892518
0.0816787
0.0712716
0.0626354
0.0572852
0.0536547
0.0499401
0.0464577
0.0449623
0.0457360
0.0457920
0.0406616
0.0285542
0.0127402
-0.0007902
-0.0085280
-0.0122170
-0.0161943
-0.0222996
-0.0281828
-0.0308626
-0.0311104
-0.0331238
-0.0394784
-0.0471322
-0.0494552
-0.0425239
-0.0288710
-0.0145253
-0.0027314
0.0085309
0.0226613
0.0390762
0.0528086
0.0595107
0.0599996
0.0591107
0.0602151
0.0617130
0.0595966
0.0532097
0.0473979
0.0480329
0.0554619
0.0631997
0.0637382
0.0556305
0.0445715
0.0375063
0.0359445
0.0352334
0.0302225
0.0211523
0.0135100
0.0121158
0.0159715
0.0195676
0.0191795
0.0170320
0.0184207
0.0247125
0.0301836
0.0271167
0.0145775
0.0012439
-0.0020894
0.0064406
0.0169245
0.0169549
0.0038741
-0.0128097
-0.0212252
-0.0184554
-0.0115319
-0.0081689
-0.0085366
-0.0072437
-0.0020265
0.0023627
0.0001936
-0.0071219
-0.0118583
-0.0095966
-0.0056980
-0.0095842
-0.0225883
-0.0338496
-0.0301554
-0.0094522
0.0168929
0.0353222
0.0418809
0.0419590
0.0404617
0.0358217
0.0245492
0.0082675
-0.0074623
-0.0205312
-0.0343606
-0.0509918
-0.0656654
-0.0723584
-0.0732317
-0.0766958
-0.0837256
-0.0817147
-0.0594004
-0.0268500
-0.0099224
-0.0160680
-0.0102077
0.0602371
0.2050978
0.3584184
0.4163141
0.3165985
0.0847084
-0.1953729
-0.4498141
-0.6540302
-0.8146653
-0.9303706
-0.9806720
-0.9493144
-0.8473665
-0.7084523
-0.5659888
-0.4397808
-0.3401930
-0.2743875
-0.2424366
-0.2316699
-0.2232357
-0.2076911
-0.1916426
-0.1865738
-0.1927855
-0.1977084
-0.1904713
-0.1750068
-0.1659339
-0.1720518
-0.1865025
-0.1942695
-0.1878176
-0.1736907
-0.1642974
-0.1651072
-0.1706308
-0.1717696
-0.1655088
-0.1569450
-0.1526206
-0.1531210
-0.1529231
-0.1471171
-0.1371243
-0.1290456
-0.1268181
-0.1281572
-0.1279219
-0.1249405
-0.1240879
-0.1304780
-0.1419122
-0.1487835
-0.1430158
-0.1270447
-0.1127306
-0.1106906
-0.1210913
-0.1352195
-0.1452036
-0.1508226
-0.1565689
-0.1636122
-0.1669001
-0.1611418
-0.1483987
-0.1374909
-0.1349678
-0.1379381
-0.1375323
-0.1293696
-0.1188843
-0.1151117
-0.1198605
-0.1246460
-0.1191935
-0.1024395
-0.0840350
-0.0747041
-0.0760669
-0.0808605
-0.0824039
-0.0817093
-0.0841487
-0.0905362
-0.0941545
-0.0878808
-0.0732954
-0.0608919
-0.0603257
-0.0709251
-0.0827582
-0.0870465
-0.0843966
-0.0820783
-0.0843221
-0.0873532
-0.0846475
-0.0756226
-0.0673044
-0.0670384
-0.0745183
-0.0819391
-0.0820347
-0.0753108
-0.0688830
-0.0685781
-0.0730994
-0.0762203
-0.0737722
-0.0674218
-0.0618283
-0.0594284
-0.0589164
-0.0583739
-0.0585410
-0.0619355
-0.0688209
-0.0752210
-0.0760400
-0.0699558
-0.0600872
-0.0495919
-0.0381118
-0.0241128
-0.0101775
-0.0035281
-0.0092037
-0.0226163
-0.0304585
-0.0208477
0.0063883
0.0392479
0.0632416
0.0716695
0.0675265
0.0576755
0.0468578
0.0364323
0.0261362
0.0154261
0.0039795
-0.0076225
-0.0177593
-0.0253579
-0.0315916
-0.0385059
-0.0448780
-0.0445189
-0.0310412
-0.0048954
0.0271830
0.0633939
0.1171556
0.2101929
0.3477899
0.4973938
0.5944535
0.5766523
0.4216236
0.1598744
-0.1440483
-0.4247868
-0.6401077
-0.7748698
-0.8314918
-0.8197739
-0.7529582
-0.6480557
-0.5253739
-0.4049961
-0.3018228
-0.2224355
-0.1659903
-0.1282066
-0.1047378
-0.0913417
-0.0827445
-0.0739736
-0.0638561
-0.0558472
-0.0536041
-0.0556712
-0.0558638
-0.0496114
-0.0390539
-0.0305605
-0.0272172
-0.0253375
-0.0196542
-0.0109164
-0.0057751
-0.0081800
-0.0129713
-0.0106070
0.0018438
0.0167074
0.0238663
0.0216240
0.0177006
0.0195978
0.0259223
0.0287880
0.0241692
0.0175976
0.0181199
0.0275853
0.0380803
0.0405508
0.0343625
0.0268994
0.0243846
0.0249016
0.0212588
0.0099529
-0.0039600
-0.0115316
-0.0092157
-0.0028297
-0.0018729
-0.0102638
-0.0231444
-0.0323385
-0.0338265
-0.0295550
-0.0230574
-0.0148495
-0.0027680
0.0137703
0.0312258
0.0447462
0.0533364
0.0608991
0.0712963
0.0832342
0.0914705
0.0931315
0.0915338
0.0928973
0.0997337
0.1083320
0.1129431
0.1118729
0.1088048
0.1081881
0.1103313
0.1119946
0.1113455
0.1106998
0.1135301
0.1197127
0.1251144
0.1260780
0.1235477
0.1221638
0.1252554
0.1310672
0.1344667
0.1326727
0.1288103
0.1289423
0.1354826
0.1443086
0.1488733
0.1467798
0.1417836
0.1394031
0.1410769
0.1431039
0.1414061
0.1367128
0.1340227
0.1367007
0.1422215
0.1449016
0.1425069
0.1389477
0.1401416
0.1480079
0.1589806
0.1678534
0.1723645
0.1740977
0.1758082
0.1789711
0.1842617
0.1932820
0.2079225
0.2272035
0.2456890
0.2564906
0.2566230
0.2496055
0.2426821
0.2406865
0.2415225
0.2376338
0.2232140
0.2008138
0.1800162
0.1684017
0.1641507
0.1590796
0.1496178
0.1434367
0.1531877
0.1835364
0.2272701
0.2775777
0.3432694
0.4450733
0.5888036
0.7394235
0.8263151
0.7832606
0.5928627
0.2993197
-0.0191088
-0.2936635
-0.4916357
-0.6123279
-0.6655573
-0.6560471
-0.5852486
-0.4631515
-0.3147464
-0.1732702
-0.0651786
0.0014214
0.0362561
0.0555071
0.0697041
0.0807460
0.0878633
0.0932176
0.1002741
0.1085311
0.1129956
0.1102188
0.1037782
0.1020168
0.1095744
0.1217394
0.1283628
0.1239076
0.1130703
0.1058827
0.1077317
0.1149517
0.1197626
0.1182771
0.1134200
0.1110586
0.1141004
0.1201993
0.1247819
0.1260405
0.1265805
0.1299569
0.1361708
0.1414412
0.1424314
0.1398999
0.1376222
0.1378358
0.1382515
0.1341902
0.1240578
0.1122052
0.1052657
0.1053264
0.1075601
0.1051754
0.0961097
0.0842977
0.0750277
0.0700473
0.0672066
0.0641445
0.0617900
0.0639600
0.0732286
0.0872680
0.0998464
0.1059341
0.1059892
0.1054052
0.1098623
0.1207476
0.1344647
0.1462134
0.1547095
0.1627967
0.1729168
0.1827016
0.1864724
0.1813963
0.1711196
0.1626006
0.1596991
0.1603101
0.1595371
0.1551075
0.1493237
0.1458374
0.1452734
0.1448419
0.1419592
0.1369765
0.1319712
0.1281287
0.1253172
0.1233376
0.1221960
0.1214515
0.1207953
0.1217457
0.1275522
0.1398759
0.1551147
0.1650811
0.1631784
0.1509082
0.1373987
0.1310570
0.1317492
0.1323125
0.1275191
0.1197225
0.1149313
0.1150014
0.1157284
0.1126633
0.1071956
0.1055161
0.1114747
0.1214295
0.1271783
0.1239549
0.1147188
0.1067056
0.1053472
0.1121747
0.1262728
0.1445799
0.1607650
0.1672745
0.1615254
0.1497279
0.1418433
0.1407996
0.1375847
0.1198449
0.0867250
0.0528923
0.0344471
0.0312812
0.0279008
0.0142446
0.0018055
0.0127727
0.0521990
0.0972926
0.1217662
0.1315855
0.1690063
0.2711067
0.4197491
0.5363646
0.5341549
0.3823226
0.1242604
-0.1618414
-0.4171886
-0.6230893
-0.7817318
-0.8892597
-0.9311897
-0.8989387
-0.8040888
-0.6742717
-0.5371788
-0.4100446
-0.3016432
-0.2184031
-0.1647514
-0.1387686
-0.1310132
-0.1294648
-0.1260595
-0.1195998
-0.1138731
-0.1129051
-0.1166109
-0.1202753
-0.1187105
-0.1114876
-0.1041573
-0.1039637
-0.1135207
-0.1278601
-0.1379353
-0.1382398
-0.1315796
-0.1258226
-0.1256955
-0.1284288
-0.1277185
-0.1210806
-0.1124558
-0.1077031
-0.1080592
-0.1085051
-0.1031354
-0.0921812
-0.0825038
-0.0799192
-0.0817425
-0.0787602
-0.0648416
-0.0430898
-0.0217854
-0.0054713
0.0086647
0.0259022
0.0467877
0.0655592
0.0753577
0.0738712
0.0633013
0.0462842
0.0244117
0.0010897
-0.0171524
-0.0251720
-0.0248347
-0.0241749
-0.0302499
-0.0433959
-0.0584384
-0.0704623
-0.0786304
-0.0846484
-0.0887739
-0.0891433
-0.0858520
-0.0840168
-0.0898832
-0.1031757
-0.1156336
-0.1193537
-0.1160361
-0.1158575
-0.1262305
-0.1426693
-0.1525493
-0.1486883
-0.1378678
-0.1336326
-0.1406925
-0.1497260
-0.1499422
-0.1440491
-0.1456014
-0.1602351
-0.1733064
-0.1597464
-0.1058438
-0.0192280
0.0822834
0.1879304
0.2958385
0.3963904
0.4570024
0.4296166
0.2796947
0.0134804
-0.3183464
-0.6423617
-0.8942231
-1.0427282
-1.0945150
-1.0779732
-1.0180484
-0.9218287
-0.7864053
-0.6191907
-0.4479899
-0.3084819
-0.2202025
-0.1744719
-0.1461600
-0.1171756
-0.0881643
-0.0689355
-0.0619354
-0.0586559
-0.0506501
-0.0391274
-0.0314783
-0.0307687
-0.0316418
-0.0266389
-0.0148641
-0.0033762
-0.0000401
-0.0054679
-0.0125554
-0.0138814
-0.0086654
-0.0021132
0.0008922
0.0003340
0.0000243
0.0032922
0.0096321
0.0150018
0.0157134
0.0124089
0.0095738
0.0106626
0.0145015
0.0171308
0.0163671
0.0137137
0.0123879
0.0142694
0.0183564
0.0216359
0.0219280
0.0204011
0.0208773
0.0261710
0.0352256
0.0439157
0.0485882
0.0493757
0.0505572
0.0567255
0.0672544
0.0751920
0.0735601
0.0629330
0.0510867
0.0445234
0.0416312
0.0351046
0.0204447
0.0012709
-0.0138205
-0.0195758
-0.0191440
-0.0203366
-0.0268653
-0.0344811
-0.0365343
-0.0322227
-0.0279389
-0.0306977
-0.0410004
-0.0518620
-0.0545575
-0.0463403
-0.0334225
-0.0256930
-0.0276394
-0.0348294
-0.0395694
-0.0389582
-0.0366167
-0.0374706
-0.0420754
-0.0460497
-0.0446189
-0.0376485
-0.0298985
-0.0259079
-0.0253439
-0.0245402
-0.0219906
-0.0204193
-0.0231232
-0.0297729
-0.0363785
-0.0384330
-0.0340128
-0.0251989
-0.0170983
-0.0144294
-0.0179243
-0.0237712
-0.0266967
-0.0242595
-0.0191915
-0.0171849
-0.0202429
-0.0215910
-0.0102384
0.0161667
0.0440780
0.0535974
0.0374862
0.0099880
-0.0045320
0.0074755
0.0380518
0.0666633
0.0791822
0.0781270
0.0753619
0.0774657
0.0803627
0.0765503
0.0636176
0.0450041
0.0259081
0.0104894
0.0004910
-0.0063696
-0.0155066
-0.0297195
-0.0435606
-0.0457120
-0.0292153
0.0013866
0.0371443
0.0828186
0.1658661
0.3176379
0.5348287
0.7564255
0.8850354
0.8422090
0.6156027
0.2638051
-0.1194941
-0.4523467
-0.6920241
-0.8326615
-0.8853098
-0.8617644
-0.7734162
-0.6386632
-0.4856171
-0.3449945
-0.2387303
-0.1727843
-0.1388832
-0.1235142
-0.1166915
-0.1136921
-0.1114447
-0.1070641
-0.1004575
-0.0949429
-0.0927668
-0.0913796
-0.0862409
-0.0768074
-0.0681356
-0.0661801
-0.0717442
-0.0791038
-0.0811922
-0.0768833
-0.0724304
-0.0744388
-0.0820399
-0.0876202
-0.0849451
-0.0750185
-0.0643266
-0.0590421
-0.0607361
-0.0659163
-0.0693701
-0.0689902
-0.0673434
-0.0679505
-0.0709271
-0.0734834
-0.0739427
-0.0738636
-0.0765507
-0.0843029
-0.0964185
-0.1092022
-0.1189931
-0.1259850
-0.1338396
-0.1446571
-0.1557394
-0.1625259
-0.1636432
-0.1619687
-0.1615306
-0.1639898
-0.1671778
-0.1666737
-0.1599604
-0.1492771
-0.1390589
-0.1304947
-0.1203013
-0.1051995
-0.0860101
-0.0669384
-0.0521034
-0.0427361
-0.0362704
-0.0282444
-0.0166663
-0.0044647
0.0038190
0.0075330
0.0106568
0.0173117
0.0277966
0.0385639
0.0449263
0.0447063
0.0407805
0.0392479
0.0435114
0.0507483
0.0553870
0.0551700
0.0526920
0.0521337
0.0556968
0.0620670
0.0671799
0.0676285
0.0642782
0.0612884
0.0609267
0.0611350
0.0591822
0.0558491
0.0545190
0.0571540
0.0619917
0.0644398
0.0604932
0.0509709
0.0421715
0.0401718
0.0444203
0.0491852
0.0513105
0.0537686
0.0606766
0.0709865
0.0785555
0.0780498
0.0709782
0.0663352
0.0736114
0.0932057
0.1147866
0.1270523
0.1281730
0.1250896
0.1243582
0.1261764
0.1259597
0.1188595
0.1033400
0.0828107
0.0635910
0.0496083
0.0394088
0.0293958
0.0191868
0.0128221
0.0153204
0.0283370
0.0491128
0.0764617
0.1213897
0.2081857
0.3533177
0.5342970
0.6816594
0.7118027
0.5791037
0.3062241
-0.0297885
-0.3429550
-0.5808372
-0.7348657
-0.8181453
-0.8386684
-0.7945866
-0.6891335
-0.5422023
-0.3855598
-0.2489830
-0.1492454
-0.0868920
-0.0511955
-0.0300545
-0.0166933
-0.0082381
-0.0019342
0.0038810
0.0074534
0.0065442
0.0033282
0.0034340
0.0101031
0.0208186
0.0291197
0.0293462
0.0218098
0.0141430
0.0147128
0.0234490
0.0321252
0.0348016
0.0343263
0.0368698
0.0439547
0.0524414
0.0592790
0.0636486
0.0665040
0.0697092
0.0739033
0.0767306
0.0754815
0.0714685
0.0690620
0.0706699
0.0754429
0.0818590
0.0879918
0.0904121
0.0871414
0.0810639
0.0763699
0.0724563
0.0655084
0.0553212
0.0463283
0.0422144
0.0428898
0.0460754
0.0491104
0.0505292
0.0521113
0.0571395
0.0646991
0.0693626
0.0692377
0.0700424
0.0773867
0.0887254
0.0969230
0.0987363
0.0964633
0.0941254
0.0944972
0.0967417
0.0955120
0.0866216
0.0748921
0.0712082
0.0798499
0.0934503
0.1018297
0.1010108
0.0931014
0.0832682
0.0777870
0.0792378
0.0826202
0.0812944
0.0764088
0.0747550
0.0782681
0.0820611
0.0820056
0.0780729
0.0715159
0.0647701
0.0620373
0.0639554
0.0647090
0.0605583
0.0570076
0.0604297
0.0670919
0.0682754
0.0622510
0.0539839
0.0473029
0.0438458
0.0446651
0.0471146
0.0463911
0.0450570
0.0524481
0.0689286
0.0806784
0.0772061
0.0647446
0.0561847
0.0578740
0.0713718
0.0957287
0.1218263
0.1369110
0.1402671
0.1419794
0.1437426
0.1370984
0.1227285
0.1116256
0.1038236
0.0878454
0.0650255
0.0503626
0.0453928
0.0368905
0.0260579
0.0283646
0.0409186
0.0469794
0.0582997
0.1062312
0.1751099
0.1959875
0.1375029
