0.0156725
0.0074698
0.0007774
0.0006559
0.0028612
0.0005227
-0.0047252
-0.0056960
-0.0015776
0.0006798
-0.0028060
-0.0068796
-0.0041507
0.0061203
0.0177283
0.0238529
0.0227319
0.0186256
0.0176390
0.0218626
0.0282485
0.0337389
0.0393303
0.0472028
0.0559909
0.0619666
0.0639424
0.0640649
0.0639852
0.0627754
0.0588810
0.0521405
0.0433258
0.0330617
0.0219345
0.0111250
0.0023532
-0.0032095
-0.0061818
-0.0082533
-0.0090005
-0.0042801
0.0099547
0.0328585
0.0619347
0.1032313
0.1739228
0.2868396
0.4273821
0.5464568
0.5818228
0.4951435
0.2971704
0.0421348
-0.2031703
-0.3914542
-0.5073011
-0.5588056
-0.5623602
-0.5325690
-0.4793979
-0.4097830
-0.3310634
-0.2531344
-0.1864489
-0.1372147
-0.1049395
-0.0849519
-0.0727361
-0.0655732
-0.0610823
-0.0560080
-0.0478018
-0.0374880
-0.0296570
-0.0280392
-0.0310208
-0.0328936
-0.0300177
-0.0244753
-0.0208789
-0.0209275
-0.0224985
-0.0230937
-0.0221268
-0.0197390
-0.0153298
-0.0086166
-0.0014642
0.0029092
0.0032725
0.0022961
0.0040416
0.0094288
0.0153176
0.0187002
0.0205317
0.0238920
0.0292157
0.0338044
0.0366248
0.0413031
0.0523790
0.0694230
0.0869726
0.1007498
0.1124002
0.1266670
0.1442994
0.1595573
0.1658695
0.1630539
0.1571598
0.1531088
0.1495055
0.1419598
0.1299728
0.1181808
0.1107741
0.1066625
0.1011640
0.0914344
0.0790313
0.0674094
0.0580879
0.0498685
0.0412093
0.0322487
0.0241332
0.0172158
0.0109077
0.0050290
0.0001743
-0.0035326
-0.0071348
-0.0117317
-0.0172234
-0.0227012
-0.0277135
-0.0325941
-0.0376823
-0.0426786
-0.0468823
-0.0499126
-0.0520319
-0.0535335
-0.0538050
-0.0516272
-0.0471704
-0.0434582
-0.0445568
-0.0513055
-0.0591438
-0.0612369
-0.0541840
-0.0396239
-0.0186111
0.0152875
0.0733462
0.1564147
0.2396544
0.2760478
0.2227648
0.0711108
-0.1457108
-0.3733938
-0.5667843
-0.7052562
-0.7870361
-0.8162649
-0.7979065
-0.7409053
-0.6591303
-0.5651142
-0.4640606
-0.3570226
-0.2500130
-0.1567789
-0.0901279
-0.0512523
-0.0294890
-0.0126712
0.0036073
0.0168274
0.0249842
0.0304810
0.0365706
0.0425559
0.0450492
0.0437597
0.0435807
0.0494015
0.0599774
0.0688450
0.0712904
0.0688841
0.0667436
0.0678523
0.0712968
0.0751104
0.0787686
0.0822867
0.0845151
0.0843348
0.0835909
0.0868851
0.0968124
0.1099379
0.1192233
0.1209375
0.1180858
0.1165245
0.1189479
0.1238311
0.1291847
0.1350745
0.1418890
0.1480456
0.1514562
0.1531240
0.1573976
0.1673467
0.1805127
0.1907185
0.1943881
0.1939503
0.1942852
0.1967438
0.1979072
0.1938658
0.1842791
0.1719521
0.1597555
0.1488748
0.1391669
0.1297418
0.1190554
0.1056464
0.0897314
0.0738292
0.0610521
0.0526071
0.0473739
0.0438811
0.0417491
0.0405418
0.0381904
0.0324382
0.0243525
0.0188521
0.0201365
0.0267732
0.0325252
0.0323859
0.0271397
0.0217727
0.0201934
0.0221403
0.0246523
0.0253105
0.0236476
0.0204189
0.0168380
0.0146087
0.0154316
0.0193925
0.0241329
0.0265785
0.0257477
0.0234400
0.0221404
0.0227290
0.0241930
0.0247820
0.0230688
0.0186761
0.0129703
0.0089403
0.0092995
0.0138757
0.0190874
0.0207973
0.0180989
0.0140282
0.0122642
0.0134486
0.0151938
0.0153154
0.0140679
0.0130105
0.0127607
0.0128197
0.0131162
0.0144914
0.0173487
0.0206249
0.0227387
0.0232812
0.0232284
0.0235280
0.0239999
0.0238570
0.0228917
0.0216498
0.0206158
0.0199150
0.0199614
0.0215489
0.0245437
0.0269806
0.0266333
0.0237490
0.0213468
0.0221991
0.0260271
0.0303489
0.0337331
0.0371953
0.0420880
0.0474984
0.0507816
0.0507086
0.0492274
0.0495930
0.0533194
0.0597370
0.0680810
0.0784878
0.0902335
0.1001438
0.1043745
0.1019851
0.0957936
0.0893201
0.0836795
0.0780835
0.0725721
0.0687073
0.0671160
0.0655480
0.0607790
0.0523958
0.0435044
0.0373275
0.0343991
0.0341998
0.0382898
0.0493988
0.0675303
0.0907798
0.1235462
0.1819995
0.2836423
0.4233879
0.5581044
0.6210241
0.5620185
0.3830580
0.1387510
-0.0984743
-0.2789725
-0.3915156
-0.4494800
-0.4682133
-0.4548403
-0.4130903
-0.3507916
-0.2799404
-0.2111211
-0.1501293
-0.0998636
-0.0631817
-0.0419974
-0.0339725
-0.0321601
-0.0295344
-0.0240007
-0.0184249
-0.0158582
-0.0155677
-0.0143133
-0.0110454
-0.0090832
-0.0125888
-0.0208938
-0.0274100
-0.0253138
-0.0144983
-0.0022863
0.0031097
-0.0003434
-0.0077795
-0.0127934
-0.0127475
-0.0093738
-0.0058086
-0.0041262
-0.0051549
-0.0090319
-0.0149749
-0.0211297
-0.0258239
-0.0291450
-0.0324739
-0.0362433
-0.0392207
-0.0408945
-0.0437128
-0.0511786
-0.0633066
-0.0754553
-0.0830587
-0.0870072
-0.0927296
-0.1035120
-0.1161541
-0.1246694
-0.1276751
-0.1300241
-0.1362322
-0.1439983
-0.1465420
-0.1412774
-0.1337113
-0.1310923
-0.1334817
-0.1335690
-0.1256855
-0.1128235
-0.1029319
-0.0992431
-0.0968765
-0.0899705
-0.0801124
-0.0749614
-0.0783579
-0.0844067
-0.0835415
-0.0736732
-0.0629068
-0.0604401
-0.0664586
-0.0726127
-0.0716830
-0.0646959
-0.0580355
-0.0554669
-0.0549712
-0.0529459
-0.0491100
-0.0458610
-0.0440628
-0.0416950
-0.0370179
-0.0313222
-0.0272354
-0.0251116
-0.0226456
-0.0181128
-0.0126840
-0.0089221
-0.0079031
-0.0087673
-0.0105569
-0.0130485
-0.0153262
-0.0147964
-0.0092469
-0.0002144
0.0067516
0.0063135
-0.0018177
-0.0123294
-0.0185604
-0.0175794
-0.0119887
-0.0075319
-0.0084822
-0.0140268
-0.0185858
-0.0165959
-0.0081370
0.0002362
0.0012965
-0.0055781
-0.0132560
-0.0135566
-0.0051592
0.0054109
0.0104853
0.0083881
0.0039650
0.0031327
0.0079428
0.0165274
0.0261046
0.0349271
0.0421061
0.0471381
0.0500633
0.0512576
0.0505243
0.0469492
0.0402947
0.0321100
0.0244900
0.0176631
0.0098628
0.0002635
-0.0088571
-0.0143224
-0.0162652
-0.0182138
-0.0218435
-0.0233488
-0.0178320
-0.0071189
0.0011253
0.0065532
0.0278329
0.0946697
0.2199599
0.3754871
0.4971200
0.5209028
0.4228870
0.2315328
0.0057094
-0.2005615
-0.3594054
-0.4668803
-0.5284449
-0.5483974
-0.5294942
-0.4776318
-0.4041290
-0.3232844
-0.2479957
-0.1868487
-0.1435162
-0.1172797
-0.1037865
-0.0964808
-0.0892470
-0.0793463
-0.0685181
-0.0609333
-0.0592350
-0.0619032
-0.0644063
-0.0632015
-0.0587258
-0.0543942
-0.0527701
-0.0530341
-0.0522544
-0.0486678
-0.0432234
-0.0379996
-0.0337123
-0.0292566
-0.0235839
-0.0174606
-0.0129072
-0.0109694
-0.0105103
-0.0094598
-0.0069403
-0.0036775
-0.0003729
0.0036595
0.0096521
0.0172756
0.0240117
0.0272050
0.0267903
0.0255519
0.0263057
0.0289842
0.0310202
0.0307486
0.0298479
0.0316960
0.0372464
0.0431613
0.0446761
0.0404389
0.0342040
0.0314095
0.0340047
0.0387603
0.0406793
0.0378730
0.0329907
0.0301874
0.0311593
0.0341208
0.0360088
0.0351148
0.0317477
0.0270798
0.0218835
0.0162728
0.0101820
0.0038212
-0.0021715
-0.0067954
-0.0091047
-0.0091069
-0.0084520
-0.0097092
-0.0142188
-0.0204876
-0.0251701
-0.0260857
-0.0242862
-0.0229593
-0.0242361
-0.0271153
-0.0284636
-0.0259334
-0.0199756
-0.0133437
-0.0089428
-0.0079852
-0.0095438
-0.0113171
-0.0110273
-0.0078826
-0.0032130
0.0005632
0.0021352
0.0026306
0.0045396
0.0091470
0.0150791
0.0194350
0.0202815
0.0180567
0.0148056
0.0124116
0.0116313
0.0124047
0.0144634
0.0173827
0.0203894
0.0226388
0.0238331
0.0243694
0.0247496
0.0249609
0.0245889
0.0235504
0.0226165
0.0230609
0.0256264
0.0297850
0.0341828
0.0379863
0.0416786
0.0462247
0.0514321
0.0556039
0.0573849
0.0580220
0.0612002
0.0698542
0.0828256
0.0950043
0.1012563
0.1003763
0.0952376
0.0895650
0.0852352
0.0824882
0.0811898
0.0803414
0.0767473
0.0665057
0.0497432
0.0331812
0.0253207
0.0274479
0.0308616
0.0258850
0.0142237
0.0095971
0.0233977
0.0513074
0.0795309
0.1078291
0.1628472
0.2789454
0.4565533
0.6372373
0.7265724
0.6539702
0.4226315
0.1087781
-0.1877485
-0.4002366
-0.5175189
-0.5647572
-0.5692538
-0.5421474
-0.4841612
-0.4003491
-0.3057975
-0.2186755
-0.1505337
-0.1035519
-0.0745705
-0.0591927
-0.0522368
-0.0472847
-0.0390207
-0.0270229
-0.0161688
-0.0119515
-0.0149486
-0.0200581
-0.0211719
-0.0164152
-0.0089790
-0.0035039
-0.0021598
-0.0038464
-0.0060860
-0.0069368
-0.0054902
-0.0016745
0.0036835
0.0088865
0.0122633
0.0135456
0.0142607
0.0163752
0.0203181
0.0244513
0.0267495
0.0270992
0.0277976
0.0315990
0.0391619
0.0482809
0.0554551
0.0583235
0.0571337
0.0544269
0.0532724
0.0551613
0.0590017
0.0621231
0.0626525
0.0612338
0.0604417
0.0623670
0.0666615
0.0708734
0.0726420
0.0716534
0.0697692
0.0694888
0.0719977
0.0760362
0.0784299
0.0764331
0.0704943
0.0647431
0.0637901
0.0682262
0.0734270
0.0734687
0.0665588
0.0565489
0.0491707
0.0470227
0.0480603
0.0481903
0.0446982
0.0375644
0.0286933
0.0206674
0.0157619
0.0149688
0.0172907
0.0202090
0.0213388
0.0198911
0.0167548
0.0135522
0.0117288
0.0119977
0.0139158
0.0159480
0.0166349
0.0162380
0.0169904
0.0210723
0.0280490
0.0345870
0.0371115
0.0349342
0.0308000
0.0284327
0.0295292
0.0328143
0.0355422
0.0358449
0.0341688
0.0330043
0.0350794
0.0410624
0.0485498
0.0537195
0.0549058
0.0550244
0.0599283
0.0731619
0.0915053
0.1060991
0.1094360
0.1026083
0.0957924
0.1004808
0.1198155
0.1456922
0.1652597
0.1708340
0.1646151
0.1550849
0.1494741
0.1489576
0.1493726
0.1453086
0.1339113
0.1163609
0.0968700
0.0800333
0.0681249
0.0602452
0.0538588
0.0469837
0.0389777
0.0301983
0.0222860
0.0187445
0.0231542
0.0349623
0.0484394
0.0601075
0.0800047
0.1326572
0.2388864
0.3890503
0.5325875
0.5994935
0.5418690
0.3641878
0.1193430
-0.1241132
-0.3168802
-0.4428871
-0.5100629
-0.5325239
-0.5194676
-0.4753270
-0.4057933
-0.3219938
-0.2390255
-0.1703152
-0.1222388
-0.0928164
-0.0750487
-0.0621186
-0.0508249
-0.0416047
-0.0362178
-0.0352850
-0.0371929
-0.0387527
-0.0371772
-0.0321353
-0.0261635
-0.0226964
-0.0232191
-0.0261861
-0.0286552
-0.0287798
-0.0266986
-0.0235110
-0.0200453
-0.0166695
-0.0136483
-0.0110973
-0.0087141
-0.0060860
-0.0034163
-0.0015440
-0.0009087
-0.0007334
0.0003065
0.0026030
0.0052542
0.0073800
0.0094149
0.0126941
0.0179791
0.0249424
0.0331487
0.0428933
0.0545295
0.0672473
0.0793192
0.0899508
0.1004760
0.1130259
0.1278255
0.1422567
0.1530552
0.1593041
0.1626587
0.1642949
0.1620964
0.1518455
0.1319546
0.1070078
0.0858714
0.0753071
0.0747347
0.0770579
0.0747612
0.0655484
0.0527073
0.0409545
0.0325679
0.0270743
0.0232086
0.0199994
0.0162619
0.0104597
0.0020042
-0.0077644
-0.0168409
-0.0248066
-0.0328983
-0.0414892
-0.0485891
-0.0520518
-0.0527243
-0.0535644
-0.0552095
-0.0546166
-0.0502338
-0.0470151
-0.0519370
-0.0625257
-0.0634961
-0.0404168
0.0027623
0.0458897
0.0778550
0.1166594
0.1935439
0.3083349
0.4023406
0.3866356
0.2090608
-0.1002966
-0.4482964
-0.7440583
-0.9507319
-1.0844903
-1.1762922
-1.2409716
-1.2772321
-1.2838918
-1.2666486
-1.2305041
-1.1733833
-1.0918376
-0.9909558
-0.8844057
-0.7836211
-0.6888662
-0.5920874
-0.4873734
-0.3774667
-0.2712207
-0.1770971
-0.0997460
-0.0407288
0.0002750
0.0258880
0.0413477
0.0526573
0.0636102
0.0745997
0.0842887
0.0921757
0.0994664
0.1078046
0.1176144
0.1278758
0.1374421
0.1464301
0.1562006
0.1679010
0.1810845
0.1939631
0.2052051
0.2154592
0.2269193
0.2412372
0.2578655
0.2745424
0.2894710
0.3030622
0.3176121
0.3353759
0.3569201
0.3809944
0.4054381
0.4279437
0.4464391
0.4597648
0.4686594
0.4757227
0.4833493
0.4909801
0.4946369
0.4899192
0.4758070
0.4552596
0.4319023
0.4065465
0.3774516
0.3436994
0.3073588
0.2718838
0.2389761
0.2077517
0.1767319
0.1457599
0.1158522
0.0882554
0.0645657
0.0471211
0.0375999
0.0344304
0.0325048
0.0268788
0.0171230
0.0073778
0.0017480
0.0000919
-0.0012658
-0.0051616
-0.0107012
-0.0146260
-0.0147283
-0.0115456
-0.0073264
-0.0041159
-0.0027803
-0.0031194
-0.0043799
-0.0057463
-0.0066426
-0.0067561
-0.0060311
-0.0050090
-0.0051547
-0.0081072
-0.0137762
-0.0192644
-0.0206823
-0.0168462
-0.0109688
-0.0079724
-0.0099237
-0.0144560
-0.0176909
-0.0181041
-0.0172061
-0.0171491
-0.0186855
-0.0214019
-0.0246920
-0.0275458
-0.0279800
-0.0242170
-0.0172081
-0.0112592
-0.0108364
-0.0161745
-0.0224881
-0.0241996
-0.0201823
-0.0147200
-0.0132728
-0.0173697
-0.0235144
-0.0266807
-0.0246283
-0.0191362
-0.0137721
-0.0109362
-0.0107685
-0.0120588
-0.0135559
-0.0144827
-0.0143807
-0.0128891
-0.0096670
-0.0044820
0.0023633
0.0094440
0.0144237
0.0157464
0.0146763
0.0152522
0.0212806
0.0328183
0.0457459
0.0550620
0.0585846
0.0575256
0.0541731
0.0499534
0.0457530
0.0428075
0.0418079
0.0410781
0.0370224
0.0276315
0.0153889
0.0055866
0.0011807
-0.0000962
-0.0027222
-0.0077224
-0.0110532
-0.0079464
0.0027295
0.0210809
0.0542545
0.1192480
0.2316114
0.3849727
0.5391539
0.6320566
0.6120272
0.4688656
0.2405541
-0.0088533
-0.2229044
-0.3742609
-0.4633776
-0.5027674
-0.5033787
-0.4721371
-0.4167902
-0.3488307
-0.2805057
-0.2198803
-0.1696666
-0.1303512
-0.1030318
-0.0883393
-0.0832940
-0.0810353
-0.0751804
-0.0648112
-0.0546826
-0.0501101
-0.0516980
-0.0551474
-0.0558448
-0.0530942
-0.0498839
-0.0492285
-0.0513398
-0.0540591
-0.0551005
-0.0533982
-0.0489202
-0.0423222
-0.0352263
-0.0301320
-0.0289441
-0.0310925
-0.0334732
-0.0329009
-0.0289444
-0.0242392
-0.0218088
-0.0220547
-0.0224783
-0.0203720
-0.0156891
-0.0112426
-0.0102152
-0.0135607
-0.0196287
-0.0258945
-0.0308485
-0.0345482
-0.0379893
-0.0422484
-0.0478552
-0.0543364
-0.0601631
-0.0636183
-0.0643318
-0.0640540
-0.0654363
-0.0695342
-0.0744402
-0.0766949
-0.0743607
-0.0687843
-0.0632286
-0.0596560
-0.0568150
-0.0515224
-0.0419323
-0.0296742
-0.0188186
-0.0125955
-0.0108476
-0.0104922
-0.0084992
-0.0046489
-0.0016092
-0.0023500
-0.0072623
-0.0134920
-0.0169718
-0.0153977
-0.0098101
-0.0037138
-0.0005258
-0.0012034
-0.0036823
-0.0045144
-0.0015525
0.0043634
0.0101528
0.0131570
0.0134370
0.0136360
0.0165504
0.0227006
0.0300665
0.0359466
0.0389769
0.0396210
0.0392359
0.0389845
0.0394187
0.0405605
0.0420900
0.0436499
0.0452645
0.0473808
0.0501157
0.0523302
0.0518680
0.0473277
0.0398005
0.0324883
0.0281154
0.0265992
0.0255205
0.0231030
0.0206372
0.0217138
0.0289260
0.0413258
0.0550350
0.0661045
0.0726709
0.0747862
0.0731463
0.0688329
0.0642058
0.0629620
0.0680525
0.0790020
0.0916198
0.1009931
0.1051145
0.1056157
0.1050747
0.1039781
0.1005966
0.0935882
0.0840284
0.0743577
0.0655115
0.0558517
0.0435530
0.0298618
0.0190745
0.0144874
0.0145296
0.0139488
0.0096240
0.0047829
0.0062825
0.0174683
0.0354881
0.0582651
0.0947213
0.1647539
0.2827735
0.4354497
0.5741535
0.6338193
0.5686709
0.3802557
0.1180154
-0.1471123
-0.3570275
-0.4870260
-0.5437817
-0.5484046
-0.5197497
-0.4683148
-0.4001802
-0.3230608
-0.2475913
-0.1835454
-0.1357323
-0.1035267
-0.0835156
-0.0719882
-0.0654426
-0.0603029
-0.0537010
-0.0450783
-0.0365957
-0.0312960
-0.0304172
-0.0322523
-0.0334793
-0.0316986
-0.0271163
-0.0221903
-0.0195777
-0.0198994
-0.0211099
-0.0201974
-0.0159228
-0.0100384
-0.0056034
-0.0039485
-0.0034650
-0.0015962
0.0021541
0.0056716
0.0069418
0.0070129
0.0096405
0.0175494
0.0290544
0.0387067
0.0417125
0.0381577
0.0331913
0.0329551
0.0397228
0.0503084
0.0590385
0.0627915
0.0638336
0.0679615
0.0795025
0.0976043
0.1171487
0.1332816
0.1450711
0.1548380
0.1643316
0.1722120
0.1755215
0.1730174
0.1661020
0.1563056
0.1429172
0.1244454
0.1026135
0.0836146
0.0737791
0.0734197
0.0756080
0.0719246
0.0597169
0.0436660
0.0305851
0.0233162
0.0196131
0.0157107
0.0097298
0.0019585
-0.0064089
-0.0137357
-0.0182687
-0.0199255
-0.0218428
-0.0280117
-0.0377797
-0.0441245
-0.0404320
-0.0297100
-0.0241024
-0.0320962
-0.0469766
-0.0516685
-0.0362697
-0.0070223
0.0260241
0.0671654
0.1307809
0.2107523
0.2568794
0.1951270
-0.0141008
-0.3312714
-0.6539361
-0.8854665
-0.9970660
-1.0308240
-1.0483543
-1.0770691
-1.0994524
-1.0838094
-1.0191175
-0.9229340
-0.8237823
-0.7408551
-0.6777726
-0.6284294
-0.5839841
-0.5356290
-0.4759106
-0.4016502
-0.3164608
-0.2291873
-0.1488113
-0.0804817
-0.0257792
0.0148282
0.0414632
0.0568724
0.0672876
0.0791710
0.0942761
0.1086624
0.1176085
0.1214852
0.1259198
0.1357845
0.1497594
0.1617729
0.1677175
0.1697675
0.1735940
0.1820848
0.1928820
0.2020277
0.2087840
0.2159913
0.2263517
0.2397786
0.2547188
0.2707559
0.2885277
0.3073822
0.3247856
0.3390509
0.3518544
0.3665919
0.3840251
0.4007883
0.4132103
0.4220102
0.4316571
0.4444601
0.4563365
0.4598758
0.4518043
0.4364231
0.4209580
0.4080020
0.3934064
0.3715339
0.3416270
0.3085220
0.2778404
0.2514643
0.2275454
0.2036312
0.1788818
0.1538848
0.1297680
0.1080284
0.0902342
0.0766619
0.0652652
0.0531448
0.0397983
0.0283920
0.0227710
0.0229285
0.0241080
0.0210834
0.0133069
0.0053558
0.0020982
0.0036752
0.0055056
0.0030986
-0.0034491
-0.0096980
-0.0112061
-0.0074542
-0.0018411
0.0016395
0.0015730
-0.0005161
-0.0022914
-0.0028039
-0.0028327
-0.0035683
-0.0053163
-0.0074286
-0.0091066
-0.0099596
-0.0098975
-0.0089152
-0.0072703
-0.0057164
-0.0051747
-0.0060058
-0.0077883
-0.0100199
-0.0128468
-0.0166117
-0.0204859
-0.0220597
-0.0191358
-0.0123010
-0.0052972
-0.0021517
-0.0036572
-0.0068614
-0.0081785
-0.0068418
-0.0051239
-0.0053910
-0.0074726
-0.0091661
-0.0089037
-0.0072504
-0.0056700
-0.0044764
-0.0027007
0.0001003
0.0026366
0.0029738
0.0006257
-0.0028528
-0.0053003
-0.0055158
-0.0032700
0.0015903
0.0090910
0.0178809
0.0247755
0.0267444
0.0240130
0.0209092
0.0228256
0.0316587
0.0439673
0.0536851
0.0569471
0.0547387
0.0513079
0.0501906
0.0515033
0.0524219
0.0496683
0.0416027
0.0288672
0.0141260
0.0012830
-0.0062838
-0.0081257
-0.0074831
-0.0084528
-0.0114765
-0.0122368
-0.0062374
0.0059717
0.0209185
0.0421248
0.0865873
0.1753182
0.3102061
0.4570580
0.5548739
0.5500021
0.4302146
0.2317760
0.0150440
-0.1704380
-0.3052336
-0.3946435
-0.4503706
-0.4770528
-0.4718680
-0.4327135
-0.3656894
-0.2860805
-0.2127362
-0.1596175
-0.1297587
-0.1157280
-0.1064510
-0.0952635
-0.0829039
-0.0737683
-0.0699345
-0.0689721
-0.0670055
-0.0629734
-0.0593327
-0.0587915
-0.0609103
-0.0621423
-0.0589971
-0.0510544
-0.0412467
-0.0336469
-0.0307888
-0.0322713
-0.0352206
-0.0362301
-0.0336973
-0.0290188
-0.0255207
-0.0256425
-0.0286258
-0.0309329
-0.0292983
-0.0236985
-0.0174024
-0.0140837
-0.0148744
-0.0180868
-0.0214111
-0.0240549
-0.0268854
-0.0310094
-0.0365647
-0.0427459
-0.0486219
-0.0537778
-0.0583882
-0.0629878
-0.0682350
-0.0746574
-0.0823326
-0.0907134
-0.0988193
-0.1056572
-0.1105162
-0.1130266
-0.1131555
-0.1112096
-0.1077014
-0.1030784
-0.0975695
-0.0912813
-0.0843283
-0.0767946
-0.0687071
-0.0602995
-0.0523911
-0.0462823
-0.0428904
-0.0417367
-0.0408611
-0.0380398
-0.0323746
-0.0248555
-0.0175080
-0.0120640
-0.0092061
-0.0084779
-0.0084583
-0.0072641
-0.0036483
0.0019269
0.0075897
0.0120021
0.0160876
0.0222805
0.0315443
0.0413422
0.0473440
0.0476565
0.0450823
0.0445650
0.0482383
0.0533924
0.0556020
0.0536022
0.0507151
0.0515317
0.0574831
0.0655942
0.0710974
0.0710596
0.0660422
0.0591833
0.0540089
0.0524100
0.0536344
0.0548490
0.0533017
0.0487483
0.0439133
0.0421362
0.0442613
0.0479392
0.0501224
0.0501208
0.0500385
0.0523112
0.0570634
0.0619131
0.0641444
0.0630003
0.0602762
0.0592738
0.0631268
0.0730565
0.0869691
0.0996405
0.1056451
0.1036002
0.0976599
0.0937493
0.0935958
0.0929830
0.0867022
0.0748858
0.0631460
0.0560055
0.0516023
0.0445719
0.0336447
0.0238322
0.0197554
0.0189797
0.0153266
0.0087914
0.0081220
0.0205018
0.0415822
0.0627182
0.0912907
0.1578584
0.2912749
0.4781030
0.6478154
0.7078970
0.6059636
0.3672267
0.0760766
-0.1799646
-0.3563105
-0.4560998
-0.5027374
-0.5125231
-0.4889842
-0.4342331
-0.3589822
-0.2804874
-0.2130053
-0.1615595
-0.1238005
-0.0959240
-0.0762194
-0.0641753
-0.0579982
-0.0540803
-0.0489693
-0.0415792
-0.0334350
-0.0269956
-0.0238270
-0.0239211
-0.0259146
-0.0275563
-0.0266121
-0.0224406
-0.0170488
-0.0138344
-0.0143803
-0.0164666
-0.0159210
-0.0108299
-0.0036352
0.0013290
0.0022646
0.0014921
0.0026355
0.0067789
0.0118025
0.0151252
0.0163123
0.0168278
0.0179997
0.0200125
0.0226959
0.0263478
0.0311537
0.0360638
0.0389705
0.0384725
0.0354580
0.0326462
0.0322545
0.0339911
0.0354457
0.0346376
0.0322373
0.0311568
0.0337552
0.0393503
0.0445858
0.0464597
0.0450694
0.0432555
0.0434896
0.0453154
0.0460335
0.0436876
0.0389965
0.0344182
0.0318607
0.0315387
0.0324557
0.0331438
0.0319151
0.0274112
0.0199056
0.0119347
0.0065424
0.0041480
0.0016496
-0.0042668
-0.0126723
-0.0182151
-0.0164252
-0.0091458
-0.0037962
-0.0066351
-0.0168370
-0.0273941
-0.0316545
-0.0288010
-0.0233658
-0.0202395
-0.0205443
-0.0217672
-0.0208644
-0.0168500
-0.0110767
-0.0059619
-0.0035021
-0.0041181
-0.0061729
-0.0068567
-0.0044351
-0.0001302
0.0025617
0.0011403
-0.0029565
-0.0049368
-0.0006710
0.0096743
0.0220960
0.0327129
0.0407877
0.0476580
0.0534975
0.0564659
0.0556009
0.0537699
0.0565298
0.0674922
0.0849492
0.1031963
0.1169841
0.1246785
0.1277716
0.1283259
0.1272253
0.1241603
0.1183195
0.1089072
0.0955607
0.0787013
0.0594894
0.0395987
0.0214185
0.0081094
0.0019462
0.0014222
0.0008977
-0.0045299
-0.0127948
-0.0152744
-0.0058916
0.0106048
0.0233884
0.0323148
0.0589160
0.1342289
0.2678985
0.4254376
0.5383029
0.5436878
0.4239947
0.2158741
-0.0154984
-0.2144954
-0.3577545
-0.4504300
-0.5061927
-0.5303656
-0.5185057
-0.4677567
-0.3878967
-0.3007535
-0.2281673
-0.1794858
-0.1496958
-0.1286554
-0.1112535
-0.0987862
-0.0925161
-0.0888519
-0.0822732
-0.0717771
-0.0622617
-0.0588564
-0.0609977
-0.0631758
-0.0611304
-0.0561085
-0.0526373
-0.0530326
-0.0551570
-0.0554302
-0.0528558
-0.0493419
-0.0467247
-0.0447379
-0.0422033
-0.0391962
-0.0369636
-0.0357763
-0.0338569
-0.0291845
-0.0221915
-0.0159213
-0.0130217
-0.0127992
-0.0118421
-0.0077660
-0.0018998
0.0022450
0.0030770
0.0029573
0.0058245
0.0129412
0.0212698
0.0261951
0.0259137
0.0232202
0.0229892
0.0277689
0.0356313
0.0421739
0.0446187
0.0441300
0.0443036
0.0473497
0.0515952
0.0527986
0.0482736
0.0399579
0.0332609
0.0325117
0.0372358
0.0426839
0.0438701
0.0392476
0.0309701
0.0221577
0.0141329
0.0061290
-0.0027016
-0.0113808
-0.0174103
-0.0190155
-0.0170841
-0.0148871
-0.0157527
-0.0206206
-0.0274554
-0.0329701
-0.0352120
-0.0348514
-0.0342112
-0.0351065
-0.0374298
-0.0394746
-0.0394867
-0.0371705
-0.0340310
-0.0321998
-0.0325873
-0.0340085
-0.0342404
-0.0320919
-0.0284837
-0.0255301
-0.0245703
-0.0249483
-0.0244218
-0.0206156
-0.0123609
-0.0003193
0.0130811
0.0244463
0.0311333
0.0331945
0.0337808
0.0370316
0.0450793
0.0570263
0.0705711
0.0839668
0.0961552
0.1058370
0.1116545
0.1135793
0.1132382
0.1119969
0.1089446
0.1016783
0.0893005
0.0737592
0.0575708
0.0411400
0.0239058
0.0079117
-0.0022672
-0.0050221
-0.0056187
-0.0112226
-0.0211583
-0.0253928
-0.0162089
0.0000160
0.0087972
0.0099722
0.0315201
0.1117801
0.2589462
0.4260276
0.5312070
0.5116356
0.3654773
0.1475248
-0.0732256
-0.2543895
-0.3888937
-0.4855451
-0.5480308
-0.5713486
-0.5520388
-0.4967204
-0.4204740
-0.3394366
-0.2656367
-0.2062324
-0.1640932
-0.1378117
-0.1225010
-0.1124757
-0.1041194
-0.0965817
-0.0903129
-0.0854533
-0.0815043
-0.0779351
-0.0746780
-0.0720733
-0.0705055
-0.0700014
-0.0698729
-0.0686730
-0.0649315
-0.0584715
-0.0509937
-0.0448483
-0.0409580
-0.0382400
-0.0352953
-0.0322885
-0.0306715
-0.0311664
-0.0325218
-0.0323793
-0.0290438
-0.0223458
-0.0133318
-0.0037070
0.0046288
0.0105129
0.0148030
0.0204065
0.0299613
0.0431052
0.0569264
0.0699180
0.0846655
0.1048603
0.1292336
0.1501472
0.1600428
0.1591603
0.1552079
0.1545440
0.1548528
0.1482986
0.1319813
0.1132953
0.1031174
0.1040948
0.1076082
0.1030769
0.0887805
0.0719142
0.0588555
0.0480839
0.0340183
0.0160722
0.0009959
-0.0046430
-0.0024927
-0.0009060
-0.0056359
-0.0140969
-0.0199133
-0.0214643
-0.0234199
-0.0298403
-0.0384635
-0.0436828
-0.0436855
-0.0419427
-0.0416640
-0.0417809
-0.0403022
-0.0394296
-0.0434827
-0.0513520
-0.0550103
-0.0486230
-0.0362079
-0.0237715
-0.0023201
0.0535114
0.1588480
0.2864736
0.3673884
0.3340173
0.1712834
-0.0705426
-0.3114148
-0.4915439
-0.5950173
-0.6378224
-0.6426889
-0.6243147
-0.5883396
-0.5347686
-0.4614212
-0.3697605
-0.2710933
-0.1846533
-0.1251891
-0.0914456
-0.0689180
-0.0449459
-0.0198338
-0.0025179
0.0025574
0.0014381
0.0035407
0.0112630
0.0188786
0.0209863
0.0194895
0.0209889
0.0286383
0.0385352
0.0443286
0.0440716
0.0417942
0.0429265
0.0488743
0.0559236
0.0590202
0.0567111
0.0527581
0.0529126
0.0597337
0.0702724
0.0788359
0.0821953
0.0822357
0.0835624
0.0886066
0.0953574
0.1000831
0.1019002
0.1039421
0.1098818
0.1199726
0.1309847
0.1395352
0.1447689
0.1480507
0.1511133
0.1550649
0.1605796
0.1679280
0.1762579
0.1832598
0.1864409
0.1852401
0.1815841
0.1778269
0.1741873
0.1686973
0.1597483
0.1481963
0.1366499
0.1269043
0.1183281
0.1087299
0.0968042
0.0839071
0.0734005
0.0678621
0.0666309
0.0661614
0.0630219
0.0567519
0.0499848
0.0458847
0.0453029
0.0461807
0.0456407
0.0426698
0.0387543
0.0361003
0.0356623
0.0369400
0.0390094
0.0410947
0.0423862
0.0421611
0.0405558
0.0389631
0.0390965
0.0412244
0.0433196
0.0425144
0.0380878
0.0330105
0.0317726
0.0360940
0.0429373
0.0471173
0.0458662
0.0408026
0.0358126
0.0334868
0.0335856
0.0343482
0.0345354
0.0339054
0.0322979
0.0294249
0.0260944
0.0247923
0.0277427
0.0340904
0.0397473
0.0406635
0.0363202
0.0300546
0.0261640
0.0265486
0.0295966
0.0319152
0.0312306
0.0279934
0.0246149
0.0234569
0.0253682
0.0294626
0.0337894
0.0364056
0.0363366
0.0338560
0.0300716
0.0263983
0.0241380
0.0238667
0.0249416
0.0260453
0.0265921
0.0273892
0.0296880
0.0338118
0.0388725
0.0435321
0.0468114
0.0484537
0.0488514
0.0485558
0.0477136
0.0461618
0.0443588
0.0442193
0.0486061
0.0591944
0.0740871
0.0876939
0.0941698
0.0920054
0.0851117
0.0789058
0.0755538
0.0732615
0.0692255
0.0620099
0.0515590
0.0389498
0.0270725
0.0200379
0.0198213
0.0233809
0.0249372
0.0224786
0.0211226
0.0282673
0.0461109
0.0727911
0.1133678
0.1855355
0.3050877
0.4588903
0.5938356
0.6408773
0.5594930
0.3657929
0.1212667
-0.1060921
-0.2758935
-0.3825494
-0.4395859
-0.4607754
-0.4525183
-0.4171902
-0.3593467
-0.2889185
-0.2198951
-0.1649937
-0.1292065
-0.1078129
-0.0918652
-0.0763367
-0.0627305
-0.0544939
-0.0517640
-0.0512787
-0.0499680
-0.0471571
-0.0437497
-0.0408753
-0.0398695
-0.0422585
-0.0479722
-0.0533855
-0.0530141
-0.0449885
-0.0343072
-0.0286326
-0.0304442
-0.0349493
-0.0362609
-0.0336789
-0.0305360
-0.0287561
-0.0273231
-0.0258448
-0.0266622
-0.0315679
-0.0376015
-0.0386037
-0.0321342
-0.0237666
-0.0225096
-0.0313987
-0.0440772
-0.0517788
-0.0524499
-0.0513926
-0.0540558
-0.0608342
-0.0690167
-0.0769571
-0.0845201
-0.0908538
-0.0939699
-0.0929644
-0.0897444
-0.0877253
-0.0884765
-0.0899004
-0.0883834
-0.0827708
-0.0753520
-0.0688368
-0.0637613
-0.0594672
-0.0559070
-0.0529456
-0.0490333
-0.0424448
-0.0335569
-0.0246871
-0.0179937
-0.0143579
-0.0136080
-0.0147097
-0.0161120
-0.0167668
-0.0166778
-0.0164066
-0.0167683
-0.0187388
-0.0221462
-0.0244781
-0.0229190
-0.0179107
-0.0127442
-0.0093318
-0.0066356
-0.0036569
-0.0012724
-0.0001491
0.0006779
0.0020372
0.0035306
0.0048908
0.0063084
0.0073388
0.0081530
0.0114215
0.0190604
0.0272324
0.0294908
0.0255459
0.0214143
0.0196004
