-0.0767688
-0.0781522
-0.0484583
-0.0423208
-0.0587461
-0.0572419
-0.0339054
-0.0238233
-0.0378369
-0.0484406
-0.0386837
-0.0236413
-0.0195305
-0.0239422
-0.0302250
-0.0356075
-0.0335734
-0.0199209
-0.0057236
-0.0053047
-0.0143431
-0.0177456
-0.0145354
-0.0166128
-0.0267116
-0.0350776
-0.0357664
-0.0318353
-0.0270903
-0.0246171
-0.0293039
-0.0408799
-0.0493408
-0.0472920
-0.0414747
-0.0430080
-0.0521029
-0.0608178
-0.0647169
-0.0639412
-0.0590323
-0.0530823
-0.0521588
-0.0573171
-0.0619121
-0.0616978
-0.0611795
-0.0656371
-0.0735364
-0.0807069
-0.0852848
-0.0852666
-0.0783924
-0.0680785
-0.0629853
-0.0672408
-0.0759863
-0.0819077
-0.0808569
-0.0711591
-0.0542790
-0.0369476
-0.0262937
-0.0220782
-0.0188582
-0.0148686
-0.0126038
-0.0115205
-0.0069682
0.0030521
0.0149418
0.0232163
0.0237425
0.0152772
0.0016479
-0.0102437
-0.0186552
-0.0300670
-0.0495658
-0.0715743
-0.0854253
-0.0877977
-0.0847872
-0.0831757
-0.0833986
-0.0799564
-0.0662865
-0.0398316
-0.0012685
0.0552086
0.1483710
0.2951165
0.4806199
0.6465714
0.7178717
0.6484518
0.4492032
0.1794075
-0.0893291
-0.3111224
-0.4791475
-0.6066846
-0.6983031
-0.7417548
-0.7244874
-0.6515438
-0.5465873
-0.4395496
-0.3527678
-0.2931141
-0.2540581
-0.2260399
-0.2047923
-0.1896591
-0.1782606
-0.1675843
-0.1585311
-0.1545726
-0.1559740
-0.1584414
-0.1571835
-0.1503225
-0.1395964
-0.1296913
-0.1252394
-0.1264849
-0.1294192
-0.1312845
-0.1333163
-0.1366551
-0.1388226
-0.1366302
-0.1300997
-0.1214833
-0.1127806
-0.1060274
-0.1035784
-0.1059372
-0.1107543
-0.1151977
-0.1181313
-0.1199140
-0.1218546
-0.1254140
-0.1295993
-0.1299963
-0.1236218
-0.1142645
-0.1093496
-0.1112625
-0.1151285
-0.1157714
-0.1139152
-0.1145209
-0.1209027
-0.1310845
-0.1390085
-0.1399501
-0.1357644
-0.1333437
-0.1364129
-0.1406310
-0.1387323
-0.1287940
-0.1154084
-0.1043940
-0.0983699
-0.0957375
-0.0917623
-0.0822124
-0.0682327
-0.0565657
-0.0530963
-0.0569518
-0.0620787
-0.0635773
-0.0617209
-0.0609320
-0.0651327
-0.0727273
-0.0765683
-0.0712991
-0.0606349
-0.0543185
-0.0570719
-0.0632229
-0.0633976
-0.0544616
-0.0418121
-0.0333932
-0.0321539
-0.0333461
-0.0292391
-0.0174479
-0.0038898
0.0037542
0.0043275
0.0032795
0.0058994
0.0127727
0.0208862
0.0266287
0.0281097
0.0267520
0.0265432
0.0301541
0.0359935
0.0401014
0.0403192
0.0377975
0.0353836
0.0352379
0.0368461
0.0369450
0.0331504
0.0281621
0.0279883
0.0346468
0.0426499
0.0445195
0.0386893
0.0307556
0.0277804
0.0319406
0.0387503
0.0412493
0.0370962
0.0315375
0.0320675
0.0404068
0.0513161
0.0588669
0.0617655
0.0624945
0.0633635
0.0641250
0.0624861
0.0570587
0.0506179
0.0493534
0.0569748
0.0699051
0.0799828
0.0819433
0.0775178
0.0731921
0.0752634
0.0859709
0.1023204
0.1184110
0.1297926
0.1358755
0.1388599
0.1419803
0.1486253
0.1604090
0.1747095
0.1860998
0.1917620
0.1938625
0.1951757
0.1943751
0.1882516
0.1778665
0.1695306
0.1679471
0.1691671
0.1628940
0.1441683
0.1219857
0.1121157
0.1191354
0.1296193
0.1284025
0.1198496
0.1261474
0.1629937
0.2242402
0.2974832
0.3915044
0.5356888
0.7402232
0.9548133
1.0771948
1.0189499
0.7751496
0.4322581
0.1049882
-0.1393934
-0.3038433
-0.4234990
-0.5150138
-0.5614872
-0.5375991
-0.4427171
-0.3096663
-0.1842152
-0.0964482
-0.0482924
-0.0228991
-0.0026308
0.0195553
0.0400022
0.0516723
0.0525182
0.0483907
0.0476285
0.0528205
0.0591035
0.0606918
0.0574748
0.0545681
0.0566714
0.0635940
0.0704910
0.0721313
0.0677285
0.0618094
0.0597182
0.0623234
0.0656386
0.0651798
0.0600915
0.0538173
0.0516066
0.0563089
0.0651635
0.0713487
0.0701411
0.0633340
0.0567709
0.0543545
0.0557016
0.0588942
0.0637190
0.0718065
0.0843008
0.0997028
0.1142514
0.1250899
0.1329301
0.1404606
0.1479751
0.1518969
0.1481077
0.1357022
0.1173056
0.0971332
0.0791113
0.0651513
0.0539875
0.0424734
0.0289742
0.0152970
0.0051364
0.0010230
0.0025743
0.0070105
0.0116092
0.0163804
0.0238865
0.0355148
0.0485065
0.0579541
0.0615552
0.0613940
0.0613204
0.0634823
0.0669714
0.0688760
0.0671994
0.0638873
0.0643850
0.0724707
0.0850856
0.0934586
0.0906491
0.0786367
0.0676650
0.0670793
0.0755856
0.0818579
0.0772132
0.0670220
0.0657952
0.0796649
0.0975543
0.1035328
0.0963201
0.0919732
0.1065156
0.1408232
0.1877114
0.2520620
0.3539875
0.5013397
0.6574799
0.7460533
0.7003896
0.5147977
0.2481527
-0.0219023
-0.2477376
-0.4219657
-0.5532386
-0.6426070
-0.6828483
-0.6715574
-0.6168629
-0.5302230
-0.4192611
-0.2914852
-0.1622506
-0.0527664
0.0227058
0.0659108
0.0896949
0.1061806
0.1210275
0.1358285
0.1510277
0.1653881
0.1756136
0.1792212
0.1779078
0.1769024
0.1801333
0.1860491
0.1890415
0.1856679
0.1789129
0.1753437
0.1784490
0.1859063
0.1930285
0.1973096
0.1994013
0.2012041
0.2038583
0.2069060
0.2089559
0.2095949
0.2105697
0.2143220
0.2213581
0.2298189
0.2376537
0.2444925
0.2513293
0.2589864
0.2670755
0.2743799
0.2806030
0.2877374
0.2986331
0.3134419
0.3283043
0.3386293
0.3433839
0.3454648
0.3482229
0.3522044
0.3548694
0.3529868
0.3457845
0.3362246
0.3286162
0.3243463
0.3201993
0.3111346
0.2944624
0.2715357
0.2463516
0.2228364
0.2027447
0.1856936
0.1713379
0.1610064
0.1562136
0.1557487
0.1555631
0.1520707
0.1449320
0.1364470
0.1289802
0.1232657
0.1186776
0.1148290
0.1128759
0.1146835
0.1200969
0.1255528
0.1265103
0.1215943
0.1140804
0.1093069
0.1103986
0.1155233
0.1188216
0.1151016
0.1049089
0.0947993
0.0917275
0.0969999
0.1058093
0.1120552
0.1130459
0.1100497
0.1053363
0.0993286
0.0910006
0.0810905
0.0738648
0.0740545
0.0816051
0.0905224
0.0937026
0.0886950
0.0787707
0.0691779
0.0627171
0.0583634
0.0536382
0.0481965
0.0447051
0.0457672
0.0504223
0.0544811
0.0541933
0.0490307
0.0413027
0.0340639
0.0293670
0.0275429
0.0276221
0.0285453
0.0298590
0.0311206
0.0311886
0.0287973
0.0238476
0.0179414
0.0137749
0.0137125
0.0179541
0.0237071
0.0270170
0.0260740
0.0222532
0.0176962
0.0129360
0.0077630
0.0035738
0.0033402
0.0088134
0.0183524
0.0281345
0.0357542
0.0424001
0.0508443
0.0611621
0.0695434
0.0723734
0.0706963
0.0689901
0.0695681
0.0699325
0.0664489
0.0593214
0.0523266
0.0475215
0.0414464
0.0281012
0.0064427
-0.0160417
-0.0293390
-0.0312394
-0.0298154
-0.0336449
-0.0406764
-0.0400063
-0.0256944
-0.0053583
0.0103262
0.0290281
0.0836171
0.2081311
0.3977397
0.5906294
0.6965169
0.6542624
0.4712274
0.2120564
-0.0498677
-0.2748699
-0.4620453
-0.6228602
-0.7541244
-0.8346812
-0.8441539
-0.7827843
-0.6743853
-0.5525187
-0.4435988
-0.3589860
-0.2977585
-0.2543052
-0.2240243
-0.2038829
-0.1898070
-0.1762020
-0.1600349
-0.1449438
-0.1389046
-0.1460569
-0.1610096
-0.1722724
-0.1719863
-0.1624423
-0.1529133
-0.1500081
-0.1515486
-0.1504280
-0.1438690
-0.1372225
-0.1379520
-0.1471023
-0.1579874
-0.1628563
-0.1597798
-0.1532431
-0.1492771
-0.1506303
-0.1560447
-0.1630235
-0.1703044
-0.1775840
-0.1840514
-0.1886153
-0.1915610
-0.1947896
-0.1999375
-0.2070064
-0.2153299
-0.2252864
-0.2383632
-0.2554817
-0.2753402
-0.2943812
-0.3087989
-0.3172912
-0.3220287
-0.3266270
-0.3331164
-0.3409148
-0.3481983
-0.3536176
-0.3569082
-0.3585554
-0.3589931
-0.3578447
-0.3541097
-0.3474271
-0.3388496
-0.3298354
-0.3206230
-0.3101578
-0.2977201
-0.2842767
-0.2719083
-0.2616613
-0.2519387
-0.2396583
-0.2237867
-0.2073485
-0.1946251
-0.1861183
-0.1777050
-0.1657611
-0.1520722
-0.1420073
-0.1377540
-0.1348064
-0.1263505
-0.1109876
-0.0949900
-0.0859480
-0.0844486
-0.0833161
-0.0756679
-0.0626376
-0.0519013
-0.0491215
-0.0523637
-0.0550803
-0.0531505
-0.0480866
-0.0440386
-0.0428373
-0.0424471
-0.0400638
-0.0361503
-0.0346748
-0.0389859
-0.0477573
-0.0554650
-0.0569894
-0.0519613
-0.0451583
-0.0427913
-0.0476387
-0.0569879
-0.0652543
-0.0688333
-0.0684346
-0.0670422
-0.0664654
-0.0662579
-0.0653386
-0.0638865
-0.0635548
-0.0659150
-0.0705137
-0.0745838
-0.0753594
-0.0730956
-0.0713986
-0.0739421
-0.0805946
-0.0868072
-0.0870528
-0.0794172
-0.0672344
-0.0560405
-0.0486562
-0.0434725
-0.0375634
-0.0304606
-0.0238611
-0.0182231
-0.0112859
-0.0005462
0.0136370
0.0280101
0.0389694
0.0445854
0.0446805
0.0402111
0.0331415
0.0258715
0.0190621
0.0099073
-0.0051997
-0.0244261
-0.0386294
-0.0395123
-0.0303337
-0.0244671
-0.0297561
-0.0365071
-0.0264699
0.0053133
0.0440450
0.0777931
0.1255587
0.2317421
0.4196890
0.6463416
0.8101305
0.8162721
0.6446470
0.3597070
0.0572745
-0.1992744
-0.3996064
-0.5592192
-0.6831978
-0.7567721
-0.7630864
-0.7028949
-0.5967268
-0.4724727
-0.3532916
-0.2538616
-0.1813610
-0.1357969
-0.1103281
-0.0946735
-0.0806059
-0.0652974
-0.0505539
-0.0397086
-0.0346305
-0.0341632
-0.0347266
-0.0329745
-0.0285416
-0.0242056
-0.0229621
-0.0246520
-0.0255505
-0.0217328
-0.0131751
-0.0042409
0.0003925
0.0001990
-0.0012034
-0.0002679
0.0030222
0.0059015
0.0060898
0.0037778
0.0009638
-0.0003629
0.0006295
0.0035947
0.0074716
0.0108033
0.0121402
0.0110840
0.0093208
0.0099508
0.0150203
0.0239279
0.0348877
0.0476569
0.0636771
0.0829437
0.1013670
0.1123825
0.1120342
0.1027076
0.0914347
0.0838431
0.0795525
0.0737612
0.0632213
0.0499200
0.0385988
0.0314652
0.0263091
0.0197901
0.0117533
0.0056430
0.0045768
0.0074438
0.0095947
0.0077673
0.0037941
0.0025831
0.0065192
0.0128538
0.0170332
0.0177215
0.0175947
0.0195278
0.0232641
0.0265183
0.0286274
0.0317140
0.0378006
0.0459967
0.0539114
0.0611338
0.0690180
0.0766962
0.0806759
0.0817424
0.0904720
0.1198176
0.1690135
0.2197572
0.2577554
0.3019605
0.4043383
0.6044997
0.8721663
1.0956384
1.1416865
0.9464667
0.5630318
0.1257976
-0.2365561
-0.4690649
-0.5941291
-0.6641930
-0.7121027
-0.7355762
-0.7150226
-0.6392824
-0.5174484
-0.3736865
-0.2348815
-0.1206049
-0.0387588
0.0135284
0.0452972
0.0660801
0.0822099
0.0962945
0.1085591
0.1183541
0.1252637
0.1297809
0.1332594
0.1370437
0.1413609
0.1449203
0.1458951
0.1439565
0.1415851
0.1426996
0.1491121
0.1582966
0.1653203
0.1674095
0.1665125
0.1671916
0.1720220
0.1791417
0.1843291
0.1854165
0.1845400
0.1860831
0.1926978
0.2033961
0.2148608
0.2238524
0.2287428
0.2301707
0.2310468
0.2351595
0.2444488
0.2572071
0.2694360
0.2784484
0.2851538
0.2925605
0.3019055
0.3104952
0.3138461
0.3101756
0.3024213
0.2953817
0.2909493
0.2865518
0.2783141
0.2654188
0.2511743
0.2398748
0.2326875
0.2267107
0.2182284
0.2068164
0.1958376
0.1887756
0.1856487
0.1835541
0.1803108
0.1765764
0.1740652
0.1724731
0.1692633
0.1628993
0.1557135
0.1525077
0.1556766
0.1620315
0.1652346
0.1617304
0.1541584
0.1489239
0.1505206
0.1577783
0.1647931
0.1654211
0.1580370
0.1471872
0.1405848
0.1432158
0.1530789
0.1624040
0.1638404
0.1565797
0.1469356
0.1426203
0.1459498
0.1524504
0.1559103
0.1543056
0.1506069
0.1485080
0.1483550
0.1474028
0.1433638
0.1371633
0.1322837
0.1315966
0.1347112
0.1381859
0.1383323
0.1341214
0.1277623
0.1226205
0.1203323
0.1195898
0.1177416
0.1138299
0.1100329
0.1097848
0.1143128
0.1210848
0.1254964
0.1238416
0.1151563
0.1014971
0.0872464
0.0773901
0.0748204
0.0783775
0.0838670
0.0877367
0.0898403
0.0920831
0.0943375
0.0928737
0.0842782
0.0709122
0.0607178
0.0599660
0.0664657
0.0715264
0.0694095
0.0639847
0.0647972
0.0763275
0.0919884
0.0997736
0.0943075
0.0829969
0.0795025
0.0905342
0.1091042
0.1212479
0.1197324
0.1110230
0.1082876
0.1172540
0.1293450
0.1295852
0.1115356
0.0836645
0.0603927
0.0478460
0.0401061
0.0291486
0.0154357
0.0062043
0.0048170
0.0061741
0.0046889
0.0034236
0.0100226
0.0233436
0.0313784
0.0310290
0.0503242
0.1401103
0.3286841
0.5764198
0.7790343
0.8282365
0.6837786
0.3972270
0.0701154
-0.2142180
-0.4288308
-0.5895125
-0.7149307
-0.8017923
-0.8319333
-0.7952010
-0.7026752
-0.5811692
-0.4589554
-0.3557867
-0.2807666
-0.2339527
-0.2084919
-0.1940397
-0.1820357
-0.1698176
-0.1597749
-0.1542599
-0.1516994
-0.1480199
-0.1412642
-0.1337593
-0.1296219
-0.1309955
-0.1370452
-0.1454367
-0.1532989
-0.1569731
-0.1530225
-0.1416058
-0.1287687
-0.1232880
-0.1293135
-0.1421006
-0.1522245
-0.1544743
-0.1518216
-0.1503285
-0.1516118
-0.1521258
-0.1495313
-0.1472464
-0.1507807
-0.1604022
-0.1698920
-0.1737644
-0.1745352
-0.1809905
-0.1989517
-0.2249511
-0.2497488
-0.2672237
-0.2787178
-0.2892961
-0.3017535
-0.3151878
-0.3279281
-0.3396749
-0.3504782
-0.3594151
-0.3659077
-0.3720004
-0.3815888
-0.3961909
-0.4118480
-0.4214105
-0.4205876
-0.4115595
-0.4003275
-0.3907530
-0.3816121
-0.3693066
-0.3526573
-0.3344261
-0.3182622
-0.3047630
-0.2910260
-0.2741361
-0.2547816
-0.2370182
-0.2242717
-0.2156868
-0.2066215
-0.1928175
-0.1741626
-0.1546139
-0.1386956
-0.1279567
-0.1203183
-0.1123510
-0.1021084
-0.0901554
-0.0784064
-0.0682875
-0.0599649
-0.0530675
-0.0478310
-0.0451816
-0.0453746
-0.0465974
-0.0455592
-0.0402576
-0.0323287
-0.0260941
-0.0247456
-0.0275449
-0.0310551
-0.0328785
-0.0335526
-0.0347232
-0.0364270
-0.0372650
-0.0371649
-0.0386376
-0.0441743
-0.0527299
-0.0600294
-0.0628471
-0.0621495
-0.0611969
-0.0611444
-0.0599281
-0.0558364
-0.0508646
-0.0491436
-0.0522285
-0.0572808
-0.0605572
-0.0618262
-0.0641362
-0.0692042
-0.0740751
-0.0730503
-0.0627285
-0.0450064
-0.0257823
-0.0112796
-0.0047423
-0.0047956
-0.0061468
-0.0030662
0.0060801
0.0174160
0.0255444
0.0292499
0.0323325
0.0381986
0.0446440
0.0454466
0.0369299
0.0213529
0.0034057
-0.0146778
-0.0326846
-0.0484546
-0.0577706
-0.0593761
-0.0572704
-0.0549628
-0.0487336
-0.0308981
-0.0007125
0.0334449
0.0692570
0.1268898
0.2402455
0.4203186
0.6233971
0.7617212
0.7567434
0.5922548
0.3223096
0.0301971
-0.2230667
-0.4198117
-0.5694047
-0.6800297
-0.7460303
-0.7561957
-0.7087490
-0.6176972
-0.5070030
-0.3994219
-0.3085455
-0.2378919
-0.1851848
-0.1470811
-0.1208895
-0.1037250
-0.0921030
-0.0834588
-0.0776421
-0.0758423
-0.0776984
-0.0800801
-0.0792580
-0.0740819
-0.0666934
-0.0604244
-0.0574655
-0.0581280
-0.0610534
-0.0635014
-0.0625035
-0.0574035
-0.0515192
-0.0498751
-0.0540731
-0.0598892
-0.0612763
-0.0569958
-0.0521574
-0.0523340
-0.0567829
-0.0587884
-0.0530644
-0.0420112
-0.0339047
-0.0350162
-0.0438932
-0.0531606
-0.0563423
-0.0529640
-0.0479075
-0.0465715
-0.0504311
-0.0565197
-0.0609369
-0.0631346
-0.0667150
-0.0753607
-0.0876771
-0.0968968
-0.0969397
-0.0890228
-0.0813267
-0.0812072
-0.0878300
-0.0931091
-0.0899524
-0.0789973
-0.0670654
-0.0598133
-0.0567631
-0.0531785
-0.0454933
-0.0343078
-0.0230563
-0.0150415
-0.0116527
-0.0120963
-0.0140125
-0.0149809
-0.0144460
-0.0141358
-0.0157004
-0.0176474
-0.0155573
-0.0064669
0.0070056
0.0180463
0.0220116
0.0211415
0.0221882
0.0293375
0.0401918
0.0490867
0.0537214
0.0576443
0.0660987
0.0799821
0.0943270
0.1027371
0.1032817
0.1001818
0.0997944
0.1047634
0.1118735
0.1156498
0.1142295
0.1116363
0.1138770
0.1225104
0.1323924
0.1364508
0.1328673
0.1269735
0.1255918
0.1299386
0.1348863
0.1351523
0.1312390
0.1286431
0.1317353
0.1393475
0.1464547
0.1493282
0.1483992
0.1465985
0.1460745
0.1469700
0.1485217
0.1502231
0.1519323
0.1538336
0.1567426
0.1616862
0.1684038
0.1747598
0.1788658
0.1820382
0.1884151
0.2003103
0.2141376
0.2225672
0.2220766
0.2180367
0.2207873
0.2357187
0.2576885
0.2759634
0.2842442
0.2847799
0.2829149
0.2797630
0.2722211
0.2596255
0.2475782
0.2428906
0.2451069
0.2453731
0.2353489
0.2166001
0.1995109
0.1927095
0.1951805
0.1997853
0.2029546
0.2084615
0.2221872
0.2477774
0.2921478
0.3742554
0.5197020
0.7345496
0.9769246
1.1574592
1.1809763
1.0050886
0.6712930
0.2825449
-0.0564694
-0.2917138
-0.4297123
-0.5064751
-0.5475110
-0.5514575
-0.5042929
-0.4045723
-0.2747373
-0.1500887
-0.0574968
-0.0023624
0.0276979
0.0486770
0.0683597
0.0848857
0.0936975
0.0946181
0.0926945
0.0934245
0.0980374
0.1034314
0.1062337
0.1065147
0.1073723
0.1109770
0.1155262
0.1168135
0.1130123
0.1072645
0.1047757
0.1073763
0.1115735
0.1122542
0.1079643
0.1021977
0.0996828
0.1018931
0.1063469
0.1097433
0.1108948
0.1103316
0.1079819
0.1026624
0.0943159
0.0858453
0.0814933
0.0829440
0.0873739
0.0898833
0.0880892
0.0841516
0.0819462
0.0822907
0.0816093
0.0759014
0.0657697
0.0566941
0.0539656
0.0577029
0.0631511
0.0655740
0.0644154
0.0627880
0.0635337
0.0663449
0.0687052
0.0690844
0.0687294
0.0704696
0.0762189
0.0855668
0.0961080
0.1048000
0.1095924
0.1105109
0.1092048
0.1070572
0.1037732
0.0982447
0.0908794
0.0845691
0.0827312
0.0861002
0.0915806
0.0946311
0.0930248
0.0881910
0.0828443
0.0778040
0.0718130
0.0643962
0.0579404
0.0560944
0.0600785
0.0670721
0.0726632
0.0749837
0.0762151
0.0796904
0.0855394
0.0897751
0.0882339
0.0812861
0.0741334
0.0722869
0.0768905
0.0842884
0.0896254
0.0906815
0.0887168
0.0863508
0.0850320
0.0843975
0.0835152
0.0822732
0.0816350
0.0828771
0.0864314
0.0908850
0.0930980
0.0902153
0.0823517
0.0730119
0.0660906
0.0623488
0.0594328
0.0557076
0.0535650
0.0579106
0.0706296
0.0867909
0.0974703
0.0973323
0.0893834
0.0816638
0.0793162
0.0806028
0.0807904
0.0788808
0.0793508
0.0871131
0.1014310
0.1154061
0.1215515
0.1177271
0.1078269
0.0974881
0.0897844
0.0843494
0.0787627
0.0698498
0.0551337
0.0353745
0.0160178
0.0040683
0.0015974
0.0027345
-0.0008782
-0.0104925
-0.0171654
-0.0100728
0.0124074
0.0432023
0.0811537
0.1433920
0.2560128
0.4244774
0.6100270
0.7388746
0.7430520
0.6022411
0.3539245
0.0663063
-0.2014851
-0.4213963
-0.5905568
-0.7121236
-0.7836263
-0.7998272
-0.7615409
-0.6796238
-0.5718984
-0.4577077
-0.3541207
-0.2737312
-0.2224677
-0.1977370
-0.1892758
-0.1841219
-0.1733985
-0.1561005
-0.1371966
-0.1223504
-0.1140438
-0.1115598
-0.1133064
-0.1183425
-0.1255277
-0.1316930
-0.1319855
-0.1237348
-0.1106026
-0.1016252
-0.1041350
-0.1166854
-0.1294462
-0.1325626
-0.1248606
-0.1146361
-0.1117607
-0.1186126
-0.1283902
-0.1320431
-0.1266264
-0.1170870
-0.1108029
-0.1111312
-0.1156736
-0.1192793
-0.1180001
-0.1109220
-0.0994186
-0.0852567
-0.0694198
-0.0524160
-0.0350950
-0.0186383
-0.0038896
0.0087524
0.0186272
0.0244085
0.0248438
0.0200963
0.0123405
0.0046308
-0.0015594
-0.0080665
-0.0189213
-0.0368589
-0.0606319
-0.0855931
-0.1066851
-0.1211476
-0.1293910
-0.1341472
-0.1385843
-0.1443998
-0.1511848
-0.1574680
-0.1622754
-0.1657737
-0.1687727
-0.1718510
-0.1748990
-0.1774849
-0.1797073
-0.1824220
-0.1862531
-0.1905814
-0.1940815
-0.1961740
-0.1971539
-0.1966246
-0.1927616
-0.1843605
-0.1737539
-0.1663112
-0.1649527
-0.1641664
-0.1511153
-0.1159733
-0.0624571
-0.0051409
0.0480741
0.1111251
0.2116780
0.3596899
0.5194634
0.6157631
0.5772618
0.3859574
0.0924920
-0.2154208
-0.4652766
-0.6319294
-0.7304597
-0.7852429
-0.8055573
-0.7845386
-0.7151494
-0.6054430
-0.4803691
-0.3698416
-0.2927116
-0.2482706
-0.2207793
-0.1929460
-0.1581581
-0.1228201
-0.0981540
-0.0893204
-0.0915195
-0.0955325
-0.0958188
-0.0928841
-0.0893093
-0.0857228
-0.0812097
-0.0761057
-0.0726814
-0.0727121
-0.0749061
-0.0752828
-0.0705077
-0.0611302
-0.0515336
-0.0465614
-0.0480170
-0.0539230
-0.0603536
-0.0638290
-0.0629368
-0.0587351
-0.0536666
-0.0495925
-0.0467058
-0.0442725
-0.0419257
-0.0398050
-0.0376613
-0.0343047
-0.0281327
-0.0184282
-0.0065528
0.0041704
0.0104819
0.0117634
0.0107702
0.0118866
0.0186743
0.0323772
0.0513660
0.0711892
0.0857663
0.0900523
0.0830610
0.0691414
0.0558325
0.0487279
0.0469787
0.0440916
0.0343195
0.0185182
0.0030793
-0.0068482
-0.0120948
-0.0171214
-0.0239148
-0.0293947
-0.0291509
-0.0231051
-0.0165689
-0.0152930
-0.0198816
-0.0256064
-0.0273150
-0.0237167
-0.0173506
-0.0120814
-0.0111485
-0.0158565
-0.0243171
-0.0319410
-0.0349401
-0.0339092
-0.0330661
-0.0354184
-0.0393022
-0.0404337
-0.0370755
-0.0320225
-0.0288745
-0.0274020
-0.0243920
-0.0191321
-0.0157174
-0.0181011
-0.0242239
-0.0277315
-0.0255669
-0.0213142
-0.0199114
-0.0212345
-0.0213088
-0.0190940
-0.0190691
-0.0255166
-0.0357251
-0.0414412
-0.0377408
-0.0286875
-0.0225935
-0.0226960
-0.0247812
-0.0238882
-0.0204883
-0.0184536
-0.0190752
-0.0199405
-0.0192410
-0.0183196
-0.0188691
-0.0195625
-0.0175928
-0.0132388
-0.0107789
-0.0134974
-0.0186931
-0.0198125
-0.0143144
-0.0076648
-0.0074233
-0.0137508
-0.0181032
-0.0124683
0.0012480
0.0123511
0.0117850
0.0009388
-0.0098088
-0.0110481
-0.0030100
0.0053980
0.0059811
-0.0005998
-0.0060036
-0.0027931
0.0086413
0.0210183
0.0269881
0.0252123
0.0208020
0.0203918
0.0266198
0.0370109
0.0475414
0.0563332
0.0637817
0.0704420
0.0761750
0.0812130
0.0869376
0.0949116
0.1049952
0.1144050
0.1190750
0.1169070
0.1101283
0.1038558
0.1016009
0.1020376
0.1002669
0.0924214
0.0796595
0.0681135
0.0640428
0.0675735
0.0713751
0.0674167
0.0561369
0.0479514
0.0545414
0.0795668
0.1205147
0.1811846
0.2799378
0.4384522
0.6534248
0.8750599
1.0184160
1.0084777
0.8277508
0.5285716
0.2001695
-0.0829104
-0.2923527
-0.4393764
-0.5438082
-0.6092809
-0.6238591
-0.5793989
-0.4870468
-0.3741584
-0.2682466
-0.1840305
-0.1225586
-0.0786070
-0.0475674
-0.0270973
-0.0150948
-0.0082957
-0.0035337
0.0004479
0.0034944
0.0060875
0.0097309
0.0150749
0.0206441
0.0240301
0.0240131
0.0214126
0.0183016
0.0163379
0.0152893
0.0132982
0.0093211
0.0052453
0.0046478
0.0090271
0.0157344
0.0200515
0.0193826
0.0155768
0.0131606
0.0148047
0.0183073
0.0186701
0.0135472
0.0059087
0.0006821
-0.0005476
-0.0006543
-0.0033523
-0.0094998
-0.0169219
-0.0231316
-0.0280164
-0.0340200
-0.0435977
-0.0565048
-0.0699376
-0.0812716
-0.0900897
-0.0975716
-0.1047418
-0.1116062
-0.1173953
-0.1214241
-0.1241132
-0.1268720
-0.1299921
-0.1307527
-0.1250959
-0.1121173
-0.0962839
-0.0842597
-0.0791979
-0.0780403
-0.0744030
-0.0645361
-0.0507967
-0.0389105
-0.0316437
-0.0260569
-0.0176053
-0.0058122
0.0055809
0.0135832
0.0193316
0.0260896
0.0350627
0.0441812
0.0509899
0.0561716
0.0634362
0.0753418
0.0897091
0.1013689
0.1075748
0.1104853
0.1139582
0.1192893
0.1249845
0.1295287
0.1329407
0.1359879
0.1391341
0.1425412
0.1464728
0.1511139
0.1556995
0.1580344
0.1558870
0.1496705
0.1430406
0.1395661
0.1390434
0.1383984
0.1361856
0.1346575
0.1366692
0.1414573
0.1444474
0.1413457
0.1323541
0.1223388
0.1165704
0.1162522
0.1186834
0.1214644
0.1248453
0.1291201
0.1315877
0.1285973
0.1206483
0.1134770
0.1127799
0.1181059
0.1227407
0.1202816
0.1115740
0.1044982
0.1059556
0.1144106
0.1216925
0.1222264
0.1189348
0.1194159
0.1276545
0.1405179
0.1515369
0.1569993
0.1585515
0.1605896
0.1654662
0.1716189
0.1766183
0.1810694
0.1878833
0.1974148
0.2046907
0.2028412
0.1898618
0.1719926
0.1594734
0.1571830
0.1589563
0.1530269
0.1346830
0.1121879
0.0980312
0.0951952
0.0950323
0.0893328
0.0815992
0.0836808
0.1023316
0.1337171
0.1756747
0.2447078
0.3726063
0.5745850
0.8142002
1.0032950
1.0478291
0.9073074
0.6207557
0.2799756
-0.0268588
-0.2582533
-0.4213061
-0.5396213
-0.6202675
-0.6485502
-0.6099749
-0.5133738
-0.3917199
-0.2814186
-0.2005096
-0.1443990
-0.0998079
-0.0611580
-0.0333236
-0.0207176
-0.0179732
-0.0141092
-0.0042703
0.0060642
0.0090018
0.0039145
-0.0021162
-0.0022756
0.0031027
0.0077770
0.0068999
0.0019845
-0.0020157
-0.0034260
-0.0053720
-0.0101974
-0.0148217
-0.0137606
-0.0059901
0.0028920
0.0054424
-0.0011715
-0.0128573
-0.0221159
-0.0245295
-0.0224114
-0.0216373
-0.0247805
-0.0283772
-0.0274597
-0.0219274
-0.0176223
-0.0210407
-0.0327201
-0.0456124
-0.0509897
-0.0471577
-0.0415789
-0.0427853
-0.0507373
-0.0572359
-0.0559442
-0.0498369
-0.0476017
-0.0537263
-0.0633111
-0.0668556
-0.0601651
-0.0492814
-0.0446591
-0.0500382
-0.0581748
-0.0584154
-0.0474916
-0.0318853
-0.0206445
-0.0172750
-0.0180942
-0.0171366
-0.0124735
-0.0079452
-0.0082747
-0.0127937
-0.0156291
-0.0127136
-0.0070384
-0.0057027
-0.0125505
-0.0246074
-0.0351297
-0.0394646
-0.0383975
-0.0362657
-0.0358752
-0.0360296
-0.0347795
-0.0336862
-0.0363994
-0.0429976
-0.0481675
-0.0462784
-0.0373294
-0.0271356
-0.0219368
-0.0226303
-0.0237528
-0.0187078
-0.0068682
0.0051008
0.0098684
0.0066098
0.0006521
-0.0027855
-0.0027990
-0.0015226
-0.0006868
0.0001543
0.0028033
0.0079655
0.0135902
0.0164587
0.0156009
0.0129449
0.0103088
0.0074423
0.0038439
0.0007675
-0.0000614
0.0012101
0.0027073
0.0028664
0.0017851
0.0009887
0.0017880
0.0031401
0.0018271
-0.0035874
-0.0094371
-0.0099152
-0.0038424
0.0034019
0.0054560
0.0011395
-0.0054416
-0.0095918
-0.0099313
-0.0080568
-0.0048970
0.0016732
0.0138758
0.0285009
0.0372352
0.0350862
0.0270948
0.0238378
0.0304288
0.0419988
0.0500042
0.0512549
0.0503500
0.0540826
0.0636367
0.0722982
0.0715096
0.0590397
0.0400194
0.0205132
0.0027023
-0.0131855
-0.0255952
-0.0328416
-0.0358955
-0.0372405
-0.0368884
-0.0310863
-0.0159039
0.0079924
0.0360587
0.0694942
0.1259767
0.2344536
0.4072889
0.6103327
0.7641191
0.7857247
0.6421627
0.3728368
0.0630979
-0.2099231
-0.4167188
-0.5714533
-0.6950996
-0.7848969
-0.8181032
-0.7795667
-0.6808498
-0.5539987
-0.4309849
-0.3290956
-0.2512350
-0.1952994
-0.1606650
-0.1455490
-0.1414335
-0.1355171
-0.1210797
-0.1030393
-0.0910284
-0.0884282
-0.0899195
-0.0884236
-0.0825737
-0.0777275
-0.0801626
-0.0895111
-0.0973194
-0.0950911
-0.0838121
-0.0732325
-0.0713600
-0.0769483
-0.0828464
-0.0843274
-0.0829157
-0.0833997
-0.0878603
-0.0922531
-0.0898514
-0.0793452
-0.0679244
-0.0638918
-0.0673817
-0.0712409
-0.0703656
-0.0670733
-0.0670772
-0.0725501
-0.0797415
-0.0823877
-0.0778116
-0.0703485
-0.0675788
-0.0724497
-0.0808566
-0.0876599
-0.0923003
-0.0968231
-0.1012506
-0.1036922
-0.1034001
-0.1013903
-0.0990552
-0.0975374
-0.0972129
-0.0968904
-0.0949972
-0.0919195
-0.0891499
-0.0859546
-0.0795958
-0.0695953
-0.0594104
-0.0532234
-0.0529638
-0.0582177
-0.0664302
-0.0733647
-0.0762611
-0.0767168
-0.0780773
-0.0804699
-0.0811905
-0.0794821
-0.0778376
-0.0784980
-0.0809907
-0.0829310
-0.0816105
-0.0759201
-0.0684198
-0.0636994
-0.0626320
-0.0604451
-0.0529949
-0.0427258
-0.0355276
-0.0334875
-0.0334616
-0.0313585
-0.0257394
-0.0186818
-0.0144124
-0.0150262
-0.0167072
-0.0131276
-0.0035981
0.0056043
0.0093134
0.0091873
0.0096500
0.0116184
0.0124135
0.0095352
0.0033041
-0.0023013
-0.0017511
0.0061037
0.0148038
0.0166676
0.0119593
0.0078801
0.0090005
0.0127794
0.0142454
0.0113283
0.0059857
0.0032709
0.0079268
0.0183724
0.0258742
0.0236693
0.0152524
0.0098139
0.0113432
0.0160452
0.0186418
0.0175816
0.0155711
0.0174372
0.0251558
0.0334349
0.0342227
0.0276337
0.0234506
0.0288243
0.0393791
0.0458851
0.0452461
0.0416927
0.0413352
0.0482217
0.0615851
0.0748550
0.0815493
0.0833781
0.0880011
0.0984647
0.1102982
0.1190941
0.1248001
0.1283445
0.1302919
0.1329169
0.1375278
0.1401717
0.1358964
0.1259863
0.1151264
0.1040547
0.0917973
0.0817491
0.0774152
0.0751350
0.0696623
0.0647053
0.0696856
0.0876409
0.1135010
0.1441198
0.1879379
0.2689192
0.4183472
0.6441559
0.8949908
1.0660293
1.0609402
0.8572162
0.5163748
0.1414203
-0.1770915
-0.3975809
-0.5322658
-0.6146877
-0.6571618
-0.6453404
-0.5715408
-0.4554908
-0.3279565
-0.2113448
-0.1210615
-0.0658801
-0.0382467
-0.0205259
-0.0064063
-0.0002988
0.0032326
0.0154728
0.0293935
0.0284519
0.0203301
0.0281184
0.0460467
0.0448761
0.0272070
0.0287579
0.0500089
0.0406549
-0.0196393
