0.0186621
0.0239728
0.0456124
0.0567831
0.0545329
0.0575673
0.0731576
0.0887041
0.0928637
0.0864828
0.0744423
0.0628432
0.0630818
0.0835751
0.1162326
0.1423043
0.1518545
0.1486610
0.1384925
0.1235479
0.1078743
0.0977627
0.0944286
0.0923186
0.0854958
0.0723289
0.0561651
0.0450098
0.0463272
0.0571460
0.0639437
0.0587665
0.0516914
0.0603212
0.0899087
0.1323498
0.1855047
0.2659687
0.3952490
0.5681090
0.7320326
0.8037037
0.7201731
0.4859672
0.1724516
-0.1309549
-0.3676511
-0.5260726
-0.6178358
-0.6537662
-0.6375312
-0.5734051
-0.4752439
-0.3663489
-0.2690934
-0.1944972
-0.1425255
-0.1099823
-0.0939991
-0.0888588
-0.0853020
-0.0761148
-0.0610027
-0.0453983
-0.0358471
-0.0356208
-0.0420251
-0.0479580
-0.0481661
-0.0436474
-0.0384008
-0.0335497
-0.0276022
-0.0214370
-0.0194486
-0.0250129
-0.0365229
-0.0481511
-0.0538989
-0.0519889
-0.0464140
-0.0430988
-0.0437044
-0.0446863
-0.0429880
-0.0400695
-0.0386912
-0.0381925
-0.0356811
-0.0309074
-0.0276681
-0.0300648
-0.0377158
-0.0442966
-0.0416150
-0.0272282
-0.0080451
0.0060394
0.0127817
0.0197360
0.0347490
0.0559239
0.0720906
0.0723407
0.0548601
0.0277121
0.0017038
-0.0178666
-0.0326059
-0.0451196
-0.0544709
-0.0592357
-0.0625043
-0.0698709
-0.0823108
-0.0939597
-0.0979810
-0.0930971
-0.0837186
-0.0749449
-0.0684793
-0.0633089
-0.0595641
-0.0600178
-0.0660778
-0.0732271
-0.0738340
-0.0659194
-0.0566172
-0.0545699
-0.0601718
-0.0656151
-0.0641840
-0.0576458
-0.0541046
-0.0594346
-0.0712919
-0.0815980
-0.0846610
-0.0818396
-0.0777082
-0.0735304
-0.0670555
-0.0580997
-0.0510353
-0.0503922
-0.0557484
-0.0622223
-0.0649285
-0.0619627
-0.0539348
-0.0421535
-0.0281169
-0.0147682
-0.0069190
-0.0080056
-0.0153776
-0.0207110
-0.0173725
-0.0070009
0.0027343
0.0064935
0.0059286
0.0063856
0.0107047
0.0167569
0.0200769
0.0181724
0.0123796
0.0061189
0.0023472
0.0030919
0.0095957
0.0201261
0.0278904
0.0249343
0.0108809
-0.0036066
-0.0050704
0.0100064
0.0313312
0.0440879
0.0422516
0.0330718
0.0285863
0.0328296
0.0380367
0.0337945
0.0188437
0.0026104
-0.0042333
0.0007927
0.0114517
0.0196620
0.0223236
0.0225939
0.0253046
0.0310847
0.0353584
0.0337017
0.0275167
0.0230195
0.0244020
0.0290765
0.0305805
0.0262910
0.0217279
0.0259230
0.0412414
0.0583754
0.0637085
0.0527288
0.0348020
0.0235366
0.0235166
0.0277867
0.0273519
0.0211171
0.0161652
0.0196002
0.0311209
0.0434614
0.0493435
0.0473404
0.0412852
0.0355231
0.0318589
0.0300722
0.0294400
0.0295410
0.0308527
0.0347435
0.0416648
0.0490329
0.0521318
0.0480866
0.0388278
0.0299031
0.0262327
0.0282682
0.0314849
0.0300514
0.0221763
0.0121797
0.0067417
0.0088095
0.0152437
0.0202343
0.0208036
0.0191728
0.0198549
0.0242487
0.0284670
0.0273906
0.0207606
0.0139419
0.0122273
0.0156820
0.0204630
0.0239879
0.0271750
0.0317823
0.0369955
0.0395049
0.0367964
0.0298533
0.0221967
0.0163962
0.0123337
0.0092166
0.0080088
0.0102908
0.0150873
0.0186720
0.0182272
0.0147057
0.0113833
0.0102157
0.0103198
0.0098092
0.0084788
0.0082490
0.0108693
0.0156590
0.0203412
0.0240888
0.0285145
0.0348433
0.0409980
0.0428169
0.0382837
0.0300418
0.0237594
0.0240078
0.0308078
0.0393269
0.0434771
0.0411347
0.0364907
0.0370220
0.0475017
0.0660864
0.0855421
0.0985466
0.1028216
0.1016809
0.0995278
0.0971178
0.0917408
0.0814939
0.0680060
0.0546693
0.0433784
0.0337601
0.0248022
0.0161792
0.0082177
0.0018111
-0.0007864
0.0041970
0.0192688
0.0413396
0.0624028
0.0798502
0.1090558
0.1812698
0.3189159
0.5043721
0.6718951
0.7371766
0.6469453
0.4123422
0.1018092
-0.1992704
-0.4313394
-0.5779640
-0.6536281
-0.6797130
-0.6687901
-0.6241835
-0.5486123
-0.4518282
-0.3508380
-0.2629368
-0.1976106
-0.1541214
-0.1259434
-0.1069635
-0.0942991
-0.0873995
-0.0860746
-0.0891057
-0.0936560
-0.0957870
-0.0923231
-0.0831158
-0.0718109
-0.0637983
-0.0621444
-0.0647477
-0.0659684
-0.0619755
-0.0546521
-0.0498844
-0.0519559
-0.0595427
-0.0665612
-0.0666266
-0.0577210
-0.0439187
-0.0326363
-0.0291046
-0.0326697
-0.0382057
-0.0408701
-0.0394865
-0.0361610
-0.0337245
-0.0337112
-0.0359456
-0.0390839
-0.0411118
-0.0397123
-0.0332983
-0.0227282
-0.0118863
-0.0055623
-0.0061003
-0.0120450
-0.0197248
-0.0257255
-0.0284983
-0.0291048
-0.0308926
-0.0372280
-0.0482663
-0.0599633
-0.0669449
-0.0667062
-0.0611875
-0.0546109
-0.0499919
-0.0474478
-0.0452243
-0.0416388
-0.0356994
-0.0264777
-0.0132512
0.0030293
0.0190800
0.0310039
0.0367304
0.0366579
0.0326172
0.0269862
0.0223307
0.0205232
0.0213994
0.0224496
0.0203792
0.0136169
0.0039789
-0.0038906
-0.0052557
0.0016542
0.0144710
0.0277615
0.0350580
0.0312181
0.0153721
-0.0068499
-0.0249312
-0.0298816
-0.0212762
-0.0084954
-0.0037506
-0.0117844
-0.0252563
-0.0309769
-0.0221340
-0.0047475
0.0085350
0.0110700
0.0080009
0.0094393
0.0189771
0.0299993
0.0333013
0.0273711
0.0201545
0.0205254
0.0290318
0.0382663
0.0420344
0.0421697
0.0450513
0.0528039
0.0605244
0.0628238
0.0610755
0.0619740
0.0690061
0.0775890
0.0806503
0.0785579
0.0809077
0.0965240
0.1224949
0.1452280
0.1527756
0.1447945
0.1303005
0.1179727
0.1103748
0.1057900
0.1019022
0.0963761
0.0865468
0.0719937
0.0575241
0.0503407
0.0517662
0.0534880
0.0459925
0.0315703
0.0249701
0.0375258
0.0631666
0.0871573
0.1120890
0.1698021
0.2966547
0.4884483
0.6789265
0.7695472
0.6916533
0.4512798
0.1221036
-0.2027904
-0.4589909
-0.6267782
-0.7161854
-0.7439894
-0.7214272
-0.6551072
-0.5534744
-0.4312895
-0.3087303
-0.2055763
-0.1339494
-0.0943010
-0.0773563
-0.0705552
-0.0645157
-0.0557315
-0.0452994
-0.0362632
-0.0315011
-0.0319082
-0.0348106
-0.0346022
-0.0268858
-0.0130609
-0.0001617
0.0049889
0.0019673
-0.0028290
-0.0020070
0.0061802
0.0164135
0.0212998
0.0180598
0.0106348
0.0055125
0.0058273
0.0095606
0.0128632
0.0143885
0.0163281
0.0216821
0.0308126
0.0406639
0.0473560
0.0495315
0.0490627
0.0485980
0.0488240
0.0483217
0.0457953
0.0420791
0.0398741
0.0414465
0.0464548
0.0522074
0.0563771
0.0592580
0.0627577
0.0672446
0.0703716
0.0697164
0.0661611
0.0637789
0.0660119
0.0721003
0.0774159
0.0773456
0.0710051
0.0615505
0.0534060
0.0493852
0.0497924
0.0529856
0.0562266
0.0568753
0.0540557
0.0494567
0.0460131
0.0455641
0.0478086
0.0510829
0.0534907
0.0534363
0.0501165
0.0443138
0.0385033
0.0353494
0.0355038
0.0369812
0.0372180
0.0359193
0.0353225
0.0370870
0.0393190
0.0377221
0.0301044
0.0192095
0.0106146
0.0079594
0.0102457
0.0132342
0.0130538
0.0089114
0.0031833
-0.0006897
-0.0006815
0.0026633
0.0067643
0.0085412
0.0062472
0.0009399
-0.0035448
-0.0029543
0.0037836
0.0127043
0.0170353
0.0125907
0.0020284
-0.0064803
-0.0061148
0.0022162
0.0107764
0.0129907
0.0103841
0.0109815
0.0208237
0.0374567
0.0516718
0.0552768
0.0477217
0.0366828
0.0330812
0.0442626
0.0691660
0.0981183
0.1181780
0.1217033
0.1120143
0.1003926
0.0959453
0.0978578
0.0979339
0.0899721
0.0748614
0.0565886
0.0365623
0.0150141
-0.0034008
-0.0106041
-0.0048272
0.0036264
0.0022974
-0.0061401
-0.0018668
0.0309037
0.0828664
0.1293488
0.1671376
0.2347369
0.3799401
0.5958262
0.7915263
0.8400968
0.6706327
0.3240262
-0.0763343
-0.4089875
-0.6194171
-0.7208842
-0.7510467
-0.7352687
-0.6826803
-0.6002930
-0.5000693
-0.3943235
-0.2919240
-0.2016293
-0.1345933
-0.0982852
-0.0876160
-0.0858763
-0.0777647
-0.0618222
-0.0488065
-0.0477387
-0.0550070
-0.0580988
-0.0488850
-0.0314055
-0.0166142
-0.0114154
-0.0140626
-0.0188283
-0.0223562
-0.0244018
-0.0244904
-0.0211696
-0.0155680
-0.0131383
-0.0184118
-0.0275329
-0.0290618
-0.0152537
0.0077310
0.0235310
0.0211242
0.0059704
-0.0055153
-0.0023792
0.0109033
0.0206116
0.0182872
0.0079907
0.0002858
0.0015635
0.0103167
0.0217538
0.0327626
0.0416455
0.0457976
0.0428401
0.0343560
0.0263564
0.0243338
0.0281420
0.0329128
0.0351706
0.0368871
0.0425050
0.0524761
0.0613090
0.0628280
0.0566545
0.0485302
0.0444968
0.0456979
0.0488513
0.0505354
0.0500719
0.0487777
0.0477681
0.0472197
0.0473277
0.0489516
0.0526290
0.0570832
0.0593783
0.0570950
0.0504875
0.0424774
0.0364866
0.0339541
0.0334171
0.0318644
0.0275217
0.0218312
0.0184852
0.0198517
0.0240375
0.0257715
0.0207361
0.0094574
-0.0029767
-0.0112748
-0.0143107
-0.0152613
-0.0175154
-0.0209157
-0.0225598
-0.0211014
-0.0193304
-0.0218079
-0.0300506
-0.0404632
-0.0471288
-0.0465808
-0.0401033
-0.0320014
-0.0261519
-0.0240090
-0.0247934
-0.0262933
-0.0253504
-0.0190236
-0.0069897
0.0069055
0.0166927
0.0192346
0.0174978
0.0182226
0.0254324
0.0359879
0.0422809
0.0403616
0.0356209
0.0395151
0.0594681
0.0913661
0.1218769
0.1382801
0.1368021
0.1230626
0.1061340
0.0923169
0.0828143
0.0751192
0.0660234
0.0547278
0.0445124
0.0406425
0.0443289
0.0481953
0.0407550
0.0191878
-0.0024211
-0.0021140
0.0285233
0.0730599
0.1059254
0.1238549
0.1599705
0.2588575
0.4288158
0.6144641
0.7195396
0.6663591
0.4459481
0.1214488
-0.2130982
-0.4836441
-0.6617867
-0.7564785
-0.7887835
-0.7727323
-0.7130675
-0.6145541
-0.4904807
-0.3624752
-0.2528188
-0.1756870
-0.1327091
-0.1144402
-0.1064613
-0.0972384
-0.0837239
-0.0710245
-0.0659364
-0.0693442
-0.0744303
-0.0728451
-0.0629165
-0.0512306
-0.0456721
-0.0473917
-0.0502292
-0.0474993
-0.0382670
-0.0272007
-0.0199341
-0.0193261
-0.0244985
-0.0310362
-0.0321160
-0.0224385
-0.0039322
0.0128468
0.0161879
0.0045709
-0.0100931
-0.0129374
-0.0009041
0.0140284
0.0174610
0.0078570
-0.0019413
0.0016007
0.0186090
0.0357831
0.0396929
0.0295027
0.0170881
0.0155972
0.0279563
0.0454490
0.0563617
0.0560635
0.0498606
0.0471024
0.0524384
0.0619710
0.0673899
0.0639981
0.0550459
0.0484246
0.0492248
0.0554090
0.0601832
0.0580340
0.0488763
0.0377542
0.0314843
0.0346940
0.0468180
0.0613683
0.0689379
0.0635388
0.0480704
0.0332898
0.0293754
0.0369038
0.0461706
0.0462125
0.0348186
0.0196040
0.0096656
0.0069991
0.0062796
0.0021679
-0.0043196
-0.0070902
-0.0022148
0.0067082
0.0109745
0.0050787
-0.0071264
-0.0149703
-0.0106945
0.0025577
0.0128220
0.0105734
-0.0014725
-0.0105147
-0.0065929
0.0067857
0.0158584
0.0105883
-0.0054099
-0.0191739
-0.0214042
-0.0140078
-0.0055126
-0.0013898
-0.0002912
0.0014796
0.0044927
0.0063827
0.0061537
0.0062517
0.0098661
0.0172265
0.0253645
0.0311342
0.0338809
0.0354487
0.0382417
0.0432203
0.0491806
0.0539017
0.0565730
0.0593264
0.0657764
0.0774391
0.0918233
0.1046704
0.1139380
0.1206135
0.1251973
0.1246928
0.1151832
0.0979637
0.0811825
0.0728318
0.0716665
0.0670763
0.0499653
0.0235964
0.0019825
-0.0033491
0.0058074
0.0175843
0.0233468
0.0259577
0.0345790
0.0543418
0.0856247
0.1347374
0.2202236
0.3592892
0.5402454
0.7071447
0.7781562
0.6910940
0.4440450
0.1004989
-0.2445551
-0.5125475
-0.6714382
-0.7335873
-0.7312964
-0.6918580
-0.6278170
-0.5429213
-0.4430300
-0.3408702
-0.2516071
-0.1848173
-0.1406163
-0.1126693
-0.0942618
-0.0818249
-0.0740615
-0.0693833
-0.0652121
-0.0597852
-0.0539999
-0.0507121
-0.0517034
-0.0552716
-0.0570661
-0.0535961
-0.0451549
-0.0355694
-0.0292763
-0.0283766
-0.0317279
-0.0360912
-0.0381233
-0.0361519
-0.0311182
-0.0260944
-0.0241162
-0.0254750
-0.0269250
-0.0241976
-0.0158931
-0.0048769
0.0043491
0.0094911
0.0116101
0.0130647
0.0151978
0.0180668
0.0213896
0.0248173
0.0276154
0.0292590
0.0308473
0.0350624
0.0434954
0.0538656
0.0609222
0.0610030
0.0555500
0.0495283
0.0464464
0.0455391
0.0438515
0.0401751
0.0362237
0.0344149
0.0355351
0.0387869
0.0431716
0.0478437
0.0512967
0.0514608
0.0476885
0.0424859
0.0400361
0.0419004
0.0443023
0.0409401
0.0297116
0.0166364
0.0117865
0.0198741
0.0346077
0.0433924
0.0386405
0.0243949
0.0112921
0.0054801
0.0038263
0.0001705
-0.0059184
-0.0090985
-0.0066137
-0.0035329
-0.0070946
-0.0167076
-0.0227113
-0.0168112
-0.0024847
0.0071102
0.0019007
-0.0155245
-0.0331638
-0.0409694
-0.0383655
-0.0323326
-0.0304889
-0.0359204
-0.0460675
-0.0546837
-0.0559374
-0.0489925
-0.0391967
-0.0334114
-0.0333234
-0.0342349
-0.0312192
-0.0253032
-0.0217877
-0.0228570
-0.0244086
-0.0215551
-0.0152968
-0.0108929
-0.0098607
-0.0068419
0.0036283
0.0191808
0.0314401
0.0355836
0.0350672
0.0355849
0.0371331
0.0354874
0.0308960
0.0310845
0.0430152
0.0636413
0.0823173
0.0925029
0.0978016
0.1045279
0.1109123
0.1079013
0.0913743
0.0700248
0.0576582
0.0580177
0.0601912
0.0506769
0.0287033
0.0075046
0.0001739
0.0059108
0.0117852
0.0078833
-0.0009235
0.0004767
0.0218247
0.0590434
0.1041282
0.1632398
0.2596406
0.4098730
0.5903713
0.7288216
0.7384820
0.5750312
0.2709139
-0.0820679
-0.3878503
-0.5947995
-0.7044807
-0.7447795
-0.7387668
-0.6947099
-0.6162501
-0.5142513
-0.4069210
-0.3109006
-0.2341554
-0.1763828
-0.1339107
-0.1035005
-0.0830253
-0.0705605
-0.0637494
-0.0599804
-0.0570696
-0.0538973
-0.0503824
-0.0466865
-0.0424951
-0.0373345
-0.0315498
-0.0264206
-0.0228184
-0.0199405
-0.0160527
-0.0108016
-0.0063489
-0.0055655
-0.0089640
-0.0137525
-0.0161284
-0.0144246
-0.0100935
-0.0061139
-0.0047922
-0.0066530
-0.0104286
-0.0135371
-0.0130603
-0.0073731
0.0023891
0.0124831
0.0188113
0.0198507
0.0179063
0.0174009
0.0212150
0.0279179
0.0325054
0.0306374
0.0230002
0.0155197
0.0145075
0.0209331
0.0294875
0.0335780
0.0312761
0.0263564
0.0240169
0.0262866
0.0314335
0.0365241
0.0394729
0.0392787
0.0362416
0.0330092
0.0341987
0.0427773
0.0559837
0.0660560
0.0666605
0.0589850
0.0507329
0.0486176
0.0521947
0.0553905
0.0535403
0.0480289
0.0439782
0.0443782
0.0473745
0.0490228
0.0475741
0.0444290
0.0415033
0.0388561
0.0353654
0.0309732
0.0271071
0.0245696
0.0218467
0.0165897
0.0089827
0.0028124
0.0022089
0.0070912
0.0123531
0.0121333
0.0050759
-0.0045976
-0.0110415
-0.0117021
-0.0087473
-0.0064084
-0.0072721
-0.0107164
-0.0141580
-0.0154749
-0.0145562
-0.0130138
-0.0125392
-0.0133296
-0.0138973
-0.0123781
-0.0081259
-0.0022305
0.0032358
0.0063510
0.0061564
0.0032537
0.0002144
0.0009712
0.0084920
0.0219068
0.0358778
0.0438176
0.0429779
0.0370051
0.0332382
0.0366963
0.0459752
0.0547974
0.0578608
0.0556365
0.0537588
0.0577754
0.0683801
0.0815597
0.0930440
0.1021495
0.1109847
0.1201603
0.1261349
0.1237549
0.1118651
0.0960288
0.0846923
0.0816319
0.0818935
0.0759579
0.0591369
0.0373000
0.0224586
0.0215535
0.0297159
0.0358875
0.0356224
0.0368682
0.0513900
0.0816745
0.1206069
0.1669969
0.2378408
0.3555843
0.5145028
0.6592389
0.7055398
0.5949344
0.3388939
0.0135232
-0.2900480
-0.5160765
-0.6570892
-0.7304118
-0.7502280
-0.7207571
-0.6471568
-0.5439840
-0.4307724
-0.3226951
-0.2280187
-0.1523767
-0.1009300
-0.0744625
-0.0656108
-0.0622410
-0.0557838
-0.0457925
-0.0364324
-0.0298906
-0.0242945
-0.0173721
-0.0103404
-0.0071319
-0.0101607
-0.0175871
-0.0247350
-0.0276963
-0.0256221
-0.0203715
-0.0146676
-0.0103853
-0.0078545
-0.0064150
-0.0057768
-0.0068632
-0.0109176
-0.0174704
-0.0235430
-0.0256392
-0.0229421
-0.0182638
-0.0153441
-0.0151308
-0.0150041
-0.0117191
-0.0047377
0.0035333
0.0102647
0.0142459
0.0156040
0.0146916
0.0122140
0.0100819
0.0108380
0.0154267
0.0218922
0.0270840
0.0298427
0.0320155
0.0360225
0.0418551
0.0471166
0.0499503
0.0511274
0.0527365
0.0553159
0.0571999
0.0568957
0.0554014
0.0554918
0.0588010
0.0641242
0.0687311
0.0709279
0.0709519
0.0695949
0.0666467
0.0611158
0.0527407
0.0428030
0.0334022
0.0262839
0.0224382
0.0222332
0.0252003
0.0295944
0.0327856
0.0327877
0.0296891
0.0254698
0.0221732
0.0200851
0.0176470
0.0131963
0.0068936
0.0010433
-0.0015290
0.0002386
0.0044483
0.0071335
0.0048847
-0.0024726
-0.0112990
-0.0165755
-0.0157672
-0.0109402
-0.0071448
-0.0082813
-0.0139626
-0.0200594
-0.0223419
-0.0198862
-0.0153061
-0.0120035
-0.0113542
-0.0123121
-0.0131426
-0.0131047
-0.0126309
-0.0124065
-0.0125007
-0.0121387
-0.0100898
-0.0055210
0.0010517
0.0075566
0.0116211
0.0126409
0.0125715
0.0140011
0.0170351
0.0186218
0.0158556
0.0100028
0.0063245
0.0091608
0.0174665
0.0258549
0.0299371
0.0298835
0.0286593
0.0279777
0.0273015
0.0265000
0.0275512
0.0321853
0.0387091
0.0434301
0.0461076
0.0521988
0.0671704
0.0882067
0.1036891
0.1031119
0.0876603
0.0694850
0.0594825
0.0563902
0.0492941
0.0312078
0.0087573
-0.0034469
0.0015831
0.0148187
0.0203673
0.0133071
0.0067500
0.0195671
0.0579729
0.1126003
0.1761303
0.2609442
0.3908352
0.5662127
0.7349862
0.8051389
0.7001800
0.4164559
0.0341221
-0.3291954
-0.5856392
-0.7147434
-0.7502403
-0.7374296
-0.7000833
-0.6381365
-0.5468489
-0.4336431
-0.3184104
-0.2215526
-0.1529582
-0.1101952
-0.0843965
-0.0672823
-0.0545044
-0.0449314
-0.0382924
-0.0335855
-0.0292008
-0.0243030
-0.0200583
-0.0190677
-0.0226884
-0.0285019
-0.0312243
-0.0274252
-0.0197245
-0.0153770
-0.0195168
-0.0295614
-0.0369992
-0.0353595
-0.0263408
-0.0176955
-0.0152425
-0.0176270
-0.0189988
-0.0157377
-0.0094733
-0.0040262
-0.0010947
0.0004044
0.0022719
0.0062426
0.0150648
0.0320218
0.0574042
0.0858672
0.1094049
0.1243549
0.1348946
0.1482205
0.1659630
0.1813011
0.1852063
0.1750640
0.1566691
0.1385013
0.1252503
0.1167107
0.1110110
0.1070734
0.1040044
0.0997395
0.0917241
0.0791180
0.0638472
0.0493427
0.0384857
0.0325938
0.0314215
0.0332274
0.0350535
0.0340773
0.0295163
0.0231574
0.0177040
0.0145682
0.0131566
0.0118068
0.0090991
0.0046872
-0.0005011
-0.0049817
-0.0083742
-0.0125708
-0.0203913
-0.0321221
-0.0437156
-0.0498581
-0.0495880
-0.0478508
-0.0500746
-0.0557207
-0.0594263
-0.0592976
-0.0614223
-0.0726337
-0.0886383
-0.0928679
-0.0700572
-0.0197886
0.0467822
0.1238967
0.2196958
0.3406085
0.4639772
0.5300005
0.4702914
0.2555449
-0.0760945
-0.4342359
-0.7240682
-0.8920510
-0.9405045
-0.9080471
-0.8359503
-0.7453951
-0.6377405
-0.5110410
-0.3751325
-0.2518288
-0.1614304
-0.1088630
-0.0820961
-0.0635403
-0.0434547
-0.0237244
-0.0105660
-0.0051798
-0.0018827
0.0056234
0.0174613
0.0273989
0.0290473
0.0221100
0.0129124
0.0090121
0.0128569
0.0199780
0.0230858
0.0184420
0.0092417
0.0033601
0.0071733
0.0201058
0.0343697
0.0407865
0.0364290
0.0273548
0.0233857
0.0293576
0.0411461
0.0503819
0.0530734
0.0532832
0.0581015
0.0693885
0.0813266
0.0865380
0.0840034
0.0800160
0.0813256
0.0882795
0.0952830
0.0974312
0.0957867
0.0960370
0.1025542
0.1140944
0.1249834
0.1300760
0.1286942
0.1244257
0.1216171
0.1217923
0.1227164
0.1206761
0.1142385
0.1062489
0.1016749
0.1026646
0.1057349
0.1046346
0.0964158
0.0842256
0.0736073
0.0664240
0.0594239
0.0492438
0.0379844
0.0322941
0.0361785
0.0455394
0.0512584
0.0480083
0.0390529
0.0317321
0.0291055
0.0274157
0.0217968
0.0129852
0.0070453
0.0086009
0.0155298
0.0211061
0.0209227
0.0167773
0.0137619
0.0146780
0.0180737
0.0208790
0.0213909
0.0195135
0.0156900
0.0110816
0.0084213
0.0109821
0.0194389
0.0298930
0.0360556
0.0343206
0.0269166
0.0198298
0.0174851
0.0194658
0.0220983
0.0225166
0.0208718
0.0191910
0.0189243
0.0197010
0.0199455
0.0184042
0.0152856
0.0121628
0.0106932
0.0111634
0.0121292
0.0116629
0.0094082
0.0076005
0.0095085
0.0160222
0.0237283
0.0273008
0.0246078
0.0191941
0.0168663
0.0195200
0.0229106
0.0212572
0.0141077
0.0078697
0.0096515
0.0195191
0.0296526
0.0317738
0.0250798
0.0163383
0.0125935
0.0147334
0.0182309
0.0189580
0.0172268
0.0164817
0.0192215
0.0247873
0.0305534
0.0343158
0.0353568
0.0340910
0.0316314
0.0295803
0.0293431
0.0312908
0.0351222
0.0412282
0.0507315
0.0631499
0.0744186
0.0788765
0.0746010
0.0669076
0.0655958
0.0773425
0.0996919
0.1222369
0.1342866
0.1324050
0.1215061
0.1094305
0.1006824
0.0946934
0.0887715
0.0816115
0.0737602
0.0654295
0.0551523
0.0415770
0.0263254
0.0136897
0.0066486
0.0041275
0.0036925
0.0065532
0.0175763
0.0391802
0.0677112
0.1003096
0.1468139
0.2298668
0.3637725
0.5259864
0.6505379
0.6592984
0.5127154
0.2396957
-0.0788126
-0.3588006
-0.5552229
-0.6684250
-0.7200090
-0.7261889
-0.6907062
-0.6157508
-0.5132793
-0.4037508
-0.3054375
-0.2265128
-0.1664974
-0.1226815
-0.0936702
-0.0778781
-0.0710612
-0.0670216
-0.0610749
-0.0525656
-0.0439000
-0.0374012
-0.0333894
-0.0309463
-0.0294684
-0.0287244
-0.0278938
-0.0256782
-0.0217539
-0.0175710
-0.0152228
-0.0156073
-0.0178849
-0.0205757
-0.0228268
-0.0243821
-0.0244579
-0.0212864
-0.0135887
-0.0027640
0.0069805
0.0115321
0.0103407
0.0070385
0.0064647
0.0106665
0.0172835
0.0216976
0.0211082
0.0168425
0.0128061
0.0119078
0.0141634
0.0176603
0.0201744
0.0195965
0.0142428
0.0044904
-0.0058390
-0.0114231
-0.0104145
-0.0074640
-0.0102700
-0.0218024
-0.0363197
-0.0446172
-0.0438287
-0.0408580
-0.0448365
-0.0566600
-0.0674605
-0.0677121
-0.0566852
-0.0422309
-0.0322607
-0.0279616
-0.0254507
-0.0222713
-0.0201006
-0.0207227
-0.0214613
-0.0172870
-0.0079111
-0.0005488
-0.0032808
-0.0157018
-0.0280674
-0.0310155
-0.0255332
-0.0218605
-0.0280457
-0.0406357
-0.0480954
-0.0434678
-0.0320937
-0.0255862
-0.0290424
-0.0361258
-0.0370514
-0.0295259
-0.0202193
-0.0162183
-0.0171039
-0.0163246
-0.0092721
0.0015999
0.0099277
0.0124242
0.0115201
0.0114790
0.0135515
0.0157671
0.0163173
0.0155433
0.0147120
0.0143525
0.0145861
0.0163221
0.0210279
0.0290192
0.0382764
0.0452742
0.0473257
0.0446216
0.0403871
0.0388770
0.0422530
0.0482989
0.0512406
0.0464605
0.0359368
0.0283617
0.0316228
0.0441638
0.0551289
0.0545925
0.0434014
0.0319257
0.0294114
0.0358094
0.0441095
0.0488709
0.0507378
0.0531189
0.0568527
0.0597598
0.0603922
0.0599602
0.0602977
0.0621522
0.0668657
0.0776992
0.0962369
0.1171834
0.1297034
0.1264710
0.1111341
0.0953522
0.0881395
0.0886447
0.0889184
0.0821516
0.0676282
0.0495630
0.0337813
0.0254177
0.0263589
0.0322319
0.0339399
0.0267054
0.0184194
0.0247038
0.0523492
0.0908454
0.1268702
0.1683546
0.2464390
0.3827821
0.5500409
0.6692357
0.6565130
0.4829428
0.1957444
-0.1154288
-0.3745401
-0.5513686
-0.6536729
-0.6999023
-0.7008709
-0.6597245
-0.5806902
-0.4749009
-0.3596939
-0.2537767
-0.1713732
-0.1176697
-0.0877590
-0.0704307
-0.0552928
-0.0386148
-0.0235733
-0.0151496
-0.0146099
-0.0183739
-0.0215635
-0.0224625
-0.0237754
-0.0293750
-0.0392059
-0.0474857
-0.0470945
-0.0365958
-0.0225088
-0.0138978
-0.0146320
-0.0209011
-0.0255360
-0.0241424
-0.0177388
-0.0108712
-0.0077085
-0.0091338
-0.0124186
-0.0132881
-0.0089741
-0.0003864
0.0082375
0.0124287
0.0110585
0.0070596
0.0046990
0.0066228
0.0135176
0.0250935
0.0396953
0.0533657
0.0615025
0.0627928
0.0608481
0.0608076
0.0642643
0.0681864
0.0689959
0.0670195
0.0660407
0.0683968
0.0716508
0.0713806
0.0670923
0.0638552
0.0671164
0.0764790
0.0854722
0.0873889
0.0810392
0.0712357
0.0642742
0.0627114
0.0637894
0.0625969
0.0568814
0.0489768
0.0433036
0.0422377
0.0442331
0.0454578
0.0430934
0.0373381
0.0304631
0.0241706
0.0183546
0.0125050
0.0072916
0.0036857
0.0010270
-0.0024859
-0.0069657
-0.0097456
-0.0082835
-0.0039290
-0.0017433
-0.0058030
-0.0146419
-0.0219467
-0.0224712
-0.0172998
-0.0127009
-0.0136909
-0.0193763
-0.0247320
-0.0258895
-0.0229510
-0.0185821
-0.0153382
-0.0144108
-0.0156790
-0.0179760
-0.0194382
-0.0184389
-0.0150039
-0.0113925
-0.0103589
-0.0119026
-0.0121821
-0.0070783
0.0026680
0.0108531
0.0112904
0.0038421
-0.0052907
-0.0091563
-0.0059526
0.0000944
0.0032886
0.0019242
-0.0006090
0.0001637
0.0052641
0.0118705
0.0165950
0.0182934
0.0180585
0.0175801
0.0177847
0.0184203
0.0185448
0.0175412
0.0157707
0.0143319
0.0144960
0.0173453
0.0232333
0.0310644
0.0384881
0.0433100
0.0445794
0.0422917
0.0369032
0.0299693
0.0249099
0.0260564
0.0360879
0.0538907
0.0746933
0.0926727
0.1041757
0.1087735
0.1074427
0.1007475
0.0897620
0.0777841
0.0686936
0.0626528
0.0551020
0.0419309
0.0253697
0.0129377
0.0095763
0.0118367
0.0117944
0.0073080
0.0064655
0.0195628
0.0479006
0.0854275
0.1343069
0.2142099
0.3461492
0.5194354
0.6748170
0.7279612
0.6211970
0.3636438
0.0277511
-0.2937601
-0.5358252
-0.6804239
-0.7427323
-0.7456327
-0.7051133
-0.6310272
-0.5334411
-0.4254118
-0.3208227
-0.2305887
-0.1604167
-0.1111406
-0.0804040
-0.0639064
-0.0560870
-0.0514157
-0.0462783
-0.0399902
-0.0342519
-0.0316630
-0.0337291
-0.0388879
-0.0424560
-0.0398687
-0.0308983
-0.0205048
-0.0151350
-0.0177732
-0.0257400
-0.0326954
-0.0334857
-0.0282879
-0.0222424
-0.0204959
-0.0235752
-0.0277975
-0.0295529
-0.0283353
-0.0259280
-0.0237446
-0.0214240
-0.0176694
-0.0120575
-0.0057131
-0.0000569
0.0046180
0.0087191
0.0121981
0.0153178
0.0204502
0.0310012
0.0472824
0.0646962
0.0776975
0.0854570
0.0926118
0.1042781
0.1208247
0.1376984
0.1501133
0.1574291
0.1623123
0.1656471
0.1635914
0.1509159
0.1269092
0.0970965
0.0696588
0.0511583
0.0447072
0.0495564
0.0610417
0.0719852
0.0760302
0.0709636
0.0596213
0.0476138
0.0392306
0.0346395
0.0309782
0.0259808
0.0197300
0.0129532
0.0052632
-0.0038917
-0.0137355
-0.0230010
-0.0315786
-0.0399394
-0.0472075
-0.0513065
-0.0516862
-0.0512423
-0.0543663
-0.0621967
-0.0701133
-0.0717652
-0.0668498
-0.0632982
-0.0689584
-0.0810878
-0.0866316
-0.0735576
-0.0392849
0.0134290
0.0848257
0.1748964
0.2669420
0.3165277
0.2662518
0.0837489
-0.2070168
-0.5324218
-0.8127860
-1.0064722
-1.1182136
-1.1716352
-1.1782116
-1.1309392
-1.0214639
-0.8583177
-0.6684289
-0.4833686
-0.3251256
-0.2027038
-0.1170976
-0.0648613
-0.0371394
-0.0203221
-0.0024024
0.0202417
0.0428053
0.0582520
0.0635211
0.0614183
0.0580189
0.0578195
0.0604736
0.0622985
0.0610142
0.0583604
0.0580554
0.0620929
0.0691530
0.0757268
0.0786776
0.0775854
0.0748404
0.0731320
0.0733244
0.0750889
0.0780437
0.0807737
0.0803307
0.0755929
0.0709274
0.0735912
0.0860996
0.1024518
0.1131584
0.1139908
0.1097112
0.1093101
0.1172896
0.1296377
0.1389546
0.1429751
0.1462105
0.1531630
0.1626360
0.1702353
0.1743441
0.1773761
0.1821079
0.1886314
0.1944963
0.1966029
0.1932974
0.1855146
0.1758635
0.1666277
0.1589899
0.1532397
0.1481121
0.1405354
0.1283207
0.1132949
0.0998052
0.0898440
0.0814363
0.0720137
0.0615179
0.0518471
0.0449235
0.0416760
0.0415271
0.0425104
0.0427282
0.0415899
0.0392422
0.0359543
0.0328764
0.0316261
0.0315932
0.0295100
0.0238675
0.0182788
0.0179682
0.0236711
0.0309902
0.0351415
0.0348070
0.0321308
0.0303381
0.0307174
0.0311563
0.0285300
0.0226995
0.0166247
0.0126480
0.0109288
0.0113623
0.0137775
0.0156132
0.0129227
0.0053599
-0.0024051
-0.0057718
-0.0048196
-0.0030803
-0.0037117
-0.0073289
-0.0116029
-0.0127980
-0.0095591
-0.0048823
-0.0025883
-0.0029742
-0.0040703
-0.0053019
-0.0068235
-0.0070914
-0.0048440
-0.0021032
-0.0014771
-0.0017113
0.0004128
0.0048168
0.0081471
0.0081822
0.0056730
0.0031768
0.0038925
0.0091309
0.0150624
0.0154413
0.0099168
0.0057687
0.0087878
0.0165410
0.0232107
0.0264210
0.0265209
0.0242294
0.0221508
0.0236822
0.0275586
0.0284669
0.0251717
0.0223448
0.0227867
0.0245170
0.0268230
0.0313513
0.0358449
0.0354220
0.0312947
0.0289916
0.0278357
0.0235059
0.0206073
0.0281529
0.0417716
0.0475846
0.0461800
0.0524408
0.0658976
0.0645726
0.0404228
