0.0184863
0.0050373
0.0022363
0.0064702
0.0106158
0.0123434
0.0146343
0.0196306
0.0243235
0.0235796
0.0174085
0.0136654
0.0211726
0.0397307
0.0592224
0.0699224
0.0715586
0.0701884
0.0684454
0.0628388
0.0505714
0.0350700
0.0226147
0.0154891
0.0109673
0.0065013
0.0032148
0.0027993
0.0025687
-0.0030079
-0.0141796
-0.0216409
-0.0142351
0.0088848
0.0383445
0.0705552
0.1211208
0.2147977
0.3557114
0.5063355
0.5998474
0.5802973
0.4387540
0.2167412
-0.0229818
-0.2318265
-0.3903746
-0.4992283
-0.5625067
-0.5805158
-0.5534469
-0.4876035
-0.3972239
-0.3012435
-0.2175695
-0.1575080
-0.1226117
-0.1056393
-0.0956362
-0.0846718
-0.0720283
-0.0626362
-0.0608906
-0.0653974
-0.0696561
-0.0678854
-0.0601620
-0.0519959
-0.0489337
-0.0512728
-0.0538717
-0.0515040
-0.0446730
-0.0396274
-0.0419474
-0.0503182
-0.0574132
-0.0570808
-0.0500923
-0.0425861
-0.0395121
-0.0404190
-0.0416571
-0.0416789
-0.0429645
-0.0485839
-0.0580677
-0.0678226
-0.0751831
-0.0806016
-0.0855841
-0.0900546
-0.0931835
-0.0961767
-0.1023578
-0.1135889
-0.1274350
-0.1391425
-0.1467050
-0.1531310
-0.1627840
-0.1755326
-0.1854702
-0.1861675
-0.1770583
-0.1642303
-0.1549924
-0.1517890
-0.1508606
-0.1460581
-0.1341455
-0.1175110
-0.1023834
-0.0938294
-0.0914492
-0.0895847
-0.0822155
-0.0683510
-0.0529355
-0.0422489
-0.0380418
-0.0360775
-0.0305272
-0.0197168
-0.0073995
0.0013289
0.0047931
0.0055827
0.0076883
0.0134476
0.0225633
0.0327265
0.0407675
0.0441887
0.0429302
0.0400999
0.0402764
0.0459770
0.0552348
0.0629421
0.0651470
0.0622764
0.0582554
0.0568385
0.0590393
0.0635456
0.0685429
0.0727580
0.0755043
0.0766882
0.0769356
0.0771731
0.0776378
0.0773747
0.0751180
0.0709549
0.0669632
0.0657362
0.0679593
0.0714865
0.0729551
0.0703657
0.0643033
0.0571776
0.0516737
0.0496939
0.0520588
0.0585381
0.0678118
0.0774543
0.0845125
0.0869818
0.0853379
0.0825730
0.0822596
0.0861209
0.0931345
0.1006444
0.1061265
0.1080692
0.1058234
0.0995079
0.0905870
0.0820025
0.0762792
0.0724747
0.0656882
0.0514321
0.0314476
0.0141780
0.0077567
0.0120430
0.0185466
0.0189457
0.0130602
0.0077861
0.0099069
0.0239455
0.0591974
0.1345356
0.2661583
0.4415220
0.6045752
0.6754891
0.5982519
0.3801789
0.0900837
-0.1838909
-0.3827093
-0.4958376
-0.5449310
-0.5541380
-0.5334060
-0.4824927
-0.4040680
-0.3109567
-0.2224758
-0.1549132
-0.1138834
-0.0933164
-0.0812540
-0.0684021
-0.0533078
-0.0404196
-0.0333715
-0.0302689
-0.0256394
-0.0166992
-0.0068972
-0.0025607
-0.0060509
-0.0128473
-0.0158067
-0.0120312
-0.0050938
-0.0006388
-0.0004485
-0.0012158
0.0011951
0.0070248
0.0125954
0.0148383
0.0151485
0.0179878
0.0255501
0.0345651
0.0393198
0.0380697
0.0359426
0.0409462
0.0568813
0.0799066
0.1013768
0.1134329
0.1123627
0.0986186
0.0760276
0.0516698
0.0344904
0.0307715
0.0390300
0.0497738
0.0519445
0.0410890
0.0221112
0.0044958
-0.0052857
-0.0076248
-0.0074115
-0.0084979
-0.0101767
-0.0085051
-0.0008812
0.0105263
0.0198380
0.0222362
0.0180226
0.0119305
0.0082891
0.0070783
0.0050784
0.0005416
-0.0043607
-0.0063023
-0.0052147
-0.0046860
-0.0077708
-0.0133664
-0.0174334
-0.0172914
-0.0138296
-0.0095982
-0.0058180
-0.0019390
0.0025341
0.0070029
0.0107792
0.0142068
0.0181551
0.0230845
0.0298152
0.0415909
0.0650917
0.1095895
0.1852078
0.2994336
0.4490206
0.6089164
0.7289337
0.7501372
0.6383158
0.4120635
0.1398165
-0.0974773
-0.2515803
-0.3255369
-0.3542240
-0.3680880
-0.3721733
-0.3536369
-0.3037107
-0.2309101
-0.1558288
-0.0964788
-0.0587632
-0.0379741
-0.0263128
-0.0186370
-0.0134008
-0.0108238
-0.0111147
-0.0136195
-0.0165971
-0.0176338
-0.0148186
-0.0080469
0.0006433
0.0081615
0.0122813
0.0132264
0.0138465
0.0179516
0.0275717
0.0410495
0.0537308
0.0611447
0.0623472
0.0606599
0.0611309
0.0669601
0.0779683
0.0919168
0.1064958
0.1196014
0.1283353
0.1293040
0.1212048
0.1071517
0.0933586
0.0843548
0.0791500
0.0726354
0.0614100
0.0482640
0.0403563
0.0424849
0.0522197
0.0620252
0.0663012
0.0662079
0.0675776
0.0743524
0.0842931
0.0910499
0.0902283
0.0833728
0.0761578
0.0728049
0.0721956
0.0692816
0.0603342
0.0470595
0.0356284
0.0312680
0.0333328
0.0357765
0.0330017
0.0254287
0.0188453
0.0179243
0.0208980
0.0215403
0.0165316
0.0098888
0.0091051
0.0170128
0.0284564
0.0355395
0.0354941
0.0324374
0.0316412
0.0335226
0.0341876
0.0310366
0.0262051
0.0240565
0.0264071
0.0312062
0.0353666
0.0375394
0.0378139
0.0360377
0.0319700
0.0270711
0.0245916
0.0265292
0.0306822
0.0319571
0.0273565
0.0193271
0.0135501
0.0134324
0.0171903
0.0203160
0.0202476
0.0181034
0.0161804
0.0147424
0.0119848
0.0069695
0.0017582
0.0000111
0.0034833
0.0101892
0.0160249
0.0180104
0.0161417
0.0127726
0.0106929
0.0114402
0.0145279
0.0177644
0.0187368
0.0168353
0.0141169
0.0136247
0.0162495
0.0194520
0.0198229
0.0170709
0.0146776
0.0158762
0.0194314
0.0205982
0.0167157
0.0110011
0.0097473
0.0157434
0.0252380
0.0316756
0.0317474
0.0272360
0.0217305
0.0171270
0.0137605
0.0123285
0.0136694
0.0166079
0.0179525
0.0160564
0.0135645
0.0147608
0.0197875
0.0231106
0.0193322
0.0101936
0.0040503
0.0073639
0.0174186
0.0246977
0.0225501
0.0135692
0.0061074
0.0055325
0.0099403
0.0138514
0.0143327
0.0126723
0.0112468
0.0105445
0.0096076
0.0081137
0.0068373
0.0063116
0.0061252
0.0059259
0.0063337
0.0080135
0.0100877
0.0105168
0.0086285
0.0067703
0.0085968
0.0154342
0.0246290
0.0317460
0.0344383
0.0343515
0.0356792
0.0420171
0.0540128
0.0690391
0.0826601
0.0910079
0.0928639
0.0900622
0.0856648
0.0813552
0.0766401
0.0706924
0.0644036
0.0595858
0.0558502
0.0493932
0.0364835
0.0186035
0.0029314
-0.0038397
-0.0024402
-0.0007205
-0.0055061
-0.0151963
-0.0214758
-0.0178455
-0.0036664
0.0230193
0.0758326
0.1774532
0.3384280
0.5325474
0.6935500
0.7439396
0.6397255
0.3992491
0.0946612
-0.1875489
-0.3888339
-0.4968022
-0.5332554
-0.5276385
-0.4976438
-0.4476489
-0.3793162
-0.3008641
-0.2266247
-0.1693578
-0.1336714
-0.1157824
-0.1079989
-0.1032382
-0.0971798
-0.0887717
-0.0799775
-0.0742375
-0.0735231
-0.0760942
-0.0775656
-0.0748270
-0.0689110
-0.0636114
-0.0613141
-0.0607119
-0.0588236
-0.0546696
-0.0502515
-0.0480303
-0.0482375
-0.0490497
-0.0488234
-0.0473732
-0.0451724
-0.0423105
-0.0389655
-0.0364249
-0.0364337
-0.0389540
-0.0412341
-0.0401876
-0.0359901
-0.0326931
-0.0346658
-0.0424964
-0.0527145
-0.0613834
-0.0674738
-0.0727391
-0.0791202
-0.0870585
-0.0960757
-0.1058241
-0.1158054
-0.1246511
-0.1309746
-0.1353666
-0.1405710
-0.1485083
-0.1571889
-0.1617263
-0.1591395
-0.1516262
-0.1442100
-0.1392366
-0.1341526
-0.1251682
-0.1123232
-0.0998507
-0.0915251
-0.0866145
-0.0809356
-0.0712585
-0.0579882
-0.0441382
-0.0330256
-0.0270186
-0.0266354
-0.0290495
-0.0281029
-0.0183935
-0.0010761
0.0152562
0.0215410
0.0169503
0.0098668
0.0094967
0.0170711
0.0261482
0.0309460
0.0325415
0.0360760
0.0433544
0.0503771
0.0524754
0.0501160
0.0481470
0.0499054
0.0537573
0.0559351
0.0554693
0.0549414
0.0566432
0.0594699
0.0604255
0.0585001
0.0559404
0.0556015
0.0579072
0.0608993
0.0626653
0.0628638
0.0619472
0.0598458
0.0561067
0.0510651
0.0461829
0.0429740
0.0418704
0.0423281
0.0437167
0.0455848
0.0470142
0.0463987
0.0427566
0.0376131
0.0350851
0.0391221
0.0498693
0.0626247
0.0709563
0.0717417
0.0678240
0.0658201
0.0708824
0.0828986
0.0970957
0.1078828
0.1122120
0.1100924
0.1031438
0.0934680
0.0835525
0.0759343
0.0716568
0.0687451
0.0629942
0.0514258
0.0355450
0.0208028
0.0120075
0.0088325
0.0061801
-0.0004292
-0.0097786
-0.0158606
-0.0142547
-0.0065929
0.0038933
0.0234679
0.0733998
0.1785330
0.3419896
0.5254906
0.6563119
0.6632273
0.5190264
0.2587011
-0.0403797
-0.3009425
-0.4799549
-0.5740971
-0.6015120
-0.5810009
-0.5246414
-0.4426601
-0.3489133
-0.2593499
-0.1860122
-0.1333414
-0.0994230
-0.0794367
-0.0680741
-0.0606263
-0.0539177
-0.0469973
-0.0405054
-0.0349456
-0.0297388
-0.0241560
-0.0187786
-0.0153232
-0.0147052
-0.0155498
-0.0150699
-0.0116612
-0.0066510
-0.0033493
-0.0040674
-0.0076975
-0.0100924
-0.0071317
0.0019976
0.0140477
0.0240683
0.0288299
0.0286016
0.0263262
0.0254280
0.0280285
0.0342474
0.0423000
0.0492407
0.0524958
0.0516198
0.0487772
0.0470798
0.0480185
0.0503980
0.0517128
0.0503777
0.0465909
0.0414272
0.0356465
0.0295346
0.0235397
0.0186364
0.0159784
0.0162911
0.0194922
0.0245634
0.0296580
0.0327403
0.0327892
0.0306759
0.0285373
0.0277568
0.0274085
0.0250093
0.0191699
0.0115058
0.0056184
0.0039258
0.0054987
0.0070801
0.0060472
0.0020956
-0.0036884
-0.0103015
-0.0164299
-0.0191874
-0.0153476
-0.0055121
0.0035492
0.0031421
-0.0089194
-0.0244695
-0.0312652
-0.0241579
-0.0098372
-0.0001517
-0.0010771
-0.0084975
-0.0138608
-0.0124820
-0.0062657
-0.0002013
0.0020831
-0.0000306
-0.0045749
-0.0079307
-0.0066849
-0.0005225
0.0065269
0.0091488
0.0059924
0.0013073
0.0004752
0.0041682
0.0078940
0.0074278
0.0035983
0.0008847
0.0019497
0.0049223
0.0063521
0.0056215
0.0052097
0.0068281
0.0086809
0.0075652
0.0034226
0.0007613
0.0047146
0.0155269
0.0273260
0.0329652
0.0306460
0.0260101
0.0274742
0.0389184
0.0563969
0.0718041
0.0798587
0.0817109
0.0820179
0.0830255
0.0821236
0.0753029
0.0622736
0.0472414
0.0346061
0.0249171
0.0158556
0.0064305
-0.0015575
-0.0067394
-0.0110133
-0.0168433
-0.0220183
-0.0203046
-0.0096659
0.0026527
0.0095239
0.0223055
0.0758920
0.2047312
0.4033416
0.6075429
0.7210859
0.6733097
0.4640117
0.1612644
-0.1427175
-0.3808300
-0.5315751
-0.6063493
-0.6245843
-0.5991164
-0.5373711
-0.4490249
-0.3494484
-0.2562198
-0.1828213
-0.1344058
-0.1076623
-0.0941864
-0.0854394
-0.0767771
-0.0683395
-0.0624917
-0.0601201
-0.0590046
-0.0554896
-0.0475970
-0.0366704
-0.0264062
-0.0204719
-0.0204964
-0.0252563
-0.0311239
-0.0338016
-0.0309182
-0.0238562
-0.0168673
-0.0135511
-0.0136393
-0.0133229
-0.0090251
-0.0008594
0.0077306
0.0135432
0.0164600
0.0188117
0.0226029
0.0279584
0.0340761
0.0408581
0.0491392
0.0597627
0.0730809
0.0890820
0.1068376
0.1232188
0.1332820
0.1339638
0.1281356
0.1234049
0.1245865
0.1269428
0.1189236
0.0938997
0.0593839
0.0328865
0.0270626
0.0387653
0.0530320
0.0573237
0.0510816
0.0420925
0.0360134
0.0314043
0.0241186
0.0136440
0.0033960
-0.0040368
-0.0096114
-0.0153254
-0.0207159
-0.0234417
-0.0229589
-0.0220519
-0.0240564
-0.0293765
-0.0355702
-0.0403865
-0.0435743
-0.0456177
-0.0460723
-0.0443784
-0.0417635
-0.0405761
-0.0409872
-0.0397374
-0.0340663
-0.0267417
-0.0246423
-0.0300355
-0.0338754
-0.0206565
0.0184688
0.0792666
0.1538768
0.2453426
0.3654941
0.5100637
0.6343635
0.6624932
0.5355263
0.2627274
-0.0717273
-0.3586636
-0.5316404
-0.5972529
-0.6076220
-0.6063280
-0.5975341
-0.5590657
-0.4769907
-0.3647611
-0.2528551
-0.1656275
-0.1092061
-0.0767044
-0.0590142
-0.0494361
-0.0425000
-0.0338056
-0.0225309
-0.0117888
-0.0043892
0.0011693
0.0087779
0.0188401
0.0263338
0.0262640
0.0203103
0.0161610
0.0195703
0.0281645
0.0342352
0.0332445
0.0282866
0.0258988
0.0287894
0.0339580
0.0374336
0.0389447
0.0409009
0.0439958
0.0459578
0.0451837
0.0438780
0.0456358
0.0500314
0.0516253
0.0458788
0.0354407
0.0287495
0.0315993
0.0409818
0.0483640
0.0488306
0.0459266
0.0472066
0.0559471
0.0680278
0.0764713
0.0780206
0.0752603
0.0734191
0.0757952
0.0815148
0.0864199
0.0859805
0.0785708
0.0670170
0.0567220
0.0512648
0.0493831
0.0466579
0.0404667
0.0329310
0.0285921
0.0294845
0.0331301
0.0353582
0.0343379
0.0314032
0.0285651
0.0262448
0.0235891
0.0201159
0.0163302
0.0130925
0.0112160
0.0116644
0.0150898
0.0203875
0.0243042
0.0238778
0.0198382
0.0167024
0.0182965
0.0231408
0.0253574
0.0209383
0.0126678
0.0078724
0.0111546
0.0201290
0.0287174
0.0336959
0.0366288
0.0394341
0.0399685
0.0338969
0.0207962
0.0065420
-0.0017407
-0.0026423
-0.0012497
-0.0030100
-0.0080145
-0.0119226
-0.0114121
-0.0072762
-0.0024534
0.0011161
0.0027162
0.0014879
-0.0027536
-0.0069323
-0.0049964
0.0071623
0.0271211
0.0474831
0.0621507
0.0699243
0.0717790
0.0668592
0.0537810
0.0356307
0.0204591
0.0142086
0.0139911
0.0112517
0.0027090
-0.0038194
0.0031673
0.0257889
0.0530823
0.0711169
0.0754703
0.0726369
0.0705984
0.0706488
0.0687418
0.0618806
0.0505136
0.0359328
0.0192649
0.0045491
-0.0005829
0.0080680
0.0232125
0.0294266
0.0183502
-0.0007877
-0.0101048
-0.0033753
0.0076394
0.0129801
0.0298591
0.0995835
0.2486689
0.4480556
0.6138846
0.6568746
0.5410499
0.3037906
0.0252593
-0.2220071
-0.4034163
-0.5187018
-0.5803348
-0.5969204
-0.5709528
-0.5056318
-0.4115276
-0.3076355
-0.2159113
-0.1521026
-0.1188112
-0.1063857
-0.1013750
-0.0954942
-0.0879524
-0.0811554
-0.0760023
-0.0714452
-0.0668264
-0.0629645
-0.0611054
-0.0619241
-0.0654853
-0.0707030
-0.0741442
-0.0709545
-0.0592664
-0.0439242
-0.0337199
-0.0330936
-0.0371038
-0.0364382
-0.0278850
-0.0184148
-0.0176445
-0.0268954
-0.0372525
-0.0387667
-0.0304442
-0.0204489
-0.0173707
-0.0225418
-0.0305119
-0.0351532
-0.0342462
-0.0294324
-0.0240802
-0.0219306
-0.0260395
-0.0366584
-0.0496194
-0.0584308
-0.0598796
-0.0579379
-0.0609069
-0.0732769
-0.0900655
-0.1000434
-0.0957251
-0.0807413
-0.0670313
-0.0639807
-0.0697484
-0.0732631
-0.0651061
-0.0467563
-0.0292296
-0.0225410
-0.0263496
-0.0307794
-0.0262916
-0.0127809
0.0007866
0.0054109
0.0007017
-0.0051621
-0.0037898
0.0050787
0.0133437
0.0125844
0.0025748
-0.0079277
-0.0089157
0.0019123
0.0173052
0.0271400
0.0270468
0.0210560
0.0166190
0.0176275
0.0221631
0.0261623
0.0282271
0.0304702
0.0352013
0.0417134
0.0468143
0.0483012
0.0474170
0.0476726
0.0513821
0.0574440
0.0622994
0.0627850
0.0582022
0.0502768
0.0417550
0.0350200
0.0313612
0.0308101
0.0324402
0.0350503
0.0377696
0.0400133
0.0409618
0.0395364
0.0353976
0.0300668
0.0266860
0.0281757
0.0352205
0.0456226
0.0552337
0.0597582
0.0569447
0.0486452
0.0411304
0.0418396
0.0535707
0.0709856
0.0839920
0.0863261
0.0813562
0.0786069
0.0837328
0.0920848
0.0928740
0.0799296
0.0580417
0.0385268
0.0287915
0.0263363
0.0224985
0.0115482
-0.0036018
-0.0138193
-0.0117518
0.0015004
0.0171278
0.0279409
0.0405069
0.0791867
0.1735213
0.3324581
0.5231641
0.6747500
0.7113718
0.5954613
0.3510956
0.0508771
-0.2234116
-0.4185395
-0.5233496
-0.5562746
-0.5425808
-0.4990724
-0.4332005
-0.3512349
-0.2650828
-0.1908117
-0.1399733
-0.1116173
-0.0932565
-0.0717108
-0.0450839
-0.0244247
-0.0223363
-0.0388625
-0.0589538
-0.0650131
-0.0524967
-0.0328815
-0.0212803
-0.0219962
-0.0267728
-0.0259540
-0.0189525
-0.0128485
-0.0126826
-0.0159297
-0.0167647
-0.0130357
-0.0068049
0.0005560
0.0100817
0.0206488
0.0257247
0.0189651
0.0039632
-0.0047177
0.0063902
0.0362371
0.0696130
0.0915175
0.0999500
0.1038124
0.1100587
0.1157643
0.1133963
0.1014558
0.0874038
0.0802435
0.0822113
0.0885413
0.0936923
0.0957056
0.0946688
0.0894547
0.0782575
0.0622252
0.0465806
0.0365486
0.0323024
0.0291363
0.0232887
0.0169423
0.0162749
0.0241774
0.0357409
0.0420479
0.0385410
0.0287678
0.0193456
0.0121239
0.0028173
-0.0123876
-0.0304396
-0.0431469
-0.0449711
-0.0376884
-0.0272534
-0.0180504
-0.0117151
-0.0098095
-0.0138601
-0.0215283
-0.0260818
-0.0236740
-0.0204495
-0.0272579
-0.0439130
-0.0515807
-0.0265540
0.0371029
0.1231807
0.2146394
0.3139073
0.4311177
0.5472597
0.5975550
0.5083951
0.2637758
-0.0633537
-0.3529332
-0.5203798
-0.5667946
-0.5559510
-0.5474249
-0.5507185
-0.5351491
-0.4732357
-0.3705851
-0.2593438
-0.1707338
-0.1155067
-0.0849966
-0.0644961
-0.0449496
-0.0262996
-0.0137656
-0.0112757
-0.0166257
-0.0220501
-0.0201132
-0.0096700
0.0040228
0.0149401
0.0213036
0.0249256
0.0271022
0.0270145
0.0241683
0.0204359
0.0182753
0.0179083
0.0180741
0.0193198
0.0240972
0.0321557
0.0377211
0.0345465
0.0245355
0.0186070
0.0259788
0.0426394
0.0530114
0.0448405
0.0219129
0.0009040
-0.0041079
0.0068438
0.0226975
0.0335032
0.0381567
0.0416050
0.0473264
0.0540315
0.0587968
0.0615527
0.0654204
0.0725929
0.0803041
0.0816871
0.0719214
0.0545091
0.0409301
0.0421716
0.0589600
0.0802589
0.0922799
0.0895897
0.0776997
0.0657589
0.0581746
0.0535245
0.0495066
0.0462798
0.0445995
0.0429756
0.0389055
0.0326802
0.0280506
0.0281017
0.0313012
0.0327882
0.0294859
0.0231458
0.0183252
0.0181819
0.0224480
0.0284005
0.0327079
0.0328696
0.0286273
0.0228952
0.0203132
0.0232532
0.0288467
0.0309231
0.0257801
0.0159254
0.0075927
0.0045781
0.0049730
0.0039792
-0.0006965
-0.0066608
-0.0095118
-0.0068515
0.0003750
0.0094837
0.0179385
0.0237295
0.0250756
0.0210482
0.0129446
0.0044970
-0.0002989
-0.0003459
0.0014850
0.0010233
-0.0028157
-0.0062538
-0.0038446
0.0058929
0.0178781
0.0238819
0.0191535
0.0063415
-0.0064868
-0.0114727
-0.0054870
0.0090352
0.0261883
0.0398787
0.0471985
0.0504527
0.0555891
0.0666728
0.0805876
0.0879497
0.0810780
0.0618831
0.0411154
0.0287568
0.0250447
0.0214685
0.0105076
-0.0064672
-0.0212210
-0.0273697
-0.0255952
-0.0204571
-0.0144981
-0.0079660
-0.0037059
-0.0077806
-0.0198326
-0.0213147
0.0216691
0.1341671
0.3023528
0.4655517
0.5446309
0.4902636
0.3145249
0.0805694
-0.1405695
-0.3106416
-0.4322340
-0.5248006
-0.5956326
-0.6317568
-0.6152521
-0.5434205
-0.4350631
-0.3202527
-0.2248774
-0.1613852
-0.1283922
-0.1154321
-0.1092281
-0.0998678
-0.0849544
-0.0690952
-0.0585711
-0.0553985
-0.0560017
-0.0552499
-0.0512274
-0.0458187
-0.0412589
-0.0372303
-0.0318305
-0.0246495
-0.0176467
-0.0125980
-0.0085861
-0.0032130
0.0036122
0.0083059
0.0072105
0.0013856
-0.0035230
-0.0030629
0.0010454
0.0030065
0.0001487
-0.0033835
-0.0013688
0.0066056
0.0136960
0.0130200
0.0053968
-0.0013130
-0.0004544
0.0068405
0.0133970
0.0131001
0.0055043
-0.0054323
-0.0151299
-0.0205356
-0.0205569
-0.0166160
-0.0127679
-0.0132810
-0.0185639
-0.0238366
-0.0230274
-0.0143857
-0.0018604
0.0090239
0.0158914
0.0198553
0.0222239
0.0224008
0.0194400
0.0145696
0.0108528
0.0101248
0.0109800
0.0103381
0.0068344
0.0022677
-0.0003268
0.0002144
0.0020721
0.0023055
-0.0001741
-0.0032592
-0.0031410
0.0026337
0.0131581
0.0248788
0.0342748
0.0400761
0.0432567
0.0452929
0.0467153
0.0473032
0.0472695
0.0477296
0.0497796
0.0533437
0.0573479
0.0611545
0.0654522
0.0711793
0.0774379
0.0810355
0.0789407
0.0715439
0.0629980
0.0575592
0.0554452
0.0529460
0.0471657
0.0402653
0.0380410
0.0438512
0.0544766
0.0627314
0.0642330
0.0611226
0.0590155
0.0609187
0.0647341
0.0663931
0.0644628
0.0613031
0.0605194
0.0642711
0.0727516
0.0846319
0.0966797
0.1035426
0.1001057
0.0859368
0.0674092
0.0538136
0.0496792
0.0504775
0.0467014
0.0331889
0.0146631
0.0015425
-0.0002192
0.0050118
0.0072756
0.0015338
-0.0074404
-0.0114976
-0.0094981
-0.0079878
-0.0078514
0.0100078
0.0803116
0.2255525
0.4246883
0.6082883
0.6915092
0.6238872
0.4188638
0.1420911
-0.1291118
-0.3429593
-0.4841914
-0.5612861
-0.5882698
-0.5753152
-0.5288924
-0.4552661
-0.3633922
-0.2664616
-0.1806923
-0.1197780
-0.0876940
-0.0766534
-0.0736528
-0.0701725
-0.0657835
-0.0631996
-0.0619097
-0.0581672
-0.0503112
-0.0416546
-0.0368984
-0.0367214
-0.0372922
-0.0348114
-0.0291547
-0.0227804
-0.0173876
-0.0126914
-0.0078309
-0.0027617
0.0016800
0.0040600
0.0026922
-0.0027498
-0.0089104
-0.0092404
0.0008785
0.0187093
0.0351771
0.0426627
0.0416284
0.0389744
0.0406981
0.0475800
0.0573741
0.0681058
0.0771770
0.0793505
0.0700744
0.0526907
0.0397235
0.0431413
0.0623114
0.0834606
0.0925550
0.0881085
0.0803730
0.0789108
0.0830164
0.0846568
0.0786780
0.0680805
0.0597462
0.0570578
0.0575448
0.0564182
0.0508474
0.0410631
0.0290028
0.0170335
0.0075198
0.0022981
0.0016113
0.0034065
0.0040632
0.0004600
-0.0079346
-0.0185267
-0.0272457
-0.0313588
-0.0312810
-0.0298326
-0.0296293
-0.0310218
-0.0323028
-0.0315508
-0.0282201
-0.0235682
-0.0203135
-0.0216832
-0.0293669
-0.0410500
-0.0501808
-0.0498812
-0.0386843
-0.0226222
-0.0107668
-0.0078699
-0.0111046
-0.0138716
-0.0123814
-0.0082768
-0.0054353
-0.0054058
-0.0065344
-0.0067510
-0.0058654
-0.0047738
-0.0034604
-0.0010129
0.0023759
0.0045876
0.0037607
0.0011152
0.0005990
0.0050653
0.0130853
0.0201743
0.0232136
0.0231500
0.0232444
0.0254757
0.0294972
0.0347244
0.0419483
0.0518636
0.0625630
0.0699106
0.0710627
0.0670554
0.0612452
0.0555633
0.0492413
0.0412409
0.0326332
0.0254176
0.0194892
0.0123740
0.0026513
-0.0074143
-0.0139002
-0.0155883
-0.0149376
-0.0143073
-0.0123970
-0.0051889
0.0114635
0.0435695
0.1038290
0.2092231
0.3644564
0.5412771
0.6761195
0.6983087
0.5733689
0.3278619
0.0344861
-0.2307004
-0.4248025
-0.5436677
-0.6016043
-0.6101988
-0.5742767
-0.5012103
-0.4075664
-0.3144337
-0.2373401
-0.1812935
-0.1437245
-0.1197106
-0.1042411
-0.0922712
-0.0798854
-0.0665940
-0.0554731
-0.0497010
-0.0486769
-0.0480682
-0.0439987
-0.0369378
-0.0311225
-0.0301494
-0.0333333
-0.0364333
-0.0358316
-0.0319438
-0.0285386
-0.0286183
-0.0308540
-0.0302667
-0.0229026
-0.0101308
0.0019341
0.0078096
0.0077602
0.0074763
0.0124462
0.0225709
0.0324219
0.0368514
0.0362766
0.0363976
0.0427957
0.0558210
0.0705239
0.0812493
0.0863127
0.0886730
0.0925301
0.0992935
0.1065507
0.1107659
0.1110288
0.1101813
0.1121048
0.1177465
0.1238869
0.1260272
0.1225774
0.1160895
0.1102863
0.1060312
0.1005008
0.0903972
0.0757557
0.0604172
0.0488826
0.0428554
0.0405646
0.0387984
0.0352676
0.0294689
0.0221718
0.0146020
0.0078934
0.0026982
-0.0010803
-0.0040970
-0.0068298
-0.0089700
-0.0097569
-0.0090747
-0.0080731
-0.0084496
-0.0110687
-0.0153886
-0.0201772
-0.0245174
-0.0280159
-0.0303922
-0.0314309
-0.0315393
-0.0319498
-0.0337758
-0.0366926
-0.0389039
-0.0387507
-0.0362016
-0.0324515
-0.0282955
-0.0236624
-0.0190367
-0.0164929
-0.0180486
-0.0226569
-0.0257779
-0.0231212
-0.0150752
-0.0067867
-0.0032869
-0.0046549
-0.0063556
-0.0042110
0.0014831
0.0068005
0.0084176
0.0065198
0.0040609
0.0041332
0.0081247
0.0153302
0.0233562
0.0292270
0.0313493
0.0311608
0.0324606
0.0382432
0.0477456
0.0567234
0.0608829
0.0592942
0.0548235
0.0514933
0.0509906
0.0508015
0.0455165
0.0312010
0.0099737
-0.0099542
-0.0206098
-0.0216364
-0.0201611
-0.0219179
-0.0237721
-0.0181284
-0.0049809
0.0056633
0.0101044
0.0304876
0.1097817
0.2748083
0.4962089
0.6865114
0.7473760
0.6318437
0.3724237
0.0558828
-0.2301794
-0.4370385
-0.5593001
-0.6142606
-0.6200364
-0.5871626
-0.5223684
-0.4353763
-0.3414215
-0.2575596
-0.1954189
-0.1557788
-0.1298581
-0.1072844
-0.0844467
-0.0657881
-0.0570906
-0.0578637
-0.0607825
-0.0585533
-0.0507756
-0.0436299
-0.0429141
-0.0477424
-0.0512933
-0.0477114
-0.0381448
-0.0299043
-0.0295782
-0.0367443
-0.0441412
-0.0439601
-0.0344381
-0.0210505
-0.0116200
-0.0098123
-0.0124958
-0.0128663
-0.0063744
0.0056194
0.0173633
0.0238800
0.0252419
0.0262496
0.0318592
0.0426466
0.0547218
0.0642408
0.0719245
0.0828007
0.1012622
0.1263870
0.1521506
0.1722109
0.1847212
0.1930886
0.2025281
0.2154909
0.2292077
0.2367282
0.2309343
0.2095516
0.1779771
0.1470404
0.1261710
0.1170302
0.1133624
0.1073286
0.0960383
0.0819995
0.0681983
0.0543277
0.0384041
0.0208476
0.0052521
-0.0051265
-0.0104182
-0.0130574
-0.0149028
-0.0169825
-0.0213293
-0.0301497
-0.0416379
-0.0489633
-0.0471388
-0.0410097
-0.0420620
-0.0536410
-0.0613764
-0.0439789
0.0043583
0.0671502
0.1271538
0.1931076
0.2945967
0.4399167
0.5787196
0.6171303
0.4833961
0.1872297
-0.1829045
-0.5217753
-0.7716031
-0.9367289
-1.0502080
-1.1350271
-1.1935869
-1.2208981
-1.2164989
-1.1834802
-1.1242276
-1.0432998
-0.9525658
-0.8674348
-0.7950012
-0.7276294
-0.6506416
-0.5563745
-0.4500079
-0.3430542
-0.2440019
-0.1561172
-0.0815845
-0.0239472
0.0148907
0.0384845
0.0546828
0.0702479
0.0871370
0.1037533
0.1184627
0.1310779
0.1418594
0.1508323
0.1587544
0.1678494
0.1803669
0.1961377
0.2121622
0.2253163
0.2357259
0.2473113
0.2646410
0.2888957
0.3167052
0.3429427
0.3648867
0.3840168
0.4039434
0.4264135
0.4490419
0.4670444
0.4777272
0.4836600
0.4911677
0.5049620
0.5235899
0.5398776
0.5460191
0.5388758
0.5212546
0.4987628
0.4754491
0.4517489
0.4256266
0.3951256
0.3601173
0.3224845
0.2852245
0.2511020
0.2213642
0.1952423
0.1707552
0.1462874
0.1216458
0.0978930
0.0764632
0.0584494
0.0443420
0.0339798
0.0266025
0.0211658
0.0168908
0.0135672
0.0111753
0.0092208
0.0068217
0.0037974
0.0013632
0.0009328
0.0019037
0.0013193
-0.0033149
-0.0107512
-0.0162544
-0.0158060
-0.0101039
-0.0041019
-0.0024882
-0.0057206
-0.0104058
-0.0130780
-0.0132134
-0.0128845
-0.0143284
-0.0181574
-0.0231374
-0.0267534
-0.0262734
-0.0206618
-0.0123743
-0.0066817
-0.0078674
-0.0153432
-0.0237675
-0.0275938
-0.0258051
-0.0222009
-0.0211449
-0.0233224
-0.0257506
-0.0254997
-0.0227739
-0.0202830
-0.0201773
-0.0220318
-0.0235490
-0.0227625
-0.0196749
-0.0163129
-0.0153593
-0.0182028
-0.0236557
-0.0284382
-0.0294123
-0.0260344
-0.0209485
-0.0178969
-0.0185046
-0.0208915
-0.0216487
-0.0193864
-0.0162373
-0.0156603
-0.0187161
-0.0226237
-0.0231607
-0.0186711
-0.0117871
-0.0071176
-0.0071901
-0.0107408
-0.0148023
-0.0177288
-0.0195698
-0.0200561
-0.0177758
-0.0122781
-0.0062339
-0.0038512
-0.0062838
-0.0092529
-0.0064835
0.0039821
0.0174464
0.0271728
0.0311340
0.0334236
0.0388206
0.0467366
0.0512735
0.0471692
0.0352468
0.0220006
0.0140258
0.0126289
0.0133724
0.0107148
0.0033168
-0.0050337
-0.0096713
-0.0099516
-0.0095165
-0.0117131
-0.0154097
-0.0157834
-0.0081127
0.0118521
0.0528201
0.1303796
0.2570461
0.4223753
0.5811487
0.6670940
0.6285916
0.4608177
0.2091237
-0.0579734
-0.2839160
-0.4427062
-0.5344695
-0.5702818
-0.5615625
-0.5185473
-0.4522623
-0.3744070
-0.2954190
-0.2235325
-0.1650376
-0.1238453
-0.1001186
-0.0899257
-0.0870441
-0.0856555
-0.0820878
-0.0751788
-0.0659395
-0.0569032
-0.0509289
-0.0494997
-0.0515492
-0.0541180
-0.0546748
-0.0529954
-0.0506927
-0.0491004
-0.0480259
-0.0464878
-0.0440426
-0.0410791
-0.0382685
-0.0362107
-0.0353954
-0.0358709
-0.0366575
-0.0358215
-0.0318187
-0.0252976
-0.0194102
-0.0174980
-0.0197774
-0.0225114
-0.0211470
-0.0145892
-0.0063013
-0.0012458
-0.0018136
-0.0063290
-0.0108580
-0.0123427
-0.0105381
-0.0075584
-0.0058546
-0.0065396
-0.0091320
-0.0121893
-0.0139984
-0.0133014
-0.0100901
-0.0057732
-0.0022376
-0.0005457
-0.0003915
-0.0005409
0.0002665
0.0025281
0.0058079
0.0093481
0.0127428
0.0157724
0.0177701
0.0177377
0.0152382
0.0107626
0.0051219
-0.0010465
-0.0070088
-0.0117412
-0.0145296
-0.0156865
-0.0163899
-0.0176827
-0.0195256
-0.0208345
-0.0207142
-0.0197129
-0.0193224
-0.0198930
-0.0197136
-0.0170196
-0.0126381
-0.0096535
-0.0101638
-0.0128187
-0.0137482
-0.0097961
-0.0011144
0.0089460
0.0164982
0.0199622
0.0204574
0.0198397
0.0190789
0.0184326
0.0179779
0.0173645
0.0160289
0.0145323
0.0149748
0.0190263
0.0256977
0.0316703
0.0338062
0.0313840
0.0265431
0.0226890
0.0216637
0.0222023
0.0218170
0.0200604
0.0188421
0.0197418
0.0226267
0.0269098
0.0320580
0.0363280
0.0372580
0.0346033
0.0310642
0.0292308
0.0297550
0.0331292
0.0399658
0.0472790
0.0476668
0.0363994
