0.4225185
0.4768164
0.3982422
0.3545492
0.3776910
0.3746442
0.3200936
0.2807514
0.2767029
0.2567954
0.2073006
0.1727981
0.1666490
0.1531281
0.1214925
0.0998871
0.0944586
0.0818664
0.0610927
0.0538043
0.0570152
0.0477326
0.0285217
0.0216708
0.0265681
0.0251293
0.0187964
0.0212396
0.0265170
0.0203839
0.0103701
0.0121813
0.0199493
0.0189612
0.0128624
0.0119989
0.0111270
0.0030533
-0.0023526
0.0048365
0.0149359
0.0152683
0.0098548
0.0064138
0.0017009
-0.0057000
-0.0065800
0.0015610
0.0064489
0.0014893
-0.0036635
-0.0019571
0.0001264
-0.0018436
-0.0022095
0.0005728
-0.0005224
-0.0061030
-0.0078099
-0.0040823
-0.0021070
-0.0027721
-0.0002436
0.0035863
0.0011376
-0.0050064
-0.0046838
0.0025372
0.0079241
0.0092934
0.0117392
0.0157649
0.0181434
0.0205329
0.0248822
0.0258336
0.0197949
0.0151919
0.0218744
0.0366963
0.0499924
0.0588903
0.0645137
0.0644930
0.0581731
0.0514123
0.0477447
0.0426714
0.0331770
0.0234769
0.0154694
0.0042061
-0.0107685
-0.0202009
-0.0180115
-0.0103989
-0.0067079
-0.0090217
-0.0136112
-0.0143538
-0.0035863
0.0216929
0.0559124
0.0986904
0.1703093
0.2961414
0.4677896
0.6271438
0.6944976
0.6147863
0.3891796
0.0775787
-0.2316205
-0.4704681
-0.6208984
-0.7001995
-0.7273693
-0.7103014
-0.6549454
-0.5714456
-0.4717716
-0.3697312
-0.2809063
-0.2152222
-0.1715415
-0.1436989
-0.1272616
-0.1171742
-0.1065970
-0.0940011
-0.0851588
-0.0831495
-0.0826792
-0.0784010
-0.0719609
-0.0667807
-0.0627069
-0.0594857
-0.0588410
-0.0598800
-0.0586892
-0.0547670
-0.0517854
-0.0508811
-0.0496151
-0.0477810
-0.0471945
-0.0458863
-0.0400630
-0.0319012
-0.0280768
-0.0303640
-0.0340813
-0.0353073
-0.0337702
-0.0300972
-0.0260546
-0.0254559
-0.0291423
-0.0316646
-0.0284523
-0.0231080
-0.0221327
-0.0260137
-0.0310492
-0.0362088
-0.0425759
-0.0494326
-0.0559894
-0.0638675
-0.0738872
-0.0838619
-0.0924987
-0.1011902
-0.1096393
-0.1151138
-0.1185625
-0.1255749
-0.1381973
-0.1511422
-0.1588620
-0.1615024
-0.1619448
-0.1619687
-0.1627058
-0.1637559
-0.1608946
-0.1498215
-0.1328187
-0.1168330
-0.1051032
-0.0956218
-0.0868781
-0.0793172
-0.0717141
-0.0618138
-0.0504208
-0.0402567
-0.0316201
-0.0231628
-0.0150989
-0.0076653
0.0009299
0.0107489
0.0174109
0.0178719
0.0161366
0.0186126
0.0261452
0.0344262
0.0396851
0.0408647
0.0393232
0.0392359
0.0447977
0.0543652
0.0609337
0.0605959
0.0567542
0.0544207
0.0548654
0.0574334
0.0615443
0.0647100
0.0632350
0.0572653
0.0515493
0.0497697
0.0513163
0.0538103
0.0550673
0.0529512
0.0475467
0.0430544
0.0433032
0.0461053
0.0462855
0.0432087
0.0408990
0.0419436
0.0458216
0.0520674
0.0604094
0.0683062
0.0721406
0.0705884
0.0649213
0.0580977
0.0553354
0.0616933
0.0756467
0.0883241
0.0927042
0.0908307
0.0889527
0.0887083
0.0865232
0.0792741
0.0675591
0.0549042
0.0450423
0.0380437
0.0294044
0.0164471
0.0048215
0.0030862
0.0102929
0.0152804
0.0109325
0.0040177
0.0071099
0.0237433
0.0457812
0.0668931
0.0989448
0.1721973
0.3097165
0.4919631
0.6478910
0.6916294
0.5781569
0.3307504
0.0221669
-0.2680770
-0.4884543
-0.6261563
-0.6949405
-0.7135019
-0.6924642
-0.6369723
-0.5544370
-0.4560641
-0.3542666
-0.2616989
-0.1893129
-0.1410177
-0.1115286
-0.0920155
-0.0767690
-0.0639483
-0.0535172
-0.0466013
-0.0439900
-0.0433373
-0.0403054
-0.0336888
-0.0267397
-0.0226277
-0.0214768
-0.0222756
-0.0242504
-0.0256541
-0.0245563
-0.0216745
-0.0196090
-0.0189222
-0.0176071
-0.0142574
-0.0090954
-0.0024916
0.0046580
0.0099000
0.0115526
0.0112838
0.0117650
0.0131051
0.0143818
0.0170304
0.0234175
0.0332098
0.0440556
0.0548007
0.0656439
0.0764500
0.0870742
0.0979026
0.1081860
0.1152798
0.1167679
0.1116221
0.0990959
0.0799889
0.0601016
0.0482040
0.0475820
0.0518795
0.0514358
0.0420712
0.0268270
0.0117030
0.0009891
-0.0053784
-0.0109945
-0.0182362
-0.0246685
-0.0261560
-0.0226146
-0.0179143
-0.0149900
-0.0142181
-0.0157581
-0.0197951
-0.0246459
-0.0280051
-0.0302194
-0.0335764
-0.0383548
-0.0419504
-0.0419382
-0.0385041
-0.0345324
-0.0342653
-0.0399891
-0.0485289
-0.0532973
-0.0518023
-0.0489039
-0.0504940
-0.0561360
-0.0602446
-0.0586248
-0.0516943
-0.0429868
-0.0364867
-0.0340813
-0.0341288
-0.0335196
-0.0314309
-0.0293036
-0.0273979
-0.0242779
-0.0199964
-0.0166416
-0.0148900
-0.0128049
-0.0089651
-0.0043957
-0.0006889
0.0017184
0.0030573
0.0038979
0.0051956
0.0068862
0.0071412
0.0051316
0.0036004
0.0061693
0.0126691
0.0193138
0.0227802
0.0222716
0.0188612
0.0150705
0.0139554
0.0163190
0.0196003
0.0211344
0.0213248
0.0221961
0.0244344
0.0274126
0.0304791
0.0326805
0.0328281
0.0312460
0.0299372
0.0299707
0.0303221
0.0299873
0.0293190
0.0286989
0.0280238
0.0280220
0.0297968
0.0325551
0.0341259
0.0342295
0.0348807
0.0370007
0.0388643
0.0385369
0.0360314
0.0327157
0.0301314
0.0293197
0.0299008
0.0303043
0.0301475
0.0311313
0.0339112
0.0357836
0.0339784
0.0300101
0.0280865
0.0298483
0.0329104
0.0340616
0.0321435
0.0285002
0.0261355
0.0275928
0.0322844
0.0365872
0.0372916
0.0339677
0.0279886
0.0214460
0.0174531
0.0186527
0.0238954
0.0284616
0.0289870
0.0266076
0.0244773
0.0240902
0.0248641
0.0254592
0.0246139
0.0222358
0.0202434
0.0208735
0.0237967
0.0261487
0.0254031
0.0212545
0.0155823
0.0120253
0.0141615
0.0216078
0.0286801
0.0294811
0.0241927
0.0185025
0.0172610
0.0203163
0.0237609
0.0234397
0.0179997
0.0104346
0.0063129
0.0090601
0.0170621
0.0256307
0.0306244
0.0300434
0.0245349
0.0177460
0.0142469
0.0153004
0.0176282
0.0172249
0.0132291
0.0077205
0.0035742
0.0031211
0.0068363
0.0121842
0.0152115
0.0142556
0.0112375
0.0092031
0.0096839
0.0120644
0.0139783
0.0128088
0.0086513
0.0053788
0.0068091
0.0121377
0.0170231
0.0186906
0.0178991
0.0163041
0.0142904
0.0117839
0.0094754
0.0085703
0.0098957
0.0132148
0.0173989
0.0221383
0.0291452
0.0394384
0.0491288
0.0512709
0.0442800
0.0362851
0.0379389
0.0511461
0.0667021
0.0730485
0.0666523
0.0544351
0.0467584
0.0476665
0.0518784
0.0515136
0.0443696
0.0339829
0.0234236
0.0129217
0.0035900
-0.0010127
0.0003778
0.0029315
0.0000847
-0.0080415
-0.0125182
-0.0035289
0.0197630
0.0502735
0.0878689
0.1518685
0.2691620
0.4392162
0.6091832
0.6920145
0.6208200
0.3955998
0.0840048
-0.2220062
-0.4573131
-0.6056459
-0.6842546
-0.7139870
-0.7034716
-0.6545524
-0.5736037
-0.4741794
-0.3723886
-0.2828161
-0.2160263
-0.1751423
-0.1539192
-0.1405157
-0.1252220
-0.1059051
-0.0873823
-0.0758404
-0.0727810
-0.0737314
-0.0729594
-0.0687436
-0.0632907
-0.0589376
-0.0564797
-0.0561550
-0.0573157
-0.0570680
-0.0521053
-0.0430144
-0.0349543
-0.0328077
-0.0363316
-0.0405426
-0.0404463
-0.0354997
-0.0298519
-0.0278187
-0.0290237
-0.0291182
-0.0254415
-0.0198727
-0.0150136
-0.0099526
-0.0022391
0.0073522
0.0149530
0.0186366
0.0213747
0.0281417
0.0405413
0.0545928
0.0640762
0.0663677
0.0642655
0.0611177
0.0554676
0.0431408
0.0244449
0.0060708
-0.0057693
-0.0123400
-0.0210861
-0.0382926
-0.0637327
-0.0914002
-0.1145383
-0.1305280
-0.1416533
-0.1515379
-0.1616777
-0.1716859
-0.1811140
-0.1891759
-0.1937034
-0.1927324
-0.1872144
-0.1805087
-0.1748889
-0.1694925
-0.1616549
-0.1496350
-0.1345423
-0.1202343
-0.1104775
-0.1052981
-0.1008498
-0.0936239
-0.0839504
-0.0747476
-0.0680305
-0.0635668
-0.0598397
-0.0552137
-0.0489039
-0.0416841
-0.0351081
-0.0296704
-0.0245371
-0.0192207
-0.0143017
-0.0101424
-0.0061394
-0.0017817
0.0025990
0.0066737
0.0109849
0.0166307
0.0243864
0.0337883
0.0428495
0.0501766
0.0586991
0.0754402
0.1045491
0.1414118
0.1784205
0.2194419
0.2854311
0.3980970
0.5503744
0.6901821
0.7386697
0.6365484
0.3844271
0.0435729
-0.3032494
-0.5968298
-0.8185909
-0.9770584
-1.0863573
-1.1556846
-1.1900016
-1.1926999
-1.1656027
-1.1089610
-1.0246522
-0.9201947
-0.8075214
-0.6955598
-0.5847029
-0.4708744
-0.3550053
-0.2462214
-0.1551518
-0.0860264
-0.0358829
0.0008076
0.0284336
0.0496364
0.0659215
0.0780698
0.0864599
0.0916707
0.0952822
0.0998135
0.1066751
0.1138701
0.1174318
0.1165297
0.1158992
0.1213046
0.1330347
0.1454526
0.1527339
0.1538030
0.1520960
0.1521280
0.1564749
0.1647529
0.1746114
0.1837266
0.1911555
0.1975362
0.2048543
0.2155117
0.2299992
0.2452918
0.2572643
0.2654848
0.2742572
0.2879484
0.3062511
0.3249128
0.3403467
0.3527386
0.3651630
0.3802474
0.3974086
0.4131213
0.4240555
0.4296413
0.4312217
0.4295682
0.4242924
0.4149436
0.4011329
0.3819336
0.3569555
0.3283756
0.3005204
0.2765618
0.2558921
0.2349452
0.2106349
0.1835740
0.1582479
0.1392524
0.1267739
0.1165331
0.1047806
0.0924196
0.0833459
0.0795864
0.0791630
0.0782579
0.0745519
0.0687370
0.0634843
0.0608433
0.0603924
0.0600916
0.0586520
0.0563137
0.0536313
0.0508530
0.0486811
0.0482452
0.0495978
0.0510634
0.0506845
0.0479120
0.0438441
0.0404351
0.0393335
0.0405358
0.0420295
0.0415386
0.0388457
0.0360026
0.0353783
0.0377747
0.0417997
0.0444218
0.0429494
0.0377072
0.0324902
0.0312410
0.0341457
0.0375688
0.0377407
0.0342256
0.0302931
0.0303503
0.0363707
0.0460719
0.0547707
0.0592732
0.0596506
0.0576210
0.0547478
0.0528650
0.0547446
0.0624871
0.0749770
0.0876095
0.0950687
0.0949819
0.0894718
0.0829508
0.0778364
0.0727680
0.0655707
0.0568718
0.0489970
0.0417961
0.0322939
0.0197888
0.0093295
0.0073896
0.0137127
0.0196331
0.0169696
0.0088063
0.0087997
0.0273719
0.0607996
0.0999129
0.1515243
0.2435070
0.3960943
0.5816233
0.7175756
0.7119837
0.5288772
0.2178261
-0.1185760
-0.3908121
-0.5669128
-0.6653388
-0.7155301
-0.7285463
-0.6990722
-0.6246873
-0.5174533
-0.3995987
-0.2926260
-0.2100398
-0.1555948
-0.1247065
-0.1078106
-0.0953552
-0.0825794
-0.0707922
-0.0635948
-0.0612495
-0.0592048
-0.0527403
-0.0423674
-0.0334849
-0.0308045
-0.0339300
-0.0382013
-0.0389922
-0.0353327
-0.0302803
-0.0278648
-0.0290551
-0.0307471
-0.0291839
-0.0240717
-0.0186400
-0.0158727
-0.0155069
-0.0148915
-0.0122672
-0.0088191
-0.0073151
-0.0086116
-0.0099703
-0.0076655
-0.0011923
0.0060849
0.0105936
0.0117153
0.0109345
0.0092482
0.0066740
0.0036705
0.0015516
0.0009741
0.0005194
-0.0025370
-0.0095078
-0.0182830
-0.0247757
-0.0271267
-0.0281055
-0.0324680
-0.0420335
-0.0540884
-0.0644346
-0.0711012
-0.0750964
-0.0784986
-0.0821688
-0.0847843
-0.0838806
-0.0781979
-0.0691057
-0.0595168
-0.0514934
-0.0450333
-0.0387746
-0.0314920
-0.0232250
-0.0153516
-0.0093134
-0.0050127
-0.0008154
0.0046224
0.0109140
0.0164388
0.0196918
0.0199968
0.0177508
0.0145381
0.0123803
0.0121192
0.0126929
0.0124026
0.0107874
0.0091526
0.0095172
0.0130121
0.0187845
0.0243000
0.0271824
0.0271124
0.0259178
0.0258954
0.0280928
0.0317392
0.0349265
0.0363184
0.0368209
0.0390992
0.0445137
0.0507234
0.0533839
0.0505618
0.0448992
0.0410882
0.0413908
0.0436030
0.0431659
0.0374574
0.0285363
0.0218984
0.0223021
0.0302118
0.0414065
0.0495686
0.0502879
0.0444647
0.0383255
0.0385527
0.0459657
0.0544327
0.0571309
0.0538214
0.0510543
0.0550130
0.0649439
0.0743729
0.0786292
0.0800815
0.0848541
0.0946076
0.1032681
0.1031203
0.0932954
0.0806730
0.0725922
0.0702523
0.0695001
0.0661538
0.0590028
0.0486795
0.0362378
0.0240414
0.0163243
0.0158558
0.0191373
0.0176304
0.0072703
-0.0035837
-0.0000568
0.0226736
0.0523203
0.0758429
0.1049059
0.1781171
0.3261770
0.5266602
0.6946781
0.7286597
0.5793280
0.2849460
-0.0560608
-0.3492352
-0.5511481
-0.6688358
-0.7269540
-0.7398027
-0.7087237
-0.6359873
-0.5347501
-0.4256116
-0.3262092
-0.2449057
-0.1823271
-0.1361406
-0.1036634
-0.0818392
-0.0671809
-0.0566509
-0.0483133
-0.0411910
-0.0350273
-0.0301910
-0.0271900
-0.0258973
-0.0252886
-0.0239159
-0.0206578
-0.0154591
-0.0097590
-0.0058697
-0.0052168
-0.0069546
-0.0085654
-0.0080020
-0.0052933
-0.0022085
-0.0004121
0.0002587
0.0018241
0.0062920
0.0135875
0.0213889
0.0270014
0.0293642
0.0296029
0.0301527
0.0331204
0.0385849
0.0441395
0.0468056
0.0461158
0.0451275
0.0477573
0.0548404
0.0629511
0.0673277
0.0661519
0.0620379
0.0592331
0.0593550
0.0600935
0.0581264
0.0528730
0.0470702
0.0439894
0.0444689
0.0463972
0.0466356
0.0436766
0.0390377
0.0360754
0.0368642
0.0399920
0.0418030
0.0402226
0.0372812
0.0373861
0.0426265
0.0497975
0.0527435
0.0483817
0.0402934
0.0355123
0.0373176
0.0416722
0.0413693
0.0336273
0.0231896
0.0178095
0.0207921
0.0279939
0.0320192
0.0291661
0.0221156
0.0160898
0.0131931
0.0111482
0.0071413
0.0017682
-0.0013622
0.0005373
0.0065536
0.0128886
0.0160918
0.0154649
0.0128633
0.0108359
0.0110762
0.0139234
0.0183825
0.0225170
0.0246887
0.0250806
0.0256415
0.0278874
0.0309039
0.0322130
0.0307540
0.0283605
0.0277309
0.0291631
0.0300277
0.0278928
0.0238170
0.0217754
0.0245025
0.0303943
0.0351159
0.0360848
0.0346801
0.0339544
0.0349626
0.0360206
0.0353477
0.0337364
0.0342478
0.0393068
0.0480759
0.0565220
0.0601633
0.0574232
0.0512198
0.0475846
0.0518149
0.0644082
0.0799621
0.0907328
0.0925592
0.0878931
0.0828067
0.0808368
0.0799454
0.0755159
0.0657457
0.0534488
0.0426935
0.0346151
0.0272997
0.0193498
0.0122175
0.0083570
0.0081144
0.0100357
0.0142002
0.0232964
0.0391470
0.0601056
0.0859069
0.1267596
0.2035077
0.3302409
0.4894528
0.6238976
0.6604431
0.5537316
0.3170586
0.0159323
-0.2699991
-0.4867915
-0.6210307
-0.6869307
-0.7037656
-0.6826334
-0.6275459
-0.5432167
-0.4402802
-0.3345550
-0.2421801
-0.1738336
-0.1309309
-0.1062317
-0.0893005
-0.0734815
-0.0589467
-0.0493891
-0.0459880
-0.0449850
-0.0412331
-0.0335395
-0.0257473
-0.0223746
-0.0237252
-0.0258168
-0.0249145
-0.0213875
-0.0187135
-0.0191338
-0.0210250
-0.0207231
-0.0164413
-0.0099540
-0.0046267
-0.0023434
-0.0024849
-0.0033172
-0.0036950
-0.0034386
-0.0027501
-0.0017932
-0.0006583
0.0007779
0.0031012
0.0071454
0.0132145
0.0204839
0.0272639
0.0318917
0.0334677
0.0320748
0.0287404
0.0252947
0.0237685
0.0252212
0.0289305
0.0330839
0.0365164
0.0394751
0.0423813
0.0443060
0.0435760
0.0401009
0.0362571
0.0345836
0.0347795
0.0339954
0.0306400
0.0271878
0.0279872
0.0339992
0.0407629
0.0426989
0.0392107
0.0353311
0.0358591
0.0397951
0.0416163
0.0377664
0.0307022
0.0260420
0.0264723
0.0293542
0.0301555
0.0272015
0.0224752
0.0184707
0.0155340
0.0125629
0.0091857
0.0061333
0.0037724
0.0014864
-0.0010722
-0.0029644
-0.0030224
-0.0016496
-0.0007084
-0.0013443
-0.0025285
-0.0024274
-0.0010622
-0.0006986
-0.0029664
-0.0060911
-0.0061009
-0.0011561
0.0060622
0.0109468
0.0116067
0.0102782
0.0103082
0.0125569
0.0150523
0.0155242
0.0135552
0.0103781
0.0074430
0.0058059
0.0064599
0.0100137
0.0153588
0.0193842
0.0193020
0.0155706
0.0117366
0.0108260
0.0122556
0.0128180
0.0105474
0.0070812
0.0060175
0.0091503
0.0145494
0.0183692
0.0184025
0.0158037
0.0136786
0.0145428
0.0190530
0.0261093
0.0331633
0.0368188
0.0347461
0.0283077
0.0231907
0.0261060
0.0392196
0.0570549
0.0696459
0.0703812
0.0616041
0.0519842
0.0477787
0.0471443
0.0437015
0.0349876
0.0256152
0.0212766
0.0209865
0.0175794
0.0066767
-0.0067111
-0.0131035
-0.0100865
-0.0058639
-0.0088536
-0.0155987
-0.0132944
0.0050657
0.0335277
0.0670980
0.1214304
0.2284394
0.4003221
0.5934834
0.7149567
0.6782650
0.4657891
0.1432458
-0.1859800
-0.4449959
-0.6132248
-0.7081651
-0.7498424
-0.7443994
-0.6932105
-0.6067304
-0.5045374
-0.4042604
-0.3143896
-0.2377826
-0.1780536
-0.1390626
-0.1190143
-0.1088041
-0.0985041
-0.0849135
-0.0718048
-0.0636282
-0.0604137
-0.0586376
-0.0554725
-0.0511675
-0.0477179
-0.0462596
-0.0462423
-0.0466238
-0.0468488
-0.0462939
-0.0436258
-0.0378498
-0.0300359
-0.0231474
-0.0196457
-0.0193752
-0.0198203
-0.0182969
-0.0141830
-0.0094870
-0.0070876
-0.0078396
-0.0093251
-0.0078779
-0.0020088
0.0062834
0.0134586
0.0174811
0.0192067
0.0211893
0.0251140
0.0301790
0.0340336
0.0353475
0.0352471
0.0361784
0.0396393
0.0449511
0.0496673
0.0510639
0.0480181
0.0420798
0.0364268
0.0332440
0.0320605
0.0306496
0.0272960
0.0222232
0.0173466
0.0149061
0.0159749
0.0198733
0.0248616
0.0292447
0.0319081
0.0325841
0.0323423
0.0333258
0.0367951
0.0411787
0.0429358
0.0399755
0.0340244
0.0293345
0.0290321
0.0325342
0.0361952
0.0364561
0.0326114
0.0267648
0.0215227
0.0181784
0.0167037
0.0162654
0.0153479
0.0125697
0.0084893
0.0060649
0.0081282
0.0142130
0.0204744
0.0229676
0.0209301
0.0170760
0.0149898
0.0161599
0.0192840
0.0221893
0.0240078
0.0253215
0.0268761
0.0289638
0.0316795
0.0346829
0.0366940
0.0363577
0.0340802
0.0322121
0.0327313
0.0349940
0.0362194
0.0342893
0.0301303
0.0273153
0.0288820
0.0341871
0.0392276
0.0404493
0.0379536
0.0347376
0.0334400
0.0343811
0.0360901
0.0367720
0.0355492
0.0332852
0.0323294
0.0346768
0.0398376
0.0446251
0.0455099
0.0418740
0.0373366
0.0372124
0.0435567
0.0527601
0.0590446
0.0603578
0.0596586
0.0603688
0.0624970
0.0645651
0.0678694
0.0760954
0.0897765
0.1027640
0.1065797
0.0991692
0.0879426
0.0821150
0.0822417
0.0799304
0.0691124
0.0547902
0.0471206
0.0477784
0.0468437
0.0354878
0.0185934
0.0101980
0.0160631
0.0251909
0.0227901
0.0104326
0.0075339
0.0295683
0.0698276
0.1118705
0.1617676
0.2570784
0.4286360
0.6469385
0.8129495
0.8156822
0.6122967
0.2610038
-0.1203301
-0.4302619
-0.6302562
-0.7343883
-0.7700171
-0.7533079
-0.6931146
-0.6030224
-0.5013248
-0.4018599
-0.3102965
-0.2296808
-0.1656678
-0.1237037
-0.1021865
-0.0912072
-0.0798061
-0.0643946
-0.0493506
-0.0399012
-0.0361354
-0.0343371
-0.0319804
-0.0293683
-0.0273208
-0.0256782
-0.0244709
-0.0247847
-0.0272462
-0.0300961
-0.0296951
-0.0235801
-0.0134062
-0.0045703
-0.0019202
-0.0053105
-0.0098626
-0.0108263
-0.0076132
-0.0030955
-0.0001343
0.0006724
0.0009244
0.0030966
0.0087125
0.0169556
0.0251878
0.0311738
0.0346786
0.0369919
0.0393821
0.0419293
0.0433384
0.0421691
0.0390076
0.0370639
0.0394069
0.0454091
0.0507887
0.0514410
0.0468547
0.0400922
0.0351403
0.0338903
0.0346176
0.0333614
0.0276656
0.0192811
0.0129153
0.0123245
0.0174756
0.0246914
0.0292407
0.0288906
0.0259675
0.0254414
0.0301137
0.0378438
0.0438078
0.0449553
0.0420623
0.0384082
0.0371106
0.0389588
0.0419575
0.0431876
0.0414510
0.0378797
0.0341785
0.0311006
0.0285797
0.0262505
0.0235167
0.0199888
0.0162331
0.0135299
0.0127974
0.0142055
0.0174165
0.0212438
0.0234189
0.0220785
0.0178137
0.0134073
0.0112470
0.0113772
0.0119461
0.0111622
0.0091802
0.0084356
0.0114062
0.0174119
0.0224596
0.0232118
0.0205397
0.0183003
0.0191616
0.0224591
0.0255882
0.0265675
0.0255486
0.0245523
0.0255875
0.0287006
0.0320913
0.0340637
0.0342704
0.0333008
0.0320924
0.0315893
0.0316044
0.0299681
0.0245159
0.0166067
0.0112217
0.0123598
0.0188298
0.0252894
0.0272185
0.0247056
0.0216898
0.0215660
0.0235120
0.0236950
0.0202651
0.0159458
0.0148185
0.0177822
0.0225914
0.0273013
0.0317286
0.0360125
0.0398878
0.0437274
0.0485368
0.0538520
0.0565073
0.0530580
0.0445037
0.0383749
0.0439976
0.0631672
0.0856647
0.0967681
0.0907522
0.0757400
0.0643971
0.0614292
0.0613975
0.0569435
0.0465051
0.0339342
0.0228428
0.0133840
0.0048037
-0.0008289
-0.0004181
0.0039933
0.0043693
-0.0041048
-0.0139690
-0.0103354
0.0135790
0.0498043
0.0893056
0.1420657
0.2371446
0.3933773
0.5831213
0.7264080
0.7318197
0.5577205
0.2439712
-0.1126606
-0.4172484
-0.6219435
-0.7298194
-0.7679454
-0.7594168
-0.7141895
-0.6370781
-0.5381133
-0.4335307
-0.3386086
-0.2617189
-0.2045346
-0.1649831
-0.1389743
-0.1216502
-0.1092928
-0.1000107
-0.0924061
-0.0848792
-0.0769386
-0.0699467
-0.0655166
-0.0636837
-0.0630569
-0.0621399
-0.0603252
-0.0582422
-0.0570882
-0.0570113
-0.0565965
-0.0547635
-0.0523893
-0.0507826
-0.0493542
-0.0465642
-0.0427843
-0.0403285
-0.0404232
-0.0415085
-0.0408742
-0.0372415
-0.0317912
-0.0271079
-0.0245485
-0.0221040
-0.0157331
-0.0036106
0.0117201
0.0260752
0.0375947
0.0474588
0.0579015
0.0702559
0.0836366
0.0945374
0.0988685
0.0955660
0.0876316
0.0791062
0.0718088
0.0652412
0.0583697
0.0508121
0.0431010
0.0361113
0.0295405
0.0212654
0.0095160
-0.0043920
-0.0167906
-0.0250488
-0.0290997
-0.0301359
-0.0295264
-0.0288761
-0.0293028
-0.0301823
-0.0297413
-0.0271785
-0.0235648
-0.0208642
-0.0205651
-0.0225548
-0.0247146
-0.0246886
-0.0229188
-0.0227323
-0.0263965
-0.0323842
-0.0377188
-0.0415773
-0.0449956
-0.0482817
-0.0507491
-0.0525204
-0.0547525
-0.0577084
-0.0595536
-0.0578910
-0.0530489
-0.0495089
-0.0518494
-0.0573640
-0.0545507
-0.0324729
0.0089477
0.0622549
0.1265726
0.2116850
0.3199272
0.4218391
0.4552412
0.3590226
0.1194583
-0.2099613
-0.5363353
-0.7834066
-0.9303780
-1.0046102
-1.0428923
-1.0604983
-1.0507388
-1.0051419
-0.9304003
-0.8482098
-0.7812747
-0.7389071
-0.7138401
-0.6904093
-0.6543451
-0.5967926
-0.5146078
-0.4113686
-0.2980065
-0.1899287
-0.1015168
-0.0409375
-0.0068791
0.0107217
0.0240654
0.0389425
0.0527111
0.0607927
0.0635135
0.0658075
0.0719118
0.0817140
0.0915249
0.0976717
0.0998848
0.1014051
0.1054342
0.1121015
0.1195137
0.1262469
0.1312128
0.1329078
0.1317934
0.1325508
0.1404305
0.1546906
0.1682474
0.1750889
0.1767556
0.1806620
0.1924772
0.2102477
0.2259863
0.2338641
0.2369265
0.2441683
0.2605149
0.2817278
0.3001287
0.3129558
0.3232594
0.3345578
0.3470640
0.3584115
0.3663378
0.3709178
0.3747440
0.3799555
0.3846646
0.3836588
0.3732583
0.3544900
0.3315651
0.3087545
0.2884420
0.2699217
0.2496953
0.2249979
0.1976782
0.1730967
0.1549096
0.1421953
0.1313752
0.1193138
0.1049397
0.0897679
0.0768062
0.0675199
0.0602639
0.0529728
0.0464437
0.0432393
0.0441142
0.0471683
0.0498043
0.0501634
0.0477079
0.0439273
0.0415006
0.0413984
0.0418088
0.0409656
0.0396353
0.0396042
0.0410680
0.0426578
0.0428097
0.0404074
0.0357092
0.0313507
0.0305447
0.0333163
0.0361178
0.0359237
0.0332402
0.0307418
0.0306421
0.0335583
0.0379873
0.0406224
0.0391049
0.0347625
0.0310192
0.0292308
0.0278262
0.0252411
0.0218536
0.0193589
0.0198504
0.0246821
0.0322656
0.0378675
0.0378877
0.0339326
0.0308093
0.0309770
0.0324981
0.0317797
0.0271023
0.0204337
0.0167120
0.0197486
0.0276366
0.0339233
0.0345588
0.0318313
0.0302367
0.0307208
0.0307920
0.0285019
0.0244217
0.0207947
0.0199394
0.0224719
0.0264603
0.0293171
0.0303670
0.0301519
0.0281468
0.0237805
0.0191531
0.0174903
0.0186326
0.0190312
0.0168431
0.0144994
0.0154941
0.0205000
0.0269481
0.0308950
0.0296581
0.0244887
0.0204810
0.0223586
0.0305351
0.0417277
0.0517542
0.0570720
0.0567587
0.0554599
0.0615923
0.0787852
0.0999225
0.1125565
0.1102111
0.0971980
0.0834815
0.0761170
0.0744104
0.0720738
0.0646708
0.0546195
0.0470045
0.0414002
0.0319088
0.0162355
0.0006791
-0.0065141
-0.0045453
-0.0005272
-0.0014137
-0.0064909
-0.0076263
0.0024886
0.0223171
0.0454025
0.0760246
0.1371535
0.2528641
0.4159634
0.5733643
0.6482187
0.5848364
0.3840115
0.1039982
-0.1737333
-0.3892169
-0.5261286
-0.5993546
-0.6278129
-0.6198110
-0.5770128
-0.5041038
-0.4131574
-0.3212613
-0.2438160
-0.1879190
-0.1515538
-0.1287011
-0.1136427
-0.1013191
-0.0881306
-0.0746419
-0.0647478
-0.0603003
-0.0587500
-0.0571073
-0.0553853
-0.0547283
-0.0547491
-0.0542047
-0.0523305
-0.0486930
-0.0436102
-0.0388898
-0.0360733
-0.0342068
-0.0316002
-0.0290380
-0.0285140
-0.0295920
-0.0299878
-0.0289705
-0.0272144
-0.0242559
-0.0193791
-0.0143562
-0.0121587
-0.0132310
-0.0153490
-0.0164112
-0.0154891
-0.0125853
-0.0094272
-0.0088948
-0.0116852
-0.0152070
-0.0172702
-0.0186173
-0.0204328
-0.0223276
-0.0246613
-0.0297716
-0.0385311
-0.0482203
-0.0559644
-0.0621655
-0.0690423
-0.0779594
-0.0891313
-0.1014326
-0.1117881
-0.1174812
-0.1196914
-0.1222011
-0.1265530
-0.1312039
-0.1348598
-0.1371541
-0.1365056
-0.1312235
-0.1228002
-0.1145926
-0.1071832
-0.0981538
-0.0862842
-0.0732326
-0.0615682
-0.0533710
-0.0493486
-0.0468763
-0.0408853
-0.0296604
-0.0179268
-0.0113250
-0.0096671
-0.0082059
-0.0033761
0.0051967
0.0158309
0.0251938
0.0299055
0.0302600
0.0303702
0.0330204
0.0369136
0.0401727
0.0432015
0.0465683
0.0494786
0.0520313
0.0559301
0.0616520
0.0676917
0.0730682
0.0774619
0.0791045
0.0765490
0.0725069
0.0715917
0.0739051
0.0749411
0.0721856
0.0680178
0.0658615
0.0668496
0.0701591
0.0736121
0.0745392
0.0726995
0.0710669
0.0713677
0.0711873
0.0682171
0.0642761
0.0616971
0.0590030
0.0543069
0.0501627
0.0506187
0.0552774
0.0597357
0.0602774
0.0559481
0.0485587
0.0425897
0.0419843
0.0451283
0.0462200
0.0430360
0.0396355
0.0401481
0.0440146
0.0485759
0.0519983
0.0524208
0.0487233
0.0436300
0.0421867
0.0461729
0.0532517
0.0610769
0.0680714
0.0712404
0.0687168
0.0646031
0.0664994
0.0776696
0.0945890
0.1107784
0.1198217
0.1176295
0.1067932
0.0965339
0.0932914
0.0930808
0.0875193
0.0751739
0.0623691
0.0546561
0.0516554
0.0489912
0.0425681
0.0326469
0.0248249
0.0238622
0.0266024
0.0266550
0.0264313
0.0365030
0.0609362
0.0936587
0.1368938
0.2152456
0.3571009
0.5543158
0.7400693
0.8129816
0.6989510
0.4074738
0.0328965
-0.3074033
-0.5450798
-0.6804116
-0.7457172
-0.7634176
-0.7368637
-0.6654181
-0.5583121
-0.4362693
-0.3227319
-0.2320734
-0.1659859
-0.1210076
-0.0946726
-0.0818297
-0.0722996
-0.0594585
-0.0470896
-0.0414076
-0.0401695
-0.0359151
-0.0265039
-0.0165209
-0.0110136
-0.0122045
-0.0188357
-0.0250219
-0.0239872
-0.0164102
-0.0106582
-0.0121002
-0.0172134
-0.0201761
-0.0191863
-0.0143507
-0.0061611
0.0015506
0.0036814
0.0010341
-0.0004956
0.0012407
0.0030244
0.0034850
0.0046655
0.0063869
0.0065352
0.0069219
0.0115492
0.0193001
0.0251482
0.0276116
0.0285305
0.0276187
0.0241504
0.0214298
0.0224591
0.0238139
0.0203862
0.0130283
0.0056139
-0.0011688
-0.0073522
-0.0104471
-0.0108078
-0.0145495
-0.0249849
-0.0367756
-0.0438585
-0.0467941
-0.0475922
-0.0449004
-0.0394703
-0.0365638
-0.0375731
-0.0364485
-0.0288476
-0.0178095
-0.0074839
0.0009366
0.0051998
0.0029121
-0.0017541
-0.0013670
0.0035384
0.0055095
0.0023554
-0.0013694
-0.0040869
-0.0078911
-0.0107304
-0.0087709
-0.0053564
-0.0071419
-0.0130495
-0.0169411
-0.0183207
-0.0205626
-0.0225063
-0.0217043
-0.0212996
-0.0240420
-0.0250457
-0.0197080
-0.0122608
-0.0078270
-0.0040409
0.0009453
0.0018038
-0.0033883
-0.0060311
-0.0000239
0.0078056
0.0089122
0.0048961
0.0011023
-0.0009681
0.0008502
0.0095192
0.0195635
0.0205305
0.0133509
0.0094430
0.0114547
0.0108011
0.0059615
0.0053759
0.0097208
0.0093610
0.0022342
-0.0026837
-0.0013385
0.0019064
0.0057885
0.0110963
0.0114859
0.0022432
-0.0069074
-0.0050181
0.0012880
-0.0000392
-0.0052783
-0.0049481
-0.0035721
-0.0089827
-0.0139792
-0.0093334
-0.0022653
-0.0022199
-0.0030653
0.0014688
0.0020836
-0.0071840
-0.0137416
-0.0088275
-0.0037934
-0.0064921
-0.0055008
0.0054639
0.0142506
0.0164682
0.0244050
0.0362258
0.0319636
0.0142419
0.0133911
0.0374581
0.0590596
0.0642839
0.0680798
0.0710697
0.0547917
0.0300500
0.0304946
0.0484873
0.0425946
0.0153006
0.0079359
0.0143709
-0.0095749
-0.0452091
-0.0297041
0.0105285
-0.0202379
-0.0954582
-0.0464591
0.1860695
