0.1367598
0.1585924
0.1365425
0.1285497
0.1463514
0.1573899
0.1498891
0.1439484
0.1473913
0.1462782
0.1375079
0.1335677
0.1345317
0.1263944
0.1080362
0.0936552
0.0880906
0.0821584
0.0717541
0.0616916
0.0521604
0.0393284
0.0272804
0.0232117
0.0233861
0.0183010
0.0085193
0.0022851
0.0012252
0.0003559
-0.0018441
-0.0040466
-0.0080675
-0.0145862
-0.0179496
-0.0140600
-0.0082533
-0.0076242
-0.0111414
-0.0141601
-0.0163844
-0.0187434
-0.0188145
-0.0158118
-0.0142173
-0.0167966
-0.0195401
-0.0181225
-0.0138654
-0.0096789
-0.0058095
-0.0025291
-0.0012751
-0.0009377
0.0012085
0.0037950
0.0032265
0.0021955
0.0089187
0.0257695
0.0448697
0.0569552
0.0598822
0.0580385
0.0584342
0.0671037
0.0838043
0.0999372
0.1061120
0.1015710
0.0931093
0.0870715
0.0861802
0.0905899
0.0964209
0.0958181
0.0842045
0.0659786
0.0486224
0.0334691
0.0169833
-0.0010090
-0.0156261
-0.0230913
-0.0250951
-0.0266642
-0.0305714
-0.0333670
-0.0285744
-0.0165481
-0.0068685
-0.0014095
0.0249181
0.1122524
0.2712938
0.4509540
0.5590785
0.5239753
0.3442905
0.0870941
-0.1607453
-0.3461055
-0.4657941
-0.5400800
-0.5790879
-0.5775557
-0.5338272
-0.4620954
-0.3838471
-0.3134116
-0.2540222
-0.2035247
-0.1610629
-0.1296568
-0.1130672
-0.1096074
-0.1106776
-0.1074794
-0.0980185
-0.0862104
-0.0766497
-0.0723808
-0.0746683
-0.0812152
-0.0861417
-0.0848649
-0.0783186
-0.0708015
-0.0653030
-0.0622592
-0.0605326
-0.0577841
-0.0519627
-0.0440628
-0.0374789
-0.0334176
-0.0290643
-0.0213880
-0.0107516
-0.0000490
0.0076959
0.0107813
0.0106672
0.0127505
0.0223068
0.0385709
0.0548519
0.0650008
0.0681414
0.0675864
0.0675912
0.0709614
0.0773236
0.0834685
0.0868692
0.0881515
0.0885918
0.0868630
0.0808945
0.0718255
0.0632746
0.0570781
0.0518991
0.0456563
0.0376848
0.0290322
0.0216927
0.0165500
0.0113955
0.0027822
-0.0091868
-0.0200474
-0.0262868
-0.0294198
-0.0332860
-0.0392028
-0.0454054
-0.0497098
-0.0512149
-0.0505000
-0.0492279
-0.0488084
-0.0492411
-0.0501526
-0.0521574
-0.0552327
-0.0566228
-0.0533956
-0.0472033
-0.0435123
-0.0451232
-0.0485591
-0.0478878
-0.0409160
-0.0312852
-0.0253772
-0.0267496
-0.0324612
-0.0355138
-0.0320641
-0.0252365
-0.0206050
-0.0194296
-0.0182748
-0.0140530
-0.0071233
0.0001794
0.0063555
0.0122905
0.0208908
0.0343988
0.0512748
0.0667349
0.0769958
0.0818110
0.0826092
0.0802169
0.0753610
0.0694619
0.0635453
0.0575508
0.0512783
0.0443039
0.0344016
0.0184926
-0.0029226
-0.0235902
-0.0359938
-0.0385596
-0.0376570
-0.0413419
-0.0503034
-0.0562212
-0.0519855
-0.0429410
-0.0410230
-0.0415442
-0.0100418
0.0947439
0.2742872
0.4657154
0.5704742
0.5180443
0.3131627
0.0292398
-0.2430925
-0.4477925
-0.5771111
-0.6478984
-0.6728688
-0.6533026
-0.5903024
-0.4953541
-0.3894235
-0.2941580
-0.2230289
-0.1776489
-0.1509866
-0.1344761
-0.1228498
-0.1139104
-0.1064121
-0.0993907
-0.0923765
-0.0853412
-0.0789866
-0.0749290
-0.0741131
-0.0747476
-0.0732913
-0.0681303
-0.0613288
-0.0563643
-0.0547246
-0.0544894
-0.0515185
-0.0427827
-0.0298376
-0.0183515
-0.0125392
-0.0103188
-0.0054233
0.0059010
0.0215411
0.0364159
0.0472946
0.0549141
0.0626418
0.0733662
0.0873348
0.1031839
0.1206800
0.1408021
0.1626386
0.1823215
0.1968715
0.2080942
0.2208509
0.2375289
0.2550340
0.2669131
0.2679429
0.2572658
0.2378329
0.2130512
0.1846150
0.1542134
0.1260427
0.1051522
0.0927422
0.0845962
0.0748418
0.0606719
0.0438084
0.0285957
0.0181620
0.0108560
0.0011571
-0.0134392
-0.0267354
-0.0287867
-0.0187356
-0.0097776
-0.0163082
-0.0347990
-0.0418069
-0.0166488
0.0342114
0.0834350
0.1206838
0.1794627
0.3104509
0.5163904
0.7171921
0.7933378
0.6749084
0.3932074
0.0500970
-0.2578111
-0.4877229
-0.6414490
-0.7304304
-0.7605936
-0.7428396
-0.6992270
-0.6474319
-0.5838695
-0.4928601
-0.3743600
-0.2552538
-0.1684027
-0.1238249
-0.1045375
-0.0882378
-0.0677366
-0.0500190
-0.0412032
-0.0378966
-0.0330587
-0.0254967
-0.0196598
-0.0172303
-0.0133833
-0.0032980
0.0104821
0.0203374
0.0223999
0.0205966
0.0220103
0.0301323
0.0427277
0.0545463
0.0615438
0.0636305
0.0642126
0.0670590
0.0735551
0.0827208
0.0929831
0.1034518
0.1141621
0.1256799
0.1380925
0.1501606
0.1600581
0.1671580
0.1725648
0.1779961
0.1848822
0.1940770
0.2048288
0.2137945
0.2166901
0.2118741
0.2016119
0.1894465
0.1770946
0.1640676
0.1492151
0.1320432
0.1132697
0.0947901
0.0789434
0.0674485
0.0606299
0.0569362
0.0531159
0.0461809
0.0363572
0.0274734
0.0232910
0.0236775
0.0250763
0.0242136
0.0205998
0.0161081
0.0132263
0.0133829
0.0159049
0.0184833
0.0191009
0.0174405
0.0144205
0.0110871
0.0083155
0.0068049
0.0066547
0.0071914
0.0074760
0.0067678
0.0047956
0.0023775
0.0015414
0.0037642
0.0077701
0.0101001
0.0084067
0.0036522
-0.0010785
-0.0033292
-0.0029281
-0.0018031
-0.0023132
-0.0050430
-0.0080687
-0.0088522
-0.0067754
-0.0034051
-0.0006899
0.0003745
-0.0003206
-0.0023781
-0.0050663
-0.0076310
-0.0095710
-0.0106486
-0.0111200
-0.0119693
-0.0139315
-0.0158410
-0.0150439
-0.0104061
-0.0042597
-0.0004188
-0.0005947
-0.0033746
-0.0062343
-0.0078011
-0.0084062
-0.0091238
-0.0104092
-0.0115460
-0.0114372
-0.0097360
-0.0069941
-0.0042023
-0.0027476
-0.0040853
-0.0081782
-0.0124875
-0.0139163
-0.0120605
-0.0095397
-0.0088788
-0.0100076
-0.0111054
-0.0109131
-0.0095686
-0.0077102
-0.0054683
-0.0024633
0.0013818
0.0053544
0.0086243
0.0111104
0.0128859
0.0129628
0.0102724
0.0065852
0.0068809
0.0149631
0.0288967
0.0420627
0.0489371
0.0492652
0.0467957
0.0448684
0.0436379
0.0411560
0.0363373
0.0300670
0.0234008
0.0160215
0.0077451
0.0006860
-0.0022165
-0.0010946
0.0005044
0.0003826
0.0013397
0.0085188
0.0246843
0.0520211
0.1004310
0.1898008
0.3341577
0.5142900
0.6657600
0.7052734
0.5848108
0.3303984
0.0291606
-0.2265882
-0.3910802
-0.4732536
-0.5051283
-0.5070654
-0.4798181
-0.4208250
-0.3400732
-0.2582291
-0.1927464
-0.1488284
-0.1221891
-0.1062333
-0.0954227
-0.0855087
-0.0746600
-0.0646333
-0.0587725
-0.0581024
-0.0601014
-0.0613560
-0.0605442
-0.0585581
-0.0565280
-0.0546098
-0.0527375
-0.0516415
-0.0519863
-0.0524341
-0.0499203
-0.0429963
-0.0342818
-0.0282901
-0.0268569
-0.0276736
-0.0272335
-0.0241827
-0.0197249
-0.0158498
-0.0136029
-0.0123199
-0.0100065
-0.0048807
0.0029249
0.0110780
0.0165338
0.0176409
0.0154471
0.0131915
0.0138557
0.0174832
0.0209512
0.0207010
0.0157455
0.0083082
0.0022127
0.0005726
0.0038511
0.0093344
0.0130141
0.0127726
0.0097919
0.0068754
0.0059012
0.0069200
0.0087438
0.0096749
0.0081766
0.0037761
-0.0023415
-0.0077603
-0.0101482
-0.0087898
-0.0054191
-0.0033464
-0.0050125
-0.0100429
-0.0157404
-0.0193359
-0.0197817
-0.0180952
-0.0165715
-0.0170876
-0.0192526
-0.0204094
-0.0182263
-0.0131854
-0.0078823
-0.0041159
-0.0015303
0.0008934
0.0030161
0.0038368
0.0032490
0.0027955
0.0042466
0.0075243
0.0106473
0.0121859
0.0132267
0.0159405
0.0203524
0.0237310
0.0236221
0.0206257
0.0175950
0.0166607
0.0174966
0.0179748
0.0160695
0.0116259
0.0068289
0.0046273
0.0060821
0.0091722
0.0104726
0.0082389
0.0040728
0.0016461
0.0035069
0.0088145
0.0141950
0.0167073
0.0156294
0.0117954
0.0067802
0.0036018
0.0066734
0.0185539
0.0360914
0.0512601
0.0573030
0.0543239
0.0485391
0.0459653
0.0469506
0.0468561
0.0416351
0.0319199
0.0213986
0.0124240
0.0048012
-0.0015503
-0.0051529
-0.0054358
-0.0049611
-0.0069079
-0.0104570
-0.0104777
-0.0017939
0.0194692
0.0619974
0.1445558
0.2856331
0.4762759
0.6593831
0.7451832
0.6643782
0.4202305
0.0929944
-0.2105926
-0.4207905
-0.5304765
-0.5709681
-0.5708018
-0.5371938
-0.4686401
-0.3748504
-0.2790973
-0.2030036
-0.1531828
-0.1230413
-0.1037694
-0.0909296
-0.0827105
-0.0766057
-0.0701015
-0.0632572
-0.0585447
-0.0576488
-0.0590317
-0.0590909
-0.0555838
-0.0495335
-0.0437126
-0.0397975
-0.0374684
-0.0357353
-0.0340355
-0.0318927
-0.0285607
-0.0237639
-0.0183904
-0.0137896
-0.0103048
-0.0066369
-0.0006383
0.0090984
0.0220119
0.0357770
0.0479931
0.0579012
0.0665960
0.0758642
0.0868701
0.0993400
0.1114301
0.1207494
0.1262793
0.1293167
0.1320385
0.1351884
0.1376458
0.1381559
0.1367948
0.1344573
0.1313574
0.1265876
0.1193163
0.1101799
0.1010160
0.0929747
0.0853395
0.0768294
0.0677523
0.0598430
0.0537701
0.0478461
0.0399359
0.0300468
0.0202183
0.0121063
0.0054571
-0.0009524
-0.0075077
-0.0133462
-0.0175775
-0.0203630
-0.0224317
-0.0238953
-0.0244043
-0.0246319
-0.0265013
-0.0309259
-0.0358871
-0.0381214
-0.0369133
-0.0351209
-0.0358303
-0.0386602
-0.0401719
-0.0377747
-0.0325312
-0.0278451
-0.0258335
-0.0256421
-0.0253355
-0.0244887
-0.0239926
-0.0238029
-0.0224486
-0.0193470
-0.0163956
-0.0160208
-0.0180447
-0.0196713
-0.0187518
-0.0161989
-0.0146599
-0.0152594
-0.0163949
-0.0159487
-0.0141418
-0.0134148
-0.0153805
-0.0187328
-0.0208223
-0.0205910
-0.0186955
-0.0149276
-0.0073660
0.0045471
0.0168488
0.0229967
0.0203075
0.0141851
0.0145691
0.0269768
0.0469965
0.0643639
0.0726602
0.0743249
0.0760511
0.0806753
0.0849279
0.0844162
0.0787473
0.0709354
0.0630184
0.0537544
0.0406979
0.0235838
0.0051319
-0.0110412
-0.0226975
-0.0295175
-0.0325520
-0.0337071
-0.0348867
-0.0364805
-0.0366873
-0.0323881
-0.0186245
0.0157348
0.0905494
0.2243398
0.4106784
0.5995460
0.7082140
0.6652060
0.4586517
0.1495552
-0.1636869
-0.4022500
-0.5410783
-0.5995507
-0.6073688
-0.5805317
-0.5231190
-0.4418255
-0.3523837
-0.2723710
-0.2112060
-0.1682821
-0.1387850
-0.1191644
-0.1074654
-0.1011378
-0.0969009
-0.0928007
-0.0890631
-0.0864770
-0.0848398
-0.0834784
-0.0823231
-0.0813786
-0.0795236
-0.0750976
-0.0680971
-0.0610330
-0.0567814
-0.0555031
-0.0541657
-0.0495731
-0.0418674
-0.0345765
-0.0308492
-0.0299127
-0.0277069
-0.0208700
-0.0095891
0.0033240
0.0153056
0.0256203
0.0348247
0.0436268
0.0524325
0.0614289
0.0704802
0.0787871
0.0850800
0.0887731
0.0910215
0.0940214
0.0987316
0.1035139
0.1055412
0.1035703
0.0990772
0.0947764
0.0923069
0.0911619
0.0893435
0.0849372
0.0774925
0.0683693
0.0599028
0.0540033
0.0509836
0.0491772
0.0457604
0.0387057
0.0285803
0.0183669
0.0110566
0.0071122
0.0042292
-0.0003347
-0.0069807
-0.0131441
-0.0156488
-0.0140203
-0.0113714
-0.0116342
-0.0159115
-0.0218305
-0.0262684
-0.0280541
-0.0279386
-0.0268636
-0.0251898
-0.0234580
-0.0228731
-0.0242101
-0.0263121
-0.0264159
-0.0226135
-0.0159891
-0.0099354
-0.0072647
-0.0081479
-0.0105740
-0.0120824
-0.0110215
-0.0072663
-0.0026739
-0.0002968
-0.0018626
-0.0056979
-0.0078757
-0.0058367
-0.0003880
0.0062247
0.0134289
0.0222347
0.0318986
0.0382831
0.0375175
0.0316092
0.0287906
0.0366469
0.0548777
0.0756470
0.0909106
0.0985044
0.1013489
0.1025786
0.1027542
0.1008943
0.0963026
0.0888454
0.0785445
0.0657858
0.0514402
0.0359974
0.0190882
0.0012349
-0.0138904
-0.0210718
-0.0193191
-0.0149472
-0.0158771
-0.0221343
-0.0250704
-0.0185145
-0.0076085
0.0003644
0.0167306
0.0762760
0.2086735
0.3959141
0.5595344
0.6011354
0.4696597
0.1994387
-0.1134800
-0.3747022
-0.5409041
-0.6214328
-0.6446947
-0.6277024
-0.5727901
-0.4836562
-0.3772751
-0.2788434
-0.2068606
-0.1637555
-0.1394398
-0.1222274
-0.1067083
-0.0936889
-0.0853644
-0.0816176
-0.0801069
-0.0784949
-0.0759039
-0.0725778
-0.0689998
-0.0657922
-0.0639123
-0.0638574
-0.0643307
-0.0625391
-0.0567518
-0.0484466
-0.0411679
-0.0370480
-0.0348936
-0.0318057
-0.0261172
-0.0183692
-0.0099809
-0.0019192
0.0052323
0.0110115
0.0160459
0.0230594
0.0353957
0.0534123
0.0728489
0.0880542
0.0971465
0.1032403
0.1103591
0.1191204
0.1271848
0.1330357
0.1376226
0.1419444
0.1445581
0.1430921
0.1380233
0.1332697
0.1319502
0.1323141
0.1293087
0.1202733
0.1077618
0.0960763
0.0862306
0.0758278
0.0634196
0.0509763
0.0411920
0.0337973
0.0263114
0.0181763
0.0122312
0.0110493
0.0129139
0.0130993
0.0091321
0.0032174
-0.0012577
-0.0041615
-0.0078271
-0.0124548
-0.0148280
-0.0128324
-0.0095613
-0.0105321
-0.0167430
-0.0225375
-0.0216741
-0.0145851
-0.0080563
-0.0077623
-0.0125784
-0.0169219
-0.0174137
-0.0155970
-0.0144221
-0.0141939
-0.0133129
-0.0118354
-0.0121103
-0.0153390
-0.0189480
-0.0187766
-0.0137328
-0.0072921
-0.0039416
-0.0044364
-0.0048533
-0.0002670
0.0105933
0.0238894
0.0335287
0.0360247
0.0337271
0.0338241
0.0432545
0.0629618
0.0863535
0.1039950
0.1108253
0.1092666
0.1054794
0.1030692
0.1008481
0.0961379
0.0887532
0.0806881
0.0724204
0.0612141
0.0443168
0.0235139
0.0051107
-0.0055680
-0.0093286
-0.0118881
-0.0173683
-0.0238313
-0.0260108
-0.0218875
-0.0144848
-0.0047001
0.0185208
0.0783814
0.1945164
0.3597131
0.5281047
0.6292743
0.6039992
0.4390819
0.1768383
-0.1076700
-0.3453117
-0.5010513
-0.5760651
-0.5897454
-0.5606720
-0.5005433
-0.4194998
-0.3314352
-0.2517022
-0.1901574
-0.1475583
-0.1187933
-0.0989276
-0.0860583
-0.0795774
-0.0774803
-0.0763413
-0.0735966
-0.0691648
-0.0647766
-0.0621285
-0.0616402
-0.0622932
-0.0621423
-0.0593367
-0.0534526
-0.0461432
-0.0400759
-0.0367439
-0.0352731
-0.0335248
-0.0302125
-0.0256062
-0.0203060
-0.0141262
-0.0067820
0.0008250
0.0071982
0.0125864
0.0198642
0.0319267
0.0481074
0.0640316
0.0755582
0.0825323
0.0882731
0.0957844
0.1051490
0.1143864
0.1216544
0.1259384
0.1265516
0.1236359
0.1195348
0.1182354
0.1218811
0.1278308
0.1303377
0.1257905
0.1158949
0.1054012
0.0973772
0.0914092
0.0857639
0.0796951
0.0730460
0.0649362
0.0545816
0.0434869
0.0353191
0.0324883
0.0332677
0.0332302
0.0295128
0.0229824
0.0163122
0.0110599
0.0072219
0.0046068
0.0031637
0.0020100
-0.0003206
-0.0037228
-0.0055007
-0.0029250
0.0031520
0.0084520
0.0096752
0.0079729
0.0071802
0.0090986
0.0117500
0.0124139
0.0111094
0.0101700
0.0111586
0.0135677
0.0165507
0.0205202
0.0261715
0.0327361
0.0384138
0.0423838
0.0452538
0.0473753
0.0482031
0.0485380
0.0523649
0.0639087
0.0815677
0.0961705
0.0978618
0.0860632
0.0720046
0.0700381
0.0854700
0.1103691
0.1309152
0.1389543
0.1373301
0.1351500
0.1381986
0.1432973
0.1414540
0.1269413
0.1039687
0.0840474
0.0754419
0.0746461
0.0694094
0.0515662
0.0264542
0.0078756
0.0033349
0.0063927
0.0056157
-0.0005418
-0.0020545
0.0081512
0.0232521
0.0340835
0.0534118
0.1196169
0.2619744
0.4543596
0.6082425
0.6251615
0.4693891
0.1961084
-0.0905102
-0.3099105
-0.4446606
-0.5215629
-0.5661266
-0.5789141
-0.5487622
-0.4774464
-0.3857042
-0.2982079
-0.2279300
-0.1751264
-0.1362075
-0.1094013
-0.0932321
-0.0842274
-0.0787497
-0.0758328
-0.0760862
-0.0779044
-0.0766688
-0.0688806
-0.0564322
-0.0455506
-0.0411334
-0.0424563
-0.0445169
-0.0431979
-0.0389214
-0.0355420
-0.0359315
-0.0385742
-0.0384653
-0.0316854
-0.0193728
-0.0070017
0.0005691
0.0032721
0.0049615
0.0088433
0.0145758
0.0200395
0.0249848
0.0317281
0.0421166
0.0548317
0.0665886
0.0757108
0.0835325
0.0919485
0.1003665
0.1059565
0.1068620
0.1045245
0.1025755
0.1036683
0.1074009
0.1108660
0.1109092
0.1062071
0.0978707
0.0884368
0.0801020
0.0734067
0.0671412
0.0594262
0.0492428
0.0374002
0.0261204
0.0172749
0.0105323
0.0032547
-0.0071168
-0.0198472
-0.0301362
-0.0325803
-0.0264616
-0.0176086
-0.0140919
-0.0193181
-0.0293295
-0.0370221
-0.0387912
-0.0369226
-0.0360440
-0.0380758
-0.0407633
-0.0403687
-0.0350956
-0.0261727
-0.0166110
-0.0094632
-0.0066354
-0.0081080
-0.0117227
-0.0143047
-0.0138972
-0.0112439
-0.0090390
-0.0097497
-0.0139639
-0.0199724
-0.0241681
-0.0225482
-0.0138495
-0.0023860
0.0036323
-0.0004666
-0.0086434
-0.0062467
0.0171956
0.0554644
0.0874189
0.0942741
0.0767307
0.0544525
0.0477095
0.0595236
0.0757560
0.0813021
0.0744591
0.0655994
0.0641772
0.0693010
0.0727401
0.0686465
0.0583136
0.0460926
0.0333160
0.0180497
-0.0000501
-0.0170343
-0.0280756
-0.0327532
-0.0353527
-0.0393603
-0.0426863
-0.0400465
-0.0307560
-0.0223769
-0.0227025
-0.0248375
-0.0012463
0.0808025
0.2286014
0.4023079
0.5249418
0.5236249
0.3748536
0.1201835
-0.1596667
-0.3919615
-0.5450014
-0.6267946
-0.6591621
-0.6543555
-0.6123662
-0.5343658
-0.4340738
-0.3348252
-0.2563487
-0.2046538
-0.1733108
-0.1524032
-0.1356268
-0.1208429
-0.1073145
-0.0946670
-0.0840870
-0.0785019
-0.0800249
-0.0870401
-0.0944818
-0.0976215
-0.0957218
-0.0918459
-0.0892506
-0.0884132
-0.0874996
-0.0846922
-0.0791073
-0.0699966
-0.0568512
-0.0413875
-0.0285344
-0.0234042
-0.0259753
-0.0292361
-0.0242215
-0.0081518
0.0124972
0.0279348
0.0345850
0.0384708
0.0488422
0.0686272
0.0913624
0.1073226
0.1125602
0.1124470
0.1169593
0.1322639
0.1559134
0.1794195
0.1954542
0.2031282
0.2070315
0.2116974
0.2171195
0.2193468
0.2148501
0.2036107
0.1876600
0.1674629
0.1415340
0.1105837
0.0806973
0.0598143
0.0499316
0.0441755
0.0335217
0.0165123
0.0007439
-0.0061842
-0.0059712
-0.0079316
-0.0180339
-0.0320699
-0.0416252
-0.0449996
-0.0480863
-0.0534119
-0.0527439
-0.0354471
-0.0025777
0.0348837
0.0765516
0.1459528
0.2707658
0.4407939
0.5880983
0.6205624
0.4872026
0.2168596
-0.1054281
-0.4000129
-0.6348002
-0.8178164
-0.9626710
-1.0687368
-1.1297921
-1.1497537
-1.1423581
-1.1175122
-1.0739848
-1.0072511
-0.9207474
-0.8256813
-0.7305776
-0.6344977
-0.5318119
-0.4215856
-0.3106731
-0.2092234
-0.1255610
-0.0645190
-0.0267359
-0.0069606
0.0053263
0.0198792
0.0383153
0.0536143
0.0585888
0.0551159
0.0539086
0.0644610
0.0859018
0.1087467
0.1252590
0.1365984
0.1493455
0.1666001
0.1844234
0.1971966
0.2050490
0.2147719
0.2333608
0.2612650
0.2923373
0.3200693
0.3431337
0.3645847
0.3865161
0.4068197
0.4215652
0.4297853
0.4350810
0.4424012
0.4534362
0.4650958
0.4721836
0.4712774
0.4620159
0.4452959
0.4215215
0.3914436
0.3580225
0.3257753
0.2972098
0.2701896
0.2398954
0.2043446
0.1682125
0.1404067
0.1264572
0.1224837
0.1172438
0.1014308
0.0758103
0.0503301
0.0349753
0.0310098
0.0305850
0.0246847
0.0117405
-0.0012042
-0.0057243
-0.0002959
0.0087191
0.0139460
0.0139634
0.0129924
0.0143638
0.0156176
0.0109899
-0.0012875
-0.0150893
-0.0209710
-0.0151718
-0.0036000
0.0036815
0.0016152
-0.0066029
-0.0144844
-0.0186651
-0.0199240
-0.0195698
-0.0170519
-0.0116757
-0.0052429
-0.0012242
-0.0009618
-0.0019402
-0.0010454
0.0009932
0.0001855
-0.0050915
-0.0106609
-0.0106389
-0.0048460
-0.0004034
-0.0047604
-0.0174213
-0.0294436
-0.0315540
-0.0227389
-0.0108017
-0.0047434
-0.0070313
-0.0132110
-0.0179241
-0.0199778
-0.0215120
-0.0235445
-0.0235475
-0.0176603
-0.0052506
0.0086177
0.0156593
0.0105020
-0.0045880
-0.0210293
-0.0305751
-0.0313588
-0.0280106
-0.0263066
-0.0277377
-0.0289008
-0.0256953
-0.0178026
-0.0091346
-0.0044351
-0.0057702
-0.0113965
-0.0163377
-0.0139941
0.0000447
0.0226872
0.0419511
0.0442897
0.0266122
0.0014766
-0.0116204
-0.0023108
0.0222043
0.0446354
0.0534883
0.0514285
0.0486809
0.0503296
0.0519904
0.0472035
0.0361711
0.0255339
0.0208130
0.0210827
0.0210619
0.0168615
0.0090758
0.0014804
-0.0020280
0.0001232
0.0057826
0.0100019
0.0112750
0.0218614
0.0712078
0.1894351
0.3745422
0.5704442
0.6845119
0.6419601
0.4372548
0.1393743
-0.1541175
-0.3752995
-0.5104256
-0.5798505
-0.6029295
-0.5834937
-0.5218916
-0.4306180
-0.3328456
-0.2479002
-0.1821224
-0.1332424
-0.0991012
-0.0794544
-0.0715922
-0.0686519
-0.0643362
-0.0580405
-0.0534131
-0.0520734
-0.0508338
-0.0461980
-0.0399057
-0.0374866
-0.0411058
-0.0459570
-0.0452199
-0.0378447
-0.0300414
-0.0288554
-0.0348861
-0.0416112
-0.0416445
-0.0334205
-0.0218298
-0.0128945
-0.0086276
-0.0070783
-0.0060275
-0.0051985
-0.0050390
-0.0048284
-0.0029678
0.0011100
0.0059469
0.0092261
0.0098497
0.0085762
0.0064284
0.0029687
-0.0029606
-0.0107877
-0.0177241
-0.0216061
-0.0236208
-0.0271322
-0.0337367
-0.0411569
-0.0453279
-0.0443507
-0.0402362
-0.0367764
-0.0357872
-0.0356811
-0.0338221
-0.0297742
-0.0256534
-0.0236424
-0.0240496
-0.0257435
-0.0274081
-0.0279118
-0.0263148
-0.0224857
-0.0176927
-0.0139886
-0.0125599
-0.0124988
-0.0113482
-0.0073366
-0.0013020
0.0039937
0.0067465
0.0078597
0.0094754
0.0124004
0.0157238
0.0185356
0.0210080
0.0237065
0.0266293
0.0292925
0.0313993
0.0330949
0.0346002
0.0357731
0.0363069
0.0365361
0.0376624
0.0405280
0.0442489
0.0468339
0.0473178
0.0465409
0.0455414
0.0439556
0.0406115
0.0352881
0.0293496
0.0247781
0.0228140
0.0233521
0.0255185
0.0289517
0.0343775
0.0425143
0.0524140
0.0613210
0.0664461
0.0670848
0.0655239
0.0661137
0.0725853
0.0850518
0.0994489
0.1105945
0.1161586
0.1176050
0.1175465
0.1166227
0.1129076
0.1041234
0.0905320
0.0756037
0.0632252
0.0539338
0.0445400
0.0320413
0.0174619
0.0052018
-0.0010931
-0.0013839
0.0017365
0.0058221
0.0096450
0.0118518
0.0105026
0.0071549
0.0134187
0.0511188
0.1391708
0.2729586
0.4132520
0.4980907
0.4740061
0.3271249
0.0929956
-0.1621633
-0.3761477
-0.5175737
-0.5885395
-0.6072356
-0.5890084
-0.5404785
-0.4659601
-0.3750860
-0.2829625
-0.2036777
-0.1443333
-0.1047657
-0.0812549
-0.0691566
-0.0631235
-0.0580544
-0.0519688
-0.0470903
-0.0464118
-0.0493262
-0.0517927
-0.0506873
-0.0467342
-0.0427155
-0.0396501
-0.0356402
-0.0285665
-0.0193105
-0.0114925
-0.0076938
-0.0065123
-0.0039973
0.0023875
0.0119222
0.0221572
0.0309971
0.0374441
0.0419415
0.0467736
0.0550254
0.0678539
0.0827241
0.0949815
0.1017628
0.1048779
0.1099088
0.1216146
0.1393225
0.1571191
0.1694216
0.1763097
0.1827666
0.1929125
0.2057952
0.2166822
0.2212242
0.2175323
0.2048652
0.1822491
0.1504874
0.1158958
0.0895545
0.0793965
0.0821868
0.0855519
0.0796430
0.0658471
0.0529432
0.0462178
0.0426272
0.0361715
0.0252435
0.0133132
0.0040579
-0.0018566
-0.0053805
-0.0071752
-0.0086375
-0.0123436
-0.0175102
-0.0155767
0.0039054
0.0400180
0.0796451
0.1196572
0.1890156
0.3331626
0.5588641
0.7912918
0.9000616
0.7886655
0.4729163
0.0751631
-0.2627210
-0.4698237
-0.5659244
-0.6104318
-0.6430250
-0.6675905
-0.6729587
-0.6517596
-0.6000695
-0.5137323
-0.3967508
-0.2715642
-0.1715272
-0.1168467
-0.0984260
-0.0884400
-0.0673187
-0.0386547
-0.0181801
-0.0126804
-0.0137147
-0.0101745
-0.0012268
0.0056166
0.0058449
0.0032957
0.0044594
0.0105628
0.0169881
0.0195804
0.0197626
0.0226578
0.0308892
0.0415825
0.0497710
0.0535540
0.0550854
0.0575103
0.0621873
0.0683259
0.0739724
0.0774952
0.0792284
0.0816781
0.0872753
0.0959496
0.1055009
0.1139800
0.1208757
0.1263330
0.1304501
0.1337142
0.1373360
0.1422707
0.1475749
0.1501109
0.1470181
0.1393155
0.1321750
0.1299254
0.1308015
0.1283474
0.1185508
0.1041696
0.0913177
0.0831410
0.0778955
0.0721545
0.0644043
0.0556754
0.0478710
0.0421252
0.0385776
0.0369990
0.0367412
0.0360491
0.0327577
0.0267590
0.0210501
0.0190360
0.0209381
0.0237201
0.0242451
0.0217181
0.0175861
0.0141918
0.0132881
0.0147370
0.0164987
0.0164563
0.0141783
0.0106611
0.0070297
0.0041814
0.0030600
0.0041665
0.0066656
0.0084743
0.0075484
0.0035646
-0.0011022
-0.0025715
0.0010605
0.0072432
0.0110910
0.0102690
0.0068131
0.0040670
0.0032235
0.0033337
0.0032257
0.0022309
-0.0002836
-0.0048676
-0.0110997
-0.0168743
-0.0190080
-0.0156046
-0.0085099
-0.0025519
-0.0011201
-0.0028392
-0.0036317
-0.0016279
0.0012113
0.0021522
0.0010878
0.0005671
0.0030077
0.0079668
0.0120485
0.0119986
0.0080902
0.0036879
0.0012673
0.0001156
-0.0014034
-0.0027621
-0.0018354
0.0021891
0.0077569
0.0125125
0.0150247
0.0152412
0.0141891
0.0136370
0.0159510
0.0236766
0.0377645
0.0550758
0.0687358
0.0731269
0.0688183
0.0612935
0.0550350
0.0505043
0.0466241
0.0434878
0.0411859
0.0377092
0.0302861
0.0190128
0.0079706
0.0018222
0.0012782
0.0027355
0.0029640
0.0029701
0.0055942
0.0112401
0.0216208
0.0501436
0.1221326
0.2536026
0.4233324
0.5682408
0.6145870
0.5238822
0.3173261
0.0603973
-0.1776342
-0.3563325
-0.4681473
-0.5216878
-0.5267389
-0.4921748
-0.4295771
-0.3529485
-0.2751329
-0.2059635
-0.1521699
-0.1163270
-0.0957041
-0.0839412
-0.0752911
-0.0679034
-0.0632599
-0.0622614
-0.0620668
-0.0580325
-0.0494240
-0.0415457
-0.0402410
-0.0449418
-0.0490681
-0.0470765
-0.0394702
-0.0310666
-0.0260730
-0.0250867
-0.0254937
-0.0241735
-0.0202720
-0.0154441
-0.0114708
-0.0085273
-0.0060942
-0.0042452
-0.0031117
-0.0021296
-0.0008334
0.0003653
0.0008719
0.0004818
-0.0012310
-0.0048491
-0.0096954
-0.0136931
-0.0155932
-0.0165876
-0.0191418
-0.0248862
-0.0336661
-0.0435159
-0.0515223
-0.0561444
-0.0590116
-0.0631999
-0.0694526
-0.0751407
-0.0769492
-0.0735629
-0.0661232
-0.0575778
-0.0514209
-0.0493531
-0.0496664
-0.0487472
-0.0442580
-0.0365798
-0.0281134
-0.0219911
-0.0201365
-0.0209916
-0.0200122
-0.0140381
-0.0047555
0.0032513
0.0071695
0.0077295
0.0073953
0.0081265
0.0102552
0.0124776
0.0133915
0.0134832
0.0147077
0.0178446
0.0215982
0.0247140
0.0274829
0.0305770
0.0338425
0.0368438
0.0393237
0.0407779
0.0409220
0.0407154
0.0413715
0.0422373
0.0413885
0.0386377
0.0363455
0.0367874
0.0398390
0.0433447
0.0448890
0.0437566
0.0423136
0.0445702
0.0517464
0.0600101
0.0644278
0.0647436
0.0657292
0.0722438
0.0850610
0.1006093
0.1133664
0.1193209
0.1185773
0.1143230
0.1089397
0.1024290
0.0948855
0.0879674
0.0822065
0.0746981
0.0616543
0.0427972
0.0223059
0.0059987
-0.0025109
-0.0045519
-0.0055830
-0.0098494
-0.0156082
-0.0175560
-0.0136075
-0.0054401
0.0101327
0.0483019
0.1302097
0.2641050
0.4262942
0.5586683
0.5924104
0.4879452
0.2625922
-0.0173658
-0.2740798
-0.4556948
-0.5503949
-0.5755646
-0.5562108
-0.5089500
-0.4407093
-0.3581261
-0.2740112
-0.2029615
-0.1528464
-0.1225231
-0.1060081
-0.0967856
-0.0899456
-0.0833068
-0.0769190
-0.0710032
-0.0653672
-0.0607872
-0.0584937
-0.0574093
-0.0543223
-0.0480008
-0.0409900
-0.0362768
-0.0341944
-0.0333213
-0.0321271
-0.0290165
-0.0231643
-0.0162036
-0.0110142
-0.0081694
-0.0053189
-0.0001411
0.0079060
0.0182289
0.0291930
0.0381831
0.0441005
0.0493346
0.0569347
0.0665341
0.0753102
0.0818893
0.0869051
0.0909716
0.0947030
0.0995006
0.1056802
0.1108335
0.1122860
0.1101266
0.1062109
0.1019022
0.0982989
0.0963175
0.0946594
0.0901365
0.0820633
0.0740795
0.0697878
0.0687562
0.0681837
0.0659780
0.0609658
0.0529264
0.0439008
0.0370408
0.0331169
0.0302507
0.0270229
0.0231435
0.0178499
0.0114967
0.0081381
0.0118240
0.0199268
0.0244836
0.0210623
0.0129382
0.0061617
0.0035994
0.0038702
0.0034615
0.0002506
-0.0032404
-0.0019449
0.0043585
0.0089798
0.0068414
0.0015407
-0.0002765
0.0016836
0.0025338
0.0004756
-0.0009480
0.0021623
0.0101068
0.0196317
0.0264519
0.0299033
0.0353215
0.0474934
0.0612899
0.0651144
0.0561738
0.0465111
0.0504401
0.0702802
0.0965682
0.1174328
0.1258100
0.1227511
0.1163970
0.1141592
0.1150194
0.1129286
0.1061829
0.0976647
0.0872970
0.0715610
0.0506270
0.0297635
0.0136261
0.0037740
-0.0003377
-0.0029500
-0.0104386
-0.0213778
-0.0230093
-0.0065474
0.0179757
0.0330472
0.0399812
0.0660336
0.1424807
0.2739015
0.4210341
0.5116816
0.4828888
0.3277604
0.1010409
-0.1249353
-0.3059581
-0.4320777
-0.5087121
-0.5442930
-0.5456324
-0.5131423
-0.4456255
-0.3545073
-0.2637577
-0.1909874
-0.1386683
-0.1054835
-0.0912236
-0.0875259
-0.0812341
-0.0718045
-0.0688189
-0.0702138
-0.0632411
-0.0488553
-0.0413956
-0.0415867
-0.0364446
-0.0282009
-0.0320684
-0.0420999
-0.0363456
-0.0217590
-0.0291680
-0.0499979
-0.0288046
0.0535739
