-0.0708697
-0.2334176
-0.0281951
0.0706606
-0.0408681
-0.0979858
-0.0159980
0.0227878
-0.0418244
-0.0687588
-0.0159548
0.0006984
-0.0460887
-0.0552417
-0.0091755
0.0008688
-0.0384368
-0.0468341
-0.0151629
-0.0124613
-0.0413978
-0.0411628
-0.0157703
-0.0206749
-0.0460878
-0.0392032
-0.0129638
-0.0184744
-0.0430438
-0.0397491
-0.0211653
-0.0290784
-0.0509066
-0.0513782
-0.0444820
-0.0577312
-0.0712477
-0.0613165
-0.0554059
-0.0811465
-0.1111679
-0.1150701
-0.1144614
-0.1358085
-0.1610374
-0.1700297
-0.1800422
-0.2039912
-0.2215485
-0.2241412
-0.2360912
-0.2642983
-0.2804257
-0.2754098
-0.2779389
-0.3000308
-0.3169426
-0.3159861
-0.3141400
-0.3166743
-0.3081787
-0.2912685
-0.2860203
-0.2885369
-0.2765766
-0.2542327
-0.2450562
-0.2460011
-0.2332628
-0.2066565
-0.1854383
-0.1698107
-0.1469151
-0.1226155
-0.1093532
-0.0973484
-0.0731512
-0.0489188
-0.0399716
-0.0336928
-0.0125577
0.0137090
0.0284768
0.0375105
0.0510391
0.0611449
0.0617112
0.0655222
0.0794518
0.0888434
0.0858005
0.0856816
0.0984976
0.1117131
0.1158717
0.1191574
0.1249494
0.1238292
0.1171576
0.1192524
0.1289775
0.1286474
0.1164133
0.1104504
0.1174065
0.1250382
0.1274734
0.1302046
0.1310188
0.1229508
0.1132986
0.1140325
0.1187641
0.1140844
0.1056214
0.1077378
0.1166740
0.1185338
0.1141126
0.1129151
0.1134722
0.1104883
0.1089537
0.1120855
0.1098099
0.0971662
0.0880873
0.0938157
0.1043829
0.1070871
0.1056950
0.1070583
0.1070110
0.1026482
0.1004853
0.1016122
0.0973412
0.0880596
0.0865638
0.0954399
0.1013847
0.0979027
0.0933577
0.0922177
0.0888885
0.0833361
0.0826382
0.0852237
0.0829673
0.0786075
0.0817448
0.0895684
0.0909183
0.0863117
0.0850710
0.0870358
0.0855041
0.0827922
0.0852652
0.0894283
0.0892854
0.0894258
0.0953663
0.1006024
0.0983641
0.0956770
0.1012924
0.1107368
0.1166260
0.1218985
0.1305169
0.1375474
0.1397101
0.1430149
0.1503019
0.1545480
0.1524258
0.1500905
0.1488977
0.1409707
0.1251330
0.1114999
0.1049341
0.0995426
0.0934247
0.0925548
0.0965449
0.0966887
0.0915408
0.0900906
0.0979714
0.1139881
0.1401955
0.1839153
0.2539702
0.3658771
0.5379705
0.7583740
0.9579066
1.0381480
0.9364567
0.6643771
0.2956454
-0.0722487
-0.3614431
-0.5464177
-0.6504114
-0.7048899
-0.7177895
-0.6829582
-0.6033318
-0.4925984
-0.3666635
-0.2453502
-0.1509531
-0.0925813
-0.0592991
-0.0359771
-0.0172403
-0.0021838
0.0115452
0.0225889
0.0266238
0.0266039
0.0306754
0.0376900
0.0379900
0.0306726
0.0264448
0.0311211
0.0391414
0.0447954
0.0475800
0.0462809
0.0398729
0.0337074
0.0335481
0.0355944
0.0332924
0.0300440
0.0334594
0.0413910
0.0454460
0.0440074
0.0410248
0.0371122
0.0319597
0.0295053
0.0311025
0.0302776
0.0231529
0.0164310
0.0164394
0.0183639
0.0146015
0.0056717
-0.0045064
-0.0158594
-0.0284219
-0.0398991
-0.0517968
-0.0687686
-0.0883620
-0.1019796
-0.1092354
-0.1199506
-0.1385363
-0.1578480
-0.1718954
-0.1836622
-0.1972029
-0.2118855
-0.2264605
-0.2398858
-0.2480550
-0.2486575
-0.2476395
-0.2513652
-0.2552420
-0.2503986
-0.2383185
-0.2280521
-0.2220801
-0.2153650
-0.2051213
-0.1917592
-0.1738615
-0.1514217
-0.1301640
-0.1145731
-0.1011659
-0.0854337
-0.0694478
-0.0561703
-0.0433111
-0.0292072
-0.0172146
-0.0082268
0.0030581
0.0185818
0.0319831
0.0387533
0.0431245
0.0498976
0.0574967
0.0633354
0.0681966
0.0721695
0.0741123
0.0769409
0.0850471
0.0955506
0.1009755
0.1008570
0.1014694
0.1043958
0.1050701
0.1022864
0.0996350
0.0980699
0.0960171
0.0956575
0.1003858
0.1075006
0.1113144
0.1113370
0.1103765
0.1081005
0.1034758
0.0992989
0.0975556
0.0952609
0.0912074
0.0906739
0.0966114
0.1025125
0.1011608
0.0947582
0.0901052
0.0893434
0.0906395
0.0920507
0.0904817
0.0834202
0.0753284
0.0751794
0.0843490
0.0940507
0.0972192
0.0954913
0.0927731
0.0900741
0.0883835
0.0885939
0.0872589
0.0802264
0.0710924
0.0682294
0.0731717
0.0793056
0.0815065
0.0799788
0.0761567
0.0721687
0.0722908
0.0775710
0.0814569
0.0778915
0.0708658
0.0690525
0.0742026
0.0812792
0.0862444
0.0875210
0.0840445
0.0779872
0.0752444
0.0780287
0.0816815
0.0832013
0.0871133
0.0981580
0.1137757
0.1280599
0.1377697
0.1415869
0.1398365
0.1373777
0.1395011
0.1424311
0.1355760
0.1161516
0.0943677
0.0812976
0.0780787
0.0790775
0.0792178
0.0761827
0.0707643
0.0663550
0.0647504
0.0644855
0.0670877
0.0794504
0.1031099
0.1283891
0.1520999
0.1988278
0.3094806
0.4993704
0.7271122
0.9046236
0.9419941
0.7991629
0.5114903
0.1676895
-0.1456744
-0.3866999
-0.5570402
-0.6735504
-0.7459981
-0.7717642
-0.7418901
-0.6547492
-0.5283550
-0.3953541
-0.2823119
-0.1971273
-0.1362935
-0.0957074
-0.0708491
-0.0544157
-0.0400954
-0.0258571
-0.0119136
0.0004316
0.0078488
0.0083630
0.0056673
0.0047358
0.0043501
0.0003392
-0.0052173
-0.0054146
0.0013396
0.0093139
0.0131922
0.0121611
0.0076492
0.0026612
0.0016254
0.0053710
0.0081195
0.0043958
-0.0034612
-0.0090598
-0.0100451
-0.0083173
-0.0061441
-0.0063087
-0.0117736
-0.0207534
-0.0264162
-0.0257262
-0.0243975
-0.0293122
-0.0402115
-0.0519903
-0.0607511
-0.0650744
-0.0662494
-0.0696454
-0.0809492
-0.0990601
-0.1173684
-0.1328727
-0.1485331
-0.1660957
-0.1828951
-0.1969165
-0.2092594
-0.2206678
-0.2309160
-0.2419336
-0.2562589
-0.2722151
-0.2852124
-0.2932515
-0.2971165
-0.2971479
-0.2944217
-0.2924323
-0.2923219
-0.2890808
-0.2779528
-0.2622126
-0.2494036
-0.2421402
-0.2371526
-0.2307299
-0.2208234
-0.2066469
-0.1901928
-0.1753869
-0.1626872
-0.1478547
-0.1285390
-0.1080460
-0.0903514
-0.0759073
-0.0643243
-0.0559758
-0.0487561
-0.0387292
-0.0265647
-0.0182018
-0.0164743
-0.0164368
-0.0111471
0.0013802
0.0175382
0.0306005
0.0344156
0.0294677
0.0246983
0.0283050
0.0375153
0.0426124
0.0399974
0.0356493
0.0362375
0.0420047
0.0481232
0.0489838
0.0421989
0.0319554
0.0265019
0.0288911
0.0328245
0.0310701
0.0246816
0.0201673
0.0211365
0.0267885
0.0351042
0.0431787
0.0471975
0.0458247
0.0414631
0.0361476
0.0294324
0.0218745
0.0163621
0.0140537
0.0130824
0.0127630
0.0146526
0.0181239
0.0196413
0.0179993
0.0159738
0.0156028
0.0158611
0.0155564
0.0144682
0.0116289
0.0067306
0.0028902
0.0036018
0.0073915
0.0096957
0.0092066
0.0082133
0.0078649
0.0073501
0.0065709
0.0057268
0.0037391
0.0006525
-0.0003927
0.0028654
0.0079777
0.0110988
0.0117184
0.0113861
0.0109176
0.0117886
0.0167892
0.0259592
0.0349322
0.0402853
0.0437393
0.0488485
0.0565378
0.0654166
0.0728568
0.0745060
0.0671314
0.0538018
0.0421914
0.0358077
0.0303075
0.0199425
0.0047590
-0.0092289
-0.0146389
-0.0085862
0.0028306
0.0081814
0.0038183
0.0014492
0.0166449
0.0512687
0.0953698
0.1487490
0.2335024
0.3763511
0.5723945
0.7632992
0.8563150
0.7801386
0.5373087
0.2057764
-0.1151073
-0.3655320
-0.5423194
-0.6705770
-0.7671426
-0.8260327
-0.8286789
-0.7650358
-0.6477137
-0.5074429
-0.3752559
-0.2691405
-0.1937523
-0.1454809
-0.1158509
-0.0958176
-0.0809210
-0.0706725
-0.0629056
-0.0529923
-0.0396038
-0.0268931
-0.0191747
-0.0164358
-0.0158811
-0.0149941
-0.0128299
-0.0109757
-0.0126010
-0.0176156
-0.0201725
-0.0147982
-0.0039662
0.0042226
0.0050573
0.0006601
-0.0041349
-0.0058387
-0.0036570
-0.0003159
-0.0005148
-0.0057475
-0.0118804
-0.0139439
-0.0114248
-0.0071246
-0.0036703
-0.0032927
-0.0077980
-0.0159416
-0.0234515
-0.0281391
-0.0326613
-0.0403885
-0.0510852
-0.0621991
-0.0718121
-0.0792321
-0.0854793
-0.0938689
-0.1069420
-0.1223146
-0.1350366
-0.1445657
-0.1557716
-0.1723069
-0.1922502
-0.2107962
-0.2242588
-0.2314058
-0.2339970
-0.2360968
-0.2401663
-0.2441216
-0.2444217
-0.2407451
-0.2351070
-0.2282738
-0.2202118
-0.2121872
-0.2048155
-0.1954075
-0.1807126
-0.1614966
-0.1418956
-0.1252833
-0.1124827
-0.1021251
-0.0909889
-0.0762605
-0.0592955
-0.0447977
-0.0346999
-0.0255241
-0.0133486
0.0014721
0.0160737
0.0286034
0.0383968
0.0454798
0.0514672
0.0584886
0.0660411
0.0711986
0.0726806
0.0726092
0.0741905
0.0798086
0.0904338
0.1036627
0.1131421
0.1138937
0.1084074
0.1042659
0.1056651
0.1099901
0.1123478
0.1106853
0.1067661
0.1044533
0.1064795
0.1111350
0.1134515
0.1113570
0.1085913
0.1093672
0.1124184
0.1129631
0.1087067
0.1015435
0.0951525
0.0929756
0.0964692
0.1030310
0.1072394
0.1059595
0.1009889
0.0960217
0.0930982
0.0924306
0.0928412
0.0915577
0.0865314
0.0800435
0.0773788
0.0809141
0.0876450
0.0928158
0.0936795
0.0900165
0.0840512
0.0799760
0.0805044
0.0834085
0.0838508
0.0802602
0.0758471
0.0746499
0.0779569
0.0837392
0.0876634
0.0860282
0.0800329
0.0758155
0.0779043
0.0838750
0.0876041
0.0863615
0.0826720
0.0808317
0.0836642
0.0910680
0.0997338
0.1057384
0.1089655
0.1132617
0.1209390
0.1292943
0.1342392
0.1355523
0.1369065
0.1417671
0.1497687
0.1558271
0.1533462
0.1407846
0.1247337
0.1135604
0.1081675
0.1022952
0.0918847
0.0802193
0.0728779
0.0713316
0.0736201
0.0789290
0.0888836
0.1047362
0.1257939
0.1545165
0.2064399
0.3114787
0.4926582
0.7310985
0.9514478
1.0528473
0.9683297
0.7064766
0.3444945
-0.0182542
-0.3108687
-0.5129636
-0.6399320
-0.7116048
-0.7338871
-0.7041304
-0.6256701
-0.5136590
-0.3901500
-0.2763036
-0.1863143
-0.1242194
-0.0853049
-0.0612196
-0.0443093
-0.0294259
-0.0153287
-0.0049339
-0.0013308
-0.0025317
-0.0022462
0.0035510
0.0127835
0.0202974
0.0228179
0.0208424
0.0175875
0.0162487
0.0168789
0.0164097
0.0131138
0.0098200
0.0106384
0.0155990
0.0208868
0.0235796
0.0238833
0.0233274
0.0229013
0.0226669
0.0217023
0.0189166
0.0148710
0.0117486
0.0107033
0.0106846
0.0105813
0.0104868
0.0098117
0.0064792
-0.0003213
-0.0084045
-0.0152989
-0.0213710
-0.0289356
-0.0392824
-0.0513542
-0.0624810
-0.0704895
-0.0765041
-0.0851666
-0.0998339
-0.1177267
-0.1324525
-0.1417430
-0.1502607
-0.1638070
-0.1822984
-0.1990804
-0.2063996
-0.2021440
-0.1925415
-0.1873740
-0.1906971
-0.1967309
-0.1962812
-0.1862918
-0.1716094
-0.1587151
-0.1498704
-0.1425592
-0.1325035
-0.1174566
-0.0994459
-0.0829621
-0.0702494
-0.0594355
-0.0480200
-0.0366179
-0.0279550
-0.0232234
-0.0203517
-0.0150212
-0.0034574
0.0137631
0.0302497
0.0385763
0.0378991
0.0352223
0.0379858
0.0466838
0.0555760
0.0593976
0.0586139
0.0588905
0.0655370
0.0776952
0.0885381
0.0923800
0.0907088
0.0895146
0.0916463
0.0942037
0.0931937
0.0884704
0.0837601
0.0832758
0.0882430
0.0954898
0.0997405
0.0984778
0.0942574
0.0915105
0.0919011
0.0935948
0.0938676
0.0913667
0.0869952
0.0836999
0.0842439
0.0880970
0.0915677
0.0918725
0.0899060
0.0882157
0.0875689
0.0864701
0.0830879
0.0771405
0.0709623
0.0687953
0.0732345
0.0816635
0.0876832
0.0869983
0.0811770
0.0754276
0.0735405
0.0748787
0.0753240
0.0714844
0.0649373
0.0615052
0.0648589
0.0716856
0.0751641
0.0728149
0.0688730
0.0688276
0.0733514
0.0780688
0.0783185
0.0739124
0.0696522
0.0708867
0.0783232
0.0879193
0.0958824
0.1022271
0.1088823
0.1161827
0.1225952
0.1266738
0.1280724
0.1276281
0.1273235
0.1288821
0.1312191
0.1303064
0.1228583
0.1097598
0.0951992
0.0829149
0.0737354
0.0663301
0.0599605
0.0562842
0.0576582
0.0634615
0.0699886
0.0757348
0.0853444
0.1060207
0.1417705
0.1957598
0.2787697
0.4083341
0.5895322
0.7903162
0.9373743
0.9468739
0.7752907
0.4531958
0.0723601
-0.2670367
-0.5085851
-0.6532563
-0.7323331
-0.7699951
-0.7667916
-0.7111488
-0.6022461
-0.4616092
-0.3238145
-0.2163528
-0.1470118
-0.1070306
-0.0827597
-0.0645666
-0.0490156
-0.0366027
-0.0280483
-0.0218717
-0.0154027
-0.0079285
-0.0017273
0.0005833
-0.0009057
-0.0033445
-0.0036919
-0.0013555
0.0012560
0.0011665
-0.0015037
-0.0028810
0.0005891
0.0077901
0.0137686
0.0146992
0.0111005
0.0065442
0.0042932
0.0049297
0.0061555
0.0049647
0.0008464
-0.0032856
-0.0040264
-0.0011439
0.0022160
0.0026569
-0.0006198
-0.0057123
-0.0103106
-0.0142898
-0.0199313
-0.0289021
-0.0393057
-0.0471781
-0.0513164
-0.0552351
-0.0634634
-0.0768434
-0.0923121
-0.1065623
-0.1190268
-0.1316441
-0.1464080
-0.1631275
-0.1793469
-0.1923954
-0.2012667
-0.2064911
-0.2091109
-0.2105625
-0.2126160
-0.2158392
-0.2182071
-0.2166002
-0.2100545
-0.2007687
-0.1917419
-0.1840169
-0.1762341
-0.1662856
-0.1533637
-0.1387835
-0.1247367
-0.1120859
-0.0998199
-0.0869372
-0.0741906
-0.0633418
-0.0550680
-0.0481140
-0.0402933
-0.0302042
-0.0185136
-0.0077278
0.0000327
0.0053803
0.0110910
0.0187729
0.0267691
0.0319591
0.0332869
0.0331216
0.0353688
0.0422940
0.0526399
0.0625425
0.0686310
0.0705903
0.0708555
0.0721279
0.0752613
0.0788278
0.0801278
0.0773585
0.0719500
0.0684592
0.0707411
0.0777104
0.0837019
0.0837283
0.0782982
0.0728287
0.0722976
0.0764065
0.0799542
0.0781166
0.0713806
0.0651166
0.0645004
0.0702311
0.0786750
0.0848947
0.0854419
0.0800451
0.0721884
0.0673734
0.0688911
0.0745579
0.0784983
0.0771177
0.0731784
0.0730121
0.0791227
0.0862880
0.0865012
0.0781750
0.0689201
0.0676497
0.0745544
0.0808083
0.0786144
0.0699943
0.0645438
0.0692975
0.0819977
0.0940762
0.0989431
0.0968635
0.0928619
0.0914762
0.0937970
0.0980356
0.1013894
0.1018485
0.1002110
0.1010570
0.1099195
0.1273274
0.1457791
0.1547290
0.1502605
0.1397324
0.1356026
0.1434752
0.1559514
0.1590150
0.1455247
0.1226492
0.1052894
0.1016485
0.1057961
0.1052007
0.0951053
0.0837196
0.0821185
0.0904028
0.0969817
0.0930382
0.0852036
0.0897648
0.1139966
0.1486707
0.1850192
0.2381142
0.3441135
0.5232462
0.7405901
0.9073435
0.9307565
0.7746492
0.4814036
0.1406699
-0.1655002
-0.3982587
-0.5598225
-0.6678750
-0.7326833
-0.7515106
-0.7175244
-0.6320290
-0.5105468
-0.3792067
-0.2640161
-0.1799246
-0.1267505
-0.0940394
-0.0702341
-0.0490595
-0.0298352
-0.0141286
-0.0029505
0.0039534
0.0078306
0.0105328
0.0135899
0.0168321
0.0181453
0.0155091
0.0098175
0.0052941
0.0062320
0.0128198
0.0204775
0.0239270
0.0221081
0.0188317
0.0185346
0.0217482
0.0249792
0.0247668
0.0214145
0.0186063
0.0195400
0.0236794
0.0274193
0.0277751
0.0250463
0.0217789
0.0196426
0.0178858
0.0146599
0.0091234
0.0019240
-0.0059495
-0.0141803
-0.0228392
-0.0315151
-0.0394423
-0.0468532
-0.0556481
-0.0677206
-0.0824601
-0.0968566
-0.1087540
-0.1194287
-0.1320856
-0.1479630
-0.1647392
-0.1789690
-0.1894396
-0.1976178
-0.2051317
-0.2116751
-0.2158347
-0.2173198
-0.2171566
-0.2155130
-0.2107805
-0.2020564
-0.1916593
-0.1832536
-0.1772508
-0.1698452
-0.1577899
-0.1431430
-0.1316430
-0.1261801
-0.1230525
-0.1157182
-0.1021085
-0.0872093
-0.0777086
-0.0745934
-0.0720501
-0.0636142
-0.0483380
-0.0308119
-0.0166600
-0.0089143
-0.0072661
-0.0086617
-0.0085924
-0.0037443
0.0052135
0.0137575
0.0174365
0.0163099
0.0153892
0.0200330
0.0304266
0.0409729
0.0457725
0.0444932
0.0421275
0.0431532
0.0468738
0.0486592
0.0450258
0.0373603
0.0312968
0.0323445
0.0410321
0.0518135
0.0573851
0.0547409
0.0471265
0.0403351
0.0375176
0.0373417
0.0364215
0.0332252
0.0297938
0.0296570
0.0340740
0.0406284
0.0454363
0.0460554
0.0423196
0.0357815
0.0292507
0.0257233
0.0261306
0.0281620
0.0283254
0.0254528
0.0218585
0.0210847
0.0245683
0.0301450
0.0337350
0.0330268
0.0296769
0.0274352
0.0281377
0.0301922
0.0309611
0.0298354
0.0288829
0.0311043
0.0378029
0.0466750
0.0527177
0.0524960
0.0480722
0.0457926
0.0505199
0.0612516
0.0723320
0.0785278
0.0792645
0.0788071
0.0824090
0.0916251
0.1029586
0.1108001
0.1113205
0.1041242
0.0918871
0.0789920
0.0687715
0.0606288
0.0509864
0.0385899
0.0278841
0.0251039
0.0312014
0.0407115
0.0485491
0.0566405
0.0721490
0.0994188
0.1368276
0.1854362
0.2599546
0.3827226
0.5560452
0.7370577
0.8471899
0.8183600
0.6394750
0.3630538
0.0677858
-0.1892197
-0.3927907
-0.5539877
-0.6812360
-0.7669172
-0.7966242
-0.7650012
-0.6810756
-0.5628715
-0.4314200
-0.3079830
-0.2101835
-0.1458383
-0.1101412
-0.0903525
-0.0747352
-0.0588940
-0.0454543
-0.0384041
-0.0376673
-0.0390038
-0.0383656
-0.0350098
-0.0305317
-0.0267950
-0.0254418
-0.0274314
-0.0315267
-0.0344328
-0.0339931
-0.0317614
-0.0313783
-0.0346626
-0.0397282
-0.0425350
-0.0403020
-0.0342723
-0.0291851
-0.0290840
-0.0335642
-0.0388759
-0.0422510
-0.0439571
-0.0457000
-0.0487876
-0.0537326
-0.0598382
-0.0648930
-0.0668251
-0.0662336
-0.0664083
-0.0705468
-0.0792947
-0.0905202
-0.1009168
-0.1086927
-0.1156144
-0.1255246
-0.1397816
-0.1550214
-0.1665534
-0.1732293
-0.1780517
-0.1849007
-0.1955404
-0.2086678
-0.2206972
-0.2283905
-0.2319122
-0.2347207
-0.2396507
-0.2455946
-0.2483418
-0.2440074
-0.2319260
-0.2157217
-0.2015902
-0.1936217
-0.1900212
-0.1851217
-0.1754769
-0.1628522
-0.1513292
-0.1430803
-0.1371071
-0.1304565
-0.1202794
-0.1060686
-0.0903704
-0.0765822
-0.0661772
-0.0586018
-0.0528127
-0.0476039
-0.0414588
-0.0338669
-0.0262089
-0.0197707
-0.0134449
-0.0049173
0.0062636
0.0179814
0.0274444
0.0330497
0.0353673
0.0371744
0.0413789
0.0478847
0.0535119
0.0558182
0.0559039
0.0568567
0.0607354
0.0674867
0.0750657
0.0799326
0.0793405
0.0743499
0.0693382
0.0676552
0.0686970
0.0694908
0.0679199
0.0643352
0.0614239
0.0624630
0.0681357
0.0750313
0.0786635
0.0777855
0.0745088
0.0709766
0.0677586
0.0649303
0.0626940
0.0610479
0.0602548
0.0611117
0.0634317
0.0651918
0.0648127
0.0634349
0.0633115
0.0646931
0.0657799
0.0650473
0.0624200
0.0589892
0.0566046
0.0568189
0.0593637
0.0624731
0.0648717
0.0660798
0.0650919
0.0613660
0.0575232
0.0579842
0.0633761
0.0686676
0.0687665
0.0645412
0.0618075
0.0652260
0.0740220
0.0830596
0.0879713
0.0898349
0.0940799
0.1037196
0.1150172
0.1218324
0.1230894
0.1234273
0.1270610
0.1333024
0.1376717
0.1354628
0.1250635
0.1099972
0.0969913
0.0898436
0.0857548
0.0795560
0.0705756
0.0630314
0.0602485
0.0611285
0.0631562
0.0675079
0.0794090
0.1021636
0.1322062
0.1661090
0.2178163
0.3235142
0.5135078
0.7667514
0.9949462
1.0840918
0.9663582
0.6643048
0.2739346
-0.0957409
-0.3785613
-0.5656928
-0.6801602
-0.7433214
-0.7615266
-0.7331783
-0.6591413
-0.5474016
-0.4145753
-0.2845529
-0.1805119
-0.1138385
-0.0801294
-0.0654414
-0.0558442
-0.0436811
-0.0292121
-0.0176844
-0.0132053
-0.0145233
-0.0165270
-0.0145743
-0.0071048
0.0035903
0.0119329
0.0129499
0.0076731
0.0028441
0.0035395
0.0078858
0.0104720
0.0088250
0.0049053
0.0022906
0.0035556
0.0085854
0.0139642
0.0156154
0.0131882
0.0104322
0.0106986
0.0136344
0.0163893
0.0162231
0.0121819
0.0064209
0.0034710
0.0056303
0.0093390
0.0086280
0.0018018
-0.0076958
-0.0162568
-0.0231337
-0.0292406
-0.0360559
-0.0455063
-0.0581661
-0.0715263
-0.0822148
-0.0899290
-0.0977262
-0.1088405
-0.1239229
-0.1400456
-0.1519352
-0.1567611
-0.1588220
-0.1662678
-0.1809690
-0.1944149
-0.1963230
-0.1854269
-0.1697463
-0.1581841
-0.1536722
-0.1524596
-0.1479888
-0.1367378
-0.1216705
-0.1091421
-0.1023405
-0.0990989
-0.0951928
-0.0872030
-0.0731875
-0.0544012
-0.0364615
-0.0251836
-0.0205434
-0.0174508
-0.0125131
-0.0071224
-0.0037992
-0.0023476
-0.0000221
0.0063620
0.0179175
0.0313764
0.0405155
0.0422900
0.0405467
0.0415995
0.0474267
0.0550167
0.0604754
0.0617180
0.0593335
0.0572505
0.0605475
0.0700870
0.0807861
0.0869130
0.0873547
0.0846138
0.0813495
0.0794864
0.0799653
0.0814095
0.0811006
0.0785517
0.0760709
0.0752351
0.0753799
0.0759724
0.0775245
0.0796025
0.0807103
0.0804544
0.0791794
0.0757961
0.0692674
0.0621630
0.0593160
0.0624188
0.0682691
0.0721170
0.0708343
0.0642744
0.0562440
0.0525451
0.0548766
0.0579781
0.0558321
0.0493263
0.0448005
0.0462821
0.0518733
0.0566049
0.0566621
0.0522290
0.0478712
0.0482568
0.0522598
0.0539503
0.0507536
0.0473510
0.0495417
0.0572011
0.0652454
0.0689753
0.0672082
0.0631592
0.0634297
0.0727957
0.0883320
0.1012869
0.1059124
0.1043843
0.1031412
0.1070889
0.1166909
0.1270543
0.1301166
0.1215357
0.1056892
0.0909622
0.0806902
0.0718725
0.0618163
0.0522934
0.0472304
0.0488229
0.0552095
0.0603939
0.0590370
0.0539750
0.0560783
0.0733836
0.1037686
0.1436380
0.2025222
0.3029333
0.4605300
0.6593785
0.8422180
0.9287054
0.8577345
0.6267640
0.2953736
-0.0509463
-0.3452716
-0.5595020
-0.6964990
-0.7705220
-0.7915314
-0.7617448
-0.6844431
-0.5735931
-0.4515041
-0.3375759
-0.2423425
-0.1703572
-0.1225987
-0.0949578
-0.0792463
-0.0680543
-0.0572299
-0.0449708
-0.0320012
-0.0216835
-0.0162965
-0.0138500
-0.0113479
-0.0093431
-0.0098455
-0.0116804
-0.0116880
-0.0090121
-0.0050354
-0.0008870
0.0021868
0.0023086
-0.0002952
-0.0023644
-0.0018699
-0.0006395
-0.0007159
-0.0012702
-0.0011662
-0.0010805
-0.0009457
0.0011156
0.0051393
0.0080166
0.0077318
0.0056759
0.0034200
0.0006528
-0.0024986
-0.0043855
-0.0038006
-0.0001353
0.0077818
0.0191806
0.0287963
0.0317447
0.0304018
0.0312899
0.0351612
0.0351660
0.0254681
0.0077131
-0.0115312
-0.0270404
-0.0392779
-0.0546435
-0.0793550
-0.1106977
-0.1374424
-0.1520399
-0.1589792
-0.1675673
-0.1802247
-0.1921652
-0.1991329
-0.2005889
-0.1975792
-0.1917493
-0.1851207
-0.1781969
-0.1698674
-0.1602837
-0.1510507
-0.1420837
-0.1322195
-0.1232875
-0.1184768
-0.1157281
-0.1083576
-0.0941317
-0.0787432
-0.0683222
-0.0628538
-0.0586381
-0.0533155
-0.0470688
-0.0418283
-0.0394493
-0.0381498
-0.0325664
-0.0210280
-0.0101183
-0.0067929
-0.0080163
-0.0037547
0.0114245
0.0352499
0.0646363
0.1000171
0.1440352
0.2021876
0.2858388
0.4094710
0.5784895
0.7717256
0.9292336
0.9638144
0.8068318
0.4629223
0.0223577
-0.3892093
-0.6828738
-0.8420159
-0.9038681
-0.9148311
-0.8964911
-0.8425074
-0.7418717
-0.6027004
-0.4523108
-0.3179427
-0.2128760
-0.1381950
-0.0884870
-0.0540024
-0.0251178
0.0009275
0.0205944
0.0316183
0.0361850
0.0374898
0.0380590
0.0407122
0.0462852
0.0513213
0.0526412
0.0527593
0.0562116
0.0624999
0.0674570
0.0695970
0.0705958
0.0716598
0.0734533
0.0769465
0.0807016
0.0807979
0.0772457
0.0766398
0.0843680
0.0975614
0.1090243
0.1144957
0.1136823
0.1089761
0.1058811
0.1096172
0.1183453
0.1244811
0.1250596
0.1257831
0.1325908
0.1441597
0.1547775
0.1602406
0.1598695
0.1571475
0.1584657
0.1664047
0.1748880
0.1763263
0.1723600
0.1714007
0.1765973
0.1826602
0.1839434
0.1796786
0.1718935
0.1635355
0.1576451
0.1537469
0.1469045
0.1345823
0.1215414
0.1134844
0.1092774
0.1040625
0.0964131
0.0879163
0.0795629
0.0728020
0.0699896
0.0697492
0.0662964
0.0572202
0.0476316
0.0434462
0.0450806
0.0500401
0.0562459
0.0605365
0.0597799
0.0559323
0.0544986
0.0562508
0.0561640
0.0517311
0.0463131
0.0432928
0.0428461
0.0449172
0.0493211
0.0528187
0.0520895
0.0493247
0.0492230
0.0515200
0.0521513
0.0500660
0.0471855
0.0440056
0.0411015
0.0420409
0.0485368
0.0555394
0.0571380
0.0544683
0.0524160
0.0519300
0.0507637
0.0482057
0.0445077
0.0396308
0.0362701
0.0390122
0.0467686
0.0517516
0.0498007
0.0459394
0.0461207
0.0494310
0.0518243
0.0516981
0.0489668
0.0444746
0.0423243
0.0465714
0.0540905
0.0570703
0.0535358
0.0490341
0.0478021
0.0490407
0.0514146
0.0539473
0.0532109
0.0472248
0.0414249
0.0433206
0.0518866
0.0588944
0.0594521
0.0552428
0.0497899
0.0465621
0.0486379
0.0542187
0.0560446
0.0509096
0.0454462
0.0469849
0.0536879
0.0591988
0.0614888
0.0615169
0.0589610
0.0549676
0.0536332
0.0557100
0.0563272
0.0531158
0.0507379
0.0537663
0.0609602
0.0690993
0.0760995
0.0788657
0.0754806
0.0707232
0.0714871
0.0759076
0.0755860
0.0694590
0.0666871
0.0744948
0.0908455
0.1093527
0.1239011
0.1293297
0.1257551
0.1214974
0.1241835
0.1302503
0.1301335
0.1215097
0.1107071
0.1039224
0.1029268
0.1052636
0.1034372
0.0902048
0.0706140
0.0608910
0.0677905
0.0772911
0.0733528
0.0611794
0.0613776
0.0848323
0.1230199
0.1641545
0.2159778
0.3110537
0.4803308
0.7063021
0.9020467
0.9558062
0.8125514
0.5143692
0.1641196
-0.1440921
-0.3681922
-0.5181657
-0.6268457
-0.7126094
-0.7617436
-0.7475508
-0.6642872
-0.5367426
-0.4009777
-0.2845365
-0.2002173
-0.1453308
-0.1059570
-0.0708040
-0.0411033
-0.0222419
-0.0116438
-0.0030768
0.0032268
0.0042910
0.0030385
0.0043875
0.0077827
0.0111306
0.0159688
0.0216147
0.0215441
0.0132599
0.0047208
0.0038175
0.0081620
0.0110281
0.0101516
0.0061304
0.0002440
-0.0025098
0.0027360
0.0108692
0.0105982
0.0005219
-0.0090178
-0.0120603
-0.0138756
-0.0197238
-0.0278671
-0.0357616
-0.0430520
-0.0476590
-0.0487349
-0.0527689
-0.0664842
-0.0852035
-0.0986240
-0.1059000
-0.1148696
-0.1295488
-0.1483695
-0.1704734
-0.1935989
-0.2108574
-0.2199883
-0.2305457
-0.2520935
-0.2808906
-0.3069142
-0.3271036
-0.3434267
-0.3560763
-0.3670654
-0.3821024
-0.4008924
-0.4141924
-0.4173620
-0.4174331
-0.4207514
-0.4239950
-0.4230449
-0.4198360
-0.4151940
-0.4057994
-0.3924577
-0.3802690
-0.3676755
-0.3471661
-0.3189951
-0.2920579
-0.2698736
-0.2480057
-0.2254837
-0.2058708
-0.1874407
-0.1651933
-0.1414256
-0.1217391
-0.1031073
-0.0788102
-0.0519788
-0.0313757
-0.0173946
-0.0042961
0.0084138
0.0181668
0.0266953
0.0344734
0.0356419
0.0292424
0.0264105
0.0352382
0.0478680
0.0532725
0.0528687
0.0533412
0.0545030
0.0539500
0.0534764
0.0529531
0.0487466
0.0440250
0.0477155
0.0580540
0.0615586
0.0535240
0.0448180
0.0437410
0.0460430
0.0466235
0.0460024
0.0424286
0.0328033
0.0232575
0.0238721
0.0323534
0.0372654
0.0357030
0.0330626
0.0292412
0.0212120
0.0147661
0.0170862
0.0224159
0.0209630
0.0160476
0.0168909
0.0215407
0.0223063
0.0204026
0.0208029
0.0211676
0.0188136
0.0184614
0.0214802
0.0199722
0.0127403
0.0125743
0.0259800
0.0407628
0.0450274
0.0431225
0.0426993
0.0424088
0.0419326
0.0474871
0.0587343
0.0663802
0.0688905
0.0748324
0.0851552
0.0916526
0.0948519
0.1031537
0.1130688
0.1115947
0.0990886
0.0887097
0.0833598
0.0739736
0.0593275
0.0475483
0.0409682
0.0379145
0.0427840
0.0553868
0.0604160
0.0488740
0.0392276
0.0547984
0.0906149
0.1254715
0.1586163
0.2155015
0.3245879
0.4971262
0.7083567
0.8827831
0.9234702
0.7846285
0.5089871
0.1852244
-0.1141409
-0.3507663
-0.5136855
-0.6176050
-0.6862674
-0.7202117
-0.6977109
-0.6140410
-0.4962481
-0.3737462
-0.2604238
-0.1689946
-0.1122068
-0.0828143
-0.0592698
-0.0352206
-0.0189798
-0.0074453
0.0099472
0.0258975
0.0252145
0.0152746
0.0158466
0.0252992
0.0273069
0.0223289
0.0225260
0.0264157
0.0273839
0.0332399
0.0491079
0.0582688
0.0482110
0.0359747
0.0401688
0.0500920
0.0491109
0.0437439
0.0440375
0.0424119
0.0360118
0.0400506
0.0564025
0.0615463
0.0468108
0.0357983
0.0425781
0.0494728
0.0436174
0.0371337
0.0366530
0.0328653
0.0306944
0.0468531
0.0703225
0.0711212
0.0525451
0.0465157
0.0561334
0.0537729
0.0347017
0.0199001
0.0093912
-0.0144634
-0.0447130
-0.0630574
-0.0820550
-0.1213174
-0.1607000
-0.1716784
-0.1713697
-0.1900094
-0.2140178
-0.2174241
-0.2147945
-0.2259394
-0.2286099
-0.2039095
-0.1829463
-0.1910328
-0.1967724
-0.1725361
-0.1476534
-0.1470776
-0.1423061
-0.1158653
-0.1015190
-0.1099382
-0.0963936
-0.0508656
-0.0290647
-0.0476306
-0.0493575
-0.0155531
-0.0008644
-0.0169293
-0.0061615
0.0329281
0.0331005
0.0017506
0.0213135
0.0803586
0.0802552
0.0329393
0.0519235
0.1263946
0.1343716
0.0996943
0.1667281
0.2972419
0.3184994
0.3173390
0.5814103
1.0199330
1.0910757
0.5608219
