0.0980077
0.1376137
0.1302312
0.1223516
0.1365244
0.1568213
0.1702335
0.1821814
0.1948690
0.2032035
0.2117560
0.2299286
0.2519130
0.2640272
0.2691496
0.2825252
0.3060577
0.3271765
0.3412646
0.3557456
0.3720384
0.3807164
0.3763527
0.3642211
0.3512331
0.3396087
0.3281928
0.3123422
0.2861702
0.2521719
0.2230341
0.2058731
0.1908718
0.1644456
0.1280661
0.0949561
0.0727014
0.0576984
0.0434383
0.0270561
0.0101544
-0.0018700
-0.0042655
0.0000510
0.0019833
-0.0028725
-0.0099853
-0.0143836
-0.0169229
-0.0194839
-0.0206895
-0.0199997
-0.0203339
-0.0230773
-0.0251467
-0.0238157
-0.0205084
-0.0180633
-0.0178852
-0.0203993
-0.0244163
-0.0262503
-0.0238773
-0.0215022
-0.0252728
-0.0348146
-0.0434545
-0.0461722
-0.0430951
-0.0364748
-0.0291856
-0.0254087
-0.0277536
-0.0333620
-0.0363415
-0.0341010
-0.0291900
-0.0261231
-0.0281501
-0.0347656
-0.0403445
-0.0383419
-0.0295631
-0.0232388
-0.0268721
-0.0376018
-0.0462607
-0.0473171
-0.0423302
-0.0364585
-0.0344290
-0.0377436
-0.0431919
-0.0453583
-0.0419490
-0.0353730
-0.0291171
-0.0250460
-0.0241448
-0.0265459
-0.0301061
-0.0317145
-0.0304343
-0.0270636
-0.0213783
-0.0132869
-0.0062490
-0.0052506
-0.0102640
-0.0146870
-0.0114927
0.0005244
0.0163043
0.0284535
0.0322858
0.0290377
0.0238204
0.0195570
0.0147388
0.0082903
0.0032488
0.0021368
0.0008600
-0.0082458
-0.0268057
-0.0464335
-0.0555385
-0.0501052
-0.0382392
-0.0333859
-0.0410168
-0.0523166
-0.0535103
-0.0400973
-0.0159659
0.0235416
0.1006215
0.2372884
0.4236733
0.6042937
0.7002258
0.6544564
0.4678903
0.1990721
-0.0716354
-0.2847359
-0.4207367
-0.4905146
-0.5145061
-0.5078420
-0.4761650
-0.4203283
-0.3456125
-0.2668428
-0.2025714
-0.1631404
-0.1448992
-0.1356512
-0.1249427
-0.1105233
-0.0973523
-0.0909331
-0.0910503
-0.0923197
-0.0906239
-0.0870288
-0.0847336
-0.0846586
-0.0856898
-0.0870819
-0.0882978
-0.0877999
-0.0842613
-0.0785571
-0.0732340
-0.0703672
-0.0704176
-0.0722460
-0.0738309
-0.0740398
-0.0738878
-0.0748503
-0.0761543
-0.0755609
-0.0728368
-0.0703495
-0.0697742
-0.0701137
-0.0696749
-0.0685514
-0.0685247
-0.0714191
-0.0775951
-0.0852216
-0.0915039
-0.0956588
-0.0998503
-0.1058716
-0.1120556
-0.1155691
-0.1172202
-0.1217486
-0.1329310
-0.1495537
-0.1663632
-0.1784761
-0.1853886
-0.1912014
-0.2001378
-0.2114679
-0.2200776
-0.2224968
-0.2206618
-0.2188027
-0.2183805
-0.2175245
-0.2140652
-0.2074113
-0.1981128
-0.1870132
-0.1748356
-0.1620960
-0.1493934
-0.1372352
-0.1247539
-0.1094793
-0.0902998
-0.0705134
-0.0558335
-0.0486608
-0.0455889
-0.0409834
-0.0320939
-0.0208092
-0.0116998
-0.0082664
-0.0096723
-0.0109168
-0.0072716
0.0012197
0.0101239
0.0150530
0.0151829
0.0132885
0.0133203
0.0171612
0.0226325
0.0253071
0.0233115
0.0197524
0.0195599
0.0246247
0.0327419
0.0402987
0.0449157
0.0462362
0.0453660
0.0435018
0.0408145
0.0370810
0.0331868
0.0308367
0.0307077
0.0322349
0.0353455
0.0406237
0.0469500
0.0505486
0.0479704
0.0399027
0.0313546
0.0277304
0.0300888
0.0338067
0.0327798
0.0259823
0.0191408
0.0186411
0.0244828
0.0308283
0.0329480
0.0316321
0.0306829
0.0320396
0.0343664
0.0354442
0.0348261
0.0340155
0.0345287
0.0366597
0.0407492
0.0485387
0.0610468
0.0749593
0.0837823
0.0842898
0.0802123
0.0775488
0.0771334
0.0739490
0.0637791
0.0487477
0.0353154
0.0274165
0.0227386
0.0164274
0.0076832
0.0006682
-0.0017901
-0.0028120
-0.0069183
-0.0121701
-0.0109110
0.0009998
0.0203298
0.0462606
0.0927106
0.1843090
0.3325326
0.5112912
0.6571192
0.7002169
0.6051885
0.3907937
0.1163649
-0.1502762
-0.3595907
-0.4905442
-0.5473620
-0.5489968
-0.5160612
-0.4615412
-0.3909795
-0.3101000
-0.2304846
-0.1663736
-0.1255893
-0.1042500
-0.0915210
-0.0801077
-0.0712819
-0.0689544
-0.0707051
-0.0679817
-0.0558661
-0.0399092
-0.0309905
-0.0340770
-0.0435314
-0.0492680
-0.0464786
-0.0392614
-0.0354356
-0.0383844
-0.0442704
-0.0469375
-0.0443694
-0.0396040
-0.0364089
-0.0356829
-0.0358711
-0.0353471
-0.0339153
-0.0327983
-0.0334414
-0.0358584
-0.0381548
-0.0380079
-0.0343329
-0.0272934
-0.0175910
-0.0065904
0.0036630
0.0119271
0.0192011
0.0275821
0.0372474
0.0449419
0.0458854
0.0376959
0.0229160
0.0071962
-0.0061285
-0.0195472
-0.0379792
-0.0613161
-0.0817684
-0.0901351
-0.0848231
-0.0743783
-0.0711395
-0.0815928
-0.1010713
-0.1168999
-0.1178453
-0.1025022
-0.0797974
-0.0616415
-0.0542559
-0.0547615
-0.0548003
-0.0480552
-0.0357440
-0.0250989
-0.0219064
-0.0247465
-0.0271523
-0.0247908
-0.0192238
-0.0147219
-0.0129072
-0.0114842
-0.0078276
-0.0029040
-0.0009486
-0.0050691
-0.0138195
-0.0229259
-0.0297432
-0.0342868
-0.0359747
-0.0322281
-0.0225527
-0.0125202
-0.0101520
-0.0166915
-0.0223097
-0.0131993
0.0162746
0.0597854
0.1092690
0.1682937
0.2503048
0.3572964
0.4584179
0.4949642
0.4160524
0.2186725
-0.0417948
-0.2812673
-0.4352867
-0.4906715
-0.4797884
-0.4467008
-0.4148342
-0.3799321
-0.3272563
-0.2526376
-0.1690448
-0.0968666
-0.0494615
-0.0263100
-0.0173342
-0.0122786
-0.0063947
0.0004931
0.0073772
0.0135006
0.0182510
0.0217106
0.0252429
0.0302810
0.0362518
0.0403751
0.0398836
0.0344190
0.0263711
0.0189290
0.0136126
0.0097889
0.0067973
0.0059263
0.0091597
0.0159386
0.0224076
0.0246411
0.0221870
0.0180134
0.0152648
0.0142339
0.0122029
0.0062471
-0.0034360
-0.0130758
-0.0186606
-0.0196531
-0.0190129
-0.0198325
-0.0226058
-0.0256503
-0.0274294
-0.0282373
-0.0299486
-0.0341838
-0.0406070
-0.0472332
-0.0523835
-0.0556014
-0.0562876
-0.0524660
-0.0422238
-0.0263975
-0.0089081
0.0061124
0.0175488
0.0277007
0.0394124
0.0526005
0.0638002
0.0695788
0.0701484
0.0688915
0.0685647
0.0691544
0.0696471
0.0703889
0.0724313
0.0751082
0.0756744
0.0719713
0.0651567
0.0592326
0.0574121
0.0589296
0.0599150
0.0575882
0.0529294
0.0488140
0.0464873
0.0450580
0.0439567
0.0442092
0.0466541
0.0498665
0.0509139
0.0483695
0.0442666
0.0426004
0.0454380
0.0505697
0.0535969
0.0524742
0.0493335
0.0476134
0.0482540
0.0492624
0.0481429
0.0437766
0.0365532
0.0282495
0.0222653
0.0226893
0.0311971
0.0438818
0.0521016
0.0488649
0.0359896
0.0239905
0.0226765
0.0312973
0.0393641
0.0379891
0.0293664
0.0239731
0.0289446
0.0404455
0.0478080
0.0444808
0.0342235
0.0265908
0.0271031
0.0325147
0.0352848
0.0314647
0.0239464
0.0192550
0.0220036
0.0313569
0.0413889
0.0453229
0.0411935
0.0340194
0.0314661
0.0365222
0.0446720
0.0487973
0.0467652
0.0435761
0.0456176
0.0532657
0.0603574
0.0615355
0.0589697
0.0602185
0.0696621
0.0837494
0.0950870
0.0994092
0.0972904
0.0907094
0.0808647
0.0699260
0.0622612
0.0608260
0.0620971
0.0574842
0.0425635
0.0241266
0.0144988
0.0173458
0.0222228
0.0169122
0.0038393
-0.0011260
0.0116019
0.0318090
0.0432661
0.0529734
0.0997489
0.2224953
0.4124126
0.5975694
0.6826041
0.6137754
0.4140585
0.1610202
-0.0681961
-0.2371760
-0.3505140
-0.4269318
-0.4749434
-0.4887421
-0.4604373
-0.3935268
-0.3059652
-0.2218111
-0.1587993
-0.1207427
-0.0993810
-0.0835372
-0.0681145
-0.0556604
-0.0502006
-0.0508432
-0.0523100
-0.0508479
-0.0476735
-0.0460792
-0.0466839
-0.0469300
-0.0447347
-0.0410955
-0.0384907
-0.0375713
-0.0366472
-0.0345916
-0.0329677
-0.0339371
-0.0365279
-0.0369808
-0.0336839
-0.0301033
-0.0308068
-0.0350593
-0.0366807
-0.0312540
-0.0219908
-0.0165804
-0.0182724
-0.0218596
-0.0198580
-0.0119044
-0.0057750
-0.0079029
-0.0143784
-0.0138475
0.0001487
0.0213502
0.0362433
0.0363727
0.0243133
0.0084746
-0.0060768
-0.0211325
-0.0410308
-0.0663276
-0.0921463
-0.1123087
-0.1246790
-0.1327809
-0.1428547
-0.1591633
-0.1808151
-0.2020664
-0.2162386
-0.2207528
-0.2189928
-0.2169693
-0.2179042
-0.2199314
-0.2185023
-0.2104589
-0.1962033
-0.1790328
-0.1627968
-0.1495329
-0.1385841
-0.1278409
-0.1160645
-0.1041180
-0.0937815
-0.0852340
-0.0761234
-0.0641022
-0.0506379
-0.0410279
-0.0389362
-0.0411598
-0.0398764
-0.0310396
-0.0189714
-0.0110160
-0.0087314
-0.0068316
-0.0009377
0.0066174
0.0109422
0.0125427
0.0168585
0.0250767
0.0303961
0.0285635
0.0297345
0.0512037
0.0945397
0.1383105
0.1659406
0.2012352
0.3003585
0.4903503
0.7122915
0.8390147
0.7665438
0.4973030
0.1345227
-0.2047801
-0.4709990
-0.6848389
-0.8777810
-1.0458410
-1.1616945
-1.2157129
-1.2291743
-1.2269161
-1.2088110
-1.1559579
-1.0604365
-0.9396853
-0.8192850
-0.7077318
-0.5939083
-0.4676242
-0.3363572
-0.2192993
-0.1290092
-0.0634775
-0.0147253
0.0207010
0.0425289
0.0542746
0.0644435
0.0788455
0.0945440
0.1040740
0.1051867
0.1042236
0.1091023
0.1206346
0.1326103
0.1398719
0.1438732
0.1492632
0.1570144
0.1634847
0.1660684
0.1672741
0.1718042
0.1808908
0.1914641
0.2008704
0.2103908
0.2225725
0.2360662
0.2457906
0.2496057
0.2531264
0.2650425
0.2871237
0.3111976
0.3279953
0.3380138
0.3512091
0.3753372
0.4063462
0.4319414
0.4442280
0.4472186
0.4513819
0.4622564
0.4759753
0.4851781
0.4865286
0.4810681
0.4694751
0.4505194
0.4247137
0.3965132
0.3703252
0.3451676
0.3159636
0.2810481
0.2464531
0.2203228
0.2029651
0.1847675
0.1561609
0.1193772
0.0882397
0.0750417
0.0782782
0.0842463
0.0803163
0.0658172
0.0504523
0.0436448
0.0460889
0.0506616
0.0501468
0.0437718
0.0370954
0.0364429
0.0433410
0.0533212
0.0593652
0.0570372
0.0476097
0.0369729
0.0311849
0.0322792
0.0375784
0.0422875
0.0425833
0.0374504
0.0294854
0.0243750
0.0275879
0.0390457
0.0507157
0.0517437
0.0385390
0.0200918
0.0112082
0.0184335
0.0329640
0.0393640
0.0318564
0.0203087
0.0187804
0.0295290
0.0407639
0.0401969
0.0282399
0.0163157
0.0139777
0.0204627
0.0286364
0.0336862
0.0353296
0.0334881
0.0266492
0.0166071
0.0115423
0.0195875
0.0385620
0.0555061
0.0589799
0.0504959
0.0414044
0.0392764
0.0407185
0.0389324
0.0353417
0.0395510
0.0570763
0.0803490
0.0950223
0.0946913
0.0865093
0.0813548
0.0811286
0.0785324
0.0682686
0.0544549
0.0449245
0.0405143
0.0337967
0.0193475
0.0025532
-0.0049286
0.0012743
0.0118291
0.0131857
0.0029578
-0.0066882
-0.0019034
0.0193305
0.0505102
0.0939518
0.1697480
0.2991696
0.4728239
0.6351364
0.7071156
0.6351349
0.4274365
0.1488388
-0.1201083
-0.3252833
-0.4532525
-0.5169943
-0.5341353
-0.5161375
-0.4700281
-0.4034448
-0.3262784
-0.2494287
-0.1832842
-0.1358189
-0.1093984
-0.0985986
-0.0930167
-0.0846434
-0.0733605
-0.0648944
-0.0634204
-0.0667442
-0.0686919
-0.0653294
-0.0582752
-0.0524416
-0.0513422
-0.0545232
-0.0586057
-0.0600811
-0.0574892
-0.0521258
-0.0474014
-0.0468316
-0.0511932
-0.0570440
-0.0588446
-0.0536575
-0.0440770
-0.0362703
-0.0349371
-0.0399262
-0.0470924
-0.0518151
-0.0519800
-0.0487327
-0.0453087
-0.0448955
-0.0483747
-0.0531339
-0.0544612
-0.0496226
-0.0416191
-0.0382928
-0.0460831
-0.0637077
-0.0823867
-0.0931890
-0.0947004
-0.0936937
-0.0984466
-0.1113738
-0.1277591
-0.1410181
-0.1487350
-0.1536844
-0.1597269
-0.1675593
-0.1745341
-0.1777550
-0.1765546
-0.1722347
-0.1663894
-0.1599679
-0.1534311
-0.1469128
-0.1398483
-0.1308161
-0.1184298
-0.1027779
-0.0858539
-0.0702658
-0.0574858
-0.0474327
-0.0394527
-0.0331169
-0.0279221
-0.0227655
-0.0163292
-0.0081572
0.0006649
0.0078347
0.0110074
0.0093347
0.0045661
0.0006626
0.0015567
0.0083033
0.0179171
0.0252738
0.0269395
0.0238355
0.0203832
0.0209092
0.0265602
0.0351169
0.0430658
0.0476803
0.0479549
0.0447478
0.0404453
0.0378582
0.0385468
0.0417941
0.0452698
0.0469315
0.0465292
0.0454884
0.0455080
0.0473076
0.0504524
0.0538030
0.0557584
0.0545019
0.0490435
0.0406250
0.0326979
0.0286826
0.0293287
0.0323599
0.0348138
0.0356543
0.0361006
0.0377267
0.0407164
0.0441337
0.0474176
0.0508308
0.0542121
0.0559835
0.0543172
0.0495291
0.0449039
0.0447827
0.0516702
0.0647563
0.0804152
0.0937143
0.1001780
0.0976874
0.0879459
0.0761258
0.0679355
0.0656404
0.0662547
0.0638478
0.0543605
0.0389812
0.0234003
0.0136989
0.0120507
0.0153731
0.0180920
0.0171365
0.0147753
0.0159812
0.0226626
0.0321788
0.0445751
0.0722113
0.1382676
0.2580658
0.4153792
0.5566153
0.6147057
0.5489091
0.3705905
0.1351446
-0.0921780
-0.2693625
-0.3876079
-0.4579920
-0.4918731
-0.4917972
-0.4564495
-0.3906626
-0.3092610
-0.2310924
-0.1690737
-0.1251837
-0.0939986
-0.0702750
-0.0531415
-0.0440600
-0.0424485
-0.0444995
-0.0460956
-0.0457371
-0.0439846
-0.0408449
-0.0351492
-0.0269059
-0.0191319
-0.0159283
-0.0183298
-0.0226291
-0.0234847
-0.0190152
-0.0129046
-0.0113380
-0.0173717
-0.0277379
-0.0351062
-0.0341180
-0.0260103
-0.0175554
-0.0149868
-0.0183839
-0.0219487
-0.0201358
-0.0136166
-0.0088713
-0.0116363
-0.0209725
-0.0300841
-0.0327632
-0.0285999
-0.0221339
-0.0179725
-0.0174756
-0.0195727
-0.0232624
-0.0283945
-0.0345660
-0.0404794
-0.0448685
-0.0475105
-0.0488115
-0.0487830
-0.0471414
-0.0443111
-0.0414303
-0.0389300
-0.0357784
-0.0309017
-0.0250433
-0.0202361
-0.0172472
-0.0145084
-0.0103242
-0.0054559
-0.0021164
-0.0001527
0.0042471
0.0143317
0.0273137
0.0348944
0.0308625
0.0180956
0.0067693
0.0048543
0.0107350
0.0157577
0.0137641
0.0072131
0.0035569
0.0063667
0.0112568
0.0109892
0.0037828
-0.0045976
-0.0071929
-0.0033233
0.0011426
0.0005933
-0.0044891
-0.0090032
-0.0095319
-0.0077257
-0.0072109
-0.0084974
-0.0083775
-0.0043205
0.0018467
0.0055745
0.0045465
0.0011801
0.0000895
0.0036144
0.0099873
0.0152450
0.0164235
0.0134114
0.0087877
0.0061937
0.0079600
0.0131610
0.0178172
0.0179015
0.0130674
0.0074519
0.0061206
0.0101843
0.0155689
0.0171208
0.0141385
0.0115004
0.0148199
0.0243657
0.0341598
0.0375527
0.0337713
0.0286971
0.0290314
0.0358565
0.0440001
0.0472632
0.0437275
0.0363237
0.0296470
0.0273076
0.0315984
0.0434290
0.0609373
0.0787839
0.0908086
0.0945504
0.0927314
0.0896550
0.0865943
0.0815260
0.0728828
0.0618753
0.0504288
0.0384193
0.0250112
0.0124577
0.0059825
0.0081579
0.0147999
0.0191436
0.0203129
0.0248292
0.0378383
0.0556038
0.0722429
0.0959712
0.1533993
0.2682132
0.4289521
0.5785661
0.6426438
0.5769118
0.3951081
0.1559732
-0.0757296
-0.2607547
-0.3899138
-0.4691433
-0.5050051
-0.5013439
-0.4631223
-0.3992612
-0.3219447
-0.2445190
-0.1790804
-0.1330519
-0.1059746
-0.0902207
-0.0770112
-0.0633157
-0.0530941
-0.0515111
-0.0579791
-0.0651150
-0.0645729
-0.0539712
-0.0385696
-0.0267017
-0.0233687
-0.0272114
-0.0326867
-0.0351124
-0.0343191
-0.0340135
-0.0375790
-0.0441824
-0.0489062
-0.0469695
-0.0381790
-0.0274344
-0.0208386
-0.0210471
-0.0258715
-0.0307211
-0.0320609
-0.0290409
-0.0230153
-0.0164229
-0.0118857
-0.0112047
-0.0142096
-0.0184918
-0.0208587
-0.0196572
-0.0159239
-0.0122419
-0.0103919
-0.0100664
-0.0098229
-0.0091891
-0.0096906
-0.0136394
-0.0216714
-0.0312304
-0.0375582
-0.0368680
-0.0295164
-0.0204709
-0.0160338
-0.0189420
-0.0259510
-0.0303836
-0.0277472
-0.0194535
-0.0112017
-0.0075377
-0.0077367
-0.0068156
-0.0004508
0.0110643
0.0233116
0.0315708
0.0340854
0.0323758
0.0294008
0.0275765
0.0276348
0.0283760
0.0275210
0.0236934
0.0182360
0.0147598
0.0159938
0.0206247
0.0237329
0.0211684
0.0137193
0.0065078
0.0039564
0.0056537
0.0075590
0.0069571
0.0053894
0.0063203
0.0104876
0.0145311
0.0146482
0.0111478
0.0085699
0.0109611
0.0174641
0.0231641
0.0242302
0.0215914
0.0192687
0.0197162
0.0216860
0.0227219
0.0227604
0.0242001
0.0283520
0.0328451
0.0336108
0.0294581
0.0237574
0.0209531
0.0218786
0.0233977
0.0226322
0.0204886
0.0202577
0.0232485
0.0269528
0.0279409
0.0258876
0.0239084
0.0249728
0.0287519
0.0323471
0.0334311
0.0318211
0.0283108
0.0234144
0.0181638
0.0153402
0.0182783
0.0276532
0.0398985
0.0495133
0.0531796
0.0517020
0.0483767
0.0460930
0.0460703
0.0485774
0.0538215
0.0618358
0.0720243
0.0831741
0.0934467
0.0999016
0.0988806
0.0887124
0.0729407
0.0595660
0.0547229
0.0560636
0.0536767
0.0397081
0.0177509
0.0012136
0.0005225
0.0120022
0.0213028
0.0188803
0.0105567
0.0105973
0.0251830
0.0471590
0.0711110
0.1123514
0.2037407
0.3646525
0.5676125
0.7367289
0.7864842
0.6736200
0.4231986
0.1120416
-0.1743096
-0.3802360
-0.4937904
-0.5352840
-0.5339769
-0.5086496
-0.4625383
-0.3930269
-0.3057429
-0.2191090
-0.1541521
-0.1191114
-0.1044261
-0.0935014
-0.0782056
-0.0633669
-0.0571417
-0.0596027
-0.0624273
-0.0584461
-0.0487524
-0.0397411
-0.0353431
-0.0342744
-0.0341403
-0.0354521
-0.0400795
-0.0470561
-0.0522459
-0.0527516
-0.0501478
-0.0480116
-0.0469898
-0.0441680
-0.0377460
-0.0306312
-0.0276958
-0.0297987
-0.0322062
-0.0298074
-0.0232277
-0.0187501
-0.0218843
-0.0312400
-0.0389019
-0.0369523
-0.0241668
-0.0072470
0.0040056
0.0035143
-0.0072010
-0.0206032
-0.0289085
-0.0296632
-0.0265176
-0.0246377
-0.0255710
-0.0270023
-0.0270668
-0.0273241
-0.0303743
-0.0353235
-0.0375053
-0.0335814
-0.0259577
-0.0207244
-0.0211789
-0.0246412
-0.0262359
-0.0244114
-0.0209391
-0.0160746
-0.0067246
0.0086410
0.0249075
0.0334300
0.0312204
0.0249615
0.0238822
0.0294239
0.0343245
0.0325178
0.0276147
0.0289354
0.0393359
0.0498540
0.0486341
0.0343018
0.0181382
0.0124283
0.0183097
0.0261836
0.0266994
0.0193103
0.0103701
0.0054593
0.0053690
0.0082762
0.0127697
0.0173748
0.0190521
0.0152042
0.0077576
0.0028575
0.0043104
0.0081452
0.0063212
-0.0032027
-0.0119309
-0.0085702
0.0084686
0.0276644
0.0345016
0.0249543
0.0086642
-0.0008861
0.0012524
0.0085730
0.0111344
0.0055170
-0.0025647
-0.0041709
0.0045332
0.0186014
0.0282532
0.0275158
0.0202086
0.0169349
0.0245623
0.0380937
0.0441048
0.0337155
0.0124352
-0.0037081
-0.0026583
0.0128300
0.0287234
0.0334746
0.0276956
0.0208531
0.0203799
0.0252998
0.0293128
0.0276707
0.0204597
0.0113335
0.0052480
0.0068636
0.0183369
0.0366114
0.0535234
0.0609243
0.0572521
0.0486449
0.0425468
0.0404964
0.0385258
0.0347190
0.0342290
0.0446233
0.0664251
0.0901766
0.1039863
0.1034708
0.0938170
0.0831501
0.0754629
0.0698495
0.0641583
0.0570172
0.0469743
0.0330299
0.0180439
0.0093800
0.0121661
0.0213187
0.0240585
0.0136593
-0.0008324
-0.0027308
0.0137361
0.0377828
0.0603156
0.0969875
0.1847076
0.3450114
0.5461986
0.7051676
0.7353748
0.6032761
0.3475809
0.0503235
-0.2114251
-0.3967936
-0.5023780
-0.5454733
-0.5465978
-0.5197021
-0.4703989
-0.4004579
-0.3154807
-0.2295295
-0.1608038
-0.1201885
-0.1032184
-0.0945379
-0.0815844
-0.0643011
-0.0519431
-0.0516070
-0.0605669
-0.0688778
-0.0680787
-0.0574441
-0.0432907
-0.0333907
-0.0316461
-0.0365659
-0.0434371
-0.0478063
-0.0480524
-0.0459200
-0.0447602
-0.0464698
-0.0495858
-0.0505634
-0.0472885
-0.0413974
-0.0370294
-0.0371000
-0.0404735
-0.0426967
-0.0399653
-0.0328949
-0.0262810
-0.0246546
-0.0279611
-0.0318249
-0.0319844
-0.0281549
-0.0236184
-0.0215255
-0.0219218
-0.0222852
-0.0206455
-0.0178441
-0.0166145
-0.0187709
-0.0237178
-0.0294563
-0.0342056
-0.0368308
-0.0366908
-0.0341745
-0.0313120
-0.0308327
-0.0337701
-0.0378807
-0.0389038
-0.0340972
-0.0249220
-0.0159295
-0.0104472
-0.0073825
-0.0027183
0.0058708
0.0163940
0.0245630
0.0278843
0.0275604
0.0269055
0.0284274
0.0322880
0.0369343
0.0406347
0.0423051
0.0414596
0.0382963
0.0341058
0.0308464
0.0295444
0.0292715
0.0282390
0.0258093
0.0229423
0.0206890
0.0187609
0.0158484
0.0112168
0.0058530
0.0019751
0.0012966
0.0037196
0.0077055
0.0115962
0.0141859
0.0143990
0.0115591
0.0065886
0.0022701
0.0012581
0.0035046
0.0060464
0.0058270
0.0029616
0.0010182
0.0034938
0.0097198
0.0148522
0.0147558
0.0107945
0.0088569
0.0131782
0.0215626
0.0272104
0.0252890
0.0176456
0.0111880
0.0116883
0.0189826
0.0278640
0.0331275
0.0333844
0.0305769
0.0272447
0.0249842
0.0245014
0.0255794
0.0268131
0.0264950
0.0245336
0.0231531
0.0249640
0.0300462
0.0352390
0.0368567
0.0342840
0.0304247
0.0282469
0.0275062
0.0257837
0.0223707
0.0196171
0.0198672
0.0222813
0.0239606
0.0238378
0.0241472
0.0276103
0.0339865
0.0402931
0.0442307
0.0462005
0.0471846
0.0457507
0.0394819
0.0302175
0.0258015
0.0337998
0.0529883
0.0728463
0.0828189
0.0816863
0.0770940
0.0763593
0.0789549
0.0783886
0.0702846
0.0568995
0.0434393
0.0320058
0.0214820
0.0126894
0.0099726
0.0151961
0.0221690
0.0213982
0.0120496
0.0062443
0.0172729
0.0430245
0.0657101
0.0737787
0.0848093
0.1399971
0.2664413
0.4397298
0.5859126
0.6271868
0.5337185
0.3385098
0.1074960
-0.1043334
-0.2745928
-0.4038904
-0.4945886
-0.5414282
-0.5387740
-0.4912915
-0.4151056
-0.3297360
-0.2499590
-0.1835924
-0.1336946
-0.1009283
-0.0839640
-0.0785283
-0.0772671
-0.0724649
-0.0608553
-0.0463001
-0.0367624
-0.0374291
-0.0461271
-0.0552293
-0.0581396
-0.0543614
-0.0487342
-0.0460860
-0.0469415
-0.0483614
-0.0479924
-0.0461713
-0.0443099
-0.0426905
-0.0406041
-0.0378588
-0.0352489
-0.0337400
-0.0337575
-0.0351775
-0.0375475
-0.0401515
-0.0420134
-0.0422086
-0.0407423
-0.0393444
-0.0407072
-0.0459705
-0.0528508
-0.0569121
-0.0551942
-0.0488732
-0.0427462
-0.0420348
-0.0485719
-0.0589699
-0.0667845
-0.0677148
-0.0633246
-0.0594113
-0.0604442
-0.0655501
-0.0697526
-0.0689674
-0.0639675
-0.0596205
-0.0600362
-0.0642871
-0.0669970
-0.0630802
-0.0517677
-0.0365671
-0.0223315
-0.0123605
-0.0069252
-0.0034515
0.0015153
0.0095456
0.0190385
0.0266164
0.0298260
0.0288738
0.0263364
0.0252022
0.0266094
0.0292022
0.0308595
0.0309717
0.0306923
0.0310688
0.0313384
0.0290986
0.0221321
0.0106844
-0.0014399
-0.0085831
-0.0073341
0.0003969
0.0085989
0.0118474
0.0092816
0.0046360
0.0025606
0.0042818
0.0064001
0.0043738
-0.0023973
-0.0093565
-0.0110485
-0.0061749
0.0019436
0.0092501
0.0143657
0.0182693
0.0215803
0.0230205
0.0208343
0.0153539
0.0093107
0.0052359
0.0033761
0.0030325
0.0050543
0.0110832
0.0200368
0.0271968
0.0283546
0.0245035
0.0212721
0.0232997
0.0294580
0.0339594
0.0323721
0.0264475
0.0226418
0.0258315
0.0349428
0.0446986
0.0506024
0.0516770
0.0495652
0.0465282
0.0441390
0.0425156
0.0402519
0.0357228
0.0290398
0.0227556
0.0204272
0.0239691
0.0317138
0.0390675
0.0419627
0.0402651
0.0374544
0.0366974
0.0376790
0.0375382
0.0344454
0.0299645
0.0281701
0.0323090
0.0415511
0.0508107
0.0545725
0.0515964
0.0458746
0.0429703
0.0455560
0.0520765
0.0589638
0.0641180
0.0688000
0.0761086
0.0870191
0.0979243
0.1027334
0.0978204
0.0850829
0.0704981
0.0596114
0.0534282
0.0479765
0.0385584
0.0253136
0.0140709
0.0106535
0.0146417
0.0200290
0.0222817
0.0235453
0.0298641
0.0441147
0.0646509
0.0940325
0.1483307
0.2506916
0.4057687
0.5756900
0.6859971
0.6664883
0.4977153
0.2252976
-0.0686915
-0.3124533
-0.4738515
-0.5573910
-0.5822647
-0.5650803
-0.5174215
-0.4502058
-0.3741729
-0.2970221
-0.2239805
-0.1617864
-0.1188600
-0.0991182
-0.0966239
-0.0986547
-0.0952045
-0.0856682
-0.0765411
-0.0731894
-0.0743628
-0.0745979
-0.0707715
-0.0648918
-0.0607204
-0.0595077
-0.0598293
-0.0600743
-0.0596401
-0.0585550
-0.0575696
-0.0584559
-0.0626917
-0.0691087
-0.0733574
-0.0706302
-0.0599072
-0.0461504
-0.0376594
-0.0396166
-0.0493267
-0.0582471
-0.0592871
-0.0523844
-0.0436767
-0.0400763
-0.0440731
-0.0521308
-0.0575531
-0.0559512
-0.0488144
-0.0416881
-0.0388719
-0.0401908
-0.0425742
-0.0439267
-0.0452240
-0.0490566
-0.0559424
-0.0621296
-0.0622463
-0.0552482
-0.0470840
-0.0459495
-0.0545200
-0.0674012
-0.0762140
-0.0768072
-0.0718184
-0.0668604
-0.0644018
-0.0614463
-0.0533994
-0.0397001
-0.0245665
-0.0122845
-0.0031922
0.0052430
0.0147850
0.0247104
0.0325272
0.0353136
0.0313595
0.0222326
0.0134399
0.0116948
0.0198891
0.0337299
0.0436902
0.0421047
0.0299035
0.0159981
0.0089930
0.0098092
0.0130343
0.0140971
0.0130282
0.0118411
0.0112118
0.0110091
0.0121439
0.0155915
0.0195754
0.0195121
0.0124458
0.0016930
-0.0046775
-0.0020148
0.0046252
0.0049321
-0.0047166
-0.0156628
-0.0153565
-0.0007332
0.0183126
0.0285660
0.0255091
0.0160615
0.0106769
0.0132899
0.0187961
0.0198598
0.0152011
0.0104176
0.0114479
0.0187739
0.0278873
0.0337057
0.0340548
0.0303503
0.0259276
0.0231388
0.0216007
0.0196904
0.0176618
0.0182960
0.0239599
0.0332767
0.0408795
0.0409365
0.0323368
0.0211436
0.0164288
0.0217824
0.0312582
0.0351344
0.0295738
0.0196454
0.0134203
0.0145796
0.0206620
0.0267798
0.0298623
0.0295701
0.0263407
0.0202769
0.0128634
0.0082007
0.0097530
0.0155820
0.0194176
0.0178561
0.0146332
0.0159464
0.0226824
0.0292853
0.0302434
0.0262154
0.0229450
0.0243222
0.0273396
0.0252237
0.0160673
0.0068260
0.0069087
0.0183385
0.0340918
0.0460527
0.0527989
0.0591492
0.0693883
0.0816080
0.0884539
0.0839945
0.0706478
0.0583876
0.0553703
0.0593793
0.0598845
0.0488730
0.0289825
0.0109398
0.0034232
0.0053869
0.0083784
0.0066783
0.0042241
0.0099352
0.0273793
0.0534394
0.0896387
0.1514320
0.2597147
0.4177050
0.5930892
0.7230061
0.7425940
0.6205696
0.3788109
0.0825042
-0.1922512
-0.3918074
-0.5005729
-0.5346329
-0.5219875
-0.4835638
-0.4270181
-0.3547157
-0.2745060
-0.2007392
-0.1457057
-0.1121946
-0.0941099
-0.0824298
-0.0709410
-0.0589204
-0.0497984
-0.0466272
-0.0482942
-0.0501872
-0.0482055
-0.0420744
-0.0357479
-0.0347382
-0.0412281
-0.0506785
-0.0548094
-0.0495073
-0.0389745
-0.0311377
-0.0301056
-0.0339843
-0.0384532
-0.0408296
-0.0414641
-0.0425552
-0.0454243
-0.0486226
-0.0493435
-0.0465792
-0.0417289
-0.0363801
-0.0312510
-0.0273164
-0.0258771
-0.0268584
-0.0285731
-0.0297132
-0.0304295
-0.0313519
-0.0327163
-0.0343050
-0.0351421
-0.0338903
-0.0309874
-0.0295669
-0.0324009
-0.0385100
-0.0446236
-0.0493911
-0.0541545
-0.0598801
-0.0652988
-0.0683674
-0.0685188
-0.0673878
-0.0674577
-0.0690867
-0.0688853
-0.0629767
-0.0524532
-0.0432545
-0.0393172
-0.0379329
-0.0334173
-0.0234630
-0.0102496
0.0028876
0.0138723
0.0221082
0.0281287
0.0328809
0.0368074
0.0398943
0.0420440
0.0423445
0.0391119
0.0327290
0.0273691
0.0269756
0.0299701
0.0310806
0.0284735
0.0258724
0.0267918
0.0293049
0.0279255
0.0195700
0.0072391
-0.0016450
-0.0013739
0.0064688
0.0145092
0.0174741
0.0168189
0.0164990
0.0169980
0.0160191
0.0128102
0.0087839
0.0052556
0.0032273
0.0042689
0.0090862
0.0156891
0.0206085
0.0216303
0.0190724
0.0156911
0.0151955
0.0186084
0.0221894
0.0218737
0.0197631
0.0224216
0.0317577
0.0412417
0.0429168
0.0356047
0.0249931
0.0179487
0.0175099
0.0211715
0.0234158
0.0216222
0.0192159
0.0211904
0.0276257
0.0339854
0.0364076
0.0340142
0.0277950
0.0206165
0.0168826
0.0186337
0.0229019
0.0256330
0.0265764
0.0275151
0.0278793
0.0256985
0.0214994
0.0182137
0.0182090
0.0220784
0.0282889
0.0325520
0.0304628
0.0226469
0.0145913
0.0102498
0.0092490
0.0110623
0.0168835
0.0252690
0.0306650
0.0292792
0.0234423
0.0186413
0.0190731
0.0258887
0.0353785
0.0391161
0.0314741
0.0178771
0.0106837
0.0160562
0.0289791
0.0408490
0.0474125
0.0500025
0.0537488
0.0636311
0.0778503
0.0868821
0.0836337
0.0721116
0.0616269
0.0559587
0.0529240
0.0497698
0.0431104
0.0290059
0.0104694
-0.0000583
0.0058872
0.0200523
0.0255405
0.0158584
0.0013412
-0.0005659
0.0211995
0.0633083
0.1135667
0.1721059
0.2639930
0.4122789
0.5901309
0.7142357
0.7003520
0.5257037
0.2406934
-0.0655840
-0.3109388
-0.4561263
-0.5151268
-0.5269297
-0.5143578
-0.4770700
-0.4165336
-0.3448780
-0.2692789
-0.1923258
-0.1296695
-0.0995566
-0.0912795
-0.0757542
-0.0533643
-0.0533105
-0.0727848
-0.0605975
0.0113703
