0.2633451
0.2962236
0.2804137
0.2652281
0.2677770
0.2677979
0.2561870
0.2470675
0.2467249
0.2443000
0.2332494
0.2175906
0.1998060
0.1839176
0.1844276
0.2087969
0.2350780
0.2305478
0.1930133
0.1546895
0.1442295
0.1602023
0.1815012
0.1891826
0.1773400
0.1549246
0.1391591
0.1400379
0.1515808
0.1616221
0.1640899
0.1567570
0.1365147
0.1066856
0.0820800
0.0759493
0.0849533
0.0942384
0.0937044
0.0839073
0.0715156
0.0652425
0.0708859
0.0830871
0.0848771
0.0611404
0.0121550
-0.0463992
-0.0926799
-0.1089384
-0.0919707
-0.0585712
-0.0357690
-0.0410315
-0.0725938
-0.1167543
-0.1584360
-0.1858712
-0.1945438
-0.1909685
-0.1877221
-0.1913185
-0.1971522
-0.1965194
-0.1853386
-0.1665717
-0.1480507
-0.1374833
-0.1357692
-0.1353982
-0.1278404
-0.1107872
-0.0861259
-0.0554589
-0.0230742
0.0002367
0.0044440
-0.0071855
-0.0172901
-0.0085623
0.0211235
0.0560344
0.0746278
0.0680579
0.0493024
0.0414262
0.0548227
0.0784860
0.0945676
0.0970862
0.0937557
0.0937918
0.0986325
0.1033252
0.1034671
0.0997979
0.0959621
0.0919061
0.0824933
0.0661018
0.0519719
0.0524954
0.0675011
0.0823250
0.0847565
0.0801723
0.0858306
0.1106783
0.1429571
0.1589935
0.1453361
0.1124206
0.0847607
0.0775705
0.0861644
0.0984799
0.1109456
0.1259775
0.1384631
0.1350610
0.1104253
0.0790377
0.0654746
0.0815228
0.1135693
0.1339303
0.1263081
0.1002100
0.0790577
0.0751610
0.0796766
0.0770387
0.0642923
0.0529253
0.0538434
0.0639339
0.0689815
0.0623803
0.0643375
0.1201028
0.2684606
0.5004371
0.7448341
0.8987602
0.8839510
0.6900004
0.3774842
0.0421427
-0.2344889
-0.4161589
-0.5092488
-0.5378314
-0.5208082
-0.4656578
-0.3765173
-0.2658132
-0.1578417
-0.0779491
-0.0347769
-0.0145781
0.0032447
0.0254899
0.0435410
0.0519602
0.0626960
0.0945986
0.1477157
0.1929960
0.1955185
0.1523608
0.1032165
0.0949681
0.1334075
0.1760495
0.1774399
0.1383294
0.1048630
0.1198762
0.1790500
0.2353343
0.2429480
0.1959899
0.1289116
0.0865661
0.0955295
0.1555535
0.2443897
0.3252136
0.3602904
0.3344851
0.2714451
0.2190899
0.2101405
0.2347896
0.2534213
0.2360454
0.1895755
0.1496839
0.1491112
0.1924931
0.2559470
0.3052740
0.3153585
0.2811970
0.2204219
0.1654584
0.1428309
0.1510790
0.1606765
0.1430994
0.1025761
0.0752911
0.0930829
0.1473080
0.1906206
0.1777412
0.1076257
0.0263012
-0.0135187
0.0024129
0.0427747
0.0650453
0.0540534
0.0284367
0.0154207
0.0238958
0.0410213
0.0504658
0.0501867
0.0516996
0.0646286
0.0861729
0.1070194
0.1236856
0.1404732
0.1600202
0.1765675
0.1806206
0.1683009
0.1445806
0.1184429
0.0960618
0.0780629
0.0621471
0.0476963
0.0376758
0.0363533
0.0453720
0.0610384
0.0742216
0.0744039
0.0576107
0.0317012
0.0110248
0.0033928
0.0035289
0.0009813
-0.0071588
-0.0138287
-0.0114610
-0.0013320
0.0069990
0.0039806
-0.0127972
-0.0380877
-0.0633024
-0.0808787
-0.0870163
-0.0839697
-0.0802275
-0.0842577
-0.0944283
-0.0973454
-0.0812294
-0.0515211
-0.0290074
-0.0301146
-0.0513470
-0.0754048
-0.0907209
-0.1013761
-0.1172744
-0.1380874
-0.1514212
-0.1485012
-0.1388789
-0.1448354
-0.1788904
-0.2280969
-0.2623188
-0.2585666
-0.2187969
-0.1672911
-0.1321797
-0.1266855
-0.1443283
-0.1705979
-0.1977985
-0.2246892
-0.2390668
-0.2057730
-0.0847214
0.1261284
0.3613045
0.5093075
0.4804480
0.2696495
-0.0406392
-0.3416694
-0.5693261
-0.7241533
-0.8334845
-0.9041530
-0.9142741
-0.8445938
-0.7102117
-0.5595554
-0.4438917
-0.3868303
-0.3776461
-0.3872863
-0.3891892
-0.3713327
-0.3387279
-0.3093248
-0.3028796
-0.3256716
-0.3630346
-0.3895919
-0.3899076
-0.3697975
-0.3476436
-0.3358184
-0.3313447
-0.3236153
-0.3087802
-0.2944899
-0.2907865
-0.2991871
-0.3130012
-0.3264949
-0.3393626
-0.3512906
-0.3566967
-0.3495551
-0.3329791
-0.3198323
-0.3208264
-0.3322860
-0.3379786
-0.3253111
-0.3002821
-0.2847964
-0.2970578
-0.3339825
-0.3732686
-0.3923195
-0.3847646
-0.3605598
-0.3338675
-0.3128553
-0.2994798
-0.2951902
-0.3031780
-0.3235404
-0.3479648
-0.3630696
-0.3614881
-0.3487856
-0.3378191
-0.3370429
-0.3459539
-0.3607654
-0.3808131
-0.4073314
-0.4376625
-0.4640349
-0.4799205
-0.4868853
-0.4930833
-0.5038753
-0.5148987
-0.5156380
-0.4991734
-0.4673478
-0.4281358
-0.3914513
-0.3674296
-0.3634155
-0.3771884
-0.3930221
-0.3887628
-0.3513891
-0.2882727
-0.2237643
-0.1829906
-0.1750344
-0.1877577
-0.1974031
-0.1856113
-0.1522986
-0.1160642
-0.1009371
-0.1170662
-0.1501819
-0.1716250
-0.1632307
-0.1339679
-0.1102921
-0.1089840
-0.1207348
-0.1216895
-0.1004526
-0.0721015
-0.0644466
-0.0899752
-0.1313783
-0.1553584
-0.1414948
-0.0980273
-0.0494034
-0.0079090
0.0431766
0.1373999
0.2913128
0.4762069
0.6218381
0.6550340
0.5461676
0.3272360
0.0683383
-0.1659043
-0.3452418
-0.4714959
-0.5567919
-0.6057469
-0.6142913
-0.5795602
-0.5075567
-0.4124556
-0.3119212
-0.2237708
-0.1627266
-0.1344445
-0.1307545
-0.1335378
-0.1269821
-0.1079176
-0.0847533
-0.0667489
-0.0546762
-0.0420974
-0.0254483
-0.0113416
-0.0115532
-0.0297339
-0.0545969
-0.0684606
-0.0630668
-0.0464180
-0.0343505
-0.0363789
-0.0495578
-0.0641304
-0.0728128
-0.0739789
-0.0680785
-0.0549583
-0.0368101
-0.0213767
-0.0177390
-0.0272793
-0.0409753
-0.0475664
-0.0434950
-0.0335318
-0.0230558
-0.0126243
-0.0009298
0.0092134
0.0108827
0.0001366
-0.0181614
-0.0333710
-0.0381329
-0.0334630
-0.0252944
-0.0184318
-0.0150891
-0.0166313
-0.0228595
-0.0294244
-0.0294963
-0.0204882
-0.0079242
-0.0001823
0.0010331
0.0033616
0.0155772
0.0371003
0.0572240
0.0655082
0.0618922
0.0553628
0.0537275
0.0571916
0.0622581
0.0688281
0.0804580
0.0980397
0.1158070
0.1250106
0.1211313
0.1070801
0.0900463
0.0762815
0.0688544
0.0684750
0.0738145
0.0804329
0.0820417
0.0759349
0.0671964
0.0650077
0.0734385
0.0871339
0.0974456
0.1019822
0.1061210
0.1144419
0.1222589
0.1183025
0.0974854
0.0702695
0.0567768
0.0693985
0.1006648
0.1285029
0.1337684
0.1141820
0.0843301
0.0643282
0.0668431
0.0904210
0.1215815
0.1433807
0.1455201
0.1306607
0.1130273
0.1088934
0.1243409
0.1501880
0.1701930
0.1762821
0.1757259
0.1819799
0.1982269
0.2115534
0.2052226
0.1769685
0.1435259
0.1251891
0.1259732
0.1309641
0.1239605
0.1053276
0.0898646
0.0884824
0.0963434
0.1007763
0.0976510
0.0964103
0.1107418
0.1503572
0.2247785
0.3485689
0.5292319
0.7400662
0.9082106
0.9447058
0.8030316
0.5169423
0.1811332
-0.1095429
-0.3097250
-0.4257157
-0.4820108
-0.4919803
-0.4564855
-0.3795947
-0.2769289
-0.1687466
-0.0705465
0.0071466
0.0551007
0.0692144
0.0594143
0.0485750
0.0559369
0.0803589
0.1025397
0.1050888
0.0892788
0.0715273
0.0655221
0.0705048
0.0768632
0.0795029
0.0822555
0.0899545
0.1004335
0.1068318
0.1057092
0.0996830
0.0925626
0.0853412
0.0783985
0.0749609
0.0789637
0.0891715
0.0979204
0.0979312
0.0903803
0.0846611
0.0890135
0.1016768
0.1120868
0.1107421
0.0974049
0.0801727
0.0678753
0.0635231
0.0635487
0.0620742
0.0562902
0.0485862
0.0433718
0.0413911
0.0375546
0.0251305
0.0021152
-0.0269537
-0.0553200
-0.0793079
-0.0989258
-0.1141548
-0.1227398
-0.1233496
-0.1203648
-0.1228889
-0.1369293
-0.1590099
-0.1791410
-0.1903268
-0.1941088
-0.1967723
-0.2017424
-0.2068165
-0.2078503
-0.2031878
-0.1937737
-0.1802242
-0.1617795
-0.1387776
-0.1147017
-0.0938816
-0.0771473
-0.0614532
-0.0445720
-0.0286332
-0.0172256
-0.0093980
0.0014291
0.0212891
0.0487106
0.0747379
0.0903276
0.0938949
0.0918467
0.0922153
0.0981073
0.1067172
0.1131328
0.1142629
0.1104255
0.1053306
0.1046905
0.1125446
0.1269251
0.1396372
0.1424034
0.1345815
0.1244803
0.1218386
0.1282224
0.1351738
0.1327308
0.1200099
0.1067128
0.1037812
0.1130488
0.1263314
0.1337225
0.1318579
0.1249454
0.1198118
0.1208388
0.1284268
0.1402972
0.1532409
0.1641302
0.1706205
0.1719504
0.1691526
0.1640267
0.1577842
0.1507923
0.1431394
0.1345955
0.1241510
0.1109040
0.0962385
0.0842994
0.0787364
0.0783426
0.0768527
0.0688612
0.0570023
0.0519284
0.0618875
0.0809026
0.0914544
0.0866204
0.0929409
0.1641446
0.3372210
0.5824541
0.7970132
0.8611766
0.7192274
0.4185391
0.0733148
-0.2141483
-0.4068528
-0.5238833
-0.5930540
-0.6185570
-0.5889406
-0.5046106
-0.3897295
-0.2779900
-0.1908800
-0.1301748
-0.0872290
-0.0553833
-0.0336443
-0.0222929
-0.0183523
-0.0157628
-0.0089920
0.0033264
0.0171628
0.0255577
0.0240264
0.0148693
0.0059604
0.0046028
0.0122675
0.0247658
0.0363565
0.0431962
0.0441104
0.0400506
0.0335233
0.0275380
0.0238183
0.0218816
0.0206410
0.0211327
0.0264865
0.0377874
0.0503326
0.0561424
0.0516904
0.0423563
0.0375666
0.0413359
0.0487199
0.0519690
0.0491421
0.0457238
0.0482134
0.0573717
0.0683045
0.0763129
0.0811360
0.0848146
0.0864570
0.0809109
0.0634173
0.0351469
0.0036471
-0.0222002
-0.0380927
-0.0465196
-0.0541205
-0.0664073
-0.0836901
-0.1012266
-0.1134464
-0.1187285
-0.1206343
-0.1244521
-0.1320512
-0.1398526
-0.1421089
-0.1363157
-0.1249604
-0.1117951
-0.0974613
-0.0801358
-0.0602072
-0.0423040
-0.0310681
-0.0252683
-0.0177247
-0.0021905
0.0198511
0.0399824
0.0507035
0.0522006
0.0513392
0.0548382
0.0641160
0.0758462
0.0855118
0.0899091
0.0882429
0.0830355
0.0796829
0.0828617
0.0920100
0.1011058
0.1042026
0.1011837
0.0970374
0.0952173
0.0931149
0.0857170
0.0734230
0.0639318
0.0646407
0.0740205
0.0826787
0.0835693
0.0796668
0.0802412
0.0900737
0.1037035
0.1106983
0.1058742
0.0937420
0.0832867
0.0793247
0.0793997
0.0784060
0.0749485
0.0726361
0.0757831
0.0845974
0.0944676
0.0994995
0.0969933
0.0893280
0.0819465
0.0790969
0.0807205
0.0829487
0.0817923
0.0771175
0.0736149
0.0773980
0.0903416
0.1069775
0.1174885
0.1149065
0.1001942
0.0807450
0.0643501
0.0546610
0.0515630
0.0542116
0.0622150
0.0737026
0.0836841
0.0863995
0.0804153
0.0708201
0.0650842
0.0661995
0.0702587
0.0710611
0.0668623
0.0623901
0.0643603
0.0750385
0.0898069
0.1006368
0.1020977
0.0948036
0.0840713
0.0757058
0.0723406
0.0723891
0.0718177
0.0677068
0.0612730
0.0575029
0.0608029
0.0701843
0.0789814
0.0802578
0.0731826
0.0639597
0.0598347
0.0618965
0.0642802
0.0609964
0.0531245
0.0482105
0.0522400
0.0629797
0.0719439
0.0726269
0.0661731
0.0591461
0.0566845
0.0583934
0.0603155
0.0596101
0.0565965
0.0529246
0.0492113
0.0451352
0.0410538
0.0383321
0.0378102
0.0384995
0.0382122
0.0355266
0.0312584
0.0281283
0.0286181
0.0324950
0.0363990
0.0366684
0.0332896
0.0307257
0.0336669
0.0411960
0.0458235
0.0399972
0.0246153
0.0102989
0.0084468
0.0201959
0.0349099
0.0403671
0.0341738
0.0245433
0.0203004
0.0215210
0.0207897
0.0128182
0.0011118
-0.0056600
-0.0029196
0.0057603
0.0139671
0.0200281
0.0275445
0.0388282
0.0500959
0.0548040
0.0512061
0.0450970
0.0446004
0.0529121
0.0663325
0.0781529
0.0831864
0.0794245
0.0682219
0.0546089
0.0454068
0.0433375
0.0423816
0.0324948
0.0118371
-0.0077910
-0.0123388
-0.0029749
0.0026772
-0.0091968
-0.0299083
-0.0363250
-0.0183143
0.0103517
0.0369990
0.0820782
0.1899201
0.3733558
0.5694236
0.6662159
0.5892165
0.3655385
0.0996661
-0.1160796
-0.2667472
-0.3959082
-0.5338169
-0.6542534
-0.7014703
-0.6498115
-0.5297036
-0.3986400
-0.2952791
-0.2232793
-0.1701157
-0.1299088
-0.1057308
-0.0976695
-0.0971553
-0.0941278
-0.0856003
-0.0748814
-0.0647667
-0.0548452
-0.0453757
-0.0404737
-0.0447485
-0.0570445
-0.0693991
-0.0733173
-0.0671366
-0.0573867
-0.0532634
-0.0590826
-0.0703971
-0.0767114
-0.0696083
-0.0507184
-0.0323326
-0.0282929
-0.0419995
-0.0628124
-0.0752406
-0.0726483
-0.0621511
-0.0562453
-0.0604132
-0.0694779
-0.0751283
-0.0749685
-0.0732663
-0.0742724
-0.0770772
-0.0776671
-0.0747569
-0.0723072
-0.0762371
-0.0890056
-0.1070630
-0.1229949
-0.1305292
-0.1288770
-0.1232953
-0.1211008
-0.1259432
-0.1353172
-0.1439621
-0.1498592
-0.1561525
-0.1664902
-0.1793286
-0.1887723
-0.1917901
-0.1930611
-0.2006376
-0.2167111
-0.2343914
-0.2447519
-0.2461873
-0.2453678
-0.2491780
-0.2575217
-0.2649631
-0.2677547
-0.2666888
-0.2629818
-0.2545089
-0.2390468
-0.2203838
-0.2073310
-0.2040605
-0.2027420
-0.1891409
-0.1572866
-0.1175962
-0.0886570
-0.0802753
-0.0847862
-0.0847833
-0.0687866
-0.0399081
-0.0113546
0.0048444
0.0059093
-0.0011691
-0.0048364
0.0037372
0.0247839
0.0491566
0.0644699
0.0645954
0.0546243
0.0463108
0.0477858
0.0570828
0.0652410
0.0652079
0.0575245
0.0479989
0.0411382
0.0367338
0.0325386
0.0290887
0.0308136
0.0419772
0.0616088
0.0827922
0.0975489
0.1030825
0.1035691
0.1056736
0.1119111
0.1180647
0.1170797
0.1058912
0.0890445
0.0757189
0.0723373
0.0769320
0.0805655
0.0752654
0.0614746
0.0475104
0.0410973
0.0418116
0.0429031
0.0402101
0.0368684
0.0376888
0.0418985
0.0478704
0.0680153
0.1327201
0.2667587
0.4525874
0.6191323
0.6785646
0.5868996
0.3757085
0.1258842
-0.0915658
-0.2541869
-0.3778331
-0.4784824
-0.5485423
-0.5665714
-0.5225069
-0.4299547
-0.3171275
-0.2102975
-0.1250382
-0.0668027
-0.0336535
-0.0177014
-0.0079652
0.0039454
0.0194230
0.0342543
0.0443051
0.0493643
0.0517123
0.0523777
0.0501995
0.0445526
0.0377016
0.0333246
0.0328046
0.0340272
0.0346323
0.0360630
0.0430057
0.0576314
0.0746863
0.0841833
0.0809990
0.0721073
0.0724312
0.0910574
0.1205613
0.1411072
0.1372606
0.1123618
0.0865752
0.0798090
0.0949317
0.1162661
0.1240599
0.1114954
0.0896316
0.0772644
0.0855582
0.1103989
0.1375051
0.1543832
0.1584800
0.1555165
0.1512869
0.1458078
0.1355924
0.1208965
0.1088977
0.1075069
0.1150075
0.1171668
0.0977125
0.0542914
0.0042984
-0.0270349
-0.0266633
-0.0034167
0.0213256
0.0319473
0.0280950
0.0187107
0.0106646
0.0052651
0.0034068
0.0087854
0.0229839
0.0397894
0.0496029
0.0518559
0.0601323
0.0900758
0.1403714
0.1881011
0.2062931
0.1871818
0.1474909
0.1110761
0.0882925
0.0732884
0.0587295
0.0480505
0.0505752
0.0673099
0.0870372
0.0989983
0.1065442
0.1233723
0.1549154
0.1868648
0.1959656
0.1722543
0.1283313
0.0869443
0.0632646
0.0611344
0.0813473
0.1252529
0.1892653
0.2653210
0.3555722
0.4811890
0.6589006
0.8571757
0.9847007
0.9452686
0.7202709
0.3955840
0.0980544
-0.0968865
-0.1934325
-0.2226617
-0.1868342
-0.0744243
0.0800675
0.1851461
0.1671768
0.0525953
-0.0472291
-0.0465006
0.0272557
0.0683925
0.0140295
-0.0839837
-0.1144243
-0.0253047
0.1227765
0.2174431
0.1957365
0.0838726
-0.0449250
-0.1318503
-0.1544256
-0.1136493
-0.0251775
0.0746452
0.1339125
0.1168137
0.0352221
-0.0582897
-0.1149543
-0.1272031
-0.1213959
-0.1186333
-0.1104731
-0.0756679
-0.0151121
0.0379601
0.0461575
0.0050030
-0.0497203
-0.0710322
-0.0370453
0.0373629
0.1169530
0.1689686
0.1742147
0.1291395
0.0500815
-0.0234747
-0.0436026
0.0095573
0.0973643
0.1366721
0.0615023
-0.1164159
-0.3077399
-0.4132656
-0.3994288
-0.3124842
-0.2245004
-0.1717476
-0.1451449
-0.1276067
-0.1223605
-0.1380039
-0.1585592
-0.1483464
-0.0935535
-0.0274879
0.0002277
-0.0201713
-0.0463676
-0.0364664
-0.0053979
-0.0122016
-0.0849762
-0.1698861
-0.1713528
-0.0489167
0.1315736
0.2492735
0.2309396
0.1036271
-0.0447884
-0.1441028
-0.1793798
-0.1677150
-0.1216699
-0.0465227
0.0365577
0.0849107
0.0649680
-0.0119667
-0.0918519
-0.1216889
-0.0935883
-0.0465534
-0.0258776
-0.0409231
-0.0610788
-0.0507417
-0.0070829
0.0360159
0.0401792
-0.0014205
-0.0586212
-0.0926340
-0.0886645
-0.0618200
-0.0353710
-0.0186109
-0.0073503
-0.0004794
-0.0072690
-0.0342614
-0.0690077
-0.0844422
-0.0635416
-0.0182773
0.0190027
0.0240142
-0.0000727
-0.0305573
-0.0496281
-0.0591525
-0.0725159
-0.0947097
-0.1125035
-0.1051986
-0.0661956
-0.0147446
0.0153804
0.0032013
-0.0400449
-0.0794426
-0.0875640
-0.0687635
-0.0514594
-0.0560931
-0.0737133
-0.0791816
-0.0632092
-0.0444460
-0.0461013
-0.0655137
-0.0758311
-0.0602342
-0.0367294
-0.0399264
-0.0788364
-0.1224515
-0.1341447
-0.1160817
-0.1092207
-0.1452289
-0.2047516
-0.2317507
-0.1901284
-0.1008939
-0.0212438
0.0080763
-0.0095673
-0.0452953
-0.0779119
-0.1027556
-0.1164193
-0.1077005
-0.0700930
-0.0171824
0.0229211
0.0299506
0.0053191
-0.0350104
-0.0749292
-0.1029454
-0.1103352
-0.0956914
-0.0732298
-0.0671701
-0.0888937
-0.1216624
-0.1365029
-0.1253865
-0.1112108
-0.1188568
-0.1414838
-0.1462056
-0.1156025
-0.0743468
-0.0653009
-0.1005935
-0.1442800
-0.1451924
-0.0799330
0.0401014
0.1935617
0.3636417
0.5228071
0.6176010
0.5897526
0.4228412
0.1651395
-0.0996887
-0.3069228
-0.4398754
-0.5156274
-0.5533051
-0.5575374
-0.5228701
-0.4447505
-0.3281054
-0.1948012
-0.0857078
-0.0448569
-0.0867529
-0.1747589
-0.2404610
-0.2362358
-0.1739091
-0.1105086
-0.0944744
-0.1254805
-0.1641217
-0.1747468
-0.1550683
-0.1281252
-0.1142667
-0.1148786
-0.1176620
-0.1094344
-0.0837002
-0.0446160
-0.0101710
-0.0064520
-0.0468960
-0.1118262
-0.1551710
-0.1419124
-0.0823386
-0.0250609
-0.0122623
-0.0426346
-0.0794918
-0.0913259
-0.0785023
-0.0612758
-0.0516978
-0.0462612
-0.0431200
-0.0538847
-0.0897982
-0.1401956
-0.1749578
-0.1730907
-0.1452117
-0.1230967
-0.1277703
-0.1515358
-0.1712939
-0.1746187
-0.1691105
-0.1687914
-0.1774358
-0.1875949
-0.1920631
-0.1914166
-0.1905073
-0.1920194
-0.1961091
-0.2040535
-0.2183590
-0.2387186
-0.2608781
-0.2819915
-0.3059413
-0.3398074
-0.3830713
-0.4221944
-0.4399058
-0.4320815
-0.4139793
-0.4067177
-0.4163402
-0.4276592
-0.4206086
-0.3924440
-0.3614865
-0.3468792
-0.3451744
-0.3301012
-0.2788031
-0.1991158
-0.1289908
-0.1062254
-0.1364787
-0.1890172
-0.2222564
-0.2142910
-0.1730708
-0.1229777
-0.0844801
-0.0637773
-0.0551779
-0.0480051
-0.0314472
0.0017709
0.0503505
0.1009943
0.1328685
0.1305249
0.0963314
0.0511142
0.0205545
0.0175474
0.0353430
0.0572564
0.0730757
0.0855068
0.1008398
0.1162422
0.1206345
0.1097693
0.0971049
0.1042890
0.1384078
0.1809461
0.2030002
0.1924474
0.1644831
0.1448900
0.1453376
0.1568520
0.1644634
0.1626740
0.1555602
0.1475308
0.1397686
0.1340259
0.1329187
0.1335978
0.1263883
0.1062654
0.0848819
0.0839140
0.1117794
0.1501071
0.1689057
0.1552176
0.1226767
0.0938612
0.0824592
0.0992683
0.1669570
0.3085997
0.5083397
0.6897975
0.7527105
0.6464720
0.4114542
0.1458154
-0.0693897
-0.2147001
-0.3129557
-0.3815686
-0.4123581
-0.3917342
-0.3257251
-0.2371644
-0.1436572
-0.0479347
0.0486399
0.1307259
0.1744629
0.1687972
0.1282131
0.0831029
0.0585574
0.0615092
0.0835465
0.1111467
0.1333691
0.1451317
0.1480981
0.1483681
0.1501936
0.1510334
0.1450628
0.1327825
0.1245059
0.1307575
0.1493355
0.1656093
0.1682491
0.1628418
0.1658481
0.1839019
0.2028685
0.2022528
0.1807401
0.1625057
0.1733585
0.2108604
0.2422599
0.2351072
0.1895659
0.1389875
0.1186866
0.1351946
0.1656258
0.1841417
0.1858673
0.1850982
0.1944121
0.2103364
0.2200324
0.2178094
0.2106364
0.2073375
0.2062569
0.1971754
0.1754461
0.1512536
0.1418755
0.1541366
0.1760110
0.1868523
0.1754347
0.1471196
0.1147565
0.0860321
0.0616332
0.0434255
0.0393360
0.0565115
0.0898955
0.1208673
0.1307984
0.1176164
0.0984238
0.0945123
0.1130363
0.1427214
0.1662222
0.1756394
0.1767729
0.1806061
0.1923480
0.2082210
0.2208014
0.2258802
0.2246135
0.2212915
0.2208024
0.2272361
0.2417048
0.2594490
0.2704153
0.2658285
0.2460742
0.2218393
0.2063911
0.2057753
0.2155987
0.2263298
0.2312670
0.2301663
0.2270074
0.2258224
0.2284079
0.2340490
0.2400369
0.2435295
0.2450345
0.2500298
0.2644583
0.2863940
0.3031159
0.2996984
0.2731030
0.2378330
0.2156475
0.2175343
0.2351722
0.2507918
0.2555901
0.2572964
0.2688051
0.2905936
0.3066059
0.2983695
0.2624758
0.2139034
0.1733625
0.1524000
0.1495047
0.1570366
0.1686985
0.1805998
0.1890460
0.1912416
0.1884257
0.1857401
0.1874571
0.1930888
0.1986259
0.2001479
0.1953884
0.1839919
0.1692114
0.1587348
0.1597533
0.1707272
0.1804155
0.1791062
0.1706944
0.1690048
0.1799223
0.1930716
0.2004505
0.2237589
0.3100403
0.4837961
0.6990339
0.8496447
0.8425862
0.6697469
0.4098540
0.1606272
-0.0305950
-0.1751478
-0.2964217
-0.3882189
-0.4214112
-0.3822214
-0.2933485
-0.1960766
-0.1179161
-0.0608944
-0.0155553
0.0223901
0.0508620
0.0700379
0.0852290
0.1004240
0.1128733
0.1170100
0.1128525
0.1078219
0.1092785
0.1167887
0.1231425
0.1220201
0.1129104
0.0992116
0.0845960
0.0728950
0.0693005
0.0776865
0.0949857
0.1099840
0.1109400
0.0962821
0.0770675
0.0669248
0.0688543
0.0730660
0.0685701
0.0555118
0.0442150
0.0425004
0.0463722
0.0446295
0.0316835
0.0141207
0.0041974
0.0076896
0.0188660
0.0269887
0.0264439
0.0198130
0.0122340
0.0049027
-0.0053143
-0.0214686
-0.0431363
-0.0667261
-0.0877447
-0.1028717
-0.1113592
-0.1156190
-0.1203496
-0.1300513
-0.1462191
-0.1663998
-0.1863015
-0.2032529
-0.2173402
-0.2288677
-0.2356209
-0.2342262
-0.2246755
-0.2124800
-0.2052618
-0.2067821
-0.2139356
-0.2191894
-0.2163803
-0.2053343
-0.1915834
-0.1812655
-0.1756039
-0.1699508
-0.1581517
-0.1381493
-0.1138811
-0.0919385
-0.0761194
-0.0651411
-0.0558075
-0.0477880
-0.0438847
-0.0452115
-0.0476342
-0.0446028
-0.0333909
-0.0176002
-0.0036314
0.0044122
0.0064387
0.0045319
0.0008321
-0.0027461
-0.0040452
-0.0014486
0.0045963
0.0119903
0.0197658
0.0295556
0.0428956
0.0574695
0.0678584
0.0707086
0.0681050
0.0651330
0.0648372
0.0661415
0.0658266
0.0613720
0.0520456
0.0385021
0.0221696
0.0046263
-0.0134312
-0.0327336
-0.0536584
-0.0728692
-0.0831978
-0.0798939
-0.0677424
-0.0592113
-0.0631026
-0.0762092
-0.0880922
-0.0914839
-0.0818189
-0.0447193
0.0475123
0.2119783
0.4178274
0.5771739
0.5908303
0.4221425
0.1337142
-0.1538785
-0.3504171
-0.4529440
-0.5221960
-0.6077997
-0.6979356
-0.7382375
-0.6925987
-0.5807035
-0.4580918
-0.3663148
-0.3069278
-0.2600508
-0.2177800
-0.1920746
-0.1929569
-0.2086530
-0.2133498
-0.1928695
-0.1583391
-0.1336894
-0.1321347
-0.1461864
-0.1584795
-0.1589864
-0.1512181
-0.1451336
-0.1475782
-0.1586719
-0.1728019
-0.1805252
-0.1724612
-0.1464354
-0.1126353
-0.0894420
-0.0907212
-0.1147247
-0.1443919
-0.1593538
-0.1504290
-0.1253991
-0.1017789
-0.0929637
-0.0994171
-0.1113644
-0.1189964
-0.1205257
-0.1216289
-0.1277439
-0.1368979
-0.1404171
-0.1313389
-0.1119855
-0.0924929
-0.0818652
-0.0811352
-0.0850869
-0.0893411
-0.0947775
-0.1050963
-0.1204763
-0.1342017
-0.1367537
-0.1246231
-0.1054997
-0.0940985
-0.1017330
-0.1283046
-0.1624581
-0.1888398
-0.1971693
-0.1875858
-0.1693169
-0.1541330
-0.1494431
-0.1551219
-0.1646804
-0.1693924
-0.1636614
-0.1488086
-0.1320039
-0.1205101
-0.1162355
-0.1155533
-0.1140011
-0.1109024
-0.1094586
-0.1123039
-0.1172141
-0.1183173
-0.1124396
-0.1031620
-0.0965707
-0.0932109
-0.0871005
-0.0746369
-0.0628592
-0.0653875
-0.0881961
-0.1203060
-0.1411861
-0.1394291
-0.1239375
-0.1149807
-0.1236537
-0.1414805
-0.1507916
-0.1432242
-0.1259229
-0.1109324
-0.1020222
-0.0932650
-0.0785021
-0.0596435
-0.0450545
-0.0407540
-0.0441957
-0.0467114
-0.0411735
-0.0268828
-0.0084514
0.0079442
0.0173918
0.0182745
0.0137979
0.0108411
0.0151297
0.0261788
0.0366845
0.0372780
0.0232659
-0.0015678
-0.0274870
-0.0463476
-0.0576301
-0.0670149
-0.0792546
-0.0932339
-0.1038630
-0.1073904
-0.1040149
-0.0962458
-0.0863944
-0.0761672
-0.0666493
-0.0542743
-0.0235611
0.0528423
0.1960880
0.3919837
0.5775778
0.6654938
0.5958439
0.3768384
0.0808297
-0.2013654
-0.4117389
-0.5442960
-0.6242055
-0.6723089
-0.6877561
-0.6587194
-0.5835840
-0.4797792
-0.3744532
-0.2886339
-0.2287444
-0.1896912
-0.1636081
-0.1453911
-0.1317553
-0.1187415
-0.1035829
-0.0889019
-0.0816692
-0.0853839
-0.0939571
-0.0956038
-0.0840434
-0.0656277
-0.0543953
-0.0590038
-0.0743344
-0.0867694
-0.0878425
-0.0812904
-0.0761772
-0.0755901
-0.0749454
-0.0704266
-0.0650561
-0.0642422
-0.0671261
-0.0655344
-0.0529422
-0.0333950
-0.0191464
-0.0180546
-0.0247280
-0.0268051
-0.0199543
-0.0133683
-0.0184063
-0.0341067
-0.0473147
-0.0470470
-0.0358626
-0.0255628
-0.0232548
-0.0242785
-0.0196885
-0.0084710
0.0011412
0.0030187
0.0016191
0.0048425
0.0099352
0.0026207
-0.0264093
-0.0670472
-0.0962798
-0.1000090
-0.0864054
-0.0765159
-0.0829679
-0.0998994
-0.1135974
-0.1194195
-0.1243345
-0.1336851
-0.1412645
-0.1364236
-0.1181586
-0.0968801
-0.0819528
-0.0719721
-0.0598117
-0.0444503
-0.0335963
-0.0338733
-0.0413953
-0.0452510
-0.0401637
-0.0321714
-0.0293011
-0.0292949
-0.0217317
-0.0030110
0.0157856
0.0199432
0.0082733
-0.0044725
-0.0026619
0.0149303
0.0353799
0.0452129
0.0421349
0.0339463
0.0285458
0.0274731
0.0285818
0.0310322
0.0348717
0.0380149
0.0380247
0.0373315
0.0430891
0.0594183
0.0807575
0.0946514
0.0919593
0.0752070
0.0576797
0.0534105
0.0659595
0.0858306
0.0989318
0.0979299
0.0864175
0.0740025
0.0682380
0.0698717
0.0742323
0.0771167
0.0793072
0.0842918
0.0916478
0.0950937
0.0889224
0.0753536
0.0637624
0.0624316
0.0712400
0.0818041
0.0847511
0.0781105
0.0691711
0.0672938
0.0746113
0.0844661
0.0886231
0.0846850
0.0768043
0.0712562
0.0719956
0.0788021
0.0881362
0.0956689
0.0983816
0.0951409
0.0871023
0.0783024
0.0737286
0.0746326
0.0769169
0.0763906
0.0746913
0.0772566
0.0854717
0.0935736
0.0946589
0.0884515
0.0816301
0.0803228
0.0831928
0.0835149
0.0788231
0.0763474
0.0854820
0.1048999
0.1209235
0.1206869
0.1048042
0.0854743
0.0743145
0.0740976
0.0803130
0.0872961
0.0923309
0.0957987
0.0989246
0.1017134
0.1026447
0.0996521
0.0918181
0.0820680
0.0784178
0.0886638
0.1101947
0.1273264
0.1242817
0.1022535
0.0803092
0.0772507
0.0935608
0.1117481
0.1132572
0.0949599
0.0708408
0.0587678
0.0653662
0.0828150
0.0984034
0.1049969
0.1030591
0.0968031
0.0909255
0.0886985
0.0901116
0.0921906
0.0924303
0.0911129
0.0897603
0.0892906
0.0908434
0.0961749
0.1050400
0.1132630
0.1154379
0.1098921
0.1008729
0.0959854
0.1002533
0.1110372
0.1198446
0.1214394
0.1200333
0.1232202
0.1305834
0.1331414
0.1259715
0.1177936
0.1240890
0.1502398
0.1830913
0.2011852
0.1949540
0.1761339
0.1650044
0.1703047
0.1892619
0.2304579
0.3261273
0.5046882
0.7427272
0.9499719
1.0153192
0.8821836
0.5900065
0.2461680
-0.0471256
-0.2482296
-0.3718850
-0.4439014
-0.4687571
-0.4380585
-0.3570258
-0.2526843
-0.1574576
-0.0894155
-0.0473202
-0.0202543
-0.0002664
0.0131711
0.0189276
0.0209658
0.0264270
0.0380113
0.0513213
0.0596514
0.0594766
0.0528677
0.0476028
0.0528150
0.0695625
0.0862018
0.0882350
0.0740932
0.0579231
0.0556144
0.0697634
0.0879573
0.0939313
0.0815846
0.0605711
0.0475151
0.0501338
0.0610533
0.0675971
0.0644846
0.0558045
0.0490199
0.0498711
0.0590029
0.0697059
0.0718414
0.0614349
0.0443790
0.0289119
0.0178367
0.0101373
0.0059475
0.0061847
0.0095533
0.0126191
0.0117355
0.0045516
-0.0082769
-0.0234340
-0.0394649
-0.0587257
-0.0808615
-0.0979885
-0.1036968
-0.1048958
-0.1157869
-0.1391875
-0.1617570
-0.1702554
-0.1667523
-0.1652028
-0.1766466
-0.1991650
-0.2204012
-0.2303832
-0.2322972
-0.2366983
-0.2444692
-0.2439995
-0.2301938
-0.2169155
-0.2206469
-0.2371668
-0.2446220
-0.2279018
-0.1931850
-0.1606838
-0.1477920
-0.1555663
-0.1675352
-0.1657977
-0.1501220
-0.1346585
-0.1256428
-0.1138217
-0.0918999
-0.0662008
-0.0447407
-0.0256757
-0.0047607
0.0157151
0.0308673
0.0366950
0.0280376
0.0060256
-0.0116466
-0.0045542
0.0238930
0.0506973
0.0645992
0.0726801
0.0763954
0.0681282
0.0547009
0.0537952
0.0609115
0.0547608
0.0462365
0.0813009
0.1722588
