-0.0531704
-0.0477884
-0.0505496
-0.0537054
-0.0517178
-0.0485572
-0.0475811
-0.0474034
-0.0487331
-0.0545655
-0.0620950
-0.0633281
-0.0558087
-0.0463313
-0.0426987
-0.0463933
-0.0530119
-0.0556059
-0.0492345
-0.0372342
-0.0311707
-0.0389162
-0.0537988
-0.0608538
-0.0532004
-0.0376098
-0.0248940
-0.0200261
-0.0217507
-0.0266255
-0.0311190
-0.0326072
-0.0314182
-0.0320696
-0.0389938
-0.0438020
-0.0120353
0.1088927
0.3477781
0.6605954
0.9284342
1.0234881
0.8948380
0.5989200
0.2497250
-0.0624046
-0.3123196
-0.5163811
-0.6813537
-0.7833525
-0.7943037
-0.7189992
-0.5978692
-0.4749396
-0.3697948
-0.2804903
-0.2040918
-0.1463528
-0.1132932
-0.1004876
-0.0944850
-0.0839292
-0.0674888
-0.0507811
-0.0376614
-0.0271342
-0.0181823
-0.0131017
-0.0131020
-0.0135198
-0.0079641
0.0032176
0.0126971
0.0155912
0.0163165
0.0238456
0.0408779
0.0593662
0.0676932
0.0625512
0.0532164
0.0531315
0.0674268
0.0897806
0.1108251
0.1270439
0.1410037
0.1561579
0.1740728
0.1951992
0.2193853
0.2453468
0.2713882
0.2974927
0.3261738
0.3604729
0.4003751
0.4410096
0.4755250
0.5010785
0.5215084
0.5427169
0.5658266
0.5865338
0.6009008
0.6094224
0.6143282
0.6143561
0.6038413
0.5772814
0.5347147
0.4825667
0.4286533
0.3759033
0.3215504
0.2628804
0.2025897
0.1471956
0.1008728
0.0624361
0.0283441
-0.0027471
-0.0290404
-0.0485332
-0.0619897
-0.0722715
-0.0805680
-0.0845653
-0.0821529
-0.0765816
-0.0752046
-0.0815251
-0.0901867
-0.0921885
-0.0849352
-0.0754016
-0.0727086
-0.0784214
-0.0851227
-0.0847017
-0.0772773
-0.0707694
-0.0715447
-0.0771927
-0.0801767
-0.0777802
-0.0760910
-0.0832812
-0.0999379
-0.1167168
-0.1215013
-0.1097717
-0.0896024
-0.0765427
-0.0814134
-0.1009209
-0.1199181
-0.1241187
-0.1122143
-0.0965060
-0.0913205
-0.0996726
-0.1109393
-0.1123126
-0.1025136
-0.0929493
-0.0949741
-0.1077144
-0.1198604
-0.1222054
-0.1161654
-0.1099496
-0.1087245
-0.1104936
-0.1112029
-0.1115574
-0.1165528
-0.1281027
-0.1403177
-0.1443312
-0.1376448
-0.1269403
-0.1211813
-0.1232260
-0.1287910
-0.1323371
-0.1327006
-0.1333403
-0.1380984
-0.1469185
-0.1553067
-0.1578694
-0.1527684
-0.1433795
-0.1360583
-0.1357598
-0.1424417
-0.1510492
-0.1558961
-0.1560251
-0.1558342
-0.1597093
-0.1667353
-0.1718951
-0.1721302
-0.1696714
-0.1688634
-0.1708223
-0.1724254
-0.1705146
-0.1659617
-0.1624219
-0.1610895
-0.1582741
-0.1498522
-0.1377910
-0.1301536
-0.1333288
-0.1450252
-0.1561726
-0.1597062
-0.1567585
-0.1540816
-0.1558946
-0.1588675
-0.1556307
-0.1432951
-0.1277618
-0.1187248
-0.1205024
-0.1285037
-0.1346312
-0.1351904
-0.1331404
-0.1334535
-0.1373231
-0.1412119
-0.1411798
-0.1373941
-0.1337270
-0.1331520
-0.1347335
-0.1358388
-0.1363193
-0.1389007
-0.1451089
-0.1518646
-0.1532495
-0.1461843
-0.1343616
-0.1259505
-0.1264641
-0.1336037
-0.1397751
-0.1400356
-0.1368958
-0.1367143
-0.1419826
-0.1482178
-0.1485968
-0.1409584
-0.1297486
-0.1213156
-0.1180695
-0.1179665
-0.1193144
-0.1241782
-0.1352000
-0.1494242
-0.1577210
-0.1524416
-0.1357486
-0.1190800
-0.1131523
-0.1181561
-0.1243937
-0.1232327
-0.1168063
-0.1151530
-0.1232863
-0.1334013
-0.1326138
-0.1179668
-0.1006695
-0.0941898
-0.1007787
-0.1122270
-0.1205101
-0.1189598
-0.0876886
0.0147988
0.2269321
0.5343802
0.8436670
1.0204370
0.9742591
0.7196572
0.3590683
0.0058946
-0.2809378
-0.4998767
-0.6631614
-0.7630025
-0.7801408
-0.7149007
-0.5996029
-0.4785377
-0.3794669
-0.3054275
-0.2483764
-0.2038597
-0.1721878
-0.1518290
-0.1375912
-0.1254593
-0.1159470
-0.1110360
-0.1091833
-0.1053265
-0.0962133
-0.0846575
-0.0774233
-0.0786517
-0.0855949
-0.0907069
-0.0876332
-0.0756849
-0.0597948
-0.0466827
-0.0399820
-0.0376747
-0.0341381
-0.0254630
-0.0130521
-0.0016984
0.0058508
0.0119634
0.0216432
0.0373661
0.0567748
0.0754939
0.0917270
0.1073582
0.1244495
0.1417988
0.1563604
0.1679921
0.1811879
0.2008556
0.2267351
0.2530607
0.2740916
0.2895264
0.3040892
0.3220354
0.3427822
0.3624236
0.3790251
0.3951202
0.4143295
0.4364140
0.4569642
0.4719200
0.4811543
0.4869060
0.4893328
0.4846647
0.4681972
0.4389564
0.4011228
0.3607439
0.3212343
0.2822972
0.2428226
0.2038292
0.1680232
0.1370450
0.1100348
0.0850235
0.0612062
0.0394935
0.0210127
0.0056285
-0.0074591
-0.0176509
-0.0225236
-0.0207437
-0.0153908
-0.0128731
-0.0171891
-0.0254286
-0.0300365
-0.0261321
-0.0163660
-0.0081883
-0.0064364
-0.0091234
-0.0107408
-0.0089810
-0.0069754
-0.0086731
-0.0134406
-0.0167877
-0.0161818
-0.0144126
-0.0161460
-0.0218754
-0.0267133
-0.0257387
-0.0198535
-0.0151759
-0.0161126
-0.0197785
-0.0186094
-0.0088919
0.0043357
0.0119102
0.0097299
0.0022810
-0.0030595
-0.0039739
-0.0043763
-0.0082355
-0.0141836
-0.0176059
-0.0170328
-0.0158762
-0.0170079
-0.0182581
-0.0160651
-0.0111807
-0.0032496
0.0252315
0.1141190
0.2999661
0.5709535
0.8445102
1.0008723
0.9570852
0.7230093
0.3905801
0.0657617
-0.1965622
-0.4018926
-0.5734307
-0.7082356
-0.7752017
-0.7496217
-0.6436200
-0.5017843
-0.3696537
-0.2672696
-0.1894224
-0.1251461
-0.0731330
-0.0398413
-0.0276000
-0.0282490
-0.0285804
-0.0206042
-0.0062723
0.0066904
0.0127576
0.0129534
0.0125577
0.0154718
0.0210651
0.0261185
0.0292201
0.0329025
0.0413930
0.0561006
0.0731843
0.0860098
0.0908922
0.0908440
0.0932247
0.1030622
0.1185662
0.1334822
0.1440310
0.1534006
0.1690261
0.1950324
0.2273113
0.2565121
0.2764195
0.2895325
0.3043783
0.3274962
0.3581043
0.3901372
0.4188265
0.4450489
0.4734494
0.5065793
0.5411937
0.5707271
0.5915069
0.6059749
0.6191462
0.6319629
0.6387955
0.6319377
0.6084479
0.5723222
0.5301050
0.4850156
0.4359570
0.3819270
0.3259780
0.2735944
0.2274430
0.1850736
0.1424997
0.0994437
0.0603408
0.0304260
0.0114776
0.0012919
-0.0035977
-0.0054772
-0.0055053
-0.0051040
-0.0061585
-0.0095369
-0.0140180
-0.0173242
-0.0181988
-0.0171808
-0.0155136
-0.0137944
-0.0118089
-0.0093313
-0.0067789
-0.0050272
-0.0045475
-0.0046903
-0.0039916
-0.0014982
0.0020355
0.0042853
0.0028905
-0.0027104
-0.0105243
-0.0171776
-0.0204935
-0.0213168
-0.0224519
-0.0253070
-0.0277373
-0.0258744
-0.0184926
-0.0093181
-0.0043830
-0.0066315
-0.0132437
-0.0187420
-0.0207455
-0.0218844
-0.0254697
-0.0301417
-0.0305673
-0.0241069
-0.0154399
-0.0126813
-0.0185541
-0.0268661
-0.0292487
-0.0251545
-0.0233226
-0.0319250
-0.0480647
-0.0592772
-0.0564595
-0.0439455
-0.0350002
-0.0376546
-0.0469395
-0.0518863
-0.0484584
-0.0432547
-0.0443002
-0.0504721
-0.0523403
-0.0434881
-0.0290237
-0.0212783
-0.0274276
-0.0426627
-0.0557745
-0.0602968
-0.0593468
-0.0602459
-0.0657531
-0.0711181
-0.0693276
-0.0587724
-0.0456691
-0.0389847
-0.0428714
-0.0537785
-0.0645118
-0.0706859
-0.0732067
-0.0750952
-0.0768992
-0.0759934
-0.0703877
-0.0623884
-0.0574603
-0.0591250
-0.0654737
-0.0711707
-0.0726524
-0.0709408
-0.0696185
-0.0707861
-0.0732938
-0.0745354
-0.0735191
-0.0720570
-0.0729254
-0.0767949
-0.0810854
-0.0822158
-0.0792676
-0.0753001
-0.0746043
-0.0783635
-0.0832468
-0.0847880
-0.0822109
-0.0792927
-0.0800499
-0.0842436
-0.0881868
-0.0897637
-0.0910382
-0.0948685
-0.0999824
-0.1014300
-0.0966009
-0.0894717
-0.0871854
-0.0921629
-0.0988224
-0.0992404
-0.0918533
-0.0835051
-0.0824493
-0.0899339
-0.0992348
-0.1025643
-0.0982732
-0.0915446
-0.0889838
-0.0928561
-0.0999251
-0.1051711
-0.1065558
-0.1063040
-0.1073792
-0.1087044
-0.1047958
-0.0917106
-0.0739871
-0.0640455
-0.0717438
-0.0931489
-0.1115631
-0.1127793
-0.0998094
-0.0897813
-0.0942477
-0.1047610
-0.1022181
-0.0811005
-0.0594445
-0.0595415
-0.0802161
-0.0958404
-0.0872943
-0.0671960
-0.0607634
-0.0556269
0.0176837
0.2325960
0.5778714
0.9243992
1.0975717
1.0023027
0.6893695
0.3040485
-0.0300995
-0.2831490
-0.4915498
-0.6791817
-0.8165303
-0.8536160
-0.7796183
-0.6408014
-0.5019624
-0.3975548
-0.3214959
-0.2559983
-0.1998144
-0.1658802
-0.1584136
-0.1613753
-0.1526673
-0.1265965
-0.0984950
-0.0870969
-0.0950022
-0.1077282
-0.1100588
-0.1006870
-0.0906140
-0.0894454
-0.0952506
-0.0975867
-0.0887658
-0.0712388
-0.0546839
-0.0469705
-0.0477587
-0.0495699
-0.0444085
-0.0303058
-0.0127502
0.0003189
0.0060973
0.0100451
0.0205927
0.0398511
0.0601105
0.0709498
0.0703793
0.0681540
0.0770734
0.1009673
0.1317862
0.1583298
0.1767270
0.1918656
0.2100168
0.2323485
0.2560705
0.2796343
0.3042529
0.3303709
0.3550895
0.3750860
0.3917341
0.4114795
0.4397899
0.4746812
0.5067460
0.5258075
0.5275743
0.5142366
0.4895925
0.4545313
0.4074768
0.3488564
0.2845292
0.2239182
0.1735298
0.1316710
0.0904363
0.0445019
-0.0017879
-0.0376511
-0.0575434
-0.0687405
-0.0849044
-0.1110577
-0.1366612
-0.1461177
-0.1363821
-0.1218121
-0.1196154
-0.1314961
-0.1423948
-0.1381761
-0.1222460
-0.1120796
-0.1195303
-0.1370379
-0.1449523
-0.1319147
-0.1067418
-0.0899767
-0.0942037
-0.1125852
-0.1260454
-0.1215039
-0.1037549
-0.0900897
-0.0930501
-0.1080617
-0.1184475
-0.1132588
-0.0994149
-0.0943114
-0.1059669
-0.1229200
-0.1264169
-0.1116651
-0.0933460
-0.0888493
-0.0995771
-0.1123852
-0.1171689
-0.1166777
-0.1173024
-0.1171798
-0.1109288
-0.1024265
-0.0984707
-0.0803811
0.0081995
0.2209122
0.5381050
0.8400895
0.9712472
0.8515221
0.5347937
0.1592672
-0.1604511
-0.3978019
-0.5867635
-0.7495899
-0.8617196
-0.8818124
-0.8020998
-0.6618448
-0.5161464
-0.3988698
-0.3140594
-0.2523873
-0.2070178
-0.1751735
-0.1531345
-0.1359633
-0.1213861
-0.1104465
-0.1035879
-0.0981457
-0.0908549
-0.0814419
-0.0720659
-0.0636973
-0.0548827
-0.0445332
-0.0342394
-0.0262181
-0.0195081
-0.0100234
0.0049125
0.0231180
0.0396508
0.0519353
0.0617029
0.0717363
0.0819459
0.0899406
0.0953457
0.1021598
0.1156404
0.1369559
0.1618406
0.1849634
0.2050927
0.2253779
0.2489112
0.2750738
0.3009174
0.3257964
0.3536443
0.3897409
0.4347588
0.4820521
0.5213182
0.5457364
0.5563968
0.5603273
0.5641017
0.5685687
0.5688291
0.5588645
0.5363431
0.5033560
0.4629848
0.4158017
0.3603557
0.2971895
0.2317293
0.1722488
0.1242969
0.0869156
0.0543667
0.0216013
-0.0118776
-0.0430353
-0.0691539
-0.0898619
-0.1056480
-0.1158274
-0.1193994
-0.1179452
-0.1162950
-0.1188618
-0.1249907
-0.1287716
-0.1244930
-0.1126709
-0.1003775
-0.0951908
-0.0986963
-0.1059072
-0.1107155
-0.1114431
-0.1111302
-0.1131508
-0.1172462
-0.1198181
-0.1176200
-0.1109772
-0.1036720
-0.0998910
-0.1010425
-0.1051235
-0.1090493
-0.1117613
-0.1150726
-0.1211235
-0.1287949
-0.1331962
-0.1298073
-0.1196694
-0.1098118
-0.1074440
-0.1134043
-0.1218214
-0.1264206
-0.1265457
-0.1264558
-0.1293292
-0.1333508
-0.1343372
-0.1312945
-0.1278687
-0.1278594
-0.1303960
-0.1308988
-0.1268955
-0.1216766
-0.1210673
-0.1266271
-0.1329733
-0.1326580
-0.1238698
-0.1129780
-0.1089602
-0.1149604
-0.1253472
-0.1313384
-0.1295718
-0.1248314
-0.1241801
-0.1289457
-0.1334043
-0.1316241
-0.1246978
-0.1199479
-0.1227488
-0.1302669
-0.1344970
-0.1312663
-0.1247847
-0.1224607
-0.1261985
-0.1304837
-0.1292920
-0.1233324
-0.1190459
-0.1209295
-0.1265884
-0.1301712
-0.1295244
-0.1281951
-0.1301446
-0.1341356
-0.1349922
-0.1302085
-0.1236323
-0.1215135
-0.1255501
-0.1311325
-0.1326459
-0.1294194
-0.1255869
-0.1246295
-0.1254249
-0.1243102
-0.1202508
-0.1166479
-0.1175669
-0.1228847
-0.1280865
-0.1289941
-0.1261002
-0.1237546
-0.1251914
-0.1287788
-0.1294397
-0.1238042
-0.1139296
-0.1059012
-0.1047046
-0.1103654
-0.1188568
-0.1262581
-0.1314962
-0.1351533
-0.1366929
-0.1342152
-0.1273323
-0.1192814
-0.1147777
-0.1153883
-0.1179445
-0.1184534
-0.1171599
-0.1183451
-0.1245193
-0.1319484
-0.1336067
-0.1269223
-0.1174197
-0.1135459
-0.1180560
-0.1254746
-0.1283425
-0.1250635
-0.1206355
-0.1200023
-0.1222263
-0.1222967
-0.1179773
-0.1129738
-0.1122746
-0.1153837
-0.1163006
-0.1111496
-0.1043871
-0.1049607
-0.1154930
-0.1272418
-0.1284389
-0.1177340
-0.1066008
-0.1062779
-0.1140062
-0.1159579
-0.1045555
-0.0889964
-0.0849854
-0.0961959
-0.1116731
-0.1220278
-0.1287212
-0.1260841
-0.0754572
0.0846417
0.3802305
0.7449871
1.0323356
1.1048866
0.9291435
0.5907000
0.2196859
-0.0994063
-0.3538944
-0.5594670
-0.7102173
-0.7774675
-0.7479738
-0.6492211
-0.5319713
-0.4324995
-0.3557755
-0.2909137
-0.2338259
-0.1911381
-0.1675612
-0.1575078
-0.1512590
-0.1452394
-0.1424254
-0.1439021
-0.1441843
-0.1367475
-0.1221852
-0.1081855
-0.1012737
-0.1004461
-0.0998739
-0.0964392
-0.0925227
-0.0911671
-0.0904521
-0.0846557
-0.0710946
-0.0542412
-0.0416209
-0.0357113
-0.0311748
-0.0210247
-0.0049995
0.0095746
0.0159024
0.0159008
0.0190559
0.0329567
0.0559362
0.0797805
0.0989391
0.1155508
0.1350797
0.1586272
0.1815096
0.1995260
0.2147576
0.2334866
0.2587050
0.2863390
0.3097009
0.3267685
0.3417969
0.3597980
0.3807083
0.3999281
0.4141660
0.4255327
0.4391191
0.4566911
0.4733060
0.4804960
0.4729668
0.4524075
0.4250218
0.3955231
0.3636412
0.3265183
0.2842377
0.2422331
0.2074079
0.1817108
0.1602210
0.1362740
0.1083067
0.0809006
0.0589632
0.0419280
0.0248642
0.0051533
-0.0134063
-0.0243225
-0.0258716
-0.0235607
-0.0245941
-0.0306862
-0.0373509
-0.0399897
-0.0392193
-0.0392918
-0.0421057
-0.0445056
-0.0422191
-0.0354907
-0.0293945
-0.0283081
-0.0311143
-0.0328369
-0.0306951
-0.0272745
-0.0270039
-0.0302744
-0.0325262
-0.0296993
-0.0235510
-0.0201319
-0.0228369
-0.0283058
-0.0303752
-0.0275203
-0.0246472
-0.0268372
-0.0327259
-0.0358485
-0.0322866
-0.0250042
-0.0197559
-0.0184393
-0.0184649
-0.0177365
-0.0171733
-0.0174365
-0.0162958
-0.0123121
-0.0093216
-0.0124197
-0.0187966
-0.0184903
-0.0090687
-0.0039284
-0.0125765
-0.0064972
0.0831119
0.3101278
0.6409816
0.9425988
1.0620119
0.9361152
0.6316366
0.2801456
-0.0248121
-0.2711934
-0.4862725
-0.6717134
-0.7896797
-0.8049862
-0.7261130
-0.5992408
-0.4691477
-0.3535372
-0.2516641
-0.1652216
-0.1024711
-0.0657925
-0.0449537
-0.0271127
-0.0100621
-0.0013172
-0.0050413
-0.0140030
-0.0159997
-0.0058164
0.0113870
0.0272116
0.0375989
0.0430121
0.0441359
0.0404596
0.0332269
0.0275857
0.0299815
0.0431649
0.0640787
0.0864581
0.1051943
0.1186805
0.1281913
0.1359990
0.1441189
0.1541523
0.1674889
0.1850565
0.2066992
0.2311607
0.2573206
0.2856777
0.3180163
0.3547058
0.3921491
0.4237476
0.4445097
0.4552809
0.4624688
0.4735403
0.4924950
0.5186972
0.5485696
0.5776905
0.6022509
0.6202690
0.6320127
0.6382013
0.6368465
0.6227386
0.5920363
0.5480610
0.5009411
0.4593500
0.4222092
0.3800614
0.3259580
0.2646299
0.2096922
0.1714342
0.1480426
0.1291335
0.1069393
0.0828478
0.0632692
0.0509463
0.0419579
0.0311112
0.0186792
0.0104013
0.0106926
0.0167348
0.0202517
0.0155084
0.0052659
-0.0017573
0.0003759
0.0088705
0.0154528
0.0156522
0.0142305
0.0204904
0.0377857
0.0580035
0.0670737
0.0565567
0.0305885
0.0024767
-0.0149950
-0.0170421
-0.0074992
0.0056107
0.0151797
0.0180819
0.0156724
0.0119945
0.0105932
0.0119811
0.0138218
0.0136318
0.0112629
0.0087199
0.0078545
0.0086130
0.0093735
0.0083403
0.0044060
-0.0024822
-0.0106260
-0.0162043
-0.0150137
-0.0061345
0.0059077
0.0137563
0.0132122
0.0069520
0.0018782
0.0023644
0.0060541
0.0063911
-0.0007044
-0.0125355
-0.0215620
-0.0214725
-0.0120567
0.0006933
0.0087952
0.0076044
-0.0012342
-0.0112023
-0.0159732
-0.0144844
-0.0116104
-0.0132717
-0.0201551
-0.0263552
-0.0249475
-0.0152910
-0.0044430
-0.0008299
-0.0065627
-0.0163027
-0.0233801
-0.0260475
-0.0272956
-0.0296283
-0.0318343
-0.0315104
-0.0294460
-0.0297086
-0.0350258
-0.0432440
-0.0493203
-0.0503542
-0.0476712
-0.0442380
-0.0416360
-0.0404158
-0.0419663
-0.0476515
-0.0555957
-0.0603002
-0.0574758
-0.0490681
-0.0419020
-0.0408822
-0.0447552
-0.0492341
-0.0526709
-0.0565112
-0.0608050
-0.0627301
-0.0617144
-0.0636618
-0.0755460
-0.0945527
-0.1063900
-0.0988144
-0.0767809
-0.0602406
-0.0643696
-0.0837270
-0.0989603
-0.0987968
-0.0918812
-0.0949724
-0.1119858
-0.1287114
-0.1288344
-0.1120000
-0.0936235
-0.0884032
-0.0971549
-0.1099269
-0.1183801
-0.1220778
-0.1240572
-0.1245885
-0.1217259
-0.1162899
-0.1130413
-0.1157959
-0.1227306
-0.1278117
-0.1264838
-0.1191427
-0.1096277
-0.1018784
-0.0983616
-0.0999826
-0.1056744
-0.1123064
-0.1167263
-0.1186623
-0.1206511
-0.1243360
-0.1278798
-0.1285419
-0.1272153
-0.1279049
-0.1316471
-0.1334004
-0.1282066
-0.1198529
-0.1188422
-0.1286795
-0.1370132
-0.1262210
-0.0944464
-0.0616593
-0.0505958
-0.0638548
-0.0851722
-0.1020811
-0.1164641
-0.1226911
-0.0799669
0.0733990
0.3573329
0.6962666
0.9407179
0.9626170
0.7452905
0.3876277
0.0223975
-0.2725782
-0.4950538
-0.6708764
-0.8019778
-0.8628569
-0.8368633
-0.7433427
-0.6260053
-0.5201095
-0.4352089
-0.3658335
-0.3098008
-0.2710879
-0.2487930
-0.2317250
-0.2085046
-0.1808954
-0.1625430
-0.1629413
-0.1749193
-0.1805242
-0.1690661
-0.1473591
-0.1315449
-0.1306075
-0.1396058
-0.1479121
-0.1507902
-0.1511265
-0.1517647
-0.1498756
-0.1406119
-0.1247497
-0.1100152
-0.1037401
-0.1050725
-0.1056227
-0.0978961
-0.0824229
-0.0663597
-0.0556740
-0.0493157
-0.0408839
-0.0253248
-0.0036890
0.0182509
0.0354233
0.0474363
0.0578776
0.0706111
0.0871512
0.1071113
0.1301295
0.1567013
0.1873995
0.2218800
0.2586951
0.2956032
0.3299575
0.3595409
0.3839223
0.4049699
0.4249515
0.4431070
0.4542965
0.4523094
0.4354923
0.4088029
0.3792750
0.3490658
0.3136100
0.2673003
0.2107768
0.1518856
0.0992194
0.0552551
0.0163779
-0.0207126
-0.0538394
-0.0775193
-0.0900231
-0.0969659
-0.1066808
-0.1219912
-0.1374976
-0.1457172
-0.1455580
-0.1437144
-0.1471789
-0.1550072
-0.1586862
-0.1511825
-0.1349954
-0.1203516
-0.1154534
-0.1193070
-0.1243462
-0.1250082
-0.1226007
-0.1221713
-0.1261520
-0.1317300
-0.1334320
-0.1273133
-0.1135527
-0.0969649
-0.0852646
-0.0844370
-0.0933460
-0.1033999
-0.1061935
-0.1024464
-0.1011855
-0.1081665
-0.1170777
-0.1160680
-0.1031545
-0.0906476
-0.0912031
-0.1028794
-0.1136182
-0.1187436
-0.1231061
-0.1172322
-0.0579184
0.1071580
0.3779193
0.6647496
0.8285847
0.7764183
0.5278526
0.1912058
-0.1242818
-0.3749783
-0.5745867
-0.7387657
-0.8506084
-0.8783124
-0.8144931
-0.6897131
-0.5497859
-0.4260697
-0.3272601
-0.2511502
-0.1959560
-0.1602530
-0.1385670
-0.1224826
-0.1063627
-0.0901702
-0.0767423
-0.0678210
-0.0629521
-0.0606590
-0.0594557
-0.0581910
-0.0564720
-0.0548895
-0.0542402
-0.0543673
-0.0541546
-0.0526239
-0.0492824
-0.0430506
-0.0319003
-0.0150355
0.0045746
0.0215794
0.0335961
0.0446038
0.0613066
0.0855250
0.1113132
0.1307842
0.1425202
0.1531205
0.1701905
0.1948120
0.2218061
0.2467504
0.2709845
0.2988198
0.3309335
0.3624471
0.3881532
0.4085371
0.4294471
0.4559103
0.4870002
0.5166767
0.5386052
0.5495526
0.5489975
0.5372466
0.5150337
0.4844707
0.4489906
0.4113974
0.3719864
0.3289876
0.2810420
0.2293940
0.1780911
0.1322844
0.0956767
0.0683943
0.0467768
0.0259415
0.0037416
-0.0172364
-0.0318640
-0.0371976
-0.0353655
-0.0318409
-0.0308360
-0.0323361
-0.0334237
-0.0320808
-0.0294313
-0.0284961
-0.0311778
-0.0364310
-0.0409345
-0.0415330
-0.0377501
-0.0325269
-0.0301257
-0.0324230
-0.0370460
-0.0398064
-0.0394179
-0.0392741
-0.0436707
-0.0523030
-0.0596803
-0.0609882
-0.0579918
-0.0575309
-0.0635241
-0.0717673
-0.0743435
-0.0690265
-0.0624337
-0.0626715
-0.0698249
-0.0755149
-0.0722525
-0.0619949
-0.0543944
-0.0569865
-0.0681316
-0.0796218
-0.0849863
-0.0843900
-0.0822794
-0.0819744
-0.0830055
-0.0824270
-0.0776335
-0.0686727
-0.0593248
-0.0557538
-0.0619652
-0.0749061
-0.0848365
-0.0829128
-0.0697395
-0.0555616
-0.0504995
-0.0545780
-0.0587443
-0.0561180
-0.0503961
-0.0510574
-0.0608338
-0.0709408
-0.0706564
-0.0601950
-0.0512287
-0.0539865
-0.0659475
-0.0751567
-0.0737686
-0.0658255
-0.0610475
-0.0632714
-0.0674381
-0.0673240
-0.0632516
-0.0607023
-0.0632133
-0.0691620
-0.0751632
-0.0798485
-0.0829363
-0.0825164
-0.0760937
-0.0647695
-0.0544413
-0.0511672
-0.0555024
-0.0623013
-0.0659646
-0.0649197
-0.0609920
-0.0561069
-0.0512322
-0.0479806
-0.0489588
-0.0550810
-0.0632178
-0.0679696
-0.0662530
-0.0597491
-0.0527683
-0.0482098
-0.0458415
-0.0440094
-0.0422716
-0.0420418
-0.0448329
-0.0501415
-0.0551931
-0.0568855
-0.0542529
-0.0492506
-0.0449826
-0.0428183
-0.0413031
-0.0383876
-0.0347686
-0.0341373
-0.0392427
-0.0480570
-0.0550233
-0.0565422
-0.0544152
-0.0531117
-0.0542028
-0.0548082
-0.0518994
-0.0468892
-0.0444176
-0.0465596
-0.0498566
-0.0494284
-0.0453461
-0.0429787
-0.0463005
-0.0523445
-0.0540803
-0.0485860
-0.0405616
-0.0368191
-0.0385541
-0.0409751
-0.0405825
-0.0404589
-0.0460891
-0.0565274
-0.0628452
-0.0575414
-0.0441733
-0.0345625
-0.0357166
-0.0421666
-0.0435640
-0.0382068
-0.0350499
-0.0411973
-0.0511590
-0.0528146
-0.0433084
-0.0338347
-0.0357199
-0.0454767
-0.0495079
-0.0432243
-0.0382027
-0.0457017
-0.0584868
-0.0584118
-0.0417257
-0.0235892
-0.0054282
0.0563628
0.2265750
0.5160391
0.8301974
1.0109646
0.9503856
0.6733170
0.3098334
-0.0130863
-0.2539951
-0.4436279
-0.6102071
-0.7330367
-0.7676673
-0.7018281
-0.5752500
-0.4464990
-0.3486387
-0.2784613
-0.2196531
-0.1664763
-0.1247632
-0.0985979
-0.0835750
-0.0727452
-0.0643143
-0.0611829
-0.0647272
-0.0711060
-0.0735380
-0.0675799
-0.0549797
-0.0433356
-0.0409392
-0.0495436
-0.0612436
-0.0641227
-0.0531688
-0.0358058
-0.0249743
-0.0257083
-0.0295574
-0.0237265
-0.0052682
0.0156978
0.0273772
0.0289868
0.0302997
0.0395541
0.0546183
0.0673415
0.0747208
0.0829377
0.0997842
0.1251568
0.1510185
0.1701721
0.1827371
0.1931650
0.2032735
0.2113997
0.2185138
0.2317092
0.2582592
0.2961585
0.3331572
0.3573136
0.3684432
0.3778821
0.3964774
0.4236911
0.4494048
0.4657278
0.4750270
0.4851788
0.4979993
0.5044943
0.4924718
0.4580773
0.4088803
0.3558829
0.3037455
0.2496979
0.1913639
0.1336648
0.0862536
0.0540579
0.0317472
0.0087607
-0.0201746
-0.0500216
-0.0708881
-0.0781876
-0.0774117
-0.0790211
-0.0884626
-0.1009314
-0.1061015
-0.0985019
-0.0834485
-0.0724433
-0.0723315
-0.0790844
-0.0827794
-0.0788102
-0.0732325
-0.0758096
-0.0879879
-0.0997213
-0.0997527
-0.0881522
-0.0764766
-0.0750335
-0.0819290
-0.0863761
-0.0818490
-0.0734871
-0.0715990
-0.0795245
-0.0899685
-0.0932456
-0.0872124
-0.0779665
-0.0721166
-0.0705196
-0.0697684
-0.0678698
-0.0669935
-0.0710558
-0.0811930
-0.0929272
-0.0975866
-0.0890392
-0.0722350
-0.0637449
-0.0762811
-0.0948221
-0.0689148
0.0588473
0.2998463
0.5857079
0.7928505
0.8171754
0.6420209
0.3427961
0.0261137
-0.2413857
-0.4550640
-0.6367912
-0.7870455
-0.8740892
-0.8660469
-0.7679422
-0.6247230
-0.4890601
-0.3871545
-0.3130500
-0.2499407
-0.1921621
-0.1473432
-0.1226974
-0.1142365
-0.1101741
-0.1024523
-0.0927210
-0.0870770
-0.0866907
-0.0851645
-0.0752717
-0.0574206
-0.0406796
-0.0351341
-0.0428940
-0.0561138
-0.0636866
-0.0602061
-0.0487127
-0.0350658
-0.0207014
-0.0022395
0.0218754
0.0464106
0.0631181
0.0696020
0.0729283
0.0832541
0.1041123
0.1297848
0.1521979
0.1693469
0.1862641
0.2086678
0.2374262
0.2694812
0.3021391
0.3344653
0.3652026
0.3920119
0.4141664
0.4347116
0.4579649
0.4845015
0.5097266
0.5282156
0.5389718
0.5453551
0.5496514
0.5487981
0.5365556
0.5096052
0.4703386
0.4235224
0.3717112
0.3151674
0.2555087
0.1974891
0.1462408
0.1034125
0.0669923
0.0349832
0.0083944
-0.0102529
-0.0212631
-0.0293883
-0.0399087
-0.0531907
-0.0643699
-0.0692065
-0.0696093
-0.0721216
-0.0804802
-0.0903669
-0.0926892
-0.0827438
-0.0658177
-0.0528824
-0.0505177
-0.0556561
-0.0602488
-0.0596812
-0.0554289
-0.0507070
-0.0463329
-0.0418875
-0.0388186
-0.0397017
-0.0443543
-0.0489725
-0.0506805
-0.0517166
-0.0566689
-0.0652602
-0.0706362
-0.0674661
-0.0607768
-0.0630973
-0.0809189
-0.1057484
-0.1210555
-0.1179748
-0.1024988
-0.0872788
-0.0785800
-0.0726715
-0.0634774
-0.0509291
-0.0408324
-0.0382378
-0.0429218
-0.0510264
-0.0589726
-0.0648630
-0.0678733
-0.0684637
-0.0688699
-0.0713519
-0.0753721
-0.0780091
-0.0780976
-0.0786402
-0.0833587
-0.0911074
-0.0956793
-0.0924518
-0.0844350
-0.0798562
-0.0829441
-0.0883324
-0.0864519
-0.0747199
-0.0617622
-0.0590981
-0.0689134
-0.0812193
-0.0836644
-0.0740764
-0.0632217
-0.0648428
-0.0820672
-0.1030430
-0.1106325
-0.0977834
-0.0741923
-0.0578211
-0.0594006
-0.0744414
-0.0892841
-0.0941371
-0.0904575
-0.0868838
-0.0894181
-0.0961230
-0.1004901
-0.0984293
-0.0915949
-0.0852550
-0.0840475
-0.0888012
-0.0956225
-0.0982106
-0.0932172
-0.0844888
-0.0806125
-0.0863386
-0.0965168
-0.1002871
-0.0923954
-0.0795843
-0.0741573
-0.0807035
-0.0904454
-0.0902026
-0.0767432
-0.0607704
-0.0561966
-0.0666216
-0.0831088
-0.0939958
-0.0951977
-0.0912167
-0.0881794
-0.0874868
-0.0861101
-0.0818743
-0.0773286
-0.0780230
-0.0872264
-0.1025376
-0.1172214
-0.1243958
-0.1207260
-0.1079343
-0.0918183
-0.0790225
-0.0731372
-0.0729454
-0.0744368
-0.0750262
-0.0762887
-0.0823819
-0.0948452
-0.1085079
-0.1137578
-0.1048522
-0.0866715
-0.0721502
-0.0715321
-0.0833490
-0.0958530
-0.0977203
-0.0881324
-0.0768540
-0.0743069
-0.0816040
-0.0909242
-0.0955410
-0.0975954
-0.1040116
-0.1153550
-0.1218884
-0.1133906
-0.0926252
-0.0762272
-0.0794959
-0.1001470
-0.1192744
-0.1199411
-0.1038566
-0.0882644
-0.0875312
-0.1002595
-0.1138937
-0.1179512
-0.1107642
-0.0969404
-0.0832943
-0.0769508
-0.0819278
-0.0940876
-0.1024079
-0.0997313
-0.0898204
-0.0743397
-0.0279621
0.1028435
0.3543235
0.6841720
0.9620733
1.0433420
0.8726467
0.5238959
0.1380746
-0.1810705
-0.4174354
-0.6049829
-0.7577390
-0.8453292
-0.8316990
-0.7247607
-0.5800135
-0.4575925
-0.3805949
-0.3329754
-0.2889423
-0.2387816
-0.1905740
-0.1560717
-0.1391468
-0.1347323
-0.1340087
-0.1294892
-0.1178889
-0.1013215
-0.0864400
-0.0804047
-0.0852653
-0.0956635
-0.1028872
-0.1017298
-0.0934188
-0.0825765
-0.0725659
-0.0638275
-0.0552622
-0.0459430
-0.0354773
-0.0234436
-0.0093893
0.0057864
0.0186155
0.0248683
0.0240674
0.0216442
0.0248447
0.0358979
0.0501056
0.0613391
0.0691613
0.0800988
0.1015863
0.1342535
0.1700448
0.1983835
0.2146485
0.2228877
0.2310764
0.2447580
0.2646325
0.2878496
0.3102748
0.3290795
0.3454591
0.3649593
0.3934111
0.4311528
0.4710052
0.5023570
0.5179740
0.5174767
0.5044959
0.4811377
0.4466893
0.4021317
0.3534260
0.3070645
0.2623324
0.2112462
0.1485807
0.0810222
0.0239554
-0.0120933
-0.0315162
-0.0492122
-0.0753772
-0.1049619
-0.1233569
-0.1226723
-0.1109294
-0.1043501
-0.1119452
-0.1288763
-0.1433768
-0.1476841
-0.1423772
-0.1327292
-0.1228821
-0.1135749
-0.1044775
-0.0974120
-0.0960570
-0.1021653
-0.1127514
-0.1216125
-0.1239153
-0.1201105
-0.1160363
-0.1180497
-0.1261316
-0.1321529
-0.1273370
-0.1120897
-0.0965246
-0.0904046
-0.0943605
-0.1021206
-0.1092502
-0.1169027
-0.1270327
-0.1364552
-0.1378998
-0.1274136
-0.1097725
-0.0956151
-0.0934644
-0.1048748
-0.1252952
-0.1463988
-0.1584858
-0.1564421
-0.1457510
-0.1354261
-0.1157945
-0.0456734
0.1227560
0.3903686
0.6787863
0.8617121
0.8449425
0.6295364
0.3032741
-0.0290985
-0.3108327
-0.5390930
-0.7227478
-0.8485894
-0.8910039
-0.8446314
-0.7377566
-0.6133698
-0.5014159
-0.4091839
-0.3327359
-0.2716142
-0.2303764
-0.2084910
-0.1945510
-0.1749445
-0.1475585
-0.1232521
-0.1128609
-0.1151800
-0.1189006
-0.1146467
-0.1036733
-0.0949906
-0.0943285
-0.0966866
-0.0917235
-0.0767699
-0.0609060
-0.0534372
-0.0515795
-0.0444282
-0.0280476
-0.0113829
-0.0055031
-0.0097099
-0.0103118
0.0067601
0.0416594
0.0788915
0.1017567
0.1093532
0.1170712
0.1395116
0.1760662
0.2147561
0.2464287
0.2722036
0.2995132
0.3336031
0.3716297
0.4045564
0.4274894
0.4475175
0.4759378
0.5118241
0.5398013
0.5472819
0.5386950
0.5291115
0.5276721
0.5296891
0.5212599
0.4903806
0.4377664
0.3767730
0.3179331
0.2567211
0.1858616
0.1161869
0.0693030
0.0471730
0.0264699
-0.0086768
-0.0442026
-0.0583893
