-0.3477802
-0.5604379
-0.6680588
-0.7465537
-0.7946138
-0.7446696
-0.6020151
-0.4552501
-0.3568020
-0.2855287
-0.2230577
-0.1841047
-0.1673531
-0.1459912
-0.1154366
-0.0974245
-0.0944510
-0.0864175
-0.0711197
-0.0659669
-0.0722369
-0.0747866
-0.0721440
-0.0733303
-0.0724133
-0.0580233
-0.0398297
-0.0359439
-0.0423852
-0.0415665
-0.0317288
-0.0237127
-0.0185788
-0.0107447
-0.0032175
0.0001509
0.0071477
0.0247410
0.0452241
0.0593445
0.0708023
0.0847896
0.0959751
0.1004957
0.1063675
0.1206377
0.1392051
0.1584119
0.1826322
0.2120234
0.2371015
0.2535869
0.2694526
0.2906999
0.3127216
0.3304657
0.3445672
0.3542857
0.3574787
0.3600682
0.3723757
0.3935439
0.4112829
0.4182830
0.4183547
0.4172384
0.4179266
0.4225596
0.4278192
0.4218735
0.3976501
0.3655652
0.3410244
0.3224625
0.2937517
0.2465669
0.1902815
0.1410564
0.1082316
0.0885207
0.0683350
0.0368397
0.0008903
-0.0206366
-0.0219334
-0.0198186
-0.0315655
-0.0530528
-0.0676706
-0.0691513
-0.0664708
-0.0707438
-0.0838846
-0.0972112
-0.0985809
-0.0852778
-0.0701319
-0.0682355
-0.0779467
-0.0835168
-0.0764850
-0.0647470
-0.0592696
-0.0614837
-0.0661789
-0.0686311
-0.0663971
-0.0604419
-0.0557262
-0.0555396
-0.0560939
-0.0520931
-0.0454373
-0.0422465
-0.0437447
-0.0464009
-0.0484207
-0.0499408
-0.0498147
-0.0483258
-0.0499087
-0.0571480
-0.0650758
-0.0669178
-0.0626340
-0.0573139
-0.0545071
-0.0548476
-0.0570608
-0.0567990
-0.0491607
-0.0358738
-0.0253513
-0.0226588
-0.0242491
-0.0248811
-0.0239496
-0.0221581
-0.0176681
-0.0091244
0.0014058
0.0104682
0.0147790
0.0111197
-0.0000540
-0.0111144
-0.0134334
-0.0077762
-0.0034955
-0.0073616
-0.0180209
-0.0306740
-0.0415914
-0.0481428
-0.0493723
-0.0467881
-0.0416397
-0.0335441
-0.0252882
-0.0252551
-0.0392888
-0.0620879
-0.0817133
-0.0912923
-0.0927829
-0.0918943
-0.0934158
-0.0991695
-0.1064977
-0.1102214
-0.1086139
-0.1056630
-0.1062338
-0.1115917
-0.1195457
-0.1246297
-0.1189595
-0.1003365
-0.0808446
-0.0786471
-0.0963665
-0.1147297
-0.1149625
-0.1029899
-0.1002986
-0.1046186
-0.0634137
0.0994765
0.4110351
0.7916604
1.0798179
1.1362666
0.9411872
0.5961000
0.2352626
-0.0649575
-0.3043947
-0.5115113
-0.6905477
-0.8113493
-0.8411032
-0.7798102
-0.6634776
-0.5361064
-0.4234934
-0.3320973
-0.2620834
-0.2131583
-0.1817293
-0.1607829
-0.1442651
-0.1295136
-0.1166565
-0.1074718
-0.1029199
-0.1004233
-0.0960436
-0.0900850
-0.0867824
-0.0870379
-0.0855845
-0.0776870
-0.0653981
-0.0548947
-0.0499549
-0.0494264
-0.0489707
-0.0446734
-0.0369487
-0.0304281
-0.0275476
-0.0236941
-0.0124795
0.0053174
0.0225056
0.0347301
0.0445894
0.0563665
0.0706089
0.0847781
0.0967358
0.1072897
0.1206557
0.1410812
0.1672441
0.1920784
0.2105297
0.2253803
0.2428216
0.2643519
0.2857759
0.3025081
0.3136335
0.3224391
0.3344497
0.3524523
0.3718379
0.3838027
0.3853079
0.3832727
0.3867180
0.3968672
0.4067929
0.4089728
0.4018266
0.3902473
0.3800476
0.3703208
0.3522470
0.3185303
0.2733829
0.2293546
0.1941100
0.1639444
0.1308278
0.0924228
0.0541421
0.0237254
0.0044157
-0.0080770
-0.0214896
-0.0385179
-0.0538418
-0.0615188
-0.0632190
-0.0659859
-0.0731561
-0.0807301
-0.0823694
-0.0758846
-0.0654598
-0.0588762
-0.0611542
-0.0695278
-0.0762189
-0.0770284
-0.0748075
-0.0735238
-0.0723629
-0.0681151
-0.0607622
-0.0538195
-0.0503426
-0.0504001
-0.0516155
-0.0514781
-0.0502265
-0.0511996
-0.0563709
-0.0621439
-0.0626212
-0.0571426
-0.0514823
-0.0509983
-0.0552581
-0.0599704
-0.0618086
-0.0607949
-0.0598264
-0.0619786
-0.0667781
-0.0698364
-0.0679764
-0.0636384
-0.0619676
-0.0645079
-0.0680707
-0.0689739
-0.0662203
-0.0612910
-0.0567367
-0.0541966
-0.0523447
-0.0478853
-0.0396567
-0.0299962
-0.0209080
-0.0113690
-0.0005633
0.0081717
0.0092513
0.0003351
-0.0149100
-0.0285825
-0.0332513
-0.0275095
-0.0180010
-0.0140693
-0.0194004
-0.0301332
-0.0407698
-0.0492773
-0.0560203
-0.0605360
-0.0608915
-0.0552440
-0.0441915
-0.0329537
-0.0299677
-0.0401634
-0.0593745
-0.0778409
-0.0896567
-0.0969811
-0.1050287
-0.1149982
-0.1225800
-0.1226386
-0.1153994
-0.1078790
-0.1075190
-0.1139917
-0.1198015
-0.1199532
-0.1176397
-0.1180565
-0.1201459
-0.1187830
-0.1133345
-0.1090256
-0.1091727
-0.1101393
-0.1064523
-0.0977079
-0.0833707
-0.0461329
0.0540531
0.2527841
0.5323610
0.8003965
0.9337633
0.8621739
0.6175358
0.3033976
0.0159131
-0.2104945
-0.3928838
-0.5504895
-0.6719957
-0.7275724
-0.7039767
-0.6210543
-0.5150727
-0.4128133
-0.3243021
-0.2529273
-0.2024860
-0.1732128
-0.1577707
-0.1460331
-0.1331324
-0.1213536
-0.1147835
-0.1130880
-0.1108890
-0.1035030
-0.0925281
-0.0839246
-0.0805124
-0.0788504
-0.0745052
-0.0678662
-0.0628645
-0.0616757
-0.0625691
-0.0618671
-0.0566495
-0.0466032
-0.0344354
-0.0237211
-0.0156875
-0.0087982
-0.0013044
0.0072817
0.0170930
0.0283295
0.0405203
0.0531223
0.0670735
0.0840234
0.1037554
0.1238926
0.1423255
0.1587134
0.1739196
0.1894066
0.2067321
0.2260255
0.2453372
0.2629772
0.2799659
0.2985605
0.3187127
0.3373881
0.3511597
0.3587320
0.3618602
0.3647410
0.3712381
0.3812601
0.3906146
0.3953796
0.3954654
0.3931278
0.3892850
0.3822374
0.3688586
0.3464265
0.3148506
0.2779948
0.2412955
0.2069840
0.1727813
0.1361268
0.0986188
0.0654738
0.0411317
0.0253402
0.0127574
-0.0029599
-0.0230648
-0.0419610
-0.0531241
-0.0565198
-0.0584303
-0.0641308
-0.0725508
-0.0782309
-0.0769774
-0.0695438
-0.0611472
-0.0574280
-0.0597207
-0.0641470
-0.0658350
-0.0635148
-0.0596509
-0.0573798
-0.0581757
-0.0610213
-0.0625199
-0.0591253
-0.0509166
-0.0424239
-0.0384052
-0.0393546
-0.0419946
-0.0433179
-0.0432421
-0.0439895
-0.0475004
-0.0528704
-0.0563142
-0.0548169
-0.0499030
-0.0463892
-0.0471901
-0.0507417
-0.0536604
-0.0543362
-0.0536102
-0.0534894
-0.0556261
-0.0596751
-0.0627206
-0.0615655
-0.0561034
-0.0496831
-0.0459815
-0.0459334
-0.0472416
-0.0463228
-0.0416373
-0.0359131
-0.0337371
-0.0354920
-0.0349547
-0.0251365
-0.0063711
0.0128745
0.0231753
0.0213473
0.0113987
0.0000264
-0.0085755
-0.0143120
-0.0184873
-0.0208204
-0.0205186
-0.0195328
-0.0220249
-0.0296068
-0.0389653
-0.0453389
-0.0468700
-0.0445556
-0.0397181
-0.0335407
-0.0285692
-0.0287661
-0.0368924
-0.0514812
-0.0668210
-0.0773118
-0.0826713
-0.0876540
-0.0955191
-0.1033966
-0.1062775
-0.1043190
-0.1030049
-0.1059210
-0.1103458
-0.1112721
-0.1076690
-0.1027934
-0.0992119
-0.0958692
-0.0911622
-0.0874998
-0.0898329
-0.0983566
-0.1054626
-0.1033439
-0.0918225
-0.0703206
-0.0191231
0.1011181
0.3145219
0.5856139
0.8149104
0.8933847
0.7768730
0.5163761
0.2165676
-0.0403218
-0.2379228
-0.4043271
-0.5580745
-0.6799415
-0.7332133
-0.7025899
-0.6097554
-0.4956380
-0.3925994
-0.3119377
-0.2508432
-0.2048809
-0.1724665
-0.1512277
-0.1357166
-0.1212556
-0.1080405
-0.0989552
-0.0942542
-0.0907935
-0.0862443
-0.0817171
-0.0795094
-0.0795996
-0.0791239
-0.0748810
-0.0662411
-0.0558972
-0.0475789
-0.0428353
-0.0403474
-0.0380461
-0.0347334
-0.0297148
-0.0227057
-0.0148850
-0.0083396
-0.0030966
0.0041294
0.0166591
0.0337074
0.0506790
0.0636939
0.0734285
0.0844502
0.1005288
0.1202563
0.1379283
0.1497957
0.1590290
0.1731096
0.1961986
0.2250213
0.2520588
0.2717357
0.2839514
0.2932634
0.3048904
0.3201365
0.3351066
0.3445966
0.3475694
0.3484332
0.3529562
0.3630716
0.3750813
0.3824844
0.3813026
0.3733707
0.3638818
0.3551945
0.3438168
0.3241028
0.2941832
0.2577756
0.2211658
0.1890348
0.1619266
0.1363649
0.1079010
0.0752841
0.0419509
0.0132622
-0.0076580
-0.0218026
-0.0329721
-0.0445158
-0.0562927
-0.0647160
-0.0667842
-0.0641855
-0.0623369
-0.0650326
-0.0708511
-0.0750821
-0.0745644
-0.0706048
-0.0677161
-0.0692417
-0.0735292
-0.0748598
-0.0692017
-0.0588786
-0.0505988
-0.0489061
-0.0522771
-0.0554793
-0.0550372
-0.0524324
-0.0523083
-0.0572293
-0.0640452
-0.0662633
-0.0606020
-0.0505135
-0.0427054
-0.0409763
-0.0440400
-0.0483401
-0.0517426
-0.0547116
-0.0587581
-0.0639959
-0.0683218
-0.0693773
-0.0671226
-0.0637601
-0.0613333
-0.0604325
-0.0611150
-0.0635526
-0.0671121
-0.0698569
-0.0699056
-0.0670608
-0.0628133
-0.0589581
-0.0561472
-0.0535082
-0.0499152
-0.0457748
-0.0426527
-0.0404223
-0.0359319
-0.0262122
-0.0128143
-0.0014046
0.0034139
0.0020822
-0.0012676
-0.0033594
-0.0045316
-0.0072420
-0.0123397
-0.0175955
-0.0206404
-0.0227986
-0.0283723
-0.0395764
-0.0533462
-0.0637867
-0.0667430
-0.0615296
-0.0500418
-0.0362410
-0.0260677
-0.0254763
-0.0366394
-0.0556560
-0.0747342
-0.0878998
-0.0952861
-0.1013706
-0.1087077
-0.1146420
-0.1153747
-0.1119299
-0.1095911
-0.1114948
-0.1154180
-0.1180101
-0.1198752
-0.1238751
-0.1291019
-0.1297752
-0.1221721
-0.1111344
-0.1062028
-0.1102241
-0.1153331
-0.1138690
-0.1097970
-0.1093727
-0.0951954
-0.0181407
0.1671733
0.4462471
0.7251323
0.8789838
0.8349285
0.6183129
0.3233008
0.0388197
-0.2015898
-0.4085724
-0.5907403
-0.7282730
-0.7896010
-0.7649763
-0.6783170
-0.5686448
-0.4641870
-0.3733677
-0.2946413
-0.2292410
-0.1830249
-0.1586362
-0.1496653
-0.1444448
-0.1350881
-0.1220217
-0.1105276
-0.1043128
-0.1022792
-0.1000435
-0.0939303
-0.0841559
-0.0747051
-0.0699276
-0.0708294
-0.0741857
-0.0748437
-0.0694552
-0.0594280
-0.0505200
-0.0477013
-0.0489601
-0.0455463
-0.0308382
-0.0091329
0.0066771
0.0080040
0.0007084
0.0006963
0.0184031
0.0482222
0.0746079
0.0885660
0.0960753
0.1089732
0.1298295
0.1495988
0.1604881
0.1672623
0.1827477
0.2133613
0.2519963
0.2855828
0.3074882
0.3211132
0.3328476
0.3445759
0.3544440
0.3627512
0.3733090
0.3879351
0.4024570
0.4110259
0.4135107
0.4157013
0.4215478
0.4273673
0.4252854
0.4114745
0.3893894
0.3648597
0.3394664
0.3099605
0.2736805
0.2325588
0.1906626
0.1494603
0.1083480
0.0698589
0.0407992
0.0252558
0.0175488
0.0054238
-0.0181865
-0.0475340
-0.0693679
-0.0758799
-0.0718297
-0.0688924
-0.0739444
-0.0838674
-0.0911965
-0.0925995
-0.0905808
-0.0886473
-0.0875114
-0.0860527
-0.0835936
-0.0801037
-0.0757664
-0.0718828
-0.0712228
-0.0752698
-0.0804948
-0.0791082
-0.0659809
-0.0457510
-0.0315020
-0.0338236
-0.0502670
-0.0669683
-0.0719666
-0.0663571
-0.0613118
-0.0647518
-0.0726244
-0.0739592
-0.0637530
-0.0497630
-0.0457019
-0.0572211
-0.0750501
-0.0832645
-0.0750682
-0.0598059
-0.0535947
-0.0632403
-0.0800008
-0.0890316
-0.0841048
-0.0724529
-0.0655410
-0.0665089
-0.0681831
-0.0632423
-0.0539994
-0.0500767
-0.0570970
-0.0699523
-0.0777956
-0.0739640
-0.0599697
-0.0413538
-0.0221781
-0.0042866
0.0097900
0.0157883
0.0109166
-0.0024654
-0.0176961
-0.0286531
-0.0331086
-0.0316764
-0.0256577
-0.0176612
-0.0132113
-0.0187496
-0.0361385
-0.0593407
-0.0775745
-0.0826288
-0.0739847
-0.0579411
-0.0427677
-0.0347348
-0.0370810
-0.0498264
-0.0688470
-0.0867036
-0.0976243
-0.1028096
-0.1090309
-0.1204499
-0.1328377
-0.1376808
-0.1318374
-0.1214042
-0.1153047
-0.1162296
-0.1192144
-0.1186725
-0.1149243
-0.1128334
-0.1153997
-0.1206705
-0.1246335
-0.1250006
-0.1218928
-0.1173604
-0.1147086
-0.1126663
-0.0931655
-0.0163959
0.1586997
0.4326090
0.7370047
0.9559423
0.9920153
0.8275392
0.5293787
0.1953310
-0.1078739
-0.3631935
-0.5751588
-0.7363285
-0.8248002
-0.8278504
-0.7594701
-0.6528265
-0.5392421
-0.4359358
-0.3490230
-0.2806618
-0.2302434
-0.1926251
-0.1613352
-0.1354155
-0.1201668
-0.1185652
-0.1236786
-0.1232589
-0.1124991
-0.0993550
-0.0950479
-0.1005466
-0.1049576
-0.0976445
-0.0800253
-0.0638994
-0.0588194
-0.0629337
-0.0667534
-0.0641078
-0.0572015
-0.0511581
-0.0463650
-0.0383548
-0.0244411
-0.0080963
0.0043286
0.0104786
0.0147027
0.0239325
0.0412652
0.0636829
0.0857029
0.1047184
0.1225957
0.1426805
0.1661549
0.1914161
0.2161751
0.2395159
0.2621470
0.2851628
0.3087027
0.3317650
0.3533485
0.3736511
0.3938539
0.4146363
0.4350310
0.4527260
0.4654566
0.4724719
0.4751364
0.4760092
0.4767678
0.4767654
0.4737897
0.4662146
0.4540605
0.4378336
0.4167579
0.3887993
0.3528912
0.3111222
0.2681140
0.2275122
0.1891451
0.1504744
0.1111442
0.0750999
0.0470348
0.0268993
0.0091864
-0.0114888
-0.0344296
-0.0533270
-0.0631067
-0.0658953
-0.0693051
-0.0784245
-0.0901712
-0.0964848
-0.0930244
-0.0837948
-0.0768585
-0.0762904
-0.0791408
-0.0799369
-0.0770394
-0.0739071
-0.0744546
-0.0780800
-0.0799217
-0.0758994
-0.0669008
-0.0578105
-0.0529482
-0.0528563
-0.0550044
-0.0566942
-0.0571127
-0.0572432
-0.0583606
-0.0605921
-0.0627131
-0.0632676
-0.0618864
-0.0595308
-0.0575709
-0.0567348
-0.0568986
-0.0577334
-0.0593992
-0.0624168
-0.0667441
-0.0711811
-0.0740676
-0.0746525
-0.0735509
-0.0718684
-0.0702585
-0.0689750
-0.0684292
-0.0692179
-0.0715367
-0.0746473
-0.0768642
-0.0761457
-0.0712093
-0.0626784
-0.0532562
-0.0462459
-0.0430727
-0.0417506
-0.0380820
-0.0292904
-0.0171318
-0.0071700
-0.0042308
-0.0081959
-0.0144100
-0.0183251
-0.0195589
-0.0212745
-0.0258403
-0.0316683
-0.0348735
-0.0341866
-0.0336404
-0.0393454
-0.0529343
-0.0684353
-0.0764038
-0.0717829
-0.0580869
-0.0442363
-0.0375037
-0.0391736
-0.0460685
-0.0551826
-0.0662829
-0.0803240
-0.0962219
-0.1099745
-0.1172888
-0.1172050
-0.1132880
-0.1110868
-0.1136966
-0.1191877
-0.1226344
-0.1213197
-0.1177804
-0.1167975
-0.1192752
-0.1205570
-0.1161405
-0.1081440
-0.1036414
-0.1058829
-0.1098037
-0.1088765
-0.1038528
-0.0969351
-0.0719549
0.0141599
0.2046107
0.4926334
0.7952333
0.9876326
0.9807963
0.7791807
0.4697045
0.1548489
-0.1093507
-0.3222018
-0.5011363
-0.6445960
-0.7295180
-0.7365170
-0.6713203
-0.5628697
-0.4453149
-0.3425945
-0.2647771
-0.2119815
-0.1788740
-0.1578774
-0.1423617
-0.1293233
-0.1193568
-0.1136848
-0.1111478
-0.1081880
-0.1017421
-0.0920502
-0.0825522
-0.0768325
-0.0753441
-0.0750191
-0.0723529
-0.0670690
-0.0624152
-0.0613221
-0.0623664
-0.0603345
-0.0513708
-0.0372671
-0.0239998
-0.0159818
-0.0122591
-0.0083828
-0.0011271
0.0093873
0.0215625
0.0346538
0.0485269
0.0623064
0.0750743
0.0881847
0.1053118
0.1286752
0.1554756
0.1795908
0.1976485
0.2127312
0.2309904
0.2546223
0.2792493
0.2989024
0.3129540
0.3269538
0.3462684
0.3696519
0.3899411
0.4011510
0.4043870
0.4065238
0.4133042
0.4239879
0.4326169
0.4340833
0.4286527
0.4206359
0.4130123
0.4037017
0.3872027
0.3598103
0.3232206
0.2831651
0.2446856
0.2087342
0.1730983
0.1361527
0.0993663
0.0663059
0.0396859
0.0195485
0.0038043
-0.0100697
-0.0237212
-0.0373858
-0.0498891
-0.0592992
-0.0643397
-0.0657549
-0.0662015
-0.0682265
-0.0719358
-0.0747675
-0.0739722
-0.0695185
-0.0644402
-0.0621729
-0.0634851
-0.0658976
-0.0659720
-0.0623207
-0.0567851
-0.0528201
-0.0523785
-0.0539795
-0.0539216
-0.0498642
-0.0434942
-0.0394300
-0.0409704
-0.0466452
-0.0512376
-0.0507413
-0.0464615
-0.0438371
-0.0468640
-0.0538163
-0.0587731
-0.0573590
-0.0508754
-0.0450241
-0.0448848
-0.0508676
-0.0587917
-0.0635109
-0.0629677
-0.0596073
-0.0581717
-0.0615348
-0.0678152
-0.0713921
-0.0675974
-0.0574105
-0.0475789
-0.0452058
-0.0514207
-0.0603266
-0.0644257
-0.0611352
-0.0540828
-0.0485475
-0.0462500
-0.0446543
-0.0406862
-0.0342191
-0.0274797
-0.0215431
-0.0145657
-0.0042225
0.0084640
0.0186146
0.0212043
0.0151929
0.0042063
-0.0062080
-0.0118661
-0.0116005
-0.0072765
-0.0029142
-0.0029766
-0.0098248
-0.0217370
-0.0337088
-0.0411699
-0.0432888
-0.0423823
-0.0404163
-0.0372580
-0.0328454
-0.0298028
-0.0322010
-0.0415256
-0.0549545
-0.0680766
-0.0784587
-0.0859357
-0.0905316
-0.0920726
-0.0921734
-0.0944326
-0.1003980
-0.1059851
-0.1048741
-0.0967117
-0.0893544
-0.0899836
-0.0952792
-0.0947806
-0.0852056
-0.0768998
-0.0814801
-0.0952310
-0.1017047
-0.0927715
-0.0786387
-0.0656485
-0.0240029
0.1065636
0.3587226
0.6775264
0.9286953
0.9853386
0.8206385
0.5208335
0.2087400
-0.0463548
-0.2513246
-0.4387194
-0.6087045
-0.7236115
-0.7498402
-0.6935763
-0.5935117
-0.4864065
-0.3865780
-0.2955862
-0.2207035
-0.1755880
-0.1640516
-0.1701266
-0.1690731
-0.1484673
-0.1171717
-0.0938569
-0.0881836
-0.0934940
-0.0959526
-0.0883354
-0.0745573
-0.0630951
-0.0584468
-0.0588249
-0.0598257
-0.0586908
-0.0555551
-0.0520979
-0.0497370
-0.0487098
-0.0480121
-0.0456763
-0.0394395
-0.0281659
-0.0133176
0.0013461
0.0124940
0.0202518
0.0285002
0.0417335
0.0609287
0.0820448
0.0991175
0.1100415
0.1196304
0.1357667
0.1612961
0.1900763
0.2123753
0.2247538
0.2339865
0.2504402
0.2775196
0.3081471
0.3319673
0.3456272
0.3552364
0.3687798
0.3872576
0.4040533
0.4121165
0.4104642
0.4041358
0.3996765
0.4011384
0.4084181
0.4171441
0.4201301
0.4109137
0.3877262
0.3544012
0.3168404
0.2783046
0.2385670
0.1977507
0.1595926
0.1288974
0.1054696
0.0825663
0.0532492
0.0179693
-0.0154885
-0.0396705
-0.0540438
-0.0638566
-0.0737607
-0.0836999
-0.0907388
-0.0934964
-0.0937103
-0.0939080
-0.0951669
-0.0979916
-0.1039425
-0.1140169
-0.1250082
-0.1296412
-0.1226027
-0.1067197
-0.0919941
-0.0874103
-0.0930624
-0.1000812
-0.0986339
-0.0868796
-0.0727761
-0.0670441
-0.0736422
-0.0862025
-0.0934078
-0.0888301
-0.0772639
-0.0717540
-0.0823215
-0.1053927
-0.1247978
-0.1256390
-0.1084972
-0.0891137
-0.0830101
-0.0906818
-0.0986171
-0.0945337
-0.0803906
-0.0698029
-0.0736062
-0.0894997
-0.1058349
-0.1133764
-0.1116657
-0.1055910
-0.0994052
-0.0951089
-0.0936683
-0.0947962
-0.0961219
-0.0950303
-0.0918337
-0.0895093
-0.0894933
-0.0890203
-0.0841050
-0.0747485
-0.0654008
-0.0594934
-0.0549805
-0.0471707
-0.0354639
-0.0247964
-0.0196790
-0.0193702
-0.0210730
-0.0256932
-0.0362241
-0.0500591
-0.0573492
-0.0508883
-0.0366493
-0.0305522
-0.0426218
-0.0657094
-0.0822124
-0.0820314
-0.0717495
-0.0650077
-0.0661950
-0.0671429
-0.0599627
-0.0492235
-0.0482900
-0.0646563
-0.0916943
-0.1152607
-0.1265212
-0.1275280
-0.1261143
-0.1276833
-0.1320639
-0.1360519
-0.1368097
-0.1332107
-0.1263135
-0.1195528
-0.1164766
-0.1164549
-0.1143683
-0.1075899
-0.1023610
-0.1085653
-0.1262443
-0.1416186
-0.1416172
-0.1302855
-0.1215369
-0.1085855
-0.0451422
0.1274035
0.4183332
0.7485605
0.9819055
1.0105425
0.8238858
0.5039892
0.1589685
-0.1425462
-0.3864230
-0.5827107
-0.7316369
-0.8172776
-0.8255067
-0.7618287
-0.6520003
-0.5286213
-0.4174761
-0.3319968
-0.2743315
-0.2386758
-0.2153442
-0.1953032
-0.1736600
-0.1506783
-0.1303695
-0.1173027
-0.1128544
-0.1136889
-0.1145889
-0.1131464
-0.1109114
-0.1096476
-0.1076359
-0.1009216
-0.0881462
-0.0732401
-0.0626014
-0.0593772
-0.0608237
-0.0617481
-0.0600818
-0.0576631
-0.0552483
-0.0489162
-0.0338519
-0.0114530
0.0097362
0.0217649
0.0255681
0.0305186
0.0452422
0.0690602
0.0931287
0.1102730
0.1226993
0.1387382
0.1627217
0.1906034
0.2164519
0.2407717
0.2695098
0.3050576
0.3408789
0.3668423
0.3794727
0.3855526
0.3948771
0.4101289
0.4252736
0.4340571
0.4380652
0.4444808
0.4567558
0.4700219
0.4763321
0.4725856
0.4619639
0.4484933
0.4318112
0.4078540
0.3743243
0.3347097
0.2959740
0.2619498
0.2297636
0.1934876
0.1508480
0.1057078
0.0645421
0.0313710
0.0057424
-0.0154617
-0.0345613
-0.0510522
-0.0629623
-0.0701271
-0.0754201
-0.0822546
-0.0912816
-0.0999586
-0.1051046
-0.1058219
-0.1044376
-0.1045507
-0.1073377
-0.1097034
-0.1071227
-0.0987328
-0.0887605
-0.0824246
-0.0810681
-0.0816192
-0.0800765
-0.0751329
-0.0690694
-0.0655849
-0.0662734
-0.0687884
-0.0686987
-0.0635095
-0.0551097
-0.0485755
-0.0483442
-0.0545231
-0.0624946
-0.0671307
-0.0680515
-0.0695664
-0.0744236
-0.0791271
-0.0777295
-0.0699808
-0.0632882
-0.0653284
-0.0756798
-0.0860341
-0.0887922
-0.0847210
-0.0813690
-0.0839887
-0.0893479
-0.0898039
-0.0827519
-0.0739202
-0.0708515
-0.0749231
-0.0808903
-0.0830139
-0.0801976
-0.0756011
-0.0725243
-0.0710938
-0.0687609
-0.0637069
-0.0569835
-0.0506478
-0.0445414
-0.0364078
-0.0253469
-0.0140105
-0.0069461
-0.0072803
-0.0147826
-0.0260439
-0.0362323
-0.0416169
-0.0414090
-0.0378470
-0.0350100
-0.0370333
-0.0456459
-0.0582928
-0.0696300
-0.0760425
-0.0780890
-0.0777603
-0.0747933
-0.0678495
-0.0590694
-0.0550053
-0.0612663
-0.0764430
-0.0925574
-0.1025027
-0.1068361
-0.1118669
-0.1205787
-0.1276948
-0.1263284
-0.1182345
-0.1132291
-0.1171731
-0.1242833
-0.1247058
-0.1177222
-0.1128666
-0.1170125
-0.1243077
-0.1229190
-0.1108725
-0.1001230
-0.1018768
-0.1117365
-0.1157447
-0.1092590
-0.0972720
-0.0662328
0.0360877
0.2688328
0.6263365
0.9977821
1.2159672
1.1688724
0.8794052
0.4814675
0.1155709
-0.1604185
-0.3723676
-0.5605237
-0.7202157
-0.8076816
-0.7909816
-0.6859904
-0.5453070
-0.4195889
-0.3302109
-0.2711394
-0.2282624
-0.1944559
-0.1702835
-0.1565341
-0.1496484
-0.1435841
-0.1339433
-0.1203477
-0.1063872
-0.0970798
-0.0944839
-0.0953162
-0.0941682
-0.0892041
-0.0832139
-0.0788557
-0.0747395
-0.0673989
-0.0561894
-0.0449218
-0.0383108
-0.0369139
-0.0359378
-0.0298357
-0.0182213
-0.0060824
0.0024102
0.0088543
0.0181977
0.0326444
0.0497238
0.0658164
0.0798374
0.0933281
0.1081221
0.1244213
0.1410248
0.1575513
0.1760433
0.1991625
0.2265138
0.2540781
0.2780836
0.2985585
0.3183974
0.3396241
0.3610518
0.3790933
0.3909122
0.3976360
0.4042004
0.4146636
0.4276864
0.4381061
0.4430286
0.4445401
0.4456983
0.4454437
0.4389826
0.4230186
0.3997471
0.3749668
0.3516877
0.3260869
0.2915285
0.2471603
0.2004414
0.1594192
0.1242221
0.0888922
0.0509825
0.0162345
-0.0074669
-0.0192319
-0.0267291
-0.0384888
-0.0552030
-0.0695317
-0.0750635
-0.0743221
-0.0759166
-0.0840022
-0.0931805
-0.0949562
-0.0873183
-0.0764270
-0.0700884
-0.0709823
-0.0755030
-0.0779591
-0.0760551
-0.0726895
-0.0721225
-0.0746507
-0.0760716
-0.0724254
-0.0642701
-0.0561904
-0.0528573
-0.0553288
-0.0603596
-0.0636790
-0.0646003
-0.0664041
-0.0711110
-0.0754593
-0.0744661
-0.0683799
-0.0634045
-0.0648525
-0.0713359
-0.0767471
-0.0772173
-0.0752032
-0.0763306
-0.0822150
-0.0875114
-0.0857813
-0.0779556
-0.0723385
-0.0750996
-0.0829997
-0.0874605
-0.0844557
-0.0783130
-0.0762120
-0.0804921
-0.0865201
-0.0875302
-0.0814849
-0.0728859
-0.0673410
-0.0652548
-0.0624782
-0.0565955
-0.0501460
-0.0470251
-0.0474827
-0.0475611
-0.0425478
-0.0308662
-0.0157878
-0.0034953
0.0016128
-0.0001026
-0.0055732
-0.0129399
-0.0219430
-0.0312424
-0.0375845
-0.0383474
-0.0343758
-0.0304218
-0.0326675
-0.0439764
-0.0601110
-0.0717971
-0.0723397
-0.0631575
-0.0515227
-0.0441964
-0.0439462
-0.0501187
-0.0602750
-0.0717827
-0.0834215
-0.0954184
-0.1074056
-0.1171717
-0.1223816
-0.1232667
-0.1230720
-0.1254420
-0.1303542
-0.1324156
-0.1256449
-0.1121622
-0.1035463
-0.1087991
-0.1214660
-0.1245377
-0.1107604
-0.0934630
-0.0920557
-0.1082325
-0.1223587
-0.1154029
-0.0882709
-0.0498834
0.0155141
0.1556205
0.4038610
0.7162887
0.9657734
1.0204606
0.8429865
0.5166679
0.1747106
-0.0974289
-0.2984578
-0.4677172
-0.6201195
-0.7267908
-0.7508902
-0.6906816
-0.5832614
-0.4722832
-0.3795337
-0.3054210
-0.2457664
-0.2008304
-0.1717279
-0.1555648
-0.1463937
-0.1390421
-0.1312934
-0.1233947
-0.1161291
-0.1095398
-0.1034225
-0.0979730
-0.0929715
-0.0873773
-0.0811504
-0.0763153
-0.0742916
-0.0732488
-0.0704513
-0.0662673
-0.0628718
-0.0591465
-0.0500391
-0.0323417
-0.0096814
0.0093069
0.0178789
0.0170794
0.0153891
0.0213649
0.0356547
0.0512873
0.0623144
0.0702798
0.0812208
0.0986304
0.1212079
0.1456385
0.1693094
0.1913157
0.2126765
0.2351004
0.2585959
0.2810927
0.3010031
0.3190735
0.3371843
0.3562530
0.3753160
0.3916303
0.4024703
0.4087101
0.4156411
0.4272747
0.4401330
0.4461562
0.4426036
0.4359645
0.4340955
0.4360262
0.4314194
0.4103923
0.3737972
0.3333069
0.2998071
0.2715820
0.2367746
0.1890601
0.1376339
0.0981516
0.0755173
0.0595569
0.0375051
0.0075079
-0.0210850
-0.0388698
-0.0465121
-0.0536321
-0.0676371
-0.0848933
-0.0950180
-0.0932847
-0.0855637
-0.0805452
-0.0807273
-0.0828532
-0.0841426
-0.0852643
-0.0884640
-0.0947084
-0.1021235
-0.1066182
-0.1050305
-0.0978981
-0.0882323
-0.0783228
-0.0694657
-0.0636734
-0.0626519
-0.0651294
-0.0677870
-0.0690722
-0.0701011
-0.0719550
-0.0740429
-0.0749419
-0.0733649
-0.0691626
-0.0649563
-0.0653053
-0.0719461
-0.0809442
-0.0868150
-0.0885138
-0.0892200
-0.0910828
-0.0922852
-0.0890609
-0.0797234
-0.0675895
-0.0600674
-0.0625634
-0.0723475
-0.0807969
-0.0828598
-0.0818724
-0.0836460
-0.0881460
-0.0887595
-0.0784249
-0.0559845
-0.0285154
-0.0076490
-0.0008462
-0.0052884
-0.0122064
-0.0171129
-0.0229381
-0.0328737
-0.0436997
-0.0483247
-0.0437233
-0.0352052
-0.0325251
-0.0402991
-0.0515327
-0.0534364
-0.0422371
-0.0297503
-0.0314738
-0.0492881
-0.0693088
-0.0762004
-0.0669841
-0.0519467
-0.0451469
-0.0535980
-0.0728665
-0.0924189
-0.1056643
-0.1140289
-0.1217044
-0.1295396
-0.1353110
-0.1371146
-0.1347716
-0.1302113
-0.1276143
-0.1302863
-0.1358259
-0.1371759
-0.1304337
-0.1197512
-0.1132220
-0.1153464
-0.1236242
-0.1306632
-0.1303715
-0.1244875
-0.1203117
-0.1149138
-0.0798004
0.0310487
0.2465545
0.5426311
0.8361041
1.0191725
1.0165399
0.8276351
0.5214146
0.1871708
-0.1163656
-0.3730633
-0.5844399
-0.7428518
-0.8288303
-0.8285093
-0.7509073
-0.6289173
-0.5022611
-0.3966023
-0.3170919
-0.2585244
-0.2162404
-0.1866260
-0.1641496
-0.1441664
-0.1273333
-0.1177351
-0.1169058
-0.1207153
-0.1210900
-0.1113819
-0.0929534
-0.0759296
-0.0692627
-0.0698686
-0.0663119
-0.0541641
-0.0425794
-0.0429107
-0.0540865
-0.0621105
-0.0531890
-0.0270068
0.0018553
0.0166909
0.0147392
0.0092406
0.0140823
0.0296109
0.0464589
0.0590717
0.0699049
0.0829479
0.0996245
0.1208141
0.1475908
0.1788000
0.2106778
0.2392944
0.2624090
0.2805467
0.2974973
0.3174583
0.3405313
0.3638345
0.3875611
0.4153145
0.4466091
0.4738187
0.4896765
0.4945619
0.4943316
0.4944050
0.4975628
0.5034920
0.5081309
0.5063695
0.4968861
0.4820393
0.4633171
0.4403441
0.4136679
0.3842325
0.3506918
0.3118785
0.2713793
0.2346700
0.2017399
0.1671778
0.1279069
0.0873711
0.0524612
0.0289733
0.0180757
0.0136586
0.0051900
-0.0129928
-0.0365056
-0.0567906
-0.0686925
-0.0702909
-0.0612135
-0.0462636
-0.0362495
-0.0390045
-0.0512866
-0.0632544
-0.0686024
-0.0675398
-0.0631462
-0.0581914
-0.0534561
-0.0474903
-0.0401721
-0.0357978
-0.0379998
-0.0421814
-0.0393313
-0.0281457
-0.0174026
-0.0155096
-0.0234432
-0.0379674
-0.0545251
-0.0654562
-0.0624140
-0.0442865
-0.0198495
-0.0017870
0.0001860
-0.0162617
-0.0430635
-0.0653420
-0.0736878
-0.0716614
-0.0675679
-0.0629476
-0.0547074
-0.0443100
-0.0375657
-0.0373864
-0.0423734
-0.0504491
-0.0594739
-0.0669530
-0.0724663
-0.0768407
-0.0769770
-0.0676341
-0.0513329
-0.0392164
-0.0373981
-0.0388589
-0.0337488
-0.0221305
-0.0120346
-0.0095315
-0.0138873
-0.0183474
-0.0146458
-0.0018993
0.0092667
0.0079487
-0.0026808
-0.0100292
-0.0097877
-0.0096555
-0.0157392
-0.0249778
-0.0320771
-0.0355203
-0.0358047
-0.0348402
-0.0369666
-0.0442466
-0.0520202
-0.0545466
-0.0519029
-0.0462711
-0.0373062
-0.0279523
-0.0278825
-0.0423127
-0.0630801
-0.0790755
-0.0896140
-0.0995934
-0.1081370
-0.1108907
-0.1082999
-0.1041882
-0.1008805
-0.1005035
-0.1046797
-0.1093386
-0.1077389
-0.1012739
-0.0979073
-0.0983591
-0.0956230
-0.0899370
-0.0904521
-0.0989913
-0.1062968
-0.1073972
-0.1037516
-0.0815840
-0.0008424
0.1809837
0.4690660
0.8056664
1.0775924
1.1676806
1.0300584
0.7235831
0.3612449
0.0270195
-0.2536967
-0.4820078
-0.6529452
-0.7539341
-0.7754255
-0.7207082
-0.6150926
-0.4989285
-0.3997455
-0.3185666
-0.2509828
-0.2048172
-0.1835272
-0.1707543
-0.1500605
-0.1257957
-0.1090452
-0.0989877
-0.0923974
-0.0932004
-0.0985597
-0.0952358
-0.0823826
-0.0759014
-0.0792356
-0.0755728
-0.0595056
-0.0473516
-0.0457659
-0.0419092
-0.0337017
-0.0340775
-0.0374503
-0.0226730
0.0033579
0.0107726
0.0018477
0.0095060
0.0353066
0.0485314
0.0523846
0.0804712
0.1197143
0.1217599
0.1060078
0.1471863
0.2225670
0.1843120
-0.0453128
