-0.0341140
-0.0355563
-0.0311693
-0.0234693
-0.0174750
-0.0170683
-0.0221877
-0.0292850
-0.0344805
-0.0362209
-0.0351751
-0.0325728
-0.0296072
-0.0280600
-0.0298954
-0.0351711
-0.0409074
-0.0432047
-0.0408382
-0.0363621
-0.0335499
-0.0340840
-0.0367629
-0.0393433
-0.0406332
-0.0409647
-0.0412252
-0.0417595
-0.0420513
-0.0411787
-0.0386001
-0.0348225
-0.0314790
-0.0304507
-0.0324157
-0.0361026
-0.0391914
-0.0401410
-0.0391913
-0.0377924
-0.0373983
-0.0387246
-0.0414673
-0.0441649
-0.0446611
-0.0416304
-0.0361597
-0.0314850
-0.0305446
-0.0335678
-0.0382105
-0.0420332
-0.0444778
-0.0462416
-0.0472727
-0.0463439
-0.0429725
-0.0391100
-0.0380011
-0.0410954
-0.0464152
-0.0501575
-0.0497484
-0.0454453
-0.0396869
-0.0355316
-0.0353669
-0.0398464
-0.0470347
-0.0527798
-0.0531349
-0.0475347
-0.0397941
-0.0354245
-0.0373151
-0.0436467
-0.0497829
-0.0520880
-0.0502124
-0.0464407
-0.0434822
-0.0427669
-0.0440134
-0.0456224
-0.0454710
-0.0421626
-0.0364869
-0.0318805
-0.0325941
-0.0401034
-0.0507453
-0.0575844
-0.0559274
-0.0477380
-0.0402674
-0.0394941
-0.0445118
-0.0486417
-0.0464107
-0.0392927
-0.0341465
-0.0359527
-0.0425908
-0.0472140
-0.0455391
-0.0401658
-0.0375017
-0.0409194
-0.0474737
-0.0512005
-0.0489456
-0.0426120
-0.0363045
-0.0323579
-0.0305319
-0.0301495
-0.0315716
-0.0350756
-0.0392244
-0.0416143
-0.0414641
-0.0406164
-0.0412674
-0.0430112
-0.0429828
-0.0392630
-0.0336494
-0.0304073
-0.0321173
-0.0369833
-0.0403853
-0.0391057
-0.0342144
-0.0301227
-0.0307369
-0.0359134
-0.0411543
-0.0411050
-0.0342863
-0.0249433
-0.0199207
-0.0230426
-0.0321741
-0.0416310
-0.0472072
-0.0487759
-0.0486751
-0.0487345
-0.0493361
-0.0504142
-0.0519316
-0.0530723
-0.0520975
-0.0481269
-0.0428920
-0.0397229
-0.0403944
-0.0435145
-0.0464029
-0.0479951
-0.0492150
-0.0508689
-0.0522177
-0.0518205
-0.0488553
-0.0431627
-0.0351644
-0.0270773
-0.0233679
-0.0273850
-0.0365223
-0.0431398
-0.0428968
-0.0397662
-0.0354835
-0.0094615
0.0847366
0.2874867
0.5836009
0.8825285
1.0590537
1.0306687
0.8088370
0.4814915
0.1461171
-0.1454949
-0.3887980
-0.5884625
-0.7286734
-0.7809781
-0.7348604
-0.6152781
-0.4700585
-0.3416712
-0.2487470
-0.1877975
-0.1463551
-0.1140778
-0.0865252
-0.0640755
-0.0491960
-0.0431490
-0.0433670
-0.0438674
-0.0393182
-0.0294171
-0.0190843
-0.0138790
-0.0150240
-0.0188174
-0.0205900
-0.0188802
-0.0158440
-0.0141947
-0.0142860
-0.0140799
-0.0113144
-0.0052763
0.0031167
0.0120066
0.0189860
0.0217391
0.0198456
0.0165512
0.0176765
0.0270696
0.0424848
0.0567788
0.0642725
0.0660927
0.0687291
0.0772469
0.0904961
0.1031772
0.1117528
0.1173968
0.1235774
0.1322707
0.1431857
0.1554098
0.1680920
0.1796344
0.1881740
0.1942549
0.2021553
0.2166095
0.2375335
0.2591040
0.2752179
0.2856326
0.2957869
0.3104993
0.3287758
0.3453550
0.3567123
0.3646899
0.3744295
0.3896517
0.4100814
0.4323389
0.4522297
0.4664976
0.4738187
0.4751012
0.4724690
0.4669284
0.4565548
0.4373687
0.4066729
0.3659078
0.3202909
0.2755917
0.2350239
0.1987417
0.1656750
0.1354693
0.1087853
0.0861403
0.0667482
0.0485670
0.0296269
0.0097038
-0.0089260
-0.0224830
-0.0281685
-0.0265920
-0.0221032
-0.0201725
-0.0234426
-0.0297676
-0.0343325
-0.0342319
-0.0311787
-0.0295404
-0.0316471
-0.0353234
-0.0363225
-0.0330064
-0.0281487
-0.0259807
-0.0278727
-0.0313309
-0.0330086
-0.0320440
-0.0302622
-0.0298037
-0.0313665
-0.0346022
-0.0391017
-0.0441395
-0.0479065
-0.0483182
-0.0453565
-0.0421240
-0.0425267
-0.0474712
-0.0537593
-0.0571835
-0.0565263
-0.0540879
-0.0525253
-0.0521033
-0.0515455
-0.0507700
-0.0513652
-0.0539759
-0.0564103
-0.0557672
-0.0524488
-0.0507055
-0.0541369
-0.0610971
-0.0658175
-0.0645718
-0.0600066
-0.0585662
-0.0637809
-0.0727933
-0.0796157
-0.0811602
-0.0796382
-0.0795324
-0.0830371
-0.0885739
-0.0930680
-0.0950431
-0.0955691
-0.0966564
-0.0989641
-0.1009627
-0.1002222
-0.0955768
-0.0881293
-0.0801818
-0.0732564
-0.0672284
-0.0612448
-0.0551440
-0.0498643
-0.0468461
-0.0474343
-0.0525478
-0.0620049
-0.0736771
-0.0839643
-0.0902789
-0.0934888
-0.0972933
-0.1045028
-0.1140371
-0.1220930
-0.1262027
-0.1274565
-0.1284767
-0.1299936
-0.1303915
-0.1284298
-0.1251278
-0.1222444
-0.1198366
-0.1168160
-0.1138708
-0.1139917
-0.1186678
-0.1244736
-0.1256274
-0.1205148
-0.1137685
-0.1101456
-0.1076274
-0.0997400
-0.0855277
-0.0739805
-0.0750045
-0.0869089
-0.0972200
-0.0970258
-0.0883621
-0.0694029
-0.0130310
0.1268531
0.3710667
0.6699697
0.9096039
0.9781896
0.8406284
0.5557268
0.2238807
-0.0824403
-0.3438325
-0.5649318
-0.7353055
-0.8249588
-0.8137624
-0.7173194
-0.5806703
-0.4484919
-0.3421051
-0.2606139
-0.1968172
-0.1482748
-0.1157476
-0.0967072
-0.0839902
-0.0707370
-0.0553170
-0.0411434
-0.0322549
-0.0291781
-0.0284534
-0.0256900
-0.0192591
-0.0113884
-0.0056742
-0.0033516
-0.0021185
0.0010696
0.0061221
0.0093562
0.0075451
0.0023827
0.0001836
0.0063642
0.0200055
0.0342211
0.0423299
0.0438562
0.0444735
0.0501140
0.0612521
0.0729806
0.0805148
0.0843549
0.0898446
0.1016230
0.1186546
0.1349843
0.1455803
0.1513701
0.1582483
0.1709841
0.1883495
0.2046454
0.2160653
0.2250825
0.2380794
0.2587023
0.2840381
0.3075917
0.3257384
0.3408892
0.3585143
0.3816318
0.4083292
0.4339728
0.4550652
0.4711544
0.4841727
0.4968985
0.5117199
0.5294688
0.5482957
0.5638268
0.5715837
0.5702379
0.5624684
0.5518437
0.5382478
0.5165904
0.4809218
0.4306885
0.3731127
0.3187776
0.2738750
0.2360541
0.1977369
0.1538637
0.1069387
0.0649391
0.0344091
0.0152899
0.0018888
-0.0116129
-0.0265934
-0.0402378
-0.0495212
-0.0545829
-0.0583918
-0.0636138
-0.0702031
-0.0760735
-0.0797809
-0.0820954
-0.0847274
-0.0877310
-0.0887189
-0.0851336
-0.0773660
-0.0692840
-0.0652774
-0.0666060
-0.0706402
-0.0735902
-0.0738536
-0.0728436
-0.0730347
-0.0755340
-0.0792602
-0.0818096
-0.0809146
-0.0757610
-0.0678429
-0.0606740
-0.0577964
-0.0601525
-0.0653765
-0.0702490
-0.0739875
-0.0784836
-0.0848480
-0.0904410
-0.0907348
-0.0846894
-0.0773151
-0.0755080
-0.0810839
-0.0888597
-0.0922499
-0.0901021
-0.0870218
-0.0872937
-0.0900822
-0.0914894
-0.0900989
-0.0884696
-0.0889352
-0.0899451
-0.0883296
-0.0843993
-0.0824137
-0.0850918
-0.0894236
-0.0900327
-0.0862999
-0.0837074
-0.0868423
-0.0927523
-0.0938197
-0.0874025
-0.0801346
-0.0806149
-0.0887155
-0.0947358
-0.0902708
-0.0784428
-0.0713891
-0.0774569
-0.0922127
-0.1028284
-0.1006295
-0.0885680
-0.0770220
-0.0737282
-0.0781779
-0.0843926
-0.0873772
-0.0866018
-0.0845667
-0.0834207
-0.0832066
-0.0826277
-0.0808237
-0.0783425
-0.0766905
-0.0770934
-0.0795345
-0.0827049
-0.0847577
-0.0843606
-0.0815733
-0.0780996
-0.0764298
-0.0779409
-0.0812933
-0.0830286
-0.0806023
-0.0752182
-0.0711822
-0.0718010
-0.0759661
-0.0793874
-0.0793628
-0.0776429
-0.0778930
-0.0806865
-0.0822124
-0.0786635
-0.0713278
-0.0661322
-0.0676138
-0.0738635
-0.0781794
-0.0758352
-0.0688047
-0.0635695
-0.0644842
-0.0695697
-0.0727616
-0.0700535
-0.0634012
-0.0587756
-0.0604128
-0.0667484
-0.0718238
-0.0708513
-0.0647265
-0.0592059
-0.0595057
-0.0655007
-0.0720542
-0.0738698
-0.0699231
-0.0634632
-0.0584342
-0.0564410
-0.0568158
-0.0584643
-0.0607679
-0.0629992
-0.0640077
-0.0632454
-0.0617807
-0.0614511
-0.0626608
-0.0634821
-0.0615732
-0.0570496
-0.0528971
-0.0520142
-0.0539516
-0.0552474
-0.0535129
-0.0509068
-0.0526184
-0.0611540
-0.0722930
-0.0776282
-0.0719500
-0.0583351
-0.0457353
-0.0413503
-0.0451224
-0.0511116
-0.0535169
-0.0512701
-0.0476700
-0.0466167
-0.0492486
-0.0532494
-0.0546903
-0.0510646
-0.0436691
-0.0373211
-0.0367915
-0.0424667
-0.0495437
-0.0523298
-0.0497743
-0.0463364
-0.0469159
-0.0512576
-0.0541696
-0.0514829
-0.0450465
-0.0409992
-0.0431686
-0.0489751
-0.0522967
-0.0498927
-0.0442874
-0.0404470
-0.0405862
-0.0428546
-0.0444329
-0.0445051
-0.0436835
-0.0416984
-0.0374014
-0.0314541
-0.0275817
-0.0294330
-0.0360057
-0.0415652
-0.0413192
-0.0368676
-0.0347946
-0.0393735
-0.0474485
-0.0513811
-0.0468050
-0.0366838
-0.0278642
-0.0247740
-0.0269344
-0.0312296
-0.0347715
-0.0357383
-0.0337090
-0.0307363
-0.0308201
-0.0359390
-0.0424819
-0.0439856
-0.0387968
-0.0331195
-0.0338651
-0.0393288
-0.0406862
-0.0340366
-0.0271223
-0.0297863
-0.0394319
-0.0424186
-0.0325312
-0.0221671
-0.0277066
-0.0454179
-0.0521441
-0.0352604
-0.0121705
-0.0033247
0.0179298
0.1305788
0.3949707
0.7646568
1.0796454
1.1695049
0.9808819
0.6113313
0.2209435
-0.0887089
-0.3168937
-0.5068022
-0.6681432
-0.7623461
-0.7522200
-0.6496941
-0.5096132
-0.3842102
-0.2908125
-0.2197884
-0.1616632
-0.1187816
-0.0946296
-0.0821014
-0.0681534
-0.0478086
-0.0287642
-0.0210987
-0.0251290
-0.0313900
-0.0312537
-0.0250349
-0.0192704
-0.0181228
-0.0193256
-0.0180869
-0.0129777
-0.0069029
-0.0031674
-0.0020995
-0.0018182
-0.0011276
-0.0004601
-0.0001299
0.0010731
0.0046093
0.0098196
0.0138914
0.0148598
0.0144075
0.0170253
0.0259803
0.0400244
0.0539959
0.0626079
0.0640469
0.0607978
0.0577124
0.0590456
0.0662377
0.0775099
0.0893766
0.0990336
0.1059293
0.1115832
0.1183019
0.1280267
0.1416143
0.1581609
0.1748660
0.1887241
0.1996694
0.2119943
0.2312804
0.2588523
0.2895998
0.3162196
0.3356936
0.3508809
0.3657071
0.3800696
0.3906415
0.3960926
0.3996830
0.4057947
0.4148691
0.4230968
0.4269038
0.4262697
0.4228334
0.4156706
0.4004871
0.3735259
0.3357479
0.2927047
0.2504362
0.2115836
0.1750255
0.1386723
0.1025276
0.0693523
0.0424349
0.0224963
0.0068087
-0.0082284
-0.0234639
-0.0363153
-0.0439906
-0.0469076
-0.0481697
-0.0498741
-0.0512049
-0.0509133
-0.0506180
-0.0537405
-0.0606378
-0.0663222
-0.0648329
-0.0559946
-0.0464910
-0.0433281
-0.0467511
-0.0505213
-0.0490317
-0.0431446
-0.0386098
-0.0395565
-0.0445498
-0.0489512
-0.0500856
-0.0493484
-0.0496318
-0.0516458
-0.0532312
-0.0519358
-0.0477369
-0.0431639
-0.0410675
-0.0424097
-0.0458913
-0.0492138
-0.0505954
-0.0495924
-0.0471972
-0.0453856
-0.0460298
-0.0494133
-0.0534478
-0.0547497
-0.0512149
-0.0439816
-0.0368330
-0.0333472
-0.0342274
-0.0370548
-0.0385259
-0.0372219
-0.0347131
-0.0341780
-0.0375797
-0.0436489
-0.0485067
-0.0486330
-0.0436146
-0.0361645
-0.0296645
-0.0260302
-0.0258463
-0.0294845
-0.0366823
-0.0448169
-0.0490696
-0.0460696
-0.0377038
-0.0301635
-0.0281893
-0.0304824
-0.0315904
-0.0283224
-0.0234366
-0.0224962
-0.0276560
-0.0353835
-0.0402738
-0.0403644
-0.0383690
-0.0382641
-0.0413330
-0.0454059
-0.0472493
-0.0453978
-0.0411383
-0.0373195
-0.0361677
-0.0377481
-0.0402165
-0.0416642
-0.0418991
-0.0424122
-0.0445353
-0.0477320
-0.0498609
-0.0491007
-0.0454884
-0.0406443
-0.0363586
-0.0337085
-0.0332498
-0.0352748
-0.0392834
-0.0434109
-0.0452413
-0.0438868
-0.0411996
-0.0403478
-0.0428360
-0.0470664
-0.0499656
-0.0497193
-0.0466283
-0.0418690
-0.0366445
-0.0329183
-0.0335324
-0.0395821
-0.0474348
-0.0503828
-0.0452899
-0.0372696
-0.0356151
-0.0438661
-0.0549901
-0.0580636
-0.0496884
-0.0374433
-0.0317139
-0.0354943
-0.0431683
-0.0479131
-0.0479999
-0.0458595
-0.0437909
-0.0428328
-0.0445300
-0.0503906
-0.0583009
-0.0618491
-0.0562517
-0.0451137
-0.0388396
-0.0444954
-0.0578844
-0.0672348
-0.0649433
-0.0546756
-0.0466543
-0.0471832
-0.0538012
-0.0597903
-0.0613565
-0.0595777
-0.0568355
-0.0535926
-0.0493189
-0.0451772
-0.0440042
-0.0471755
-0.0523699
-0.0554175
-0.0545185
-0.0521555
-0.0524601
-0.0567537
-0.0619174
-0.0632264
-0.0587435
-0.0510478
-0.0449127
-0.0433327
-0.0454451
-0.0478678
-0.0480060
-0.0463887
-0.0459907
-0.0490747
-0.0544707
-0.0581865
-0.0571947
-0.0527092
-0.0492349
-0.0499656
-0.0533532
-0.0547387
-0.0513841
-0.0454305
-0.0417911
-0.0436900
-0.0505602
-0.0594239
-0.0669724
-0.0702568
-0.0671541
-0.0580805
-0.0472604
-0.0405952
-0.0408974
-0.0454015
-0.0487650
-0.0484641
-0.0465435
-0.0461698
-0.0477095
-0.0490561
-0.0489821
-0.0485491
-0.0488904
-0.0490423
-0.0473400
-0.0445046
-0.0436715
-0.0465874
-0.0507689
-0.0518025
-0.0484974
-0.0446082
-0.0447205
-0.0489753
-0.0527723
-0.0517065
-0.0460795
-0.0403220
-0.0386782
-0.0419713
-0.0478287
-0.0527023
-0.0535509
-0.0492170
-0.0418186
-0.0364286
-0.0374432
-0.0441542
-0.0507939
-0.0522090
-0.0491268
-0.0465278
-0.0470884
-0.0483643
-0.0474449
-0.0460547
-0.0479121
-0.0516427
-0.0506712
-0.0426297
-0.0355142
-0.0392684
-0.0516873
-0.0591749
-0.0548958
-0.0489320
-0.0481483
-0.0234071
0.0889628
0.3320036
0.6637163
0.9543547
1.0645099
0.9412324
0.6467380
0.2984430
-0.0174374
-0.2806610
-0.5039160
-0.6832403
-0.7874069
-0.7896353
-0.7000864
-0.5639870
-0.4306569
-0.3254808
-0.2471274
-0.1845507
-0.1330900
-0.0964286
-0.0778914
-0.0731926
-0.0721604
-0.0666372
-0.0561137
-0.0459611
-0.0409628
-0.0409700
-0.0422043
-0.0414505
-0.0382990
-0.0341273
-0.0302945
-0.0275364
-0.0258444
-0.0238825
-0.0192035
-0.0106625
-0.0010745
0.0038690
0.0008469
-0.0069010
-0.0117298
-0.0085612
0.0006499
0.0096698
0.0145652
0.0168626
0.0207243
0.0284414
0.0392635
0.0514049
0.0635209
0.0741990
0.0817721
0.0860978
0.0900255
0.0974779
0.1094264
0.1227001
0.1337592
0.1432055
0.1552808
0.1725645
0.1922413
0.2086608
0.2192985
0.2271845
0.2373225
0.2516791
0.2682505
0.2841339
0.2981806
0.3107573
0.3225716
0.3349130
0.3501854
0.3702561
0.3935266
0.4148019
0.4295621
0.4385295
0.4470613
0.4594487
0.4741609
0.4850664
0.4868807
0.4787669
0.4629287
0.4409809
0.4126083
0.3773414
0.3365342
0.2931763
0.2502626
0.2097204
0.1723963
0.1382275
0.1063439
0.0758579
0.0473698
0.0236415
0.0080540
0.0017020
0.0016699
0.0021519
-0.0022890
-0.0134732
-0.0283148
-0.0404806
-0.0446018
-0.0406140
-0.0344610
-0.0333771
-0.0391048
-0.0457182
-0.0452448
-0.0361665
-0.0258738
-0.0237841
-0.0318556
-0.0424682
-0.0459842
-0.0400329
-0.0310685
-0.0273761
-0.0314399
-0.0390716
-0.0446416
-0.0459139
-0.0441642
-0.0413702
-0.0386284
-0.0368240
-0.0371857
-0.0401804
-0.0443946
-0.0476096
-0.0492324
-0.0509061
-0.0541031
-0.0575309
-0.0578923
-0.0535682
-0.0469424
-0.0423882
-0.0420809
-0.0444701
-0.0470003
-0.0494432
-0.0535570
-0.0595941
-0.0644038
-0.0640724
-0.0583331
-0.0514865
-0.0485027
-0.0505518
-0.0546757
-0.0573594
-0.0576424
-0.0568617
-0.0565850
-0.0578014
-0.0615986
-0.0689729
-0.0789584
-0.0876144
-0.0903760
-0.0862332
-0.0792900
-0.0755888
-0.0781544
-0.0850079
-0.0915525
-0.0944591
-0.0935999
-0.0912618
-0.0900755
-0.0910755
-0.0926568
-0.0911967
-0.0836387
-0.0704554
-0.0560970
-0.0458761
-0.0420137
-0.0428010
-0.0455339
-0.0497285
-0.0570917
-0.0686966
-0.0828228
-0.0956623
-0.1038071
-0.1062170
-0.1046759
-0.1028860
-0.1042966
-0.1093694
-0.1146912
-0.1160250
-0.1132322
-0.1113729
-0.1153506
-0.1234931
-0.1283328
-0.1249122
-0.1168246
-0.1117903
-0.1117903
-0.1108608
-0.1042598
-0.0967275
-0.0972054
-0.1056414
-0.1104931
-0.1030075
-0.0903187
-0.0875724
-0.0967213
-0.1011463
-0.0871873
-0.0641653
-0.0480137
-0.0193243
0.0878252
0.3303912
0.6758582
0.9850895
1.0966307
0.9462910
0.6112860
0.2384659
-0.0706763
-0.3099176
-0.5206521
-0.7139448
-0.8475337
-0.8714958
-0.7830640
-0.6323688
-0.4814110
-0.3637241
-0.2791480
-0.2149504
-0.1636838
-0.1240108
-0.0941940
-0.0709543
-0.0531847
-0.0424912
-0.0388554
-0.0378611
-0.0340050
-0.0262992
-0.0192823
-0.0181180
-0.0230807
-0.0288802
-0.0289775
-0.0206475
-0.0067137
0.0068814
0.0154364
0.0184935
0.0193733
0.0218024
0.0265630
0.0311028
0.0323986
0.0303846
0.0287379
0.0322225
0.0428359
0.0580502
0.0727229
0.0831543
0.0897845
0.0960333
0.1043742
0.1136805
0.1208053
0.1247714
0.1287602
0.1373679
0.1521108
0.1703029
0.1883656
0.2053256
0.2224614
0.2403590
0.2578517
0.2741715
0.2907029
0.3091847
0.3286289
0.3458242
0.3597741
0.3744859
0.3956040
0.4238936
0.4531289
0.4753566
0.4880973
0.4959305
0.5053340
0.5187158
0.5334029
0.5452414
0.5520529
0.5537254
0.5500802
0.5395369
0.5198586
0.4898384
0.4502873
0.4037906
0.3537434
0.3033600
0.2550077
0.2098997
0.1681157
0.1290368
0.0922356
0.0583886
0.0292958
0.0065255
-0.0103712
-0.0241857
-0.0380886
-0.0529395
-0.0665415
-0.0757930
-0.0797846
-0.0808851
-0.0828076
-0.0874460
-0.0932478
-0.0964510
-0.0942050
-0.0871695
-0.0794558
-0.0756572
-0.0771680
-0.0810490
-0.0827906
-0.0805894
-0.0769191
-0.0757322
-0.0782901
-0.0821356
-0.0840900
-0.0835377
-0.0822511
-0.0815608
-0.0809212
-0.0796456
-0.0789365
-0.0807787
-0.0848238
-0.0878300
-0.0873246
-0.0852126
-0.0861767
-0.0919183
-0.0980812
-0.0982490
-0.0910357
-0.0821724
-0.0789862
-0.0833433
-0.0906388
-0.0952467
-0.0958404
-0.0951618
-0.0958106
-0.0976027
-0.0989091
-0.0991354
-0.0988558
-0.0980771
-0.0958071
-0.0919930
-0.0891170
-0.0905919
-0.0970514
-0.1047535
-0.1084651
-0.1062298
-0.1010493
-0.0976796
-0.0980134
-0.0999307
-0.1004202
-0.0989768
-0.0973989
-0.0968478
-0.0963688
-0.0947812
-0.0930206
-0.0932641
-0.0957434
-0.0978541
-0.0974555
-0.0962520
-0.0981638
-0.1038489
-0.1082513
-0.1051691
-0.0942322
-0.0821733
-0.0767079
-0.0798364
-0.0874343
-0.0941095
-0.0969746
-0.0954110
-0.0900385
-0.0838205
-0.0825574
-0.0906401
-0.1046492
-0.1132524
-0.1068283
-0.0882333
-0.0721447
-0.0715826
-0.0849651
-0.0977733
-0.0975112
-0.0861332
-0.0769729
-0.0801421
-0.0923152
-0.1010609
-0.0978945
-0.0859416
-0.0753843
-0.0730871
-0.0774140
-0.0819728
-0.0825566
-0.0799813
-0.0775495
-0.0773739
-0.0793021
-0.0821491
-0.0848688
-0.0866703
-0.0868704
-0.0851089
-0.0815628
-0.0769038
-0.0723912
-0.0700015
-0.0715272
-0.0765034
-0.0812973
-0.0818130
-0.0781139
-0.0754359
-0.0788348
-0.0865496
-0.0903988
-0.0842905
-0.0716690
-0.0626429
-0.0633396
-0.0697918
-0.0735726
-0.0720454
-0.0704875
-0.0739190
-0.0797237
-0.0808518
-0.0752721
-0.0690605
-0.0689660
-0.0741445
-0.0776476
-0.0753292
-0.0704836
-0.0687824
-0.0709076
-0.0725008
-0.0705848
-0.0672840
-0.0663167
-0.0679304
-0.0693891
-0.0695848
-0.0705079
-0.0733378
-0.0752059
-0.0721273
-0.0647927
-0.0592025
-0.0603796
-0.0665030
-0.0707146
-0.0685782
-0.0624881
-0.0583153
-0.0588105
-0.0614460
-0.0624021
-0.0612216
-0.0606503
-0.0624845
-0.0648895
-0.0644709
-0.0604782
-0.0559839
-0.0545350
-0.0562358
-0.0579907
-0.0576159
-0.0566148
-0.0578470
-0.0608642
-0.0612679
-0.0558477
-0.0475488
-0.0435023
-0.0475200
-0.0557993
-0.0612239
-0.0610653
-0.0585667
-0.0569063
-0.0542163
-0.0469494
-0.0372351
-0.0334523
-0.0414357
-0.0564795
-0.0666599
-0.0646236
-0.0545722
-0.0469163
-0.0475518
-0.0538306
-0.0598089
-0.0625912
-0.0627526
-0.0611067
-0.0578362
-0.0543208
-0.0529385
-0.0537207
-0.0530565
-0.0479911
-0.0413242
-0.0399285
-0.0469093
-0.0570376
-0.0618001
-0.0585484
-0.0529521
-0.0522689
-0.0579222
-0.0655497
-0.0705839
-0.0715816
-0.0686967
-0.0619463
-0.0526211
-0.0444984
-0.0408708
-0.0404792
-0.0389270
-0.0350014
-0.0330870
-0.0370385
-0.0436771
-0.0466050
-0.0460625
-0.0471473
-0.0398927
0.0169554
0.1773327
0.4546610
0.7792062
1.0168942
1.0496750
0.8557844
0.5206510
0.1691584
-0.1194750
-0.3415390
-0.5282122
-0.6860048
-0.7800839
-0.7714179
-0.6631351
-0.5069139
-0.3652180
-0.2688726
-0.2085439
-0.1603870
-0.1142609
-0.0779688
-0.0609600
-0.0604849
-0.0644938
-0.0639749
-0.0589578
-0.0534225
-0.0482116
-0.0411624
-0.0325767
-0.0272209
-0.0293174
-0.0365853
-0.0410472
-0.0364456
-0.0244556
-0.0131242
-0.0092186
-0.0122254
-0.0156303
-0.0136263
-0.0063530
0.0011389
0.0043768
0.0033909
0.0014666
0.0011527
0.0025981
0.0055908
0.0115132
0.0217106
0.0343126
0.0446810
0.0502787
0.0540941
0.0613126
0.0723758
0.0813066
0.0826518
0.0793617
0.0814527
0.0956877
0.1176421
0.1354759
0.1415296
0.1392424
0.1387800
0.1473438
0.1645041
0.1854783
0.2065856
0.2270455
0.2474510
0.2685059
0.2910368
0.3154520
0.3402647
0.3620289
0.3779637
0.3886692
0.3974530
0.4067868
0.4161370
0.4236855
0.4293622
0.4348288
0.4400162
0.4405491
0.4298922
0.4047517
0.3682644
0.3274216
0.2870514
0.2464023
0.2019658
0.1537738
0.1083635
0.0744179
0.0546367
0.0421140
0.0258061
0.0005316
-0.0281943
-0.0493742
-0.0566029
-0.0531999
-0.0482271
-0.0485026
-0.0545640
-0.0628893
-0.0700450
-0.0741316
-0.0737541
-0.0678552
-0.0575947
-0.0476116
-0.0438006
-0.0486058
-0.0582540
-0.0652320
-0.0644325
-0.0574787
-0.0509522
-0.0499981
-0.0536295
-0.0566045
-0.0557519
-0.0534947
-0.0543935
-0.0588815
-0.0620397
-0.0592493
-0.0519500
-0.0464501
-0.0473144
-0.0532582
-0.0596563
-0.0634380
-0.0644934
-0.0637766
-0.0622413
-0.0613052
-0.0617816
-0.0615056
-0.0566662
-0.0478020
-0.0421956
-0.0458560
-0.0534533
-0.0525606
-0.0415630
-0.0359387
-0.0432596
-0.0284231
0.0807935
0.3296175
0.6657208
0.9419379
1.0104088
0.8311911
0.4948595
0.1400113
-0.1510283
-0.3813380
-0.5825058
-0.7485034
-0.8332444
-0.8042345
-0.6842666
-0.5354850
-0.4087895
-0.3144406
-0.2370526
-0.1673037
-0.1125542
-0.0817273
-0.0700304
-0.0629657
-0.0516062
-0.0389237
-0.0314225
-0.0290199
-0.0257218
-0.0180984
-0.0094800
-0.0051927
-0.0061111
-0.0086838
-0.0100975
-0.0110231
-0.0128796
-0.0143605
-0.0123542
-0.0057533
0.0032833
0.0121384
0.0203908
0.0286642
0.0358228
0.0392755
0.0387154
0.0382786
0.0434466
0.0556386
0.0707083
0.0831408
0.0912287
0.0978745
0.1070899
0.1205978
0.1374903
0.1557762
0.1734856
0.1891294
0.2025267
0.2154709
0.2305830
0.2487291
0.2680117
0.2861728
0.3039377
0.3250478
0.3524041
0.3845202
0.4162379
0.4427448
0.4626300
0.4777111
0.4911927
0.5062696
0.5249898
0.5465646
0.5665187
0.5789553
0.5809960
0.5748406
0.5644828
0.5500937
0.5262987
0.4867011
0.4303611
0.3640488
0.2984779
0.2419714
0.1962001
0.1563546
0.1154194
0.0701245
0.0245031
-0.0124824
-0.0343525
-0.0432875
-0.0487960
-0.0596266
-0.0767260
-0.0939204
-0.1047169
-0.1077437
-0.1062015
-0.1038345
-0.1024678
-0.1023693
-0.1029843
-0.1027657
-0.0997253
-0.0936078
-0.0872232
-0.0842961
-0.0855964
-0.0881636
-0.0890968
-0.0893887
-0.0927016
-0.1002031
-0.1078403
-0.1098114
-0.1045681
-0.0966176
-0.0922685
-0.0940846
-0.0995012
-0.1039786
-0.1048419
-0.1026982
-0.1004722
-0.1014131
-0.1068084
-0.1142662
-0.1183972
-0.1147359
-0.1041826
-0.0932530
-0.0887886
-0.0918439
-0.0971313
-0.0988300
-0.0965879
-0.0952768
-0.0990473
-0.1064710
-0.1119719
-0.1115243
-0.1062449
-0.1005550
-0.0977313
-0.0977253
-0.0986543
-0.0993141
-0.0999241
-0.1011310
-0.1030503
-0.1052526
-0.1071106
-0.1078819
-0.1067885
-0.1035166
-0.0988362
-0.0946022
-0.0928433
-0.0943756
-0.0978427
-0.1001694
-0.0987908
-0.0943425
-0.0910387
-0.0932070
-0.1005060
-0.1070300
-0.1064819
-0.0988395
-0.0911545
-0.0907597
-0.0977285
-0.1048674
-0.1054128
-0.0999777
-0.0952456
-0.0963275
-0.1015281
-0.1048641
-0.1027067
-0.0970079
-0.0923954
-0.0912875
-0.0922529
-0.0922900
-0.0898363
-0.0858846
-0.0831922
-0.0845476
-0.0906271
-0.0984360
-0.1023393
-0.0983483
-0.0884615
-0.0800876
-0.0796769
-0.0863371
-0.0924542
-0.0913960
-0.0843661
-0.0789018
-0.0805929
-0.0871978
-0.0915507
-0.0896093
-0.0843627
-0.0815454
-0.0827591
-0.0842229
-0.0821643
-0.0778357
-0.0759414
-0.0785740
-0.0822369
-0.0816460
-0.0757655
-0.0690023
-0.0664071
-0.0686410
-0.0722150
-0.0739983
-0.0743689
-0.0757627
-0.0790975
-0.0825012
-0.0833307
-0.0806095
-0.0753367
-0.0692593
-0.0640839
-0.0614395
-0.0623490
-0.0660670
-0.0700435
-0.0720676
-0.0726493
-0.0745163
-0.0790891
-0.0837905
-0.0838320
-0.0771902
-0.0673607
-0.0604048
-0.0591110
-0.0606034
-0.0600934
-0.0565760
-0.0540084
-0.0565954
-0.0635157
-0.0691162
-0.0685167
-0.0625891
-0.0569924
-0.0563557
-0.0596953
-0.0616205
-0.0579113
-0.0499485
-0.0438929
-0.0454310
-0.0546562
-0.0654122
-0.0698074
-0.0644331
-0.0531845
-0.0440609
-0.0424367
-0.0467537
-0.0507067
-0.0498659
-0.0461340
-0.0454601
-0.0511848
-0.0600407
-0.0650464
-0.0622047
-0.0540224
-0.0465484
-0.0435457
-0.0439131
-0.0443076
-0.0433114
-0.0425939
-0.0444887
-0.0491558
-0.0541792
-0.0564388
-0.0542184
-0.0481540
-0.0409256
-0.0359296
-0.0352127
-0.0378211
-0.0403620
-0.0400841
-0.0378783
-0.0377733
-0.0427085
-0.0506716
-0.0556231
-0.0529215
-0.0440108
-0.0354756
-0.0331611
-0.0370870
-0.0420664
-0.0431507
-0.0402912
-0.0376758
-0.0387824
-0.0425002
-0.0443861
-0.0416284
-0.0362813
-0.0331107
-0.0343110
-0.0370530
-0.0368610
-0.0330644
-0.0298266
-0.0312777
-0.0364996
-0.0405318
-0.0401456
-0.0370485
-0.0346329
-0.0331655
-0.0304325
-0.0267196
-0.0258520
-0.0292859
-0.0319480
-0.0286630
-0.0240975
-0.0276686
-0.0293865
0.0174833
0.1741403
0.4577207
0.7969973
1.0546753
1.1113590
0.9437045
0.6294652
0.2797665
-0.0346857
-0.2999009
-0.5191548
-0.6741134
-0.7310161
-0.6790265
-0.5525105
-0.4110813
-0.2990906
-0.2246670
-0.1724459
-0.1289804
-0.0938163
-0.0717074
-0.0617306
-0.0565665
-0.0495390
-0.0393595
-0.0286802
-0.0206400
-0.0173672
-0.0194469
-0.0245324
-0.0270200
-0.0216635
-0.0090939
0.0030821
0.0065205
0.0002772
-0.0078266
-0.0086326
-0.0004054
0.0100325
0.0144920
0.0109962
0.0042482
-0.0002184
-0.0010903
-0.0006452
-0.0006172
-0.0000093
0.0031492
0.0090890
0.0160479
0.0222008
0.0270044
0.0307744
0.0340647
0.0382389
0.0460485
0.0602128
0.0806468
0.1035739
0.1243013
0.1411518
0.1562847
0.1724364
0.1892409
0.2032179
0.2112839
0.2138044
0.2141002
0.2154644
0.2190963
0.2245750
0.2313847
0.2394424
0.2486208
0.2586576
0.2697916
0.2828851
0.2983025
0.3148123
0.3302891
0.3438876
0.3571773
0.3724728
0.3897502
0.4054657
0.4148408
0.4154937
0.4087142
0.3970286
0.3806014
0.3564205
0.3215640
0.2775975
0.2314815
0.1912643
0.1599781
0.1335835
0.1054927
0.0737285
0.0436664
0.0233220
0.0156220
0.0152121
0.0127665
0.0024620
-0.0141285
-0.0302553
-0.0393432
-0.0390776
-0.0322359
-0.0246811
-0.0216747
-0.0242528
-0.0283422
-0.0282608
-0.0222374
-0.0145008
-0.0111311
-0.0136395
-0.0173774
-0.0168212
-0.0118796
-0.0080276
-0.0101291
-0.0169498
-0.0223192
-0.0212973
-0.0146050
-0.0072581
-0.0037599
-0.0049008
-0.0083444
-0.0112339
-0.0122378
-0.0120770
-0.0127621
-0.0158835
-0.0207658
-0.0241225
-0.0222406
-0.0142953
-0.0037290
0.0039254
0.0050462
0.0003225
-0.0062636
-0.0106786
-0.0115938
-0.0107740
-0.0111449
-0.0141349
-0.0183579
-0.0207875
-0.0195411
-0.0157094
-0.0123132
-0.0113547
-0.0121157
-0.0125374
-0.0119243
-0.0116739
-0.0132549
-0.0161284
-0.0182780
-0.0185624
-0.0177587
-0.0169970
-0.0158718
-0.0130552
-0.0088459
-0.0060935
-0.0075314
-0.0122021
-0.0155857
-0.0142219
-0.0100524
-0.0091447
-0.0153043
-0.0251218
-0.0302048
-0.0249980
-0.0124591
-0.0017127
0.0001043
-0.0062239
-0.0137817
-0.0166133
-0.0148333
-0.0133215
-0.0163071
-0.0235222
-0.0309527
-0.0344066
-0.0322247
-0.0254333
-0.0164452
-0.0080973
-0.0033500
-0.0046093
-0.0121366
-0.0228019
-0.0311658
-0.0330939
-0.0292080
-0.0246804
-0.0247712
-0.0298004
-0.0344764
-0.0327381
-0.0237856
-0.0134390
-0.0093486
-0.0145666
-0.0253915
-0.0349756
-0.0388160
-0.0372304
-0.0334825
-0.0301779
-0.0273570
-0.0235368
-0.0183088
-0.0139791
-0.0144949
-0.0219635
-0.0333841
-0.0410630
-0.0379105
-0.0241274
-0.0088963
-0.0038825
-0.0131883
-0.0291595
-0.0388387
-0.0354113
-0.0236211
-0.0141892
-0.0135426
-0.0193626
-0.0252586
-0.0279281
-0.0288366
-0.0303068
-0.0324653
-0.0347454
-0.0382186
-0.0437474
-0.0478771
-0.0435717
-0.0278234
-0.0081953
0.0011149
-0.0078542
-0.0279434
-0.0424772
-0.0408109
-0.0280515
-0.0189073
-0.0224919
-0.0341920
-0.0422245
-0.0403539
-0.0327992
-0.0276942
-0.0282806
-0.0315849
-0.0338606
-0.0345469
-0.0344546
-0.0326033
-0.0275039
-0.0212615
-0.0195257
-0.0253112
-0.0339561
-0.0368444
-0.0308833
-0.0223781
-0.0197556
-0.0233727
-0.0249987
-0.0181898
-0.0072816
-0.0037743
-0.0135697
-0.0294885
-0.0378541
-0.0321779
-0.0191634
-0.0110432
-0.0132965
-0.0209161
-0.0257502
-0.0253192
-0.0236234
-0.0248955
-0.0285915
-0.0307101
-0.0286844
-0.0241216
-0.0211787
-0.0228353
-0.0284351
