-0.2451938
-0.2314125
-0.1572305
-0.1141856
-0.1167713
-0.1138262
-0.0892559
-0.0754536
-0.0830370
-0.0855148
-0.0716990
-0.0594996
-0.0567604
-0.0520701
-0.0446688
-0.0460132
-0.0521371
-0.0471248
-0.0327348
-0.0259636
-0.0297248
-0.0315168
-0.0274069
-0.0237777
-0.0196213
-0.0088806
0.0038228
0.0090493
0.0095561
0.0149874
0.0253857
0.0346618
0.0434713
0.0549449
0.0651716
0.0706802
0.0777270
0.0926466
0.1107567
0.1249170
0.1368584
0.1510359
0.1659090
0.1795180
0.1949680
0.2131180
0.2287159
0.2402866
0.2549851
0.2777957
0.3044004
0.3294597
0.3534191
0.3771941
0.3986419
0.4177442
0.4374443
0.4571631
0.4731872
0.4863707
0.5012772
0.5173883
0.5295999
0.5373483
0.5444687
0.5496966
0.5454985
0.5269883
0.4956759
0.4553220
0.4100814
0.3646085
0.3197814
0.2709764
0.2166646
0.1652808
0.1268270
0.1005504
0.0771636
0.0505265
0.0217280
-0.0052301
-0.0265801
-0.0404828
-0.0497613
-0.0599688
-0.0719459
-0.0804464
-0.0825139
-0.0819351
-0.0826393
-0.0833937
-0.0823515
-0.0814624
-0.0828047
-0.0850057
-0.0862277
-0.0868752
-0.0875345
-0.0880240
-0.0892637
-0.0919134
-0.0931258
-0.0895155
-0.0833465
-0.0807033
-0.0834210
-0.0876067
-0.0899062
-0.0904608
-0.0900712
-0.0891751
-0.0893808
-0.0918807
-0.0948349
-0.0957000
-0.0948475
-0.0938222
-0.0923047
-0.0902317
-0.0901858
-0.0936710
-0.0974097
-0.0972875
-0.0939984
-0.0914484
-0.0915795
-0.0935350
-0.0956845
-0.0961210
-0.0936250
-0.0900900
-0.0893043
-0.0918261
-0.0940835
-0.0936618
-0.0919871
-0.0908460
-0.0903067
-0.0912606
-0.0956656
-0.1023871
-0.1064670
-0.1044742
-0.0980210
-0.0911709
-0.0870083
-0.0868680
-0.0898055
-0.0924875
-0.0922296
-0.0900470
-0.0886262
-0.0885938
-0.0893899
-0.0918341
-0.0961607
-0.0990391
-0.0965852
-0.0898027
-0.0839352
-0.0829193
-0.0865322
-0.0915430
-0.0936147
-0.0901462
-0.0837073
-0.0807036
-0.0842180
-0.0899919
-0.0915355
-0.0872054
-0.0804095
-0.0751468
-0.0734088
-0.0749472
-0.0775965
-0.0791247
-0.0796702
-0.0808519
-0.0825999
-0.0833909
-0.0834316
-0.0843458
-0.0854814
-0.0840174
-0.0794845
-0.0750633
-0.0735409
-0.0745681
-0.0763905
-0.0778012
-0.0780770
-0.0772854
-0.0768081
-0.0776712
-0.0787455
-0.0783845
-0.0769109
-0.0755345
-0.0741070
-0.0722038
-0.0710670
-0.0719559
-0.0736244
-0.0737661
-0.0721627
-0.0706550
-0.0709652
-0.0736810
-0.0776980
-0.0795402
-0.0756082
-0.0669280
-0.0596261
-0.0587458
-0.0630839
-0.0674775
-0.0685009
-0.0667593
-0.0653638
-0.0672606
-0.0724638
-0.0771490
-0.0770197
-0.0719382
-0.0657133
-0.0616193
-0.0601755
-0.0607441
-0.0624118
-0.0632413
-0.0615335
-0.0584304
-0.0570450
-0.0585665
-0.0610033
-0.0618317
-0.0602765
-0.0572301
-0.0544588
-0.0534701
-0.0539204
-0.0540046
-0.0534793
-0.0546565
-0.0587818
-0.0632351
-0.0645353
-0.0627646
-0.0607570
-0.0598130
-0.0582747
-0.0540287
-0.0473180
-0.0415295
-0.0412400
-0.0478219
-0.0566834
-0.0610774
-0.0593998
-0.0564802
-0.0567700
-0.0587766
-0.0578682
-0.0526967
-0.0469185
-0.0452121
-0.0485139
-0.0528760
-0.0532513
-0.0491734
-0.0458354
-0.0481466
-0.0548063
-0.0602092
-0.0610987
-0.0587865
-0.0555986
-0.0522297
-0.0488806
-0.0465095
-0.0460930
-0.0478023
-0.0509041
-0.0535884
-0.0537317
-0.0512656
-0.0490733
-0.0500410
-0.0536877
-0.0568549
-0.0571874
-0.0550749
-0.0528035
-0.0523509
-0.0533184
-0.0531052
-0.0503204
-0.0473375
-0.0470904
-0.0479442
-0.0456025
-0.0407994
-0.0403837
-0.0476893
-0.0557125
-0.0552841
-0.0484278
-0.0448849
-0.0378027
0.0149678
0.1714309
0.4492654
0.7804952
1.0307369
1.0821972
0.9131591
0.6033119
0.2643979
-0.0351243
-0.2870522
-0.5033476
-0.6730585
-0.7615307
-0.7462739
-0.6463880
-0.5132865
-0.3937815
-0.3040036
-0.2356478
-0.1788457
-0.1337275
-0.1039697
-0.0874765
-0.0768902
-0.0668526
-0.0579155
-0.0530903
-0.0521073
-0.0509473
-0.0474506
-0.0449307
-0.0472893
-0.0515670
-0.0495120
-0.0379049
-0.0240957
-0.0186878
-0.0241017
-0.0324340
-0.0340841
-0.0271375
-0.0184191
-0.0160992
-0.0215101
-0.0284284
-0.0302188
-0.0262994
-0.0206934
-0.0159635
-0.0109483
-0.0040180
0.0037290
0.0091540
0.0102125
0.0087127
0.0104587
0.0212172
0.0408781
0.0625053
0.0790229
0.0905366
0.1036685
0.1240125
0.1503961
0.1760855
0.1944432
0.2037849
0.2079826
0.2127531
0.2211975
0.2326863
0.2448703
0.2553704
0.2624477
0.2666862
0.2723511
0.2844117
0.3028382
0.3217400
0.3358457
0.3467510
0.3611142
0.3827958
0.4075838
0.4259203
0.4310830
0.4248713
0.4145427
0.4037259
0.3878045
0.3597866
0.3195790
0.2751752
0.2348075
0.1998391
0.1656587
0.1280791
0.0883005
0.0522675
0.0252825
0.0069851
-0.0078747
-0.0234521
-0.0386573
-0.0495822
-0.0547105
-0.0563982
-0.0580016
-0.0609628
-0.0646005
-0.0678872
-0.0710990
-0.0752757
-0.0794886
-0.0797502
-0.0730254
-0.0625989
-0.0568050
-0.0605911
-0.0696196
-0.0745857
-0.0711873
-0.0647075
-0.0644596
-0.0738987
-0.0863921
-0.0912858
-0.0844607
-0.0721449
-0.0638829
-0.0631689
-0.0662306
-0.0682949
-0.0683045
-0.0678399
-0.0682526
-0.0698433
-0.0720650
-0.0732692
-0.0711840
-0.0650207
-0.0574258
-0.0537561
-0.0581534
-0.0690564
-0.0788971
-0.0801092
-0.0723743
-0.0629539
-0.0593620
-0.0628133
-0.0690023
-0.0730834
-0.0724647
-0.0666978
-0.0574803
-0.0489131
-0.0457961
-0.0502875
-0.0600315
-0.0697988
-0.0754980
-0.0770485
-0.0770832
-0.0767498
-0.0740481
-0.0673721
-0.0592682
-0.0543783
-0.0540964
-0.0557676
-0.0574740
-0.0608781
-0.0675657
-0.0742181
-0.0742494
-0.0653313
-0.0542535
-0.0522007
-0.0635429
-0.0797144
-0.0863257
-0.0773594
-0.0610394
-0.0507625
-0.0517476
-0.0580362
-0.0611269
-0.0590449
-0.0568956
-0.0604109
-0.0697990
-0.0792489
-0.0819651
-0.0759202
-0.0651627
-0.0561603
-0.0531847
-0.0561573
-0.0612525
-0.0635982
-0.0611500
-0.0567409
-0.0553432
-0.0587601
-0.0638216
-0.0660857
-0.0643062
-0.0608123
-0.0584339
-0.0577711
-0.0571868
-0.0552226
-0.0530315
-0.0538171
-0.0591558
-0.0663789
-0.0706090
-0.0692339
-0.0637107
-0.0575460
-0.0536022
-0.0529729
-0.0549768
-0.0577008
-0.0591724
-0.0585685
-0.0566475
-0.0554313
-0.0570625
-0.0615854
-0.0654714
-0.0639530
-0.0562181
-0.0475497
-0.0448892
-0.0501605
-0.0585041
-0.0629994
-0.0610095
-0.0564131
-0.0557978
-0.0618113
-0.0699578
-0.0725205
-0.0659961
-0.0545100
-0.0462430
-0.0469602
-0.0560492
-0.0670445
-0.0719059
-0.0667592
-0.0550385
-0.0448575
-0.0425364
-0.0480596
-0.0559449
-0.0599223
-0.0575650
-0.0517992
-0.0481463
-0.0496936
-0.0544017
-0.0574685
-0.0561097
-0.0518990
-0.0490379
-0.0506397
-0.0558544
-0.0600213
-0.0585141
-0.0514218
-0.0440144
-0.0418267
-0.0455629
-0.0512001
-0.0543460
-0.0537861
-0.0514658
-0.0501533
-0.0512003
-0.0539002
-0.0565142
-0.0576232
-0.0565524
-0.0534068
-0.0496102
-0.0477690
-0.0494954
-0.0532875
-0.0558934
-0.0561357
-0.0562280
-0.0587204
-0.0630214
-0.0657372
-0.0642212
-0.0594121
-0.0551396
-0.0544500
-0.0564874
-0.0575134
-0.0554315
-0.0526691
-0.0537341
-0.0601544
-0.0685083
-0.0733740
-0.0719659
-0.0663965
-0.0618635
-0.0620879
-0.0659810
-0.0691671
-0.0689647
-0.0669909
-0.0664557
-0.0682027
-0.0706366
-0.0725549
-0.0740025
-0.0740912
-0.0700544
-0.0606066
-0.0501433
-0.0470618
-0.0553840
-0.0687270
-0.0759882
-0.0735602
-0.0657909
-0.0460480
0.0205806
0.1817987
0.4495615
0.7614355
0.9980993
1.0542446
0.9063645
0.6196472
0.2917101
-0.0120295
-0.2755495
-0.4998318
-0.6678119
-0.7470725
-0.7222623
-0.6170894
-0.4819381
-0.3616280
-0.2740712
-0.2136826
-0.1685235
-0.1326618
-0.1063410
-0.0901016
-0.0816249
-0.0770905
-0.0732056
-0.0677298
-0.0599144
-0.0513898
-0.0454528
-0.0441967
-0.0464238
-0.0487232
-0.0482851
-0.0446795
-0.0397398
-0.0360721
-0.0348647
-0.0344920
-0.0316854
-0.0246713
-0.0151435
-0.0069844
-0.0029736
-0.0023350
-0.0010941
0.0047132
0.0153401
0.0268039
0.0347081
0.0387509
0.0431203
0.0524845
0.0677766
0.0854738
0.1005012
0.1102738
0.1167130
0.1243481
0.1360275
0.1504794
0.1641170
0.1747646
0.1834015
0.1929501
0.2059289
0.2227407
0.2414101
0.2589792
0.2736256
0.2857046
0.2971227
0.3101718
0.3265696
0.3463755
0.3673410
0.3862489
0.4018157
0.4160925
0.4324652
0.4522141
0.4730963
0.4911384
0.5037803
0.5113134
0.5150025
0.5137783
0.5036639
0.4814138
0.4484202
0.4100656
0.3711584
0.3326389
0.2926259
0.2498055
0.2055750
0.1635334
0.1272604
0.0982637
0.0756194
0.0572474
0.0412784
0.0265480
0.0128216
0.0011250
-0.0067980
-0.0102460
-0.0108237
-0.0115728
-0.0147233
-0.0200999
-0.0253351
-0.0278157
-0.0272063
-0.0262212
-0.0281005
-0.0329299
-0.0371493
-0.0372528
-0.0335261
-0.0296717
-0.0291230
-0.0321628
-0.0363134
-0.0389330
-0.0393611
-0.0389738
-0.0396995
-0.0427137
-0.0480136
-0.0541519
-0.0581475
-0.0569881
-0.0505684
-0.0428376
-0.0388996
-0.0407308
-0.0461007
-0.0512530
-0.0538714
-0.0539192
-0.0530590
-0.0537126
-0.0575490
-0.0636935
-0.0685224
-0.0683562
-0.0634054
-0.0590381
-0.0619156
-0.0735902
-0.0880066
-0.0964920
-0.0957888
-0.0907575
-0.0891136
-0.0942044
-0.1029784
-0.1097891
-0.1112425
-0.1079708
-0.1029764
-0.0987608
-0.0957128
-0.0926570
-0.0883353
-0.0821633
-0.0742728
-0.0658131
-0.0591672
-0.0568102
-0.0592371
-0.0642365
-0.0686746
-0.0712208
-0.0734778
-0.0784804
-0.0878214
-0.1000236
-0.1118144
-0.1209243
-0.1272675
-0.1316494
-0.1344710
-0.1361728
-0.1377018
-0.1391934
-0.1387880
-0.1344638
-0.1274137
-0.1221961
-0.1223324
-0.1261902
-0.1284988
-0.1262918
-0.1222268
-0.1208803
-0.1225411
-0.1229360
-0.1196439
-0.1159588
-0.1156322
-0.1156281
-0.1089809
-0.0960094
-0.0876489
-0.0927908
-0.1047272
-0.1072573
-0.0956863
-0.0824881
-0.0706340
-0.0222050
0.1287856
0.4106696
0.7537965
1.0080284
1.0410800
0.8347607
0.4903294
0.1411472
-0.1411444
-0.3643845
-0.5598933
-0.7248922
-0.8212282
-0.8186208
-0.7277269
-0.5912630
-0.4516960
-0.3317342
-0.2383959
-0.1732814
-0.1339047
-0.1110006
-0.0927669
-0.0738877
-0.0578646
-0.0495630
-0.0476927
-0.0461316
-0.0410050
-0.0339165
-0.0280446
-0.0232984
-0.0170862
-0.0090410
-0.0026744
-0.0013961
-0.0041819
-0.0065621
-0.0053816
-0.0012701
0.0034117
0.0075809
0.0118683
0.0171675
0.0237667
0.0315995
0.0404611
0.0496899
0.0580734
0.0646974
0.0701952
0.0768097
0.0864651
0.0985130
0.1099630
0.1184956
0.1250287
0.1329001
0.1447028
0.1602828
0.1775665
0.1946871
0.2111080
0.2271257
0.2429277
0.2585581
0.2746650
0.2925290
0.3127344
0.3341626
0.3551450
0.3756228
0.3973270
0.4214910
0.4470136
0.4712554
0.4920906
0.5087773
0.5215666
0.5315648
0.5409524
0.5520128
0.5645725
0.5742291
0.5742205
0.5602978
0.5339566
0.5002863
0.4626900
0.4206683
0.3730247
0.3218341
0.2718388
0.2264002
0.1854791
0.1476592
0.1126855
0.0812129
0.0531225
0.0276191
0.0051047
-0.0123250
-0.0233158
-0.0298804
-0.0364469
-0.0457489
-0.0562182
-0.0639730
-0.0668748
-0.0660458
-0.0642064
-0.0639357
-0.0672583
-0.0747635
-0.0838164
-0.0889356
-0.0861199
-0.0772883
-0.0692770
-0.0676098
-0.0716051
-0.0760761
-0.0773265
-0.0764962
-0.0770347
-0.0802698
-0.0846318
-0.0884787
-0.0917215
-0.0941224
-0.0938182
-0.0894030
-0.0829991
-0.0793493
-0.0811501
-0.0862552
-0.0902351
-0.0910864
-0.0905611
-0.0911348
-0.0928009
-0.0934949
-0.0921192
-0.0900590
-0.0893810
-0.0903720
-0.0917580
-0.0929907
-0.0950405
-0.0984231
-0.1013885
-0.1012490
-0.0976335
-0.0936775
-0.0932856
-0.0970112
-0.1009244
-0.1001389
-0.0938375
-0.0865375
-0.0838480
-0.0869971
-0.0920276
-0.0943742
-0.0934988
-0.0925690
-0.0941779
-0.0974448
-0.0996736
-0.1000714
-0.1006037
-0.1027466
-0.1043916
-0.1015351
-0.0934967
-0.0852992
-0.0835006
-0.0895477
-0.0980349
-0.1018799
-0.0988621
-0.0929120
-0.0895349
-0.0906931
-0.0942133
-0.0972977
-0.0993590
-0.1010031
-0.1013622
-0.0981980
-0.0912111
-0.0840951
-0.0818590
-0.0858347
-0.0920089
-0.0947737
-0.0922424
-0.0877763
-0.0865494
-0.0908504
-0.0983661
-0.1041527
-0.1039285
-0.0965646
-0.0851815
-0.0761481
-0.0750645
-0.0816510
-0.0889214
-0.0895374
-0.0839339
-0.0807012
-0.0871808
-0.1000388
-0.1070918
-0.0995538
-0.0816760
-0.0670383
-0.0653776
-0.0740489
-0.0824174
-0.0830037
-0.0771324
-0.0710280
-0.0691549
-0.0721173
-0.0786112
-0.0866367
-0.0928924
-0.0934950
-0.0871704
-0.0774329
-0.0703920
-0.0698527
-0.0746222
-0.0803677
-0.0834903
-0.0831490
-0.0805954
-0.0778344
-0.0769477
-0.0792959
-0.0840968
-0.0880503
-0.0876003
-0.0822161
-0.0750825
-0.0701328
-0.0685412
-0.0683876
-0.0675989
-0.0667617
-0.0686832
-0.0750550
-0.0837071
-0.0896174
-0.0891220
-0.0832452
-0.0766538
-0.0732039
-0.0726842
-0.0720748
-0.0697297
-0.0676575
-0.0691379
-0.0742485
-0.0786528
-0.0776630
-0.0714304
-0.0652923
-0.0644708
-0.0687456
-0.0728472
-0.0720021
-0.0666512
-0.0616630
-0.0613621
-0.0656745
-0.0709011
-0.0735682
-0.0730340
-0.0706789
-0.0676476
-0.0642454
-0.0612252
-0.0604123
-0.0631241
-0.0681342
-0.0720064
-0.0720027
-0.0686654
-0.0653087
-0.0649074
-0.0675923
-0.0711395
-0.0734841
-0.0743035
-0.0742978
-0.0737051
-0.0721536
-0.0698235
-0.0681481
-0.0689651
-0.0728835
-0.0784513
-0.0830438
-0.0849874
-0.0851325
-0.0859591
-0.0883605
-0.0893308
-0.0841688
-0.0723710
-0.0609161
-0.0593800
-0.0699600
-0.0832810
-0.0867778
-0.0781154
-0.0680132
-0.0677414
-0.0759750
-0.0823142
-0.0829875
-0.0839338
-0.0785322
-0.0242620
0.1412847
0.4400056
0.8000204
1.0724091
1.1215955
0.9178593
0.5508454
0.1550172
-0.1808927
-0.4419549
-0.6448387
-0.7861007
-0.8379586
-0.7863888
-0.6601771
-0.5163327
-0.3993773
-0.3176972
-0.2558606
-0.2019101
-0.1586193
-0.1325575
-0.1205666
-0.1113418
-0.0979288
-0.0840692
-0.0770756
-0.0773426
-0.0777127
-0.0724911
-0.0639149
-0.0580439
-0.0561684
-0.0534855
-0.0468188
-0.0406388
-0.0422712
-0.0514475
-0.0578871
-0.0515850
-0.0345067
-0.0196066
-0.0176043
-0.0262844
-0.0339486
-0.0322551
-0.0238388
-0.0175130
-0.0181343
-0.0224292
-0.0234359
-0.0170003
-0.0040393
0.0113481
0.0246078
0.0329013
0.0369765
0.0415938
0.0526834
0.0725371
0.0976444
0.1218780
0.1419366
0.1593732
0.1775615
0.1975999
0.2176216
0.2353638
0.2503306
0.2633469
0.2749155
0.2847898
0.2930349
0.3009294
0.3105083
0.3231530
0.3384433
0.3542304
0.3681740
0.3799408
0.3921550
0.4084511
0.4294875
0.4505802
0.4640814
0.4651149
0.4552327
0.4400336
0.4229632
0.4017255
0.3710313
0.3286646
0.2786023
0.2284471
0.1842996
0.1479087
0.1175522
0.0904085
0.0641666
0.0379127
0.0129673
-0.0072653
-0.0197979
-0.0255587
-0.0299610
-0.0386383
-0.0518550
-0.0635205
-0.0665179
-0.0594700
-0.0484197
-0.0419120
-0.0441325
-0.0520368
-0.0583955
-0.0578007
-0.0508865
-0.0437511
-0.0430289
-0.0502095
-0.0597999
-0.0633979
-0.0567363
-0.0435675
-0.0327221
-0.0310189
-0.0384407
-0.0492662
-0.0570693
-0.0588736
-0.0558951
-0.0516153
-0.0491831
-0.0496619
-0.0518941
-0.0538601
-0.0542898
-0.0531158
-0.0508177
-0.0480869
-0.0463627
-0.0477353
-0.0529903
-0.0596942
-0.0636221
-0.0630074
-0.0603760
-0.0587598
-0.0569700
-0.0513242
-0.0427087
-0.0386254
-0.0447599
-0.0559589
-0.0606778
-0.0556126
-0.0488086
-0.0389000
0.0086139
0.1505669
0.4132638
0.7416385
1.0079307
1.0871982
0.9399137
0.6303541
0.2692841
-0.0612737
-0.3358786
-0.5571578
-0.7171025
-0.7923938
-0.7710929
-0.6736600
-0.5434896
-0.4189331
-0.3159010
-0.2332934
-0.1680528
-0.1215977
-0.0948175
-0.0824304
-0.0750402
-0.0660536
-0.0554942
-0.0474260
-0.0445099
-0.0449976
-0.0442405
-0.0387381
-0.0290805
-0.0194698
-0.0143653
-0.0149927
-0.0184407
-0.0200171
-0.0169602
-0.0104489
-0.0042148
-0.0010223
-0.0001842
0.0017312
0.0077725
0.0178995
0.0290659
0.0380071
0.0441938
0.0501183
0.0585966
0.0698822
0.0816155
0.0914957
0.0996895
0.1086404
0.1208672
0.1370052
0.1555464
0.1741055
0.1911139
0.2067590
0.2225435
0.2398606
0.2587687
0.2780005
0.2962333
0.3135690
0.3318572
0.3533832
0.3789581
0.4070551
0.4345657
0.4583585
0.4767095
0.4902313
0.5017628
0.5145225
0.5292695
0.5430649
0.5513634
0.5516205
0.5445567
0.5316356
0.5117045
0.4810383
0.4374259
0.3841227
0.3288938
0.2783233
0.2329889
0.1886135
0.1419717
0.0952842
0.0547806
0.0253705
0.0068055
-0.0056114
-0.0172528
-0.0308783
-0.0459206
-0.0598163
-0.0697897
-0.0743553
-0.0745273
-0.0739551
-0.0767173
-0.0836117
-0.0906175
-0.0921976
-0.0869461
-0.0796631
-0.0770831
-0.0812663
-0.0875232
-0.0892899
-0.0850663
-0.0800843
-0.0807424
-0.0876401
-0.0946854
-0.0951443
-0.0881091
-0.0789781
-0.0742894
-0.0765148
-0.0831761
-0.0898154
-0.0934312
-0.0937973
-0.0925887
-0.0917967
-0.0926045
-0.0948438
-0.0969724
-0.0969728
-0.0940653
-0.0897449
-0.0867328
-0.0866519
-0.0888205
-0.0912503
-0.0925167
-0.0926403
-0.0925395
-0.0929001
-0.0934997
-0.0934933
-0.0923488
-0.0905175
-0.0892219
-0.0896218
-0.0919728
-0.0951719
-0.0971154
-0.0961973
-0.0930683
-0.0906416
-0.0915867
-0.0954970
-0.0988426
-0.0981460
-0.0934051
-0.0883337
-0.0869560
-0.0897424
-0.0932577
-0.0938922
-0.0917133
-0.0901231
-0.0918303
-0.0959182
-0.0991168
-0.0991924
-0.0964451
-0.0924397
-0.0884334
-0.0853777
-0.0845005
-0.0865843
-0.0903377
-0.0925198
-0.0910084
-0.0877693
-0.0873921
-0.0917104
-0.0967001
-0.0961960
-0.0888159
-0.0800291
-0.0766894
-0.0800660
-0.0849284
-0.0853294
-0.0807099
-0.0761564
-0.0770161
-0.0836164
-0.0911363
-0.0940535
-0.0904256
-0.0825618
-0.0747187
-0.0703309
-0.0703017
-0.0728269
-0.0749121
-0.0747799
-0.0732172
-0.0726294
-0.0747485
-0.0789717
-0.0824524
-0.0818588
-0.0758902
-0.0668715
-0.0597670
-0.0587726
-0.0639786
-0.0709790
-0.0741648
-0.0714057
-0.0661172
-0.0642460
-0.0683712
-0.0747573
-0.0768623
-0.0719152
-0.0635981
-0.0581570
-0.0583798
-0.0616665
-0.0635695
-0.0625480
-0.0609588
-0.0617003
-0.0646709
-0.0671045
-0.0669570
-0.0648689
-0.0625840
-0.0606410
-0.0586391
-0.0570855
-0.0574315
-0.0598575
-0.0620672
-0.0613893
-0.0581331
-0.0560201
-0.0584693
-0.0644649
-0.0688950
-0.0675103
-0.0610989
-0.0542317
-0.0504848
-0.0498812
-0.0505858
-0.0514249
-0.0521190
-0.0524028
-0.0523216
-0.0529802
-0.0555545
-0.0590731
-0.0601187
-0.0558933
-0.0477649
-0.0409353
-0.0397614
-0.0435362
-0.0475876
-0.0484701
-0.0471327
-0.0467594
-0.0486957
-0.0514302
-0.0527427
-0.0515269
-0.0478108
-0.0424991
-0.0376130
-0.0356778
-0.0376946
-0.0416899
-0.0440169
-0.0426681
-0.0392835
-0.0374901
-0.0390809
-0.0421504
-0.0432053
-0.0406320
-0.0356825
-0.0307972
-0.0280307
-0.0286498
-0.0324948
-0.0370979
-0.0388556
-0.0364737
-0.0328072
-0.0320183
-0.0347758
-0.0372448
-0.0353733
-0.0295546
-0.0241781
-0.0227550
-0.0246547
-0.0270546
-0.0285494
-0.0291328
-0.0278229
-0.0236733
-0.0197639
-0.0220636
-0.0306788
-0.0349231
-0.0234666
-0.0007816
0.0127275
0.0027258
-0.0199717
-0.0305747
-0.0214461
-0.0099970
-0.0020771
0.0489170
0.2225310
0.5459461
0.9245113
1.1768072
1.1628506
0.8900227
0.4950641
0.1245139
-0.1650825
-0.3991336
-0.6025570
-0.7472243
-0.7826599
-0.7014594
-0.5578225
-0.4214028
-0.3236838
-0.2530616
-0.1908510
-0.1379658
-0.1059849
-0.0948659
-0.0898848
-0.0786384
-0.0631039
-0.0523620
-0.0482638
-0.0431227
-0.0305573
-0.0140236
-0.0025774
-0.0006931
-0.0052008
-0.0112652
-0.0177363
-0.0254033
-0.0328914
-0.0373240
-0.0384988
-0.0398061
-0.0440417
-0.0495274
-0.0515448
-0.0475201
-0.0401293
-0.0348068
-0.0340737
-0.0346170
-0.0303975
-0.0187118
-0.0030487
0.0098352
0.0155133
0.0153648
0.0156048
0.0227230
0.0384982
0.0585985
0.0763111
0.0880618
0.0954545
0.1024936
0.1116868
0.1229207
0.1351655
0.1483266
0.1631775
0.1797934
0.1967593
0.2125656
0.2274182
0.2424516
0.2570247
0.2686468
0.2770985
0.2873244
0.3053895
0.3306302
0.3537855
0.3654046
0.3666627
0.3702874
0.3887693
0.4210587
0.4520214
0.4660300
0.4604235
0.4446325
0.4274341
0.4079832
0.3799781
0.3417130
0.2991619
0.2596779
0.2251566
0.1923835
0.1586898
0.1254773
0.0960273
0.0714214
0.0502479
0.0320397
0.0189115
0.0124664
0.0102303
0.0070464
0.0000627
-0.0089184
-0.0162022
-0.0201844
-0.0221845
-0.0242305
-0.0268421
-0.0289492
-0.0296099
-0.0294933
-0.0304111
-0.0334745
-0.0380760
-0.0424952
-0.0447514
-0.0429761
-0.0364117
-0.0270939
-0.0197942
-0.0188890
-0.0247734
-0.0334920
-0.0399184
-0.0415931
-0.0402495
-0.0399674
-0.0433273
-0.0488921
-0.0525507
-0.0514064
-0.0462768
-0.0408215
-0.0388114
-0.0417954
-0.0482328
-0.0546142
-0.0582688
-0.0595918
-0.0612484
-0.0650721
-0.0699323
-0.0724410
-0.0695318
-0.0610573
-0.0508102
-0.0446627
-0.0463616
-0.0544271
-0.0634173
-0.0685617
-0.0693907
-0.0692655
-0.0715350
-0.0757839
-0.0778226
-0.0740856
-0.0662871
-0.0608226
-0.0628404
-0.0713204
-0.0803775
-0.0847684
-0.0836693
-0.0799495
-0.0769128
-0.0757956
-0.0757634
-0.0757761
-0.0759021
-0.0764520
-0.0764907
-0.0744817
-0.0706446
-0.0676913
-0.0686087
-0.0740147
-0.0817713
-0.0887017
-0.0926350
-0.0933436
-0.0917856
-0.0884769
-0.0831074
-0.0761541
-0.0701480
-0.0682680
-0.0716416
-0.0784835
-0.0855312
-0.0898410
-0.0899666
-0.0866684
-0.0824847
-0.0796749
-0.0783124
-0.0768040
-0.0742821
-0.0720888
-0.0727407
-0.0772824
-0.0834225
-0.0867288
-0.0847171
-0.0798774
-0.0775302
-0.0801260
-0.0844596
-0.0850833
-0.0798801
-0.0719314
-0.0666165
-0.0672470
-0.0726812
-0.0784153
-0.0803032
-0.0778404
-0.0741256
-0.0729635
-0.0761016
-0.0823444
-0.0882077
-0.0898170
-0.0856766
-0.0781814
-0.0717914
-0.0693298
-0.0701892
-0.0718650
-0.0727466
-0.0735863
-0.0765576
-0.0824603
-0.0885966
-0.0903270
-0.0856197
-0.0775466
-0.0714552
-0.0700502
-0.0718448
-0.0737266
-0.0739904
-0.0731560
-0.0728733
-0.0742951
-0.0770937
-0.0797671
-0.0806403
-0.0784403
-0.0727171
-0.0649693
-0.0591314
-0.0591791
-0.0652481
-0.0728301
-0.0765477
-0.0745923
-0.0696156
-0.0660369
-0.0664425
-0.0695824
-0.0714836
-0.0691553
-0.0635137
-0.0583899
-0.0568470
-0.0588805
-0.0621964
-0.0643500
-0.0644084
-0.0634527
-0.0634144
-0.0648216
-0.0659826
-0.0649910
-0.0620839
-0.0592880
-0.0581854
-0.0587939
-0.0601917
-0.0613540
-0.0616017
-0.0610208
-0.0604940
-0.0610016
-0.0629011
-0.0656491
-0.0676581
-0.0668360
-0.0626136
-0.0575913
-0.0556781
-0.0578670
-0.0609668
-0.0613363
-0.0590382
-0.0575133
-0.0596825
-0.0648994
-0.0693020
-0.0689350
-0.0632053
-0.0557754
-0.0518066
-0.0539864
-0.0608428
-0.0680738
-0.0712815
-0.0688342
-0.0634769
-0.0604742
-0.0627117
-0.0678113
-0.0710004
-0.0701771
-0.0669704
-0.0637672
-0.0618373
-0.0623037
-0.0664345
-0.0733394
-0.0785255
-0.0771166
-0.0695894
-0.0630020
-0.0641157
-0.0710342
-0.0748132
-0.0712431
-0.0657692
-0.0573982
-0.0160876
0.1114877
0.3555626
0.6729698
0.9476894
1.0558234
0.9460541
0.6677568
0.3253041
0.0038747
-0.2671082
-0.4913672
-0.6631517
-0.7557960
-0.7487325
-0.6559651
-0.5227952
-0.3962806
-0.2999400
-0.2323062
-0.1825507
-0.1440072
-0.1153559
-0.0950031
-0.0792530
-0.0660636
-0.0570829
-0.0538857
-0.0539588
-0.0527008
-0.0486757
-0.0448146
-0.0443029
-0.0465318
-0.0473343
-0.0427508
-0.0329345
-0.0227812
-0.0180014
-0.0197837
-0.0235975
-0.0235486
-0.0175687
-0.0086187
-0.0018749
-0.0005751
-0.0029848
-0.0029295
0.0052060
0.0209693
0.0378814
0.0493868
0.0543588
0.0570678
0.0628823
0.0739473
0.0877840
0.0998105
0.1081035
0.1157144
0.1274693
0.1446497
0.1637022
0.1799150
0.1914624
0.2002425
0.2098463
0.2225575
0.2375212
0.2519928
0.2646910
0.2771722
0.2915722
0.3083330
0.3269448
0.3472763
0.3684991
0.3877878
0.4022250
0.4121916
0.4217226
0.4350542
0.4528139
0.4712479
0.4852732
0.4929335
0.4965601
0.4985525
0.4966041
0.4849801
0.4606170
0.4261147
0.3863959
0.3444327
0.3011487
0.2577603
0.2165992
0.1799977
0.1490343
0.1231583
0.1009479
0.0814397
0.0643687
0.0490475
0.0343452
0.0206452
0.0102567
0.0041274
-0.0007611
-0.0085767
-0.0195598
-0.0296005
-0.0349403
-0.0360048
-0.0365434
-0.0398844
-0.0459809
-0.0516751
-0.0542411
-0.0547964
-0.0572680
-0.0637449
-0.0720840
-0.0784227
-0.0805540
-0.0784057
-0.0731572
-0.0671005
-0.0628888
-0.0613698
-0.0606532
-0.0580710
-0.0527157
-0.0461351
-0.0414409
-0.0414724
-0.0464396
-0.0533532
-0.0590484
-0.0636390
-0.0696581
-0.0781578
-0.0874019
-0.0953834
-0.1019453
-0.1081134
-0.1145273
-0.1206531
-0.1247458
-0.1249902
-0.1216187
-0.1173969
-0.1151726
-0.1155894
-0.1176860
-0.1202457
-0.1215674
-0.1198155
-0.1155731
-0.1127630
-0.1147199
-0.1196616
-0.1217987
-0.1171173
-0.1072770
-0.0979350
-0.0936219
-0.0939909
-0.0950625
-0.0942155
-0.0926787
-0.0919935
-0.0901923
-0.0847803
-0.0783240
-0.0764133
-0.0794317
-0.0812483
-0.0782407
-0.0733759
-0.0627522
-0.0176341
0.1091212
0.3424217
0.6399160
0.8908539
0.9762139
0.8481778
0.5599580
0.2193296
-0.0881781
-0.3364765
-0.5352443
-0.6861550
-0.7686258
-0.7625178
-0.6758272
-0.5462619
-0.4167352
-0.3106922
-0.2291833
-0.1656174
-0.1175088
-0.0849794
-0.0650706
-0.0523513
-0.0432192
-0.0366498
-0.0319469
-0.0280953
-0.0246073
-0.0212984
-0.0176251
-0.0130983
-0.0077602
-0.0019377
0.0036496
0.0077290
0.0097557
0.0110618
0.0131357
0.0152180
0.0156202
0.0151500
0.0170463
0.0234361
0.0335555
0.0451291
0.0557182
0.0633632
0.0681668
0.0730405
0.0809074
0.0913155
0.1014174
0.1098878
0.1183604
0.1294251
0.1443239
0.1618412
0.1786342
0.1920545
0.2036585
0.2182110
0.2379643
0.2597175
0.2789282
0.2949826
0.3110549
0.3305876
0.3552648
0.3844536
0.4147824
0.4415701
0.4623392
0.4785922
0.4939792
0.5115692
0.5320779
0.5526381
0.5679222
0.5752594
0.5784564
0.5834523
0.5897259
0.5888253
0.5723353
0.5394410
0.4964262
0.4507512
0.4059262
0.3605332
0.3119637
0.2616539
0.2153824
0.1773238
0.1458306
0.1169657
0.0899955
0.0667139
0.0471756
0.0293397
0.0122002
-0.0032598
-0.0158091
-0.0250537
-0.0315190
-0.0366347
-0.0413755
-0.0443807
-0.0435270
-0.0400725
-0.0385733
-0.0413852
-0.0456735
-0.0472445
-0.0452661
-0.0422618
-0.0415653
-0.0452792
-0.0521932
-0.0572101
-0.0556704
-0.0491565
-0.0446662
-0.0473230
-0.0556888
-0.0640878
-0.0674969
-0.0648955
-0.0604274
-0.0605623
-0.0673322
-0.0750129
-0.0761384
-0.0699655
-0.0624611
-0.0591779
-0.0610076
-0.0657021
-0.0703304
-0.0726945
-0.0728006
-0.0726760
-0.0736160
-0.0749549
-0.0761234
-0.0770903
-0.0756904
-0.0684657
-0.0567817
-0.0487009
-0.0512559
-0.0625474
-0.0737676
-0.0775321
-0.0731745
-0.0663112
-0.0644387
-0.0705370
-0.0799194
-0.0852768
-0.0845505
-0.0811331
-0.0774829
-0.0730405
-0.0682432
-0.0656178
-0.0659093
-0.0672578
-0.0692154
-0.0738683
-0.0817291
-0.0891952
-0.0910381
-0.0843841
-0.0715333
-0.0603109
-0.0587571
-0.0665183
-0.0742302
-0.0745977
-0.0708459
-0.0704090
-0.0739822
-0.0762638
-0.0752239
-0.0747739
-0.0782241
-0.0829321
-0.0823330
-0.0727060
-0.0590067
-0.0529220
-0.0609860
-0.0748336
-0.0791163
-0.0703652
-0.0615590
-0.0651725
-0.0777421
-0.0853798
-0.0801653
-0.0669189
-0.0564086
-0.0548929
-0.0591583
-0.0611538
-0.0583826
-0.0572261
-0.0629572
-0.0705153
-0.0713938
-0.0666846
-0.0653633
-0.0706005
-0.0755767
-0.0735872
-0.0660803
-0.0596691
-0.0594906
-0.0653267
-0.0709212
-0.0689183
-0.0599225
-0.0537787
-0.0580207
-0.0683263
-0.0741420
-0.0699857
-0.0579875
-0.0445050
-0.0381465
-0.0450871
-0.0609470
-0.0720809
-0.0697012
-0.0587105
-0.0497724
-0.0482876
-0.0538300
-0.0634689
-0.0716504
-0.0727059
-0.0670160
-0.0600943
-0.0547371
-0.0500993
-0.0479314
-0.0512509
-0.0564212
-0.0554566
-0.0474311
-0.0398552
-0.0385943
-0.0437718
-0.0537398
-0.0641568
-0.0655176
-0.0522726
-0.0336799
-0.0260699
-0.0347466
-0.0506337
-0.0617724
-0.0612099
-0.0491423
-0.0356886
-0.0352818
-0.0494024
-0.0616134
-0.0581121
-0.0447808
-0.0352417
-0.0324304
-0.0322526
-0.0346394
-0.0394031
-0.0408955
-0.0375113
-0.0370377
-0.0437735
-0.0509221
-0.0527743
-0.0519714
-0.0493674
-0.0420624
-0.0359778
-0.0417831
-0.0537220
-0.0537497
-0.0414629
-0.0360879
-0.0438655
-0.0500104
-0.0482489
-0.0491739
-0.0538726
-0.0510317
-0.0452428
-0.0531018
-0.0671546
-0.0638303
-0.0502259
-0.0547124
-0.0670861
-0.0493265
-0.0193360
-0.0511729
-0.1579974
