0.0247190
-0.0377637
-0.0052218
0.0093665
-0.0210943
-0.0380020
-0.0218904
-0.0131643
-0.0258666
-0.0303994
-0.0192307
-0.0176087
-0.0287770
-0.0287943
-0.0159142
-0.0132914
-0.0234646
-0.0258133
-0.0175072
-0.0162499
-0.0245400
-0.0271696
-0.0213410
-0.0181713
-0.0190253
-0.0176557
-0.0186066
-0.0281454
-0.0356898
-0.0283665
-0.0150231
-0.0134478
-0.0226969
-0.0282248
-0.0254914
-0.0208359
-0.0182011
-0.0197821
-0.0292646
-0.0417014
-0.0426082
-0.0293117
-0.0199537
-0.0290764
-0.0468566
-0.0539701
-0.0455672
-0.0311693
-0.0223243
-0.0281167
-0.0508799
-0.0787226
-0.0926196
-0.0864317
-0.0710816
-0.0581405
-0.0512057
-0.0529530
-0.0649014
-0.0773455
-0.0742935
-0.0535393
-0.0313810
-0.0244365
-0.0348956
-0.0529521
-0.0645455
-0.0588218
-0.0383834
-0.0207144
-0.0203009
-0.0317923
-0.0391804
-0.0372569
-0.0344578
-0.0386492
-0.0500201
-0.0651443
-0.0796709
-0.0896382
-0.0963768
-0.1062231
-0.1203737
-0.1305450
-0.1295396
-0.1198027
-0.1072664
-0.0946358
-0.0857177
-0.0873719
-0.0998039
-0.1117304
-0.1125032
-0.1047058
-0.0995818
-0.1035537
-0.1124863
-0.1162191
-0.1079805
-0.0926483
-0.0836895
-0.0869232
-0.0916639
-0.0862218
-0.0770887
-0.0798444
-0.0931438
-0.0976952
-0.0848254
-0.0697250
-0.0617291
-0.0258165
0.1085207
0.3811283
0.7333146
1.0132538
1.0728358
0.8798080
0.5371974
0.1887647
-0.0916589
-0.3199111
-0.5324133
-0.7199998
-0.8312468
-0.8265054
-0.7199350
-0.5708643
-0.4377293
-0.3408381
-0.2669299
-0.2012620
-0.1459072
-0.1091243
-0.0898250
-0.0786834
-0.0679101
-0.0549365
-0.0412373
-0.0313662
-0.0292491
-0.0326089
-0.0342454
-0.0301089
-0.0226812
-0.0161872
-0.0125309
-0.0117331
-0.0118698
-0.0088154
-0.0004568
0.0093569
0.0152783
0.0177774
0.0215839
0.0280867
0.0338383
0.0356669
0.0334978
0.0296910
0.0290915
0.0372271
0.0541165
0.0718090
0.0821691
0.0857043
0.0897333
0.0998280
0.1155897
0.1323722
0.1448198
0.1513591
0.1570506
0.1689617
0.1874541
0.2059876
0.2208115
0.2358741
0.2557651
0.2785718
0.2991416
0.3161306
0.3327428
0.3523918
0.3753062
0.3980615
0.4165607
0.4313434
0.4484014
0.4714699
0.4953829
0.5117337
0.5200628
0.5284040
0.5428115
0.5606842
0.5745041
0.5783843
0.5709769
0.5553657
0.5363207
0.5154409
0.4895429
0.4551451
0.4123952
0.3629461
0.3074797
0.2486706
0.1937217
0.1497336
0.1174043
0.0915818
0.0666899
0.0403369
0.0141392
-0.0072777
-0.0205783
-0.0285281
-0.0379135
-0.0514036
-0.0642846
-0.0704542
-0.0688559
-0.0631360
-0.0580808
-0.0573187
-0.0612633
-0.0659356
-0.0662388
-0.0612593
-0.0545703
-0.0498572
-0.0487532
-0.0518843
-0.0583939
-0.0646882
-0.0670502
-0.0656249
-0.0632683
-0.0610738
-0.0578468
-0.0534568
-0.0500046
-0.0498545
-0.0540782
-0.0615912
-0.0682859
-0.0691876
-0.0638969
-0.0581968
-0.0580164
-0.0632518
-0.0690700
-0.0711458
-0.0680115
-0.0609390
-0.0538664
-0.0513672
-0.0544089
-0.0594221
-0.0627180
-0.0640433
-0.0650139
-0.0663931
-0.0679773
-0.0691150
-0.0686084
-0.0660380
-0.0633375
-0.0627856
-0.0635310
-0.0626950
-0.0598039
-0.0573676
-0.0571178
-0.0584470
-0.0605591
-0.0633947
-0.0661775
-0.0673495
-0.0661980
-0.0631033
-0.0589177
-0.0556174
-0.0560206
-0.0604915
-0.0651046
-0.0655164
-0.0619372
-0.0584925
-0.0586830
-0.0628744
-0.0686581
-0.0720422
-0.0699966
-0.0637040
-0.0580699
-0.0567774
-0.0592116
-0.0627983
-0.0659408
-0.0675631
-0.0664509
-0.0630058
-0.0599620
-0.0598039
-0.0624237
-0.0655810
-0.0661277
-0.0612409
-0.0513732
-0.0424969
-0.0423898
-0.0528382
-0.0666712
-0.0734907
-0.0683287
-0.0558904
-0.0474727
-0.0517711
-0.0659760
-0.0768920
-0.0735575
-0.0583496
-0.0437144
-0.0391588
-0.0438823
-0.0507769
-0.0541056
-0.0531338
-0.0511265
-0.0520023
-0.0569296
-0.0634712
-0.0676439
-0.0661271
-0.0575266
-0.0443390
-0.0339469
-0.0340430
-0.0447756
-0.0574207
-0.0628007
-0.0597904
-0.0545528
-0.0532404
-0.0567260
-0.0609421
-0.0611102
-0.0565127
-0.0514304
-0.0503167
-0.0525393
-0.0537929
-0.0521238
-0.0497665
-0.0488879
-0.0485414
-0.0471016
-0.0456379
-0.0471203
-0.0525874
-0.0586538
-0.0593472
-0.0518514
-0.0408777
-0.0352307
-0.0386262
-0.0459563
-0.0503405
-0.0512552
-0.0526808
-0.0553019
-0.0549616
-0.0491337
-0.0415107
-0.0383275
-0.0412065
-0.0450819
-0.0438832
-0.0380974
-0.0349948
-0.0396470
-0.0473299
-0.0484620
-0.0410156
-0.0337454
-0.0352130
-0.0430263
-0.0470828
-0.0418397
-0.0323561
-0.0281782
-0.0331122
-0.0419714
-0.0471618
-0.0472793
-0.0473144
-0.0502858
-0.0520779
-0.0474757
-0.0390112
-0.0352275
-0.0398957
-0.0467135
-0.0464497
-0.0375328
-0.0280743
-0.0277607
-0.0379111
-0.0493846
-0.0511918
-0.0418356
-0.0309637
-0.0288727
-0.0357680
-0.0426977
-0.0417398
-0.0336146
-0.0261278
-0.0266052
-0.0353531
-0.0455106
-0.0495620
-0.0461248
-0.0397341
-0.0348579
-0.0324085
-0.0318839
-0.0335537
-0.0369237
-0.0394374
-0.0389448
-0.0364927
-0.0351510
-0.0365448
-0.0393558
-0.0408938
-0.0399021
-0.0381758
-0.0391250
-0.0442088
-0.0514105
-0.0576959
-0.0615463
-0.0621417
-0.0583863
-0.0513298
-0.0458997
-0.0466333
-0.0517630
-0.0546772
-0.0520147
-0.0477764
-0.0480540
-0.0536496
-0.0602232
-0.0646635
-0.0659495
-0.0533429
0.0062475
0.1573870
0.4149655
0.7248433
0.9728334
1.0494813
0.9205383
0.6423003
0.3122266
0.0038194
-0.2586288
-0.4757603
-0.6375700
-0.7181834
-0.7029710
-0.6123694
-0.4925672
-0.3830942
-0.2961886
-0.2250855
-0.1647705
-0.1203593
-0.0983375
-0.0952471
-0.0975984
-0.0926104
-0.0782039
-0.0621781
-0.0525232
-0.0502474
-0.0514628
-0.0532233
-0.0548906
-0.0557840
-0.0550171
-0.0536307
-0.0540791
-0.0565079
-0.0569685
-0.0506290
-0.0370217
-0.0220785
-0.0142228
-0.0169068
-0.0246245
-0.0277374
-0.0220703
-0.0127750
-0.0082556
-0.0114206
-0.0172800
-0.0177170
-0.0080874
0.0092357
0.0266143
0.0372022
0.0401492
0.0397748
0.0403101
0.0428470
0.0469115
0.0525171
0.0596513
0.0673822
0.0749515
0.0833174
0.0947017
0.1102484
0.1278755
0.1427362
0.1511951
0.1551487
0.1611691
0.1741243
0.1925627
0.2114883
0.2283875
0.2448371
0.2632697
0.2844502
0.3079838
0.3331756
0.3584320
0.3806079
0.3959213
0.4023591
0.4019719
0.4003458
0.4020696
0.4059446
0.4056076
0.3953452
0.3744951
0.3463279
0.3144051
0.2806205
0.2450920
0.2067994
0.1654015
0.1234957
0.0863298
0.0581046
0.0383437
0.0220424
0.0036611
-0.0180608
-0.0385079
-0.0512445
-0.0547628
-0.0544534
-0.0566970
-0.0620170
-0.0658831
-0.0655318
-0.0634882
-0.0638693
-0.0671683
-0.0699840
-0.0692462
-0.0656588
-0.0625608
-0.0615090
-0.0598977
-0.0542047
-0.0453630
-0.0390253
-0.0395924
-0.0452366
-0.0498507
-0.0491627
-0.0444403
-0.0411910
-0.0444754
-0.0538015
-0.0618108
-0.0599952
-0.0477688
-0.0349669
-0.0329780
-0.0428296
-0.0536178
-0.0541189
-0.0453356
-0.0392606
-0.0440101
-0.0528645
-0.0525517
-0.0420432
-0.0360982
-0.0452810
-0.0583078
-0.0545561
-0.0334331
-0.0163766
-0.0068405
0.0447849
0.2120664
0.5075539
0.8275999
1.0026832
0.9253460
0.6374643
0.2886671
0.0065264
-0.1920214
-0.3688877
-0.5640513
-0.7404892
-0.8242148
-0.7820409
-0.6513610
-0.5016484
-0.3792769
-0.2899432
-0.2204223
-0.1627711
-0.1167881
-0.0812731
-0.0535461
-0.0358521
-0.0337109
-0.0450611
-0.0562107
-0.0532098
-0.0359543
-0.0179232
-0.0121153
-0.0191244
-0.0288006
-0.0313357
-0.0253526
-0.0161812
-0.0087139
-0.0037063
-0.0001855
0.0014637
0.0004916
-0.0015990
-0.0015749
0.0023905
0.0092062
0.0163448
0.0221209
0.0270426
0.0337799
0.0451489
0.0609084
0.0767703
0.0877009
0.0924854
0.0946938
0.0992465
0.1081887
0.1195106
0.1300165
0.1396776
0.1527176
0.1732246
0.1996596
0.2251768
0.2441733
0.2577179
0.2718952
0.2913946
0.3151844
0.3380195
0.3559210
0.3704609
0.3874904
0.4111579
0.4395904
0.4672115
0.4905937
0.5104381
0.5278459
0.5405742
0.5443383
0.5373672
0.5225369
0.5042515
0.4831139
0.4545366
0.4139483
0.3633438
0.3109212
0.2633165
0.2197062
0.1750990
0.1282697
0.0841432
0.0481981
0.0204258
-0.0039515
-0.0283673
-0.0507636
-0.0661949
-0.0731002
-0.0755949
-0.0788017
-0.0833170
-0.0862749
-0.0872011
-0.0897660
-0.0964411
-0.1036738
-0.1050022
-0.0988035
-0.0909729
-0.0888399
-0.0930323
-0.0966587
-0.0932364
-0.0845873
-0.0790652
-0.0815620
-0.0873874
-0.0880160
-0.0817346
-0.0758450
-0.0779150
-0.0870964
-0.0955256
-0.0971042
-0.0930114
-0.0884486
-0.0858165
-0.0832080
-0.0796393
-0.0788518
-0.0848124
-0.0941750
-0.0974611
-0.0901171
-0.0797488
-0.0784567
-0.0881103
-0.0968305
-0.0922462
-0.0766342
-0.0659601
-0.0729427
-0.0927456
-0.1075866
-0.1054495
-0.0919963
-0.0828239
-0.0860868
-0.0954586
-0.0993480
-0.0935008
-0.0833029
-0.0763673
-0.0755435
-0.0785814
-0.0821831
-0.0850759
-0.0876328
-0.0897484
-0.0902075
-0.0884584
-0.0862639
-0.0865634
-0.0903092
-0.0945827
-0.0942894
-0.0868069
-0.0761102
-0.0715840
-0.0800642
-0.0974970
-0.1101854
-0.1070007
-0.0907726
-0.0761518
-0.0755256
-0.0875237
-0.0994288
-0.1000592
-0.0898156
-0.0787127
-0.0757613
-0.0810067
-0.0873095
-0.0881507
-0.0828604
-0.0757893
-0.0724223
-0.0756814
-0.0833970
-0.0886781
-0.0851571
-0.0739886
-0.0647946
-0.0674121
-0.0818745
-0.0974226
-0.1023620
-0.0949825
-0.0843226
-0.0801612
-0.0832076
-0.0860775
-0.0829921
-0.0760636
-0.0712296
-0.0704396
-0.0704526
-0.0684556
-0.0657890
-0.0651598
-0.0663986
-0.0671804
-0.0674215
-0.0705390
-0.0787004
-0.0876419
-0.0888048
-0.0783477
-0.0629258
-0.0540382
-0.0561289
-0.0622108
-0.0624505
-0.0556168
-0.0501404
-0.0541663
-0.0663232
-0.0771008
-0.0785700
-0.0717043
-0.0639677
-0.0606705
-0.0600975
-0.0574154
-0.0517887
-0.0478259
-0.0500780
-0.0575829
-0.0645241
-0.0657178
-0.0611300
-0.0553863
-0.0530333
-0.0541065
-0.0545544
-0.0513294
-0.0465646
-0.0457987
-0.0519477
-0.0616708
-0.0680497
-0.0667294
-0.0593981
-0.0514621
-0.0466445
-0.0443638
-0.0425262
-0.0416359
-0.0441877
-0.0497446
-0.0528679
-0.0482255
-0.0376797
-0.0305194
-0.0352862
-0.0510514
-0.0669833
-0.0710761
-0.0601817
-0.0422311
-0.0290182
-0.0268566
-0.0334980
-0.0423035
-0.0479441
-0.0488229
-0.0463317
-0.0430691
-0.0410291
-0.0403423
-0.0395721
-0.0375307
-0.0348290
-0.0334984
-0.0349557
-0.0381925
-0.0401524
-0.0385456
-0.0346119
-0.0324897
-0.0351691
-0.0412503
-0.0461515
-0.0463343
-0.0421147
-0.0368995
-0.0343111
-0.0356297
-0.0390300
-0.0410694
-0.0395785
-0.0357547
-0.0335389
-0.0364356
-0.0439599
-0.0505995
-0.0491181
-0.0367331
-0.0189816
-0.0066492
-0.0074160
-0.0196271
-0.0339472
-0.0412221
-0.0395134
-0.0344840
-0.0331734
-0.0369703
-0.0406007
-0.0382527
-0.0302391
-0.0227344
-0.0211436
-0.0250892
-0.0303788
-0.0342663
-0.0368658
-0.0379309
-0.0352770
-0.0286410
-0.0234567
-0.0265010
-0.0360994
-0.0405153
-0.0309496
-0.0148280
-0.0094398
-0.0198593
-0.0301649
-0.0242224
-0.0103186
-0.0089896
-0.0067517
0.0662988
0.2861486
0.6430720
1.0039578
1.1874733
1.0975919
0.7923683
0.4232462
0.1084354
-0.1361524
-0.3553465
-0.5668507
-0.7271088
-0.7776316
-0.7093343
-0.5738394
-0.4377050
-0.3340690
-0.2569507
-0.1902757
-0.1318252
-0.0901375
-0.0682849
-0.0584715
-0.0513170
-0.0447742
-0.0418389
-0.0425651
-0.0417834
-0.0348134
-0.0233652
-0.0143720
-0.0130819
-0.0179608
-0.0226183
-0.0223091
-0.0180716
-0.0147755
-0.0159371
-0.0206702
-0.0249990
-0.0255740
-0.0224129
-0.0185091
-0.0167023
-0.0167837
-0.0159798
-0.0125269
-0.0083050
-0.0071818
-0.0104813
-0.0144208
-0.0126331
-0.0017688
0.0152838
0.0321355
0.0450929
0.0562615
0.0701969
0.0882072
0.1070266
0.1228831
0.1353893
0.1465834
0.1570469
0.1645064
0.1667982
0.1655062
0.1656801
0.1715870
0.1830444
0.1961724
0.2072654
0.2153225
0.2213787
0.2270197
0.2342904
0.2457181
0.2625566
0.2827736
0.3020263
0.3175375
0.3307598
0.3455835
0.3637609
0.3824404
0.3966335
0.4041561
0.4076084
0.4108095
0.4131877
0.4083027
0.3886611
0.3525599
0.3066087
0.2615560
0.2249382
0.1967269
0.1714044
0.1439337
0.1135727
0.0824968
0.0524882
0.0245459
0.0010621
-0.0142546
-0.0203965
-0.0220902
-0.0265580
-0.0362206
-0.0456061
-0.0469594
-0.0390433
-0.0292209
-0.0261046
-0.0309381
-0.0373390
-0.0390332
-0.0360824
-0.0329946
-0.0324814
-0.0329213
-0.0314960
-0.0278508
-0.0238659
-0.0209864
-0.0191038
-0.0178860
-0.0179297
-0.0198231
-0.0225933
-0.0241778
-0.0237930
-0.0231136
-0.0243490
-0.0273726
-0.0295301
-0.0284592
-0.0245622
-0.0204294
-0.0182523
-0.0182282
-0.0193144
-0.0209595
-0.0236209
-0.0274931
-0.0311626
-0.0323073
-0.0301839
-0.0270476
-0.0264005
-0.0296545
-0.0348203
-0.0385283
-0.0390081
-0.0370498
-0.0345963
-0.0329187
-0.0320314
-0.0312743
-0.0301432
-0.0289417
-0.0291828
-0.0330530
-0.0412145
-0.0503462
-0.0539027
-0.0473752
-0.0336288
-0.0218651
-0.0198741
-0.0272109
-0.0365696
-0.0415469
-0.0420605
-0.0421765
-0.0442466
-0.0467477
-0.0475201
-0.0471559
-0.0478775
-0.0499078
-0.0507854
-0.0487300
-0.0452976
-0.0435136
-0.0440388
-0.0446207
-0.0434020
-0.0414330
-0.0411669
-0.0433250
-0.0463533
-0.0487253
-0.0505414
-0.0523060
-0.0530320
-0.0508976
-0.0460885
-0.0420117
-0.0425687
-0.0480453
-0.0543214
-0.0566250
-0.0540433
-0.0502538
-0.0499382
-0.0544418
-0.0605876
-0.0635231
-0.0610004
-0.0552849
-0.0509928
-0.0509759
-0.0542345
-0.0575825
-0.0588189
-0.0580324
-0.0564369
-0.0550011
-0.0545451
-0.0561995
-0.0603806
-0.0650125
-0.0659610
-0.0606792
-0.0516207
-0.0450070
-0.0453696
-0.0514755
-0.0580188
-0.0609285
-0.0603708
-0.0589513
-0.0583828
-0.0586726
-0.0596399
-0.0616266
-0.0642719
-0.0656658
-0.0639313
-0.0596984
-0.0561651
-0.0561612
-0.0593766
-0.0627933
-0.0636142
-0.0614550
-0.0580484
-0.0555993
-0.0555357
-0.0579898
-0.0616593
-0.0643213
-0.0642774
-0.0617830
-0.0589665
-0.0581054
-0.0598112
-0.0626222
-0.0640882
-0.0624988
-0.0583994
-0.0549413
-0.0560312
-0.0626805
-0.0706475
-0.0728528
-0.0657337
-0.0534685
-0.0448312
-0.0451171
-0.0516147
-0.0575031
-0.0593735
-0.0595767
-0.0613665
-0.0637583
-0.0628298
-0.0574529
-0.0516959
-0.0506098
-0.0546097
-0.0591935
-0.0598958
-0.0563719
-0.0515158
-0.0478738
-0.0459272
-0.0452387
-0.0458173
-0.0478617
-0.0509408
-0.0541672
-0.0569554
-0.0590381
-0.0598214
-0.0583976
-0.0545893
-0.0497659
-0.0462913
-0.0460472
-0.0492984
-0.0545090
-0.0590291
-0.0605580
-0.0589220
-0.0566649
-0.0571339
-0.0611822
-0.0657666
-0.0662807
-0.0605028
-0.0503067
-0.0399449
-0.0332347
-0.0321074
-0.0364407
-0.0440399
-0.0511769
-0.0547891
-0.0550786
-0.0551546
-0.0569526
-0.0578964
-0.0532944
-0.0428020
-0.0331006
-0.0321662
-0.0406065
-0.0501753
-0.0520307
-0.0459692
-0.0404112
-0.0432833
-0.0539430
-0.0644528
-0.0676828
-0.0629001
-0.0539677
-0.0443800
-0.0357123
-0.0298355
-0.0296975
-0.0361623
-0.0451220
-0.0500114
-0.0480596
-0.0430282
-0.0407309
-0.0424259
-0.0439991
-0.0416046
-0.0361503
-0.0309437
-0.0268846
-0.0234260
-0.0236211
-0.0308147
-0.0319939
0.0146253
0.1615090
0.4229697
0.7355500
0.9746760
1.0290173
0.8754178
0.5886994
0.2780378
0.0097270
-0.2153678
-0.4205233
-0.6015374
-0.7196333
-0.7391968
-0.6644085
-0.5377353
-0.4081118
-0.3035769
-0.2286073
-0.1767682
-0.1402281
-0.1116028
-0.0855204
-0.0625293
-0.0488052
-0.0484296
-0.0564256
-0.0620549
-0.0592109
-0.0512579
-0.0449298
-0.0420561
-0.0395831
-0.0360765
-0.0343316
-0.0363566
-0.0385995
-0.0352027
-0.0255646
-0.0158341
-0.0117085
-0.0116776
-0.0095425
-0.0028076
0.0041460
0.0060152
0.0034758
0.0021541
0.0057460
0.0125890
0.0193689
0.0259806
0.0349559
0.0469276
0.0587469
0.0668566
0.0715278
0.0766502
0.0854080
0.0969402
0.1075237
0.1145628
0.1191108
0.1248763
0.1351164
0.1500398
0.1665664
0.1808066
0.1915046
0.2010782
0.2126284
0.2259840
0.2377906
0.2460928
0.2538163
0.2662543
0.2849940
0.3055595
0.3219559
0.3330168
0.3430942
0.3563121
0.3714425
0.3837662
0.3915510
0.3987794
0.4102963
0.4250535
0.4355703
0.4342635
0.4195592
0.3957609
0.3680633
0.3386418
0.3071546
0.2735282
0.2389780
0.2043871
0.1690216
0.1320982
0.0954512
0.0633480
0.0388585
0.0209039
0.0056772
-0.0091526
-0.0223670
-0.0314405
-0.0361126
-0.0389374
-0.0423002
-0.0458019
-0.0474958
-0.0473991
-0.0482885
-0.0521010
-0.0565687
-0.0572445
-0.0531617
-0.0489698
-0.0501871
-0.0567284
-0.0622823
-0.0605034
-0.0513965
-0.0412779
-0.0367580
-0.0392525
-0.0452334
-0.0508111
-0.0550797
-0.0592817
-0.0640653
-0.0683229
-0.0701110
-0.0680072
-0.0620510
-0.0543043
-0.0484183
-0.0475747
-0.0519855
-0.0583724
-0.0623761
-0.0620557
-0.0594285
-0.0585127
-0.0614862
-0.0666484
-0.0703160
-0.0705489
-0.0685253
-0.0663523
-0.0645270
-0.0624098
-0.0608578
-0.0630710
-0.0716185
-0.0844346
-0.0948234
-0.0969414
-0.0917588
-0.0866020
-0.0877827
-0.0940328
-0.0981263
-0.0947747
-0.0859232
-0.0782496
-0.0765674
-0.0801027
-0.0840779
-0.0836948
-0.0770001
-0.0656361
-0.0539720
-0.0467728
-0.0458700
-0.0482748
-0.0486908
-0.0453668
-0.0431524
-0.0491252
-0.0646795
-0.0831203
-0.0957949
-0.0997360
-0.0987507
-0.0984842
-0.1021143
-0.1100042
-0.1206603
-0.1304876
-0.1342564
-0.1287621
-0.1171469
-0.1080431
-0.1082769
-0.1160527
-0.1226587
-0.1216118
-0.1151985
-0.1111881
-0.1139632
-0.1200798
-0.1221150
-0.1157321
-0.1033538
-0.0923088
-0.0891929
-0.0941393
-0.0998722
-0.0980568
-0.0881184
-0.0787991
-0.0790611
-0.0879158
-0.0958519
-0.0962775
-0.0895357
-0.0682073
0.0001220
0.1608732
0.4249106
0.7263547
0.9390906
0.9552395
0.7624023
0.4486376
0.1304418
-0.1281170
-0.3339645
-0.5172622
-0.6770359
-0.7759888
-0.7809623
-0.6992516
-0.5738334
-0.4492613
-0.3465058
-0.2658385
-0.2032775
-0.1581991
-0.1287120
-0.1076713
-0.0874974
-0.0675834
-0.0540317
-0.0512702
-0.0552954
-0.0565343
-0.0491029
-0.0360670
-0.0254188
-0.0220614
-0.0243550
-0.0272838
-0.0274287
-0.0249519
-0.0221038
-0.0205802
-0.0200593
-0.0188418
-0.0156665
-0.0107704
-0.0053931
-0.0007044
0.0029046
0.0062862
0.0115079
0.0203458
0.0318789
0.0420455
0.0468489
0.0467033
0.0473588
0.0556734
0.0734466
0.0950078
0.1116225
0.1193622
0.1227913
0.1304078
0.1464976
0.1677997
0.1875239
0.2014572
0.2103294
0.2179845
0.2285425
0.2447494
0.2674231
0.2952254
0.3247936
0.3520758
0.3749572
0.3950227
0.4157867
0.4383798
0.4596236
0.4753814
0.4855319
0.4945041
0.5065941
0.5214939
0.5349852
0.5436123
0.5475068
0.5476389
0.5408584
0.5202057
0.4824789
0.4347141
0.3898569
0.3542053
0.3207950
0.2775071
0.2214428
0.1633374
0.1171875
0.0868794
0.0641781
0.0390737
0.0101015
-0.0163319
-0.0349411
-0.0470635
-0.0569808
-0.0657797
-0.0713506
-0.0731252
-0.0736358
-0.0748198
-0.0752517
-0.0728219
-0.0691658
-0.0694867
-0.0773008
-0.0898849
-0.0996829
-0.1007383
-0.0938855
-0.0854558
-0.0809287
-0.0801368
-0.0785104
-0.0723632
-0.0629077
-0.0557487
-0.0563699
-0.0650014
-0.0754978
-0.0803389
-0.0775935
-0.0724123
-0.0711269
-0.0746451
-0.0784687
-0.0784973
-0.0753833
-0.0728450
-0.0727391
-0.0730771
-0.0712561
-0.0681856
-0.0675685
-0.0709195
-0.0752567
-0.0772807
-0.0784133
-0.0829624
-0.0911259
-0.0964769
-0.0922560
-0.0792534
-0.0657740
-0.0596498
-0.0612892
-0.0650402
-0.0664888
-0.0668886
-0.0699475
-0.0758914
-0.0809028
-0.0823187
-0.0819492
-0.0829618
-0.0851992
-0.0855955
-0.0825761
-0.0780705
-0.0749383
-0.0738644
-0.0735739
-0.0733818
-0.0744940
-0.0784326
-0.0845670
-0.0899805
-0.0921063
-0.0908551
-0.0876242
-0.0831937
-0.0779896
-0.0738050
-0.0730380
-0.0754056
-0.0769667
-0.0739640
-0.0674727
-0.0633172
-0.0668838
-0.0777457
-0.0892469
-0.0937799
-0.0891298
-0.0798720
-0.0727058
-0.0708873
-0.0729720
-0.0754215
-0.0753858
-0.0721516
-0.0677627
-0.0661474
-0.0700115
-0.0777891
-0.0841539
-0.0840850
-0.0767743
-0.0661842
-0.0582107
-0.0567648
-0.0615946
-0.0691881
-0.0754004
-0.0774793
-0.0750333
-0.0705426
-0.0682681
-0.0704287
-0.0738944
-0.0725860
-0.0645322
-0.0554127
-0.0534218
-0.0606580
-0.0706605
-0.0748745
-0.0712299
-0.0659310
-0.0665495
-0.0736378
-0.0799726
-0.0782606
-0.0685059
-0.0571218
-0.0500953
-0.0485630
-0.0502502
-0.0529595
-0.0559792
-0.0593976
-0.0630925
-0.0662965
-0.0679661
-0.0676542
-0.0658949
-0.0637125
-0.0621287
-0.0620008
-0.0633654
-0.0647028
-0.0640451
-0.0615272
-0.0597754
-0.0606806
-0.0624739
-0.0613220
-0.0559482
-0.0499251
-0.0488141
-0.0546462
-0.0630989
-0.0668262
-0.0624191
-0.0537172
-0.0474850
-0.0466142
-0.0489815
-0.0520000
-0.0553327
-0.0583658
-0.0579924
-0.0519568
-0.0439271
-0.0421810
-0.0509888
-0.0638175
-0.0677559
-0.0568613
-0.0403042
-0.0343751
-0.0453750
-0.0626041
-0.0699364
-0.0624894
-0.0495782
-0.0427406
-0.0444218
-0.0488969
-0.0509368
-0.0506993
-0.0507449
-0.0510043
-0.0486430
-0.0425847
-0.0362621
-0.0345554
-0.0387192
-0.0455867
-0.0511223
-0.0531516
-0.0512701
-0.0467410
-0.0431317
-0.0445421
-0.0513055
-0.0585257
-0.0604880
-0.0562163
-0.0497960
-0.0456515
-0.0444593
-0.0437368
-0.0417480
-0.0400854
-0.0418795
-0.0477258
-0.0545103
-0.0587129
-0.0597150
-0.0589917
-0.0572871
-0.0541891
-0.0499810
-0.0464000
-0.0454385
-0.0479682
-0.0530226
-0.0578742
-0.0599284
-0.0597617
-0.0613658
-0.0677437
-0.0766092
-0.0820056
-0.0803159
-0.0735223
-0.0663416
-0.0613825
-0.0580655
-0.0555865
-0.0548493
-0.0560222
-0.0557552
-0.0505721
-0.0438978
-0.0451627
-0.0578405
-0.0718082
-0.0742640
-0.0660746
-0.0546360
-0.0224226
0.0866408
0.3252875
0.6701840
0.9953144
1.1396016
1.0233754
0.7078412
0.3385333
0.0275198
-0.2113192
-0.4213959
-0.6180086
-0.7573199
-0.7852172
-0.7004405
-0.5603216
-0.4300872
-0.3358139
-0.2655369
-0.2035668
-0.1522510
-0.1214411
-0.1087874
-0.1002063
-0.0875314
-0.0765918
-0.0748192
-0.0774325
-0.0723456
-0.0567844
-0.0425724
-0.0426881
-0.0558292
-0.0675084
-0.0658814
-0.0536483
-0.0428549
-0.0400302
-0.0402823
-0.0367138
-0.0311687
-0.0311807
-0.0378510
-0.0422235
-0.0355767
-0.0199588
-0.0057102
-0.0000331
-0.0007108
-0.0009756
0.0020621
0.0058989
0.0088092
0.0142049
0.0259002
0.0401933
0.0472182
0.0424764
0.0341961
0.0357712
0.0516268
0.0732486
0.0889813
0.0953020
0.0979634
0.1042109
0.1157017
0.1288458
0.1404836
0.1514036
0.1638725
0.1777893
0.1917096
0.2068740
0.2270093
0.2531775
0.2812069
0.3058537
0.3262144
0.3456711
0.3671766
0.3894773
0.4076898
0.4175395
0.4197164
0.4199033
0.4235342
0.4305219
0.4358035
0.4344158
0.4247077
0.4069936
0.3809476
0.3454212
0.3009529
0.2524892
0.2084697
0.1744883
0.1468486
0.1152584
0.0748475
0.0341724
0.0079208
0.0012623
0.0037643
-0.0001698
-0.0161401
-0.0360019
-0.0484240
-0.0512797
-0.0520071
-0.0564914
-0.0613382
-0.0599889
-0.0538472
-0.0517994
-0.0578446
-0.0642224
-0.0603190
-0.0459362
-0.0320491
-0.0288859
-0.0359631
-0.0442832
-0.0462929
-0.0421392
-0.0367935
-0.0334053
-0.0315327
-0.0309640
-0.0336076
-0.0396982
-0.0447041
-0.0432199
-0.0353547
-0.0269742
-0.0237977
-0.0265751
-0.0311548
-0.0319252
-0.0267776
-0.0206984
-0.0224745
-0.0343726
-0.0462299
-0.0446455
-0.0294017
-0.0161692
-0.0186148
-0.0304056
-0.0323237
-0.0193107
-0.0100152
-0.0140600
0.0111322
0.1480882
0.4350062
0.7871114
1.0239806
1.0029727
0.7370261
0.3774975
0.0782842
-0.1218983
-0.2889530
-0.4839710
-0.6813123
-0.7958695
-0.7756026
-0.6522001
-0.5034966
-0.3827998
-0.2931175
-0.2168978
-0.1499119
-0.1011129
-0.0729911
-0.0554555
-0.0386877
-0.0239694
-0.0182499
-0.0215956
-0.0248295
-0.0201529
-0.0104077
-0.0046938
-0.0064971
-0.0102394
-0.0096234
-0.0049531
-0.0002648
0.0030644
0.0065320
0.0104514
0.0131805
0.0140607
0.0148406
0.0179267
0.0241018
0.0317020
0.0377166
0.0405260
0.0419314
0.0457400
0.0543030
0.0670900
0.0818397
0.0955977
0.1055257
0.1110971
0.1155591
0.1233550
0.1360108
0.1518064
0.1685920
0.1848873
0.1990769
0.2103684
0.2208660
0.2346297
0.2540791
0.2782561
0.3042346
0.3291045
0.3512540
0.3711409
0.3905912
0.4106845
0.4310236
0.4512218
0.4713479
0.4902552
0.5056320
0.5170070
0.5267750
0.5366749
0.5446718
0.5464903
0.5387868
0.5200256
0.4903020
0.4518369
0.4082842
0.3622065
0.3139251
0.2632080
0.2110741
0.1600217
0.1137564
0.0760866
0.0479892
0.0259320
0.0051773
-0.0152255
-0.0324399
-0.0443816
-0.0522462
-0.0587958
-0.0659620
-0.0737543
-0.0798960
-0.0812768
-0.0775558
-0.0725265
-0.0701582
-0.0702534
-0.0698581
-0.0678916
-0.0662377
-0.0668173
-0.0693451
-0.0717782
-0.0722208
-0.0711256
-0.0717246
-0.0764541
-0.0825729
-0.0838507
-0.0777998
-0.0690827
-0.0645716
-0.0670133
-0.0743770
-0.0828342
-0.0888055
-0.0902301
-0.0878729
-0.0846727
-0.0830245
-0.0832532
-0.0842662
-0.0843595
-0.0822873
-0.0794846
-0.0800320
-0.0856364
-0.0915856
-0.0911704
-0.0842100
-0.0780886
-0.0796253
-0.0880169
-0.0962233
-0.0977452
-0.0920059
-0.0843159
-0.0804794
-0.0811825
-0.0828632
-0.0838139
-0.0861515
-0.0905791
-0.0931925
-0.0907057
-0.0860966
-0.0851619
-0.0885694
-0.0905725
-0.0856843
-0.0750533
-0.0663457
-0.0674367
-0.0787027
-0.0912675
-0.0948761
-0.0880982
-0.0791359
-0.0768040
-0.0829691
-0.0931507
-0.1009468
-0.1014982
-0.0943005
-0.0842849
-0.0781635
-0.0788332
-0.0843281
-0.0910412
-0.0955998
-0.0951099
-0.0894048
-0.0829194
-0.0809850
-0.0837998
-0.0863179
-0.0840384
-0.0771305
-0.0696337
-0.0665111
-0.0704324
-0.0793131
-0.0876312
-0.0914527
-0.0911952
-0.0892099
-0.0872352
-0.0869248
-0.0892714
-0.0917642
-0.0897916
-0.0833806
-0.0792041
-0.0827477
-0.0908632
-0.0951137
-0.0911031
-0.0823646
-0.0761033
-0.0763917
-0.0807004
-0.0829093
-0.0805902
-0.0778618
-0.0788598
-0.0807565
-0.0776978
-0.0703950
-0.0662757
-0.0694401
-0.0752461
-0.0766542
-0.0727836
-0.0694491
-0.0726497
-0.0818643
-0.0891545
-0.0865465
-0.0757042
-0.0676748
-0.0706435
-0.0806608
-0.0873814
-0.0860385
-0.0801022
-0.0747589
-0.0721973
-0.0720719
-0.0728337
-0.0728110
-0.0719106
-0.0714781
-0.0718402
-0.0721095
-0.0727912
-0.0752832
-0.0780313
-0.0771483
-0.0723374
-0.0684415
-0.0693726
-0.0737052
-0.0774789
-0.0781373
-0.0750105
-0.0695855
-0.0661045
-0.0682443
-0.0742761
-0.0785226
-0.0778512
-0.0739541
-0.0699993
-0.0683906
-0.0706349
-0.0753512
-0.0772573
-0.0721834
-0.0626415
-0.0552708
-0.0538838
-0.0577468
-0.0643918
-0.0705789
-0.0727871
-0.0706572
-0.0682598
-0.0689331
-0.0710482
-0.0714565
-0.0701406
-0.0686239
-0.0669557
-0.0652131
-0.0649408
-0.0664258
-0.0674445
-0.0667121
-0.0654654
-0.0644663
-0.0633693
-0.0638680
-0.0684297
-0.0744376
-0.0748372
-0.0669512
-0.0565787
-0.0515805
-0.0546397
-0.0625592
-0.0688665
-0.0676829
-0.0596842
-0.0536911
-0.0575360
-0.0680092
-0.0745490
-0.0718129
-0.0638907
-0.0576929
-0.0572204
-0.0626142
-0.0695203
-0.0707350
-0.0633210
-0.0529906
-0.0479863
-0.0507918
-0.0584792
-0.0670817
-0.0721234
-0.0697322
-0.0618903
-0.0564719
-0.0579545
-0.0622238
-0.0639012
-0.0636050
-0.0640928
-0.0644916
-0.0627793
-0.0598361
-0.0574496
-0.0557064
-0.0543181
-0.0531110
-0.0511858
-0.0498365
-0.0541056
-0.0645390
-0.0701191
-0.0596149
-0.0396153
-0.0301859
-0.0402148
-0.0567421
-0.0620925
-0.0520983
-0.0293265
0.0197034
0.1329087
0.3459576
0.6414442
0.9214464
1.0508922
0.9533348
0.6705369
0.3228939
0.0133455
-0.2284677
-0.4235194
-0.5875937
-0.7026722
-0.7342792
-0.6713960
-0.5475547
-0.4185544
-0.3194831
-0.2494929
-0.1951035
-0.1527125
-0.1236407
-0.1027523
-0.0835382
-0.0667014
-0.0558541
-0.0508013
-0.0495128
-0.0500383
-0.0483897
-0.0425314
-0.0388204
-0.0446237
-0.0547902
-0.0567142
-0.0485610
-0.0406900
-0.0396907
-0.0431586
-0.0488913
-0.0563652
-0.0604796
-0.0565103
-0.0495609
-0.0475631
-0.0484869
-0.0458435
-0.0411107
-0.0384985
-0.0344572
-0.0252462
-0.0169635
-0.0150891
-0.0130653
-0.0039761
0.0070319
0.0147338
0.0259564
0.0465158
0.0690408
0.0864947
0.1035603
0.1227593
0.1355637
0.1388097
0.1419879
0.1477013
0.1453267
0.1340743
0.1293769
0.1367434
0.1443830
0.1500355
0.1663068
0.1913108
0.2062321
0.2102645
0.2233093
0.2473036
0.2635118
0.2730198
0.2952664
0.3224400
0.3273458
0.3206930
0.3398106
0.3751709
0.3807020
0.3664708
0.3910319
0.4354963
0.3880118
0.2100744
