-0.0531114
-0.0415116
-0.0331042
-0.0154185
0.0114028
0.0358039
0.0533473
0.0705891
0.0916660
0.1128210
0.1315904
0.1524400
0.1808224
0.2169208
0.2559067
0.2905382
0.3151483
0.3318499
0.3508727
0.3793748
0.4113453
0.4338893
0.4425783
0.4457402
0.4542440
0.4712971
0.4914274
0.5051511
0.5050349
0.4913170
0.4721409
0.4554631
0.4403055
0.4178506
0.3812826
0.3333684
0.2842948
0.2420046
0.2040097
0.1602506
0.1069322
0.0558170
0.0234490
0.0092840
-0.0088406
-0.0512003
-0.1104347
-0.1554677
-0.1627467
-0.1407904
-0.1220539
-0.1315415
-0.1646934
-0.1955508
-0.2038426
-0.1911210
-0.1717162
-0.1547219
-0.1401304
-0.1288505
-0.1273375
-0.1386141
-0.1533147
-0.1551186
-0.1360537
-0.1052715
-0.0822782
-0.0807741
-0.0973246
-0.1146947
-0.1166754
-0.1009402
-0.0793820
-0.0678185
-0.0746726
-0.0957567
-0.1171070
-0.1245025
-0.1139989
-0.0947641
-0.0810814
-0.0811993
-0.0932944
-0.1099632
-0.1244158
-0.1327397
-0.1326798
-0.1227535
-0.1042560
-0.0841978
-0.0735446
-0.0787190
-0.0940383
-0.1054523
-0.1039799
-0.0942126
-0.0876708
-0.0887130
-0.0897109
-0.0812790
-0.0656209
-0.0566321
-0.0646563
-0.0823171
-0.0894183
-0.0742610
-0.0478166
-0.0330850
-0.0406694
-0.0583373
-0.0656601
-0.0555107
-0.0380293
-0.0251659
-0.0165718
-0.0042829
0.0106118
0.0124541
-0.0124084
-0.0544974
-0.0832211
-0.0753187
-0.0405139
-0.0146290
-0.0250259
-0.0637308
-0.0957934
-0.0939029
-0.0641512
-0.0377987
-0.0386892
-0.0603477
-0.0758441
-0.0684489
-0.0495324
-0.0453221
-0.0681861
-0.1032950
-0.1235345
-0.1161558
-0.0942214
-0.0825925
-0.0937453
-0.1176516
-0.1340278
-0.1321239
-0.1179564
-0.1051384
-0.1021111
-0.1078093
-0.1157195
-0.1195661
-0.1165626
-0.1081188
-0.0984850
-0.0919382
-0.0905111
-0.0941092
-0.1015085
-0.1077564
-0.0965764
-0.0356175
0.1122879
0.3593736
0.6645908
0.9362953
1.0746531
1.0264983
0.8113216
0.5008359
0.1725894
-0.1254070
-0.3782445
-0.5844360
-0.7371667
-0.8224847
-0.8309422
-0.7684089
-0.6568280
-0.5263885
-0.4051441
-0.3106082
-0.2463257
-0.2051858
-0.1773639
-0.1568993
-0.1424619
-0.1337724
-0.1286935
-0.1239603
-0.1180242
-0.1122414
-0.1086504
-0.1069089
-0.1045219
-0.1003922
-0.0967417
-0.0960823
-0.0968631
-0.0939522
-0.0841220
-0.0701581
-0.0586638
-0.0538029
-0.0534746
-0.0516992
-0.0446941
-0.0343836
-0.0256905
-0.0206741
-0.0160876
-0.0068426
0.0088669
0.0281936
0.0465296
0.0610675
0.0721305
0.0822499
0.0944977
0.1113292
0.1340753
0.1623977
0.1937439
0.2242641
0.2516836
0.2773582
0.3043223
0.3328902
0.3592984
0.3796853
0.3948805
0.4100260
0.4290587
0.4502196
0.4678157
0.4784343
0.4844792
0.4907023
0.4978537
0.5014908
0.4975545
0.4872643
0.4746061
0.4597482
0.4374793
0.4032467
0.3593853
0.3136943
0.2717954
0.2320235
0.1885727
0.1391503
0.0884160
0.0436285
0.0080374
-0.0204486
-0.0450716
-0.0668652
-0.0858602
-0.1034856
-0.1216575
-0.1397156
-0.1539357
-0.1609560
-0.1612919
-0.1589248
-0.1574627
-0.1571013
-0.1555743
-0.1517139
-0.1472719
-0.1448617
-0.1446678
-0.1439008
-0.1394652
-0.1308976
-0.1211109
-0.1148018
-0.1155493
-0.1231417
-0.1332685
-0.1405650
-0.1426778
-0.1413640
-0.1395405
-0.1376472
-0.1334262
-0.1254158
-0.1162468
-0.1116388
-0.1153902
-0.1254033
-0.1353014
-0.1401862
-0.1403944
-0.1396172
-0.1402421
-0.1411834
-0.1397630
-0.1349120
-0.1285695
-0.1244455
-0.1253584
-0.1311618
-0.1388188
-0.1445227
-0.1461670
-0.1444237
-0.1419044
-0.1410550
-0.1422054
-0.1433711
-0.1421859
-0.1382256
-0.1334225
-0.1302372
-0.1294264
-0.1293256
-0.1271653
-0.1214683
-0.1134731
-0.1057690
-0.0990708
-0.0909748
-0.0791029
-0.0655875
-0.0571466
-0.0594259
-0.0710741
-0.0839843
-0.0899326
-0.0872648
-0.0813179
-0.0787748
-0.0821279
-0.0894203
-0.0979524
-0.1066854
-0.1150741
-0.1211625
-0.1220919
-0.1164062
-0.1055926
-0.0938715
-0.0867735
-0.0888067
-0.1007782
-0.1187749
-0.1365420
-0.1497741
-0.1582489
-0.1636769
-0.1660893
-0.1635996
-0.1562038
-0.1483831
-0.1457427
-0.1487234
-0.1516715
-0.1496073
-0.1443665
-0.1415253
-0.1418604
-0.1395554
-0.1308482
-0.1216535
-0.1222507
-0.1340519
-0.1456710
-0.1445536
-0.1282418
-0.0964257
-0.0306048
0.1074210
0.3402506
0.6292925
0.8705021
0.9515073
0.8284145
0.5548943
0.2376773
-0.0398607
-0.2592399
-0.4460148
-0.6185814
-0.7596476
-0.8319248
-0.8145325
-0.7226759
-0.5964452
-0.4745370
-0.3765079
-0.3029717
-0.2466172
-0.2021397
-0.1688144
-0.1471989
-0.1353937
-0.1288808
-0.1234278
-0.1174511
-0.1114678
-0.1058808
-0.0999900
-0.0932707
-0.0870155
-0.0837426
-0.0842871
-0.0857112
-0.0831152
-0.0742431
-0.0620371
-0.0520426
-0.0472801
-0.0460105
-0.0443726
-0.0405128
-0.0356530
-0.0313344
-0.0263391
-0.0171055
-0.0015267
0.0180427
0.0362571
0.0495181
0.0590554
0.0693452
0.0839210
0.1028232
0.1235047
0.1435996
0.1629539
0.1835402
0.2076127
0.2356355
0.2656094
0.2943422
0.3197174
0.3421767
0.3639927
0.3865770
0.4082428
0.4251899
0.4354361
0.4416628
0.4494183
0.4621360
0.4780936
0.4921779
0.5000387
0.5002768
0.4933609
0.4797335
0.4596921
0.4345621
0.4065880
0.3767727
0.3433898
0.3039963
0.2593719
0.2144483
0.1742156
0.1388662
0.1040228
0.0663105
0.0282855
-0.0029012
-0.0221704
-0.0318615
-0.0401329
-0.0536568
-0.0717190
-0.0875160
-0.0951139
-0.0949782
-0.0929634
-0.0944775
-0.0997989
-0.1046112
-0.1046079
-0.0995739
-0.0933046
-0.0898580
-0.0900519
-0.0914973
-0.0915834
-0.0900047
-0.0884267
-0.0880613
-0.0878472
-0.0852127
-0.0789452
-0.0713650
-0.0670440
-0.0685901
-0.0737027
-0.0771776
-0.0763450
-0.0741372
-0.0759846
-0.0834286
-0.0914427
-0.0929980
-0.0865139
-0.0780525
-0.0753706
-0.0800464
-0.0863434
-0.0878830
-0.0843414
-0.0807813
-0.0810575
-0.0832271
-0.0819122
-0.0745099
-0.0643323
-0.0576198
-0.0579001
-0.0634028
-0.0694845
-0.0728785
-0.0734922
-0.0727913
-0.0712433
-0.0675128
-0.0599582
-0.0489536
-0.0378351
-0.0310699
-0.0305643
-0.0333231
-0.0331825
-0.0257150
-0.0121341
0.0013352
0.0081962
0.0065547
0.0000536
-0.0058225
-0.0086302
-0.0104730
-0.0148815
-0.0225384
-0.0304549
-0.0354439
-0.0380484
-0.0424230
-0.0517660
-0.0637584
-0.0710851
-0.0673639
-0.0531780
-0.0364283
-0.0266723
-0.0286427
-0.0401558
-0.0551206
-0.0684481
-0.0790788
-0.0891415
-0.1001010
-0.1095640
-0.1126427
-0.1075039
-0.0992192
-0.0962861
-0.1020632
-0.1106632
-0.1134160
-0.1094633
-0.1071946
-0.1130653
-0.1211557
-0.1184908
-0.1018413
-0.0845707
-0.0820982
-0.0926082
-0.0988073
-0.0901541
-0.0744828
-0.0569118
-0.0085680
0.1270665
0.3771594
0.6826038
0.9092000
0.9347207
0.7397702
0.4187461
0.1014281
-0.1404148
-0.3197418
-0.4841673
-0.6503822
-0.7860699
-0.8447582
-0.8092494
-0.7028823
-0.5679835
-0.4393604
-0.3342362
-0.2568400
-0.2048738
-0.1721474
-0.1507074
-0.1347108
-0.1226198
-0.1147343
-0.1091839
-0.1018870
-0.0908147
-0.0789764
-0.0716992
-0.0707303
-0.0719302
-0.0695234
-0.0622894
-0.0546582
-0.0514807
-0.0524814
-0.0525571
-0.0472433
-0.0371054
-0.0266036
-0.0192830
-0.0146552
-0.0096315
-0.0022837
0.0064223
0.0145495
0.0221297
0.0315289
0.0449379
0.0620707
0.0805822
0.0983054
0.1146054
0.1298127
0.1441707
0.1578750
0.1718605
0.1877582
0.2065758
0.2276912
0.2497822
0.2728008
0.2982196
0.3266421
0.3555883
0.3806962
0.3994529
0.4130877
0.4242983
0.4336863
0.4394424
0.4407165
0.4403237
0.4429625
0.4504614
0.4593633
0.4636805
0.4596964
0.4474902
0.4281400
0.4009095
0.3643564
0.3199138
0.2731003
0.2302215
0.1936644
0.1605308
0.1259942
0.0882259
0.0504066
0.0181230
-0.0053880
-0.0218566
-0.0361792
-0.0518632
-0.0678252
-0.0795837
-0.0840518
-0.0835482
-0.0847131
-0.0925821
-0.1052676
-0.1148749
-0.1144070
-0.1042735
-0.0921643
-0.0863947
-0.0889193
-0.0942973
-0.0952555
-0.0895257
-0.0816868
-0.0785629
-0.0827723
-0.0905457
-0.0955953
-0.0949723
-0.0911877
-0.0888250
-0.0894935
-0.0905708
-0.0889210
-0.0850220
-0.0823642
-0.0827751
-0.0836960
-0.0813522
-0.0762836
-0.0741735
-0.0801849
-0.0929352
-0.1051052
-0.1102595
-0.1084831
-0.1050244
-0.1041801
-0.1055540
-0.1061551
-0.1047116
-0.1028452
-0.1025921
-0.1040753
-0.1057651
-0.1059400
-0.1033571
-0.0974696
-0.0891440
-0.0808284
-0.0746208
-0.0696584
-0.0625616
-0.0517620
-0.0410071
-0.0367345
-0.0408767
-0.0474339
-0.0483746
-0.0434700
-0.0423319
-0.0544309
-0.0770566
-0.0952958
-0.0958905
-0.0811974
-0.0682099
-0.0728732
-0.0953494
-0.1207202
-0.1332637
-0.1289745
-0.1148645
-0.0992651
-0.0860024
-0.0775397
-0.0792622
-0.0961824
-0.1251413
-0.1536161
-0.1690259
-0.1690232
-0.1614225
-0.1548676
-0.1519175
-0.1513490
-0.1535130
-0.1597326
-0.1674894
-0.1709020
-0.1681005
-0.1647764
-0.1665030
-0.1692559
-0.1631940
-0.1473256
-0.1346878
-0.1373937
-0.1494665
-0.1528141
-0.1415444
-0.1291120
-0.1185273
-0.0678777
0.0940989
0.3957048
0.7595435
1.0252685
1.0555751
0.8356683
0.4763373
0.1216398
-0.1509624
-0.3542072
-0.5359302
-0.7122510
-0.8504453
-0.9037890
-0.8551447
-0.7307627
-0.5808818
-0.4495490
-0.3560921
-0.2958433
-0.2539076
-0.2196201
-0.1915018
-0.1716235
-0.1579874
-0.1443522
-0.1272527
-0.1108144
-0.1026214
-0.1050827
-0.1123373
-0.1159830
-0.1127154
-0.1057243
-0.0997391
-0.0962197
-0.0931950
-0.0880626
-0.0796232
-0.0685552
-0.0574536
-0.0498826
-0.0472219
-0.0456504
-0.0382468
-0.0224540
-0.0050082
0.0034481
0.0004050
-0.0033820
0.0064922
0.0328813
0.0636131
0.0846379
0.0950330
0.1063104
0.1273662
0.1542552
0.1776421
0.1974003
0.2237766
0.2623318
0.3029535
0.3298260
0.3415310
0.3546966
0.3840524
0.4231423
0.4512937
0.4591746
0.4599643
0.4710362
0.4906041
0.5016924
0.4986118
0.4979627
0.5152657
0.5379902
0.5373193
0.5112741
0.5024774
0.5559139
0.6579177
0.7329157
0.7153036
0.6228202
0.5453362
0.5522515
0.6142937
0.6246449
0.5003386
0.2624596
0.0193511
-0.1240101
-0.1421166
-0.0889300
-0.0373042
-0.0204250
-0.0212643
-0.0064370
0.0335051
0.0729122
0.0756669
0.0313304
-0.0314185
-0.0681773
-0.0582513
-0.0222159
-0.0002710
-0.0136865
-0.0483341
-0.0742528
-0.0766933
-0.0654626
-0.0577048
-0.0584902
-0.0605078
-0.0576341
-0.0524710
-0.0503954
-0.0515947
-0.0526690
-0.0537043
-0.0589268
-0.0693892
-0.0787304
-0.0794834
-0.0725260
-0.0669763
-0.0698837
-0.0784448
-0.0842845
-0.0839097
-0.0820552
-0.0844094
-0.0897735
-0.0917184
-0.0871928
-0.0809170
-0.0800981
-0.0859225
-0.0916323
-0.0888039
-0.0746439
-0.0535671
-0.0333942
-0.0207779
-0.0185919
-0.0251105
-0.0349806
-0.0426117
-0.0462703
-0.0487329
-0.0529987
-0.0576379
-0.0577965
-0.0513709
-0.0428999
-0.0397514
-0.0446389
-0.0535430
-0.0615723
-0.0689536
-0.0788520
-0.0896535
-0.0928239
-0.0814908
-0.0607782
-0.0465592
-0.0515733
-0.0730039
-0.0953242
-0.1059356
-0.1070616
-0.1114081
-0.1267569
-0.1464688
-0.1561773
-0.1493605
-0.1349915
-0.1289586
-0.1381433
-0.1538275
-0.1613551
-0.1557643
-0.1465077
-0.1459472
-0.1543974
-0.1591290
-0.1493417
-0.1300330
-0.1177621
-0.1223928
-0.1364501
-0.1446979
-0.1399330
-0.1208003
-0.0709641
0.0497803
0.2755263
0.5824061
0.8691571
1.0056889
0.9202034
0.6504646
0.3119833
0.0119162
-0.2144546
-0.3953418
-0.5641903
-0.7148636
-0.8088495
-0.8164893
-0.7460016
-0.6355773
-0.5235670
-0.4275991
-0.3466913
-0.2760031
-0.2167211
-0.1743668
-0.1514446
-0.1432129
-0.1400652
-0.1338341
-0.1226697
-0.1105894
-0.1022493
-0.0979129
-0.0937019
-0.0868595
-0.0799838
-0.0788191
-0.0854197
-0.0943595
-0.0968380
-0.0887023
-0.0738786
-0.0599934
-0.0516426
-0.0483455
-0.0474596
-0.0466056
-0.0427240
-0.0312637
-0.0094420
0.0190977
0.0450643
0.0611457
0.0688197
0.0761504
0.0885754
0.1035286
0.1155129
0.1252708
0.1410979
0.1697731
0.2077539
0.2436500
0.2696914
0.2891601
0.3115971
0.3418214
0.3752032
0.4033766
0.4226138
0.4356118
0.4465923
0.4569766
0.4661266
0.4741907
0.4823382
0.4907477
0.4982388
0.5042785
0.5096282
0.5135206
0.5110877
0.4959039
0.4661332
0.4270398
0.3860247
0.3455113
0.3021836
0.2534516
0.2028452
0.1572480
0.1194014
0.0854952
0.0512926
0.0189505
-0.0047719
-0.0173980
-0.0255867
-0.0390002
-0.0596088
-0.0790346
-0.0875540
-0.0847141
-0.0794736
-0.0799122
-0.0845557
-0.0852150
-0.0776748
-0.0676141
-0.0649799
-0.0734038
-0.0865543
-0.0950188
-0.0955758
-0.0928492
-0.0925708
-0.0948409
-0.0948332
-0.0893791
-0.0815048
-0.0779302
-0.0825258
-0.0926143
-0.1013900
-0.1035787
-0.0992040
-0.0929395
-0.0902869
-0.0935955
-0.1005381
-0.1060336
-0.1062918
-0.1017733
-0.0963912
-0.0936867
-0.0938964
-0.0949329
-0.0957293
-0.0974742
-0.1010142
-0.1040617
-0.1027409
-0.0964835
-0.0900894
-0.0892319
-0.0937613
-0.0969160
-0.0924318
-0.0820713
-0.0746598
-0.0768017
-0.0850713
-0.0885108
-0.0793462
-0.0608807
-0.0443735
-0.0382865
-0.0410834
-0.0446299
-0.0438788
-0.0421352
-0.0463832
-0.0581855
-0.0706257
-0.0751793
-0.0712577
-0.0677330
-0.0742081
-0.0910509
-0.1086318
-0.1161263
-0.1102428
-0.0956219
-0.0789217
-0.0648248
-0.0573265
-0.0612504
-0.0788364
-0.1046087
-0.1265870
-0.1353592
-0.1322155
-0.1271954
-0.1289743
-0.1375412
-0.1465292
-0.1506256
-0.1492490
-0.1445424
-0.1388551
-0.1348421
-0.1351838
-0.1394999
-0.1426261
-0.1392949
-0.1313003
-0.1268732
-0.1304100
-0.1352631
-0.1314714
-0.1201845
-0.1121998
-0.1038475
-0.0565445
0.0852388
0.3391574
0.6418585
0.8682471
0.9094657
0.7470073
0.4592743
0.1574155
-0.0906082
-0.2850309
-0.4588029
-0.6258158
-0.7619660
-0.8286002
-0.8084256
-0.7198318
-0.6019650
-0.4890511
-0.3960035
-0.3217787
-0.2610343
-0.2117505
-0.1747628
-0.1498299
-0.1341510
-0.1243604
-0.1186691
-0.1164319
-0.1162070
-0.1153291
-0.1118856
-0.1066349
-0.1021111
-0.0994479
-0.0964642
-0.0895585
-0.0777884
-0.0647532
-0.0558256
-0.0531338
-0.0533713
-0.0509083
-0.0432058
-0.0329149
-0.0243936
-0.0184448
-0.0112532
0.0010140
0.0170145
0.0306423
0.0372611
0.0393485
0.0453676
0.0626521
0.0911516
0.1236701
0.1516876
0.1712132
0.1843772
0.1968367
0.2137415
0.2367920
0.2637777
0.2908651
0.3161084
0.3409465
0.3675944
0.3946660
0.4164321
0.4279908
0.4315204
0.4360976
0.4497542
0.4713511
0.4909682
0.4988177
0.4937482
0.4831903
0.4755527
0.4730501
0.4708606
0.4614438
0.4392320
0.4030013
0.3562182
0.3057593
0.2586445
0.2180026
0.1816970
0.1455498
0.1082145
0.0724438
0.0415364
0.0156136
-0.0075379
-0.0284650
-0.0447188
-0.0545874
-0.0611640
-0.0706814
-0.0858372
-0.1015765
-0.1088631
-0.1032400
-0.0895453
-0.0781247
-0.0764664
-0.0840218
-0.0939613
-0.0991246
-0.0968822
-0.0898692
-0.0830578
-0.0797029
-0.0790948
-0.0778950
-0.0740288
-0.0693685
-0.0680302
-0.0716392
-0.0768319
-0.0783834
-0.0749129
-0.0706242
-0.0707714
-0.0759453
-0.0817645
-0.0840391
-0.0829391
-0.0813662
-0.0803371
-0.0778283
-0.0725662
-0.0674173
-0.0674274
-0.0745677
-0.0855273
-0.0949553
-0.0998729
-0.1002881
-0.0966750
-0.0888726
-0.0779798
-0.0676697
-0.0616902
-0.0599162
-0.0582234
-0.0530659
-0.0454412
-0.0392869
-0.0362440
-0.0333869
-0.0269402
-0.0176039
-0.0110538
-0.0128091
-0.0229887
-0.0362656
-0.0465290
-0.0513977
-0.0529553
-0.0552104
-0.0609455
-0.0698589
-0.0786658
-0.0832622
-0.0819491
-0.0770607
-0.0728635
-0.0714117
-0.0711190
-0.0702488
-0.0712122
-0.0795190
-0.0973501
-0.1191169
-0.1350896
-0.1397325
-0.1355129
-0.1285974
-0.1227784
-0.1188921
-0.1180387
-0.1215430
-0.1271164
-0.1289300
-0.1248256
-0.1212635
-0.1259812
-0.1352948
-0.1349489
-0.1186730
-0.1018378
-0.1072830
-0.1352538
-0.1566884
-0.1455821
-0.1127026
-0.0901008
-0.0735343
0.0053099
0.2219388
0.5592048
0.8738390
0.9862894
0.8225068
0.4729155
0.1114814
-0.1441779
-0.2999556
-0.4324513
-0.5891798
-0.7443231
-0.8367918
-0.8329021
-0.7491008
-0.6276560
-0.5039139
-0.3954703
-0.3091153
-0.2469808
-0.2061960
-0.1794562
-0.1600200
-0.1452416
-0.1341771
-0.1238953
-0.1110045
-0.0965552
-0.0864502
-0.0849923
-0.0889067
-0.0897164
-0.0825042
-0.0712166
-0.0644305
-0.0661943
-0.0717042
-0.0720430
-0.0628091
-0.0480430
-0.0359549
-0.0308756
-0.0292006
-0.0231890
-0.0089588
0.0092190
0.0229104
0.0281427
0.0299026
0.0374948
0.0551750
0.0777767
0.0960848
0.1063672
0.1140339
0.1278650
0.1513181
0.1798596
0.2060221
0.2260048
0.2416766
0.2579829
0.2796356
0.3091042
0.3450713
0.3815160
0.4099573
0.4254663
0.4315327
0.4375565
0.4498546
0.4654374
0.4762113
0.4795526
0.4827721
0.4951177
0.5155983
0.5307332
0.5257370
0.4976686
0.4570431
0.4172218
0.3833787
0.3514154
0.3153240
0.2736823
0.2296436
0.1870660
0.1479694
0.1125423
0.0797561
0.0479993
0.0168294
-0.0110316
-0.0307236
-0.0400471
-0.0432726
-0.0485577
-0.0604075
-0.0751965
-0.0851983
-0.0869143
-0.0842511
-0.0831232
-0.0843619
-0.0837218
-0.0787282
-0.0733368
-0.0739804
-0.0814750
-0.0888145
-0.0880562
-0.0786100
-0.0675295
-0.0617884
-0.0616028
-0.0620336
-0.0600599
-0.0582570
-0.0609906
-0.0683225
-0.0752721
-0.0771795
-0.0745413
-0.0717303
-0.0716064
-0.0726131
-0.0713785
-0.0671124
-0.0624364
-0.0601222
-0.0601624
-0.0607132
-0.0612471
-0.0634452
-0.0684646
-0.0742085
-0.0766206
-0.0740676
-0.0696443
-0.0681583
-0.0706463
-0.0724998
-0.0677509
-0.0554584
-0.0415301
-0.0336670
-0.0340915
-0.0371672
-0.0343273
-0.0216529
-0.0031660
0.0125812
0.0187312
0.0135663
-0.0005311
-0.0196940
-0.0395152
-0.0546756
-0.0601450
-0.0547449
-0.0436459
-0.0358880
-0.0378849
-0.0486949
-0.0615013
-0.0694166
-0.0697586
-0.0637678
-0.0542946
-0.0451821
-0.0418817
-0.0496562
-0.0687294
-0.0914931
-0.1069653
-0.1100069
-0.1059716
-0.1050007
-0.1115280
-0.1204735
-0.1241902
-0.1217156
-0.1193810
-0.1224847
-0.1284821
-0.1298640
-0.1228189
-0.1111858
-0.1018530
-0.0982540
-0.0993630
-0.1030129
-0.1075025
-0.1106663
-0.1109774
-0.1102330
-0.1091652
-0.0928951
-0.0218701
0.1492151
0.4259747
0.7398655
0.9672093
1.0012566
0.8232743
0.5115981
0.1804347
-0.0970431
-0.3165473
-0.5074904
-0.6792485
-0.8026682
-0.8383282
-0.7770762
-0.6524820
-0.5171149
-0.4079639
-0.3307145
-0.2706408
-0.2145427
-0.1632819
-0.1273059
-0.1132657
-0.1154199
-0.1190493
-0.1119630
-0.0936243
-0.0741190
-0.0643692
-0.0665877
-0.0732664
-0.0748408
-0.0683432
-0.0590350
-0.0540710
-0.0547952
-0.0553022
-0.0485756
-0.0339365
-0.0181802
-0.0091725
-0.0083796
-0.0097861
-0.0059595
0.0051595
0.0193974
0.0315802
0.0409450
0.0513108
0.0665485
0.0866074
0.1080376
0.1276957
0.1453111
0.1627132
0.1815022
0.2020205
0.2241650
0.2483080
0.2749464
0.3036401
0.3327549
0.3605116
0.3862197
0.4103015
0.4331087
0.4539287
0.4712927
0.4841712
0.4928252
0.4987311
0.5039331
0.5102582
0.5184992
0.5277544
0.5354029
0.5379682
0.5324820
0.5175833
0.4938128
0.4630655
0.4275498
0.3887542
0.3469784
0.3019240
0.2542500
0.2068000
0.1636999
0.1272447
0.0954491
0.0635877
0.0291638
-0.0047142
-0.0318290
-0.0492812
-0.0609390
-0.0735579
-0.0892486
-0.1026406
-0.1064965
-0.1000895
-0.0909824
-0.0878050
-0.0918140
-0.0966116
-0.0961896
-0.0920007
-0.0910266
-0.0972168
-0.1061577
-0.1090528
-0.1016821
-0.0887106
-0.0790512
-0.0775743
-0.0816568
-0.0850650
-0.0840271
-0.0794607
-0.0747315
-0.0726567
-0.0743929
-0.0795115
-0.0859151
-0.0901822
-0.0895316
-0.0843782
-0.0785527
-0.0760773
-0.0774903
-0.0799461
-0.0812428
-0.0829283
-0.0882361
-0.0969235
-0.1035241
-0.1019869
-0.0919375
-0.0793734
-0.0708271
-0.0675671
-0.0661785
-0.0640831
-0.0626684
-0.0639731
-0.0654590
-0.0605039
-0.0454357
-0.0252785
-0.0108991
-0.0098590
-0.0204534
-0.0346106
-0.0455047
-0.0516764
-0.0549819
-0.0569526
-0.0583772
-0.0611220
-0.0678341
-0.0786950
-0.0895657
-0.0949751
-0.0930889
-0.0867281
-0.0794946
-0.0726584
-0.0672375
-0.0677417
-0.0804158
-0.1056400
-0.1333452
-0.1491744
-0.1471421
-0.1355590
-0.1289187
-0.1338331
-0.1441202
-0.1497906
-0.1487174
-0.1473960
-0.1511311
-0.1567355
-0.1566737
-0.1486231
-0.1381358
-0.1318351
-0.1306793
-0.1314361
-0.1326026
-0.1356041
-0.1404004
-0.1436965
-0.1430459
-0.1375817
-0.1170814
-0.0504525
0.1023696
0.3500419
0.6336461
0.8390376
0.8634204
0.6863618
0.3830265
0.0669259
-0.1867148
-0.3722921
-0.5233088
-0.6608967
-0.7718970
-0.8274206
-0.8126565
-0.7376161
-0.6267796
-0.5054393
-0.3942299
-0.3078568
-0.2515762
-0.2184321
-0.1942335
-0.1687336
-0.1424838
-0.1225084
-0.1124396
-0.1085085
-0.1048605
-0.1003690
-0.0983451
-0.1002675
-0.1020125
-0.0974063
-0.0848470
-0.0694364
-0.0584388
-0.0548853
-0.0554484
-0.0540889
-0.0476344
-0.0381463
-0.0302669
-0.0263840
-0.0242439
-0.0191516
-0.0085025
0.0058239
0.0195696
0.0304596
0.0401370
0.0516892
0.0659621
0.0812978
0.0968538
0.1147961
0.1379481
0.1655607
0.1927784
0.2150729
0.2327188
0.2500892
0.2706235
0.2934018
0.3152087
0.3352479
0.3564504
0.3815923
0.4089393
0.4327664
0.4482462
0.4553108
0.4578426
0.4599193
0.4631467
0.4667273
0.4688965
0.4679917
0.4627883
0.4524948
0.4365662
0.4144009
0.3853788
0.3496371
0.3089413
0.2663025
0.2241834
0.1832304
0.1433110
0.1056112
0.0726387
0.0455456
0.0222868
-0.0002681
-0.0223053
-0.0403144
-0.0512103
-0.0566725
-0.0621477
-0.0710809
-0.0809590
-0.0861743
-0.0847976
-0.0813308
-0.0818429
-0.0869450
-0.0909451
-0.0884178
-0.0806967
-0.0748142
-0.0759988
-0.0819691
-0.0851950
-0.0807137
-0.0712889
-0.0645629
-0.0652554
-0.0706143
-0.0737722
-0.0711971
-0.0662155
-0.0650368
-0.0697593
-0.0758670
-0.0768689
-0.0712271
-0.0642511
-0.0627724
-0.0680578
-0.0744866
-0.0754719
-0.0703312
-0.0648831
-0.0653467
-0.0720328
-0.0791557
-0.0806736
-0.0762100
-0.0712914
-0.0718163
-0.0783049
-0.0856243
-0.0883491
-0.0862607
-0.0844095
-0.0876169
-0.0948146
-0.0989829
-0.0932867
-0.0778792
-0.0606219
-0.0504976
-0.0498132
-0.0526893
-0.0509722
-0.0413961
-0.0273313
-0.0146008
-0.0064695
-0.0025419
-0.0014636
-0.0035734
-0.0104701
-0.0222936
-0.0360318
-0.0469115
-0.0517356
-0.0513292
-0.0501495
-0.0531704
-0.0620506
-0.0735442
-0.0818740
-0.0832797
-0.0784797
-0.0709332
-0.0636236
-0.0584247
-0.0579210
-0.0655384
-0.0819953
-0.1020420
-0.1169214
-0.1217096
-0.1198225
-0.1189460
-0.1225640
-0.1270744
-0.1278000
-0.1257529
-0.1260610
-0.1304675
-0.1346379
-0.1341521
-0.1304158
-0.1276721
-0.1256098
-0.1194753
-0.1090187
-0.1030488
-0.1100539
-0.1252583
-0.1330908
-0.1249329
-0.1074412
-0.0834844
-0.0255601
0.1164217
0.3625161
0.6524520
0.8592687
0.8715477
0.6759903
0.3642319
0.0581488
-0.1759149
-0.3497262
-0.5058538
-0.6585039
-0.7792119
-0.8292127
-0.7963270
-0.7017403
-0.5802920
-0.4601423
-0.3571795
-0.2787638
-0.2259651
-0.1929335
-0.1691411
-0.1461600
-0.1231255
-0.1049755
-0.0952307
-0.0911428
-0.0863294
-0.0776778
-0.0687102
-0.0655778
-0.0697678
-0.0751784
-0.0730688
-0.0605378
-0.0440646
-0.0338130
-0.0337763
-0.0379174
-0.0367314
-0.0273484
-0.0161454
-0.0110856
-0.0124301
-0.0120873
-0.0021323
0.0169304
0.0369984
0.0510397
0.0599508
0.0703589
0.0864089
0.1050309
0.1197512
0.1284139
0.1363181
0.1516888
0.1782558
0.2120079
0.2447516
0.2708190
0.2907592
0.3091203
0.3292881
0.3508683
0.3716926
0.3912397
0.4111255
0.4322230
0.4520998
0.4662518
0.4723947
0.4733299
0.4748245
0.4801432
0.4868310
0.4891787
0.4835942
0.4711359
0.4550625
0.4367159
0.4141447
0.3843609
0.3465591
0.3032727
0.2587447
0.2162857
0.1769791
0.1404600
0.1064883
0.0756913
0.0490439
0.0267701
0.0077019
-0.0100329
-0.0271577
-0.0420548
-0.0521596
-0.0571089
-0.0601191
-0.0654749
-0.0744562
-0.0840786
-0.0900372
-0.0907334
-0.0882750
-0.0857347
-0.0839657
-0.0815396
-0.0775195
-0.0733030
-0.0711195
-0.0712994
-0.0720111
-0.0716503
-0.0705471
-0.0699580
-0.0701212
-0.0700242
-0.0688300
-0.0668449
-0.0649659
-0.0637318
-0.0633869
-0.0645813
-0.0680819
-0.0732264
-0.0772885
-0.0775681
-0.0743435
-0.0707752
-0.0692966
-0.0689473
-0.0673020
-0.0645382
-0.0640472
-0.0683741
-0.0755045
-0.0804277
-0.0805264
-0.0784405
-0.0786572
-0.0814926
-0.0817226
-0.0740959
-0.0597386
-0.0460572
-0.0401632
-0.0429540
-0.0493371
-0.0528105
-0.0491740
-0.0373763
-0.0194101
-0.0005595
0.0116330
0.0113128
-0.0010249
-0.0181128
-0.0315496
-0.0385075
-0.0423439
-0.0466277
-0.0502577
-0.0500491
-0.0471729
-0.0481649
-0.0578913
-0.0725518
-0.0816733
-0.0777977
-0.0636659
-0.0495559
-0.0442820
-0.0494545
-0.0614702
-0.0765706
-0.0925984
-0.1075548
-0.1194075
-0.1278661
-0.1342370
-0.1384100
-0.1378965
-0.1319502
-0.1254537
-0.1254498
-0.1327317
-0.1392465
-0.1362946
-0.1245649
-0.1134567
-0.1101523
-0.1123651
-0.1140035
-0.1151422
-0.1212290
-0.1321196
-0.1379050
-0.1296077
-0.1082407
-0.0727838
0.0017319
0.1592856
0.4163919
0.7132968
0.9228335
0.9285527
0.7105373
0.3601864
0.0090910
-0.2620913
-0.4552481
-0.6119233
-0.7515518
-0.8517739
-0.8778070
-0.8202218
-0.7041444
-0.5697846
-0.4486905
-0.3540689
-0.2848381
-0.2339747
-0.1948124
-0.1640345
-0.1414297
-0.1269881
-0.1181856
-0.1109272
-0.1033883
-0.0975154
-0.0954331
-0.0952699
-0.0924848
-0.0853692
-0.0772435
-0.0721394
-0.0696488
-0.0656822
-0.0579566
-0.0490645
-0.0434021
-0.0419665
-0.0413400
-0.0377295
-0.0307700
-0.0225653
-0.0139950
-0.0037844
0.0086715
0.0216461
0.0337541
0.0470331
0.0649650
0.0870128
0.1070362
0.1189535
0.1240360
0.1314712
0.1506634
0.1825754
0.2188035
0.2493751
0.2713646
0.2899192
0.3116567
0.3379617
0.3643969
0.3853896
0.3991189
0.4088358
0.4201096
0.4361191
0.4547509
0.4704221
0.4793073
0.4827918
0.4854248
0.4893388
0.4908696
0.4830981
0.4622793
0.4319248
0.3999832
0.3714214
0.3437699
0.3103403
0.2675273
0.2185719
0.1706541
0.1290388
0.0938165
0.0614975
0.0295515
-0.0003108
-0.0234268
-0.0371218
-0.0442534
-0.0513239
-0.0628477
-0.0776361
-0.0905433
-0.0977395
-0.1002753
-0.1024007
-0.1064347
-0.1100175
-0.1092616
-0.1041563
-0.0993188
-0.0988285
-0.1014608
-0.1021272
-0.0976783
-0.0904208
-0.0858044
-0.0869961
-0.0918109
-0.0948957
-0.0929048
-0.0874053
-0.0827319
-0.0815350
-0.0828315
-0.0838335
-0.0828494
-0.0805984
-0.0794622
-0.0813730
-0.0857085
-0.0892370
-0.0888022
-0.0843110
-0.0788862
-0.0762058
-0.0778562
-0.0827623
-0.0885173
-0.0933220
-0.0970144
-0.1002065
-0.1025351
-0.1024996
-0.0994548
-0.0951340
-0.0924315
-0.0926938
-0.0944117
-0.0944190
-0.0905356
-0.0837258
-0.0777350
-0.0756920
-0.0765284
-0.0753019
-0.0676270
-0.0537489
-0.0383899
-0.0270960
-0.0225774
-0.0237235
-0.0277367
-0.0333530
-0.0416220
-0.0529495
-0.0640116
-0.0692452
-0.0662361
-0.0591458
-0.0561046
-0.0626978
-0.0772518
-0.0920051
-0.0993986
-0.0979903
-0.0923673
-0.0876526
-0.0853599
-0.0850061
-0.0877706
-0.0961657
-0.1101989
-0.1258075
-0.1380562
-0.1452625
-0.1494295
-0.1530902
-0.1566380
-0.1591658
-0.1610105
-0.1635074
-0.1656552
-0.1636076
-0.1563137
-0.1500636
-0.1526657
-0.1620486
-0.1656246
-0.1552760
-0.1401736
-0.1381887
-0.1531894
-0.1670385
-0.1601362
-0.1364244
-0.1156672
-0.0926400
-0.0129638
0.1872318
0.4997755
0.8064368
0.9435341
0.8252034
0.5118551
0.1571965
-0.1152292
-0.2906755
-0.4339834
-0.5975640
-0.7635616
-0.8685473
-0.8707915
-0.7861695
-0.6651116
-0.5475435
-0.4442390
-0.3518062
-0.2724621
-0.2155421
-0.1855436
-0.1747771
-0.1690217
-0.1590580
-0.1458655
-0.1352842
-0.1295728
-0.1255431
-0.1195699
-0.1116924
-0.1044913
-0.1000755
-0.0987719
-0.0989582
-0.0975524
-0.0923785
-0.0847971
-0.0785819
-0.0755367
-0.0733562
-0.0682239
-0.0586367
-0.0467181
-0.0365973
-0.0308294
-0.0272107
-0.0200921
-0.0064862
0.0100926
0.0237639
0.0333536
0.0433179
0.0583767
0.0791905
0.1026446
0.1245688
0.1428777
0.1596297
0.1791848
0.2031818
0.2287037
0.2524518
0.2746663
0.2974321
0.3212862
0.3451382
0.3673593
0.3854761
0.3973701
0.4044616
0.4111283
0.4194347
0.4271206
0.4319130
0.4343943
0.4351708
0.4327600
0.4257722
0.4137713
0.3952094
0.3686675
0.3366659
0.3033624
0.2681868
0.2276209
0.1835242
0.1425927
0.1068554
0.0727006
0.0401152
0.0131646
-0.0103809
-0.0379821
-0.0665030
-0.0800147
-0.0711024
