0.2463410
0.4068173
0.3099122
0.2697063
0.3641941
0.4219347
0.3870915
0.3800455
0.4374749
0.4631108
0.4338659
0.4354553
0.4870617
0.5126794
0.4918127
0.4833169
0.4983800
0.4854144
0.4383692
0.4013676
0.3742543
0.3195948
0.2495198
0.2085651
0.1871609
0.1402876
0.0724929
0.0246512
-0.0015454
-0.0338885
-0.0694590
-0.0887433
-0.1025738
-0.1274392
-0.1443622
-0.1343542
-0.1215898
-0.1334549
-0.1524874
-0.1519865
-0.1435711
-0.1487542
-0.1585219
-0.1573198
-0.1527959
-0.1515101
-0.1406157
-0.1192167
-0.1110755
-0.1239661
-0.1335235
-0.1260505
-0.1195786
-0.1264112
-0.1324950
-0.1281441
-0.1233365
-0.1216887
-0.1137850
-0.1034302
-0.1065875
-0.1202285
-0.1252187
-0.1207434
-0.1230393
-0.1319399
-0.1316800
-0.1220095
-0.1171317
-0.1181924
-0.1160287
-0.1142692
-0.1217282
-0.1306476
-0.1289953
-0.1239235
-0.1281897
-0.1355739
-0.1334088
-0.1261290
-0.1244238
-0.1253608
-0.1230771
-0.1234084
-0.1299066
-0.1324409
-0.1259550
-0.1220765
-0.1272117
-0.1288713
-0.1181359
-0.1059776
-0.1037933
-0.1063965
-0.1054722
-0.1018009
-0.0959831
-0.0854738
-0.0760089
-0.0762155
-0.0777711
-0.0625916
-0.0328484
-0.0121280
-0.0136679
-0.0276223
-0.0411914
-0.0514877
-0.0578203
-0.0599042
-0.0636642
-0.0732068
-0.0809268
-0.0805555
-0.0820493
-0.0961551
-0.1128620
-0.1140504
-0.1003172
-0.0878266
-0.0857388
-0.0924069
-0.1058521
-0.1231827
-0.1372278
-0.1457584
-0.1554016
-0.1675389
-0.1725051
-0.1667235
-0.1616486
-0.1660292
-0.1730102
-0.1737298
-0.1699450
-0.1654450
-0.1592421
-0.1542619
-0.1580822
-0.1682842
-0.1712883
-0.1620013
-0.1515853
-0.1507191
-0.1568367
-0.1609622
-0.1566525
-0.1413796
-0.1168393
-0.0811956
-0.0097290
0.1423125
0.3893773
0.6661253
0.8509135
0.8515640
0.6678845
0.3788700
0.0808978
-0.1696885
-0.3738207
-0.5580224
-0.7244823
-0.8381175
-0.8645619
-0.8070988
-0.6985744
-0.5719045
-0.4500899
-0.3503226
-0.2796799
-0.2312934
-0.1955087
-0.1704577
-0.1563582
-0.1481933
-0.1405437
-0.1321086
-0.1216123
-0.1079123
-0.0960723
-0.0926833
-0.0936429
-0.0882444
-0.0764416
-0.0691172
-0.0695953
-0.0681765
-0.0577512
-0.0429255
-0.0309779
-0.0238186
-0.0202539
-0.0174640
-0.0107273
0.0004286
0.0087716
0.0103480
0.0139776
0.0300063
0.0546331
0.0756473
0.0888265
0.0986697
0.1080722
0.1175154
0.1302100
0.1490030
0.1718760
0.1968867
0.2260683
0.2589324
0.2891497
0.3131622
0.3345728
0.3553162
0.3713543
0.3822558
0.3958390
0.4174743
0.4425960
0.4642963
0.4808032
0.4925779
0.5003271
0.5081722
0.5201653
0.5317924
0.5332746
0.5220972
0.5037348
0.4802415
0.4477339
0.4055087
0.3586314
0.3110401
0.2634856
0.2171376
0.1722994
0.1263598
0.0801932
0.0423600
0.0187236
0.0022938
-0.0177887
-0.0410992
-0.0583824
-0.0657332
-0.0683950
-0.0730081
-0.0819091
-0.0919165
-0.0949833
-0.0854112
-0.0699274
-0.0636785
-0.0722153
-0.0847735
-0.0892060
-0.0853702
-0.0794899
-0.0740132
-0.0687867
-0.0652924
-0.0643418
-0.0644237
-0.0650875
-0.0670555
-0.0684611
-0.0671130
-0.0659614
-0.0690095
-0.0727689
-0.0702176
-0.0627832
-0.0597241
-0.0653052
-0.0742285
-0.0798363
-0.0802749
-0.0774800
-0.0760925
-0.0812974
-0.0917691
-0.0977516
-0.0923106
-0.0810800
-0.0748185
-0.0763199
-0.0808504
-0.0850702
-0.0886637
-0.0906025
-0.0899362
-0.0878080
-0.0849513
-0.0808560
-0.0777099
-0.0794792
-0.0845735
-0.0861559
-0.0826121
-0.0803651
-0.0828688
-0.0844152
-0.0793878
-0.0712309
-0.0674594
-0.0700117
-0.0734849
-0.0697851
-0.0545417
-0.0332051
-0.0190729
-0.0191676
-0.0240066
-0.0186386
-0.0020748
0.0123334
0.0147285
0.0084986
0.0021073
-0.0012341
-0.0045921
-0.0132806
-0.0301000
-0.0511084
-0.0676807
-0.0755833
-0.0786655
-0.0809493
-0.0806924
-0.0764171
-0.0723533
-0.0718908
-0.0711838
-0.0659497
-0.0603916
-0.0629109
-0.0756224
-0.0928437
-0.1075107
-0.1158903
-0.1188647
-0.1209887
-0.1256962
-0.1308972
-0.1325424
-0.1310451
-0.1289688
-0.1249015
-0.1174383
-0.1129629
-0.1187768
-0.1283274
-0.1255053
-0.1079610
-0.0951903
-0.1046945
-0.1260700
-0.1296915
-0.1030456
-0.0691176
-0.0546409
-0.0343812
0.0765893
0.3436200
0.7104668
0.9960594
1.0249630
0.7740331
0.3857947
0.0375329
-0.1974163
-0.3674926
-0.5469932
-0.7403181
-0.8796434
-0.9018419
-0.8122308
-0.6705835
-0.5298559
-0.4045864
-0.2927702
-0.2037532
-0.1516025
-0.1329440
-0.1266997
-0.1150002
-0.0967376
-0.0809546
-0.0723705
-0.0653240
-0.0513273
-0.0314614
-0.0174014
-0.0169527
-0.0227440
-0.0214665
-0.0114162
-0.0030553
-0.0030781
-0.0058107
-0.0016108
0.0121975
0.0302611
0.0449662
0.0526219
0.0565481
0.0632220
0.0737000
0.0821308
0.0854310
0.0897629
0.1027569
0.1231575
0.1433189
0.1590242
0.1721073
0.1858925
0.2023820
0.2220489
0.2431826
0.2632408
0.2826274
0.3044583
0.3295753
0.3554619
0.3808449
0.4068091
0.4324221
0.4543358
0.4720750
0.4887522
0.5052581
0.5188764
0.5292188
0.5405670
0.5561342
0.5734953
0.5869828
0.5919573
0.5869989
0.5748811
0.5602725
0.5432058
0.5168030
0.4755428
0.4237232
0.3712510
0.3230226
0.2771412
0.2317627
0.1886054
0.1503317
0.1181560
0.0912937
0.0665875
0.0409532
0.0164259
-0.0003836
-0.0065826
-0.0075742
-0.0106490
-0.0171706
-0.0236067
-0.0269893
-0.0268926
-0.0251125
-0.0253773
-0.0302288
-0.0367229
-0.0386306
-0.0340558
-0.0273308
-0.0226988
-0.0201840
-0.0184725
-0.0176594
-0.0180620
-0.0198432
-0.0242131
-0.0314830
-0.0380459
-0.0391432
-0.0347440
-0.0294815
-0.0272836
-0.0290052
-0.0339127
-0.0399758
-0.0441136
-0.0456097
-0.0477166
-0.0527055
-0.0575594
-0.0581876
-0.0557217
-0.0548064
-0.0574211
-0.0618810
-0.0663909
-0.0705430
-0.0745149
-0.0787343
-0.0828249
-0.0842237
-0.0808263
-0.0756769
-0.0749559
-0.0799156
-0.0850721
-0.0862192
-0.0859496
-0.0887811
-0.0943959
-0.0983245
-0.0970359
-0.0909371
-0.0843418
-0.0825837
-0.0865831
-0.0907808
-0.0895788
-0.0848943
-0.0833595
-0.0865691
-0.0883268
-0.0818703
-0.0667396
-0.0487729
-0.0358425
-0.0322198
-0.0340485
-0.0318586
-0.0208427
-0.0072897
-0.0017808
-0.0074549
-0.0178140
-0.0245381
-0.0249607
-0.0237238
-0.0293927
-0.0471928
-0.0725368
-0.0935963
-0.1022392
-0.1005946
-0.0959526
-0.0924292
-0.0893086
-0.0845014
-0.0777658
-0.0728355
-0.0768335
-0.0938968
-0.1182639
-0.1375432
-0.1448055
-0.1448166
-0.1472162
-0.1561663
-0.1674084
-0.1728069
-0.1671606
-0.1529621
-0.1389827
-0.1325639
-0.1336229
-0.1371234
-0.1391788
-0.1389484
-0.1378708
-0.1399586
-0.1487867
-0.1597489
-0.1599671
-0.1434205
-0.1228167
-0.1135878
-0.0994839
-0.0228502
0.1727120
0.4747955
0.7752697
0.9253625
0.8395483
0.5585739
0.2108690
-0.0907941
-0.3176122
-0.5029418
-0.6731384
-0.8108938
-0.8778821
-0.8572619
-0.7686566
-0.6487497
-0.5255002
-0.4117642
-0.3159690
-0.2480622
-0.2108882
-0.1925645
-0.1760298
-0.1556041
-0.1382489
-0.1291260
-0.1228757
-0.1113395
-0.0947486
-0.0815021
-0.0784440
-0.0832698
-0.0862884
-0.0798474
-0.0664175
-0.0559382
-0.0543662
-0.0571786
-0.0555979
-0.0462901
-0.0326487
-0.0195459
-0.0100193
-0.0047742
-0.0013453
0.0051402
0.0176460
0.0343072
0.0511908
0.0665790
0.0814118
0.0972437
0.1147801
0.1327908
0.1482827
0.1601962
0.1729543
0.1929480
0.2206432
0.2493672
0.2731297
0.2929110
0.3140670
0.3399269
0.3691032
0.3974088
0.4217432
0.4429856
0.4643277
0.4857181
0.5023601
0.5115979
0.5190739
0.5334965
0.5553819
0.5745421
0.5794176
0.5669462
0.5434546
0.5176355
0.4922967
0.4618687
0.4190210
0.3644601
0.3081419
0.2595532
0.2190815
0.1804035
0.1387249
0.0946627
0.0525108
0.0172120
-0.0086008
-0.0267668
-0.0419259
-0.0566438
-0.0693687
-0.0775505
-0.0809589
-0.0816414
-0.0826018
-0.0865041
-0.0932662
-0.0989215
-0.0994749
-0.0959594
-0.0929981
-0.0923558
-0.0909475
-0.0858649
-0.0788165
-0.0745677
-0.0762841
-0.0824739
-0.0876219
-0.0869539
-0.0819984
-0.0797902
-0.0845043
-0.0916084
-0.0930362
-0.0870316
-0.0801699
-0.0801397
-0.0885284
-0.1002192
-0.1084355
-0.1109780
-0.1121470
-0.1172308
-0.1249825
-0.1282687
-0.1232745
-0.1151281
-0.1122543
-0.1171370
-0.1247159
-0.1286035
-0.1273308
-0.1252604
-0.1279196
-0.1354810
-0.1412412
-0.1384993
-0.1287040
-0.1204444
-0.1203144
-0.1269769
-0.1340953
-0.1366254
-0.1341164
-0.1302159
-0.1292375
-0.1313500
-0.1313271
-0.1240492
-0.1110255
-0.0994276
-0.0945195
-0.0943059
-0.0914071
-0.0796877
-0.0606447
-0.0444710
-0.0426311
-0.0568399
-0.0762125
-0.0870357
-0.0846806
-0.0753804
-0.0687412
-0.0704851
-0.0804823
-0.0947914
-0.1093086
-0.1222481
-0.1328365
-0.1383239
-0.1349345
-0.1229366
-0.1090382
-0.1024062
-0.1085645
-0.1262620
-0.1482430
-0.1656494
-0.1745475
-0.1785937
-0.1832641
-0.1879815
-0.1871612
-0.1792670
-0.1709037
-0.1695726
-0.1744989
-0.1775321
-0.1732466
-0.1661088
-0.1654451
-0.1730016
-0.1787356
-0.1729324
-0.1607275
-0.1574568
-0.1674844
-0.1757616
-0.1675052
-0.1492951
-0.1353267
-0.1081180
-0.0075073
0.2188551
0.5418832
0.8342133
0.9460777
0.8164964
0.5171681
0.1860302
-0.0838282
-0.2934047
-0.4904262
-0.6911348
-0.8553165
-0.9279734
-0.8921500
-0.7799938
-0.6421434
-0.5136809
-0.4060412
-0.3201014
-0.2569995
-0.2159616
-0.1900118
-0.1708158
-0.1562523
-0.1484179
-0.1449580
-0.1376970
-0.1216745
-0.1022330
-0.0904208
-0.0918096
-0.1006327
-0.1047682
-0.0968097
-0.0807503
-0.0672531
-0.0621597
-0.0610456
-0.0555850
-0.0431543
-0.0285749
-0.0180080
-0.0130644
-0.0100960
-0.0038400
0.0076905
0.0212091
0.0319379
0.0396942
0.0495586
0.0656961
0.0861792
0.1051746
0.1192460
0.1306152
0.1448929
0.1658879
0.1919388
0.2176519
0.2401972
0.2628749
0.2904985
0.3221293
0.3513623
0.3741758
0.3937410
0.4159762
0.4418117
0.4654389
0.4803435
0.4868449
0.4931197
0.5073718
0.5285610
0.5466580
0.5531524
0.5492851
0.5419255
0.5331020
0.5167222
0.4857106
0.4403126
0.3886827
0.3399448
0.2966856
0.2540861
0.2068798
0.1567664
0.1113798
0.0758282
0.0474243
0.0199345
-0.0085033
-0.0331071
-0.0475025
-0.0505508
-0.0487813
-0.0516981
-0.0630786
-0.0768034
-0.0829679
-0.0785168
-0.0704032
-0.0679137
-0.0732816
-0.0802763
-0.0808277
-0.0725848
-0.0607822
-0.0529602
-0.0516258
-0.0527119
-0.0515879
-0.0489897
-0.0494490
-0.0549536
-0.0621566
-0.0656401
-0.0626632
-0.0551867
-0.0485211
-0.0475506
-0.0529784
-0.0612225
-0.0683241
-0.0731913
-0.0766329
-0.0786846
-0.0783337
-0.0754208
-0.0718260
-0.0706708
-0.0740210
-0.0804914
-0.0855635
-0.0859798
-0.0839099
-0.0848120
-0.0905105
-0.0961662
-0.0952714
-0.0866421
-0.0756105
-0.0689951
-0.0693874
-0.0737710
-0.0773164
-0.0785148
-0.0799525
-0.0836533
-0.0871071
-0.0856667
-0.0783137
-0.0692566
-0.0637755
-0.0636980
-0.0667684
-0.0691030
-0.0680461
-0.0634954
-0.0568159
-0.0486921
-0.0389038
-0.0282516
-0.0189830
-0.0121749
-0.0060038
0.0017939
0.0103217
0.0157424
0.0150110
0.0086399
-0.0002182
-0.0092227
-0.0194961
-0.0342334
-0.0536168
-0.0717354
-0.0807258
-0.0786617
-0.0717780
-0.0679435
-0.0690183
-0.0705173
-0.0679933
-0.0627998
-0.0616095
-0.0703036
-0.0879820
-0.1071030
-0.1199015
-0.1244937
-0.1248232
-0.1259838
-0.1303031
-0.1362695
-0.1394575
-0.1356834
-0.1256672
-0.1162005
-0.1140900
-0.1183175
-0.1204990
-0.1147860
-0.1058490
-0.1041714
-0.1126857
-0.1209663
-0.1163068
-0.0990577
-0.0785552
-0.0467400
0.0384014
0.2248460
0.5062798
0.7903819
0.9426395
0.8796251
0.6297690
0.3050801
0.0112911
-0.2195067
-0.4176250
-0.6109574
-0.7802807
-0.8767587
-0.8727356
-0.7870658
-0.6639986
-0.5373477
-0.4185996
-0.3112539
-0.2246279
-0.1691631
-0.1429323
-0.1298289
-0.1139887
-0.0940628
-0.0805409
-0.0797011
-0.0838481
-0.0792662
-0.0615024
-0.0397417
-0.0263490
-0.0245173
-0.0269833
-0.0252937
-0.0186039
-0.0129334
-0.0125384
-0.0137013
-0.0085283
0.0055745
0.0222835
0.0330616
0.0360859
0.0372843
0.0433751
0.0553611
0.0689219
0.0801097
0.0897685
0.1020801
0.1192278
0.1387092
0.1566486
0.1726969
0.1900140
0.2106411
0.2327243
0.2530947
0.2715596
0.2916687
0.3173229
0.3488192
0.3820880
0.4119388
0.4363063
0.4571189
0.4769607
0.4957125
0.5111668
0.5223427
0.5312518
0.5414972
0.5554859
0.5723165
0.5874591
0.5948702
0.5906395
0.5752202
0.5521151
0.5244120
0.4924636
0.4544995
0.4094394
0.3594929
0.3098075
0.2647134
0.2241892
0.1848642
0.1447518
0.1061485
0.0734703
0.0490362
0.0315857
0.0183397
0.0076496
-0.0004905
-0.0061302
-0.0109759
-0.0175690
-0.0264727
-0.0349176
-0.0391821
-0.0383210
-0.0349519
-0.0323874
-0.0314587
-0.0300715
-0.0255299
-0.0175827
-0.0095968
-0.0061887
-0.0087493
-0.0133813
-0.0142682
-0.0097097
-0.0045212
-0.0056863
-0.0149059
-0.0254232
-0.0274220
-0.0180437
-0.0058367
-0.0033357
-0.0141035
-0.0283206
-0.0328755
-0.0255632
-0.0176054
-0.0213155
-0.0362606
-0.0491817
-0.0480604
-0.0351240
-0.0244399
-0.0267544
-0.0386066
-0.0476021
-0.0468635
-0.0417387
-0.0422282
-0.0513807
-0.0628709
-0.0687919
-0.0676263
-0.0642043
-0.0634849
-0.0659249
-0.0687230
-0.0699636
-0.0703470
-0.0714658
-0.0738820
-0.0771050
-0.0800574
-0.0807856
-0.0770287
-0.0688135
-0.0603075
-0.0573256
-0.0618002
-0.0690226
-0.0712690
-0.0646909
-0.0526523
-0.0420782
-0.0365074
-0.0331145
-0.0268157
-0.0167588
-0.0078206
-0.0055402
-0.0103503
-0.0173952
-0.0217684
-0.0234232
-0.0268489
-0.0361176
-0.0504136
-0.0645679
-0.0739738
-0.0786564
-0.0822593
-0.0873719
-0.0924837
-0.0937008
-0.0891702
-0.0816925
-0.0771020
-0.0799789
-0.0905717
-0.1055976
-0.1217437
-0.1378723
-0.1535391
-0.1661348
-0.1712271
-0.1671509
-0.1590074
-0.1560672
-0.1630057
-0.1736189
-0.1755759
-0.1634841
-0.1462224
-0.1383207
-0.1433764
-0.1492324
-0.1426655
-0.1270227
-0.1200198
-0.1320639
-0.1513182
-0.1557066
-0.1374566
-0.1057666
-0.0587333
0.0393151
0.2333006
0.5158050
0.7927873
0.9278815
0.8388633
0.5597071
0.2093215
-0.1017979
-0.3387018
-0.5290956
-0.7003807
-0.8386524
-0.9049165
-0.8788658
-0.7795962
-0.6480983
-0.5181959
-0.4052713
-0.3138210
-0.2457793
-0.1999847
-0.1698685
-0.1474837
-0.1299818
-0.1195197
-0.1165987
-0.1161718
-0.1120073
-0.1033498
-0.0948280
-0.0897616
-0.0857076
-0.0777767
-0.0650009
-0.0515863
-0.0420250
-0.0366371
-0.0325849
-0.0279090
-0.0230043
-0.0185034
-0.0136076
-0.0074718
-0.0010463
0.0041978
0.0093973
0.0185616
0.0346232
0.0557425
0.0765091
0.0928466
0.1052567
0.1174964
0.1330074
0.1528709
0.1761178
0.2006889
0.2241056
0.2446162
0.2628906
0.2822904
0.3062635
0.3349392
0.3647973
0.3920583
0.4159705
0.4384998
0.4615331
0.4851111
0.5077543
0.5272081
0.5409421
0.5476614
0.5496062
0.5524370
0.5606596
0.5720864
0.5778021
0.5691958
0.5453336
0.5125116
0.4764288
0.4363574
0.3883383
0.3329637
0.2773678
0.2286514
0.1871351
0.1478813
0.1082033
0.0716337
0.0437615
0.0253558
0.0109671
-0.0056129
-0.0253173
-0.0435240
-0.0551921
-0.0597517
-0.0613667
-0.0652258
-0.0733632
-0.0828707
-0.0877687
-0.0839011
-0.0732756
-0.0631579
-0.0596924
-0.0623724
-0.0655456
-0.0650680
-0.0621549
-0.0604208
-0.0608015
-0.0611654
-0.0605998
-0.0617910
-0.0673329
-0.0744192
-0.0759175
-0.0684221
-0.0579795
-0.0552771
-0.0644992
-0.0784885
-0.0860007
-0.0829607
-0.0756752
-0.0736018
-0.0801174
-0.0903232
-0.0967672
-0.0965232
-0.0929414
-0.0914525
-0.0944883
-0.1002899
-0.1054530
-0.1077580
-0.1071207
-0.1050746
-0.1037506
-0.1048034
-0.1087096
-0.1146131
-0.1203350
-0.1227453
-0.1195325
-0.1118285
-0.1045653
-0.1027216
-0.1066457
-0.1117471
-0.1133878
-0.1118285
-0.1116357
-0.1156964
-0.1202002
-0.1170588
-0.1026638
-0.0835903
-0.0713518
-0.0703995
-0.0726860
-0.0659644
-0.0476060
-0.0290546
-0.0256879
-0.0418786
-0.0658970
-0.0797723
-0.0748482
-0.0584394
-0.0461555
-0.0485986
-0.0650550
-0.0874389
-0.1075489
-0.1206547
-0.1250532
-0.1209083
-0.1102236
-0.0974121
-0.0889719
-0.0910562
-0.1056022
-0.1281119
-0.1498669
-0.1635741
-0.1681080
-0.1685183
-0.1710521
-0.1770997
-0.1817985
-0.1794129
-0.1701435
-0.1604176
-0.1561461
-0.1572415
-0.1596087
-0.1606737
-0.1608367
-0.1604464
-0.1583276
-0.1542942
-0.1508827
-0.1501881
-0.1497567
-0.1449281
-0.1362230
-0.1289613
-0.1170865
-0.0662203
0.0748841
0.3277711
0.6398793
0.8931516
0.9729211
0.8437113
0.5669288
0.2478940
-0.0372836
-0.2730595
-0.4784872
-0.6617188
-0.8016113
-0.8666399
-0.8439592
-0.7499119
-0.6188863
-0.4858082
-0.3743283
-0.2927069
-0.2363867
-0.1959545
-0.1654258
-0.1442015
-0.1322914
-0.1257206
-0.1179969
-0.1057419
-0.0916200
-0.0808256
-0.0749405
-0.0704395
-0.0637051
-0.0559512
-0.0513343
-0.0508132
-0.0501819
-0.0447226
-0.0341599
-0.0223097
-0.0130856
-0.0074105
-0.0027388
0.0052090
0.0190934
0.0370505
0.0534032
0.0632408
0.0668671
0.0700203
0.0796397
0.0985639
0.1234844
0.1480807
0.1683792
0.1848702
0.2000108
0.2155505
0.2330006
0.2546211
0.2817309
0.3126906
0.3443706
0.3753949
0.4063970
0.4370402
0.4642454
0.4842239
0.4961660
0.5037924
0.5130243
0.5275182
0.5462289
0.5653751
0.5820011
0.5946417
0.6014863
0.6002448
0.5902903
0.5730700
0.5495339
0.5186249
0.4794081
0.4337503
0.3857850
0.3389288
0.2937958
0.2488548
0.2031893
0.1588223
0.1197651
0.0882538
0.0627712
0.0406881
0.0218468
0.0080069
-0.0006727
-0.0068113
-0.0132379
-0.0202655
-0.0257145
-0.0273132
-0.0255693
-0.0245558
-0.0286354
-0.0372854
-0.0440392
-0.0420364
-0.0307370
-0.0167496
-0.0083347
-0.0089721
-0.0151016
-0.0196346
-0.0186767
-0.0153152
-0.0159408
-0.0226932
-0.0308044
-0.0337316
-0.0295536
-0.0218478
-0.0157647
-0.0142186
-0.0169926
-0.0224284
-0.0296666
-0.0387708
-0.0483843
-0.0546442
-0.0542862
-0.0485838
-0.0426001
-0.0404227
-0.0422299
-0.0457740
-0.0494118
-0.0536230
-0.0603799
-0.0706450
-0.0817053
-0.0878953
-0.0855320
-0.0770205
-0.0690360
-0.0666393
-0.0695118
-0.0733469
-0.0745462
-0.0742624
-0.0777556
-0.0881838
-0.1007702
-0.1054546
-0.0969340
-0.0807235
-0.0678184
-0.0643820
-0.0679424
-0.0725161
-0.0752469
-0.0774151
-0.0800044
-0.0800870
-0.0734554
-0.0609935
-0.0497714
-0.0453681
-0.0446192
-0.0392723
-0.0265988
-0.0131040
-0.0069149
-0.0092224
-0.0147617
-0.0188648
-0.0220586
-0.0281533
-0.0392735
-0.0535310
-0.0674222
-0.0793551
-0.0894955
-0.0969275
-0.0996362
-0.0978207
-0.0943388
-0.0904228
-0.0840339
-0.0753840
-0.0718042
-0.0826458
-0.1085180
-0.1380912
-0.1571624
-0.1606683
-0.1557362
-0.1535616
-0.1588542
-0.1674721
-0.1733866
-0.1752136
-0.1744509
-0.1705080
-0.1620855
-0.1527241
-0.1496224
-0.1548944
-0.1618074
-0.1627447
-0.1584683
-0.1557663
-0.1566558
-0.1542799
-0.1420916
-0.1239535
-0.1071771
-0.0798309
-0.0002985
0.1744502
0.4360868
0.7005409
0.8488479
0.8065888
0.5930408
0.2983304
0.0136340
-0.2228046
-0.4237239
-0.6091698
-0.7693198
-0.8678346
-0.8757195
-0.7980603
-0.6703370
-0.5345509
-0.4190107
-0.3328955
-0.2716584
-0.2262211
-0.1906821
-0.1643429
-0.1478984
-0.1389771
-0.1318091
-0.1208011
-0.1049348
-0.0894562
-0.0817206
-0.0829692
-0.0851484
-0.0790624
-0.0656381
-0.0556020
-0.0566794
-0.0637594
-0.0638354
-0.0497264
-0.0274608
-0.0100237
-0.0041954
-0.0042112
0.0006241
0.0128848
0.0245696
0.0285333
0.0287144
0.0357864
0.0546602
0.0798612
0.1026379
0.1196214
0.1342576
0.1517745
0.1733845
0.1949709
0.2119268
0.2253981
0.2422066
0.2677410
0.3001601
0.3323145
0.3582142
0.3772935
0.3938451
0.4126964
0.4342527
0.4541051
0.4690709
0.4823896
0.4996782
0.5200204
0.5351733
0.5392969
0.5365770
0.5366365
0.5430928
0.5480576
0.5384392
0.5084891
0.4665014
0.4273304
0.3967307
0.3649435
0.3183034
0.2559587
0.1921672
0.1422293
0.1083888
0.0798234
0.0452924
0.0058326
-0.0249207
-0.0344790
-0.0260463
-0.0171598
-0.0226738
-0.0412578
-0.0599096
-0.0687815
-0.0688438
-0.0670291
-0.0675622
-0.0687508
-0.0668246
-0.0617048
-0.0576232
-0.0572019
-0.0570758
-0.0526222
-0.0460180
-0.0451188
-0.0532081
-0.0634917
-0.0660792
-0.0587372
-0.0492008
-0.0476328
-0.0571397
-0.0708747
-0.0787215
-0.0774442
-0.0729535
-0.0717078
-0.0726418
-0.0703622
-0.0639678
-0.0584315
-0.0576993
-0.0602810
-0.0626515
-0.0646595
-0.0700686
-0.0817657
-0.0964040
-0.1049861
-0.1015348
-0.0914906
-0.0878987
-0.0972560
-0.1119373
-0.1190383
-0.1144260
-0.1053556
-0.1007078
-0.1014533
-0.1009250
-0.0934552
-0.0821653
-0.0766616
-0.0815036
-0.0891313
-0.0880877
-0.0772796
-0.0669318
-0.0642140
-0.0627401
-0.0499139
-0.0229841
0.0050778
0.0164038
0.0050744
-0.0167128
-0.0304545
-0.0298282
-0.0253117
-0.0296311
-0.0427075
-0.0546131
-0.0600051
-0.0635674
-0.0712150
-0.0810035
-0.0851380
-0.0792537
-0.0681963
-0.0623391
-0.0676287
-0.0796851
-0.0894898
-0.0943584
-0.0999722
-0.1111892
-0.1250934
-0.1352057
-0.1391113
-0.1393632
-0.1395471
-0.1419567
-0.1469365
-0.1520400
-0.1533288
-0.1495314
-0.1440698
-0.1417469
-0.1438642
-0.1468022
-0.1451701
-0.1374983
-0.1293778
-0.1283115
-0.1338582
-0.1367955
-0.1308877
-0.1184842
-0.0943371
-0.0265740
0.1289601
0.3791445
0.6558796
0.8382621
0.8285664
0.6212659
0.3041917
-0.0105596
-0.2635221
-0.4646339
-0.6454665
-0.8065988
-0.9135877
-0.9337314
-0.8669879
-0.7439686
-0.6030180
-0.4713408
-0.3616826
-0.2792081
-0.2264257
-0.2003195
-0.1889059
-0.1771946
-0.1587080
-0.1384972
-0.1241951
-0.1170523
-0.1122020
-0.1043994
-0.0925499
-0.0811348
-0.0771831
-0.0826960
-0.0901142
-0.0889640
-0.0776837
-0.0657031
-0.0627916
-0.0684420
-0.0722570
-0.0636704
-0.0422627
-0.0198085
-0.0099270
-0.0132953
-0.0153285
-0.0014436
0.0273424
0.0567474
0.0746034
0.0804620
0.0822942
0.0884300
0.1027781
0.1246190
0.1514026
0.1812128
0.2116916
0.2384379
0.2587607
0.2770811
0.3014681
0.3329328
0.3627274
0.3830749
0.3969866
0.4143025
0.4401834
0.4698460
0.4933011
0.5042979
0.5061061
0.5086327
0.5182223
0.5310730
0.5385578
0.5367636
0.5270935
0.5095844
0.4811550
0.4407218
0.3918855
0.3399619
0.2890933
0.2416782
0.1975061
0.1538494
0.1090207
0.0652830
0.0264554
-0.0058328
-0.0318273
-0.0519994
-0.0678115
-0.0815361
-0.0931397
-0.1001429
-0.1026508
-0.1051068
-0.1102857
-0.1147430
-0.1135149
-0.1071845
-0.1015892
-0.1019188
-0.1083541
-0.1156793
-0.1168371
-0.1095396
-0.0995397
-0.0944045
-0.0944937
-0.0939435
-0.0900389
-0.0865988
-0.0873729
-0.0907509
-0.0925598
-0.0907918
-0.0865667
-0.0829324
-0.0827915
-0.0857980
-0.0882066
-0.0880189
-0.0882765
-0.0923157
-0.0982220
-0.1017313
-0.1023234
-0.1022563
-0.1015013
-0.0981248
-0.0927648
-0.0890155
-0.0896641
-0.0945806
-0.1012721
-0.1064331
-0.1089578
-0.1117759
-0.1173196
-0.1210990
-0.1152986
-0.1007056
-0.0894129
-0.0919007
-0.1052073
-0.1171475
-0.1191665
-0.1123577
-0.1036037
-0.0985175
-0.0969533
-0.0945032
-0.0889996
-0.0835309
-0.0803841
-0.0750891
-0.0618356
-0.0432203
-0.0287475
-0.0239805
-0.0263289
-0.0311495
-0.0365587
-0.0417232
-0.0453095
-0.0474478
-0.0509979
-0.0601103
-0.0774106
-0.0998972
-0.1170028
-0.1179264
-0.1042478
-0.0906482
-0.0887894
-0.0944648
-0.0954261
-0.0883234
-0.0823147
-0.0876075
-0.1050381
-0.1265359
-0.1430168
-0.1516722
-0.1560659
-0.1592034
-0.1596541
-0.1576967
-0.1605781
-0.1735026
-0.1874700
-0.1866617
-0.1698151
-0.1541537
-0.1530510
-0.1581636
-0.1518268
-0.1330151
-0.1215689
-0.1339652
-0.1604098
-0.1732932
-0.1590561
-0.1303638
-0.0926952
-0.0040206
0.2034056
0.5366432
0.8842297
1.0716972
0.9929179
0.6897222
0.3052722
-0.0339372
-0.2931440
-0.5066164
-0.7025607
-0.8606329
-0.9373298
-0.9165586
-0.8239323
-0.6985462
-0.5666820
-0.4437719
-0.3440260
-0.2753137
-0.2311387
-0.1981081
-0.1699933
-0.1492956
-0.1377805
-0.1310806
-0.1224809
-0.1094067
-0.0958746
-0.0881486
-0.0872250
-0.0879886
-0.0875094
-0.0891412
-0.0936038
-0.0919523
-0.0765586
-0.0561359
-0.0491845
-0.0611189
-0.0758366
-0.0726336
-0.0468059
-0.0123446
0.0120980
0.0195105
0.0194849
0.0268149
0.0448741
0.0636468
0.0746717
0.0816669
0.0936407
0.1143440
0.1429467
0.1783124
0.2161554
0.2468407
0.2629878
0.2678030
0.2727162
0.2893081
0.3244811
0.3773203
0.4362579
0.4831760
0.5052841
0.5041046
0.4946751
0.4975764
0.5258359
0.5713243
0.6067644
0.6112331
0.5941429
0.5850823
0.5984830
0.6165261
0.6096251
0.5674145
0.5066412
0.4527167
0.4157768
0.3833597
0.3367836
0.2741846
0.2123826
0.1647926
0.1261306
0.0849118
0.0431091
0.0136049
0.0015782
-0.0029315
-0.0143973
-0.0381986
-0.0655288
-0.0791239
-0.0685200
-0.0434010
-0.0276197
-0.0363409
-0.0622093
-0.0850456
-0.0898429
-0.0747165
-0.0492272
-0.0284425
-0.0225615
-0.0288447
-0.0372331
-0.0433898
-0.0501308
-0.0570963
-0.0577305
-0.0481454
-0.0321653
-0.0163867
-0.0058413
-0.0039726
-0.0103294
-0.0185038
-0.0222384
-0.0228859
-0.0258595
-0.0318912
-0.0370515
-0.0385920
-0.0358381
-0.0294845
-0.0253835
-0.0334403
-0.0552165
-0.0767664
-0.0814633
-0.0679061
-0.0502913
-0.0442380
-0.0555816
-0.0778051
-0.0962206
-0.0997873
-0.0926584
-0.0892215
-0.0956680
-0.1031155
-0.1010766
-0.0899378
-0.0771876
-0.0689486
-0.0682764
-0.0744350
-0.0807486
-0.0795571
-0.0713398
-0.0631220
-0.0576895
-0.0511567
-0.0407828
-0.0278567
-0.0135208
0.0008005
0.0097677
0.0082178
-0.0021865
-0.0162818
-0.0319862
-0.0469354
-0.0537521
-0.0481401
-0.0386109
-0.0391663
-0.0538255
-0.0745492
-0.0910829
-0.0970263
-0.0908333
-0.0776014
-0.0668247
-0.0641762
-0.0693096
-0.0825811
-0.1051483
-0.1297547
-0.1425312
-0.1400831
-0.1355678
-0.1416122
-0.1554808
-0.1667749
-0.1714016
-0.1714444
-0.1678302
-0.1596009
-0.1476553
-0.1367730
-0.1349793
-0.1466157
-0.1613229
-0.1581117
-0.1312513
-0.1046152
-0.1049345
-0.1256025
-0.1353770
-0.1219039
-0.1042344
-0.0908628
-0.0389663
0.1240198
0.4249241
0.7859046
1.0496268
1.0860674
0.8913007
0.5787405
0.2700089
0.0037120
-0.2485714
-0.5023031
-0.7197844
-0.8423715
-0.8432266
-0.7472718
-0.6104295
-0.4813164
-0.3776049
-0.2954209
-0.2333535
-0.1962973
-0.1797782
-0.1680524
-0.1523647
-0.1381511
-0.1302640
-0.1236605
-0.1129184
-0.0993880
-0.0852165
-0.0709176
-0.0613730
-0.0637336
-0.0769371
-0.0916016
-0.0999244
-0.0980671
-0.0833459
-0.0600798
-0.0435586
-0.0451642
-0.0559355
-0.0557302
-0.0354516
-0.0014329
0.0354102
0.0642625
0.0760956
0.0732881
0.0721558
0.0855863
0.1088884
0.1306757
0.1490764
0.1685261
0.1897368
0.2117357
0.2354672
0.2585087
0.2753716
0.2879334
0.3046134
0.3255233
0.3416582
0.3524586
0.3690496
0.3951586
0.4200052
0.4357512
0.4478432
0.4627085
0.4780641
0.4898553
0.4980015
0.5037320
0.5108856
0.5266500
0.5489043
0.5582836
0.5378220
0.4954138
0.4515698
0.4112765
0.3647829
0.3099200
0.2553561
0.2056246
0.1588827
0.1158046
0.0777381
0.0415117
0.0067300
-0.0199792
-0.0372375
-0.0539799
-0.0731241
-0.0844444
-0.0838749
-0.0840479
-0.0940980
-0.1047605
-0.1053178
-0.1002606
-0.0982847
-0.0992061
-0.1006463
-0.1033070
-0.1034881
-0.0957747
-0.0865726
-0.0875251
-0.0939592
-0.0899829
-0.0762917
-0.0710939
-0.0812439
-0.0936631
-0.0971485
-0.0928754
-0.0837116
-0.0725659
-0.0687632
-0.0769949
-0.0850480
-0.0812838
-0.0756785
-0.0831326
-0.0965479
-0.0987636
-0.0905900
-0.0848472
-0.0835368
-0.0819069
-0.0832010
-0.0899807
-0.0941785
-0.0926843
-0.0962870
-0.1076452
-0.1107269
-0.0981870
-0.0868649
-0.0898184
-0.0963089
-0.0949737
-0.0923357
-0.0937907
-0.0912870
-0.0825807
-0.0773425
-0.0749126
-0.0634164
-0.0471575
-0.0444189
-0.0534029
-0.0528545
-0.0396233
-0.0317134
-0.0329615
-0.0300794
-0.0240714
-0.0283293
-0.0382796
-0.0393910
-0.0395956
-0.0567708
-0.0827315
-0.0966843
-0.1019332
-0.1119432
-0.1170721
-0.1041331
-0.0889603
-0.0903326
-0.0950404
-0.0874634
-0.0852976
-0.1063480
-0.1320698
-0.1432434
-0.1550310
-0.1780522
-0.1874019
-0.1704223
-0.1590736
-0.1749426
-0.1910462
-0.1851595
-0.1770782
-0.1793557
-0.1715541
-0.1535016
-0.1558242
-0.1715308
-0.1558141
-0.1171222
-0.1174632
-0.1589726
-0.1728058
-0.1444994
-0.1348859
-0.1478269
-0.0988839
0.0558620
0.2816336
0.5591443
0.8609136
1.0360142
0.9234128
0.6070244
0.3340259
0.1451589
-0.1400348
-0.4954158
-0.5757290
-0.2164336
