-0.1021702
-0.1210328
-0.1301420
-0.1357313
-0.1474352
-0.1627293
-0.1652957
-0.1455921
-0.1184555
-0.1091994
-0.1208849
-0.1263855
-0.1007556
-0.0551330
-0.0269382
-0.0355061
-0.0586441
-0.0618713
-0.0447281
-0.0430011
-0.0796137
-0.1263004
-0.1311367
-0.0838940
-0.0358930
-0.0418074
-0.0906175
-0.1133733
-0.0639361
0.0227577
0.0661299
0.0285856
-0.0456640
-0.0837300
-0.0636669
-0.0292756
-0.0296668
-0.0594471
-0.0675054
-0.0186310
0.0642941
0.1202824
0.1058134
0.0302613
-0.0550575
-0.0975158
-0.0803083
-0.0318281
-0.0014958
-0.0183961
-0.0662758
-0.1003263
-0.0930606
-0.0630266
-0.0536755
-0.0837862
-0.1254428
-0.1357286
-0.1050603
-0.0647663
-0.0465695
-0.0461592
-0.0365111
-0.0116332
-0.0014999
-0.0359971
-0.1022717
-0.1505433
-0.1446282
-0.0990548
-0.0611600
-0.0613329
-0.0880996
-0.1101398
-0.1118733
-0.1008032
-0.0872756
-0.0711943
-0.0530875
-0.0471636
-0.0691477
-0.1094311
-0.1299433
-0.0993951
-0.0321524
0.0163918
0.0001330
-0.0722008
-0.1448309
-0.1672361
-0.1333434
-0.0661263
0.0297276
0.1855476
0.4279670
0.7202236
0.9537519
1.0110899
0.8478377
0.5202265
0.1379670
-0.2077165
-0.4769560
-0.6625774
-0.7616230
-0.7752098
-0.7260709
-0.6558812
-0.5939831
-0.5339586
-0.4513659
-0.3445972
-0.2475028
-0.1944070
-0.1788946
-0.1595620
-0.1095065
-0.0500219
-0.0252855
-0.0468824
-0.0758505
-0.0656536
-0.0157031
0.0275253
0.0218847
-0.0266508
-0.0746195
-0.0878719
-0.0698473
-0.0463728
-0.0335391
-0.0262807
-0.0122160
0.0132551
0.0464761
0.0815270
0.1106165
0.1229063
0.1119177
0.0865861
0.0692202
0.0769164
0.1056238
0.1359449
0.1546832
0.1679613
0.1929534
0.2399130
0.3035863
0.3684788
0.4184066
0.4429577
0.4417255
0.4262198
0.4141175
0.4160479
0.4279267
0.4403914
0.4557766
0.4889823
0.5461458
0.6066445
0.6363350
0.6230578
0.5932213
0.5853472
0.6071855
0.6259542
0.6051878
0.5471718
0.4919715
0.4731712
0.4796515
0.4656051
0.3974172
0.2876920
0.1837711
0.1265603
0.1211334
0.1416263
0.1572448
0.1521733
0.1269836
0.0896746
0.0491787
0.0144923
-0.0057185
-0.0063841
0.0105740
0.0366067
0.0604525
0.0726626
0.0691020
0.0530700
0.0342614
0.0226437
0.0202151
0.0188235
0.0090125
-0.0067517
-0.0109789
0.0145474
0.0677421
0.1195494
0.1323391
0.0905162
0.0165847
-0.0433625
-0.0542418
-0.0182435
0.0287706
0.0470012
0.0233311
-0.0220033
-0.0560393
-0.0608508
-0.0438658
-0.0245683
-0.0143189
-0.0103828
-0.0073304
-0.0089994
-0.0247058
-0.0537868
-0.0788904
-0.0800897
-0.0566727
-0.0309162
-0.0259265
-0.0400225
-0.0475019
-0.0280041
0.0068570
0.0212134
-0.0077547
-0.0618212
-0.0948942
-0.0767033
-0.0234669
0.0156198
0.0028071
-0.0558037
-0.1184378
-0.1447015
-0.1258246
-0.0847094
-0.0524325
-0.0447016
-0.0550726
-0.0649845
-0.0601141
-0.0417304
-0.0259036
-0.0301469
-0.0562545
-0.0844800
-0.0883233
-0.0604571
-0.0251264
-0.0203596
-0.0624790
-0.1270092
-0.1676302
-0.1570172
-0.1098063
-0.0658718
-0.0532671
-0.0690611
-0.0926456
-0.1094166
-0.1167659
-0.1130355
-0.0932234
-0.0614001
-0.0393420
-0.0495698
-0.0860629
-0.1111044
-0.0919049
-0.0402508
-0.0066814
-0.0294003
-0.0926263
-0.1419660
-0.1404558
-0.1030415
-0.0739425
-0.0776159
-0.1002027
-0.1162268
-0.1207116
-0.1269336
-0.1393512
-0.1430234
-0.1251480
-0.0981760
-0.0900012
-0.1105238
-0.1373022
-0.1408485
-0.1196604
-0.1012833
-0.1074663
-0.1265960
-0.1279049
-0.1001183
-0.0670958
-0.0615970
-0.0890200
-0.1234278
-0.1379832
-0.1323048
-0.1267453
-0.1346789
-0.1471606
-0.1454436
-0.1234247
-0.0940713
-0.0756452
-0.0754096
-0.0870996
-0.1009524
-0.1134765
-0.1276816
-0.1453315
-0.1602677
-0.1612718
-0.1440144
-0.1194312
-0.1033825
-0.0898234
-0.0348791
0.1189828
0.3854821
0.6935104
0.9111115
0.9268963
0.7232311
0.3790666
0.0057997
-0.3209758
-0.5785022
-0.7671217
-0.8806568
-0.9078003
-0.8513299
-0.7356111
-0.5954235
-0.4623928
-0.3596983
-0.2979178
-0.2666468
-0.2347953
-0.1736054
-0.0886737
-0.0249048
-0.0285992
-0.0989422
-0.1804247
-0.2091334
-0.1687287
-0.1007772
-0.0619768
-0.0739229
-0.1126741
-0.1396655
-0.1365482
-0.1124119
-0.0863877
-0.0697372
-0.0623562
-0.0590141
-0.0547416
-0.0465298
-0.0341590
-0.0203435
-0.0080869
0.0028843
0.0155113
0.0305723
0.0447481
0.0559845
0.0695248
0.0943320
0.1312143
0.1670392
0.1850576
0.1820999
0.1729726
0.1758527
0.1949203
0.2199350
0.2417029
0.2631146
0.2922305
0.3280118
0.3591234
0.3784605
0.3939640
0.4198016
0.4577397
0.4928994
0.5108420
0.5149728
0.5212227
0.5355537
0.5434103
0.5270368
0.4907406
0.4608700
0.4561883
0.4621322
0.4416486
0.3737297
0.2770178
0.1913593
0.1379934
0.1030769
0.0612949
0.0097881
-0.0278082
-0.0308249
-0.0089264
0.0045622
-0.0145431
-0.0584412
-0.0966435
-0.1040451
-0.0789806
-0.0393416
-0.0078699
-0.0008529
-0.0225669
-0.0625876
-0.0991749
-0.1130118
-0.1032868
-0.0888683
-0.0896283
-0.1065219
-0.1231543
-0.1268050
-0.1226352
-0.1234354
-0.1293620
-0.1257464
-0.1030753
-0.0728557
-0.0574263
-0.0659394
-0.0870282
-0.1061330
-0.1225019
-0.1426295
-0.1612292
-0.1601610
-0.1317200
-0.0965720
-0.0886008
-0.1198611
-0.1664642
-0.1932789
-0.1892106
-0.1730298
-0.1661340
-0.1670869
-0.1570453
-0.1258867
-0.0860377
-0.0597266
-0.0579646
-0.0753335
-0.1010469
-0.1276413
-0.1475025
-0.1484861
-0.1222173
-0.0785507
-0.0454305
-0.0472923
-0.0824800
-0.1257515
-0.1549288
-0.1714000
-0.1896893
-0.2089523
-0.2047410
-0.1577787
-0.0884653
-0.0499538
-0.0760370
-0.1379557
-0.1650385
-0.1165133
-0.0288277
0.0178028
-0.0182732
-0.0988543
-0.1519410
-0.1517661
-0.1396159
-0.1621877
-0.2036404
-0.1972978
-0.1078943
0.0138092
0.0774110
0.0586509
0.0479033
0.1769327
0.4853530
0.8548288
1.0788054
1.0114880
0.6715496
0.2199993
-0.1613047
-0.3890899
-0.5071671
-0.6147542
-0.7640031
-0.9133536
-0.9700041
-0.8777833
-0.6713682
-0.4522965
-0.3123817
-0.2718342
-0.2793736
-0.2651706
-0.1975957
-0.1005470
-0.0255358
-0.0070883
-0.0376109
-0.0782461
-0.0926677
-0.0738541
-0.0428382
-0.0250485
-0.0290060
-0.0455542
-0.0623632
-0.0746934
-0.0826630
-0.0831235
-0.0686877
-0.0353049
0.0103846
0.0510900
0.0665720
0.0458685
-0.0012758
-0.0435688
-0.0460462
0.0016236
0.0725574
0.1244074
0.1390691
0.1390623
0.1601152
0.2089436
0.2552690
0.2690627
0.2598426
0.2703363
0.3297641
0.4197546
0.4913822
0.5133183
0.4983995
0.4842966
0.4951034
0.5249244
0.5530103
0.5666960
0.5694806
0.5749384
0.5985522
0.6508164
0.7279292
0.8048396
0.8436351
0.8185170
0.7367303
0.6328364
0.5401208
0.4682733
0.4087365
0.3561795
0.3167332
0.2931304
0.2688361
0.2165390
0.1260170
0.0202270
-0.0603888
-0.0901457
-0.0747226
-0.0397628
-0.0090700
0.0054705
0.0009048
-0.0193542
-0.0433149
-0.0539707
-0.0441231
-0.0280941
-0.0315211
-0.0636925
-0.1015497
-0.1072111
-0.0652703
-0.0017897
0.0368098
0.0258691
-0.0154008
-0.0430846
-0.0300759
0.0092796
0.0332100
0.0109406
-0.0495895
-0.1084603
-0.1274684
-0.1004773
-0.0549756
-0.0262286
-0.0290125
-0.0509998
-0.0692280
-0.0703523
-0.0563636
-0.0359334
-0.0155958
-0.0001906
0.0029755
-0.0130581
-0.0456275
-0.0796191
-0.0994014
-0.1049985
-0.1122671
-0.1323798
-0.1524076
-0.1435405
-0.0944225
-0.0336101
-0.0095949
-0.0424071
-0.0987613
-0.1238290
-0.1001334
-0.0679461
-0.0799753
-0.1383756
-0.1867574
-0.1698945
-0.0954921
-0.0281435
-0.0225568
-0.0712822
-0.1218449
-0.1363758
-0.1227947
-0.1092970
-0.1044743
-0.0953502
-0.0785629
-0.0748909
-0.1028938
-0.1467151
-0.1651307
-0.1364488
-0.0853673
-0.0573196
-0.0695772
-0.0963198
-0.1029752
-0.0866254
-0.0754277
-0.0918251
-0.1259836
-0.1491440
-0.1470654
-0.1330464
-0.1286463
-0.1384586
-0.1478363
-0.1421198
-0.1226490
-0.1032784
-0.0953120
-0.0986386
-0.1053848
-0.1080914
-0.1036617
-0.0931416
-0.0816473
-0.0783356
-0.0922430
-0.1239350
-0.1606014
-0.1824301
-0.1777314
-0.1534795
-0.1296605
-0.1209233
-0.1231588
-0.1196345
-0.1015262
-0.0808247
-0.0795616
-0.1046754
-0.1358250
-0.1421310
-0.1129148
-0.0705742
-0.0509222
-0.0701310
-0.1112599
-0.1425252
-0.1472434
-0.1358471
-0.1310854
-0.1441552
-0.1651991
-0.1745428
-0.1614012
-0.1326173
-0.1054328
-0.0925992
-0.0934456
-0.0978915
-0.0980883
-0.0954665
-0.0965725
-0.1038625
-0.1128010
-0.1168684
-0.1095137
-0.0756487
0.0156467
0.1961964
0.4608460
0.7393059
0.9159309
0.8964366
0.6715598
0.3224884
-0.0372354
-0.3318956
-0.5480547
-0.7038883
-0.8055108
-0.8362312
-0.7830062
-0.6646003
-0.5278220
-0.4149452
-0.3360419
-0.2734421
-0.2108795
-0.1544670
-0.1232616
-0.1221614
-0.1306147
-0.1228021
-0.0972093
-0.0795173
-0.0917476
-0.1214958
-0.1290621
-0.0888426
-0.0205287
0.0258656
0.0169309
-0.0343368
-0.0849848
-0.1036002
-0.0927616
-0.0750315
-0.0654258
-0.0610896
-0.0522666
-0.0350980
-0.0122094
0.0130755
0.0375775
0.0552791
0.0599255
0.0536142
0.0496542
0.0623305
0.0930314
0.1287813
0.1555425
0.1714195
0.1856152
0.2061711
0.2315995
0.2548442
0.2727520
0.2893905
0.3109366
0.3397844
0.3742130
0.4115411
0.4492790
0.4836152
0.5094184
0.5237365
0.5291345
0.5323463
0.5389198
0.5490119
0.5578832
0.5595649
0.5498371
0.5268393
0.4905852
0.4429225
0.3878492
0.3312642
0.2797817
0.2388026
0.2101887
0.1905918
0.1724417
0.1485312
0.1174867
0.0849172
0.0580456
0.0385088
0.0211275
0.0007805
-0.0198741
-0.0313514
-0.0275594
-0.0148141
-0.0089475
-0.0220431
-0.0519612
-0.0853246
-0.1102211
-0.1248244
-0.1339059
-0.1396396
-0.1388608
-0.1295960
-0.1174189
-0.1123837
-0.1193943
-0.1333785
-0.1449113
-0.1494111
-0.1493887
-0.1484461
-0.1456146
-0.1370137
-0.1218137
-0.1044356
-0.0906298
-0.0830433
-0.0815558
-0.0863948
-0.0983320
-0.1151118
-0.1296366
-0.1341633
-0.1270602
-0.1145592
-0.1051686
-0.1028118
-0.1059866
-0.1127024
-0.1238974
-0.1401923
-0.1557960
-0.1583777
-0.1381860
-0.0990358
-0.0596743
-0.0419060
-0.0546861
-0.0882793
-0.1237595
-0.1485444
-0.1630467
-0.1732340
-0.1791290
-0.1733158
-0.1512068
-0.1200132
-0.0941695
-0.0816379
-0.0777429
-0.0738977
-0.0676449
-0.0560370
-0.0172734
0.0904829
0.2945744
0.5614162
0.7892210
0.8631541
0.7337996
0.4494544
0.1130099
-0.1935188
-0.4462965
-0.6541957
-0.8124942
-0.8918276
-0.8702022
-0.7654109
-0.6289240
-0.5090604
-0.4228416
-0.3599564
-0.3051987
-0.2525660
-0.2029814
-0.1579207
-0.1191692
-0.0907584
-0.0760079
-0.0726512
-0.0741621
-0.0766880
-0.0817916
-0.0903803
-0.0962924
-0.0900107
-0.0697183
-0.0459133
-0.0324715
-0.0334764
-0.0403795
-0.0417408
-0.0337638
-0.0209023
-0.0087488
0.0009070
0.0086196
0.0144258
0.0188108
0.0253440
0.0394946
0.0636357
0.0942351
0.1247942
0.1506274
0.1698257
0.1811865
0.1848457
0.1867746
0.2000855
0.2369907
0.2967629
0.3631063
0.4165686
0.4508046
0.4756149
0.5035327
0.5353388
0.5610199
0.5741321
0.5811697
0.5935487
0.6115321
0.6203828
0.6050427
0.5669897
0.5233374
0.4888276
0.4615262
0.4282120
0.3816153
0.3282197
0.2784939
0.2338076
0.1872562
0.1361067
0.0878392
0.0507857
0.0220028
-0.0100922
-0.0500254
-0.0865196
-0.1033153
-0.0976625
-0.0842572
-0.0797590
-0.0862944
-0.0926397
-0.0897751
-0.0812820
-0.0775811
-0.0833581
-0.0938277
-0.1021290
-0.1064164
-0.1081491
-0.1064037
-0.0979128
-0.0832699
-0.0699539
-0.0662124
-0.0720999
-0.0788997
-0.0787310
-0.0735382
-0.0725311
-0.0803911
-0.0898583
-0.0880712
-0.0705287
-0.0473968
-0.0348074
-0.0400652
-0.0560151
-0.0694388
-0.0735312
-0.0718342
-0.0719625
-0.0779384
-0.0884618
-0.0995645
-0.1065151
-0.1046099
-0.0920804
-0.0739992
-0.0607726
-0.0592443
-0.0652969
-0.0684771
-0.0654372
-0.0656384
-0.0794877
-0.1014343
-0.1107416
-0.0937531
-0.0631978
-0.0486353
-0.0643268
-0.0903594
-0.0917271
-0.0572183
-0.0148326
-0.0047086
-0.0380063
-0.0860986
-0.1105068
-0.0999361
-0.0762922
-0.0682909
-0.0843756
-0.1107453
-0.1287943
-0.1289692
-0.1106441
-0.0775058
-0.0386946
-0.0110939
-0.0120273
-0.0441924
-0.0887282
-0.1175009
-0.1156049
-0.0928482
-0.0731232
-0.0723034
-0.0858086
-0.0963387
-0.0924015
-0.0789546
-0.0706960
-0.0761202
-0.0890451
-0.0959838
-0.0911845
-0.0832019
-0.0857140
-0.1019488
-0.1192009
-0.1198762
-0.0985885
-0.0684173
-0.0499316
-0.0532863
-0.0702359
-0.0833065
-0.0830165
-0.0763496
-0.0780303
-0.0931212
-0.1089206
-0.1059191
-0.0783556
-0.0436358
-0.0292962
-0.0483675
-0.0866268
-0.1146423
-0.1137405
-0.0917540
-0.0744390
-0.0812771
-0.1080761
-0.1316083
-0.1312069
-0.1071799
-0.0791555
-0.0663628
-0.0695149
-0.0727755
-0.0634316
-0.0470802
-0.0404668
-0.0503233
-0.0645286
-0.0673253
-0.0580940
-0.0447846
-0.0149889
0.0762152
0.2717020
0.5543731
0.8270332
0.9631265
0.8908703
0.6367292
0.2934396
-0.0495149
-0.3470651
-0.5866861
-0.7566509
-0.8380711
-0.8249783
-0.7406791
-0.6266397
-0.5156670
-0.4182793
-0.3325191
-0.2600136
-0.2079855
-0.1779237
-0.1585641
-0.1342990
-0.1005016
-0.0685617
-0.0546655
-0.0636555
-0.0838798
-0.0971911
-0.0935005
-0.0763344
-0.0562408
-0.0407974
-0.0312534
-0.0265897
-0.0274341
-0.0342422
-0.0430753
-0.0463380
-0.0395665
-0.0267891
-0.0175157
-0.0179414
-0.0256683
-0.0327951
-0.0326145
-0.0225909
-0.0029457
0.0241754
0.0531804
0.0757488
0.0870346
0.0919372
0.1025494
0.1268797
0.1605726
0.1919296
0.2156111
0.2393700
0.2753190
0.3251644
0.3764265
0.4145230
0.4375955
0.4578182
0.4879121
0.5274565
0.5630631
0.5813247
0.5807874
0.5716532
0.5650772
0.5633477
0.5595686
0.5454172
0.5187743
0.4848149
0.4509317
0.4206736
0.3913970
0.3565929
0.3107305
0.2536507
0.1921586
0.1374360
0.0986525
0.0761504
0.0597991
0.0358768
-0.0013159
-0.0430898
-0.0726428
-0.0798804
-0.0709600
-0.0624005
-0.0650370
-0.0743892
-0.0776041
-0.0687864
-0.0549451
-0.0459469
-0.0413803
-0.0314531
-0.0117934
0.0062590
0.0044014
-0.0230230
-0.0609350
-0.0869055
-0.0913186
-0.0825555
-0.0740897
-0.0709924
-0.0706888
-0.0723111
-0.0787392
-0.0884535
-0.0913549
-0.0786972
-0.0564469
-0.0428104
-0.0488558
-0.0643094
-0.0675620
-0.0506382
-0.0305455
-0.0327565
-0.0642509
-0.1051331
-0.1267967
-0.1168068
-0.0868708
-0.0603416
-0.0540286
-0.0686040
-0.0904794
-0.1011744
-0.0897340
-0.0620693
-0.0387450
-0.0389213
-0.0625324
-0.0889737
-0.0962412
-0.0820737
-0.0646369
-0.0620745
-0.0738143
-0.0838835
-0.0805032
-0.0679957
-0.0580755
-0.0534941
-0.0456578
-0.0291305
-0.0137629
-0.0173200
-0.0454638
-0.0824243
-0.1044009
-0.1018156
-0.0864184
-0.0764993
-0.0776861
-0.0802687
-0.0738398
-0.0605560
-0.0517076
-0.0531752
-0.0583017
-0.0568127
-0.0484294
-0.0441200
-0.0531701
-0.0716580
-0.0863276
-0.0892420
-0.0856390
-0.0858052
-0.0912618
-0.0923990
-0.0806604
-0.0605844
-0.0469854
-0.0501163
-0.0655435
-0.0794546
-0.0822713
-0.0753334
-0.0655671
-0.0574345
-0.0522160
-0.0524939
-0.0619432
-0.0780783
-0.0882733
-0.0788287
-0.0509871
-0.0255089
-0.0262926
-0.0566961
-0.0935371
-0.1076707
-0.0917550
-0.0665492
-0.0588596
-0.0744395
-0.0944134
-0.0978276
-0.0845489
-0.0736065
-0.0804897
-0.0999846
-0.1130737
-0.1081238
-0.0915812
-0.0778471
-0.0727684
-0.0705077
-0.0650476
-0.0596372
-0.0618809
-0.0717487
-0.0790504
-0.0745261
-0.0609861
-0.0505366
-0.0513040
-0.0600568
-0.0688288
-0.0741828
-0.0727525
-0.0454369
0.0461757
0.2329908
0.4960403
0.7500501
0.8805321
0.8140004
0.5652855
0.2220978
-0.1173521
-0.3976542
-0.6097917
-0.7571866
-0.8298392
-0.8136799
-0.7174791
-0.5806681
-0.4504396
-0.3523766
-0.2836941
-0.2303909
-0.1852105
-0.1491908
-0.1229991
-0.1037946
-0.0903589
-0.0854665
-0.0896362
-0.0954295
-0.0929272
-0.0813436
-0.0709901
-0.0708398
-0.0765034
-0.0746561
-0.0592891
-0.0391734
-0.0266740
-0.0225075
-0.0167289
-0.0045176
0.0054237
0.0030619
-0.0054491
-0.0001382
0.0296445
0.0692400
0.0922900
0.0904148
0.0834635
0.0964389
0.1295974
0.1575839
0.1592267
0.1431498
0.1397323
0.1696913
0.2251284
0.2814115
0.3221584
0.3488827
0.3701478
0.3892174
0.4051473
0.4206283
0.4419090
0.4703709
0.4990264
0.5204656
0.5359845
0.5532234
0.5752038
0.5954000
0.6052447
0.6038449
0.5973584
0.5898394
0.5781895
0.5569221
0.5246279
0.4829376
0.4310544
0.3661088
0.2908321
0.2177728
0.1616854
0.1269300
0.1045629
0.0829933
0.0598062
0.0412464
0.0312274
0.0241913
0.0106332
-0.0116727
-0.0341607
-0.0454108
-0.0413308
-0.0272956
-0.0120711
-0.0014577
0.0026988
0.0000400
-0.0093205
-0.0232085
-0.0363517
-0.0425564
-0.0388787
-0.0281590
-0.0175628
-0.0139495
-0.0192809
-0.0294353
-0.0375033
-0.0390743
-0.0350054
-0.0293180
-0.0248530
-0.0217341
-0.0200436
-0.0222928
-0.0310015
-0.0434954
-0.0515450
-0.0491607
-0.0411228
-0.0410145
-0.0577530
-0.0838580
-0.0996457
-0.0915628
-0.0666075
-0.0472209
-0.0509177
-0.0748636
-0.1000591
-0.1092644
-0.1000973
-0.0825404
-0.0674546
-0.0595320
-0.0591072
-0.0659395
-0.0783592
-0.0903730
-0.0936581
-0.0847927
-0.0697603
-0.0593723
-0.0594709
-0.0660984
-0.0705055
-0.0682697
-0.0630519
-0.0620232
-0.0686015
-0.0797417
-0.0893602
-0.0935593
-0.0927517
-0.0897202
-0.0864578
-0.0829910
-0.0787475
-0.0743313
-0.0714311
-0.0709948
-0.0720078
-0.0725748
-0.0721944
-0.0726155
-0.0764125
-0.0850393
-0.0981076
-0.1134604
-0.1270915
-0.1340438
-0.1319370
-0.1249094
-0.1222430
-0.1298321
-0.1419248
-0.1435232
-0.1238492
-0.0881432
-0.0550746
-0.0419605
-0.0527077
-0.0787433
-0.1077521
-0.1288167
-0.1322969
-0.1127503
-0.0774307
-0.0490060
-0.0514688
-0.0877965
-0.1332449
-0.1558448
-0.1457107
-0.1224668
-0.1128231
-0.1233339
-0.1378422
-0.1397143
-0.1310142
-0.1270927
-0.1360452
-0.1492640
-0.1528856
-0.1435279
-0.1290282
-0.1166314
-0.1064399
-0.0973055
-0.0930277
-0.0972615
-0.1046863
-0.1041236
-0.0915789
-0.0720938
-0.0406341
0.0348572
0.1955516
0.4425344
0.7045808
0.8666790
0.8446972
0.6411474
0.3329262
0.0086607
-0.2820442
-0.5280189
-0.7234899
-0.8485252
-0.8819932
-0.8253515
-0.7081203
-0.5713726
-0.4474157
-0.3503410
-0.2773408
-0.2158135
-0.1547439
-0.0964590
-0.0578513
-0.0547840
-0.0820963
-0.1119596
-0.1166800
-0.0937020
-0.0654141
-0.0538855
-0.0592293
-0.0649376
-0.0605898
-0.0525159
-0.0503788
-0.0494204
-0.0337489
0.0015053
0.0371155
0.0449301
0.0171285
-0.0225165
-0.0387475
-0.0161587
0.0292222
0.0672712
0.0805686
0.0754678
0.0712374
0.0817051
0.1064044
0.1352474
0.1586387
0.1739488
0.1856666
0.2016404
0.2284559
0.2679123
0.3159815
0.3648154
0.4066219
0.4370217
0.4562826
0.4685607
0.4799294
0.4955814
0.5169098
0.5404114
0.5601457
0.5724805
0.5788383
0.5833689
0.5877029
0.5884346
0.5801519
0.5605161
0.5316557
0.4968154
0.4569833
0.4117717
0.3628046
0.3142756
0.2691737
0.2260582
0.1814106
0.1355119
0.0943786
0.0643030
0.0448678
0.0290933
0.0111242
-0.0077193
-0.0221191
-0.0310930
-0.0402505
-0.0540443
-0.0675659
-0.0696772
-0.0558972
-0.0361613
-0.0266776
-0.0333693
-0.0453512
-0.0465174
-0.0329029
-0.0168309
-0.0137452
-0.0265742
-0.0439916
-0.0527205
-0.0496779
-0.0423735
-0.0398491
-0.0448064
-0.0532982
-0.0595346
-0.0602563
-0.0561882
-0.0510843
-0.0491536
-0.0519358
-0.0571491
-0.0614128
-0.0645549
-0.0702851
-0.0815478
-0.0957508
-0.1062819
-0.1094740
-0.1089421
-0.1115815
-0.1193582
-0.1264257
-0.1251468
-0.1142605
-0.1000892
-0.0900108
-0.0862658
-0.0869959
-0.0919644
-0.1043999
-0.1254103
-0.1476520
-0.1578059
-0.1482093
-0.1262682
-0.1099817
-0.1114902
-0.1244760
-0.1294575
-0.1133184
-0.0837857
-0.0635868
-0.0695936
-0.0976831
-0.1277065
-0.1421426
-0.1394171
-0.1308084
-0.1275158
-0.1321193
-0.1404135
-0.1476838
-0.1514690
-0.1501534
-0.1422591
-0.1287085
-0.1146753
-0.1071008
-0.1091041
-0.1167574
-0.1219703
-0.1194668
-0.1118252
-0.1079148
-0.1155968
-0.1346680
-0.1562342
-0.1693153
-0.1690504
-0.1595261
-0.1494560
-0.1453306
-0.1478213
-0.1529265
-0.1552491
-0.1509134
-0.1397259
-0.1261102
-0.1169226
-0.1159427
-0.1196522
-0.1201018
-0.1137697
-0.1069285
-0.1097089
-0.1236203
-0.1366912
-0.1337326
-0.1122668
-0.0870202
-0.0774871
-0.0911130
-0.1184789
-0.1430494
-0.1537550
-0.1495509
-0.1364555
-0.1233074
-0.1179900
-0.1224098
-0.1295136
-0.1291336
-0.1196833
-0.1092354
-0.0957812
-0.0447687
0.1006896
0.3671459
0.6973827
0.9567540
1.0123929
0.8250133
0.4724763
0.0850833
-0.2451854
-0.5010367
-0.7033742
-0.8558429
-0.9315832
-0.9070248
-0.7964142
-0.6479065
-0.5093586
-0.4014384
-0.3199338
-0.2552374
-0.2049861
-0.1716863
-0.1551083
-0.1497217
-0.1474054
-0.1411553
-0.1283983
-0.1133733
-0.1049227
-0.1076730
-0.1136511
-0.1059716
-0.0755743
-0.0351314
-0.0125779
-0.0265700
-0.0672056
-0.1026218
-0.1063833
-0.0792200
-0.0448153
-0.0258883
-0.0251341
-0.0277955
-0.0195070
0.0003714
0.0217356
0.0367709
0.0479647
0.0635757
0.0870693
0.1127374
0.1321403
0.1439083
0.1558350
0.1768831
0.2080938
0.2425187
0.2736744
0.3020036
0.3316318
0.3622784
0.3878494
0.4048430
0.4200720
0.4461330
0.4875007
0.5328908
0.5638902
0.5713648
0.5619865
0.5487326
0.5374405
0.5244702
0.5055813
0.4826538
0.4593876
0.4327832
0.3933776
0.3359561
0.2683089
0.2067137
0.1621218
0.1318258
0.1048609
0.0739245
0.0406231
0.0102810
-0.0151954
-0.0373784
-0.0556876
-0.0649975
-0.0609258
-0.0468283
-0.0334011
-0.0300514
-0.0369987
-0.0466310
-0.0523228
-0.0547587
-0.0591532
-0.0674448
-0.0750468
-0.0759853
-0.0702817
-0.0648325
-0.0665255
-0.0751123
-0.0835448
-0.0852059
-0.0801952
-0.0743076
-0.0723035
-0.0727194
-0.0694650
-0.0586671
-0.0443696
-0.0375815
-0.0485640
-0.0780243
-0.1146695
-0.1421992
-0.1507564
-0.1430432
-0.1294394
-0.1169892
-0.1036369
-0.0837754
-0.0586956
-0.0395840
-0.0386736
-0.0575004
-0.0846688
-0.1052005
-0.1116287
-0.1067726
-0.0981981
-0.0919453
-0.0907214
-0.0950469
-0.1038404
-0.1141040
-0.1215174
-0.1222075
-0.1144116
-0.0996379
-0.0833936
-0.0736306
-0.0750410
-0.0829089
-0.0849651
-0.0731188
-0.0524187
-0.0316732
-0.0000676
0.0821484
0.2560820
0.5150963
0.7815516
0.9414062
0.9148589
0.7043370
0.3820068
0.0357389
-0.2751419
-0.5248982
-0.7025420
-0.8007280
-0.8212602
-0.7804053
-0.7007972
-0.5989209
-0.4842723
-0.3689934
-0.2709372
-0.2022013
-0.1573134
-0.1192484
-0.0795559
-0.0487875
-0.0428491
-0.0603997
-0.0792510
-0.0780277
-0.0583230
-0.0407233
-0.0391502
-0.0446279
-0.0384859
-0.0185440
-0.0044912
-0.0131343
-0.0323257
-0.0276126
0.0209540
0.0914252
0.1347550
0.1194521
0.0606393
0.0043943
-0.0145335
0.0020514
0.0291156
0.0497416
0.0691519
0.1007998
0.1458811
0.1909002
0.2233576
0.2449571
0.2676654
0.2996569
0.3383797
0.3767695
0.4124474
0.4483435
0.4858381
0.5207923
0.5478435
0.5670054
0.5837810
0.6025683
0.6216607
0.6359056
0.6432237
0.6462762
0.6468952
0.6406618
0.6197571
0.5821960
0.5365495
0.4948746
0.4599749
0.4211786
0.3650357
0.2907877
0.2134994
0.1498356
0.1009392
0.0518881
-0.0098171
-0.0759861
-0.1206937
-0.1235774
-0.0902956
-0.0491397
-0.0275029
-0.0320954
-0.0508188
-0.0701236
-0.0870475
-0.1049556
-0.1224438
-0.1312846
-0.1257808
-0.1107286
-0.0971151
-0.0903093
-0.0849868
-0.0729870
-0.0548585
-0.0414287
-0.0431753
-0.0590571
-0.0771173
-0.0862127
-0.0862390
-0.0862639
-0.0933472
-0.1045837
-0.1106342
-0.1060808
-0.0949538
-0.0860193
-0.0840554
-0.0869510
-0.0905790
-0.0941520
-0.0993558
-0.1055241
-0.1084596
-0.1052391
-0.0986577
-0.0948062
-0.0961963
-0.0990418
-0.0982872
-0.0940606
-0.0913733
-0.0935896
-0.0982168
-0.1005201
-0.1002396
-0.1024010
-0.1105216
-0.1203976
-0.1227418
-0.1128149
-0.0967155
-0.0869437
-0.0909359
-0.1036814
-0.1119481
-0.1067348
-0.0924315
-0.0833730
-0.0899086
-0.1070203
-0.1177586
-0.1098405
-0.0892888
-0.0760315
-0.0843854
-0.1083406
-0.1279072
-0.1304149
-0.1236395
-0.1260498
-0.1450230
-0.1676253
-0.1742412
-0.1592993
-0.1358147
-0.1197755
-0.1133097
-0.1054379
-0.0874771
-0.0635131
-0.0441505
-0.0332530
-0.0255890
-0.0180490
-0.0179784
-0.0346384
-0.0626464
-0.0805067
-0.0716320
-0.0456178
-0.0319156
-0.0487505
-0.0826824
-0.1053054
-0.1077399
-0.1060883
-0.1031760
-0.0525337
0.1166433
0.4188622
0.7563862
0.9615465
0.9153600
0.6357999
0.2526407
-0.1023838
-0.3811195
-0.6072525
-0.8013564
-0.9351555
-0.9603416
-0.8684724
-0.7097833
-0.5530347
-0.4343302
-0.3467050
-0.2704791
-0.2029413
-0.1571885
-0.1404460
-0.1419190
-0.1428535
-0.1343475
-0.1226863
-0.1186675
-0.1242536
-0.1301338
-0.1249641
-0.1059665
-0.0808012
-0.0599145
-0.0474355
-0.0392006
-0.0286466
-0.0133778
0.0042202
0.0208223
0.0338651
0.0394303
0.0324142
0.0130026
-0.0076034
-0.0130124
0.0030032
0.0284568
0.0441990
0.0433917
0.0369551
0.0390915
0.0521980
0.0704243
0.0943161
0.1321367
0.1826960
0.2254228
0.2398138
0.2359162
0.2533128
0.3186895
0.4076597
0.4617211
0.4494972
0.4042496
0.3915189
0.4411092
0.5200314
0.5742477
0.5861561
0.5806152
0.5798034
0.5696639
0.5209926
0.4353875
0.3546551
0.3196007
0.3271047
0.3344689
0.3024652
0.2279252
0.1374406
0.0601393
0.0108437
-0.0099221
-0.0124258
-0.0150503
-0.0336682
-0.0650198
-0.0848945
-0.0727703
-0.0399982
-0.0250255
-0.0535162
-0.1064735
-0.1363738
-0.1172241
-0.0728038
-0.0504303
-0.0697597
-0.1039906
-0.1124349
-0.0854133
-0.0518642
-0.0453062
-0.0693500
-0.0992344
-0.1119933
-0.1083920
-0.1052174
-0.1129017
-0.1266719
-0.1381279
-0.1483118
-0.1642012
-0.1841486
-0.1931798
-0.1771791
-0.1406800
-0.1063534
-0.0944359
-0.1040079
-0.1167429
-0.1181551
-0.1114644
-0.1087736
-0.1118660
-0.1073220
-0.0829389
-0.0460447
-0.0210232
-0.0271264
-0.0603132
-0.0981427
-0.1211115
-0.1274252
-0.1283401
-0.1333004
-0.1419977
-0.1484840
-0.1486363
-0.1424537
-0.1319963
-0.1197658
-0.1081139
-0.0975483
-0.0856031
-0.0705515
-0.0582176
-0.0622456
-0.0919810
-0.1375290
-0.1703215
-0.1647922
-0.1230332
-0.0768216
-0.0618629
-0.0872645
-0.1287588
-0.1511248
-0.1380164
-0.1027722
-0.0734906
-0.0684877
-0.0837916
-0.1008165
-0.1042795
-0.0935167
-0.0788758
-0.0695909
-0.0664255
-0.0652947
-0.0650821
-0.0687115
-0.0763541
-0.0813723
-0.0771210
-0.0674201
-0.0655739
-0.0796524
-0.1009080
-0.1112636
-0.1027475
-0.0856258
-0.0755087
-0.0763520
-0.0800253
-0.0780856
-0.0630268
-0.0138272
0.1073873
0.3231067
0.5934709
0.8100494
0.8568200
0.6934639
0.3833372
0.0389337
-0.2601115
-0.4986774
-0.6899814
-0.8263169
-0.8755721
-0.8214139
-0.6942846
-0.5550903
-0.4492697
-0.3793542
-0.3197710
-0.2523614
-0.1848632
-0.1381956
-0.1209515
-0.1187816
-0.1086575
-0.0831226
-0.0594350
-0.0619118
-0.0927957
-0.1224965
-0.1142387
-0.0616907
0.0003702
0.0273731
0.0077885
-0.0277224
-0.0402599
-0.0219410
0.0016440
0.0047531
-0.0097350
-0.0169638
0.0001825
0.0341682
0.0640424
0.0765378
0.0734695
0.0642728
0.0583768
0.0639966
0.0865938
0.1233041
0.1615203
0.1886244
0.2046316
0.2224256
0.2538062
0.2971630
0.3406788
0.3756034
0.4026465
0.4253980
0.4422565
0.4489091
0.4474803
0.4488175
0.4636816
0.4931053
0.5284954
0.5595300
0.5800117
0.5872080
0.5792765
0.5559871
0.5212031
0.4819281
0.4431945
0.4043460
0.3615449
0.3139175
0.2659931
0.2234656
0.1875774
0.1550216
0.1231243
0.0933873
0.0687913
0.0486321
0.0284491
0.0064885
-0.0110711
-0.0144237
-0.0015137
0.0160562
0.0210183
0.0053642
-0.0231490
-0.0488395
-0.0607002
-0.0575816
-0.0450914
-0.0317548
-0.0274508
-0.0395005
-0.0646715
-0.0855511
-0.0809164
-0.0455345
-0.0002949
0.0213898
0.0015573
-0.0462557
-0.0890249
-0.1027558
-0.0906334
-0.0761737
-0.0809943
-0.1078640
-0.1407545
-0.1579134
-0.1460132
-0.1062996
-0.0516359
0.0007192
0.0353364
0.0420342
0.0177875
-0.0312945
-0.0885326
-0.1292863
-0.1312598
-0.0899972
-0.0277865
0.0163907
0.0133650
-0.0338516
-0.0925987
-0.1270764
-0.1253213
-0.1030458
-0.0835132
-0.0754744
-0.0710812
-0.0625949
-0.0555966
-0.0618094
-0.0809869
-0.0963227
-0.0917965
-0.0720724
-0.0606139
-0.0759421
-0.1111713
-0.1397489
-0.1427487
-0.1288760
-0.1243858
-0.1428721
-0.1688614
-0.1741515
-0.1476510
-0.1052876
-0.0729173
-0.0650474
-0.0790476
