-0.0616051
-0.0693487
-0.0603124
-0.0512788
-0.0456431
-0.0374793
-0.0317241
-0.0400350
-0.0603044
-0.0778128
-0.0859446
-0.0913745
-0.0990040
-0.1051661
-0.1074421
-0.1102256
-0.1176648
-0.1285568
-0.1398621
-0.1494388
-0.1547446
-0.1538063
-0.1477029
-0.1389285
-0.1289741
-0.1203111
-0.1170744
-0.1196296
-0.1222476
-0.1208252
-0.1189896
-0.1213913
-0.1253196
-0.1257556
-0.1245247
-0.1230325
-0.1025310
-0.0208243
0.1575088
0.4170645
0.6757181
0.8226878
0.7897113
0.5966869
0.3290303
0.0686265
-0.1546314
-0.3515773
-0.5296264
-0.6685789
-0.7354744
-0.7149147
-0.6238207
-0.5010315
-0.3843280
-0.2940449
-0.2324183
-0.1923521
-0.1647322
-0.1418588
-0.1202068
-0.1013174
-0.0878982
-0.0793930
-0.0733681
-0.0695760
-0.0688720
-0.0687043
-0.0640240
-0.0538993
-0.0441020
-0.0411059
-0.0447670
-0.0482377
-0.0448680
-0.0348976
-0.0252240
-0.0220054
-0.0237630
-0.0232516
-0.0160078
-0.0046024
0.0061755
0.0152508
0.0243941
0.0340160
0.0429177
0.0512802
0.0612399
0.0743476
0.0899849
0.1066217
0.1239980
0.1437500
0.1674061
0.1932974
0.2165190
0.2337103
0.2474758
0.2640968
0.2868312
0.3132476
0.3389219
0.3612849
0.3793953
0.3927459
0.4023633
0.4118634
0.4251569
0.4423184
0.4582540
0.4664962
0.4651963
0.4588399
0.4523710
0.4437152
0.4248664
0.3918128
0.3507710
0.3117903
0.2777810
0.2433631
0.2042815
0.1641171
0.1296365
0.1016055
0.0735329
0.0406579
0.0084876
-0.0104720
-0.0098802
0.0019622
0.0088180
0.0012672
-0.0168404
-0.0354096
-0.0479223
-0.0535376
-0.0534034
-0.0486778
-0.0415669
-0.0352493
-0.0313369
-0.0281798
-0.0228332
-0.0151019
-0.0090082
-0.0089898
-0.0143196
-0.0187981
-0.0173210
-0.0117959
-0.0088502
-0.0121311
-0.0186847
-0.0230440
-0.0232165
-0.0218969
-0.0227602
-0.0265592
-0.0310007
-0.0341740
-0.0373452
-0.0433026
-0.0520090
-0.0595469
-0.0624657
-0.0621651
-0.0635925
-0.0698424
-0.0789296
-0.0857467
-0.0866576
-0.0824175
-0.0770599
-0.0738397
-0.0722762
-0.0695508
-0.0645364
-0.0594592
-0.0573386
-0.0585283
-0.0600900
-0.0583041
-0.0523114
-0.0462094
-0.0468210
-0.0572241
-0.0718237
-0.0797166
-0.0748694
-0.0627889
-0.0557208
-0.0605147
-0.0716970
-0.0775103
-0.0730582
-0.0661369
-0.0682910
-0.0806218
-0.0914622
-0.0897940
-0.0787114
-0.0723313
-0.0794964
-0.0934988
-0.0995192
-0.0908481
-0.0757858
-0.0682815
-0.0730559
-0.0812591
-0.0807868
-0.0694240
-0.0565734
-0.0528099
-0.0596567
-0.0698800
-0.0758452
-0.0760789
-0.0744300
-0.0744780
-0.0755084
-0.0739352
-0.0684139
-0.0627262
-0.0625156
-0.0690227
-0.0769120
-0.0787843
-0.0716387
-0.0591044
-0.0481119
-0.0434971
-0.0449590
-0.0484260
-0.0501787
-0.0497757
-0.0493866
-0.0509599
-0.0541547
-0.0562653
-0.0538884
-0.0457852
-0.0350559
-0.0276377
-0.0272510
-0.0320164
-0.0372054
-0.0411305
-0.0466389
-0.0558379
-0.0644997
-0.0640291
-0.0505854
-0.0317715
-0.0219844
-0.0292103
-0.0467822
-0.0597532
-0.0594512
-0.0502948
-0.0423137
-0.0395040
-0.0375476
-0.0317277
-0.0240626
-0.0211856
-0.0262369
-0.0346978
-0.0390719
-0.0370431
-0.0337934
-0.0359117
-0.0438791
-0.0512930
-0.0511108
-0.0422661
-0.0309368
-0.0260838
-0.0327252
-0.0476835
-0.0614980
-0.0657037
-0.0592403
-0.0480115
-0.0387627
-0.0341889
-0.0334860
-0.0355076
-0.0395574
-0.0435962
-0.0441725
-0.0401353
-0.0357035
-0.0371602
-0.0453790
-0.0539474
-0.0568061
-0.0544322
-0.0452998
-0.0091049
0.0927412
0.2855299
0.5414244
0.7740317
0.8840124
0.8227414
0.6199676
0.3534526
0.0920869
-0.1358403
-0.3294880
-0.4844118
-0.5817900
-0.6053426
-0.5610343
-0.4762249
-0.3814767
-0.2951798
-0.2228143
-0.1648886
-0.1218486
-0.0928155
-0.0739482
-0.0609314
-0.0525389
-0.0498330
-0.0517599
-0.0536007
-0.0512136
-0.0457940
-0.0425878
-0.0445968
-0.0486469
-0.0484248
-0.0412389
-0.0313440
-0.0261784
-0.0289481
-0.0349877
-0.0359849
-0.0280781
-0.0154885
-0.0060031
-0.0032171
-0.0033981
0.0004067
0.0115245
0.0267289
0.0398408
0.0480882
0.0545738
0.0642133
0.0777906
0.0910071
0.0995830
0.1044873
0.1114380
0.1252406
0.1448393
0.1640740
0.1775396
0.1858877
0.1952099
0.2110464
0.2331856
0.2563595
0.2754530
0.2896767
0.3023387
0.3174603
0.3364205
0.3568859
0.3745614
0.3864694
0.3931189
0.3976241
0.4025337
0.4072680
0.4085364
0.4033933
0.3918762
0.3761109
0.3564902
0.3297140
0.2922683
0.2461496
0.1996317
0.1609643
0.1314982
0.1058689
0.0789201
0.0516762
0.0301544
0.0187267
0.0152291
0.0127085
0.0055655
-0.0063156
-0.0188731
-0.0280459
-0.0324408
-0.0333259
-0.0334804
-0.0356911
-0.0407743
-0.0463428
-0.0482662
-0.0442943
-0.0364954
-0.0300124
-0.0292629
-0.0349865
-0.0444690
-0.0542869
-0.0627769
-0.0701105
-0.0766702
-0.0820930
-0.0858383
-0.0878339
-0.0880633
-0.0859967
-0.0811085
-0.0740553
-0.0671493
-0.0635260
-0.0653936
-0.0723168
-0.0809780
-0.0873822
-0.0902334
-0.0923504
-0.0983374
-0.1103341
-0.1256937
-0.1388140
-0.1456628
-0.1469434
-0.1468664
-0.1487801
-0.1522798
-0.1546148
-0.1541005
-0.1513566
-0.1477627
-0.1440896
-0.1409685
-0.1394752
-0.1401373
-0.1417638
-0.1424409
-0.1419197
-0.1418279
-0.1424417
-0.1402024
-0.1310336
-0.1172426
-0.1085598
-0.1126410
-0.1247388
-0.1312362
-0.1258019
-0.1171329
-0.1123276
-0.0908207
-0.0045903
0.1807703
0.4366888
0.6671591
0.7659894
0.6909657
0.4885693
0.2482293
0.0322457
-0.1536350
-0.3309163
-0.5014874
-0.6340055
-0.6916329
-0.6662335
-0.5842643
-0.4839555
-0.3903625
-0.3097021
-0.2402976
-0.1832655
-0.1428354
-0.1204146
-0.1112374
-0.1065963
-0.0987428
-0.0850369
-0.0692969
-0.0588640
-0.0581921
-0.0640336
-0.0677050
-0.0632810
-0.0534434
-0.0462907
-0.0461157
-0.0482767
-0.0442279
-0.0313895
-0.0166003
-0.0088483
-0.0094070
-0.0107278
-0.0052271
0.0063591
0.0164354
0.0196069
0.0189685
0.0231455
0.0378045
0.0604717
0.0832937
0.1003169
0.1121320
0.1242229
0.1415978
0.1648242
0.1900918
0.2123755
0.2293484
0.2436902
0.2618503
0.2892779
0.3255026
0.3636496
0.3954374
0.4174237
0.4328152
0.4472809
0.4629936
0.4769207
0.4850487
0.4877160
0.4896368
0.4940313
0.4973216
0.4907454
0.4678089
0.4302064
0.3864598
0.3448286
0.3073542
0.2703545
0.2301794
0.1879845
0.1487302
0.1160324
0.0888058
0.0631709
0.0371103
0.0127706
-0.0057094
-0.0163951
-0.0217220
-0.0267285
-0.0350062
-0.0458886
-0.0550907
-0.0579734
-0.0528551
-0.0423558
-0.0321009
-0.0272490
-0.0288106
-0.0328633
-0.0340682
-0.0306496
-0.0258537
-0.0242194
-0.0265697
-0.0291483
-0.0279064
-0.0233047
-0.0202540
-0.0230111
-0.0305198
-0.0373620
-0.0392069
-0.0367113
-0.0340178
-0.0342275
-0.0368472
-0.0390534
-0.0386022
-0.0356282
-0.0324100
-0.0316513
-0.0344150
-0.0391646
-0.0429463
-0.0440756
-0.0439344
-0.0457364
-0.0509240
-0.0568121
-0.0585744
-0.0541559
-0.0469007
-0.0427040
-0.0446255
-0.0507326
-0.0569414
-0.0610113
-0.0634226
-0.0652032
-0.0659942
-0.0644910
-0.0602819
-0.0547636
-0.0501783
-0.0479501
-0.0480482
-0.0496895
-0.0521808
-0.0549272
-0.0569766
-0.0570153
-0.0540863
-0.0485815
-0.0427356
-0.0397674
-0.0415989
-0.0468907
-0.0518267
-0.0536430
-0.0534524
-0.0549969
-0.0602318
-0.0664006
-0.0680651
-0.0624608
-0.0528004
-0.0457755
-0.0453208
-0.0489225
-0.0505263
-0.0471930
-0.0424591
-0.0426734
-0.0499358
-0.0589153
-0.0611700
-0.0532613
-0.0408333
-0.0340916
-0.0384095
-0.0492319
-0.0567126
-0.0555345
-0.0497099
-0.0474579
-0.0519474
-0.0579939
-0.0580027
-0.0502165
-0.0400460
-0.0334432
-0.0304801
-0.0266419
-0.0196258
-0.0127225
-0.0105601
-0.0128617
-0.0141595
-0.0096745
-0.0002437
0.0089266
0.0134041
0.0128361
0.0101194
0.0086269
0.0099663
0.0125486
0.0111141
-0.0009445
-0.0258532
-0.0567412
-0.0804199
-0.0876019
-0.0811644
-0.0731906
-0.0731876
-0.0798579
-0.0846727
-0.0821208
-0.0749837
-0.0701614
-0.0714076
-0.0769840
-0.0827868
-0.0857412
-0.0845535
-0.0797681
-0.0745574
-0.0735637
-0.0780361
-0.0822917
-0.0782581
-0.0648574
-0.0487564
-0.0298512
0.0141271
0.1200004
0.3045390
0.5314029
0.7161758
0.7746764
0.6775262
0.4648964
0.2109807
-0.0271558
-0.2321277
-0.4088142
-0.5542474
-0.6479903
-0.6690356
-0.6176711
-0.5196352
-0.4106330
-0.3172201
-0.2490486
-0.2034727
-0.1733995
-0.1514950
-0.1317042
-0.1114239
-0.0931724
-0.0818797
-0.0786040
-0.0776343
-0.0718740
-0.0616035
-0.0559491
-0.0633707
-0.0807378
-0.0941894
-0.0926198
-0.0793180
-0.0679164
-0.0665704
-0.0687046
-0.0614837
-0.0421009
-0.0224795
-0.0167277
-0.0259211
-0.0373451
-0.0381034
-0.0271716
-0.0134219
-0.0040305
0.0025395
0.0122108
0.0266943
0.0412840
0.0506576
0.0550946
0.0604403
0.0727990
0.0935826
0.1187659
0.1421695
0.1601697
0.1745511
0.1910313
0.2140060
0.2418722
0.2677368
0.2855557
0.2959674
0.3057620
0.3212704
0.3424729
0.3638833
0.3807167
0.3931095
0.4039455
0.4136134
0.4183193
0.4138804
0.4004428
0.3827745
0.3657825
0.3497301
0.3297563
0.3002966
0.2606517
0.2167541
0.1771643
0.1463311
0.1210247
0.0936070
0.0596348
0.0226185
-0.0091129
-0.0304793
-0.0439706
-0.0554343
-0.0665915
-0.0737096
-0.0741665
-0.0721983
-0.0755804
-0.0865273
-0.0982089
-0.1020363
-0.0974447
-0.0921770
-0.0924071
-0.0948691
-0.0911863
-0.0795019
-0.0688093
-0.0697119
-0.0819915
-0.0938003
-0.0938212
-0.0826500
-0.0708686
-0.0667552
-0.0678826
-0.0655477
-0.0561473
-0.0462592
-0.0458522
-0.0573893
-0.0727610
-0.0810557
-0.0786661
-0.0715561
-0.0683877
-0.0722538
-0.0789348
-0.0821913
-0.0799769
-0.0756461
-0.0738520
-0.0758147
-0.0785214
-0.0781260
-0.0739579
-0.0694074
-0.0689347
-0.0737713
-0.0802212
-0.0826682
-0.0791336
-0.0739477
-0.0740158
-0.0817287
-0.0919678
-0.0969675
-0.0941311
-0.0881348
-0.0848872
-0.0844971
-0.0819382
-0.0749387
-0.0691622
-0.0729874
-0.0867695
-0.0996066
-0.0993232
-0.0858557
-0.0728040
-0.0740788
-0.0892588
-0.1035113
-0.1027141
-0.0881550
-0.0754394
-0.0787113
-0.0964379
-0.1130019
-0.1138262
-0.0984650
-0.0794157
-0.0695181
-0.0713332
-0.0779855
-0.0824470
-0.0845532
-0.0889877
-0.0976813
-0.1056922
-0.1053368
-0.0942023
-0.0784757
-0.0679666
-0.0677517
-0.0745764
-0.0810803
-0.0831098
-0.0827021
-0.0842245
-0.0884479
-0.0913630
-0.0890313
-0.0827288
-0.0781517
-0.0792888
-0.0838832
-0.0857820
-0.0816750
-0.0746906
-0.0708401
-0.0723950
-0.0757125
-0.0757835
-0.0719326
-0.0679890
-0.0672297
-0.0687742
-0.0698391
-0.0703384
-0.0731650
-0.0793782
-0.0848225
-0.0836465
-0.0755055
-0.0676592
-0.0682728
-0.0776382
-0.0873324
-0.0888413
-0.0823620
-0.0760933
-0.0770214
-0.0835293
-0.0875386
-0.0830893
-0.0719420
-0.0611773
-0.0565205
-0.0583739
-0.0632148
-0.0673917
-0.0693770
-0.0695912
-0.0693271
-0.0698820
-0.0718495
-0.0747342
-0.0775153
-0.0797722
-0.0818324
-0.0835514
-0.0836318
-0.0810613
-0.0770396
-0.0743478
-0.0743047
-0.0752010
-0.0746512
-0.0729414
-0.0726431
-0.0747418
-0.0767637
-0.0760152
-0.0735794
-0.0728986
-0.0743673
-0.0740266
-0.0693353
-0.0639832
-0.0634875
-0.0667752
-0.0671994
-0.0639902
-0.0660949
-0.0743082
-0.0576132
0.0405980
0.2547756
0.5460850
0.8039617
0.9124171
0.8278840
0.5999654
0.3209372
0.0570918
-0.1756464
-0.3828246
-0.5538784
-0.6587782
-0.6761169
-0.6163910
-0.5158608
-0.4112634
-0.3218807
-0.2508254
-0.1956453
-0.1542700
-0.1241755
-0.1015072
-0.0834539
-0.0701091
-0.0623846
-0.0586206
-0.0547982
-0.0485085
-0.0417390
-0.0387521
-0.0411164
-0.0453086
-0.0456209
-0.0395342
-0.0301303
-0.0230566
-0.0210211
-0.0213062
-0.0187634
-0.0112029
-0.0016358
0.0049599
0.0069973
0.0081122
0.0134682
0.0244674
0.0375987
0.0485714
0.0569084
0.0657346
0.0772989
0.0899794
0.1007597
0.1102637
0.1236556
0.1450809
0.1713695
0.1929810
0.2029418
0.2050559
0.2119566
0.2336824
0.2679336
0.3021113
0.3251554
0.3371141
0.3472092
0.3634996
0.3854238
0.4061801
0.4208097
0.4305894
0.4398812
0.4504386
0.4599889
0.4656711
0.4671190
0.4654296
0.4600787
0.4482358
0.4274053
0.3980497
0.3631825
0.3258437
0.2876311
0.2495896
0.2136234
0.1822139
0.1566671
0.1359578
0.1173503
0.0980287
0.0765554
0.0538672
0.0335978
0.0207214
0.0181307
0.0234032
0.0294141
0.0295713
0.0233770
0.0166083
0.0153111
0.0194164
0.0227457
0.0197022
0.0116502
0.0059821
0.0085761
0.0174976
0.0245590
0.0230659
0.0137480
0.0030957
-0.0036306
-0.0072148
-0.0124029
-0.0216821
-0.0318799
-0.0372178
-0.0354070
-0.0301871
-0.0276503
-0.0302905
-0.0349181
-0.0363140
-0.0325856
-0.0268026
-0.0237006
-0.0252920
-0.0298574
-0.0347698
-0.0396099
-0.0462497
-0.0562327
-0.0685287
-0.0799386
-0.0875680
-0.0910012
-0.0923292
-0.0940488
-0.0965820
-0.0977033
-0.0948385
-0.0884711
-0.0831001
-0.0838512
-0.0913130
-0.0999290
-0.1024541
-0.0966243
-0.0872492
-0.0814184
-0.0818623
-0.0852872
-0.0866479
-0.0839655
-0.0788067
-0.0733839
-0.0686131
-0.0648269
-0.0628379
-0.0632203
-0.0649571
-0.0657829
-0.0641445
-0.0605205
-0.0568327
-0.0548888
-0.0551360
-0.0560982
-0.0550065
-0.0503412
-0.0447075
-0.0438400
-0.0504093
-0.0589635
-0.0600773
-0.0508424
-0.0367758
-0.0165615
0.0350667
0.1582683
0.3673361
0.6130529
0.7935448
0.8176663
0.6695920
0.4155383
0.1473310
-0.0820278
-0.2729044
-0.4415818
-0.5802062
-0.6570599
-0.6498771
-0.5708122
-0.4575956
-0.3453443
-0.2497382
-0.1723359
-0.1129795
-0.0726815
-0.0484200
-0.0320754
-0.0172578
-0.0048665
0.0006827
-0.0000532
0.0005239
0.0097047
0.0265403
0.0427290
0.0510771
0.0519381
0.0513339
0.0541233
0.0599520
0.0651104
0.0668091
0.0653023
0.0631400
0.0636197
0.0695185
0.0815254
0.0967263
0.1092833
0.1142922
0.1120218
0.1081850
0.1094093
0.1181195
0.1317009
0.1462084
0.1603581
0.1759855
0.1953635
0.2186028
0.2433187
0.2662313
0.2853714
0.3018320
0.3198644
0.3441800
0.3754992
0.4083848
0.4347930
0.4512038
0.4622771
0.4764836
0.4976757
0.5215532
0.5409151
0.5537059
0.5646398
0.5785495
0.5930461
0.5987910
0.5872327
0.5578670
0.5180944
0.4764621
0.4360096
0.3934669
0.3444043
0.2894860
0.2362077
0.1941098
0.1670672
0.1495558
0.1310278
0.1049492
0.0738551
0.0453400
0.0234601
0.0051223
-0.0147072
-0.0354756
-0.0504099
-0.0536873
-0.0470239
-0.0381816
-0.0335464
-0.0334006
-0.0344060
-0.0350413
-0.0371781
-0.0427706
-0.0505793
-0.0568442
-0.0584174
-0.0545264
-0.0461632
-0.0351657
-0.0242724
-0.0169274
-0.0156886
-0.0204867
-0.0287391
-0.0371172
-0.0429639
-0.0446026
-0.0418155
-0.0369808
-0.0348353
-0.0391884
-0.0490117
-0.0586951
-0.0633326
-0.0635235
-0.0638272
-0.0663835
-0.0676037
-0.0626011
-0.0524016
-0.0448726
-0.0473990
-0.0592595
-0.0722433
-0.0785652
-0.0771621
-0.0722759
-0.0676155
-0.0635756
-0.0597042
-0.0576284
-0.0599472
-0.0668341
-0.0753261
-0.0823744
-0.0875146
-0.0917610
-0.0947446
-0.0944892
-0.0903092
-0.0846890
-0.0811966
-0.0808908
-0.0818471
-0.0823059
-0.0831445
-0.0864457
-0.0923542
-0.0986315
-0.1032792
-0.1061412
-0.1071161
-0.1042190
-0.0957581
-0.0848825
-0.0797132
-0.0863675
-0.1016150
-0.1144288
-0.1163917
-0.1100577
-0.1056394
-0.1094595
-0.1172569
-0.1198051
-0.1138316
-0.1053240
-0.1019446
-0.1043666
-0.1069030
-0.1057576
-0.1040075
-0.1072042
-0.1155586
-0.1227012
-0.1224844
-0.1154493
-0.1075442
-0.1034378
-0.1027054
-0.1025026
-0.1020395
-0.1029545
-0.1061016
-0.1099842
-0.1130018
-0.1158144
-0.1199310
-0.1242856
-0.1249585
-0.1193349
-0.1098373
-0.1022621
-0.1002097
-0.1020228
-0.1036825
-0.1039261
-0.1053977
-0.1107837
-0.1189282
-0.1254748
-0.1268442
-0.1228913
-0.1160947
-0.1093517
-0.1048735
-0.1039644
-0.1064060
-0.1100813
-0.1124869
-0.1133266
-0.1148315
-0.1185195
-0.1221365
-0.1214229
-0.1154960
-0.1090448
-0.1075186
-0.1105599
-0.1123226
-0.1092395
-0.1056527
-0.1091524
-0.1201987
-0.1290697
-0.1256295
-0.1116703
-0.1008486
-0.1046211
-0.1192830
-0.1292048
-0.1235076
-0.1078680
-0.0982159
-0.1034041
-0.1162755
-0.1227417
-0.1179552
-0.1110245
-0.1134357
-0.1251223
-0.1342657
-0.1304663
-0.1156666
-0.1008673
-0.0939617
-0.0935215
-0.0943018
-0.0953650
-0.1002043
-0.1104682
-0.1228204
-0.1312134
-0.1264229
-0.0891410
0.0112761
0.1973489
0.4503638
0.6958436
0.8335823
0.7979326
0.5997143
0.3130520
0.0205579
-0.2328200
-0.4413167
-0.6070560
-0.7167923
-0.7503304
-0.7055532
-0.6088790
-0.4997833
-0.4065328
-0.3358999
-0.2812669
-0.2357556
-0.1977349
-0.1685792
-0.1495350
-0.1408136
-0.1409216
-0.1454209
-0.1478005
-0.1436956
-0.1345944
-0.1262281
-0.1225786
-0.1219236
-0.1192955
-0.1123101
-0.1035714
-0.0972875
-0.0946786
-0.0936466
-0.0923119
-0.0912093
-0.0912142
-0.0903289
-0.0842683
-0.0710097
-0.0541448
-0.0406376
-0.0346888
-0.0338837
-0.0316023
-0.0231783
-0.0095481
0.0049310
0.0175834
0.0298607
0.0450044
0.0640825
0.0848236
0.1040734
0.1207495
0.1361366
0.1517813
0.1679246
0.1843402
0.2021142
0.2235121
0.2494808
0.2776005
0.3032156
0.3229364
0.3369599
0.3479931
0.3582982
0.3681445
0.3769079
0.3848374
0.3928839
0.4006032
0.4047926
0.4009138
0.3861297
0.3608642
0.3275501
0.2884234
0.2449597
0.1991574
0.1544832
0.1147060
0.0814105
0.0527623
0.0251825
-0.0032119
-0.0305092
-0.0524217
-0.0662169
-0.0736593
-0.0800921
-0.0901282
-0.1035710
-0.1153063
-0.1195887
-0.1150959
-0.1062116
-0.0994862
-0.0987857
-0.1034900
-0.1105338
-0.1173473
-0.1228857
-0.1269626
-0.1298617
-0.1328265
-0.1379748
-0.1466238
-0.1575091
-0.1673682
-0.1738641
-0.1776682
-0.1810967
-0.1848972
-0.1873132
-0.1867468
-0.1845729
-0.1842850
-0.1878799
-0.1940513
-0.2004865
-0.2072399
-0.2167158
-0.2301842
-0.2453933
-0.2586279
-0.2687802
-0.2780905
-0.2883313
-0.2973798
-0.3011330
-0.2989811
-0.2959653
-0.2981561
-0.3059402
-0.3129189
-0.3121206
-0.3030341
-0.2919922
-0.2857966
-0.2857747
-0.2883988
-0.2906119
-0.2927638
-0.2959147
-0.2981131
-0.2957460
-0.2889202
-0.2833978
-0.2849827
-0.2921132
-0.2961856
-0.2907841
-0.2796553
-0.2732960
-0.2770227
-0.2843998
-0.2845974
-0.2756102
-0.2673499
-0.2701539
-0.2820078
-0.2899696
-0.2846287
-0.2708415
-0.2622299
-0.2658849
-0.2748575
-0.2765726
-0.2669404
-0.2541742
-0.2490127
-0.2534375
-0.2603154
-0.2627568
-0.2613784
-0.2617242
-0.2663064
-0.2712306
-0.2709422
-0.2649680
-0.2586650
-0.2571769
-0.2595153
-0.2595163
-0.2527661
-0.2419205
-0.2344908
-0.2353163
-0.2416677
-0.2460544
-0.2436074
-0.2362774
-0.2298543
-0.2276934
-0.2282758
-0.2287375
-0.2292031
-0.2320397
-0.2370258
-0.2392364
-0.2334423
-0.2204501
-0.2076247
-0.2021979
-0.2043987
-0.2078547
-0.2065995
-0.2008101
-0.1952930
-0.1932355
-0.1927919
-0.1900051
-0.1838070
-0.1769493
-0.1724435
-0.1705752
-0.1699812
-0.1704330
-0.1728645
-0.1763603
-0.1765554
-0.1688601
-0.1539705
-0.1393167
-0.1335120
-0.1384788
-0.1473051
-0.1506024
-0.1453241
-0.1372029
-0.1344115
-0.1389822
-0.1446871
-0.1433894
-0.1332722
-0.1205632
-0.1132201
-0.1133942
-0.1163879
-0.1163943
-0.1120831
-0.1062428
-0.1012057
-0.0962916
-0.0900168
-0.0834272
-0.0797753
-0.0808373
-0.0846593
-0.0876366
-0.0881117
-0.0867422
-0.0835056
-0.0761641
-0.0631653
-0.0473762
-0.0349299
-0.0294387
-0.0282468
-0.0254431
-0.0181732
-0.0088724
-0.0013003
0.0041958
0.0104277
0.0191704
0.0288945
0.0370826
0.0433828
0.0491875
0.0548289
0.0588645
0.0600899
0.0585443
0.0547198
0.0519923
0.0643497
0.1199736
0.2474830
0.4472308
0.6717557
0.8402718
0.8838952
0.7870474
0.5904871
0.3560127
0.1273014
-0.0799896
-0.2593941
-0.3946075
-0.4626515
-0.4530594
-0.3800884
-0.2755413
-0.1709554
-0.0852622
-0.0239005
0.0163249
0.0430428
0.0650038
0.0878820
0.1112848
0.1306656
0.1428415
0.1489892
0.1520717
0.1530698
0.1516134
0.1496547
0.1517528
0.1601333
0.1708271
0.1771128
0.1772843
0.1773136
0.1843919
0.1985794
0.2126948
0.2207824
0.2248287
0.2315282
0.2435028
0.2563494
0.2650755
0.2711058
0.2803917
0.2950240
0.3094940
0.3169942
0.3183554
0.3225759
0.3378685
0.3633847
0.3907370
0.4128219
0.4295905
0.4453447
0.4626630
0.4807339
0.4985787
0.5172751
0.5380722
0.5599607
0.5808356
0.6005477
0.6209294
0.6422154
0.6610254
0.6737068
0.6814241
0.6898440
0.7024444
0.7153744
0.7213359
0.7190280
0.7165177
0.7229075
0.7367901
0.7449605
0.7339009
0.7022068
0.6610100
0.6225663
0.5894922
0.5554042
0.5148222
0.4707906
0.4324558
0.4063504
0.3910991
0.3801198
0.3680670
0.3542381
0.3409459
0.3300891
0.3216745
0.3149683
0.3102249
0.3088015
0.3114747
0.3168391
0.3216880
0.3232184
0.3210165
0.3170512
0.3138186
0.3123629
0.3118854
0.3111609
0.3102143
0.3103753
0.3125668
0.3157215
0.3171264
0.3144469
0.3076463
0.2993254
0.2932202
0.2917021
0.2939943
0.2967616
0.2969034
0.2940584
0.2903405
0.2876492
0.2854850
0.2816192
0.2748676
0.2669213
0.2611442
0.2595372
0.2611299
0.2633677
0.2645498
0.2644797
0.2632571
0.2605529
0.2564741
0.2524169
0.2502232
0.2504144
0.2516197
0.2519029
0.2505960
0.2488744
0.2486335
0.2506654
0.2535530
0.2541209
0.2494029
0.2392119
0.2274440
0.2201182
0.2205176
0.2256393
0.2285647
0.2255896
0.2205625
0.2206574
0.2274661
0.2336813
0.2300806
0.2156560
0.1994682
0.1916955
0.1935560
0.1971492
0.1949126
0.1874747
0.1812149
0.1795671
0.1791913
0.1750901
0.1672525
0.1602011
0.1565646
0.1533093
0.1454330
0.1324589
0.1198237
0.1135038
0.1140089
0.1162499
0.1149554
0.1094952
0.1034383
0.1002331
0.0997821
0.0987043
0.0934013
0.0833041
0.0718239
0.0638247
0.0612033
0.0607768
0.0573457
0.0493487
0.0409492
0.0378205
0.0410312
0.0458058
0.0464647
0.0418747
0.0355911
0.0315523
0.0310934
0.0338962
0.0392373
0.0442683
0.0428097
0.0299037
0.0088928
-0.0091299
-0.0157014
-0.0120311
0.0006684
0.0395624
0.1407511
0.3279555
0.5722984
0.7867710
0.8731585
0.7874811
0.5669481
0.2954138
0.0420405
-0.1710369
-0.3516802
-0.5013777
-0.6015089
-0.6315998
-0.5932926
-0.5126009
-0.4207832
-0.3359963
-0.2620868
-0.1993898
-0.1516301
-0.1223202
-0.1084868
-0.1014048
-0.0938006
-0.0851602
-0.0798757
-0.0811821
-0.0873703
-0.0933826
-0.0954644
-0.0941310
-0.0927749
-0.0936506
-0.0955575
-0.0956154
-0.0929998
-0.0902778
-0.0905182
-0.0930955
-0.0931475
-0.0863285
-0.0744546
-0.0653825
-0.0658441
-0.0741370
-0.0808401
-0.0774770
-0.0643407
-0.0495901
-0.0409917
-0.0388286
-0.0364967
-0.0273295
-0.0106088
0.0086344
0.0249905
0.0375643
0.0500850
0.0669702
0.0893758
0.1144370
0.1379370
0.1580868
0.1771308
0.1990085
0.2250200
0.2519438
0.2748058
0.2913715
0.3035511
0.3146023
0.3256869
0.3354960
0.3425735
0.3467042
0.3471719
0.3402612
0.3203868
0.2852574
0.2396087
0.1922124
0.1482779
0.1053587
0.0574988
0.0031723
-0.0516156
-0.0982417
-0.1328924
-0.1586038
-0.1802213
-0.1985910
-0.2110333
-0.2172848
-0.2227656
-0.2338657
-0.2502643
-0.2641065
-0.2683185
-0.2651909
-0.2651711
-0.2763204
-0.2953696
-0.3101623
-0.3114635
-0.3020372
-0.2935574
-0.2948161
-0.3037093
-0.3107268
-0.3091790
-0.3013999
-0.2958456
-0.2992177
-0.3110032
-0.3242818
-0.3313144
-0.3293155
-0.3221277
-0.3167488
-0.3176575
-0.3236463
-0.3298529
-0.3331538
-0.3355888
-0.3418163
-0.3528372
-0.3632014
-0.3657794
-0.3592700
-0.3497996
-0.3447616
-0.3461439
-0.3505468
-0.3545737
-0.3584661
-0.3642481
-0.3717713
-0.3778913
-0.3792828
-0.3749753
-0.3661405
-0.3550566
-0.3454024
-0.3418579
-0.3463705
-0.3546182
-0.3594501
-0.3594008
-0.3592001
-0.3547517
-0.3171290
-0.2017809
0.0115551
0.2798574
0.5018864
0.5757624
0.4662103
0.2239960
-0.0583434
-0.3121366
-0.5216014
-0.6998543
-0.8481284
-0.9434931
-0.9624590
-0.9089936
-0.8157368
-0.7195966
-0.6386345
-0.5710288
-0.5107951
-0.4595176
-0.4230380
-0.4016753
-0.3881534
-0.3751098
-0.3618272
-0.3524176
-0.3491157
-0.3491799
-0.3479536
-0.3432989
-0.3364796
-0.3298808
-0.3252551
-0.3239628
-0.3269088
-0.3325118
-0.3355038
-0.3303705
-0.3173799
-0.3038611
-0.2975459
-0.2986016
-0.2995405
-0.2932639
-0.2800071
-0.2655563
-0.2535434
-0.2413486
-0.2244914
-0.2039061
-0.1865277
-0.1774676
-0.1728624
-0.1626193
-0.1406593
-0.1110624
-0.0832955
-0.0623124
-0.0443888
-0.0222085
0.0072469
0.0402359
0.0707166
0.0960533
0.1179252
0.1385152
0.1573783
0.1726955
0.1845392
0.1954293
0.2074334
0.2193583
0.2269475
0.2255296
0.2127507
0.1895312
0.1587043
0.1224676
0.0810216
0.0338381
-0.0177554
-0.0694887
-0.1159913
-0.1543442
-0.1863635
-0.2169912
-0.2492998
-0.2806895
-0.3049001
-0.3185387
-0.3251581
-0.3320991
-0.3433803
-0.3562816
-0.3650220
-0.3673057
-0.3666502
-0.3679972
-0.3715771
-0.3724911
-0.3672051
-0.3593582
-0.3570209
-0.3635397
-0.3725362
-0.3735773
-0.3629802
-0.3482587
-0.3413227
-0.3472064
-0.3596888
-0.3680834
-0.3678365
-0.3637337
-0.3630445
-0.3671382
-0.3708196
-0.3688358
-0.3614082
-0.3534345
-0.3496355
-0.3510647
-0.3555657
-0.3606493
-0.3655626
-0.3707077
-0.3756303
-0.3783906
-0.3772761
-0.3728224
-0.3678251
-0.3652957
-0.3660812
-0.3679960
-0.3675408
-0.3633226
-0.3579255
-0.3556206
-0.3578441
-0.3614061
-0.3613858
-0.3554448
-0.3454882
-0.3360378
-0.3312322
-0.3323064
-0.3368125
-0.3402598
-0.3393046
-0.3341299
-0.3280817
-0.3247111
-0.3245064
-0.3244019
-0.3211506
-0.3152869
-0.3106646
-0.3094556
-0.3089040
-0.3046404
-0.2966896
-0.2901736
-0.2892560
-0.2915609
-0.2899935
-0.2802996
-0.2660643
-0.2554181
-0.2527301
-0.2544047
-0.2535082
-0.2476169
-0.2405383
-0.2365381
-0.2350184
-0.2320069
-0.2254479
-0.2172331
-0.2102991
-0.2052850
-0.2006848
-0.1955267
-0.1907966
-0.1877457
-0.1853955
-0.1810074
-0.1735370
-0.1655156
-0.1603017
-0.1580186
-0.1555802
-0.1505965
-0.1438618
-0.1376925
-0.1330357
-0.1289718
-0.1244131
-0.1194334
-0.1148287
-0.1107401
-0.1062128
-0.1005402
-0.0947905
-0.0911305
-0.0904059
-0.0911916
-0.0915123
-0.0905063
-0.0878844
-0.0830320
-0.0760231
-0.0690315
-0.0652802
-0.0660526
-0.0690497
-0.0699108
-0.0656259
-0.0570270
-0.0480941
-0.0423935
-0.0400997
-0.0387824
-0.0366500
-0.0340362
-0.0318427
-0.0298249
-0.0269915
-0.0230211
-0.0188458
-0.0160912
-0.0157569
-0.0168277
-0.0164461
-0.0124124
-0.0055897
0.0009680
0.0054170
0.0089708
0.0140446
0.0208469
0.0261749
0.0262829
0.0218269
0.0194060
0.0259007
0.0401235
0.0520618
0.0528325
0.0447439
0.0389927
0.0429730
0.0521082
0.0559173
0.0510393
0.0455991
0.0494871
0.0622562
0.0738882
0.0777004
0.0781925
0.0827506
0.0889681
0.0868847
0.0742542
0.0622772
0.0615341
0.0686189
0.0780493
0.1096663
0.2118331
0.4194604
0.6996994
0.9456395
1.0397523
0.9374363
0.6941944
0.4126783
0.1641833
-0.0418851
-0.2244947
-0.3825329
-0.4845370
-0.4997890
-0.4316524
-0.3190712
-0.2085498
-0.1255067
-0.0684646
-0.0240806
0.0161725
0.0514173
0.0767075
0.0892930
0.0913230
0.0890738
0.0893883
0.0954713
0.1058953
0.1174916
0.1280408
0.1361318
0.1406293
0.1419347
0.1427764
0.1462091
0.1528167
0.1602699
0.1653833
0.1668400
0.1667363
0.1691828
0.1762658
0.1856369
0.1933481
0.1987288
0.2048535
0.2142193
0.2256089
0.2357482
0.2432857
0.2510469
0.2644711
0.2864937
0.3129473
0.3346943
0.3464411
0.3525801
0.3622397
0.3791536
0.3985869
0.4142138
0.4260836
0.4409561
0.4651396
0.4970832
0.5274956
0.5479898
0.5594289
0.5699279
0.5847345
0.6009141
0.6129406
0.6204990
0.6284522
0.6406912
0.6559646
0.6689404
0.6742756
0.6704111
0.6598100
0.6446972
0.6232512
0.5920409
0.5519032
0.5089157
0.4692732
0.4351236
0.4051332
0.3767204
0.3478360
0.3189605
0.2934316
0.2739383
0.2592785
0.2465767
0.2355870
0.2281937
0.2245305
0.2222094
0.2187700
0.2128760
0.2042686
0.1944757
0.1859516
0.1786696
0.1697744
0.1585666
0.1489016
0.1439606
0.1414966
0.1373116
0.1309925
0.1254041
0.1227302
0.1230436
0.1241078
0.1212367
0.1111963
0.0979489
0.0902763
0.0918148
0.0976210
0.1016703
0.1024406
0.1000393
0.0943343
0.0879173
0.0845536
0.0828250
0.0775863
0.0685150
0.0598334
0.0515694
0.0404183
0.0292583
0.0243346
0.0223109
0.0137292
0.0011509
-0.0024857
0.0017452
-0.0056638
-0.0332093
