-0.0821923
-0.1269112
-0.1267957
-0.1127245
-0.0941483
-0.0348806
0.1107050
0.3531838
0.6479778
0.8977502
0.9883769
0.8591453
0.5502274
0.1703767
-0.1823653
-0.4624307
-0.6585145
-0.7659009
-0.7843109
-0.7261099
-0.6165843
-0.4888876
-0.3749971
-0.2913900
-0.2330130
-0.1870075
-0.1497272
-0.1253326
-0.1141487
-0.1114732
-0.1139501
-0.1185972
-0.1184521
-0.1071680
-0.0867362
-0.0655093
-0.0506554
-0.0457868
-0.0512088
-0.0614705
-0.0667222
-0.0618367
-0.0518112
-0.0448999
-0.0434806
-0.0440358
-0.0420701
-0.0344960
-0.0213652
-0.0079625
-0.0014259
-0.0027991
-0.0053847
-0.0021807
0.0082020
0.0229713
0.0379037
0.0482880
0.0523202
0.0550935
0.0648533
0.0833622
0.1029387
0.1141666
0.1144605
0.1094520
0.1086196
0.1186716
0.1379454
0.1576392
0.1709319
0.1796901
0.1899394
0.2031978
0.2160548
0.2266357
0.2373176
0.2513982
0.2699815
0.2916746
0.3132007
0.3311772
0.3450783
0.3573487
0.3692988
0.3784246
0.3807797
0.3739729
0.3570425
0.3302369
0.2964645
0.2603617
0.2241602
0.1865303
0.1468211
0.1083250
0.0760873
0.0532229
0.0398679
0.0333212
0.0283294
0.0196214
0.0057429
-0.0103775
-0.0246029
-0.0341697
-0.0381274
-0.0375983
-0.0353995
-0.0335316
-0.0315470
-0.0290321
-0.0282256
-0.0313200
-0.0359571
-0.0366862
-0.0314950
-0.0248760
-0.0237544
-0.0311226
-0.0433046
-0.0528227
-0.0548934
-0.0518606
-0.0501973
-0.0529343
-0.0571143
-0.0592644
-0.0603674
-0.0634166
-0.0684424
-0.0727100
-0.0746616
-0.0751826
-0.0752310
-0.0740426
-0.0702252
-0.0642005
-0.0590430
-0.0577460
-0.0589643
-0.0573553
-0.0506249
-0.0450716
-0.0504987
-0.0689069
-0.0908805
-0.1043058
-0.1050819
-0.0989603
-0.0950923
-0.0988768
-0.1093748
-0.1215881
-0.1305511
-0.1335062
-0.1296836
-0.1206729
-0.1118375
-0.1104678
-0.1194462
-0.1332671
-0.1424655
-0.1420934
-0.1351135
-0.1286385
-0.1282179
-0.1344495
-0.1427939
-0.1467841
-0.1434010
-0.1362722
-0.1329652
-0.1380476
-0.1478518
-0.1523073
-0.1441851
-0.1282501
-0.1190286
-0.1257671
-0.1404269
-0.1452023
-0.1320542
-0.1074378
-0.0716440
0.0015152
0.1501100
0.3765641
0.6131331
0.7457286
0.6888369
0.4493866
0.1199932
-0.1931871
-0.4400363
-0.6324806
-0.7943785
-0.9162715
-0.9601643
-0.9011141
-0.7580236
-0.5843410
-0.4316070
-0.3209628
-0.2439754
-0.1839341
-0.1333732
-0.0947245
-0.0710577
-0.0598416
-0.0539135
-0.0461303
-0.0339775
-0.0214182
-0.0155113
-0.0193768
-0.0282625
-0.0332641
-0.0289572
-0.0174490
-0.0058332
-0.0000536
-0.0003841
-0.0022443
-0.0015996
0.0008011
0.0014707
0.0001828
0.0024080
0.0149138
0.0390722
0.0682971
0.0918797
0.1026597
0.1027362
0.1015740
0.1071662
0.1189515
0.1302069
0.1367793
0.1418448
0.1520042
0.1701860
0.1931534
0.2154278
0.2350212
0.2549395
0.2787605
0.3053379
0.3293874
0.3476840
0.3630646
0.3811069
0.4038463
0.4280248
0.4489592
0.4650265
0.4786064
0.4933439
0.5101252
0.5249313
0.5305750
0.5210307
0.4948847
0.4559831
0.4116268
0.3687810
0.3295760
0.2900801
0.2452288
0.1957169
0.1486745
0.1105069
0.0798397
0.0487026
0.0110865
-0.0294616
-0.0607211
-0.0713640
-0.0614162
-0.0438900
-0.0352772
-0.0431491
-0.0615617
-0.0770476
-0.0791577
-0.0676036
-0.0516306
-0.0424664
-0.0447465
-0.0541442
-0.0627546
-0.0661122
-0.0652133
-0.0634769
-0.0630588
-0.0633150
-0.0614499
-0.0547931
-0.0434743
-0.0310564
-0.0219363
-0.0176704
-0.0156654
-0.0116340
-0.0041756
0.0024073
0.0008044
-0.0120151
-0.0300137
-0.0420871
-0.0417236
-0.0322750
-0.0228504
-0.0203775
-0.0261707
-0.0385243
-0.0561389
-0.0778754
-0.1001873
-0.1173506
-0.1263001
-0.1305952
-0.1368815
-0.1465431
-0.1535487
-0.1528522
-0.1486986
-0.1504736
-0.1602784
-0.1689713
-0.1672324
-0.1578785
-0.1528653
-0.1580354
-0.1653833
-0.1635281
-0.1526574
-0.1431805
-0.1396832
-0.1341195
-0.1203066
-0.1086111
-0.1145917
-0.1328837
-0.1362739
-0.1102409
-0.0774028
-0.0661560
-0.0500341
0.0588471
0.3245969
0.6853427
0.9544931
0.9525355
0.6540655
0.2055111
-0.2033688
-0.4832208
-0.6683844
-0.8218836
-0.9438499
-0.9788693
-0.8939240
-0.7268678
-0.5550385
-0.4289638
-0.3450086
-0.2747577
-0.2058747
-0.1492608
-0.1164759
-0.1031714
-0.0964484
-0.0898783
-0.0850944
-0.0822635
-0.0763455
-0.0642955
-0.0512642
-0.0456367
-0.0485452
-0.0512049
-0.0440694
-0.0276855
-0.0128040
-0.0092666
-0.0158659
-0.0221078
-0.0191502
-0.0075481
0.0054219
0.0140896
0.0192509
0.0261731
0.0392614
0.0585003
0.0800483
0.0996286
0.1152604
0.1272390
0.1366551
0.1447791
0.1533063
0.1639485
0.1774627
0.1935805
0.2118869
0.2322260
0.2541999
0.2768090
0.2989390
0.3202615
0.3416048
0.3639201
0.3861450
0.4045093
0.4156919
0.4215192
0.4290664
0.4441488
0.4646935
0.4819131
0.4885128
0.4848484
0.4762226
0.4646494
0.4448701
0.4098822
0.3602007
0.3057904
0.2573355
0.2162912
0.1752416
0.1280243
0.0777429
0.0340822
0.0040504
-0.0135382
-0.0253381
-0.0368854
-0.0489378
-0.0591032
-0.0656748
-0.0693418
-0.0718510
-0.0742693
-0.0768729
-0.0795816
-0.0814858
-0.0806274
-0.0756924
-0.0682958
-0.0628948
-0.0638493
-0.0721644
-0.0844098
-0.0943926
-0.0965994
-0.0893920
-0.0758105
-0.0615670
-0.0519896
-0.0497468
-0.0538591
-0.0602614
-0.0643435
-0.0642849
-0.0622621
-0.0621443
-0.0658797
-0.0719217
-0.0767711
-0.0780854
-0.0768288
-0.0765320
-0.0799001
-0.0857495
-0.0894495
-0.0866582
-0.0769467
-0.0644512
-0.0554415
-0.0544667
-0.0613061
-0.0709547
-0.0771766
-0.0770472
-0.0727314
-0.0692518
-0.0703427
-0.0755337
-0.0805228
-0.0807279
-0.0752412
-0.0674691
-0.0618003
-0.0599873
-0.0609221
-0.0630419
-0.0658519
-0.0692255
-0.0723395
-0.0740312
-0.0740676
-0.0735954
-0.0739573
-0.0749154
-0.0742923
-0.0697674
-0.0611486
-0.0509843
-0.0434462
-0.0426356
-0.0504169
-0.0639576
-0.0756932
-0.0783462
-0.0718667
-0.0645502
-0.0653105
-0.0742715
-0.0819742
-0.0788259
-0.0653170
-0.0523008
-0.0507628
-0.0614021
-0.0744036
-0.0789029
-0.0719948
-0.0592315
-0.0485163
-0.0446043
-0.0477159
-0.0546381
-0.0605101
-0.0613501
-0.0566536
-0.0498352
-0.0456003
-0.0463786
-0.0508428
-0.0554545
-0.0573736
-0.0562785
-0.0540665
-0.0533981
-0.0563132
-0.0628880
-0.0699592
-0.0717819
-0.0641519
-0.0492378
-0.0355368
-0.0314423
-0.0381102
-0.0487209
-0.0548595
-0.0537635
-0.0497251
-0.0488355
-0.0526408
-0.0571086
-0.0575402
-0.0536186
-0.0490734
-0.0471467
-0.0476686
-0.0485874
-0.0489518
-0.0493535
-0.0500143
-0.0498812
-0.0483710
-0.0473337
-0.0497149
-0.0553654
-0.0591986
-0.0555563
-0.0450052
-0.0351781
-0.0333016
-0.0384297
-0.0425725
-0.0395678
-0.0315271
-0.0259670
-0.0276207
-0.0342583
-0.0403390
-0.0432902
-0.0449570
-0.0472306
-0.0480382
-0.0431700
-0.0319468
-0.0198888
-0.0149389
-0.0207028
-0.0328788
-0.0421018
-0.0414229
-0.0327103
-0.0258568
-0.0299853
-0.0440762
-0.0567351
-0.0564324
-0.0423987
-0.0251817
-0.0165207
-0.0190569
-0.0258857
-0.0291652
-0.0278418
-0.0267051
-0.0293677
-0.0340613
-0.0364590
-0.0349259
-0.0318423
-0.0306387
-0.0328522
-0.0377553
-0.0433912
-0.0474373
-0.0479678
-0.0444179
-0.0380741
-0.0314384
-0.0269141
-0.0258668
-0.0285170
-0.0341060
-0.0406889
-0.0451597
-0.0448785
-0.0403949
-0.0360495
-0.0364309
-0.0418563
-0.0483180
-0.0522937
-0.0544765
-0.0577320
-0.0622362
-0.0645438
-0.0620608
-0.0569468
-0.0538510
-0.0540650
-0.0540672
-0.0510031
-0.0476383
-0.0489052
-0.0539266
-0.0555434
-0.0502023
-0.0451320
-0.0506251
-0.0652676
-0.0744765
-0.0674150
-0.0518209
-0.0458324
-0.0551005
-0.0650821
-0.0602644
-0.0437377
-0.0244702
0.0175717
0.1374529
0.3732754
0.6786783
0.9192207
0.9576320
0.7577465
0.4086369
0.0469709
-0.2440391
-0.4650004
-0.6472940
-0.7887401
-0.8486776
-0.7977545
-0.6589811
-0.4951293
-0.3610567
-0.2720184
-0.2121528
-0.1628477
-0.1192489
-0.0863119
-0.0679589
-0.0622363
-0.0629358
-0.0627747
-0.0564924
-0.0440533
-0.0314749
-0.0263899
-0.0309244
-0.0391154
-0.0422166
-0.0363611
-0.0245242
-0.0120482
-0.0022492
0.0035711
0.0045683
0.0012549
-0.0027926
-0.0026866
0.0032483
0.0118185
0.0189065
0.0245741
0.0330638
0.0474973
0.0654865
0.0808636
0.0895576
0.0929543
0.0954138
0.0995740
0.1049427
0.1104064
0.1166617
0.1256990
0.1385356
0.1538483
0.1685487
0.1797368
0.1868803
0.1926361
0.2010986
0.2143798
0.2305469
0.2451944
0.2555592
0.2634475
0.2740099
0.2910827
0.3132729
0.3347852
0.3507467
0.3622406
0.3759714
0.3980032
0.4264573
0.4499498
0.4547716
0.4360457
0.4026697
0.3698453
0.3451655
0.3222092
0.2887587
0.2410544
0.1887396
0.1456144
0.1169664
0.0970959
0.0781565
0.0588712
0.0434849
0.0341799
0.0276928
0.0201096
0.0124413
0.0088920
0.0101708
0.0111358
0.0062125
-0.0042076
-0.0142191
-0.0188526
-0.0189085
-0.0192788
-0.0234184
-0.0300676
-0.0350311
-0.0355452
-0.0329267
-0.0315113
-0.0351306
-0.0438420
-0.0533013
-0.0577151
-0.0546320
-0.0473456
-0.0419131
-0.0412289
-0.0424049
-0.0403081
-0.0329659
-0.0227140
-0.0127582
-0.0044045
0.0016090
0.0024995
-0.0055919
-0.0231048
-0.0445242
-0.0618807
-0.0712939
-0.0755746
-0.0803297
-0.0884022
-0.0984109
-0.1071413
-0.1115971
-0.1095892
-0.1014151
-0.0923772
-0.0911169
-0.1017904
-0.1175735
-0.1253102
-0.1193386
-0.1092297
-0.1100781
-0.1243985
-0.1375131
-0.1343565
-0.1185801
-0.1091759
-0.1167536
-0.1290691
-0.1259508
-0.1059711
-0.0897527
-0.0936334
-0.1074037
-0.1071408
-0.0884980
-0.0758917
-0.0917690
-0.1240866
-0.1371975
-0.1157525
-0.0823851
-0.0577586
-0.0098252
0.1322487
0.3937296
0.6868106
0.8477030
0.7604278
0.4519402
0.0658645
-0.2567122
-0.4723529
-0.6248384
-0.7608204
-0.8692631
-0.9000415
-0.8263661
-0.6779647
-0.5159864
-0.3847508
-0.2900492
-0.2156921
-0.1507854
-0.0989538
-0.0676175
-0.0555152
-0.0523359
-0.0476581
-0.0379615
-0.0259781
-0.0157555
-0.0090927
-0.0051061
-0.0015283
0.0034286
0.0092348
0.0126845
0.0104029
0.0028687
-0.0040303
-0.0025334
0.0106624
0.0310919
0.0498424
0.0606685
0.0640509
0.0646824
0.0661143
0.0688462
0.0729465
0.0803360
0.0930053
0.1097125
0.1262299
0.1395184
0.1507798
0.1635277
0.1791238
0.1954250
0.2100750
0.2238897
0.2398401
0.2593388
0.2812852
0.3050955
0.3326592
0.3652870
0.3992890
0.4269937
0.4434733
0.4514295
0.4583492
0.4693074
0.4836407
0.4981565
0.5112678
0.5223232
0.5280688
0.5227236
0.5029854
0.4715625
0.4339421
0.3923146
0.3449824
0.2921621
0.2396942
0.1944426
0.1568241
0.1209130
0.0831476
0.0487234
0.0265272
0.0177716
0.0124064
-0.0011524
-0.0237071
-0.0449199
-0.0553712
-0.0565509
-0.0571584
-0.0612395
-0.0635612
-0.0579394
-0.0474953
-0.0431236
-0.0510371
-0.0641141
-0.0680534
-0.0563182
-0.0373532
-0.0258557
-0.0276017
-0.0343096
-0.0335549
-0.0222759
-0.0094865
-0.0065552
-0.0163742
-0.0321184
-0.0449010
-0.0511561
-0.0529637
-0.0530288
-0.0508622
-0.0440344
-0.0324784
-0.0208758
-0.0161323
-0.0214063
-0.0317573
-0.0365478
-0.0287817
-0.0139123
-0.0079938
-0.0235569
-0.0554469
-0.0823263
-0.0851097
-0.0648041
-0.0409539
-0.0318782
-0.0377492
-0.0443508
-0.0420046
-0.0371797
-0.0433801
-0.0625346
-0.0794690
-0.0768495
-0.0541727
-0.0296211
-0.0227183
-0.0362549
-0.0554915
-0.0636627
-0.0570143
-0.0454653
-0.0408200
-0.0457335
-0.0533542
-0.0555911
-0.0505088
-0.0425757
-0.0377216
-0.0390580
-0.0461506
-0.0562298
-0.0650682
-0.0678694
-0.0617590
-0.0490481
-0.0374566
-0.0348903
-0.0422852
-0.0519132
-0.0542952
-0.0475680
-0.0394203
-0.0390802
-0.0477610
-0.0578503
-0.0614811
-0.0588352
-0.0571232
-0.0617089
-0.0694118
-0.0713731
-0.0623990
-0.0469983
-0.0361810
-0.0385124
-0.0537728
-0.0739329
-0.0891862
-0.0935136
-0.0863957
-0.0713100
-0.0535897
-0.0390597
-0.0327163
-0.0364992
-0.0473501
-0.0582343
-0.0627013
-0.0595079
-0.0528298
-0.0477001
-0.0453456
-0.0432176
-0.0393130
-0.0356138
-0.0365519
-0.0441219
-0.0550665
-0.0631813
-0.0642361
-0.0587436
-0.0507482
-0.0447047
-0.0431501
-0.0460077
-0.0511603
-0.0559217
-0.0587124
-0.0596501
-0.0595653
-0.0588503
-0.0578241
-0.0579576
-0.0614236
-0.0683083
-0.0747271
-0.0754307
-0.0693433
-0.0616620
-0.0588661
-0.0615023
-0.0634402
-0.0592584
-0.0512375
-0.0472225
-0.0515997
-0.0603256
-0.0660494
-0.0667938
-0.0673737
-0.0722203
-0.0792907
-0.0829965
-0.0818929
-0.0803907
-0.0818451
-0.0824786
-0.0752332
-0.0595925
-0.0447287
-0.0409467
-0.0489362
-0.0592009
-0.0617886
-0.0548875
-0.0439095
-0.0348283
-0.0305936
-0.0324658
-0.0407427
-0.0523216
-0.0603376
-0.0603200
-0.0570943
-0.0618640
-0.0793580
-0.0991736
-0.1036876
-0.0861750
-0.0591874
-0.0428551
-0.0454314
-0.0570951
-0.0623792
-0.0557720
-0.0437231
-0.0342846
-0.0293972
-0.0280991
-0.0326879
-0.0465788
-0.0660790
-0.0790711
-0.0757641
-0.0599345
-0.0461887
-0.0449739
-0.0523612
-0.0563546
-0.0517301
-0.0454914
-0.0469752
-0.0554399
-0.0605836
-0.0551481
-0.0439581
-0.0383634
-0.0429374
-0.0504698
-0.0510153
-0.0438785
-0.0381495
-0.0412670
-0.0494623
-0.0519014
-0.0440914
-0.0344851
-0.0353664
-0.0477815
-0.0587654
-0.0558407
-0.0426892
-0.0365087
-0.0483776
-0.0694654
-0.0803912
-0.0720513
-0.0491100
-0.0076715
0.0838232
0.2647511
0.5293842
0.7941065
0.9318263
0.8569531
0.5879453
0.2297706
-0.1058563
-0.3675145
-0.5637601
-0.7128354
-0.8046704
-0.8122310
-0.7300467
-0.5919409
-0.4495236
-0.3371434
-0.2583029
-0.2000074
-0.1531322
-0.1181468
-0.0972478
-0.0874535
-0.0826132
-0.0791536
-0.0775155
-0.0787460
-0.0816424
-0.0835475
-0.0825299
-0.0778050
-0.0688232
-0.0555610
-0.0402716
-0.0278806
-0.0230335
-0.0259058
-0.0312144
-0.0322304
-0.0265060
-0.0178803
-0.0126172
-0.0131861
-0.0156452
-0.0132158
-0.0026250
0.0129058
0.0267801
0.0349999
0.0392069
0.0443106
0.0536587
0.0666279
0.0803562
0.0929258
0.1043910
0.1151358
0.1242380
0.1301743
0.1330682
0.1356798
0.1417607
0.1533744
0.1697725
0.1885267
0.2073451
0.2248990
0.2406653
0.2547692
0.2680311
0.2814805
0.2952978
0.3086040
0.3211499
0.3353524
0.3554919
0.3832643
0.4135454
0.4356117
0.4402842
0.4268376
0.4026470
0.3755189
0.3465243
0.3109679
0.2663423
0.2181612
0.1766259
0.1472992
0.1259121
0.1030579
0.0736799
0.0412634
0.0129958
-0.0078361
-0.0238277
-0.0388849
-0.0535640
-0.0655461
-0.0733281
-0.0778010
-0.0803591
-0.0811539
-0.0801095
-0.0784561
-0.0774869
-0.0758467
-0.0699791
-0.0586278
-0.0459701
-0.0383256
-0.0373255
-0.0378825
-0.0342122
-0.0271031
-0.0235551
-0.0290892
-0.0420541
-0.0565165
-0.0693567
-0.0822381
-0.0964637
-0.1084431
-0.1126491
-0.1086857
-0.1031213
-0.1031160
-0.1093446
-0.1165815
-0.1205268
-0.1219272
-0.1234692
-0.1249347
-0.1240294
-0.1216406
-0.1231811
-0.1324069
-0.1448565
-0.1501864
-0.1422732
-0.1258174
-0.1116560
-0.1062907
-0.1076102
-0.1103466
-0.1127190
-0.1157810
-0.1183570
-0.1167307
-0.1103905
-0.1047381
-0.1049442
-0.1086949
-0.1091154
-0.1044282
-0.0973095
-0.0776965
-0.0098954
0.1480335
0.3965351
0.6629382
0.8286110
0.8043513
0.5914372
0.2738692
-0.0483556
-0.3211978
-0.5422548
-0.7202029
-0.8408796
-0.8752654
-0.8135222
-0.6833800
-0.5336331
-0.4023722
-0.3011718
-0.2242049
-0.1654933
-0.1253230
-0.1041318
-0.0957653
-0.0891426
-0.0759846
-0.0563180
-0.0370106
-0.0254160
-0.0236144
-0.0273095
-0.0295355
-0.0258679
-0.0169942
-0.0069044
0.0012042
0.0073422
0.0134867
0.0205612
0.0271541
0.0312594
0.0329157
0.0348275
0.0403608
0.0508734
0.0647000
0.0785298
0.0900397
0.0996814
0.1100489
0.1232230
0.1385315
0.1530731
0.1646772
0.1742917
0.1851996
0.1997867
0.2172787
0.2348978
0.2512467
0.2683592
0.2902759
0.3194977
0.3544888
0.3901243
0.4205432
0.4424915
0.4571272
0.4689102
0.4819412
0.4965418
0.5094094
0.5174770
0.5213064
0.5237526
0.5249310
0.5195078
0.5005455
0.4666263
0.4242456
0.3818982
0.3417712
0.2985139
0.2471036
0.1912492
0.1424468
0.1099047
0.0918880
0.0778260
0.0590149
0.0366088
0.0187402
0.0104458
0.0076698
0.0017704
-0.0108655
-0.0250833
-0.0331638
-0.0336088
-0.0323699
-0.0353597
-0.0412678
-0.0432637
-0.0376930
-0.0295096
-0.0276720
-0.0352144
-0.0450934
-0.0467760
-0.0367420
-0.0219267
-0.0129496
-0.0145558
-0.0225955
-0.0292609
-0.0303390
-0.0276880
-0.0258659
-0.0271657
-0.0297045
-0.0296149
-0.0247456
-0.0165069
-0.0085449
-0.0037100
-0.0021153
-0.0020251
-0.0025699
-0.0052119
-0.0118944
-0.0215631
-0.0292848
-0.0299816
-0.0236211
-0.0163682
-0.0158551
-0.0247851
-0.0391083
-0.0526221
-0.0632804
-0.0744966
-0.0898861
-0.1073071
-0.1194987
-0.1215122
-0.1168235
-0.1144891
-0.1196434
-0.1280283
-0.1314941
-0.1285857
-0.1273279
-0.1358157
-0.1513925
-0.1622150
-0.1602719
-0.1498736
-0.1405936
-0.1340985
-0.1234593
-0.1069830
-0.0967859
-0.1064769
-0.1309764
-0.1469626
-0.1387490
-0.1172507
-0.1004412
-0.0716388
0.0284045
0.2463341
0.5435650
0.7888217
0.8427876
0.6646069
0.3392691
0.0008897
-0.2699196
-0.4774716
-0.6562050
-0.8034366
-0.8739225
-0.8323876
-0.6977752
-0.5315957
-0.3896442
-0.2904404
-0.2240732
-0.1778230
-0.1465469
-0.1256160
-0.1065650
-0.0846398
-0.0654162
-0.0577160
-0.0604467
-0.0613964
-0.0511015
-0.0346017
-0.0255968
-0.0295507
-0.0364200
-0.0319708
-0.0140628
0.0051898
0.0131494
0.0099615
0.0071133
0.0143787
0.0300004
0.0435301
0.0468586
0.0419269
0.0385306
0.0453931
0.0628784
0.0832271
0.0975746
0.1036797
0.1077660
0.1185934
0.1387872
0.1617317
0.1777138
0.1836842
0.1866199
0.1967435
0.2176280
0.2434747
0.2658959
0.2823818
0.2974845
0.3163105
0.3383088
0.3583898
0.3735586
0.3867897
0.4033011
0.4236568
0.4421451
0.4527491
0.4560061
0.4587432
0.4665086
0.4766190
0.4793243
0.4662143
0.4374979
0.4010304
0.3646351
0.3300241
0.2941144
0.2549378
0.2147273
0.1770903
0.1426219
0.1088582
0.0747415
0.0439507
0.0224837
0.0126066
0.0098722
0.0067688
-0.0008833
-0.0115647
-0.0214143
-0.0284978
-0.0332658
-0.0361829
-0.0367188
-0.0348493
-0.0320573
-0.0296532
-0.0266098
-0.0205286
-0.0113720
-0.0033099
-0.0015683
-0.0073407
-0.0167880
-0.0253958
-0.0321705
-0.0384516
-0.0434984
-0.0435333
-0.0362268
-0.0249152
-0.0166093
-0.0155538
-0.0197743
-0.0245177
-0.0281787
-0.0334176
-0.0422095
-0.0512691
-0.0541896
-0.0485221
-0.0395715
-0.0359426
-0.0411893
-0.0503933
-0.0551760
-0.0518415
-0.0445209
-0.0406260
-0.0435946
-0.0502062
-0.0546697
-0.0546058
-0.0525380
-0.0521064
-0.0542226
-0.0576415
-0.0623061
-0.0702694
-0.0823614
-0.0946398
-0.0997534
-0.0931166
-0.0779634
-0.0636010
-0.0578538
-0.0608719
-0.0662657
-0.0680208
-0.0660092
-0.0649331
-0.0684340
-0.0746153
-0.0775023
-0.0731330
-0.0643012
-0.0588237
-0.0624118
-0.0730446
-0.0826751
-0.0846358
-0.0792641
-0.0725017
-0.0697734
-0.0717980
-0.0758574
-0.0796517
-0.0826693
-0.0841759
-0.0819197
-0.0747089
-0.0660052
-0.0628102
-0.0692310
-0.0813068
-0.0894709
-0.0869413
-0.0757750
-0.0647238
-0.0613565
-0.0661772
-0.0737756
-0.0788253
-0.0804845
-0.0813927
-0.0835522
-0.0860761
-0.0867064
-0.0845896
-0.0811000
-0.0782954
-0.0770263
-0.0766052
-0.0761267
-0.0758509
-0.0769859
-0.0800299
-0.0837182
-0.0860493
-0.0862418
-0.0852003
-0.0839703
-0.0822288
-0.0788209
-0.0738470
-0.0697871
-0.0698574
-0.0747588
-0.0812801
-0.0848820
-0.0840432
-0.0816554
-0.0816927
-0.0847449
-0.0873467
-0.0857853
-0.0802981
-0.0753800
-0.0759183
-0.0827779
-0.0918267
-0.0971448
-0.0954335
-0.0879667
-0.0791294
-0.0733953
-0.0729267
-0.0767905
-0.0819577
-0.0855736
-0.0868832
-0.0870719
-0.0872482
-0.0868868
-0.0845483
-0.0800861
-0.0758066
-0.0749487
-0.0785361
-0.0837566
-0.0861803
-0.0842706
-0.0814894
-0.0830710
-0.0902607
-0.0981829
-0.1002530
-0.0951833
-0.0892610
-0.0905957
-0.1002912
-0.1098946
-0.1091718
-0.0970988
-0.0840191
-0.0814486
-0.0898452
-0.0978747
-0.0945910
-0.0815937
-0.0717822
-0.0756482
-0.0897362
-0.0999130
-0.0961221
-0.0826304
-0.0727623
-0.0743925
-0.0823674
-0.0854925
-0.0793069
-0.0704143
-0.0685602
-0.0759855
-0.0854736
-0.0883282
-0.0830721
-0.0757981
-0.0728268
-0.0744441
-0.0761680
-0.0748320
-0.0719523
-0.0711846
-0.0736698
-0.0765555
-0.0758012
-0.0701816
-0.0628753
-0.0593976
-0.0634635
-0.0738216
-0.0844664
-0.0884698
-0.0831502
-0.0726991
-0.0653192
-0.0662882
-0.0730904
-0.0779392
-0.0756038
-0.0683376
-0.0627916
-0.0628457
-0.0663252
-0.0682297
-0.0657916
-0.0600118
-0.0535590
-0.0485745
-0.0461802
-0.0463290
-0.0472659
-0.0465408
-0.0437734
-0.0395503
-0.0256033
0.0254864
0.1516943
0.3669111
0.6248509
0.8222189
0.8544625
0.6860857
0.3756466
0.0320254
-0.2590980
-0.4743095
-0.6307135
-0.7378738
-0.7780296
-0.7308486
-0.6083266
-0.4579506
-0.3307983
-0.2484786
-0.1995214
-0.1621715
-0.1265166
-0.0965700
-0.0775449
-0.0665820
-0.0562004
-0.0432524
-0.0315571
-0.0261778
-0.0273641
-0.0308962
-0.0328812
-0.0326254
-0.0310042
-0.0275166
-0.0202204
-0.0088157
0.0029959
0.0095360
0.0083673
0.0031818
0.0007259
0.0048158
0.0138577
0.0239436
0.0331375
0.0420359
0.0510215
0.0586695
0.0637686
0.0682243
0.0762481
0.0895557
0.1041403
0.1136913
0.1168293
0.1194082
0.1279972
0.1416042
0.1518611
0.1523820
0.1469835
0.1472335
0.1615654
0.1875306
0.2152106
0.2374077
0.2550507
0.2726623
0.2909327
0.3061697
0.3164348
0.3252153
0.3375606
0.3543840
0.3727421
0.3908973
0.4101022
0.4300114
0.4443904
0.4446391
0.4285864
0.4038105
0.3800178
0.3586275
0.3323828
0.2959940
0.2545896
0.2189873
0.1934605
0.1712585
0.1432638
0.1089820
0.0769966
0.0553121
0.0433114
0.0336577
0.0204048
0.0037173
-0.0125538
-0.0254818
-0.0342262
-0.0385781
-0.0390279
-0.0382408
-0.0399470
-0.0450195
-0.0501989
-0.0524917
-0.0540109
-0.0601857
-0.0725978
-0.0852910
-0.0898626
-0.0841476
-0.0747115
-0.0702316
-0.0731173
-0.0784158
-0.0802404
-0.0774483
-0.0724564
-0.0664255
-0.0578630
-0.0457501
-0.0320640
-0.0204692
-0.0136856
-0.0128567
-0.0183202
-0.0294551
-0.0437894
-0.0575342
-0.0678553
-0.0743198
-0.0775091
-0.0766641
-0.0703193
-0.0602501
-0.0533895
-0.0571075
-0.0715705
-0.0883276
-0.0979943
-0.0988908
-0.0972921
-0.1001446
-0.1090397
-0.1205700
-0.1298802
-0.1326892
-0.1260985
-0.1107779
-0.0929707
-0.0815450
-0.0803320
-0.0841262
-0.0850976
-0.0832359
-0.0865524
-0.0985113
-0.1091012
-0.1045201
-0.0857347
-0.0706349
-0.0734164
-0.0865369
-0.0906721
-0.0809727
-0.0710626
-0.0610087
-0.0079736
0.1496307
0.4198674
0.7092022
0.8643829
0.7825743
0.4907487
0.1183503
-0.2083854
-0.4478968
-0.6316711
-0.7901009
-0.9027910
-0.9208231
-0.8262666
-0.6598369
-0.4899127
-0.3602734
-0.2698822
-0.1966125
-0.1308274
-0.0829068
-0.0641317
-0.0682355
-0.0745398
-0.0671914
-0.0489706
-0.0357262
-0.0377765
-0.0473716
-0.0450817
-0.0191492
0.0211833
0.0518302
0.0544730
0.0328651
0.0096638
0.0062710
0.0241801
0.0453836
0.0510647
0.0397420
0.0273576
0.0309782
0.0535235
0.0833302
0.1061373
0.1165159
0.1192857
0.1223712
0.1296091
0.1399005
0.1514117
0.1647633
0.1819170
0.2032367
0.2265455
0.2486035
0.2669844
0.2811810
0.2929296
0.3055388
0.3221079
0.3435139
0.3674431
0.3893006
0.4051708
0.4154088
0.4254292
0.4414448
0.4642414
0.4874760
0.5028982
0.5074036
0.5048172
0.5008349
0.4962718
0.4852891
0.4605986
0.4207795
0.3722810
0.3239323
0.2798256
0.2378864
0.1946328
0.1502081
0.1087692
0.0747349
0.0487237
0.0266385
0.0029678
-0.0239681
-0.0494544
-0.0654881
-0.0674606
-0.0587739
-0.0491423
-0.0472754
-0.0536108
-0.0600104
-0.0580004
-0.0481218
-0.0401778
-0.0431979
-0.0556796
-0.0667561
-0.0668403
-0.0563391
-0.0440237
-0.0379193
-0.0386339
-0.0413266
-0.0426965
-0.0442573
-0.0485490
-0.0541429
-0.0563789
-0.0526307
-0.0452022
-0.0390786
-0.0383081
-0.0444178
-0.0558853
-0.0675685
-0.0723322
-0.0664147
-0.0545090
-0.0479413
-0.0550434
-0.0720101
-0.0845871
-0.0810653
-0.0640824
-0.0481992
-0.0453406
-0.0540101
-0.0633132
-0.0653390
-0.0614694
-0.0579262
-0.0584616
-0.0623376
-0.0670805
-0.0707832
-0.0719862
-0.0696009
-0.0646030
-0.0609689
-0.0624837
-0.0675666
-0.0692533
-0.0628741
-0.0532487
-0.0512978
-0.0621794
-0.0785212
-0.0872206
-0.0824872
-0.0709406
-0.0640254
-0.0665729
-0.0732958
-0.0757330
-0.0712364
-0.0643617
-0.0604456
-0.0600057
-0.0601215
-0.0591769
-0.0579875
-0.0570307
-0.0552127
-0.0522580
-0.0507048
-0.0538849
-0.0618274
-0.0700041
-0.0730384
-0.0701434
-0.0664038
-0.0675955
-0.0736377
-0.0783592
-0.0763191
-0.0688204
-0.0622732
-0.0612972
-0.0644389
-0.0664685
-0.0641247
-0.0594048
-0.0572899
-0.0602491
-0.0654141
-0.0676891
-0.0650979
-0.0600099
-0.0555091
-0.0522941
-0.0497349
-0.0485793
-0.0512035
-0.0590782
-0.0703068
-0.0798405
-0.0827528
-0.0781740
-0.0700753
-0.0636801
-0.0610076
-0.0599283
-0.0569392
-0.0505260
-0.0427449
-0.0383048
-0.0411150
-0.0502957
-0.0598386
-0.0634785
-0.0602219
-0.0546680
-0.0520978
-0.0536842
-0.0561154
-0.0552799
-0.0504455
-0.0451768
-0.0440675
-0.0485934
-0.0563078
-0.0633182
-0.0664094
-0.0635329
-0.0548126
-0.0441249
-0.0377066
-0.0389647
-0.0447676
-0.0482403
-0.0457750
-0.0408842
-0.0405561
-0.0474118
-0.0558268
-0.0570858
-0.0489776
-0.0389723
-0.0365264
-0.0431167
-0.0515345
-0.0544379
-0.0515704
-0.0483987
-0.0495196
-0.0543137
-0.0580588
-0.0563881
-0.0489813
-0.0396026
-0.0329661
-0.0316063
-0.0349485
-0.0400500
-0.0431536
-0.0420322
-0.0376680
-0.0328317
-0.0287539
-0.0245545
-0.0204276
-0.0194378
-0.0243881
-0.0336903
-0.0419793
-0.0449328
-0.0428254
-0.0395068
-0.0384659
-0.0399942
-0.0420471
-0.0434125
-0.0449019
-0.0469646
-0.0477947
-0.0456608
-0.0421315
-0.0404820
-0.0409466
-0.0401263
-0.0360122
-0.0314760
-0.0310053
-0.0349220
-0.0387949
-0.0390741
-0.0379387
-0.0405516
-0.0469967
-0.0494560
-0.0407644
-0.0253104
-0.0169933
-0.0240362
-0.0389941
-0.0471495
-0.0426396
-0.0322737
-0.0250090
-0.0236942
-0.0282895
-0.0385339
-0.0421825
0.0002178
0.1435275
0.4085057
0.7322266
0.9772690
1.0132446
0.8086593
0.4499681
0.0709302
-0.2390462
-0.4667263
-0.6352650
-0.7505306
-0.7907214
-0.7392095
-0.6150262
-0.4658451
-0.3343482
-0.2356580
-0.1644435
-0.1143440
-0.0845481
-0.0722427
-0.0681247
-0.0628439
-0.0545693
-0.0476429
-0.0452873
-0.0454895
-0.0434483
-0.0365358
-0.0261789
-0.0152080
-0.0046922
0.0052734
0.0126056
0.0139525
0.0092990
0.0035486
0.0019118
0.0051734
0.0107177
0.0165129
0.0223941
0.0286424
0.0351653
0.0418384
0.0487307
0.0561645
0.0646650
0.0742753
0.0841993
0.0939741
0.1042008
0.1146461
0.1227860
0.1269694
0.1307537
0.1408449
0.1592805
0.1793873
0.1910919
0.1904416
0.1843971
0.1864826
0.2057787
0.2380193
0.2683538
0.2849933
0.2899083
0.2949051
0.3084713
0.3286474
0.3480614
0.3633157
0.3783687
0.3990752
0.4246588
0.4457867
0.4532922
0.4484895
0.4413806
0.4373501
0.4290523
0.4043104
0.3602548
0.3071587
0.2592286
0.2232224
0.1950839
0.1660772
0.1322318
0.0979742
0.0702787
0.0506020
0.0344791
0.0179633
0.0017055
-0.0109010
-0.0170173
-0.0164515
-0.0134548
-0.0157890
-0.0282058
-0.0461815
-0.0590345
-0.0602355
-0.0530128
-0.0458829
-0.0444241
-0.0470511
-0.0471281
-0.0396231
-0.0267120
-0.0155795
-0.0099081
-0.0060793
0.0005330
0.0084143
0.0116351
0.0064213
-0.0064230
-0.0233016
-0.0393805
-0.0503585
-0.0553574
-0.0570434
-0.0578341
-0.0579201
-0.0576152
-0.0586719
-0.0620910
-0.0672576
-0.0737497
-0.0808800
-0.0854486
-0.0842767
-0.0797892
-0.0786888
-0.0836639
-0.0902760
-0.0935302
-0.0940511
-0.0959789
-0.1008189
-0.1044025
-0.0997975
-0.0854408
-0.0710271
-0.0696673
-0.0802205
-0.0841570
-0.0681940
-0.0452945
-0.0419806
-0.0650533
-0.0917102
-0.0965886
-0.0799143
-0.0586674
-0.0279901
0.0595305
0.2571864
0.5494336
0.8173844
0.9044844
0.7389887
0.3935533
0.0196480
-0.2729236
-0.4731172
-0.6267638
-0.7601401
-0.8472413
-0.8417145
-0.7334649
-0.5696473
-0.4168159
-0.3070841
-0.2289371
-0.1627608
-0.1063462
-0.0650695
-0.0379168
-0.0217025
-0.0146721
-0.0099191
0.0006421
0.0120065
0.0121797
0.0052418
0.0082702
0.0220887
0.0299155
0.0309912
0.0448316
0.0682118
0.0607286
-0.0013532
