-0.1008536
-0.0380760
-0.0525320
-0.0639057
-0.0449808
-0.0283556
-0.0232019
-0.0052507
0.0234034
0.0328920
0.0215889
0.0185393
0.0305294
0.0337414
0.0185898
0.0021182
-0.0053237
-0.0111189
-0.0184304
-0.0240066
-0.0369777
-0.0720047
-0.1234094
-0.1681630
-0.1928413
-0.2002224
-0.1957538
-0.1855290
-0.1806481
-0.1865209
-0.1943120
-0.1959450
-0.1970703
-0.2022329
-0.2013418
-0.1877221
-0.1764300
-0.1842960
-0.2000374
-0.1951754
-0.1643681
-0.1400061
-0.1614538
-0.2319917
-0.3061314
-0.3239487
-0.2653415
-0.1628721
-0.0450296
0.1245262
0.4174536
0.8346488
1.2503518
1.4873654
1.4528608
1.2009138
0.8742887
0.5941822
0.3964974
0.2539689
0.1405450
0.0618682
0.0275274
0.0179695
-0.0006980
-0.0368442
-0.0683538
-0.0774210
-0.0734774
-0.0771909
-0.0941233
-0.1112403
-0.1140683
-0.1029325
-0.0931216
-0.0982327
-0.1131982
-0.1191281
-0.1070605
-0.0891450
-0.0813864
-0.0834786
-0.0835031
-0.0763225
-0.0681411
-0.0655356
-0.0672472
-0.0663716
-0.0573182
-0.0420994
-0.0305045
-0.0301915
-0.0364101
-0.0371547
-0.0287401
-0.0190542
-0.0141521
-0.0098210
0.0002016
0.0145587
0.0271105
0.0347938
0.0392555
0.0437198
0.0501192
0.0573890
0.0630967
0.0688717
0.0811703
0.1022982
0.1240535
0.1365201
0.1409283
0.1471211
0.1595409
0.1725132
0.1797315
0.1829563
0.1899198
0.2061520
0.2287216
0.2469759
0.2519432
0.2465039
0.2427484
0.2476212
0.2559915
0.2605037
0.2624669
0.2680346
0.2777401
0.2854738
0.2861927
0.2805752
0.2725269
0.2639883
0.2518516
0.2307434
0.2010712
0.1722862
0.1530853
0.1390779
0.1164170
0.0789242
0.0360822
0.0018208
-0.0202721
-0.0380408
-0.0599250
-0.0851309
-0.1038423
-0.1077537
-0.1014445
-0.1005346
-0.1152176
-0.1378196
-0.1507405
-0.1453473
-0.1293985
-0.1173997
-0.1175572
-0.1270497
-0.1361352
-0.1368817
-0.1301834
-0.1238904
-0.1234708
-0.1269911
-0.1302493
-0.1327145
-0.1353610
-0.1360207
-0.1311431
-0.1211650
-0.1114181
-0.1079279
-0.1128234
-0.1224631
-0.1301534
-0.1329119
-0.1349997
-0.1416716
-0.1503341
-0.1526810
-0.1461050
-0.1379733
-0.1364647
-0.1409263
-0.1439963
-0.1412447
-0.1365751
-0.1383315
-0.1498866
-0.1636075
-0.1663105
-0.1532327
-0.1349884
-0.1275488
-0.1361678
-0.1518136
-0.1623039
-0.1639478
-0.1625941
-0.1653009
-0.1706500
-0.1669908
-0.1432997
-0.1038301
-0.0685676
-0.0549401
-0.0600638
-0.0642345
-0.0516750
-0.0258499
-0.0047226
-0.0022956
-0.0147264
-0.0246872
-0.0201845
-0.0076103
-0.0033944
-0.0140485
-0.0295262
-0.0376633
-0.0406768
-0.0537668
-0.0884365
-0.1387729
-0.1839647
-0.2052691
-0.2026932
-0.1945689
-0.1985141
-0.2137654
-0.2253003
-0.2241821
-0.2184583
-0.2216050
-0.2338938
-0.2403299
-0.2288112
-0.2076129
-0.1990648
-0.2122395
-0.2269143
-0.2151494
-0.1810823
-0.1676076
-0.2115788
-0.2954453
-0.3562200
-0.3470067
-0.2801631
-0.1986143
-0.1063638
0.0567914
0.3538108
0.7579887
1.1316684
1.3132089
1.2364043
0.9705932
0.6520927
0.3835434
0.1919613
0.0592146
-0.0309015
-0.0792332
-0.0891922
-0.0809358
-0.0806011
-0.0979891
-0.1203159
-0.1295335
-0.1224070
-0.1112583
-0.1084811
-0.1151120
-0.1237556
-0.1281144
-0.1282391
-0.1287348
-0.1329984
-0.1386849
-0.1395465
-0.1327331
-0.1227216
-0.1160220
-0.1132475
-0.1089961
-0.0993376
-0.0873508
-0.0806709
-0.0838892
-0.0928279
-0.0964181
-0.0860911
-0.0642557
-0.0421659
-0.0289017
-0.0240774
-0.0215644
-0.0175295
-0.0130264
-0.0104359
-0.0093340
-0.0055866
0.0057014
0.0251902
0.0471450
0.0638321
0.0725334
0.0771838
0.0833440
0.0929656
0.1036245
0.1111380
0.1134167
0.1137419
0.1197182
0.1363256
0.1594521
0.1782615
0.1849769
0.1817958
0.1783014
0.1826618
0.1946903
0.2066691
0.2115232
0.2104535
0.2111534
0.2182164
0.2278213
0.2334927
0.2347387
0.2370561
0.2440605
0.2520589
0.2530500
0.2425559
0.2245939
0.2085475
0.1996611
0.1923998
0.1749622
0.1411941
0.0968902
0.0540530
0.0205282
-0.0042474
-0.0252466
-0.0453834
-0.0630222
-0.0756349
-0.0853478
-0.0985337
-0.1177580
-0.1356426
-0.1404031
-0.1285179
-0.1100209
-0.1002629
-0.1070131
-0.1250111
-0.1412792
-0.1455334
-0.1372114
-0.1239848
-0.1142487
-0.1114637
-0.1145729
-0.1208942
-0.1271424
-0.1297663
-0.1267879
-0.1190276
-0.1086347
-0.0975905
-0.0886845
-0.0860865
-0.0923279
-0.1046592
-0.1160625
-0.1208424
-0.1194439
-0.1177373
-0.1207524
-0.1264499
-0.1271038
-0.1188306
-0.1085049
-0.1076446
-0.1188249
-0.1315882
-0.1340865
-0.1267290
-0.1212872
-0.1264528
-0.1367297
-0.1379301
-0.1240998
-0.1068346
-0.1045490
-0.1219674
-0.1435819
-0.1498876
-0.1376605
-0.1205821
-0.1111281
-0.1066708
-0.0951938
-0.0715075
-0.0441984
-0.0261708
-0.0204400
-0.0175411
-0.0074387
0.0082074
0.0182790
0.0160477
0.0073262
0.0033534
0.0080475
0.0146604
0.0139497
0.0034345
-0.0116467
-0.0256074
-0.0400515
-0.0634723
-0.1015648
-0.1479008
-0.1863577
-0.2043639
-0.2033013
-0.1954337
-0.1916612
-0.1932442
-0.1948054
-0.1934599
-0.1928582
-0.1974250
-0.2048217
-0.2079307
-0.2044790
-0.1996440
-0.1959431
-0.1858791
-0.1630847
-0.1405854
-0.1476263
-0.1994206
-0.2722356
-0.3176625
-0.3055305
-0.2459576
-0.1599698
-0.0312963
0.1945173
0.5443314
0.9491670
1.2578545
1.3375829
1.1713586
0.8615992
0.5441365
0.2998533
0.1362525
0.0293911
-0.0354494
-0.0619901
-0.0619177
-0.0579065
-0.0654609
-0.0807307
-0.0918923
-0.0975433
-0.1065911
-0.1218135
-0.1325087
-0.1277313
-0.1120667
-0.1022485
-0.1082010
-0.1215547
-0.1251667
-0.1125990
-0.0955839
-0.0911849
-0.1029999
-0.1173263
-0.1180646
-0.1031079
-0.0847348
-0.0757988
-0.0778818
-0.0822892
-0.0801381
-0.0705459
-0.0598706
-0.0538375
-0.0510165
-0.0447364
-0.0312211
-0.0144135
-0.0020379
0.0021913
0.0018169
0.0039763
0.0130172
0.0268136
0.0387820
0.0442845
0.0455356
0.0495228
0.0608395
0.0774028
0.0934195
0.1053985
0.1144433
0.1232598
0.1320098
0.1380030
0.1401334
0.1429745
0.1539563
0.1745990
0.1960418
0.2063700
0.2030571
0.1962479
0.1985521
0.2123233
0.2277408
0.2331879
0.2272137
0.2202493
0.2243648
0.2413016
0.2608657
0.2707146
0.2667288
0.2541315
0.2405904
0.2294673
0.2184921
0.2033142
0.1823617
0.1587061
0.1366243
0.1161095
0.0921172
0.0604627
0.0238256
-0.0095093
-0.0333083
-0.0493921
-0.0655419
-0.0869846
-0.1100083
-0.1250471
-0.1268064
-0.1203355
-0.1158683
-0.1185889
-0.1252629
-0.1302574
-0.1320863
-0.1329812
-0.1340241
-0.1329698
-0.1271626
-0.1176425
-0.1093967
-0.1068932
-0.1094133
-0.1116237
-0.1091823
-0.1030934
-0.0980441
-0.0971472
-0.0989410
-0.0990587
-0.0945008
-0.0869453
-0.0819892
-0.0838952
-0.0906194
-0.0956279
-0.0958342
-0.0961776
-0.1039042
-0.1183054
-0.1285470
-0.1238440
-0.1059480
-0.0899158
-0.0905107
-0.1073884
-0.1252600
-0.1298480
-0.1223299
-0.1161661
-0.1207991
-0.1316581
-0.1369852
-0.1317435
-0.1224055
-0.1189034
-0.1242129
-0.1326493
-0.1370576
-0.1356357
-0.1308176
-0.1230157
-0.1085187
-0.0849532
-0.0569800
-0.0339773
-0.0216833
-0.0173153
-0.0133708
-0.0057055
0.0024670
0.0046722
-0.0005832
-0.0063782
-0.0039950
0.0063266
0.0131708
0.0049058
-0.0171759
-0.0388968
-0.0480911
-0.0490372
-0.0599296
-0.0940644
-0.1438644
-0.1860359
-0.2038896
-0.2025082
-0.1996575
-0.2041989
-0.2087916
-0.2045191
-0.1962185
-0.1970669
-0.2097105
-0.2202921
-0.2151587
-0.1990379
-0.1894604
-0.1929628
-0.1953320
-0.1826492
-0.1674579
-0.1813318
-0.2356730
-0.2981490
-0.3187631
-0.2771025
-0.1908415
-0.0720192
0.1118339
0.4112076
0.8182693
1.2245133
1.4724973
1.4657359
1.2369694
0.9141781
0.6227713
0.4149971
0.2754361
0.1719799
0.0916347
0.0368642
0.0053547
-0.0164063
-0.0414961
-0.0704880
-0.0933850
-0.1022348
-0.1001070
-0.0975828
-0.1018921
-0.1108853
-0.1175259
-0.1188502
-0.1191442
-0.1239522
-0.1318441
-0.1340591
-0.1239658
-0.1061488
-0.0933268
-0.0930244
-0.0995416
-0.1014525
-0.0954614
-0.0891872
-0.0898195
-0.0936930
-0.0901437
-0.0746310
-0.0548144
-0.0423438
-0.0404497
-0.0419332
-0.0388969
-0.0312393
-0.0236947
-0.0171697
-0.0074063
0.0074807
0.0224950
0.0317732
0.0368548
0.0451106
0.0599492
0.0760269
0.0860871
0.0905826
0.0975272
0.1125953
0.1320199
0.1472746
0.1553271
0.1612182
0.1704306
0.1823234
0.1933554
0.2038997
0.2175625
0.2342188
0.2482114
0.2553316
0.2583994
0.2628336
0.2684984
0.2701788
0.2668790
0.2666411
0.2782512
0.2990535
0.3152670
0.3162770
0.3055861
0.2942792
0.2857038
0.2720780
0.2473588
0.2178839
0.1951506
0.1800665
0.1603415
0.1254020
0.0800340
0.0395522
0.0126473
-0.0071116
-0.0315466
-0.0626399
-0.0902326
-0.1043194
-0.1061636
-0.1056609
-0.1102753
-0.1195249
-0.1291892
-0.1370263
-0.1429814
-0.1463857
-0.1456485
-0.1404873
-0.1329525
-0.1260441
-0.1220654
-0.1221992
-0.1263930
-0.1326028
-0.1366248
-0.1344820
-0.1263803
-0.1177146
-0.1143855
-0.1167000
-0.1193720
-0.1182938
-0.1156413
-0.1164975
-0.1214180
-0.1250077
-0.1226708
-0.1167824
-0.1140504
-0.1170757
-0.1208625
-0.1193259
-0.1140231
-0.1133545
-0.1219030
-0.1331609
-0.1360579
-0.1280552
-0.1181291
-0.1156848
-0.1200346
-0.1240184
-0.1257784
-0.1314883
-0.1446239
-0.1569676
-0.1558593
-0.1405502
-0.1259333
-0.1257583
-0.1345762
-0.1324476
-0.1090439
-0.0775699
-0.0597314
-0.0595146
-0.0587419
-0.0402965
-0.0099309
0.0104162
0.0089922
-0.0024409
-0.0039153
0.0085992
0.0196370
0.0140842
-0.0051580
-0.0224906
-0.0288411
-0.0300993
-0.0370242
-0.0530154
-0.0751392
-0.1025779
-0.1372189
-0.1754343
-0.2051929
-0.2159280
-0.2099702
-0.2006265
-0.1987634
-0.2042437
-0.2111503
-0.2169844
-0.2224059
-0.2245288
-0.2180455
-0.2054425
-0.1989455
-0.2048134
-0.2094746
-0.1932478
-0.1621569
-0.1549606
-0.2040509
-0.2890792
-0.3436248
-0.3181785
-0.2286853
-0.1259233
-0.0144157
0.1773719
0.5205232
0.9741577
1.3684835
1.5215021
1.3831178
1.0659286
0.7394472
0.5009117
0.3424849
0.2178588
0.1124774
0.0440173
0.0168902
0.0029437
-0.0274128
-0.0699916
-0.0959258
-0.0920164
-0.0789952
-0.0854318
-0.1125361
-0.1343628
-0.1311235
-0.1129394
-0.1060558
-0.1205519
-0.1390431
-0.1382293
-0.1159902
-0.0924762
-0.0861920
-0.0946098
-0.1006719
-0.0945497
-0.0837552
-0.0813425
-0.0885096
-0.0927313
-0.0826971
-0.0618831
-0.0451491
-0.0426651
-0.0496050
-0.0528067
-0.0457624
-0.0341823
-0.0266520
-0.0231747
-0.0159659
-0.0005309
0.0178119
0.0302477
0.0352514
0.0400291
0.0508941
0.0649638
0.0740217
0.0759210
0.0788614
0.0924437
0.1162482
0.1400443
0.1550271
0.1619763
0.1673638
0.1743914
0.1811679
0.1869742
0.1961578
0.2129397
0.2336984
0.2481115
0.2498773
0.2446677
0.2446752
0.2550363
0.2682224
0.2736211
0.2709321
0.2708737
0.2819723
0.2991886
0.3081268
0.3002235
0.2814630
0.2645625
0.2536174
0.2391515
0.2097427
0.1668437
0.1250506
0.0969377
0.0800051
0.0608204
0.0309145
-0.0044945
-0.0343030
-0.0550460
-0.0732923
-0.0947600
-0.1148178
-0.1231591
-0.1172223
-0.1072899
-0.1062518
-0.1163118
-0.1285781
-0.1348313
-0.1358738
-0.1369328
-0.1383811
-0.1353209
-0.1261882
-0.1175239
-0.1170922
-0.1236836
-0.1275426
-0.1222922
-0.1137736
-0.1137799
-0.1253347
-0.1376603
-0.1378279
-0.1255036
-0.1131280
-0.1115669
-0.1185845
-0.1233345
-0.1204311
-0.1162032
-0.1199010
-0.1310236
-0.1386289
-0.1340382
-0.1218547
-0.1156065
-0.1225318
-0.1353559
-0.1409308
-0.1356355
-0.1294573
-0.1340770
-0.1489359
-0.1613963
-0.1607209
-0.1498505
-0.1418225
-0.1454784
-0.1569206
-0.1653277
-0.1644641
-0.1559718
-0.1428357
-0.1241267
-0.0986799
-0.0715541
-0.0523665
-0.0455069
-0.0442312
-0.0373837
-0.0221215
-0.0075266
-0.0039207
-0.0100924
-0.0141302
-0.0076780
0.0032061
0.0040887
-0.0113466
-0.0335148
-0.0472721
-0.0491397
-0.0522451
-0.0731077
-0.1139304
-0.1589588
-0.1888408
-0.1982236
-0.1986281
-0.2043310
-0.2170098
-0.2259570
-0.2232649
-0.2159415
-0.2191389
-0.2362250
-0.2495988
-0.2376681
-0.2026425
-0.1750954
-0.1828337
-0.2157284
-0.2315926
-0.2050856
-0.1657468
-0.1735715
-0.2501629
-0.3430081
-0.3713740
-0.3074491
-0.1967939
-0.0875970
0.0488566
0.3008076
0.7033341
1.1518550
1.4505422
1.4629503
1.2192340
0.8779741
0.5902621
0.4025201
0.2743950
0.1615535
0.0635591
0.0016606
-0.0235669
-0.0371227
-0.0595452
-0.0868154
-0.1032924
-0.1052062
-0.1038996
-0.1095632
-0.1201112
-0.1277446
-0.1304676
-0.1323667
-0.1349886
-0.1341752
-0.1270086
-0.1180528
-0.1149077
-0.1183785
-0.1207935
-0.1156495
-0.1064633
-0.1028790
-0.1080635
-0.1130001
-0.1056191
-0.0848673
-0.0633190
-0.0546568
-0.0596522
-0.0662311
-0.0633407
-0.0525897
-0.0443222
-0.0432824
-0.0416687
-0.0285705
-0.0045490
0.0169108
0.0239469
0.0201046
0.0207167
0.0355462
0.0578043
0.0724099
0.0737323
0.0719401
0.0808300
0.1020331
0.1241494
0.1366749
0.1410848
0.1464340
0.1568571
0.1675645
0.1735374
0.1782037
0.1898778
0.2103645
0.2308524
0.2410834
0.2406544
0.2384555
0.2414558
0.2475388
0.2511734
0.2532806
0.2609826
0.2767886
0.2918256
0.2935913
0.2800537
0.2626741
0.2535517
0.2512669
0.2421990
0.2160229
0.1774074
0.1406502
0.1141604
0.0929589
0.0667866
0.0328024
-0.0021881
-0.0309732
-0.0539575
-0.0763174
-0.0991109
-0.1164054
-0.1222187
-0.1184714
-0.1139528
-0.1154734
-0.1217467
-0.1267750
-0.1278102
-0.1279858
-0.1310912
-0.1358345
-0.1370310
-0.1320327
-0.1242037
-0.1191729
-0.1186107
-0.1191431
-0.1174418
-0.1148090
-0.1153064
-0.1197909
-0.1236954
-0.1218800
-0.1148018
-0.1082071
-0.1065412
-0.1083488
-0.1095274
-0.1100113
-0.1144635
-0.1250186
-0.1353029
-0.1351242
-0.1224079
-0.1082394
-0.1068680
-0.1201831
-0.1345596
-0.1352067
-0.1226639
-0.1123245
-0.1168049
-0.1312540
-0.1389667
-0.1311026
-0.1173259
-0.1144834
-0.1265992
-0.1403171
-0.1415841
-0.1331533
-0.1305132
-0.1399763
-0.1459953
-0.1258521
-0.0772252
-0.0262912
-0.0040792
-0.0153040
-0.0342020
-0.0324404
-0.0081251
0.0157976
0.0199184
0.0096505
0.0058493
0.0182579
0.0342476
0.0348127
0.0166851
-0.0058653
-0.0194046
-0.0260743
-0.0382840
-0.0628486
-0.0946868
-0.1248732
-0.1497823
-0.1703792
-0.1864427
-0.1960143
-0.1998708
-0.2022526
-0.2055535
-0.2071337
-0.2037516
-0.1971520
-0.1921368
-0.1901941
-0.1890466
-0.1886516
-0.1921944
-0.1977025
-0.1941350
-0.1749473
-0.1559879
-0.1688099
-0.2259871
-0.2962902
-0.3263988
-0.2913648
-0.2129048
-0.1163545
0.0240855
0.2744119
0.6570412
1.0809349
1.3746513
1.4077370
1.1889056
0.8494394
0.5352640
0.3141076
0.1715102
0.0706599
-0.0009977
-0.0371420
-0.0417454
-0.0370472
-0.0438996
-0.0638228
-0.0842609
-0.0965828
-0.1037337
-0.1118889
-0.1206259
-0.1243900
-0.1212266
-0.1162392
-0.1156356
-0.1194652
-0.1220782
-0.1194322
-0.1142374
-0.1126841
-0.1165098
-0.1199679
-0.1159385
-0.1044520
-0.0931054
-0.0879218
-0.0853900
-0.0764448
-0.0590193
-0.0437358
-0.0434676
-0.0569747
-0.0665514
-0.0554643
-0.0271851
-0.0036474
-0.0023653
-0.0173405
-0.0257693
-0.0132506
0.0114378
0.0286296
0.0317223
0.0339705
0.0506309
0.0790253
0.1012158
0.1057719
0.1014771
0.1060663
0.1243480
0.1431235
0.1488735
0.1454930
0.1496488
0.1697701
0.1950087
0.2076183
0.2032493
0.1949061
0.1972579
0.2112538
0.2264061
0.2352200
0.2408243
0.2500266
0.2630024
0.2730808
0.2751894
0.2709418
0.2649688
0.2593972
0.2540059
0.2496555
0.2478606
0.2463887
0.2382364
0.2175458
0.1859928
0.1513496
0.1195391
0.0897791
0.0581066
0.0236532
-0.0104923
-0.0412629
-0.0671978
-0.0857232
-0.0928499
-0.0892481
-0.0850188
-0.0930772
-0.1150340
-0.1364480
-0.1403900
-0.1260282
-0.1103787
-0.1098905
-0.1229914
-0.1341464
-0.1336720
-0.1281935
-0.1292543
-0.1361778
-0.1364581
-0.1231920
-0.1060038
-0.1004031
-0.1091352
-0.1195991
-0.1201775
-0.1139443
-0.1126224
-0.1199909
-0.1270156
-0.1244017
-0.1151178
-0.1103725
-0.1151198
-0.1225332
-0.1238601
-0.1195357
-0.1171223
-0.1203090
-0.1244072
-0.1234497
-0.1182516
-0.1150021
-0.1176381
-0.1245169
-0.1323681
-0.1405638
-0.1498820
-0.1586704
-0.1626204
-0.1586402
-0.1478390
-0.1347209
-0.1246919
-0.1220424
-0.1273876
-0.1347220
-0.1328308
-0.1140334
-0.0833256
-0.0562155
-0.0443757
-0.0438025
-0.0396528
-0.0231509
-0.0012016
0.0123402
0.0128327
0.0088589
0.0099293
0.0140593
0.0111581
-0.0024118
-0.0174752
-0.0230730
-0.0216603
-0.0291486
-0.0584861
-0.1052017
-0.1509829
-0.1807759
-0.1947278
-0.2035713
-0.2146165
-0.2244007
-0.2250188
-0.2155518
-0.2048931
-0.2024354
-0.2070944
-0.2078366
-0.1968392
-0.1814580
-0.1795542
-0.1992384
-0.2241758
-0.2255725
-0.1947813
-0.1618507
-0.1723258
-0.2391358
-0.3210526
-0.3569357
-0.3221374
-0.2421906
-0.1440475
-0.0017910
0.2495009
0.6309675
1.0533574
1.3490366
1.3875478
1.1708844
0.8224887
0.4883137
0.2457736
0.0913100
-0.0094037
-0.0748741
-0.1041268
-0.0992005
-0.0771597
-0.0600074
-0.0593706
-0.0730288
-0.0922234
-0.1091113
-0.1196054
-0.1238053
-0.1250492
-0.1263781
-0.1268116
-0.1226953
-0.1136354
-0.1050524
-0.1026867
-0.1056313
-0.1074603
-0.1042707
-0.0987114
-0.0945140
-0.0895885
-0.0783657
-0.0612727
-0.0480156
-0.0479232
-0.0579189
-0.0639069
-0.0557342
-0.0382858
-0.0250363
-0.0219005
-0.0211215
-0.0119526
0.0059540
0.0227916
0.0309328
0.0333272
0.0381842
0.0477693
0.0559274
0.0573397
0.0564732
0.0642829
0.0857875
0.1131487
0.1327273
0.1383885
0.1365288
0.1381266
0.1472575
0.1583196
0.1640410
0.1648703
0.1692360
0.1842051
0.2068438
0.2262325
0.2342663
0.2332507
0.2320098
0.2355891
0.2407021
0.2416474
0.2388076
0.2390482
0.2474109
0.2603517
0.2692097
0.2699251
0.2666949
0.2645672
0.2605608
0.2457102
0.2167013
0.1826514
0.1573965
0.1450154
0.1350661
0.1135083
0.0776696
0.0388722
0.0098838
-0.0086675
-0.0274934
-0.0544506
-0.0835663
-0.1004111
-0.0981481
-0.0862832
-0.0822048
-0.0943805
-0.1147931
-0.1281205
-0.1275255
-0.1202996
-0.1179825
-0.1227584
-0.1257135
-0.1183706
-0.1034013
-0.0919490
-0.0912274
-0.0971418
-0.1000475
-0.0962407
-0.0915783
-0.0932663
-0.0999209
-0.1022425
-0.0940390
-0.0804477
-0.0729891
-0.0769064
-0.0857947
-0.0897653
-0.0871523
-0.0858519
-0.0929960
-0.1054252
-0.1124823
-0.1082768
-0.0990896
-0.0965644
-0.1040476
-0.1124764
-0.1115254
-0.1030048
-0.0998430
-0.1108980
-0.1292472
-0.1383053
-0.1297177
-0.1131203
-0.1064954
-0.1174400
-0.1358847
-0.1456964
-0.1410242
-0.1287445
-0.1162553
-0.1016294
-0.0785493
-0.0483993
-0.0227370
-0.0121209
-0.0146927
-0.0182634
-0.0134707
-0.0028381
0.0040932
0.0028968
-0.0010409
-0.0002647
0.0048490
0.0064056
-0.0012835
-0.0148684
-0.0263748
-0.0337058
-0.0450778
-0.0716178
-0.1147282
-0.1611006
-0.1920281
-0.1994717
-0.1929611
-0.1895401
-0.1969506
-0.2080414
-0.2118073
-0.2074274
-0.2046491
-0.2106712
-0.2202678
-0.2218761
-0.2119832
-0.1989064
-0.1908438
-0.1851915
-0.1757698
-0.1690619
-0.1841568
-0.2302206
-0.2878143
-0.3206607
-0.3067473
-0.2495432
-0.1524218
0.0107847
0.2820433
0.6619337
1.0668376
1.3569244
1.4235578
1.2617071
0.9647217
0.6528041
0.4026221
0.2297656
0.1168495
0.0452897
0.0042796
-0.0159690
-0.0279700
-0.0421757
-0.0618468
-0.0840983
-0.1042493
-0.1181495
-0.1227950
-0.1183876
-0.1103356
-0.1064043
-0.1098505
-0.1164134
-0.1195777
-0.1179015
-0.1153531
-0.1148749
-0.1140120
-0.1082036
-0.0973352
-0.0871991
-0.0836767
-0.0860783
-0.0874704
-0.0821601
-0.0720027
-0.0640444
-0.0620388
-0.0617544
-0.0555391
-0.0408660
-0.0233315
-0.0109653
-0.0059819
-0.0027966
0.0052592
0.0176799
0.0268616
0.0275189
0.0247544
0.0303037
0.0501085
0.0771865
0.0980788
0.1058265
0.1056706
0.1083514
0.1191686
0.1344352
0.1478395
0.1582060
0.1696287
0.1850813
0.2024159
0.2174039
0.2287756
0.2385128
0.2479967
0.2557730
0.2595482
0.2595894
0.2597520
0.2650575
0.2775244
0.2936133
0.3061988
0.3102972
0.3074825
0.3042296
0.3051324
0.3075492
0.3037028
0.2890460
0.2680828
0.2498759
0.2368832
0.2204792
0.1903902
0.1479106
0.1062129
0.0759752
0.0532081
0.0244367
-0.0162289
-0.0580522
-0.0837218
-0.0878529
-0.0833693
-0.0883218
-0.1074875
-0.1288790
-0.1381650
-0.1340252
-0.1279198
-0.1305262
-0.1408598
-0.1486793
-0.1457701
-0.1340856
-0.1234927
-0.1220436
-0.1283255
-0.1332925
-0.1296725
-0.1193802
-0.1115148
-0.1131304
-0.1218583
-0.1274331
-0.1210656
-0.1043039
-0.0886367
-0.0853237
-0.0951356
-0.1084638
-0.1152856
-0.1140245
-0.1106411
-0.1106410
-0.1134596
-0.1146282
-0.1122746
-0.1100749
-0.1128733
-0.1200232
-0.1252643
-0.1245283
-0.1221857
-0.1266611
-0.1394706
-0.1511715
-0.1504867
-0.1371708
-0.1238787
-0.1238473
-0.1371096
-0.1506897
-0.1533775
-0.1483663
-0.1480592
-0.1562585
-0.1596465
-0.1408721
-0.0995732
-0.0568583
-0.0366123
-0.0426743
-0.0556865
-0.0529287
-0.0308090
-0.0070842
-0.0010746
-0.0132506
-0.0257305
-0.0221347
-0.0048270
0.0080337
0.0010305
-0.0239113
-0.0505837
-0.0650654
-0.0691484
-0.0774966
-0.1017588
-0.1383997
-0.1729155
-0.1948916
-0.2067342
-0.2173212
-0.2296269
-0.2375485
-0.2354302
-0.2281159
-0.2277186
-0.2388862
-0.2504500
-0.2467798
-0.2279231
-0.2126717
-0.2166343
-0.2303786
-0.2277525
-0.1995289
-0.1728279
-0.1877450
-0.2516394
-0.3224754
-0.3448508
-0.3017495
-0.2213632
-0.1264486
0.0152460
0.2719667
0.6659035
1.1106805
1.4421604
1.5262211
1.3506954
1.0240062
0.6899107
0.4373079
0.2741240
0.1658558
0.0853355
0.0278976
-0.0059282
-0.0268613
-0.0515951
-0.0860169
-0.1190461
-0.1345193
-0.1284246
-0.1137994
-0.1084339
-0.1181424
-0.1331280
-0.1406929
-0.1391864
-0.1373809
-0.1415382
-0.1468636
-0.1436223
-0.1300135
-0.1159734
-0.1127886
-0.1201189
-0.1258669
-0.1199575
-0.1060796
-0.0969402
-0.0986416
-0.1035506
-0.1000993
-0.0864847
-0.0713294
-0.0618748
-0.0554613
-0.0446745
-0.0290759
-0.0181781
-0.0205035
-0.0308721
-0.0323982
-0.0137013
0.0174382
0.0408756
0.0449769
0.0382823
0.0391734
0.0557886
0.0784923
0.0922977
0.0946933
0.0987024
0.1173301
0.1469420
0.1696473
0.1733099
0.1661621
0.1682222
0.1889045
0.2164666
0.2310262
0.2263454
0.2167002
0.2218309
0.2461315
0.2741244
0.2869186
0.2815945
0.2724353
0.2738774
0.2855200
0.2952964
0.2946939
0.2873937
0.2825982
0.2822011
0.2768694
0.2556606
0.2186524
0.1779802
0.1453008
0.1199634
0.0919217
0.0554217
0.0163821
-0.0148456
-0.0352131
-0.0508658
-0.0683163
-0.0868223
-0.1012348
-0.1110240
-0.1229294
-0.1421016
-0.1622682
-0.1694454
-0.1577223
-0.1384112
-0.1297339
-0.1379686
-0.1519708
-0.1568018
-0.1499653
-0.1422854
-0.1440359
-0.1528632
-0.1569421
-0.1493502
-0.1367458
-0.1317651
-0.1379599
-0.1455408
-0.1432127
-0.1318812
-0.1241868
-0.1306296
-0.1475180
-0.1593571
-0.1536781
-0.1339735
-0.1171940
-0.1171220
-0.1307207
-0.1426993
-0.1431840
-0.1379767
-0.1399318
-0.1524603
-0.1647745
-0.1642109
-0.1513801
-0.1405552
-0.1440869
-0.1584134
-0.1685973
-0.1665237
-0.1603324
-0.1631571
-0.1758326
-0.1857527
-0.1824213
-0.1689920
-0.1558417
-0.1460781
-0.1324184
-0.1094542
-0.0850185
-0.0741122
-0.0802420
-0.0872324
-0.0749197
-0.0426479
-0.0119683
-0.0035663
-0.0151451
-0.0259897
-0.0216166
-0.0091930
-0.0073062
-0.0237178
-0.0468510
-0.0598107
-0.0601490
-0.0625594
-0.0818818
-0.1169145
-0.1535544
-0.1814406
-0.2029402
-0.2253151
-0.2481143
-0.2615763
-0.2574021
-0.2398556
-0.2250056
-0.2269721
-0.2435067
-0.2569656
-0.2527511
-0.2365291
-0.2290340
-0.2411254
-0.2569231
-0.2481762
-0.2091175
-0.1731383
-0.1853404
-0.2528994
-0.3280208
-0.3499452
-0.3037554
-0.2254566
-0.1408937
-0.0100866
0.2462081
0.6513395
1.1078116
1.4404131
1.5171548
1.3387615
1.0204920
0.6960388
0.4384659
0.2557748
0.1332552
0.0609576
0.0271579
0.0084921
-0.0182076
-0.0569307
-0.0932042
-0.1138992
-0.1212949
-0.1266076
-0.1346845
-0.1399941
-0.1371386
-0.1302528
-0.1282762
-0.1329773
-0.1368236
-0.1337556
-0.1273883
-0.1251879
-0.1276216
-0.1276870
-0.1204112
-0.1086110
-0.0983220
-0.0915653
-0.0857392
-0.0790512
-0.0742104
-0.0751865
-0.0804645
-0.0817640
-0.0719220
-0.0535483
-0.0370834
-0.0296383
-0.0281315
-0.0244753
-0.0152208
-0.0041463
0.0035673
0.0079263
0.0146393
0.0290888
0.0495832
0.0676891
0.0768531
0.0799901
0.0863171
0.1006318
0.1178194
0.1286671
0.1299403
0.1283590
0.1351334
0.1557750
0.1840205
0.2064813
0.2147745
0.2127874
0.2112277
0.2162995
0.2253316
0.2324241
0.2359865
0.2400955
0.2490891
0.2611764
0.2685120
0.2656497
0.2576297
0.2562001
0.2661343
0.2779323
0.2770657
0.2595237
0.2356918
0.2186804
0.2103074
0.1993866
0.1738935
0.1343376
0.0936215
0.0629682
0.0404124
0.0160278
-0.0133137
-0.0392703
-0.0530518
-0.0570847
-0.0627077
-0.0774243
-0.0965812
-0.1082613
-0.1063673
-0.0983547
-0.0983372
-0.1116873
-0.1284122
-0.1336833
-0.1234726
-0.1076578
-0.0990060
-0.1016861
-0.1099575
-0.1154366
-0.1150217
-0.1128258
-0.1145876
-0.1202920
-0.1236276
-0.1192482
-0.1089718
-0.0999700
-0.0982751
-0.1045241
-0.1140556
-0.1203508
-0.1204473
-0.1180338
-0.1193965
-0.1255362
-0.1304523
-0.1283705
-0.1207120
-0.1144673
-0.1148838
-0.1208258
-0.1267695
-0.1291512
-0.1308940
-0.1380854
-0.1506643
-0.1587031
-0.1519101
-0.1327957
-0.1167862
-0.1175136
-0.1331447
-0.1479391
-0.1471325
-0.1311522
-0.1155310
-0.1147548
-0.1250489
-0.1260292
-0.1022884
-0.0614611
-0.0275045
-0.0166588
-0.0227166
-0.0258112
-0.0134109
0.0080522
0.0214836
0.0182129
0.0074129
0.0049994
0.0147840
0.0245219
0.0208645
0.0039714
-0.0146821
-0.0259776
-0.0324110
-0.0454854
-0.0749478
-0.1184082
-0.1605659
-0.1850204
-0.1884440
-0.1820278
-0.1787838
-0.1813976
-0.1831593
-0.1787770
-0.1722016
-0.1727219
-0.1829258
-0.1927335
-0.1896965
-0.1750444
-0.1626302
-0.1586224
-0.1507053
-0.1276416
-0.1056616
-0.1202298
-0.1836304
-0.2585666
-0.2862362
-0.2423193
-0.1541999
-0.0518755
0.0929952
0.3561748
0.7675767
1.2304960
1.5566792
1.6031114
1.3812691
1.0344920
0.7160909
0.4915236
0.3411755
0.2279558
0.1437616
0.0972580
0.0799856
0.0635491
0.0301784
-0.0079355
-0.0281382
-0.0285553
-0.0289327
-0.0428497
-0.0609364
-0.0652041
-0.0519367
-0.0345129
-0.0271848
-0.0312777
-0.0371759
-0.0369004
-0.0326922
-0.0324340
-0.0380792
-0.0422398
-0.0372873
-0.0242109
-0.0103587
-0.0018027
-0.0003127
-0.0040035
-0.0074341
-0.0042517
0.0062700
0.0173895
0.0228334
0.0246599
0.0302872
0.0432853
0.0596126
0.0720695
0.0773573
0.0797686
0.0873242
0.1018260
0.1142625
0.1149285
0.1078947
0.1095703
0.1307701
0.1642084
0.1917851
0.2017300
0.1981239
0.1963796
0.2092407
0.2342662
0.2557039
0.2616247
0.2577056
0.2604409
0.2784023
0.3044054
0.3247484
0.3317729
0.3282289
0.3233687
0.3246390
0.3310387
0.3359493
0.3373803
0.3412202
0.3516673
0.3631893
0.3664808
0.3591286
0.3462007
0.3328873
0.3200560
0.3048110
0.2829750
0.2534332
0.2212463
0.1930046
0.1683835
0.1409393
0.1082866
0.0762065
0.0508856
0.0317910
0.0138487
-0.0072545
-0.0321336
-0.0554703
-0.0673970
-0.0631189
-0.0513347
-0.0472259
-0.0563956
-0.0704484
-0.0780467
-0.0755532
-0.0677805
-0.0632078
-0.0673404
-0.0764626
-0.0800327
-0.0733285
-0.0642425
-0.0627889
-0.0681552
-0.0721035
-0.0714121
-0.0706245
-0.0750503
-0.0858376
-0.0990367
-0.1062922
-0.1012383
-0.0887075
-0.0820679
-0.0878584
-0.0990041
-0.1063577
-0.1096997
-0.1132902
-0.1178037
-0.1215258
-0.1238423
-0.1240558
-0.1218970
-0.1205729
-0.1232568
-0.1267469
-0.1261757
-0.1249916
-0.1308584
-0.1422387
-0.1493101
-0.1482878
-0.1448187
-0.1432351
-0.1423819
-0.1419419
-0.1433993
-0.1449231
-0.1430466
-0.1372406
-0.1260372
-0.1043833
-0.0737571
-0.0480022
-0.0382107
-0.0378081
-0.0328455
-0.0202675
-0.0062734
0.0049026
0.0101526
0.0047250
-0.0089472
-0.0188562
-0.0193896
-0.0193115
-0.0257194
-0.0334082
-0.0392287
-0.0522999
-0.0798797
-0.1169014
-0.1568353
-0.1965754
-0.2249727
-0.2273680
-0.2092570
-0.1945681
-0.1942360
-0.1987730
-0.2043292
-0.2171189
-0.2287541
-0.2215463
-0.2043397
-0.2060106
-0.2261401
-0.2321977
-0.2132709
-0.1927209
-0.1816059
-0.1726473
-0.1877036
-0.2619426
-0.3570310
-0.3654411
-0.2475638
