0.0278219
0.0301326
0.0110420
-0.0041410
0.0009564
0.0144683
0.0121494
-0.0143294
-0.0472745
-0.0589231
-0.0396880
-0.0130847
-0.0172846
-0.0660269
-0.1319095
-0.1748451
-0.1836603
-0.1825956
-0.1990735
-0.2324655
-0.2550640
-0.2399573
-0.1893461
-0.1380992
-0.1245412
-0.1517293
-0.1822190
-0.1803404
-0.1573327
-0.1617140
-0.2195568
-0.2947800
-0.3218717
-0.2769119
-0.1999708
-0.1327124
-0.0401410
0.1783622
0.5753899
1.0542269
1.4042143
1.4576771
1.2185382
0.8411157
0.4949820
0.2554035
0.1046100
0.0025377
-0.0655486
-0.0991869
-0.1098970
-0.1197258
-0.1379504
-0.1543109
-0.1593675
-0.1609972
-0.1722400
-0.1895174
-0.1955710
-0.1847279
-0.1737729
-0.1808850
-0.2002167
-0.2068583
-0.1871876
-0.1568789
-0.1441495
-0.1579901
-0.1787982
-0.1820709
-0.1666123
-0.1536677
-0.1590976
-0.1735068
-0.1742042
-0.1528529
-0.1249222
-0.1114426
-0.1162040
-0.1236611
-0.1172900
-0.0969323
-0.0772749
-0.0706846
-0.0737270
-0.0716811
-0.0548308
-0.0276615
-0.0019515
0.0160752
0.0296325
0.0442965
0.0603393
0.0733457
0.0814481
0.0900181
0.1070669
0.1331377
0.1576478
0.1682001
0.1638916
0.1570938
0.1607732
0.1753494
0.1893364
0.1920997
0.1844355
0.1763728
0.1757750
0.1807180
0.1837168
0.1817176
0.1787236
0.1777555
0.1737785
0.1587238
0.1332105
0.1091881
0.0980379
0.0968211
0.0888906
0.0599606
0.0137072
-0.0299174
-0.0533732
-0.0584372
-0.0630512
-0.0810927
-0.1072077
-0.1233139
-0.1191035
-0.1037959
-0.0967211
-0.1072607
-0.1255713
-0.1338699
-0.1260687
-0.1140767
-0.1134913
-0.1250736
-0.1337643
-0.1263616
-0.1067869
-0.0912332
-0.0897361
-0.0960334
-0.0967217
-0.0879430
-0.0797212
-0.0831275
-0.0959499
-0.1044260
-0.0991529
-0.0858691
-0.0782969
-0.0824763
-0.0915953
-0.0960184
-0.0948077
-0.0952065
-0.1023306
-0.1121090
-0.1154492
-0.1088071
-0.0998095
-0.1016885
-0.1211352
-0.1505001
-0.1718024
-0.1703484
-0.1474922
-0.1209205
-0.1093168
-0.1131686
-0.1117352
-0.0837449
-0.0329510
0.0108192
0.0203945
-0.0002341
-0.0208442
-0.0194806
-0.0072569
-0.0137987
-0.0493132
-0.0880177
-0.0943715
-0.0636845
-0.0305561
-0.0346173
-0.0813428
-0.1397220
-0.1756717
-0.1825425
-0.1790090
-0.1832721
-0.1943851
-0.1977781
-0.1847960
-0.1643973
-0.1555327
-0.1676981
-0.1885770
-0.1929438
-0.1682153
-0.1331995
-0.1270819
-0.1722573
-0.2459236
-0.2946045
-0.2825131
-0.2209249
-0.1387593
-0.0230365
0.1942688
0.5668650
1.0425141
1.4526082
1.6160245
1.4732069
1.1283435
0.7626152
0.5020075
0.3559122
0.2618192
0.1696483
0.0800185
0.0177651
-0.0101825
-0.0234769
-0.0443419
-0.0757294
-0.1040364
-0.1169740
-0.1149597
-0.1076718
-0.1040415
-0.1064573
-0.1116880
-0.1148080
-0.1129702
-0.1077954
-0.1045623
-0.1071622
-0.1128112
-0.1134116
-0.1041486
-0.0901626
-0.0824384
-0.0862287
-0.0949123
-0.0968740
-0.0885149
-0.0792642
-0.0824433
-0.1006675
-0.1207721
-0.1241209
-0.1026100
-0.0650110
-0.0284734
-0.0045900
0.0070089
0.0139509
0.0223928
0.0329305
0.0430848
0.0515059
0.0587863
0.0653214
0.0708900
0.0777231
0.0923003
0.1205761
0.1594076
0.1939861
0.2071123
0.1941314
0.1699742
0.1601456
0.1813322
0.2274040
0.2733699
0.2948226
0.2865554
0.2646227
0.2510475
0.2554587
0.2693855
0.2765207
0.2680803
0.2490451
0.2309309
0.2198564
0.2119077
0.1985777
0.1747195
0.1413984
0.1036953
0.0676675
0.0378944
0.0147059
-0.0070258
-0.0336789
-0.0646749
-0.0891763
-0.0947138
-0.0816808
-0.0674970
-0.0721342
-0.0977593
-0.1252386
-0.1336268
-0.1220126
-0.1088521
-0.1097751
-0.1203902
-0.1241713
-0.1147250
-0.1045226
-0.1092797
-0.1271317
-0.1382460
-0.1262520
-0.0971559
-0.0743152
-0.0751897
-0.0949109
-0.1124937
-0.1110846
-0.0917781
-0.0702408
-0.0619468
-0.0693867
-0.0811608
-0.0837609
-0.0765151
-0.0749823
-0.0960714
-0.1369251
-0.1706295
-0.1684051
-0.1291858
-0.0847212
-0.0706551
-0.0913387
-0.1162317
-0.1130780
-0.0820237
-0.0533975
-0.0532475
-0.0766737
-0.0974118
-0.0986475
-0.0876917
-0.0804128
-0.0784191
-0.0675005
-0.0366481
0.0077769
0.0487066
0.0740155
0.0808488
0.0681530
0.0346490
-0.0111313
-0.0453756
-0.0445949
-0.0111219
0.0215090
0.0150701
-0.0390967
-0.1125291
-0.1656557
-0.1807493
-0.1716282
-0.1655234
-0.1773809
-0.1989830
-0.2094252
-0.1965725
-0.1711433
-0.1590593
-0.1750461
-0.2024214
-0.2062422
-0.1746796
-0.1441377
-0.1694681
-0.2606995
-0.3571610
-0.3788403
-0.3051319
-0.1882489
-0.0768214
0.0642677
0.3324783
0.7682878
1.2619123
1.5992592
1.6198660
1.3407428
0.9327348
0.5818142
0.3687660
0.2606169
0.1876316
0.1129582
0.0401090
-0.0192281
-0.0661516
-0.1070689
-0.1404348
-0.1599179
-0.1672591
-0.1735376
-0.1846038
-0.1898913
-0.1720476
-0.1292604
-0.0841792
-0.0658881
-0.0818272
-0.1103704
-0.1241720
-0.1199570
-0.1210648
-0.1483751
-0.1921395
-0.2182056
-0.2033899
-0.1605454
-0.1250477
-0.1182275
-0.1282503
-0.1272822
-0.1031004
-0.0705005
-0.0535611
-0.0609271
-0.0791715
-0.0868506
-0.0726472
-0.0423709
-0.0127039
0.0015040
-0.0019624
-0.0110726
-0.0098445
0.0070838
0.0303958
0.0484507
0.0625294
0.0855282
0.1237278
0.1639152
0.1842130
0.1782063
0.1635343
0.1630463
0.1800037
0.1971680
0.2008505
0.1997403
0.2140908
0.2478295
0.2787394
0.2811396
0.2559741
0.2327345
0.2389607
0.2696933
0.2899167
0.2682443
0.2081258
0.1460749
0.1191697
0.1326645
0.1566897
0.1533445
0.1091072
0.0448576
-0.0034908
-0.0159329
-0.0043820
-0.0007812
-0.0283456
-0.0810748
-0.1288219
-0.1427109
-0.1187727
-0.0804256
-0.0588997
-0.0686040
-0.0977292
-0.1211078
-0.1232620
-0.1107625
-0.1030967
-0.1117237
-0.1282557
-0.1332301
-0.1161599
-0.0866150
-0.0657522
-0.0674187
-0.0873632
-0.1095302
-0.1211322
-0.1213289
-0.1172320
-0.1141942
-0.1111788
-0.1047620
-0.0960739
-0.0924457
-0.1010682
-0.1204885
-0.1394426
-0.1463881
-0.1413643
-0.1368989
-0.1445764
-0.1602628
-0.1653749
-0.1461117
-0.1117523
-0.0904897
-0.1031418
-0.1402595
-0.1681665
-0.1606752
-0.1247840
-0.0927821
-0.0880019
-0.1001560
-0.0967851
-0.0589821
-0.0034927
0.0321997
0.0258465
-0.0101272
-0.0443891
-0.0586133
-0.0613966
-0.0722701
-0.0964812
-0.1184952
-0.1196422
-0.1001354
-0.0828630
-0.0947489
-0.1419283
-0.2011380
-0.2375012
-0.2358559
-0.2165988
-0.2165795
-0.2497803
-0.2892296
-0.2949854
-0.2612346
-0.2264768
-0.2285753
-0.2558734
-0.2593668
-0.2189667
-0.1814378
-0.2119246
-0.3091272
-0.3916544
-0.3833026
-0.2962628
-0.2011462
-0.1111634
0.0708027
0.4525146
0.9955063
1.4853016
1.6857259
1.5303532
1.1605497
0.7853003
0.5183219
0.3441284
0.2049865
0.0837213
0.0009453
-0.0358803
-0.0522158
-0.0780189
-0.1183692
-0.1583715
-0.1857169
-0.1995074
-0.2038243
-0.2041449
-0.2087583
-0.2220340
-0.2326079
-0.2192107
-0.1785973
-0.1420724
-0.1492868
-0.2008101
-0.2475916
-0.2386942
-0.1768425
-0.1161923
-0.1030912
-0.1286026
-0.1465545
-0.1315899
-0.1062075
-0.1076569
-0.1394675
-0.1672892
-0.1609737
-0.1293189
-0.1067492
-0.1111723
-0.1243703
-0.1158920
-0.0798509
-0.0418830
-0.0299639
-0.0428681
-0.0506531
-0.0259661
0.0271259
0.0765019
0.0936968
0.0814158
0.0692048
0.0826446
0.1185116
0.1512427
0.1621642
0.1587467
0.1633144
0.1856100
0.2114251
0.2196657
0.2067281
0.1900053
0.1887573
0.2064007
0.2324644
0.2560265
0.2713662
0.2729114
0.2541247
0.2175618
0.1819765
0.1699723
0.1841441
0.1996254
0.1865072
0.1404174
0.0871225
0.0552535
0.0475386
0.0417487
0.0177227
-0.0214013
-0.0556624
-0.0715681
-0.0748856
-0.0808915
-0.0955886
-0.1090606
-0.1074482
-0.0906634
-0.0770423
-0.0877463
-0.1234104
-0.1569799
-0.1560980
-0.1189043
-0.0854483
-0.1030867
-0.1728158
-0.2347199
-0.2197225
-0.1229424
-0.0198636
0.0010552
-0.0746379
-0.1719963
-0.2011748
-0.1442679
-0.0650583
-0.0373779
-0.0732124
-0.1235483
-0.1393723
-0.1189165
-0.0950528
-0.0905622
-0.0985880
-0.1040261
-0.1091602
-0.1282182
-0.1614031
-0.1864268
-0.1813988
-0.1513269
-0.1248540
-0.1237415
-0.1398437
-0.1449221
-0.1210502
-0.0781739
-0.0422254
-0.0291924
-0.0320022
-0.0301924
-0.0097429
0.0253596
0.0571417
0.0673530
0.0500622
0.0152482
-0.0182761
-0.0356353
-0.0352948
-0.0282594
-0.0286704
-0.0446827
-0.0765829
-0.1200078
-0.1674522
-0.2073144
-0.2272517
-0.2243130
-0.2116301
-0.2094939
-0.2256600
-0.2464490
-0.2516559
-0.2378451
-0.2215101
-0.2168355
-0.2165484
-0.2034909
-0.1806870
-0.1783946
-0.2211908
-0.2915138
-0.3384109
-0.3271091
-0.2689090
-0.1885915
-0.0659716
0.1678607
0.5548468
1.0283727
1.4223310
1.5791102
1.4603436
1.1604695
0.8220595
0.5415750
0.3426583
0.2105044
0.1277774
0.0785182
0.0400137
-0.0082937
-0.0658319
-0.1112151
-0.1275303
-0.1233038
-0.1231086
-0.1396420
-0.1617354
-0.1713818
-0.1663363
-0.1600554
-0.1617897
-0.1647650
-0.1577081
-0.1430133
-0.1362491
-0.1469775
-0.1659044
-0.1753113
-0.1695095
-0.1592246
-0.1548833
-0.1513999
-0.1354828
-0.1071308
-0.0868890
-0.0959451
-0.1296691
-0.1560847
-0.1445617
-0.0961353
-0.0437607
-0.0218273
-0.0353233
-0.0580449
-0.0593890
-0.0322185
0.0042265
0.0264084
0.0297886
0.0303779
0.0448046
0.0711304
0.0913105
0.0928450
0.0858575
0.0955211
0.1358443
0.1920860
0.2316763
0.2339853
0.2091502
0.1875718
0.1919843
0.2200576
0.2516261
0.2689482
0.2691965
0.2614364
0.2565512
0.2604691
0.2722925
0.2842863
0.2843242
0.2634234
0.2247228
0.1839571
0.1571166
0.1453362
0.1328173
0.1014182
0.0479464
-0.0127086
-0.0605171
-0.0856815
-0.0928350
-0.0932735
-0.0946805
-0.0968094
-0.0943215
-0.0830291
-0.0650300
-0.0490052
-0.0441996
-0.0518334
-0.0623172
-0.0632448
-0.0518457
-0.0386649
-0.0373608
-0.0513063
-0.0717995
-0.0886928
-0.0993302
-0.1053779
-0.1045651
-0.0915245
-0.0682253
-0.0486089
-0.0474136
-0.0646838
-0.0858961
-0.0990324
-0.1072788
-0.1205377
-0.1369097
-0.1399878
-0.1180251
-0.0815602
-0.0562420
-0.0581629
-0.0802837
-0.1034443
-0.1154618
-0.1163210
-0.1100469
-0.1000804
-0.0932679
-0.0994039
-0.1194410
-0.1379365
-0.1368923
-0.1193908
-0.1110322
-0.1300503
-0.1594611
-0.1591438
-0.1093121
-0.0353808
0.0169492
0.0286066
0.0222199
0.0307433
0.0597848
0.0867598
0.0917174
0.0785446
0.0634992
0.0511941
0.0298600
-0.0114358
-0.0679634
-0.1232841
-0.1629128
-0.1815086
-0.1818564
-0.1731792
-0.1687426
-0.1771813
-0.1927885
-0.1996628
-0.1906988
-0.1786905
-0.1804547
-0.1902618
-0.1804900
-0.1379178
-0.0935265
-0.1006864
-0.1765649
-0.2740275
-0.3231875
-0.2979585
-0.2268698
-0.1323455
0.0247032
0.3148867
0.7444716
1.2001693
1.5078735
1.5578969
1.3777501
1.0901329
0.8100573
0.5819572
0.3964395
0.2405957
0.1200306
0.0432076
0.0031885
-0.0185237
-0.0369331
-0.0580533
-0.0838036
-0.1141631
-0.1434718
-0.1610330
-0.1603536
-0.1464585
-0.1311039
-0.1218225
-0.1186655
-0.1204250
-0.1282293
-0.1397883
-0.1443125
-0.1301791
-0.0993237
-0.0692787
-0.0566402
-0.0598621
-0.0623118
-0.0524476
-0.0367835
-0.0302332
-0.0363246
-0.0416691
-0.0309510
-0.0041879
0.0231881
0.0357350
0.0311024
0.0193397
0.0134771
0.0218554
0.0449868
0.0744326
0.0953234
0.0963656
0.0821338
0.0733034
0.0889328
0.1264139
0.1623547
0.1766091
0.1735861
0.1753055
0.1930408
0.2113554
0.2053559
0.1722268
0.1394015
0.1381617
0.1720498
0.2152775
0.2407991
0.2445674
0.2407503
0.2392729
0.2355437
0.2221981
0.2031424
0.1895476
0.1840356
0.1759889
0.1554806
0.1273293
0.1057266
0.0955754
0.0850065
0.0598532
0.0225060
-0.0089067
-0.0210621
-0.0212062
-0.0288050
-0.0522299
-0.0773878
-0.0819502
-0.0603349
-0.0326291
-0.0273078
-0.0544223
-0.0955813
-0.1208023
-0.1164266
-0.0972975
-0.0909755
-0.1090767
-0.1347624
-0.1403876
-0.1180285
-0.0902281
-0.0877421
-0.1169467
-0.1524078
-0.1634141
-0.1455327
-0.1226239
-0.1185486
-0.1320042
-0.1425661
-0.1380992
-0.1291203
-0.1334511
-0.1516486
-0.1643123
-0.1545187
-0.1279705
-0.1073364
-0.1087996
-0.1281291
-0.1491208
-0.1604576
-0.1613688
-0.1548023
-0.1419860
-0.1256308
-0.1134920
-0.1129262
-0.1213361
-0.1257499
-0.1146315
-0.0896266
-0.0644596
-0.0526120
-0.0563810
-0.0660852
-0.0675887
-0.0516614
-0.0205668
0.0113208
0.0253736
0.0121467
-0.0202171
-0.0519493
-0.0679798
-0.0693791
-0.0700520
-0.0846210
-0.1197227
-0.1719613
-0.2278691
-0.2667762
-0.2735917
-0.2569918
-0.2506944
-0.2838866
-0.3446092
-0.3812502
-0.3523981
-0.2748392
-0.2107452
-0.2020643
-0.2273655
-0.2348087
-0.2119132
-0.2034510
-0.2518968
-0.3353477
-0.3845478
-0.3586286
-0.2789855
-0.1729854
-0.0033218
0.3085564
0.7699553
1.2446671
1.5243520
1.4900321
1.2045827
0.8473726
0.5655628
0.3881705
0.2622985
0.1414195
0.0268774
-0.0575931
-0.1040800
-0.1255008
-0.1367778
-0.1448073
-0.1543760
-0.1719504
-0.1986263
-0.2250827
-0.2395406
-0.2393366
-0.2305825
-0.2177431
-0.1993173
-0.1758113
-0.1568733
-0.1544097
-0.1684325
-0.1842691
-0.1864761
-0.1737045
-0.1576670
-0.1491322
-0.1484586
-0.1499492
-0.1510858
-0.1536626
-0.1572651
-0.1564931
-0.1470497
-0.1321526
-0.1194689
-0.1120004
-0.1055111
-0.0965580
-0.0897258
-0.0920158
-0.0995682
-0.0950392
-0.0635980
-0.0117416
0.0342632
0.0522728
0.0458535
0.0394241
0.0519143
0.0781881
0.0980686
0.1007118
0.0954521
0.0981520
0.1116563
0.1242174
0.1260173
0.1219957
0.1256487
0.1429721
0.1665582
0.1851318
0.1946844
0.1981399
0.1973991
0.1906027
0.1777650
0.1649857
0.1596300
0.1621644
0.1654452
0.1623197
0.1517637
0.1368671
0.1193220
0.0984149
0.0743991
0.0496671
0.0257451
0.0017429
-0.0221429
-0.0414972
-0.0517329
-0.0556495
-0.0630773
-0.0795856
-0.0970409
-0.1000958
-0.0842124
-0.0643249
-0.0614077
-0.0800559
-0.1027510
-0.1085797
-0.0955799
-0.0810335
-0.0799081
-0.0877569
-0.0887842
-0.0785443
-0.0719115
-0.0846309
-0.1104142
-0.1234802
-0.1068839
-0.0744974
-0.0593549
-0.0794170
-0.1185673
-0.1435864
-0.1371809
-0.1109773
-0.0881142
-0.0794796
-0.0799300
-0.0825861
-0.0887270
-0.1017451
-0.1171879
-0.1246619
-0.1190340
-0.1054757
-0.0924156
-0.0827903
-0.0739705
-0.0629760
-0.0479316
-0.0261629
0.0035490
0.0352964
0.0577957
0.0665984
0.0718287
0.0867231
0.1071009
0.1095860
0.0775462
0.0266984
-0.0040683
0.0077888
0.0421022
0.0546637
0.0211837
-0.0423555
-0.1025744
-0.1436187
-0.1733565
-0.2004086
-0.2175507
-0.2136088
-0.1946847
-0.1828821
-0.1921585
-0.2124245
-0.2221561
-0.2124585
-0.1924489
-0.1730854
-0.1551414
-0.1377848
-0.1317924
-0.1530081
-0.2004455
-0.2489342
-0.2697616
-0.2534350
-0.2012314
-0.0931328
0.1205606
0.4742980
0.9229090
1.3286630
1.5316290
1.4547169
1.1559358
0.7843908
0.4796052
0.2961388
0.2031518
0.1404474
0.0734303
0.0063090
-0.0416780
-0.0637877
-0.0717469
-0.0819909
-0.1010483
-0.1237494
-0.1417605
-0.1511724
-0.1527770
-0.1483147
-0.1389555
-0.1272096
-0.1182053
-0.1171222
-0.1245510
-0.1344616
-0.1374822
-0.1277111
-0.1079905
-0.0887105
-0.0795262
-0.0800802
-0.0791428
-0.0655877
-0.0420292
-0.0258653
-0.0331453
-0.0600142
-0.0825614
-0.0781541
-0.0471633
-0.0117388
0.0071840
0.0095715
0.0123491
0.0288781
0.0559396
0.0802396
0.0929937
0.0956419
0.0950651
0.0988442
0.1147610
0.1476713
0.1911332
0.2251380
0.2305684
0.2101055
0.1908505
0.2001413
0.2378272
0.2759234
0.2871595
0.2712405
0.2511609
0.2469422
0.2578967
0.2702435
0.2756431
0.2770665
0.2787979
0.2777172
0.2679901
0.2511477
0.2364532
0.2303158
0.2281150
0.2182532
0.1930571
0.1545655
0.1114857
0.0734192
0.0477117
0.0376330
0.0396904
0.0431928
0.0363374
0.0157071
-0.0103422
-0.0290925
-0.0346366
-0.0315774
-0.0287957
-0.0315262
-0.0396535
-0.0508899
-0.0625951
-0.0710026
-0.0722634
-0.0665479
-0.0595270
-0.0570280
-0.0584116
-0.0579894
-0.0537748
-0.0515301
-0.0567655
-0.0643606
-0.0616264
-0.0443290
-0.0258824
-0.0250946
-0.0446829
-0.0672310
-0.0755027
-0.0726314
-0.0759250
-0.0912596
-0.1017574
-0.0880447
-0.0560783
-0.0355119
-0.0468140
-0.0763811
-0.0921655
-0.0827249
-0.0712047
-0.0844947
-0.1141047
-0.1191670
-0.0728645
0.0009698
0.0468965
0.0348149
-0.0082083
-0.0270040
0.0044038
0.0600539
0.0950591
0.0930136
0.0752717
0.0683853
0.0733390
0.0714666
0.0533573
0.0309867
0.0191836
0.0134208
-0.0059946
-0.0492894
-0.1045047
-0.1520413
-0.1857432
-0.2130652
-0.2372767
-0.2495555
-0.2434569
-0.2300405
-0.2282482
-0.2401609
-0.2462700
-0.2319803
-0.2113364
-0.2116051
-0.2340295
-0.2451395
-0.2194402
-0.1829792
-0.1940491
-0.2723638
-0.3620622
-0.3834805
-0.3180135
-0.2178722
-0.1185505
0.0384156
0.3582101
0.8506937
1.3529391
1.6258322
1.5468802
1.2084622
0.8253271
0.5520592
0.3913838
0.2595460
0.1082202
-0.0323594
-0.1114690
-0.1269706
-0.1248403
-0.1444636
-0.1822214
-0.2090310
-0.2094971
-0.1951389
-0.1855992
-0.1879860
-0.1961812
-0.2023944
-0.2036240
-0.2001390
-0.1943027
-0.1917682
-0.1985407
-0.2129753
-0.2229483
-0.2157330
-0.1918826
-0.1665601
-0.1551116
-0.1586820
-0.1658725
-0.1670457
-0.1633214
-0.1605480
-0.1582123
-0.1489485
-0.1294019
-0.1075873
-0.0958928
-0.0973316
-0.1018514
-0.0975380
-0.0832998
-0.0679312
-0.0574037
-0.0466943
-0.0265621
0.0031387
0.0305551
0.0440216
0.0456353
0.0499985
0.0685413
0.0965346
0.1174128
0.1200106
0.1101531
0.1044351
0.1134229
0.1322506
0.1475569
0.1519898
0.1506009
0.1535077
0.1639228
0.1744183
0.1746714
0.1621867
0.1452661
0.1355909
0.1374669
0.1434610
0.1404065
0.1207531
0.0892411
0.0584274
0.0367622
0.0208767
0.0004936
-0.0287221
-0.0586159
-0.0766441
-0.0804280
-0.0819835
-0.0954533
-0.1211068
-0.1437466
-0.1481935
-0.1352675
-0.1208563
-0.1194752
-0.1305555
-0.1415300
-0.1424179
-0.1349559
-0.1277363
-0.1254992
-0.1257309
-0.1249359
-0.1250066
-0.1311398
-0.1440575
-0.1565146
-0.1589790
-0.1486479
-0.1321973
-0.1196578
-0.1161346
-0.1195296
-0.1252390
-0.1315256
-0.1396090
-0.1493313
-0.1565621
-0.1563310
-0.1485099
-0.1391219
-0.1349491
-0.1370703
-0.1405469
-0.1402602
-0.1357551
-0.1299817
-0.1250547
-0.1211405
-0.1185114
-0.1173037
-0.1137905
-0.1001193
-0.0724473
-0.0396158
-0.0185819
-0.0166640
-0.0202254
-0.0071942
0.0267048
0.0588647
0.0625268
0.0374605
0.0112993
0.0070335
0.0141223
-0.0010286
-0.0559988
-0.1307642
-0.1891118
-0.2165068
-0.2289084
-0.2448205
-0.2591070
-0.2527365
-0.2239732
-0.1976202
-0.1979897
-0.2200242
-0.2364745
-0.2319283
-0.2191539
-0.2172863
-0.2232428
-0.2173613
-0.1969661
-0.1901842
-0.2250512
-0.2893710
-0.3344953
-0.3225437
-0.2579737
-0.1602574
-0.0114172
0.2461666
0.6398323
1.0941989
1.4448656
1.5436297
1.3643901
1.0152825
0.6532158
0.3830270
0.2208772
0.1281617
0.0633913
0.0064097
-0.0463073
-0.0919070
-0.1250196
-0.1409111
-0.1418171
-0.1389172
-0.1438916
-0.1579901
-0.1719678
-0.1775375
-0.1763941
-0.1759822
-0.1782459
-0.1764418
-0.1643841
-0.1461886
-0.1336338
-0.1336767
-0.1408848
-0.1436259
-0.1366841
-0.1261429
-0.1219463
-0.1271591
-0.1353400
-0.1376562
-0.1313587
-0.1211183
-0.1129828
-0.1079476
-0.1015900
-0.0895590
-0.0729921
-0.0582599
-0.0509548
-0.0496177
-0.0454505
-0.0292570
-0.0000313
0.0327813
0.0562455
0.0644778
0.0633067
0.0646706
0.0758613
0.0935803
0.1082191
0.1139628
0.1146861
0.1198826
0.1350102
0.1562001
0.1743675
0.1838138
0.1863292
0.1874915
0.1902648
0.1929222
0.1927367
0.1906812
0.1917925
0.2004994
0.2150797
0.2264438
0.2232923
0.2006186
0.1648856
0.1303639
0.1080359
0.0963218
0.0831061
0.0582283
0.0241578
-0.0065274
-0.0242096
-0.0314442
-0.0385326
-0.0514815
-0.0665521
-0.0767395
-0.0810181
-0.0847566
-0.0915217
-0.0973207
-0.0949268
-0.0831321
-0.0696855
-0.0643213
-0.0696739
-0.0795200
-0.0851340
-0.0826806
-0.0752971
-0.0695700
-0.0702050
-0.0766433
-0.0835901
-0.0852928
-0.0806839
-0.0747649
-0.0739727
-0.0792823
-0.0844236
-0.0823254
-0.0737428
-0.0681949
-0.0747425
-0.0916679
-0.1064644
-0.1070809
-0.0934182
-0.0777840
-0.0740843
-0.0857123
-0.1020881
-0.1059734
-0.0861570
-0.0471507
-0.0087255
0.0068170
-0.0072157
-0.0329228
-0.0392182
-0.0077525
0.0493649
0.0989946
0.1165838
0.1067615
0.0939782
0.0947541
0.1031386
0.1041338
0.0956749
0.0900933
0.0932360
0.0895857
0.0557752
-0.0112842
-0.0863304
-0.1397607
-0.1663169
-0.1846792
-0.2100490
-0.2348477
-0.2408372
-0.2250059
-0.2048494
-0.1972125
-0.1998678
-0.1997814
-0.1944989
-0.1951233
-0.2063072
-0.2135828
-0.2008740
-0.1778771
-0.1771922
-0.2170347
-0.2736668
-0.3015924
-0.2798546
-0.2247623
-0.1480082
-0.0123380
0.2484331
0.6493320
1.0959843
1.4203900
1.4904351
1.2978166
0.9513938
0.5936287
0.3186840
0.1484367
0.0582487
0.0111425
-0.0234047
-0.0617834
-0.1025751
-0.1315653
-0.1380826
-0.1293226
-0.1257475
-0.1404527
-0.1654194
-0.1809554
-0.1776524
-0.1655980
-0.1611594
-0.1679988
-0.1743291
-0.1679308
-0.1502391
-0.1340660
-0.1295427
-0.1348232
-0.1402592
-0.1392721
-0.1337959
-0.1301487
-0.1314220
-0.1344653
-0.1334741
-0.1256500
-0.1133446
-0.1011555
-0.0911822
-0.0811988
-0.0677785
-0.0514210
-0.0378867
-0.0330544
-0.0358302
-0.0371375
-0.0274075
-0.0054736
0.0204478
0.0406314
0.0520445
0.0587462
0.0656033
0.0733558
0.0801048
0.0860383
0.0948298
0.1099968
0.1308187
0.1524646
0.1696811
0.1800140
0.1844344
0.1862873
0.1894962
0.1959346
0.2032475
0.2061201
0.2014971
0.1930016
0.1889211
0.1944529
0.2057549
0.2122837
0.2054341
0.1850112
0.1577546
0.1305915
0.1058514
0.0820749
0.0577614
0.0336609
0.0121440
-0.0050971
-0.0192152
-0.0342729
-0.0537314
-0.0753575
-0.0906484
-0.0924853
-0.0849731
-0.0833253
-0.0998960
-0.1289504
-0.1480122
-0.1379892
-0.1028717
-0.0676722
-0.0554617
-0.0670717
-0.0840392
-0.0896827
-0.0844104
-0.0803306
-0.0845803
-0.0915776
-0.0913619
-0.0822304
-0.0728238
-0.0724055
-0.0810290
-0.0900522
-0.0915820
-0.0865210
-0.0832678
-0.0888992
-0.1017399
-0.1124998
-0.1129557
-0.1039874
-0.0950972
-0.0955628
-0.1058241
-0.1175697
-0.1216239
-0.1146201
-0.0983941
-0.0758971
-0.0506672
-0.0292509
-0.0192336
-0.0210658
-0.0231704
-0.0098958
0.0228204
0.0612213
0.0860031
0.0909373
0.0870190
0.0877863
0.0940964
0.0967280
0.0916959
0.0863301
0.0867466
0.0833872
0.0559568
-0.0050926
-0.0854462
-0.1580129
-0.2051457
-0.2271770
-0.2319776
-0.2239512
-0.2071456
-0.1929673
-0.1945281
-0.2108823
-0.2246020
-0.2219108
-0.2113247
-0.2128071
-0.2276500
-0.2307516
-0.2031171
-0.1669034
-0.1721677
-0.2405664
-0.3308882
-0.3733724
-0.3367298
-0.2457239
-0.1242931
0.0630413
0.3843735
0.8401696
1.3013315
1.5727374
1.5379982
1.2491533
0.8770090
0.5757592
0.3898124
0.2715204
0.1637554
0.0549314
-0.0324171
-0.0826066
-0.1047812
-0.1181080
-0.1323840
-0.1462445
-0.1570171
-0.1658133
-0.1743868
-0.1821376
-0.1877548
-0.1912422
-0.1926661
-0.1906874
-0.1847197
-0.1780308
-0.1759288
-0.1794138
-0.1822497
-0.1768717
-0.1634892
-0.1512873
-0.1490854
-0.1556064
-0.1605862
-0.1555270
-0.1419927
-0.1287227
-0.1217614
-0.1189874
-0.1144508
-0.1064621
-0.0994425
-0.0972472
-0.0961489
-0.0867547
-0.0640138
-0.0344364
-0.0115642
-0.0031745
-0.0032039
0.0026446
0.0225366
0.0499249
0.0701939
0.0762878
0.0768138
0.0872542
0.1131579
0.1436254
0.1626043
0.1658365
0.1648381
0.1735656
0.1926480
0.2088599
0.2105671
0.2017628
0.1984627
0.2109886
0.2319301
0.2434110
0.2355198
0.2155472
0.1987240
0.1918864
0.1880821
0.1764656
0.1548067
0.1305449
0.1106097
0.0929341
0.0695442
0.0369329
0.0012415
-0.0274443
-0.0447742
-0.0553011
-0.0667153
-0.0819191
-0.0966529
-0.1041386
-0.1018695
-0.0943662
-0.0896661
-0.0929784
-0.1032516
-0.1151194
-0.1233342
-0.1252458
-0.1203557
-0.1096320
-0.0964185
-0.0868416
-0.0864997
-0.0947877
-0.1033768
-0.1030408
-0.0933614
-0.0842360
-0.0858017
-0.0971500
-0.1068601
-0.1051682
-0.0940351
-0.0840673
-0.0826490
-0.0871444
-0.0901601
-0.0897254
-0.0921701
-0.1043003
-0.1236592
-0.1380247
-0.1358274
-0.1178667
-0.0984787
-0.0931686
-0.1025222
-0.1082959
-0.0892983
-0.0452325
-0.0036513
0.0029459
-0.0285514
-0.0625166
-0.0552484
0.0024897
0.0756975
0.1196364
0.1218480
0.1069961
0.1027108
0.1087169
0.1046482
0.0827982
0.0613595
0.0598273
0.0682245
0.0517231
-0.0113786
-0.1027014
-0.1800142
-0.2177019
-0.2257562
-0.2298227
-0.2405272
-0.2479651
-0.2420030
-0.2282985
-0.2206174
-0.2234801
-0.2295443
-0.2323471
-0.2334363
-0.2343357
-0.2294838
-0.2158468
-0.2068821
-0.2253049
-0.2755934
-0.3299800
-0.3512145
-0.3274573
-0.2716444
-0.1788409
0.0033500
0.3361574
0.8042934
1.2748193
1.5631763
1.5617108
1.3150208
0.9742294
0.6789797
0.4766750
0.3360835
0.2148373
0.1031074
0.0134709
-0.0492544
-0.0955207
-0.1342181
-0.1610834
-0.1685865
-0.1615571
-0.1562483
-0.1639494
-0.1798144
-0.1896346
-0.1855344
-0.1732327
-0.1648896
-0.1666235
-0.1732369
-0.1742072
-0.1642727
-0.1482746
-0.1358810
-0.1318196
-0.1317089
-0.1277595
-0.1180510
-0.1088245
-0.1066231
-0.1090725
-0.1058885
-0.0902992
-0.0677411
-0.0505751
-0.0443187
-0.0420644
-0.0342362
-0.0217635
-0.0161443
-0.0256741
-0.0438919
-0.0539735
-0.0445551
-0.0197070
0.0071668
0.0274978
0.0436605
0.0618369
0.0823805
0.0997170
0.1102935
0.1172881
0.1266049
0.1404646
0.1566530
0.1726452
0.1877167
0.2005540
0.2075357
0.2063953
0.2014146
0.2016315
0.2112558
0.2232411
0.2259274
0.2167951
0.2062726
0.2050636
0.2095120
0.2037988
0.1779382
0.1405958
0.1108530
0.0976454
0.0903670
0.0714473
0.0364270
-0.0012013
-0.0249154
-0.0317936
-0.0326744
-0.0384516
-0.0500007
-0.0614453
-0.0692792
-0.0755449
-0.0836706
-0.0942343
-0.1051878
-0.1141218
-0.1190062
-0.1179195
-0.1102321
-0.0986925
-0.0888553
-0.0847142
-0.0849693
-0.0849866
-0.0827335
-0.0813149
-0.0846542
-0.0917482
-0.0967711
-0.0948942
-0.0871821
-0.0798015
-0.0789749
-0.0862975
-0.0978354
-0.1074112
-0.1114900
-0.1117186
-0.1130531
-0.1192208
-0.1292998
-0.1379318
-0.1389550
-0.1300495
-0.1151685
-0.1026625
-0.0997265
-0.1063001
-0.1127338
-0.1049364
-0.0763019
-0.0374885
-0.0117111
-0.0145222
-0.0359937
-0.0463589
-0.0233968
0.0258648
0.0731091
0.0981701
0.1072076
0.1196840
0.1408346
0.1537480
0.1413075
0.1105465
0.0872776
0.0852604
0.0872203
0.0620186
-0.0014582
-0.0826022
-0.1504371
-0.1906184
-0.2092320
-0.2167681
-0.2173140
-0.2138590
-0.2145065
-0.2243024
-0.2331727
-0.2230742
-0.1930301
-0.1694597
-0.1797842
-0.2156841
-0.2355281
-0.2128446
-0.1755751
-0.1819591
-0.2525883
-0.3374599
-0.3625675
-0.3054907
-0.2079635
-0.1045843
0.0463180
0.3325602
0.7730162
1.2422502
1.5335032
1.5146637
1.2293642
0.8497491
0.5361491
0.3391942
0.2166979
0.1160550
0.0259769
-0.0387661
-0.0756307
-0.1016006
-0.1296421
-0.1541437
-0.1647040
-0.1649786
-0.1689033
-0.1811651
-0.1905156
-0.1852528
-0.1698248
-0.1608242
-0.1676107
-0.1815068
-0.1863085
-0.1772517
-0.1661077
-0.1669355
-0.1795846
-0.1896467
-0.1835926
-0.1616020
-0.1360511
-0.1201668
-0.1185290
-0.1255462
-0.1306994
-0.1262355
-0.1122683
-0.0957267
-0.0842189
-0.0799456
-0.0781716
-0.0711270
-0.0547837
-0.0332549
-0.0157440
-0.0073646
-0.0030695
0.0076603
0.0294412
0.0550238
0.0713285
0.0718876
0.0640017
0.0634420
0.0806020
0.1109320
0.1396651
0.1562831
0.1633764
0.1713913
0.1867892
0.2062669
0.2205193
0.2221078
0.2115744
0.1984594
0.1956680
0.2097981
0.2349406
0.2559738
0.2594015
0.2432746
0.2179943
0.1964915
0.1820540
0.1663664
0.1406969
0.1073294
0.0772289
0.0574715
0.0446637
0.0310779
0.0135646
-0.0054704
-0.0233590
-0.0404939
-0.0582938
-0.0753535
-0.0871117
-0.0903849
-0.0875302
-0.0838772
-0.0809987
-0.0758858
-0.0681421
-0.0638430
-0.0683749
-0.0778517
-0.0822335
-0.0767540
-0.0670895
-0.0629594
-0.0684873
-0.0787245
-0.0844505
-0.0807915
-0.0715297
-0.0641478
-0.0615965
-0.0615233
-0.0623289
-0.0650845
-0.0692336
-0.0721437
-0.0746835
-0.0814617
-0.0923238
-0.0985538
-0.0918351
-0.0745664
-0.0589037
-0.0573739
-0.0737061
-0.0982561
-0.1130765
-0.1079239
-0.0914063
-0.0795516
-0.0747077
-0.0660674
-0.0506851
-0.0390285
-0.0345905
-0.0237795
0.0022650
