0.1278872
0.0395556
0.0832242
0.1183556
0.1156817
0.1113658
0.1121169
0.0976904
0.0730584
0.0606643
0.0576103
0.0436616
0.0209750
0.0093483
0.0091048
0.0008890
-0.0210579
-0.0425433
-0.0546736
-0.0630058
-0.0723218
-0.0804563
-0.0863671
-0.0903388
-0.0890194
-0.0818553
-0.0770976
-0.0800930
-0.0824768
-0.0752919
-0.0662752
-0.0707665
-0.0892870
-0.1057108
-0.1057709
-0.0894360
-0.0678039
-0.0538711
-0.0529217
-0.0577834
-0.0579740
-0.0552098
-0.0613743
-0.0776717
-0.0864377
-0.0718218
-0.0420023
-0.0227224
-0.0312761
-0.0608355
-0.0875370
-0.0913780
-0.0744074
-0.0592385
-0.0647430
-0.0834622
-0.0898330
-0.0714150
-0.0442952
-0.0345551
-0.0498670
-0.0722906
-0.0759219
-0.0506389
-0.0111801
0.0174148
0.0252585
0.0259303
0.0366609
0.0553009
0.0635289
0.0496254
0.0201105
-0.0103637
-0.0330673
-0.0478682
-0.0582051
-0.0674349
-0.0786488
-0.0953072
-0.1195001
-0.1477065
-0.1706095
-0.1821419
-0.1879761
-0.1983827
-0.2120326
-0.2156082
-0.2036542
-0.1902483
-0.1925344
-0.2075507
-0.2157634
-0.2078134
-0.1978249
-0.2034865
-0.2179408
-0.2136123
-0.1805826
-0.1526480
-0.1780725
-0.2593007
-0.3372158
-0.3501423
-0.2979454
-0.2225868
-0.1224387
0.0822217
0.4629705
0.9581711
1.3602634
1.4585401
1.2102056
0.7719432
0.3633429
0.1021787
-0.0345460
-0.1187798
-0.1773477
-0.1934983
-0.1672368
-0.1369151
-0.1378659
-0.1632580
-0.1804875
-0.1764208
-0.1706300
-0.1838374
-0.2073317
-0.2138509
-0.1938664
-0.1682515
-0.1609410
-0.1693795
-0.1725643
-0.1633166
-0.1580621
-0.1709459
-0.1902057
-0.1906324
-0.1655058
-0.1362366
-0.1283398
-0.1437735
-0.1612879
-0.1618887
-0.1485513
-0.1382400
-0.1383589
-0.1382603
-0.1257263
-0.1047666
-0.0901980
-0.0874064
-0.0856295
-0.0730800
-0.0526622
-0.0380261
-0.0359538
-0.0370397
-0.0256704
0.0020609
0.0331095
0.0515056
0.0553253
0.0561516
0.0629642
0.0726467
0.0787341
0.0837010
0.0963148
0.1182898
0.1393060
0.1470393
0.1395141
0.1259437
0.1167348
0.1144793
0.1148609
0.1142921
0.1136176
0.1138563
0.1121276
0.1053091
0.0956094
0.0879135
0.0820159
0.0723357
0.0566675
0.0409801
0.0325052
0.0302543
0.0255464
0.0116713
-0.0091504
-0.0292540
-0.0448315
-0.0596736
-0.0783370
-0.0972883
-0.1067745
-0.1028380
-0.0941699
-0.0939383
-0.1062269
-0.1231438
-0.1341573
-0.1353383
-0.1296981
-0.1215891
-0.1126521
-0.1027047
-0.0931713
-0.0879169
-0.0893256
-0.0942782
-0.0962040
-0.0914071
-0.0814544
-0.0692829
-0.0559992
-0.0430997
-0.0350575
-0.0361228
-0.0444016
-0.0515410
-0.0502002
-0.0419312
-0.0361145
-0.0392213
-0.0457017
-0.0430453
-0.0277410
-0.0126494
-0.0137663
-0.0305608
-0.0446903
-0.0401641
-0.0212402
-0.0070313
-0.0094917
-0.0198231
-0.0178131
0.0066335
0.0430098
0.0714818
0.0828888
0.0855934
0.0930916
0.1074948
0.1163197
0.1043718
0.0688848
0.0251097
-0.0033238
-0.0040141
0.0110570
0.0143466
-0.0112939
-0.0555188
-0.0917871
-0.1053293
-0.1064379
-0.1145576
-0.1327835
-0.1437320
-0.1323133
-0.1075537
-0.0948804
-0.1063053
-0.1256867
-0.1292658
-0.1161505
-0.1087987
-0.1218414
-0.1398585
-0.1348149
-0.1034836
-0.0781131
-0.0939697
-0.1491449
-0.2035888
-0.2199347
-0.1977329
-0.1568864
-0.0869304
0.0722729
0.3790929
0.8084560
1.2254942
1.4557555
1.4016692
1.1082516
0.7245894
0.3984541
0.1937418
0.0885370
0.0325444
-0.0027793
-0.0208208
-0.0242492
-0.0266776
-0.0399553
-0.0597577
-0.0708050
-0.0654114
-0.0526117
-0.0476116
-0.0550937
-0.0661961
-0.0710778
-0.0698810
-0.0689444
-0.0699081
-0.0678382
-0.0599502
-0.0512517
-0.0489137
-0.0534670
-0.0584202
-0.0578938
-0.0522781
-0.0459080
-0.0409472
-0.0353770
-0.0269700
-0.0172907
-0.0100360
-0.0062449
-0.0034843
0.0001690
0.0041864
0.0089684
0.0184231
0.0360167
0.0589258
0.0789593
0.0900564
0.0934748
0.0951442
0.0993832
0.1065093
0.1160144
0.1298420
0.1503182
0.1747819
0.1948335
0.2034153
0.2021778
0.1997719
0.2028756
0.2108589
0.2193311
0.2261469
0.2321210
0.2374710
0.2402375
0.2387993
0.2346122
0.2311265
0.2297700
0.2279841
0.2225070
0.2143905
0.2087997
0.2086279
0.2096223
0.2036448
0.1864928
0.1613699
0.1352790
0.1136481
0.0983156
0.0885432
0.0821089
0.0753518
0.0635871
0.0436266
0.0174608
-0.0070959
-0.0215836
-0.0239275
-0.0196718
-0.0158758
-0.0149517
-0.0152162
-0.0159179
-0.0193382
-0.0272086
-0.0362389
-0.0390953
-0.0313054
-0.0171251
-0.0066688
-0.0057143
-0.0094998
-0.0087867
-0.0015395
0.0043910
0.0013302
-0.0079660
-0.0127770
-0.0066138
0.0056213
0.0137434
0.0136955
0.0102112
0.0082069
0.0053032
-0.0036328
-0.0162758
-0.0226739
-0.0172844
-0.0068741
-0.0022920
-0.0049428
-0.0070374
-0.0050561
-0.0060836
-0.0161936
-0.0268074
-0.0209603
0.0045281
0.0297502
0.0320559
0.0147186
0.0070017
0.0309616
0.0736733
0.1006814
0.0961418
0.0803462
0.0827110
0.1041686
0.1157633
0.0944484
0.0514754
0.0193906
0.0146470
0.0207418
0.0099481
-0.0244664
-0.0632168
-0.0854153
-0.0905250
-0.0938003
-0.1060103
-0.1237700
-0.1379153
-0.1446519
-0.1462856
-0.1453716
-0.1421495
-0.1365612
-0.1297990
-0.1238569
-0.1213826
-0.1252013
-0.1344700
-0.1403680
-0.1307252
-0.1053401
-0.0856002
-0.0994298
-0.1497657
-0.2029407
-0.2184351
-0.1893918
-0.1397024
-0.0721091
0.0676785
0.3480903
0.7570497
1.1593379
1.3724461
1.3041073
1.0213274
0.6851898
0.4209345
0.2499467
0.1306714
0.0372483
-0.0174603
-0.0225084
-0.0035311
-0.0024761
-0.0321831
-0.0665106
-0.0769150
-0.0672405
-0.0647089
-0.0827146
-0.1043519
-0.1056931
-0.0866504
-0.0699752
-0.0717904
-0.0828192
-0.0831590
-0.0691574
-0.0571253
-0.0607499
-0.0728212
-0.0744320
-0.0587517
-0.0389276
-0.0311085
-0.0351172
-0.0372025
-0.0300267
-0.0224649
-0.0255631
-0.0337219
-0.0281612
-0.0006491
0.0329243
0.0485969
0.0419175
0.0331909
0.0433000
0.0691196
0.0882883
0.0875227
0.0798613
0.0893238
0.1212395
0.1545827
0.1660360
0.1565009
0.1480827
0.1565104
0.1736646
0.1806350
0.1730860
0.1666036
0.1761418
0.1962313
0.2070555
0.1986758
0.1827480
0.1768640
0.1816590
0.1804063
0.1619678
0.1375063
0.1289581
0.1430677
0.1626679
0.1651083
0.1453521
0.1179590
0.0988495
0.0899158
0.0823553
0.0705053
0.0575311
0.0480365
0.0402049
0.0285157
0.0118417
-0.0053180
-0.0195963
-0.0328859
-0.0478639
-0.0619924
-0.0691212
-0.0667734
-0.0594266
-0.0538560
-0.0530176
-0.0559914
-0.0625022
-0.0740802
-0.0891801
-0.0997946
-0.0972510
-0.0824302
-0.0670279
-0.0618856
-0.0655317
-0.0673864
-0.0618493
-0.0552161
-0.0565173
-0.0644234
-0.0677928
-0.0598421
-0.0477320
-0.0444162
-0.0524698
-0.0610187
-0.0605404
-0.0562342
-0.0614223
-0.0789102
-0.0952843
-0.0965345
-0.0848054
-0.0745331
-0.0739696
-0.0771677
-0.0761133
-0.0743709
-0.0814894
-0.0950782
-0.0973060
-0.0754656
-0.0421793
-0.0260033
-0.0388239
-0.0589422
-0.0534296
-0.0155905
0.0269266
0.0432646
0.0324974
0.0202208
0.0250506
0.0366064
0.0302767
-0.0012357
-0.0383300
-0.0572081
-0.0563535
-0.0559312
-0.0734220
-0.1056003
-0.1354827
-0.1518243
-0.1576335
-0.1619322
-0.1685805
-0.1747661
-0.1773149
-0.1774203
-0.1791227
-0.1843182
-0.1895801
-0.1881993
-0.1768746
-0.1614854
-0.1543300
-0.1618634
-0.1746020
-0.1742201
-0.1558283
-0.1406737
-0.1577675
-0.2086966
-0.2577693
-0.2663317
-0.2338089
-0.1900871
-0.1390759
-0.0221934
0.2374047
0.6389406
1.0577012
1.3126753
1.2972795
1.0534861
0.7245822
0.4406374
0.2455706
0.1152658
0.0198948
-0.0437605
-0.0692782
-0.0671201
-0.0626939
-0.0724792
-0.0907596
-0.1016922
-0.0998720
-0.0955666
-0.1012165
-0.1164862
-0.1283911
-0.1253123
-0.1095001
-0.0952384
-0.0946470
-0.1054257
-0.1133992
-0.1080918
-0.0949470
-0.0895040
-0.0985337
-0.1100753
-0.1060149
-0.0837461
-0.0605578
-0.0542271
-0.0627704
-0.0679598
-0.0580348
-0.0413811
-0.0345158
-0.0399095
-0.0417316
-0.0249759
0.0058545
0.0314726
0.0394370
0.0359066
0.0349109
0.0412505
0.0488612
0.0538267
0.0620948
0.0809591
0.1064252
0.1244629
0.1260151
0.1176307
0.1144783
0.1237692
0.1379209
0.1446431
0.1410169
0.1352083
0.1356457
0.1418691
0.1468021
0.1452767
0.1380900
0.1290599
0.1209897
0.1149856
0.1114461
0.1099429
0.1089517
0.1073977
0.1061435
0.1057794
0.1023774
0.0885451
0.0623324
0.0342145
0.0200819
0.0242040
0.0321258
0.0251481
0.0013821
-0.0224370
-0.0316969
-0.0315308
-0.0386025
-0.0574881
-0.0729122
-0.0692160
-0.0523230
-0.0445711
-0.0573917
-0.0767124
-0.0807322
-0.0676150
-0.0570217
-0.0633939
-0.0761135
-0.0726845
-0.0478680
-0.0213533
-0.0147941
-0.0277034
-0.0411906
-0.0421295
-0.0363287
-0.0364636
-0.0435765
-0.0467280
-0.0391667
-0.0279467
-0.0247897
-0.0319293
-0.0418229
-0.0489895
-0.0561980
-0.0672263
-0.0782404
-0.0810933
-0.0740704
-0.0647785
-0.0608762
-0.0613481
-0.0603533
-0.0580235
-0.0620615
-0.0759387
-0.0890749
-0.0846462
-0.0586956
-0.0276105
-0.0128633
-0.0190431
-0.0297614
-0.0252039
-0.0009278
0.0312742
0.0572650
0.0713920
0.0749803
0.0699263
0.0573866
0.0401624
0.0214438
0.0008598
-0.0237929
-0.0489578
-0.0642261
-0.0643800
-0.0606377
-0.0723655
-0.1046143
-0.1395214
-0.1557464
-0.1532804
-0.1511470
-0.1602066
-0.1678743
-0.1569102
-0.1331242
-0.1218045
-0.1346188
-0.1522747
-0.1499307
-0.1323491
-0.1277955
-0.1452930
-0.1556535
-0.1298809
-0.0876036
-0.0847788
-0.1460835
-0.2267971
-0.2591277
-0.2278023
-0.1737541
-0.1139603
0.0171444
0.3105106
0.7560325
1.1937423
1.4175903
1.3381996
1.0429304
0.7027963
0.4338329
0.2476328
0.1088659
0.0061637
-0.0433461
-0.0380364
-0.0132387
-0.0116345
-0.0427900
-0.0806253
-0.0969672
-0.0894192
-0.0763464
-0.0729193
-0.0781414
-0.0826027
-0.0821880
-0.0813647
-0.0854181
-0.0926741
-0.0954612
-0.0883440
-0.0745345
-0.0630297
-0.0590038
-0.0584505
-0.0541117
-0.0458633
-0.0418809
-0.0477845
-0.0572443
-0.0573260
-0.0432938
-0.0242231
-0.0116219
-0.0056867
0.0023237
0.0148611
0.0220154
0.0151379
0.0025765
0.0041784
0.0284956
0.0612580
0.0809541
0.0825886
0.0801937
0.0866818
0.0985427
0.1044229
0.1035063
0.1072807
0.1226510
0.1408300
0.1481463
0.1437822
0.1395347
0.1422503
0.1444109
0.1366686
0.1241125
0.1217306
0.1338987
0.1464397
0.1435199
0.1273261
0.1140602
0.1118851
0.1109224
0.0985462
0.0783620
0.0664043
0.0697322
0.0768922
0.0730909
0.0587104
0.0458021
0.0387239
0.0274467
0.0036056
-0.0236638
-0.0357848
-0.0275024
-0.0144588
-0.0155692
-0.0329224
-0.0534067
-0.0665038
-0.0734213
-0.0784587
-0.0793370
-0.0721649
-0.0621713
-0.0609269
-0.0709661
-0.0799645
-0.0757625
-0.0635782
-0.0607401
-0.0736411
-0.0872006
-0.0823783
-0.0602300
-0.0413003
-0.0407170
-0.0509085
-0.0537512
-0.0454756
-0.0413404
-0.0541358
-0.0752294
-0.0836724
-0.0722133
-0.0569941
-0.0586246
-0.0784458
-0.0987116
-0.1044383
-0.0986949
-0.0940134
-0.0939225
-0.0897169
-0.0759951
-0.0632300
-0.0688370
-0.0955947
-0.1236609
-0.1279754
-0.1033180
-0.0695922
-0.0514846
-0.0545064
-0.0621861
-0.0551631
-0.0301715
0.0001327
0.0226687
0.0352557
0.0424382
0.0445591
0.0358560
0.0137670
-0.0140220
-0.0354426
-0.0463184
-0.0539651
-0.0680807
-0.0904272
-0.1148156
-0.1350259
-0.1498183
-0.1608215
-0.1692004
-0.1762068
-0.1844107
-0.1950641
-0.2049870
-0.2095847
-0.2094457
-0.2099908
-0.2124181
-0.2096289
-0.1972619
-0.1864791
-0.1954787
-0.2230156
-0.2391512
-0.2160780
-0.1692773
-0.1537501
-0.2069793
-0.3006903
-0.3638266
-0.3552342
-0.2963864
-0.2175237
-0.0837877
0.1912768
0.6354225
1.1295387
1.4579249
1.4678758
1.1854257
0.7771741
0.4087048
0.1444696
-0.0345024
-0.1537019
-0.2103400
-0.2028492
-0.1622382
-0.1346590
-0.1395407
-0.1593573
-0.1705907
-0.1719573
-0.1765116
-0.1866365
-0.1902889
-0.1813678
-0.1715354
-0.1747923
-0.1867295
-0.1889959
-0.1744581
-0.1589382
-0.1622738
-0.1823067
-0.1957011
-0.1853932
-0.1604394
-0.1439310
-0.1450825
-0.1505221
-0.1441118
-0.1284559
-0.1205678
-0.1282410
-0.1381849
-0.1314622
-0.1069260
-0.0833112
-0.0773323
-0.0847079
-0.0868442
-0.0739247
-0.0555596
-0.0467500
-0.0479321
-0.0442992
-0.0245245
0.0050197
0.0277151
0.0355140
0.0357215
0.0388939
0.0448494
0.0448567
0.0362232
0.0292873
0.0366452
0.0573453
0.0756436
0.0764022
0.0595308
0.0379624
0.0235390
0.0177347
0.0155412
0.0142207
0.0150950
0.0182295
0.0195704
0.0152551
0.0065171
-0.0025908
-0.0117020
-0.0248423
-0.0430679
-0.0593510
-0.0649425
-0.0610278
-0.0601160
-0.0728615
-0.0952113
-0.1125462
-0.1173228
-0.1189638
-0.1327592
-0.1601258
-0.1843945
-0.1885548
-0.1746692
-0.1617988
-0.1645902
-0.1777343
-0.1841967
-0.1764688
-0.1650874
-0.1649795
-0.1770611
-0.1872592
-0.1832066
-0.1679682
-0.1551694
-0.1530482
-0.1571459
-0.1587715
-0.1564755
-0.1557678
-0.1591508
-0.1611558
-0.1553704
-0.1437672
-0.1355467
-0.1367866
-0.1442171
-0.1506657
-0.1543641
-0.1598370
-0.1698942
-0.1801611
-0.1838154
-0.1801321
-0.1751016
-0.1729784
-0.1699934
-0.1590423
-0.1399679
-0.1225259
-0.1178222
-0.1276572
-0.1430312
-0.1520058
-0.1476355
-0.1293144
-0.1000441
-0.0653359
-0.0339346
-0.0155383
-0.0140631
-0.0225962
-0.0273287
-0.0192714
-0.0033173
0.0049509
-0.0069865
-0.0368986
-0.0700599
-0.0942654
-0.1127936
-0.1407100
-0.1864145
-0.2377624
-0.2701284
-0.2706787
-0.2528343
-0.2430424
-0.2530793
-0.2695269
-0.2729777
-0.2632397
-0.2585374
-0.2696601
-0.2836570
-0.2804514
-0.2611227
-0.2479271
-0.2529442
-0.2584246
-0.2414103
-0.2143247
-0.2225714
-0.2901381
-0.3775986
-0.4130953
-0.3672915
-0.2781802
-0.1853119
-0.0515671
0.2161956
0.6466851
1.1145214
1.3998420
1.3584075
1.0372341
0.6233631
0.2864188
0.0740016
-0.0585570
-0.1525771
-0.2026390
-0.1949504
-0.1545037
-0.1323985
-0.1525306
-0.1887658
-0.2005231
-0.1807094
-0.1591347
-0.1630368
-0.1861289
-0.2007884
-0.1931347
-0.1770893
-0.1740714
-0.1865431
-0.1968118
-0.1893589
-0.1684756
-0.1519835
-0.1510043
-0.1597319
-0.1647463
-0.1605710
-0.1533142
-0.1503006
-0.1499503
-0.1441507
-0.1291174
-0.1105758
-0.0968826
-0.0891625
-0.0811395
-0.0685876
-0.0555533
-0.0484890
-0.0456228
-0.0363011
-0.0130461
0.0178669
0.0412944
0.0490869
0.0483780
0.0523469
0.0648307
0.0776490
0.0834417
0.0871385
0.1007653
0.1274634
0.1548510
0.1670374
0.1617523
0.1523524
0.1523211
0.1606104
0.1647416
0.1570905
0.1444226
0.1396729
0.1465570
0.1555321
0.1550950
0.1440993
0.1308771
0.1220155
0.1156579
0.1068444
0.0963172
0.0903244
0.0915885
0.0937123
0.0870423
0.0691382
0.0469409
0.0282474
0.0134612
-0.0023531
-0.0206952
-0.0361780
-0.0430475
-0.0430373
-0.0440535
-0.0510123
-0.0603754
-0.0653970
-0.0654604
-0.0673881
-0.0764431
-0.0879478
-0.0905465
-0.0784326
-0.0586549
-0.0446588
-0.0429496
-0.0477408
-0.0491645
-0.0448905
-0.0413416
-0.0434817
-0.0462620
-0.0391602
-0.0193359
0.0023419
0.0106865
0.0013405
-0.0151202
-0.0244648
-0.0224991
-0.0164848
-0.0147280
-0.0178510
-0.0210329
-0.0219000
-0.0228651
-0.0259659
-0.0288553
-0.0279169
-0.0231004
-0.0161546
-0.0045526
0.0179387
0.0510448
0.0809481
0.0899543
0.0764955
0.0621410
0.0728119
0.1112616
0.1517876
0.1659914
0.1529280
0.1398726
0.1519047
0.1839906
0.2067261
0.1985645
0.1675684
0.1388537
0.1238511
0.1075017
0.0674126
0.0019764
-0.0647616
-0.1063045
-0.1186435
-0.1204097
-0.1303742
-0.1484107
-0.1597954
-0.1555780
-0.1446857
-0.1440769
-0.1585864
-0.1740491
-0.1727112
-0.1542290
-0.1373691
-0.1383364
-0.1502766
-0.1506131
-0.1310513
-0.1141283
-0.1310148
-0.1819390
-0.2278974
-0.2296570
-0.1894222
-0.1383090
-0.0756929
0.0641587
0.3582793
0.7924311
1.2203348
1.4475361
1.3752561
1.0712175
0.7043777
0.4136337
0.2333987
0.1238120
0.0449982
-0.0089053
-0.0319601
-0.0351375
-0.0408285
-0.0575396
-0.0732982
-0.0756450
-0.0695877
-0.0706589
-0.0847996
-0.1017939
-0.1083079
-0.1019456
-0.0903898
-0.0808428
-0.0745171
-0.0700296
-0.0673982
-0.0669242
-0.0668904
-0.0650524
-0.0614470
-0.0573362
-0.0517219
-0.0417984
-0.0280234
-0.0161417
-0.0112417
-0.0107079
-0.0066785
0.0033409
0.0116233
0.0096085
0.0012950
0.0027371
0.0252847
0.0610784
0.0888853
0.0952950
0.0878059
0.0852576
0.0972569
0.1162899
0.1299137
0.1363745
0.1446884
0.1610845
0.1803450
0.1925690
0.1953336
0.1952925
0.1983877
0.2027704
0.2036046
0.2018605
0.2037407
0.2110366
0.2165165
0.2125040
0.2020939
0.1967844
0.2014206
0.2056611
0.1950743
0.1700107
0.1484382
0.1470955
0.1622858
0.1733712
0.1652103
0.1430389
0.1229118
0.1110232
0.0982579
0.0758622
0.0504290
0.0373117
0.0402317
0.0439595
0.0310452
0.0025994
-0.0228969
-0.0315998
-0.0299501
-0.0348701
-0.0512981
-0.0654050
-0.0618515
-0.0433651
-0.0283912
-0.0301531
-0.0430280
-0.0518691
-0.0509943
-0.0488996
-0.0544126
-0.0634431
-0.0633134
-0.0485619
-0.0282765
-0.0166004
-0.0186361
-0.0278464
-0.0355270
-0.0391802
-0.0410079
-0.0418520
-0.0401736
-0.0361830
-0.0333690
-0.0346218
-0.0391414
-0.0449826
-0.0526829
-0.0632464
-0.0730434
-0.0746199
-0.0646328
-0.0483761
-0.0330899
-0.0181625
0.0029587
0.0294875
0.0475213
0.0446745
0.0304356
0.0341541
0.0762032
0.1429672
0.1968597
0.2130255
0.2018083
0.1921425
0.1972089
0.2032018
0.1916625
0.1646812
0.1412424
0.1310236
0.1197951
0.0845801
0.0195886
-0.0573766
-0.1227325
-0.1663657
-0.1928420
-0.2094612
-0.2183386
-0.2188855
-0.2129657
-0.2054589
-0.2015231
-0.2041075
-0.2119019
-0.2185771
-0.2172415
-0.2090907
-0.2051412
-0.2129883
-0.2212790
-0.2066237
-0.1649506
-0.1314512
-0.1535857
-0.2354315
-0.3184655
-0.3333974
-0.2708397
-0.1821455
-0.0978145
0.0395482
0.3281349
0.7747899
1.2238594
1.4487876
1.3353123
0.9763079
0.5839052
0.3130491
0.1716297
0.0823702
-0.0026102
-0.0657508
-0.0809763
-0.0682923
-0.0741577
-0.1127686
-0.1505287
-0.1522194
-0.1259832
-0.1104169
-0.1249584
-0.1491315
-0.1536818
-0.1387587
-0.1297404
-0.1403656
-0.1542430
-0.1477004
-0.1213985
-0.0991705
-0.0978218
-0.1083145
-0.1106660
-0.1001369
-0.0903784
-0.0921450
-0.0977039
-0.0910280
-0.0688559
-0.0448557
-0.0329798
-0.0326013
-0.0329421
-0.0277754
-0.0202738
-0.0143542
-0.0072338
0.0064289
0.0261566
0.0454728
0.0596065
0.0700338
0.0805155
0.0915144
0.1009167
0.1087021
0.1175455
0.1283865
0.1385047
0.1459998
0.1537986
0.1654728
0.1774419
0.1798949
0.1684293
0.1523547
0.1469886
0.1569706
0.1705554
0.1727577
0.1620384
0.1503089
0.1466014
0.1455272
0.1358415
0.1181961
0.1077990
0.1160461
0.1333856
0.1367834
0.1152650
0.0830197
0.0631336
0.0607878
0.0582759
0.0379148
0.0048169
-0.0183833
-0.0183745
-0.0067897
-0.0059978
-0.0233129
-0.0452431
-0.0570281
-0.0609665
-0.0703875
-0.0888839
-0.1031710
-0.0991165
-0.0800181
-0.0637440
-0.0627131
-0.0717838
-0.0777504
-0.0764664
-0.0754277
-0.0802193
-0.0845711
-0.0779823
-0.0605889
-0.0450766
-0.0427943
-0.0518393
-0.0614208
-0.0652430
-0.0664010
-0.0695199
-0.0729356
-0.0718347
-0.0668140
-0.0647135
-0.0698469
-0.0777779
-0.0808472
-0.0784799
-0.0782471
-0.0859026
-0.0974726
-0.1033328
-0.0978526
-0.0819707
-0.0580436
-0.0277286
0.0028842
0.0211286
0.0180387
0.0025449
0.0003150
0.0323280
0.0932253
0.1537928
0.1870862
0.1912462
0.1855916
0.1865998
0.1915101
0.1857240
0.1620197
0.1285993
0.0987848
0.0758381
0.0492207
0.0049536
-0.0603595
-0.1339532
-0.1943407
-0.2265927
-0.2337525
-0.2338595
-0.2430717
-0.2596987
-0.2665868
-0.2519859
-0.2265651
-0.2145732
-0.2263655
-0.2451638
-0.2470622
-0.2313690
-0.2215476
-0.2326224
-0.2471550
-0.2357274
-0.2002462
-0.1821492
-0.2164977
-0.2845775
-0.3280056
-0.3127329
-0.2614927
-0.2053385
-0.1112626
0.1102016
0.5000438
0.9580893
1.2811115
1.3152765
1.0773245
0.7265638
0.4245930
0.2268654
0.0967337
-0.0068196
-0.0794246
-0.1008977
-0.0840434
-0.0723376
-0.0933787
-0.1317152
-0.1538169
-0.1497945
-0.1403845
-0.1464591
-0.1634164
-0.1704044
-0.1581306
-0.1393079
-0.1316899
-0.1374486
-0.1434590
-0.1390451
-0.1280664
-0.1223456
-0.1266749
-0.1332382
-0.1299920
-0.1124839
-0.0876015
-0.0674466
-0.0598510
-0.0632653
-0.0694018
-0.0706359
-0.0652604
-0.0561894
-0.0457851
-0.0333521
-0.0178694
-0.0016004
0.0109700
0.0182252
0.0239576
0.0331555
0.0456173
0.0559931
0.0612639
0.0660661
0.0777025
0.0962844
0.1132777
0.1215340
0.1241433
0.1298943
0.1405668
0.1470384
0.1408265
0.1273038
0.1226049
0.1354226
0.1549598
0.1612198
0.1472703
0.1271787
0.1194381
0.1255134
0.1294129
0.1184402
0.0994501
0.0908672
0.1003668
0.1150407
0.1155552
0.0975120
0.0753158
0.0647624
0.0652001
0.0617258
0.0437297
0.0174639
-0.0013090
-0.0048177
-0.0008000
-0.0030605
-0.0170633
-0.0360071
-0.0496671
-0.0548334
-0.0563062
-0.0591754
-0.0625950
-0.0620855
-0.0562925
-0.0492072
-0.0456799
-0.0467344
-0.0502655
-0.0546670
-0.0594968
-0.0626717
-0.0597215
-0.0484767
-0.0343133
-0.0276564
-0.0334358
-0.0438371
-0.0452639
-0.0343568
-0.0242278
-0.0306442
-0.0521674
-0.0685524
-0.0621986
-0.0392842
-0.0250213
-0.0364089
-0.0631249
-0.0794711
-0.0742390
-0.0629988
-0.0674239
-0.0868243
-0.0978925
-0.0838724
-0.0563667
-0.0411494
-0.0451300
-0.0469118
-0.0245707
0.0135075
0.0351572
0.0236797
0.0031185
0.0165640
0.0796094
0.1617557
0.2169289
0.2279346
0.2160902
0.2104847
0.2165032
0.2176725
0.2015343
0.1748559
0.1523535
0.1367012
0.1146737
0.0717654
0.0068867
-0.0673082
-0.1345626
-0.1834844
-0.2099941
-0.2174285
-0.2153074
-0.2137228
-0.2157458
-0.2168009
-0.2132564
-0.2090559
-0.2102760
-0.2148901
-0.2138408
-0.2041084
-0.1950103
-0.1955564
-0.1983537
-0.1858461
-0.1573071
-0.1418846
-0.1724339
-0.2443091
-0.3108895
-0.3284236
-0.2975960
-0.2447181
-0.1600612
0.0236798
0.3647621
0.8164485
1.2132117
1.3760572
1.2473530
0.9281600
0.5870030
0.3339491
0.1746320
0.0630175
-0.0263434
-0.0830417
-0.0973011
-0.0875890
-0.0853332
-0.1025771
-0.1246077
-0.1325140
-0.1249279
-0.1152616
-0.1135417
-0.1172749
-0.1195184
-0.1198698
-0.1234940
-0.1315112
-0.1372104
-0.1333422
-0.1206880
-0.1072421
-0.0997268
-0.0976892
-0.0960202
-0.0918800
-0.0878632
-0.0878308
-0.0901686
-0.0870378
-0.0721666
-0.0489884
-0.0287067
-0.0191570
-0.0171629
-0.0135682
-0.0046333
0.0044644
0.0082327
0.0100890
0.0193283
0.0385783
0.0580872
0.0661364
0.0638533
0.0648373
0.0783223
0.0969316
0.1057242
0.1017995
0.0991887
0.1121290
0.1373931
0.1574662
0.1602390
0.1510533
0.1435231
0.1422325
0.1396018
0.1298151
0.1198932
0.1218492
0.1358407
0.1475433
0.1447355
0.1322288
0.1257628
0.1325118
0.1426839
0.1421176
0.1296248
0.1179456
0.1180355
0.1263010
0.1296274
0.1207623
0.1048811
0.0908861
0.0805400
0.0692646
0.0552076
0.0429324
0.0376326
0.0390625
0.0426389
0.0439850
0.0403849
0.0300982
0.0141537
-0.0009004
-0.0058300
0.0024624
0.0158402
0.0218911
0.0168610
0.0089847
0.0072220
0.0098234
0.0085467
0.0029500
0.0037872
0.0187931
0.0398782
0.0508442
0.0470268
0.0408355
0.0450722
0.0555859
0.0562780
0.0403810
0.0203913
0.0134330
0.0207958
0.0280349
0.0246453
0.0161879
0.0128018
0.0116558
-0.0000405
-0.0241854
-0.0428070
-0.0364532
-0.0081693
0.0184234
0.0264774
0.0254833
0.0383094
0.0708688
0.1019895
0.1077228
0.0922044
0.0874701
0.1205401
0.1848333
0.2475351
0.2824964
0.2912284
0.2925226
0.2981717
0.3037060
0.3004072
0.2893563
0.2793278
0.2729499
0.2603270
0.2287418
0.1760340
0.1115997
0.0464152
-0.0131987
-0.0621717
-0.0935242
-0.1036583
-0.0988922
-0.0918905
-0.0907441
-0.0943981
-0.0992416
-0.1058686
-0.1156301
-0.1232639
-0.1199844
-0.1064783
-0.0967516
-0.1018429
-0.1122660
-0.1074255
-0.0868710
-0.0820325
-0.1239867
-0.2010066
-0.2619682
-0.2683949
-0.2314815
-0.1816390
-0.1031544
0.0785032
0.4211170
0.8729479
1.2692745
1.4392749
1.3287192
1.0269307
0.6842728
0.4074373
0.2202156
0.0963251
0.0084378
-0.0519807
-0.0834159
-0.0880141
-0.0761653
-0.0626392
-0.0591533
-0.0680403
-0.0822184
-0.0930860
-0.0993176
-0.1063616
-0.1165668
-0.1229991
-0.1172212
-0.1023908
-0.0929301
-0.0982226
-0.1107743
-0.1155247
-0.1087856
-0.1016433
-0.1037054
-0.1096206
-0.1061726
-0.0896984
-0.0708971
-0.0619180
-0.0631882
-0.0658335
-0.0642853
-0.0614691
-0.0609075
-0.0588839
-0.0491622
-0.0335121
-0.0216249
-0.0190778
-0.0201174
-0.0157503
-0.0056226
0.0031512
0.0080594
0.0164853
0.0361541
0.0632516
0.0843577
0.0907838
0.0878841
0.0876838
0.0941084
0.0998701
0.0988457
0.0964556
0.1026769
0.1166642
0.1249026
0.1170662
0.0993104
0.0874930
0.0888835
0.0952568
0.0950049
0.0878224
0.0830596
0.0845528
0.0831127
0.0685288
0.0461704
0.0344603
0.0434798
0.0614507
0.0674567
0.0547997
0.0357714
0.0237117
0.0171800
0.0056642
-0.0135052
-0.0308002
-0.0378021
-0.0391525
-0.0463498
-0.0616833
-0.0747641
-0.0771715
-0.0748634
-0.0800842
-0.0934849
-0.1019415
-0.0956652
-0.0808246
-0.0708107
-0.0697085
-0.0709876
-0.0708446
-0.0747534
-0.0870336
-0.0991987
-0.0962903
-0.0758224
-0.0544043
-0.0506660
-0.0644045
-0.0788863
-0.0834125
-0.0855448
-0.0965500
-0.1115850
-0.1139675
-0.0985432
-0.0815044
-0.0823001
-0.1012222
-0.1214259
-0.1311687
-0.1363333
-0.1478146
-0.1624800
-0.1649962
-0.1491611
-0.1291166
-0.1225568
-0.1267975
-0.1212561
-0.0955491
-0.0661333
-0.0574186
-0.0698941
-0.0757470
-0.0483980
0.0088107
0.0671124
0.1024951
0.1160781
0.1240402
0.1337536
0.1371649
0.1273441
0.1126559
0.1071166
0.1094978
0.1003929
0.0626800
0.0000510
-0.0680403
-0.1262551
-0.1735222
-0.2147795
-0.2488821
-0.2690761
-0.2737016
-0.2708041
-0.2692661
-0.2690331
-0.2653333
-0.2607487
-0.2651474
-0.2808553
-0.2953040
-0.2954534
-0.2852563
-0.2793584
-0.2797876
-0.2705539
-0.2434292
-0.2219577
-0.2445364
-0.3174279
-0.3945139
-0.4171665
-0.3726127
-0.2957875
-0.2036292
-0.0438277
0.2609810
0.7042952
1.1446393
1.3861304
1.3235739
1.0143426
0.6173076
0.2714329
0.0285343
-0.1232604
-0.2043934
-0.2255426
-0.2067138
-0.1850650
-0.1895784
-0.2158821
-0.2376803
-0.2410540
-0.2378693
-0.2448134
-0.2594110
-0.2639253
-0.2492681
-0.2273687
-0.2174921
-0.2240233
-0.2324282
-0.2278966
-0.2137745
-0.2069245
-0.2158174
-0.2289838
-0.2280109
-0.2085022
-0.1842799
-0.1719796
-0.1747390
-0.1815623
-0.1808562
-0.1727147
-0.1664740
-0.1664651
-0.1639544
-0.1471728
-0.1176609
-0.0909041
-0.0791319
-0.0780037
-0.0735651
-0.0596028
-0.0438253
-0.0365155
-0.0360445
-0.0287995
-0.0047919
0.0286724
0.0529497
0.0585094
0.0550397
0.0580882
0.0697240
0.0782553
0.0757647
0.0693925
0.0726810
0.0890457
0.1070336
0.1119548
0.1008911
0.0849412
0.0762381
0.0749743
0.0723486
0.0647325
0.0589349
0.0614944
0.0681511
0.0684884
0.0583804
0.0435370
0.0316779
0.0247216
0.0191101
0.0116716
0.0035104
-0.0026209
-0.0080540
-0.0182078
-0.0349487
-0.0523025
-0.0639574
-0.0724492
-0.0848333
-0.0999505
-0.1070367
-0.0994963
-0.0850485
-0.0783107
-0.0852888
-0.0980541
-0.1044452
-0.1012834
-0.0963843
-0.0966974
-0.0971459
-0.0865606
-0.0650044
-0.0479431
-0.0484739
-0.0606506
-0.0669456
-0.0594079
-0.0466945
-0.0408078
-0.0430139
-0.0448385
-0.0397439
-0.0310807
-0.0278554
-0.0332821
-0.0404245
-0.0417227
-0.0394859
-0.0410934
-0.0457997
-0.0447992
-0.0357469
-0.0288498
-0.0342139
-0.0489014
-0.0609437
-0.0618730
-0.0509636
-0.0302715
-0.0008674
0.0345344
0.0666695
0.0814895
0.0735041
0.0591996
0.0686298
0.1152918
0.1785682
0.2245817
0.2415929
0.2458600
0.2546820
0.2648885
0.2611871
0.2383112
0.2090913
0.1906124
0.1834129
0.1670837
0.1214830
0.0514947
-0.0171657
-0.0673747
-0.1048519
-0.1395070
-0.1661514
-0.1740048
-0.1660487
-0.1568388
-0.1552970
-0.1589217
-0.1623393
-0.1644147
-0.1677783
-0.1743917
-0.1807135
-0.1796036
-0.1713454
-0.1665589
-0.1689538
-0.1649654
-0.1486888
-0.1483519
-0.1983622
-0.2819338
-0.3320280
-0.3027909
-0.2141677
-0.1040035
0.0470752
0.3117832
0.7222425
1.1783208
1.4631865
1.3909097
0.9792087
0.4681268
