-0.0048417
-0.0069392
-0.1081890
-0.1805670
-0.1862333
-0.1813159
-0.1933898
-0.1995788
-0.2012531
-0.2250748
-0.2571529
-0.2555818
-0.2265203
-0.2190172
-0.2427910
-0.2527646
-0.2234516
-0.1892889
-0.1992366
-0.2630578
-0.3458609
-0.3936522
-0.3724321
-0.3015835
-0.2282210
-0.1429816
0.0481665
0.4190053
0.8959444
1.2768310
1.3875836
1.2102218
0.8723137
0.5375295
0.2990767
0.1487570
0.0323068
-0.0725617
-0.1425879
-0.1633307
-0.1628603
-0.1764053
-0.2031059
-0.2191343
-0.2168996
-0.2105566
-0.2127448
-0.2226313
-0.2317090
-0.2316333
-0.2213158
-0.2100931
-0.2066701
-0.2056569
-0.1967779
-0.1854093
-0.1873320
-0.2018844
-0.2077387
-0.1900915
-0.1579255
-0.1297950
-0.1145315
-0.1098393
-0.1096846
-0.1092742
-0.1085732
-0.1101259
-0.1089537
-0.0919213
-0.0566028
-0.0230785
-0.0136477
-0.0251125
-0.0337156
-0.0244818
-0.0039032
0.0145029
0.0262853
0.0371982
0.0549612
0.0800021
0.1024324
0.1121234
0.1122463
0.1147269
0.1210506
0.1194684
0.1062535
0.0973860
0.1097522
0.1387752
0.1635211
0.1687591
0.1553542
0.1336085
0.1128251
0.0959555
0.0817073
0.0716284
0.0708498
0.0767986
0.0730226
0.0451053
0.0009464
-0.0359233
-0.0538112
-0.0637370
-0.0815943
-0.1088981
-0.1344958
-0.1486468
-0.1517527
-0.1520522
-0.1559577
-0.1604637
-0.1584617
-0.1523147
-0.1543635
-0.1687496
-0.1804582
-0.1714134
-0.1435545
-0.1177493
-0.1116506
-0.1246203
-0.1423902
-0.1508920
-0.1462519
-0.1348754
-0.1240326
-0.1135624
-0.1007787
-0.0914582
-0.0967979
-0.1167296
-0.1345762
-0.1340767
-0.1173468
-0.1015875
-0.1005392
-0.1112241
-0.1166338
-0.1015282
-0.0689172
-0.0397770
-0.0318940
-0.0402066
-0.0428150
-0.0240674
0.0145324
0.0632351
0.1137043
0.1582101
0.1881190
0.1992764
0.1967508
0.1910382
0.1889522
0.1877077
0.1782889
0.1566231
0.1298349
0.1056765
0.0760751
0.0210305
-0.0651661
-0.1582420
-0.2220033
-0.2396333
-0.2235354
-0.1999378
-0.1902437
-0.2024550
-0.2302124
-0.2574611
-0.2693562
-0.2628971
-0.2471790
-0.2325389
-0.2199308
-0.2036331
-0.1872567
-0.1928012
-0.2414347
-0.3195948
-0.3766104
-0.3707319
-0.3103582
-0.2278832
-0.1098452
0.1194798
0.5151082
1.0087801
1.4102480
1.5356244
1.3500247
0.9893011
0.6427483
0.4130207
0.2799324
0.1755654
0.0685080
-0.0257915
-0.0884454
-0.1242041
-0.1484958
-0.1674508
-0.1784348
-0.1815151
-0.1827774
-0.1884195
-0.1994760
-0.2117468
-0.2186861
-0.2145026
-0.1973593
-0.1730200
-0.1548324
-0.1539700
-0.1654112
-0.1687530
-0.1506209
-0.1235655
-0.1130657
-0.1252290
-0.1375895
-0.1266023
-0.0962709
-0.0719320
-0.0694120
-0.0783891
-0.0774737
-0.0603038
-0.0417471
-0.0381163
-0.0459062
-0.0452763
-0.0235834
0.0112955
0.0431622
0.0655817
0.0818180
0.0925218
0.0934462
0.0859806
0.0824541
0.0965941
0.1298961
0.1684436
0.1930637
0.1943831
0.1800870
0.1671480
0.1663051
0.1749308
0.1840663
0.1886920
0.1899288
0.1905125
0.1903979
0.1855341
0.1709617
0.1476758
0.1257694
0.1160256
0.1168514
0.1136088
0.0936033
0.0594822
0.0258469
0.0042873
-0.0066826
-0.0178681
-0.0367848
-0.0592808
-0.0748470
-0.0798459
-0.0815831
-0.0872442
-0.0937551
-0.0942636
-0.0916880
-0.0976823
-0.1162542
-0.1344374
-0.1342933
-0.1132369
-0.0888342
-0.0812217
-0.0913828
-0.1001378
-0.0910144
-0.0707247
-0.0608484
-0.0699602
-0.0823378
-0.0783035
-0.0591195
-0.0444911
-0.0480312
-0.0626175
-0.0712355
-0.0669581
-0.0583596
-0.0568319
-0.0628330
-0.0668734
-0.0613843
-0.0464302
-0.0236438
0.0076330
0.0422220
0.0632812
0.0564523
0.0320438
0.0238684
0.0584496
0.1270777
0.1927979
0.2250778
0.2254103
0.2191444
0.2252989
0.2377897
0.2369952
0.2157191
0.1877926
0.1702036
0.1622785
0.1464955
0.1071064
0.0445666
-0.0257910
-0.0849376
-0.1212513
-0.1358014
-0.1394628
-0.1441681
-0.1554217
-0.1710596
-0.1847202
-0.1908520
-0.1894624
-0.1866029
-0.1870648
-0.1859259
-0.1721410
-0.1445698
-0.1217914
-0.1296987
-0.1760285
-0.2387549
-0.2829717
-0.2891680
-0.2586201
-0.1844546
-0.0238478
0.2783972
0.7171452
1.1785265
1.4865678
1.5226626
1.3116542
0.9933937
0.7095189
0.5123575
0.3692539
0.2354071
0.1089516
0.0184484
-0.0249625
-0.0456986
-0.0743716
-0.1140703
-0.1441562
-0.1508134
-0.1433019
-0.1399456
-0.1464164
-0.1525612
-0.1476847
-0.1341928
-0.1246392
-0.1269945
-0.1356231
-0.1380350
-0.1285606
-0.1127984
-0.0997465
-0.0931323
-0.0907826
-0.0889024
-0.0848488
-0.0772845
-0.0654509
-0.0488423
-0.0288429
-0.0116486
-0.0068084
-0.0182450
-0.0362749
-0.0426858
-0.0266484
0.0052889
0.0362241
0.0550928
0.0649146
0.0754814
0.0897959
0.1005985
0.1018469
0.1005036
0.1110412
0.1371411
0.1647169
0.1776066
0.1766333
0.1772933
0.1896521
0.2067846
0.2153196
0.2128238
0.2096651
0.2140231
0.2201133
0.2154828
0.1984342
0.1821297
0.1784146
0.1822991
0.1784080
0.1606269
0.1379246
0.1197881
0.1035522
0.0809936
0.0523082
0.0261371
0.0064554
-0.0133393
-0.0394069
-0.0646445
-0.0738523
-0.0634508
-0.0503739
-0.0551089
-0.0775448
-0.0971793
-0.0992468
-0.0928548
-0.0967438
-0.1123159
-0.1210101
-0.1093295
-0.0873384
-0.0762059
-0.0818850
-0.0893357
-0.0842035
-0.0733576
-0.0767986
-0.0999595
-0.1220950
-0.1180121
-0.0877920
-0.0574760
-0.0500444
-0.0629822
-0.0776553
-0.0838929
-0.0874088
-0.0948735
-0.1008609
-0.0948845
-0.0776101
-0.0624816
-0.0582878
-0.0551660
-0.0356234
-0.0002736
0.0258020
0.0202072
-0.0058259
-0.0128410
0.0265510
0.0972686
0.1562110
0.1755013
0.1672325
0.1650123
0.1854829
0.2127624
0.2205228
0.2032165
0.1795023
0.1665098
0.1587760
0.1368818
0.0919837
0.0350418
-0.0173725
-0.0597001
-0.0966483
-0.1298917
-0.1519464
-0.1559046
-0.1479383
-0.1440000
-0.1518407
-0.1613352
-0.1587317
-0.1479593
-0.1480576
-0.1657172
-0.1796822
-0.1643736
-0.1284403
-0.1164859
-0.1616439
-0.2407156
-0.2904094
-0.2731760
-0.2129639
-0.1473194
-0.0476622
0.1822876
0.5991089
1.1113015
1.5048992
1.6018712
1.4003949
1.0592100
0.7514416
0.5405466
0.3865613
0.2409723
0.1089320
0.0235617
-0.0103430
-0.0245136
-0.0467072
-0.0736663
-0.0896551
-0.0953155
-0.1042345
-0.1183079
-0.1231072
-0.1104430
-0.0931890
-0.0893316
-0.0976310
-0.0996797
-0.0861171
-0.0707666
-0.0722883
-0.0873799
-0.0924558
-0.0733012
-0.0439515
-0.0295947
-0.0361856
-0.0462891
-0.0441238
-0.0345370
-0.0320765
-0.0379515
-0.0367744
-0.0164660
0.0151653
0.0378509
0.0408303
0.0335464
0.0341078
0.0505524
0.0759456
0.0992721
0.1160591
0.1278962
0.1371209
0.1460651
0.1584209
0.1758356
0.1931690
0.2020391
0.2015769
0.2025748
0.2164284
0.2392313
0.2508138
0.2345014
0.1985426
0.1731347
0.1813484
0.2142328
0.2397674
0.2371031
0.2166054
0.2029830
0.2036575
0.2012223
0.1775128
0.1380261
0.1065206
0.0971303
0.0985442
0.0890398
0.0625043
0.0327513
0.0129344
-0.0004977
-0.0182434
-0.0390063
-0.0496523
-0.0444527
-0.0350956
-0.0364603
-0.0477358
-0.0549052
-0.0508528
-0.0452868
-0.0507593
-0.0638515
-0.0679882
-0.0555931
-0.0400127
-0.0397021
-0.0545358
-0.0660304
-0.0615399
-0.0499178
-0.0481303
-0.0579625
-0.0642223
-0.0556111
-0.0399030
-0.0346011
-0.0464814
-0.0655152
-0.0784160
-0.0831129
-0.0869864
-0.0937450
-0.0970582
-0.0880851
-0.0658969
-0.0388060
-0.0182939
-0.0132694
-0.0253071
-0.0430306
-0.0427326
-0.0037403
0.0704123
0.1484470
0.1948521
0.1993589
0.1820914
0.1697460
0.1695729
0.1687376
0.1562044
0.1383935
0.1292266
0.1282145
0.1155872
0.0718341
-0.0011127
-0.0802331
-0.1400892
-0.1692575
-0.1729857
-0.1665601
-0.1663170
-0.1801084
-0.2008653
-0.2116309
-0.2031798
-0.1882069
-0.1919974
-0.2228479
-0.2550025
-0.2519509
-0.2118313
-0.1806250
-0.2072879
-0.2860788
-0.3568326
-0.3695977
-0.3370398
-0.3043004
-0.2658912
-0.1350772
0.1772924
0.6450754
1.1002688
1.3416259
1.2808824
0.9902951
0.6214236
0.2919609
0.0450367
-0.1161561
-0.1924242
-0.1952951
-0.1649317
-0.1531904
-0.1816875
-0.2262306
-0.2490625
-0.2412180
-0.2266896
-0.2291369
-0.2455875
-0.2564593
-0.2524580
-0.2420307
-0.2351608
-0.2308618
-0.2244875
-0.2192705
-0.2224572
-0.2323525
-0.2370433
-0.2279792
-0.2097889
-0.1932871
-0.1822044
-0.1720266
-0.1612374
-0.1569979
-0.1649050
-0.1764401
-0.1742293
-0.1521963
-0.1250185
-0.1123331
-0.1160577
-0.1195726
-0.1096981
-0.0929148
-0.0852154
-0.0893014
-0.0888169
-0.0675044
-0.0298968
0.0019949
0.0123916
0.0075268
0.0053349
0.0133961
0.0231314
0.0256793
0.0263882
0.0382037
0.0634731
0.0886581
0.0985740
0.0919203
0.0801217
0.0735195
0.0729296
0.0745606
0.0778756
0.0839106
0.0875732
0.0782245
0.0516104
0.0178424
-0.0076528
-0.0207614
-0.0317413
-0.0506924
-0.0745998
-0.0924956
-0.1009233
-0.1089542
-0.1266134
-0.1520935
-0.1738733
-0.1842440
-0.1866138
-0.1881237
-0.1890325
-0.1840949
-0.1734255
-0.1660083
-0.1691977
-0.1783183
-0.1815670
-0.1744891
-0.1648837
-0.1618984
-0.1640787
-0.1618950
-0.1508800
-0.1381047
-0.1339570
-0.1402200
-0.1495946
-0.1560020
-0.1605947
-0.1655210
-0.1664452
-0.1575501
-0.1432812
-0.1375283
-0.1461657
-0.1544538
-0.1397819
-0.0993173
-0.0595975
-0.0520489
-0.0779699
-0.1023442
-0.0866789
-0.0274577
0.0412576
0.0835151
0.0954441
0.1011292
0.1189806
0.1396835
0.1398570
0.1124644
0.0772622
0.0598502
0.0640343
0.0684072
0.0496475
0.0054787
-0.0473472
-0.0943536
-0.1365775
-0.1810024
-0.2234499
-0.2484055
-0.2475747
-0.2336698
-0.2300956
-0.2463254
-0.2677859
-0.2737190
-0.2626991
-0.2538787
-0.2605938
-0.2698580
-0.2579533
-0.2266580
-0.2125460
-0.2497429
-0.3259274
-0.3868371
-0.3892975
-0.3400937
-0.2688442
-0.1637134
0.0447087
0.4105661
0.8763617
1.2644695
1.3893335
1.1972948
0.8057064
0.4086743
0.1405008
0.0132627
-0.0403722
-0.0839816
-0.1336964
-0.1739855
-0.1940684
-0.2023394
-0.2133663
-0.2309641
-0.2463922
-0.2493727
-0.2383858
-0.2217151
-0.2103853
-0.2095815
-0.2155068
-0.2201758
-0.2191002
-0.2137156
-0.2069295
-0.1988186
-0.1883619
-0.1777167
-0.1715348
-0.1710161
-0.1705813
-0.1627401
-0.1465403
-0.1296987
-0.1210931
-0.1215143
-0.1229818
-0.1170409
-0.1022244
-0.0831465
-0.0647257
-0.0494550
-0.0386576
-0.0324205
-0.0270102
-0.0154153
0.0060316
0.0315839
0.0495610
0.0541491
0.0530146
0.0605796
0.0824002
0.1078188
0.1205940
0.1168055
0.1097423
0.1156717
0.1363435
0.1575143
0.1641646
0.1551583
0.1425190
0.1379319
0.1414026
0.1429277
0.1340316
0.1167510
0.1013958
0.0961551
0.0990045
0.0989393
0.0845989
0.0528796
0.0111630
-0.0282139
-0.0568732
-0.0752938
-0.0895057
-0.1033164
-0.1144631
-0.1187726
-0.1174826
-0.1189900
-0.1316232
-0.1536977
-0.1717097
-0.1709873
-0.1498670
-0.1225192
-0.1061574
-0.1056714
-0.1121400
-0.1156795
-0.1164287
-0.1206401
-0.1280304
-0.1280207
-0.1116718
-0.0855197
-0.0687094
-0.0737138
-0.0920158
-0.1025577
-0.0945176
-0.0784535
-0.0733207
-0.0851783
-0.1019418
-0.1081446
-0.1006244
-0.0875306
-0.0747746
-0.0585785
-0.0335661
-0.0052402
0.0109537
0.0060064
-0.0085315
-0.0063020
0.0312661
0.0967802
0.1606772
0.1939068
0.1897973
0.1669575
0.1517700
0.1563716
0.1714531
0.1790053
0.1707923
0.1532961
0.1352614
0.1135363
0.0747471
0.0119089
-0.0629509
-0.1256618
-0.1600341
-0.1699317
-0.1715972
-0.1770420
-0.1869560
-0.1965829
-0.2026374
-0.2037127
-0.1998883
-0.1961689
-0.2017405
-0.2182375
-0.2300177
-0.2169674
-0.1838727
-0.1692939
-0.2105625
-0.2963782
-0.3663140
-0.3683359
-0.3091985
-0.2290402
-0.1229145
0.0872570
0.4701902
0.9669859
1.3784614
1.5016057
1.2948324
0.9091923
0.5559892
0.3443275
0.2385009
0.1484799
0.0366770
-0.0650470
-0.1177685
-0.1277305
-0.1334800
-0.1585917
-0.1914432
-0.2082629
-0.2034687
-0.1923726
-0.1907286
-0.1993235
-0.2082198
-0.2101121
-0.2062065
-0.2014087
-0.1976895
-0.1929200
-0.1840337
-0.1699173
-0.1523704
-0.1358792
-0.1259298
-0.1253675
-0.1311756
-0.1354942
-0.1310063
-0.1160340
-0.0950213
-0.0748233
-0.0604967
-0.0533768
-0.0516545
-0.0521205
-0.0515375
-0.0469136
-0.0354305
-0.0155040
0.0110139
0.0379799
0.0580980
0.0688844
0.0757612
0.0874311
0.1065615
0.1258783
0.1357100
0.1355968
0.1358913
0.1462232
0.1644409
0.1799851
0.1873169
0.1915598
0.1987793
0.2046787
0.1988902
0.1811162
0.1671130
0.1729930
0.1946778
0.2087302
0.1961977
0.1620343
0.1271648
0.1040147
0.0860900
0.0624150
0.0350506
0.0157456
0.0076394
-0.0014142
-0.0236110
-0.0542291
-0.0762687
-0.0814827
-0.0805043
-0.0887656
-0.1065893
-0.1193071
-0.1167509
-0.1062828
-0.1027531
-0.1093587
-0.1145363
-0.1080929
-0.0949113
-0.0889009
-0.0957617
-0.1062906
-0.1072935
-0.0956533
-0.0795625
-0.0683170
-0.0645135
-0.0659849
-0.0711309
-0.0791981
-0.0868685
-0.0884251
-0.0808552
-0.0675902
-0.0564624
-0.0547303
-0.0654248
-0.0848451
-0.1007175
-0.0957429
-0.0604425
-0.0069768
0.0335420
0.0358964
0.0074541
-0.0131279
0.0099799
0.0747104
0.1424212
0.1758767
0.1739770
0.1668745
0.1795773
0.2061007
0.2209577
0.2104244
0.1857588
0.1657971
0.1534534
0.1348013
0.0989105
0.0515257
0.0062485
-0.0329056
-0.0735103
-0.1192186
-0.1589236
-0.1769717
-0.1724530
-0.1621587
-0.1618241
-0.1686467
-0.1676549
-0.1542632
-0.1433930
-0.1515577
-0.1739902
-0.1881037
-0.1821468
-0.1732220
-0.1887607
-0.2317812
-0.2739516
-0.2866554
-0.2685994
-0.2285100
-0.1410433
0.0597044
0.4183348
0.8813619
1.2939130
1.4928806
1.4193231
1.1493364
0.8227375
0.5441515
0.3417710
0.1965175
0.0880751
0.0100022
-0.0425042
-0.0809295
-0.1156400
-0.1471969
-0.1703547
-0.1836909
-0.1912429
-0.1964105
-0.1990089
-0.1989861
-0.1990614
-0.2013576
-0.2039695
-0.2038336
-0.2015431
-0.1998744
-0.1979921
-0.1914421
-0.1797289
-0.1700564
-0.1691966
-0.1730767
-0.1698040
-0.1547285
-0.1380186
-0.1328431
-0.1378572
-0.1369601
-0.1180840
-0.0880964
-0.0654353
-0.0600347
-0.0648567
-0.0668190
-0.0606686
-0.0491174
-0.0335992
-0.0116212
0.0158392
0.0399738
0.0519639
0.0537786
0.0568581
0.0692481
0.0874863
0.1034870
0.1167118
0.1348275
0.1613484
0.1864073
0.1939704
0.1790035
0.1555938
0.1462807
0.1625345
0.1948272
0.2207530
0.2230381
0.2018282
0.1720448
0.1495109
0.1381799
0.1290179
0.1106321
0.0811844
0.0499872
0.0273630
0.0135077
-0.0014972
-0.0261551
-0.0569706
-0.0808244
-0.0883504
-0.0840248
-0.0818992
-0.0914470
-0.1086459
-0.1213503
-0.1222449
-0.1151506
-0.1091677
-0.1089799
-0.1122042
-0.1143957
-0.1135542
-0.1094679
-0.1021318
-0.0938902
-0.0914776
-0.1009297
-0.1180472
-0.1272179
-0.1149404
-0.0855819
-0.0599644
-0.0552757
-0.0680992
-0.0807255
-0.0833030
-0.0843777
-0.0965566
-0.1158999
-0.1225424
-0.1034544
-0.0693729
-0.0438946
-0.0368905
-0.0342654
-0.0166692
0.0153692
0.0405669
0.0423314
0.0312440
0.0377537
0.0812587
0.1480182
0.2015792
0.2159042
0.1983300
0.1798245
0.1829432
0.2004956
0.2068427
0.1889299
0.1618563
0.1501788
0.1557430
0.1506552
0.1064572
0.0274647
-0.0505542
-0.0952803
-0.1061396
-0.1057433
-0.1102352
-0.1172608
-0.1217457
-0.1304367
-0.1511230
-0.1737358
-0.1766656
-0.1554548
-0.1333516
-0.1333263
-0.1470129
-0.1471147
-0.1315759
-0.1370573
-0.1936610
-0.2753673
-0.3171622
-0.2852004
-0.2074401
-0.1145958
0.0353085
0.3335228
0.7969032
1.2830118
1.5657463
1.5182332
1.2187706
0.8701554
0.6213174
0.4742039
0.3483397
0.2013902
0.0667814
-0.0095408
-0.0340051
-0.0527677
-0.0915183
-0.1305521
-0.1403790
-0.1239708
-0.1119663
-0.1238168
-0.1478172
-0.1611248
-0.1584385
-0.1531372
-0.1551506
-0.1579363
-0.1500947
-0.1334972
-0.1233608
-0.1305071
-0.1479464
-0.1573086
-0.1469674
-0.1220772
-0.0978883
-0.0856083
-0.0850430
-0.0884958
-0.0891319
-0.0851790
-0.0780497
-0.0690953
-0.0593454
-0.0507729
-0.0446841
-0.0378232
-0.0229826
0.0027723
0.0308982
0.0471007
0.0475925
0.0471606
0.0656896
0.1053106
0.1453115
0.1637328
0.1617125
0.1606234
0.1744648
0.1922590
0.1941693
0.1813289
0.1791680
0.2067959
0.2503806
0.2759461
0.2672821
0.2419927
0.2266443
0.2243466
0.2162437
0.1922743
0.1679443
0.1638880
0.1760849
0.1777018
0.1510089
0.1074317
0.0703716
0.0459058
0.0214019
-0.0085095
-0.0281123
-0.0210825
0.0021944
0.0104396
-0.0128690
-0.0485536
-0.0633777
-0.0485257
-0.0279903
-0.0279538
-0.0461093
-0.0574968
-0.0466015
-0.0250479
-0.0160238
-0.0282525
-0.0505739
-0.0681498
-0.0763175
-0.0777407
-0.0732346
-0.0615962
-0.0466417
-0.0379383
-0.0413922
-0.0516136
-0.0572525
-0.0540249
-0.0496868
-0.0545374
-0.0686064
-0.0807268
-0.0805296
-0.0694575
-0.0584719
-0.0553284
-0.0556281
-0.0477255
-0.0267593
-0.0024012
0.0101090
0.0082051
0.0091159
0.0344131
0.0856967
0.1386003
0.1648916
0.1606658
0.1494440
0.1558002
0.1787419
0.1948879
0.1870067
0.1636730
0.1468685
0.1436732
0.1374832
0.1090910
0.0602953
0.0106615
-0.0265169
-0.0569817
-0.0917334
-0.1274572
-0.1489157
-0.1503945
-0.1463658
-0.1549532
-0.1747062
-0.1862315
-0.1783256
-0.1641017
-0.1636799
-0.1753192
-0.1761110
-0.1561240
-0.1417828
-0.1716500
-0.2479082
-0.3240963
-0.3503976
-0.3244251
-0.2807859
-0.2243527
-0.0895923
0.2074183
0.6613382
1.1282033
1.4031244
1.3666559
1.0684989
0.6771268
0.3507610
0.1469403
0.0324588
-0.0452688
-0.1060626
-0.1414274
-0.1474333
-0.1398790
-0.1398907
-0.1545103
-0.1758242
-0.1950123
-0.2116760
-0.2292174
-0.2454892
-0.2517591
-0.2413497
-0.2179102
-0.1940482
-0.1815428
-0.1828690
-0.1915418
-0.1990539
-0.2004838
-0.1949679
-0.1839988
-0.1707844
-0.1595787
-0.1532832
-0.1514015
-0.1513506
-0.1516928
-0.1527266
-0.1534043
-0.1493294
-0.1362314
-0.1160405
-0.0975443
-0.0887247
-0.0885592
-0.0883020
-0.0811170
-0.0681573
-0.0540520
-0.0392811
-0.0205905
0.0018819
0.0223046
0.0360528
0.0462014
0.0597084
0.0775368
0.0919411
0.0953984
0.0904543
0.0879853
0.0956654
0.1104856
0.1234774
0.1292423
0.1284546
0.1230163
0.1132546
0.1008235
0.0904210
0.0853701
0.0830180
0.0776115
0.0673461
0.0554737
0.0436111
0.0270642
0.0000151
-0.0351812
-0.0671995
-0.0861887
-0.0936795
-0.1000628
-0.1129239
-0.1303855
-0.1459751
-0.1565086
-0.1628727
-0.1657682
-0.1649706
-0.1626181
-0.1630184
-0.1670833
-0.1695530
-0.1648134
-0.1546536
-0.1470952
-0.1466137
-0.1480580
-0.1427809
-0.1299090
-0.1184206
-0.1170879
-0.1250859
-0.1349042
-0.1422934
-0.1489229
-0.1551340
-0.1553011
-0.1443235
-0.1265446
-0.1135201
-0.1118867
-0.1161475
-0.1151144
-0.1039706
-0.0881721
-0.0761734
-0.0702858
-0.0647499
-0.0506819
-0.0221588
0.0194813
0.0636452
0.0941621
0.1011410
0.0925432
0.0898511
0.1064192
0.1309706
0.1384936
0.1189765
0.0892989
0.0715158
0.0631382
0.0376292
-0.0228709
-0.1017604
-0.1618231
-0.1834922
-0.1823725
-0.1868746
-0.2057006
-0.2242102
-0.2285807
-0.2226633
-0.2184578
-0.2197117
-0.2230188
-0.2292978
-0.2423135
-0.2553608
-0.2523280
-0.2311438
-0.2185875
-0.2466340
-0.3109885
-0.3658884
-0.3702883
-0.3299105
-0.2739125
-0.1873224
0.0077791
0.3724480
0.8455197
1.2393433
1.3673563
1.1893816
0.8341645
0.4836212
0.2389381
0.0891193
-0.0183609
-0.1036508
-0.1519578
-0.1589900
-0.1524238
-0.1639764
-0.1949685
-0.2209677
-0.2255726
-0.2184383
-0.2188787
-0.2311754
-0.2425872
-0.2415082
-0.2297381
-0.2160346
-0.2043025
-0.1933818
-0.1854071
-0.1865839
-0.1967327
-0.2034812
-0.1934755
-0.1688693
-0.1468799
-0.1408342
-0.1459269
-0.1471940
-0.1382354
-0.1263552
-0.1194416
-0.1142705
-0.1024492
-0.0848333
-0.0727825
-0.0724655
-0.0733092
-0.0589611
-0.0293571
-0.0046224
-0.0025103
-0.0159637
-0.0193751
0.0032262
0.0416696
0.0726406
0.0841475
0.0833147
0.0833287
0.0892091
0.0979191
0.1071469
0.1182556
0.1309890
0.1406430
0.1436728
0.1433285
0.1456356
0.1506044
0.1515802
0.1439380
0.1305548
0.1169761
0.1048903
0.0935776
0.0847195
0.0802815
0.0756130
0.0603019
0.0297713
-0.0063538
-0.0321485
-0.0423116
-0.0474964
-0.0605860
-0.0810528
-0.0976701
-0.1051466
-0.1107000
-0.1209712
-0.1290554
-0.1226590
-0.1035153
-0.0896232
-0.0944322
-0.1100637
-0.1178082
-0.1125567
-0.1084808
-0.1179298
-0.1316363
-0.1278024
-0.1000891
-0.0685602
-0.0582704
-0.0717901
-0.0897220
-0.0964141
-0.0961274
-0.1004769
-0.1078291
-0.1042346
-0.0836724
-0.0589214
-0.0480196
-0.0536042
-0.0605139
-0.0534741
-0.0332755
-0.0138096
-0.0055663
-0.0048570
0.0016018
0.0246838
0.0653671
0.1144108
0.1561056
0.1759001
0.1711413
0.1562111
0.1527105
0.1701703
0.1962227
0.2075668
0.1913262
0.1556516
0.1200033
0.0958959
0.0773170
0.0492579
0.0043010
-0.0499407
-0.0984493
-0.1314988
-0.1499459
-0.1611161
-0.1714922
-0.1816371
-0.1860065
-0.1790902
-0.1645075
-0.1568309
-0.1691724
-0.1959579
-0.2118913
-0.1956865
-0.1580086
-0.1399622
-0.1745607
-0.2480485
-0.3075392
-0.3125332
-0.2707035
-0.2092029
-0.1123551
0.0897144
0.4469426
0.9005703
1.2846394
1.4352229
1.3099817
1.0073926
0.6770025
0.4148504
0.2340675
0.1086112
0.0205409
-0.0349198
-0.0670998
-0.0920775
-0.1182685
-0.1420889
-0.1607295
-0.1799299
-0.2030400
-0.2188832
-0.2109131
-0.1800847
-0.1511082
-0.1493430
-0.1728231
-0.1932741
-0.1871559
-0.1612741
-0.1430048
-0.1475876
-0.1620407
-0.1634792
-0.1474685
-0.1320579
-0.1346185
-0.1504883
-0.1582170
-0.1444566
-0.1194325
-0.1049657
-0.1086578
-0.1146979
-0.1029172
-0.0736068
-0.0478810
-0.0429745
-0.0522710
-0.0532858
-0.0328987
-0.0001407
0.0264719
0.0401648
0.0506256
0.0684377
0.0902758
0.1042139
0.1077589
0.1135180
0.1332552
0.1606177
0.1760276
0.1691267
0.1518097
0.1464350
0.1628906
0.1895247
0.2062319
0.2043310
0.1923582
0.1836752
0.1817009
0.1792088
0.1696359
0.1545750
0.1393874
0.1253064
0.1088087
0.0872159
0.0620227
0.0365068
0.0119152
-0.0127029
-0.0369567
-0.0566748
-0.0670983
-0.0694570
-0.0723451
-0.0837334
-0.1018327
-0.1164542
-0.1200717
-0.1154526
-0.1112039
-0.1114905
-0.1123983
-0.1086485
-0.1019106
-0.0997489
-0.1054121
-0.1116027
-0.1087311
-0.0990565
-0.0966890
-0.1096055
-0.1257928
-0.1243743
-0.1012595
-0.0776923
-0.0786129
-0.1043001
-0.1284382
-0.1262415
-0.1013661
-0.0806014
-0.0821425
-0.0946394
-0.0916084
-0.0629997
-0.0259009
-0.0039099
-0.0023088
-0.0063720
0.0012224
0.0266089
0.0648932
0.1060305
0.1382596
0.1518680
0.1469817
0.1382565
0.1453204
0.1724646
0.1993707
0.1988672
0.1663628
0.1262006
0.1039814
0.0963045
0.0748356
0.0200267
-0.0557406
-0.1207261
-0.1542126
-0.1605021
-0.1570443
-0.1564626
-0.1619357
-0.1732355
-0.1890896
-0.2035516
-0.2079995
-0.2018676
-0.1962320
-0.1991945
-0.2010665
-0.1859709
-0.1612268
-0.1623083
-0.2152817
-0.2977372
-0.3516435
-0.3400740
-0.2788407
-0.1977039
-0.0748411
0.1654120
0.5657768
1.0457040
1.4184827
1.5216183
1.3411268
1.0102292
0.6915778
0.4638196
0.3089932
0.1811072
0.0657677
-0.0217618
-0.0731086
-0.1033694
-0.1326169
-0.1631994
-0.1824485
-0.1832705
-0.1741050
-0.1685383
-0.1721361
-0.1823139
-0.1951935
-0.2069032
-0.2111232
-0.2022460
-0.1825533
-0.1627628
-0.1533224
-0.1557870
-0.1627390
-0.1648190
-0.1576300
-0.1434739
-0.1283896
-0.1182784
-0.1163100
-0.1206611
-0.1233167
-0.1144666
-0.0924789
-0.0688148
-0.0585674
-0.0647065
-0.0744458
-0.0723627
-0.0546720
-0.0293954
-0.0053394
0.0158918
0.0372143
0.0582991
0.0735724
0.0796096
0.0829397
0.0961882
0.1241713
0.1565077
0.1774991
0.1824768
0.1813659
0.1862240
0.1980503
0.2070167
0.2044467
0.1932112
0.1854595
0.1897274
0.2016737
0.2096139
0.2079461
0.2008814
0.1922293
0.1769785
0.1479212
0.1087647
0.0751966
0.0604746
0.0615109
0.0615254
0.0472215
0.0219846
-0.0000858
-0.0125352
-0.0241800
-0.0453309
-0.0706599
-0.0828215
-0.0734761
-0.0546150
-0.0459222
-0.0544920
-0.0705733
-0.0813364
-0.0843928
-0.0863246
-0.0906388
-0.0916386
-0.0825194
-0.0668071
-0.0564624
-0.0576995
-0.0637569
-0.0651797
-0.0634599
-0.0689876
-0.0860909
-0.1048486
-0.1096808
-0.0945932
-0.0691897
-0.0504382
-0.0488271
-0.0619979
-0.0802682
-0.0950065
-0.0995300
-0.0860892
-0.0503879
-0.0020743
0.0352703
0.0420802
0.0226226
0.0047909
0.0179156
0.0684239
0.1349204
0.1866729
0.2084529
0.2088461
0.2061972
0.2096553
0.2150010
0.2145923
0.2061258
0.1923616
0.1767951
0.1606268
0.1413384
0.1136815
0.0741898
0.0253110
-0.0258802
-0.0723547
-0.1094106
-0.1342299
-0.1462695
-0.1481605
-0.1442332
-0.1377735
-0.1306407
-0.1253022
-0.1258429
-0.1353687
-0.1507732
-0.1608092
-0.1546973
-0.1372747
-0.1314000
-0.1561219
-0.2016397
-0.2350497
-0.2344053
-0.2055747
-0.1524376
-0.0358216
0.2137983
0.6192542
1.0881525
1.4390452
1.5225560
1.3346307
1.0133232
0.7209744
0.5268034
0.3953464
0.2676045
0.1332386
0.0259329
-0.0291026
-0.0450375
-0.0544476
-0.0747967
-0.0994979
-0.1170282
-0.1281029
-0.1400166
-0.1510782
-0.1506440
-0.1354354
-0.1176269
-0.1120719
-0.1202943
-0.1318863
-0.1381575
-0.1388441
-0.1369140
-0.1323961
-0.1230051
-0.1085970
-0.0934386
-0.0835268
-0.0808372
-0.0806718
-0.0764823
-0.0672797
-0.0585069
-0.0558635
-0.0599484
-0.0657768
-0.0650489
-0.0507250
-0.0238052
0.0046021
0.0221743
0.0273140
0.0297008
0.0393221
0.0580482
0.0814413
0.1046170
0.1250811
0.1426613
0.1583635
0.1725540
0.1841665
0.1921466
0.1968740
0.2000653
0.2049641
0.2159203
0.2336070
0.2499547
0.2535438
0.2436071
0.2340290
0.2380005
0.2507507
0.2526065
0.2295265
0.1879757
0.1491188
0.1291668
0.1249659
0.1187971
0.0978939
0.0675216
0.0425739
0.0289293
0.0183814
0.0013676
-0.0213141
-0.0411732
-0.0518488
-0.0539396
-0.0528515
-0.0535747
-0.0561465
-0.0562309
-0.0516216
-0.0466430
-0.0472970
-0.0533369
-0.0583007
-0.0565332
-0.0476925
-0.0359376
-0.0274196
-0.0266564
-0.0322553
-0.0377978
-0.0394837
-0.0405565
-0.0452387
-0.0509682
-0.0507764
-0.0425215
-0.0328903
-0.0321939
-0.0453407
-0.0659553
-0.0796103
-0.0762653
-0.0596547
-0.0406838
-0.0227975
-0.0010615
0.0230649
0.0354867
0.0259923
0.0079503
0.0132325
0.0628709
0.1425072
0.2095683
0.2297170
0.2087834
0.1850939
0.1875150
0.2067868
0.2140896
0.2009229
0.1875342
0.1912494
0.1991726
0.1808578
0.1239049
0.0492478
-0.0107953
-0.0458360
-0.0734644
-0.1107806
-0.1476068
-0.1585811
-0.1399912
-0.1196936
-0.1234976
-0.1439665
-0.1552036
-0.1511764
-0.1523446
-0.1721653
-0.1922858
-0.1841371
-0.1523261
-0.1418846
-0.1903913
-0.2766301
-0.3337725
-0.3214157
-0.2671902
-0.2138442
-0.1315909
0.0807792
0.4804674
0.9730773
1.3445013
1.4178977
1.1887651
0.8141197
0.4759423
0.2533600
0.1132471
-0.0012801
-0.0981512
-0.1503603
-0.1530363
-0.1399793
-0.1463703
-0.1743708
-0.2010200
-0.2088622
-0.2018930
-0.1964198
-0.2021733
-0.2132496
-0.2167923
-0.2082001
-0.1940902
-0.1821379
-0.1754528
-0.1772306
-0.1907041
-0.2098099
-0.2188526
-0.2086917
-0.1878861
-0.1721379
-0.1674009
-0.1680990
-0.1673209
-0.1637065
-0.1605447
-0.1604490
-0.1595216
-0.1488731
-0.1265973
-0.1048838
-0.0971712
-0.1002040
-0.0980198
-0.0828545
-0.0625170
-0.0468985
-0.0366035
-0.0264144
-0.0123386
0.0061452
0.0251728
0.0381404
0.0431049
0.0465458
0.0553282
0.0686856
0.0825086
0.0955963
0.1060562
0.1086262
0.1027497
0.0965859
0.0957772
0.0953347
0.0901962
0.0861091
0.0907343
0.0994292
0.0984584
0.0795760
0.0472539
0.0155317
-0.0013192
-0.0023910
-0.0049237
-0.0261695
-0.0606853
-0.0875412
-0.1000584
-0.1134287
-0.1397510
-0.1702390
-0.1879191
-0.1866973
-0.1734997
-0.1609961
-0.1602261
-0.1714632
-0.1822373
-0.1821566
-0.1758130
-0.1720847
-0.1683836
-0.1583584
-0.1470559
-0.1428668
-0.1415743
-0.1348541
-0.1282140
-0.1337149
-0.1497080
-0.1624937
-0.1633060
-0.1525894
-0.1357474
-0.1246543
-0.1314599
-0.1503573
-0.1594955
-0.1507674
-0.1399363
-0.1366876
-0.1268383
-0.0994563
-0.0701687
-0.0597604
-0.0665579
-0.0730977
-0.0630046
-0.0247451
0.0375263
0.0916391
0.1054639
0.0930406
0.0992786
0.1335718
0.1576525
0.1459433
0.1145025
0.0820436
0.0491377
0.0239561
0.0168614
0.0020996
-0.0567050
-0.1366014
-0.1797622
-0.1943271
-0.2427826
-0.3095408
-0.2861235
-0.1410803
