-0.1149437
-0.1017371
-0.1054553
-0.1201602
-0.1332411
-0.1318927
-0.1119140
-0.0853903
-0.0735366
-0.0852703
-0.1061027
-0.1146003
-0.1075680
-0.1009924
-0.1051463
-0.1072985
-0.0861395
-0.0408321
0.0019899
0.0141485
-0.0034995
-0.0205744
-0.0079648
0.0342139
0.0816641
0.1151993
0.1384322
0.1653303
0.1972857
0.2195333
0.2191157
0.1998441
0.1765357
0.1578506
0.1388949
0.1101758
0.0696859
0.0234939
-0.0235047
-0.0725426
-0.1246461
-0.1729392
-0.2064233
-0.2217152
-0.2265931
-0.2297408
-0.2308530
-0.2252269
-0.2158095
-0.2136720
-0.2238206
-0.2359795
-0.2361498
-0.2260997
-0.2230114
-0.2353248
-0.2461360
-0.2321365
-0.1997417
-0.1891910
-0.2312164
-0.3047883
-0.3528836
-0.3434163
-0.2983480
-0.2457154
-0.1494026
0.0843146
0.5041736
1.0164575
1.4103262
1.5038698
1.2798506
0.8858408
0.5083816
0.2470669
0.0930811
-0.0025497
-0.0643664
-0.0905565
-0.0875817
-0.0830050
-0.1011517
-0.1376747
-0.1669087
-0.1721645
-0.1622620
-0.1573647
-0.1646324
-0.1732551
-0.1717115
-0.1632766
-0.1608119
-0.1692672
-0.1788395
-0.1769794
-0.1635992
-0.1504532
-0.1459164
-0.1447723
-0.1362641
-0.1201743
-0.1096119
-0.1155530
-0.1320208
-0.1410918
-0.1322224
-0.1123158
-0.0950836
-0.0846079
-0.0741350
-0.0597314
-0.0484665
-0.0487451
-0.0555839
-0.0522318
-0.0289947
0.0035908
0.0251604
0.0282815
0.0259639
0.0348137
0.0551882
0.0729501
0.0793136
0.0824441
0.0961918
0.1215272
0.1452857
0.1574358
0.1634356
0.1749682
0.1917841
0.2002847
0.1924600
0.1801533
0.1835319
0.2062164
0.2289138
0.2312919
0.2156101
0.2027436
0.2061867
0.2171332
0.2183125
0.2068048
0.1957649
0.1943740
0.1943533
0.1812840
0.1543046
0.1264264
0.1054114
0.0830971
0.0493367
0.0109505
-0.0129977
-0.0159639
-0.0153711
-0.0328895
-0.0674457
-0.0962984
-0.1036337
-0.0998291
-0.1064444
-0.1269641
-0.1419268
-0.1346827
-0.1136750
-0.1022334
-0.1099149
-0.1227650
-0.1234765
-0.1132086
-0.1069912
-0.1114538
-0.1160296
-0.1083479
-0.0916036
-0.0807336
-0.0838249
-0.0937482
-0.0992270
-0.0984859
-0.0976576
-0.0988908
-0.0965168
-0.0863200
-0.0736645
-0.0683907
-0.0734965
-0.0827552
-0.0891359
-0.0915301
-0.0918332
-0.0892282
-0.0812483
-0.0691444
-0.0576680
-0.0481581
-0.0354469
-0.0152153
0.0069934
0.0189710
0.0165726
0.0128302
0.0283479
0.0713804
0.1289324
0.1783781
0.2066885
0.2176815
0.2227814
0.2281789
0.2318123
0.2299717
0.2230932
0.2137469
0.2004181
0.1755845
0.1313298
0.0672780
-0.0067795
-0.0758786
-0.1280783
-0.1596666
-0.1746747
-0.1805049
-0.1834966
-0.1871827
-0.1931468
-0.2020447
-0.2127970
-0.2211942
-0.2215024
-0.2120869
-0.1999367
-0.1967908
-0.2070963
-0.2197533
-0.2166358
-0.1941213
-0.1745741
-0.1889578
-0.2429827
-0.3041471
-0.3297864
-0.3079852
-0.2606251
-0.1975424
-0.0748761
0.1796215
0.5812330
1.0277064
1.3404107
1.3862917
1.1731641
0.8322893
0.5113508
0.2812598
0.1306619
0.0252410
-0.0455748
-0.0754233
-0.0722988
-0.0652969
-0.0792862
-0.1122309
-0.1427501
-0.1559812
-0.1564268
-0.1568972
-0.1618626
-0.1654928
-0.1625772
-0.1557710
-0.1512965
-0.1513908
-0.1536598
-0.1559867
-0.1586006
-0.1608568
-0.1588901
-0.1490837
-0.1334985
-0.1196275
-0.1135535
-0.1141850
-0.1154309
-0.1136047
-0.1109329
-0.1109589
-0.1119089
-0.1069190
-0.0917412
-0.0710825
-0.0555631
-0.0516923
-0.0553501
-0.0556901
-0.0451415
-0.0250225
-0.0019990
0.0189772
0.0370113
0.0521215
0.0628841
0.0686307
0.0723012
0.0786291
0.0892858
0.1017002
0.1135667
0.1266712
0.1438462
0.1625491
0.1746948
0.1751762
0.1691754
0.1678842
0.1762878
0.1877244
0.1924419
0.1897254
0.1882844
0.1945545
0.2041324
0.2072584
0.2008580
0.1914857
0.1859949
0.1827673
0.1747159
0.1590256
0.1400675
0.1221471
0.1028890
0.0766293
0.0429372
0.0086505
-0.0186835
-0.0368151
-0.0478087
-0.0545336
-0.0609280
-0.0732476
-0.0955915
-0.1224725
-0.1398902
-0.1382160
-0.1234564
-0.1120286
-0.1134803
-0.1215764
-0.1244293
-0.1201321
-0.1176204
-0.1226665
-0.1288927
-0.1262016
-0.1145837
-0.1039282
-0.1003775
-0.0987551
-0.0918124
-0.0828545
-0.0829472
-0.0953399
-0.1082966
-0.1072157
-0.0913793
-0.0743713
-0.0683339
-0.0722401
-0.0773277
-0.0799115
-0.0841141
-0.0929380
-0.1017956
-0.1033189
-0.0959100
-0.0846770
-0.0752458
-0.0695067
-0.0665880
-0.0639798
-0.0565206
-0.0385129
-0.0111719
0.0137530
0.0238012
0.0219061
0.0286349
0.0628667
0.1200167
0.1737689
0.2015835
0.2056786
0.2060346
0.2154321
0.2270507
0.2274589
0.2154447
0.2015039
0.1897316
0.1674174
0.1177003
0.0408900
-0.0413288
-0.1041329
-0.1396954
-0.1584686
-0.1738848
-0.1896010
-0.2012347
-0.2062368
-0.2088200
-0.2156982
-0.2286700
-0.2414796
-0.2439354
-0.2313401
-0.2121442
-0.2040498
-0.2167647
-0.2369418
-0.2369654
-0.2067762
-0.1751748
-0.1878387
-0.2563319
-0.3353958
-0.3633276
-0.3249078
-0.2580700
-0.1855092
-0.0516604
0.2409278
0.7099715
1.2146391
1.5251692
1.4955700
1.1779437
0.7694566
0.4497600
0.2664051
0.1582139
0.0596049
-0.0344895
-0.0924278
-0.1034818
-0.0945817
-0.0975813
-0.1169800
-0.1353213
-0.1411227
-0.1417334
-0.1498868
-0.1660149
-0.1784508
-0.1780374
-0.1677192
-0.1574331
-0.1530881
-0.1528029
-0.1522638
-0.1504715
-0.1491012
-0.1481884
-0.1450878
-0.1382123
-0.1299035
-0.1235868
-0.1183955
-0.1091353
-0.0934481
-0.0777053
-0.0723935
-0.0800031
-0.0895719
-0.0864307
-0.0676899
-0.0454764
-0.0332775
-0.0310784
-0.0269552
-0.0128804
0.0050872
0.0151113
0.0159582
0.0204259
0.0405758
0.0723832
0.0988094
0.1081271
0.1058825
0.1068644
0.1177366
0.1314752
0.1390524
0.1422359
0.1509120
0.1688926
0.1871976
0.1941734
0.1898427
0.1858841
0.1907715
0.1989798
0.1985290
0.1876470
0.1789498
0.1848390
0.2018795
0.2138443
0.2099139
0.1955332
0.1829699
0.1745407
0.1605237
0.1342473
0.1039166
0.0843811
0.0782400
0.0707489
0.0466247
0.0089222
-0.0236578
-0.0385234
-0.0436715
-0.0571167
-0.0841660
-0.1102619
-0.1178898
-0.1068163
-0.0936271
-0.0923749
-0.1005020
-0.1059354
-0.1042029
-0.1031415
-0.1103746
-0.1212570
-0.1234649
-0.1120808
-0.0956841
-0.0862833
-0.0866396
-0.0904923
-0.0931525
-0.0967948
-0.1036641
-0.1082700
-0.1015707
-0.0832038
-0.0651913
-0.0602995
-0.0684160
-0.0779726
-0.0806664
-0.0805721
-0.0860956
-0.0960458
-0.0993277
-0.0897590
-0.0764321
-0.0743895
-0.0860040
-0.0971550
-0.0945007
-0.0822544
-0.0757415
-0.0786527
-0.0741301
-0.0445188
0.0027211
0.0371862
0.0378366
0.0189563
0.0174040
0.0535823
0.1105546
0.1550238
0.1745197
0.1868675
0.2127770
0.2470870
0.2640837
0.2489014
0.2151754
0.1876922
0.1727080
0.1523916
0.1081931
0.0428662
-0.0241787
-0.0783822
-0.1201404
-0.1546715
-0.1804194
-0.1930457
-0.1965592
-0.2021017
-0.2140937
-0.2239024
-0.2217413
-0.2108581
-0.2036192
-0.2049852
-0.2077601
-0.2066175
-0.2084410
-0.2203334
-0.2319893
-0.2236972
-0.1967954
-0.1843728
-0.2175778
-0.2835784
-0.3325518
-0.3323539
-0.3004583
-0.2621080
-0.1815625
0.0338178
0.4324726
0.9223173
1.3000511
1.3994484
1.2181318
0.8996966
0.5997471
0.3774493
0.2064227
0.0589098
-0.0485705
-0.0893464
-0.0777600
-0.0644044
-0.0836839
-0.1224775
-0.1463097
-0.1451195
-0.1411291
-0.1545724
-0.1755345
-0.1774164
-0.1521885
-0.1218855
-0.1132064
-0.1277459
-0.1430918
-0.1406781
-0.1255399
-0.1162028
-0.1200057
-0.1245631
-0.1141174
-0.0894087
-0.0671170
-0.0605279
-0.0649656
-0.0646467
-0.0517786
-0.0350169
-0.0280673
-0.0329079
-0.0375586
-0.0300907
-0.0115486
0.0067374
0.0163600
0.0191114
0.0216327
0.0270908
0.0349763
0.0466068
0.0655332
0.0906778
0.1128209
0.1225233
0.1215568
0.1225325
0.1348986
0.1536664
0.1655117
0.1655663
0.1640464
0.1738889
0.1944130
0.2114144
0.2137380
0.2057803
0.2006113
0.2029165
0.2037471
0.1938510
0.1782863
0.1727217
0.1847732
0.2033216
0.2098846
0.1990168
0.1830154
0.1751341
0.1721937
0.1586801
0.1278338
0.0933167
0.0754567
0.0771181
0.0781622
0.0564590
0.0120700
-0.0328060
-0.0573924
-0.0621723
-0.0639502
-0.0748731
-0.0909830
-0.1012627
-0.1027005
-0.1022800
-0.1060040
-0.1113748
-0.1128779
-0.1113134
-0.1131307
-0.1206366
-0.1270168
-0.1235630
-0.1098055
-0.0935622
-0.0818888
-0.0756306
-0.0735938
-0.0776019
-0.0888483
-0.1006316
-0.1008733
-0.0854668
-0.0661294
-0.0597713
-0.0695851
-0.0811994
-0.0803692
-0.0710116
-0.0701858
-0.0852250
-0.1021455
-0.1016492
-0.0838430
-0.0699595
-0.0770445
-0.0962484
-0.1026843
-0.0861499
-0.0647137
-0.0625462
-0.0776170
-0.0798484
-0.0454607
0.0114271
0.0491027
0.0424298
0.0122532
0.0058440
0.0485768
0.1192609
0.1746308
0.1938144
0.1938288
0.2030553
0.2271986
0.2464625
0.2423623
0.2186459
0.1924538
0.1705912
0.1421076
0.0947055
0.0321102
-0.0291873
-0.0774914
-0.1148292
-0.1484293
-0.1788855
-0.2004471
-0.2102299
-0.2121989
-0.2118487
-0.2110828
-0.2098964
-0.2091954
-0.2085070
-0.2040469
-0.1949817
-0.1908131
-0.2040451
-0.2304694
-0.2439998
-0.2233455
-0.1850921
-0.1773522
-0.2292286
-0.3117046
-0.3629552
-0.3540337
-0.3116230
-0.2597210
-0.1499276
0.1160144
0.5686298
1.0820684
1.4312861
1.4606817
1.2023007
0.8291881
0.5016926
0.2660253
0.0868357
-0.0584679
-0.1453488
-0.1525962
-0.1131980
-0.0918716
-0.1181605
-0.1610684
-0.1750168
-0.1567684
-0.1438600
-0.1622681
-0.1926729
-0.1962404
-0.1643381
-0.1294029
-0.1256502
-0.1498452
-0.1687030
-0.1602136
-0.1370126
-0.1261481
-0.1341467
-0.1410909
-0.1280357
-0.1009428
-0.0818012
-0.0807136
-0.0853974
-0.0799001
-0.0662838
-0.0605767
-0.0690331
-0.0767896
-0.0648768
-0.0344900
-0.0073111
-0.0005447
-0.0072233
-0.0058952
0.0126779
0.0348991
0.0423658
0.0356056
0.0341703
0.0534194
0.0865509
0.1128822
0.1209167
0.1181595
0.1181713
0.1238445
0.1282394
0.1292754
0.1359986
0.1563580
0.1827042
0.1961319
0.1869284
0.1665457
0.1556340
0.1618658
0.1736117
0.1756207
0.1663755
0.1568281
0.1549631
0.1572465
0.1563083
0.1518388
0.1489099
0.1470312
0.1369790
0.1118556
0.0785666
0.0536089
0.0462577
0.0482341
0.0416513
0.0161524
-0.0228967
-0.0615310
-0.0895604
-0.1056802
-0.1136925
-0.1172222
-0.1184698
-0.1196324
-0.1232151
-0.1305729
-0.1407682
-0.1510103
-0.1580130
-0.1593467
-0.1545374
-0.1455452
-0.1358738
-0.1283987
-0.1235439
-0.1196109
-0.1151555
-0.1111012
-0.1101250
-0.1133407
-0.1174755
-0.1162759
-0.1061464
-0.0908739
-0.0796942
-0.0793251
-0.0878722
-0.0974847
-0.1028023
-0.1050027
-0.1067427
-0.1056710
-0.0968954
-0.0824464
-0.0740895
-0.0823252
-0.1030495
-0.1192832
-0.1179581
-0.1019847
-0.0828262
-0.0641234
-0.0392649
-0.0068102
0.0187048
0.0199541
0.0014107
-0.0068674
0.0232556
0.0877055
0.1524954
0.1873688
0.1931392
0.1934154
0.2037719
0.2157278
0.2114203
0.1870988
0.1562053
0.1311657
0.1085771
0.0748926
0.0229807
-0.0407792
-0.1040346
-0.1582811
-0.2003634
-0.2288370
-0.2432555
-0.2464621
-0.2441197
-0.2408259
-0.2383790
-0.2381334
-0.2421140
-0.2497099
-0.2557657
-0.2559492
-0.2533100
-0.2543724
-0.2569825
-0.2483956
-0.2231736
-0.2012020
-0.2164244
-0.2792225
-0.3546884
-0.3895250
-0.3622643
-0.2946893
-0.2029616
-0.0464255
0.2490432
0.6960132
1.1763407
1.4888572
1.4898590
1.2005794
0.7823614
0.4092403
0.1602005
0.0157708
-0.0708966
-0.1199301
-0.1327682
-0.1249249
-0.1274468
-0.1554506
-0.1901758
-0.2020501
-0.1869035
-0.1701067
-0.1748287
-0.1953604
-0.2077357
-0.2014149
-0.1907285
-0.1933014
-0.2056041
-0.2077037
-0.1899010
-0.1658260
-0.1554368
-0.1608518
-0.1661161
-0.1596056
-0.1485780
-0.1472633
-0.1556323
-0.1577898
-0.1421438
-0.1166547
-0.0995042
-0.0978639
-0.1018542
-0.0995048
-0.0913589
-0.0860016
-0.0846612
-0.0771182
-0.0547423
-0.0231436
0.0022736
0.0122747
0.0120300
0.0135538
0.0234387
0.0397023
0.0577748
0.0756261
0.0929025
0.1083911
0.1205338
0.1292611
0.1355437
0.1397909
0.1424931
0.1460553
0.1534225
0.1637469
0.1715723
0.1729069
0.1714083
0.1753492
0.1871454
0.1984568
0.1987881
0.1884124
0.1792438
0.1811147
0.1896038
0.1907923
0.1776013
0.1574067
0.1412312
0.1284387
0.1073065
0.0718066
0.0332050
0.0100353
0.0068425
0.0074756
-0.0077234
-0.0404531
-0.0739431
-0.0933505
-0.1018442
-0.1132909
-0.1320462
-0.1462044
-0.1430388
-0.1268248
-0.1159589
-0.1223032
-0.1380815
-0.1463079
-0.1415722
-0.1355185
-0.1407434
-0.1536241
-0.1576494
-0.1433489
-0.1204715
-0.1074471
-0.1105652
-0.1175885
-0.1132827
-0.0983663
-0.0892748
-0.0985308
-0.1183577
-0.1271237
-0.1125008
-0.0858245
-0.0711717
-0.0805203
-0.1020230
-0.1140066
-0.1086396
-0.0987175
-0.1008087
-0.1152114
-0.1259702
-0.1195837
-0.0989924
-0.0767744
-0.0584075
-0.0383861
-0.0134883
0.0069713
0.0111810
0.0043863
0.0108630
0.0506010
0.1157006
0.1752845
0.2052551
0.2095776
0.2099801
0.2185986
0.2266651
0.2200589
0.1990530
0.1768423
0.1605310
0.1403712
0.1009531
0.0396717
-0.0299284
-0.0918133
-0.1398969
-0.1761337
-0.2013121
-0.2129231
-0.2116687
-0.2053342
-0.2032230
-0.2079098
-0.2143471
-0.2164726
-0.2133040
-0.2094821
-0.2117351
-0.2235571
-0.2394050
-0.2437517
-0.2223740
-0.1814913
-0.1535102
-0.1730954
-0.2403540
-0.3125765
-0.3421047
-0.3220507
-0.2819209
-0.2290140
-0.1046667
0.1760729
0.6227248
1.1100120
1.4383773
1.4727656
1.2346644
0.8678734
0.5223775
0.2684512
0.1011731
-0.0038654
-0.0574417
-0.0681378
-0.0605418
-0.0653694
-0.0938128
-0.1310997
-0.1570343
-0.1667367
-0.1686389
-0.1686709
-0.1643659
-0.1539971
-0.1438336
-0.1416169
-0.1461913
-0.1491849
-0.1468720
-0.1451858
-0.1502755
-0.1577478
-0.1564411
-0.1428676
-0.1271075
-0.1213322
-0.1250682
-0.1263511
-0.1177702
-0.1068525
-0.1067834
-0.1183453
-0.1258734
-0.1136430
-0.0841779
-0.0568541
-0.0477507
-0.0532605
-0.0554627
-0.0424756
-0.0206635
-0.0056643
-0.0033252
-0.0024376
0.0126605
0.0438367
0.0756039
0.0903862
0.0863249
0.0787304
0.0839348
0.1029891
0.1223614
0.1301249
0.1294534
0.1346424
0.1544228
0.1813420
0.1989991
0.1989466
0.1886264
0.1822719
0.1858125
0.1926396
0.1936888
0.1889465
0.1870109
0.1941776
0.2064414
0.2133407
0.2083518
0.1938940
0.1766464
0.1601628
0.1432364
0.1240497
0.1034349
0.0832745
0.0632433
0.0410033
0.0157740
-0.0096575
-0.0315583
-0.0495465
-0.0671064
-0.0870835
-0.1069848
-0.1197769
-0.1202669
-0.1108977
-0.1007149
-0.0979645
-0.1035342
-0.1118069
-0.1175569
-0.1208338
-0.1243358
-0.1271708
-0.1239144
-0.1115290
-0.0959454
-0.0886580
-0.0949874
-0.1069194
-0.1101019
-0.0988756
-0.0830378
-0.0781436
-0.0891721
-0.1050034
-0.1096009
-0.0979870
-0.0805050
-0.0717781
-0.0765730
-0.0869366
-0.0923261
-0.0910068
-0.0904824
-0.0970742
-0.1068080
-0.1085888
-0.0968614
-0.0791833
-0.0684858
-0.0673991
-0.0633190
-0.0425239
-0.0087368
0.0169824
0.0186883
0.0065203
0.0103329
0.0497643
0.1129385
0.1681761
0.1958498
0.2044523
0.2142795
0.2308039
0.2405745
0.2325459
0.2152805
0.2066242
0.2088909
0.2021019
0.1651107
0.0989139
0.0240682
-0.0424708
-0.1005773
-0.1552872
-0.1997433
-0.2189034
-0.2102277
-0.1923343
-0.1874081
-0.1985262
-0.2105559
-0.2120317
-0.2081340
-0.2091788
-0.2141986
-0.2146254
-0.2108706
-0.2130829
-0.2215588
-0.2184911
-0.1927151
-0.1684278
-0.1901225
-0.2684222
-0.3527270
-0.3757801
-0.3235100
-0.2385097
-0.1416858
0.0292594
0.3655758
0.8543503
1.3185912
1.5248478
1.3715950
0.9732717
0.5576159
0.2839530
0.1564529
0.0881575
0.0163458
-0.0536997
-0.0925941
-0.0998988
-0.1039314
-0.1253741
-0.1578739
-0.1829432
-0.1916895
-0.1879165
-0.1784678
-0.1685683
-0.1637049
-0.1676811
-0.1766558
-0.1806229
-0.1749108
-0.1672807
-0.1687034
-0.1776933
-0.1792060
-0.1619951
-0.1339389
-0.1155446
-0.1180627
-0.1317265
-0.1376763
-0.1290506
-0.1167252
-0.1143660
-0.1216776
-0.1253683
-0.1152956
-0.0958046
-0.0794309
-0.0718522
-0.0667471
-0.0560720
-0.0419223
-0.0343143
-0.0370729
-0.0396468
-0.0265537
0.0050613
0.0401572
0.0600244
0.0608565
0.0563023
0.0618332
0.0790586
0.0969950
0.1069170
0.1123572
0.1232062
0.1424584
0.1620304
0.1719085
0.1707997
0.1659385
0.1638517
0.1642515
0.1636673
0.1624271
0.1650655
0.1738299
0.1844195
0.1900611
0.1888041
0.1844403
0.1797665
0.1712977
0.1532235
0.1264054
0.1006228
0.0854767
0.0794430
0.0702459
0.0474363
0.0136295
-0.0183708
-0.0394224
-0.0529876
-0.0690129
-0.0904560
-0.1089866
-0.1152810
-0.1113185
-0.1091337
-0.1167808
-0.1284038
-0.1311857
-0.1216189
-0.1113722
-0.1145564
-0.1305514
-0.1429130
-0.1367175
-0.1149936
-0.0955899
-0.0924186
-0.1026476
-0.1132390
-0.1168390
-0.1172170
-0.1195283
-0.1205578
-0.1131253
-0.0986565
-0.0895513
-0.0956576
-0.1110773
-0.1193747
-0.1127147
-0.1016045
-0.1020770
-0.1152245
-0.1246919
-0.1162841
-0.0960646
-0.0842884
-0.0919667
-0.1084958
-0.1152920
-0.1081083
-0.0998993
-0.1006633
-0.1003628
-0.0784339
-0.0306166
0.0193895
0.0403811
0.0260268
0.0037467
0.0095489
0.0549305
0.1192733
0.1725404
0.2019978
0.2165630
0.2295639
0.2424368
0.2460253
0.2338820
0.2103209
0.1851704
0.1628208
0.1374763
0.0983651
0.0396115
-0.0328694
-0.1025473
-0.1521642
-0.1765042
-0.1868633
-0.2002205
-0.2213490
-0.2372964
-0.2332839
-0.2135311
-0.2004796
-0.2095481
-0.2292677
-0.2347097
-0.2207833
-0.2115306
-0.2276316
-0.2514600
-0.2417392
-0.1900580
-0.1486067
-0.1811388
-0.2841918
-0.3762877
-0.3809415
-0.3096258
-0.2359269
-0.1794928
-0.0426210
0.2995103
0.8327861
1.3492529
1.5880404
1.4464176
1.0542200
0.6463728
0.3722155
0.2237843
0.1182357
0.0128100
-0.0693830
-0.0986305
-0.0893599
-0.0847047
-0.1082292
-0.1459289
-0.1715374
-0.1762734
-0.1706463
-0.1667599
-0.1672863
-0.1692004
-0.1705826
-0.1715496
-0.1725670
-0.1745219
-0.1781973
-0.1812597
-0.1776854
-0.1636849
-0.1441100
-0.1297245
-0.1266718
-0.1306307
-0.1327839
-0.1293460
-0.1225320
-0.1137800
-0.1008020
-0.0830924
-0.0666158
-0.0587201
-0.0589343
-0.0586526
-0.0511537
-0.0389130
-0.0286243
-0.0212640
-0.0110778
0.0056053
0.0246753
0.0396558
0.0499888
0.0600945
0.0711449
0.0786682
0.0805516
0.0837276
0.0979669
0.1230011
0.1460729
0.1547602
0.1501189
0.1443809
0.1468554
0.1556953
0.1640997
0.1706032
0.1794408
0.1918575
0.2015129
0.2009241
0.1907843
0.1802924
0.1780804
0.1842985
0.1919009
0.1942150
0.1902098
0.1831355
0.1753798
0.1650632
0.1475196
0.1204892
0.0882791
0.0599818
0.0419538
0.0316049
0.0199097
0.0010124
-0.0217008
-0.0405166
-0.0533966
-0.0660964
-0.0830405
-0.0987465
-0.1022295
-0.0905858
-0.0751374
-0.0713876
-0.0835685
-0.1012532
-0.1110131
-0.1089050
-0.1006500
-0.0925175
-0.0856917
-0.0793520
-0.0752458
-0.0761413
-0.0809246
-0.0844264
-0.0830276
-0.0784978
-0.0749301
-0.0733932
-0.0718146
-0.0696116
-0.0695532
-0.0736595
-0.0792376
-0.0814900
-0.0795336
-0.0771361
-0.0767422
-0.0754891
-0.0697828
-0.0625409
-0.0620106
-0.0718427
-0.0849035
-0.0897035
-0.0818010
-0.0655801
-0.0450538
-0.0181395
0.0158284
0.0460166
0.0555882
0.0417244
0.0264585
0.0404441
0.0931631
0.1620537
0.2138667
0.2352897
0.2399075
0.2467923
0.2579891
0.2601258
0.2443387
0.2179368
0.1942661
0.1749262
0.1463820
0.0943702
0.0194921
-0.0615160
-0.1277600
-0.1671639
-0.1812475
-0.1811313
-0.1789942
-0.1804149
-0.1829417
-0.1823064
-0.1797528
-0.1811013
-0.1877715
-0.1922629
-0.1870323
-0.1766840
-0.1745367
-0.1835886
-0.1873206
-0.1692700
-0.1417771
-0.1431843
-0.1961860
-0.2737393
-0.3201635
-0.3093990
-0.2675364
-0.2217239
-0.1328030
0.0932833
0.5021184
0.9987830
1.3797183
1.4776671
1.2860257
0.9465101
0.6231215
0.3910016
0.2321076
0.1075876
0.0113657
-0.0416146
-0.0539484
-0.0535476
-0.0655508
-0.0892578
-0.1073843
-0.1110720
-0.1089892
-0.1140838
-0.1281331
-0.1413423
-0.1435238
-0.1330844
-0.1169257
-0.1041099
-0.0989121
-0.0978695
-0.0936981
-0.0837660
-0.0742699
-0.0734217
-0.0799261
-0.0815499
-0.0681921
-0.0447013
-0.0264948
-0.0219513
-0.0234965
-0.0189992
-0.0083118
-0.0024453
-0.0063068
-0.0090816
0.0032016
0.0288773
0.0513013
0.0590838
0.0593161
0.0662904
0.0814784
0.0925645
0.0930138
0.0945927
0.1138075
0.1488581
0.1782429
0.1848376
0.1756725
0.1724582
0.1851634
0.2019146
0.2064883
0.1994978
0.1965172
0.2074372
0.2245143
0.2332349
0.2303242
0.2259803
0.2294160
0.2374412
0.2397510
0.2326090
0.2235390
0.2223799
0.2301604
0.2378387
0.2347682
0.2176611
0.1925779
0.1695899
0.1548786
0.1462899
0.1360325
0.1183808
0.0947782
0.0706554
0.0478326
0.0225620
-0.0074430
-0.0362653
-0.0539378
-0.0581327
-0.0583099
-0.0650656
-0.0768170
-0.0814031
-0.0722380
-0.0590842
-0.0585946
-0.0748547
-0.0936448
-0.0979466
-0.0862227
-0.0720145
-0.0668867
-0.0685551
-0.0676704
-0.0622732
-0.0602148
-0.0670112
-0.0762141
-0.0758945
-0.0634086
-0.0494967
-0.0462540
-0.0539407
-0.0627203
-0.0661231
-0.0683326
-0.0759980
-0.0859197
-0.0859977
-0.0701270
-0.0489910
-0.0418351
-0.0566295
-0.0809188
-0.0945413
-0.0904955
-0.0806008
-0.0797956
-0.0872138
-0.0857441
-0.0609110
-0.0184933
0.0182825
0.0295542
0.0171569
0.0033248
0.0119861
0.0502402
0.1053915
0.1575089
0.1943475
0.2158526
0.2272003
0.2301990
0.2225157
0.2039535
0.1805647
0.1603039
0.1445800
0.1254798
0.0920469
0.0390968
-0.0292478
-0.1019470
-0.1653320
-0.2079081
-0.2263592
-0.2289676
-0.2298682
-0.2362934
-0.2426390
-0.2404632
-0.2329133
-0.2329802
-0.2452388
-0.2564328
-0.2522869
-0.2402934
-0.2430711
-0.2643393
-0.2744365
-0.2458895
-0.2004785
-0.1995177
-0.2738732
-0.3764536
-0.4264111
-0.3993941
-0.3456244
-0.2982049
-0.1836622
0.1293861
0.6649836
1.2400495
1.5689090
1.4924760
1.1061101
0.6604863
0.3457087
0.1751516
0.0555426
-0.0714371
-0.1773889
-0.2135455
-0.1881917
-0.1603073
-0.1715085
-0.2067020
-0.2246052
-0.2112651
-0.1915191
-0.1931125
-0.2132852
-0.2262113
-0.2166641
-0.1975646
-0.1930890
-0.2097713
-0.2287760
-0.2262882
-0.1984116
-0.1642723
-0.1458712
-0.1473913
-0.1551478
-0.1555486
-0.1492566
-0.1460815
-0.1487404
-0.1466239
-0.1279763
-0.0959417
-0.0684827
-0.0609395
-0.0705761
-0.0803092
-0.0767288
-0.0618766
-0.0469769
-0.0377307
-0.0290113
-0.0135188
0.0079235
0.0269261
0.0369310
0.0395032
0.0412437
0.0469063
0.0570459
0.0707699
0.0877883
0.1068221
0.1238664
0.1341507
0.1360266
0.1320389
0.1262206
0.1213065
0.1186034
0.1190051
0.1227821
0.1287805
0.1348825
0.1391113
0.1395442
0.1340070
0.1222241
0.1090276
0.1027536
0.1070789
0.1145836
0.1119650
0.0938958
0.0695984
0.0522489
0.0424275
0.0266253
-0.0052793
-0.0445020
-0.0706909
-0.0752027
-0.0720054
-0.0817061
-0.1075388
-0.1328110
-0.1427444
-0.1429904
-0.1514238
-0.1738254
-0.1945747
-0.1945060
-0.1738898
-0.1523208
-0.1463620
-0.1528334
-0.1570079
-0.1529994
-0.1495267
-0.1548951
-0.1625586
-0.1574334
-0.1355368
-0.1115883
-0.1039321
-0.1146002
-0.1284634
-0.1317617
-0.1268743
-0.1260262
-0.1334554
-0.1392292
-0.1320426
-0.1142705
-0.1005986
-0.1025349
-0.1174106
-0.1330050
-0.1398820
-0.1372652
-0.1292969
-0.1194136
-0.1085485
-0.0954324
-0.0770122
-0.0514683
-0.0239564
-0.0071569
-0.0101152
-0.0241317
-0.0243273
0.0087217
0.0684366
0.1272730
0.1636523
0.1803080
0.1934542
0.2082679
0.2126394
0.1962722
0.1683158
0.1485440
0.1424010
0.1322771
0.0968629
0.0346157
-0.0366684
-0.1004267
-0.1541099
-0.2006489
-0.2355826
-0.2504633
-0.2468789
-0.2386843
-0.2372863
-0.2403935
-0.2402668
-0.2387511
-0.2456921
-0.2621259
-0.2742924
-0.2705578
-0.2581190
-0.2527512
-0.2537560
-0.2432173
-0.2179671
-0.2103619
-0.2578913
-0.3496935
-0.4215943
-0.4187781
-0.3522898
-0.2688179
-0.1607883
0.0629352
0.4796319
1.0194489
1.4574996
1.5723768
1.3263808
0.8880126
0.4802007
0.2139078
0.0605247
-0.0490882
-0.1348496
-0.1755839
-0.1698232
-0.1546088
-0.1637168
-0.1905371
-0.2052859
-0.1975961
-0.1860389
-0.1880601
-0.1973778
-0.1987173
-0.1934748
-0.1967275
-0.2110427
-0.2177375
-0.2009348
-0.1714783
-0.1561025
-0.1648461
-0.1798447
-0.1796905
-0.1659210
-0.1569153
-0.1597566
-0.1597317
-0.1414699
-0.1119847
-0.0937254
-0.0967024
-0.1064576
-0.1028244
-0.0841452
-0.0664862
-0.0614281
-0.0621936
-0.0538776
-0.0320133
-0.0063935
0.0111723
0.0179915
0.0196721
0.0231988
0.0331275
0.0509503
0.0737999
0.0945689
0.1074291
0.1142420
0.1222889
0.1340289
0.1426251
0.1414849
0.1360915
0.1402746
0.1590255
0.1802302
0.1881310
0.1821451
0.1759834
0.1780464
0.1802461
0.1714566
0.1570423
0.1555312
0.1740991
0.1954466
0.1959682
0.1734688
0.1482923
0.1360535
0.1281658
0.1061175
0.0697471
0.0403861
0.0335833
0.0376905
0.0274306
-0.0048954
-0.0411853
-0.0621260
-0.0712946
-0.0873453
-0.1160347
-0.1401400
-0.1407143
-0.1217087
-0.1064324
-0.1113012
-0.1299471
-0.1448092
-0.1481966
-0.1466427
-0.1474878
-0.1484525
-0.1427985
-0.1303002
-0.1186655
-0.1149772
-0.1190238
-0.1252659
-0.1284954
-0.1263770
-0.1189519
-0.1083412
-0.0983304
-0.0919615
-0.0893018
-0.0890624
-0.0918993
-0.0991601
-0.1075551
-0.1090160
-0.0999491
-0.0888652
-0.0890062
-0.1016513
-0.1119910
-0.1064463
-0.0907901
-0.0831381
-0.0875492
-0.0832781
-0.0488179
0.0062410
0.0445502
0.0416354
0.0164504
0.0123155
0.0488835
0.1029483
0.1404602
0.1578053
0.1800889
0.2211912
0.2599995
0.2647624
0.2334515
0.1970542
0.1816182
0.1781912
0.1578271
0.1093576
0.0502701
0.0001263
-0.0437477
-0.0951331
-0.1510421
-0.1894661
-0.1977966
-0.1918298
-0.1968135
-0.2151318
-0.2253424
-0.2145034
-0.1985752
-0.2011864
-0.2199145
-0.2290872
-0.2175723
-0.2074228
-0.2220555
-0.2457400
-0.2371913
-0.1895737
-0.1567743
-0.1977281
-0.2986684
-0.3755336
-0.3649546
-0.2922765
-0.2209547
-0.1375398
0.0737026
0.5040842
1.0690270
1.5160889
1.6146671
1.3461206
0.9049624
0.5206975
0.2883213
0.1594918
0.0581518
-0.0306923
-0.0798125
-0.0857240
-0.0842535
-0.1058278
-0.1408897
-0.1605412
-0.1577973
-0.1527936
-0.1612883
-0.1747876
-0.1778522
-0.1731386
-0.1766878
-0.1918286
-0.2011765
-0.1892729
-0.1641399
-0.1475633
-0.1477426
-0.1517972
-0.1470780
-0.1401296
-0.1460873
-0.1631886
-0.1689895
-0.1464751
-0.1074859
-0.0824242
-0.0874650
-0.1084945
-0.1193975
-0.1104221
-0.0932901
-0.0814918
-0.0735780
-0.0589765
-0.0352322
-0.0130462
-0.0036403
-0.0054185
-0.0059789
0.0043458
0.0238771
0.0441817
0.0600866
0.0731792
0.0868235
0.1005108
0.1102836
0.1139956
0.1152122
0.1213625
0.1372535
0.1597148
0.1791597
0.1877995
0.1867774
0.1843622
0.1867480
0.1918057
0.1930099
0.1885578
0.1843348
0.1870807
0.1963403
0.2050194
0.2071005
0.2022038
0.1920173
0.1755401
0.1513998
0.1239425
0.1024236
0.0915675
0.0851326
0.0719635
0.0478286
0.0183878
-0.0095189
-0.0355822
-0.0623566
-0.0866273
-0.0998947
-0.0993634
-0.0947940
-0.0999577
-0.1173487
-0.1350560
-0.1404037
-0.1338985
-0.1268669
-0.1270900
-0.1309371
-0.1302207
-0.1228324
-0.1137394
-0.1076549
-0.1046494
-0.1031231
-0.1034004
-0.1059820
-0.1081833
-0.1058786
-0.0987895
-0.0912014
-0.0861434
-0.0815859
-0.0753529
-0.0718535
-0.0785524
-0.0940155
-0.1043056
-0.0967401
-0.0763663
-0.0631769
-0.0704798
-0.0897715
-0.1012975
-0.0976759
-0.0905500
-0.0911481
-0.0902377
-0.0664283
-0.0161152
0.0330833
0.0477186
0.0269339
0.0075660
0.0263481
0.0813028
0.1367155
0.1646503
0.1733250
0.1904622
0.2250151
0.2553741
0.2571466
0.2336686
0.2101546
0.1999341
0.1871329
0.1480230
0.0825673
0.0153381
-0.0337335
-0.0696250
-0.1089030
-0.1537442
-0.1887799
-0.2028302
-0.2038837
-0.2069635
-0.2134083
-0.2119620
-0.1999644
-0.1920810
-0.2005787
-0.2147447
-0.2133993
-0.1974900
-0.1941942
-0.2184702
-0.2426857
-0.2253762
-0.1721482
-0.1463716
-0.2004750
-0.3044347
-0.3669379
-0.3356501
-0.2539424
-0.1907601
-0.1200827
0.0882149
0.5211088
1.0721793
1.4757994
1.5185513
1.2172264
0.7845654
0.4339310
0.2309289
0.1160568
0.0242828
-0.0483370
-0.0785855
-0.0733305
-0.0704043
-0.0939756
-0.1296820
-0.1474773
-0.1372126
