0.1738132
0.1915396
0.1499844
0.1454218
0.1859245
0.2076027
0.1943351
0.1909295
0.2142296
0.2316382
0.2261786
0.2179972
0.2185061
0.2154806
0.2060608
0.2010618
0.1963841
0.1781918
0.1545927
0.1472262
0.1533292
0.1473185
0.1181373
0.0786893
0.0422116
0.0127971
-0.0064138
-0.0174487
-0.0335633
-0.0618785
-0.0876578
-0.0933190
-0.0842330
-0.0794201
-0.0862821
-0.0996932
-0.1156350
-0.1305777
-0.1368457
-0.1323058
-0.1261365
-0.1242911
-0.1192900
-0.1045412
-0.0883875
-0.0837284
-0.0920804
-0.1053019
-0.1147346
-0.1140592
-0.1032741
-0.0938024
-0.0987939
-0.1149043
-0.1247118
-0.1197384
-0.1092598
-0.1037938
-0.1023348
-0.0998820
-0.0967625
-0.0961814
-0.1003445
-0.1107218
-0.1250184
-0.1344784
-0.1321300
-0.1227579
-0.1173570
-0.1196150
-0.1245460
-0.1268616
-0.1236979
-0.1140293
-0.1031989
-0.1020231
-0.1116482
-0.1144221
-0.0911449
-0.0456093
-0.0026279
0.0181856
0.0201156
0.0208825
0.0305479
0.0383657
0.0228393
-0.0212732
-0.0691048
-0.0886832
-0.0782369
-0.0691197
-0.0880476
-0.1278067
-0.1616967
-0.1766413
-0.1822350
-0.1927353
-0.2102683
-0.2261024
-0.2327051
-0.2312870
-0.2272510
-0.2211441
-0.2102654
-0.1997794
-0.2015276
-0.2143299
-0.2163285
-0.1922446
-0.1633856
-0.1712855
-0.2262047
-0.2863832
-0.2993684
-0.2562838
-0.1902102
-0.1163412
0.0139682
0.2766799
0.6752868
1.0824816
1.3063971
1.2371209
0.9335982
0.5671967
0.2855712
0.1279858
0.0483848
-0.0080838
-0.0575782
-0.0876674
-0.0930260
-0.0906848
-0.1013705
-0.1246969
-0.1407909
-0.1351831
-0.1154226
-0.1025062
-0.1110259
-0.1375088
-0.1625360
-0.1646498
-0.1394317
-0.1069220
-0.0945401
-0.1100607
-0.1348208
-0.1439901
-0.1293408
-0.1021497
-0.0795477
-0.0707292
-0.0731202
-0.0784346
-0.0811885
-0.0805415
-0.0756127
-0.0644641
-0.0497700
-0.0398319
-0.0391395
-0.0414662
-0.0369858
-0.0234849
-0.0064097
0.0091489
0.0217236
0.0310294
0.0374866
0.0440071
0.0548191
0.0718506
0.0930219
0.1132395
0.1270889
0.1326881
0.1332805
0.1335159
0.1355271
0.1413377
0.1560360
0.1820924
0.2112061
0.2293482
0.2322773
0.2301843
0.2336977
0.2401423
0.2384711
0.2257441
0.2136204
0.2159460
0.2307365
0.2383310
0.2221055
0.1904131
0.1707703
0.1780506
0.1941821
0.1866335
0.1448777
0.0915970
0.0574999
0.0504912
0.0513261
0.0360563
0.0002231
-0.0384299
-0.0597117
-0.0617158
-0.0605186
-0.0711183
-0.0926398
-0.1122434
-0.1187987
-0.1110198
-0.0964442
-0.0853267
-0.0829164
-0.0854181
-0.0852191
-0.0807154
-0.0779463
-0.0813067
-0.0859311
-0.0818443
-0.0645250
-0.0402973
-0.0220890
-0.0195356
-0.0315626
-0.0486822
-0.0631657
-0.0750123
-0.0864196
-0.0940215
-0.0915428
-0.0792564
-0.0661754
-0.0617977
-0.0678749
-0.0781845
-0.0842590
-0.0817469
-0.0734734
-0.0667405
-0.0669425
-0.0740387
-0.0842923
-0.0924048
-0.0917304
-0.0772719
-0.0520709
-0.0280505
-0.0164929
-0.0176924
-0.0215071
-0.0172265
-0.0019214
0.0192498
0.0390055
0.0540494
0.0651950
0.0714785
0.0669552
0.0469711
0.0165922
-0.0117682
-0.0302525
-0.0421210
-0.0558568
-0.0759392
-0.1004772
-0.1246403
-0.1438966
-0.1554064
-0.1591516
-0.1591625
-0.1630938
-0.1775226
-0.1998300
-0.2155004
-0.2096632
-0.1846736
-0.1612702
-0.1566035
-0.1642559
-0.1636273
-0.1493140
-0.1428795
-0.1692210
-0.2238135
-0.2702354
-0.2723450
-0.2225540
-0.1295449
0.0198028
0.2672179
0.6296172
1.0349692
1.3303861
1.3790974
1.1646738
0.8049485
0.4642025
0.2449472
0.1470820
0.1093418
0.0771189
0.0351698
-0.0063145
-0.0385564
-0.0629274
-0.0837347
-0.1032092
-0.1227885
-0.1420664
-0.1552481
-0.1543756
-0.1392145
-0.1210482
-0.1136627
-0.1210261
-0.1347943
-0.1432762
-0.1422516
-0.1373019
-0.1360053
-0.1389240
-0.1397917
-0.1340066
-0.1239961
-0.1152003
-0.1095603
-0.1050017
-0.0993741
-0.0927139
-0.0868333
-0.0843465
-0.0868482
-0.0922472
-0.0945362
-0.0876542
-0.0699834
-0.0458059
-0.0235921
-0.0117340
-0.0125596
-0.0192378
-0.0206739
-0.0110906
0.0058364
0.0224275
0.0351647
0.0471721
0.0638923
0.0866975
0.1101728
0.1262665
0.1321476
0.1332839
0.1377789
0.1488035
0.1636887
0.1784248
0.1905533
0.1990106
0.2043859
0.2094369
0.2168708
0.2258970
0.2323059
0.2323684
0.2259941
0.2162159
0.2062393
0.1969242
0.1869721
0.1755526
0.1635382
0.1506478
0.1327650
0.1056052
0.0715797
0.0396574
0.0165128
-0.0001041
-0.0175252
-0.0394406
-0.0626043
-0.0806857
-0.0894574
-0.0890239
-0.0831854
-0.0775376
-0.0772937
-0.0847892
-0.0968486
-0.1048724
-0.1011112
-0.0875743
-0.0768066
-0.0803226
-0.0962887
-0.1109756
-0.1123379
-0.1003492
-0.0846863
-0.0751585
-0.0750238
-0.0810785
-0.0878941
-0.0917696
-0.0917493
-0.0886421
-0.0846467
-0.0833381
-0.0874430
-0.0954723
-0.1021091
-0.1031057
-0.0988865
-0.0930257
-0.0889557
-0.0889904
-0.0945840
-0.1055473
-0.1191547
-0.1304481
-0.1331536
-0.1217210
-0.0958466
-0.0642920
-0.0413548
-0.0358044
-0.0422281
-0.0445754
-0.0300772
-0.0010891
0.0268108
0.0398802
0.0397935
0.0402843
0.0492527
0.0572163
0.0472000
0.0151155
-0.0237969
-0.0501217
-0.0595162
-0.0654618
-0.0842671
-0.1187991
-0.1564927
-0.1817655
-0.1893936
-0.1865810
-0.1846474
-0.1903573
-0.2027969
-0.2143929
-0.2154027
-0.2028215
-0.1871623
-0.1852927
-0.2011046
-0.2158644
-0.2054724
-0.1702683
-0.1424015
-0.1565659
-0.2123544
-0.2704317
-0.2886864
-0.2563378
-0.1834200
-0.0591423
0.1598312
0.4981973
0.8956415
1.2081658
1.2971298
1.1311818
0.8074670
0.4761628
0.2404081
0.1137475
0.0516854
0.0087625
-0.0319211
-0.0660050
-0.0863515
-0.0920468
-0.0890675
-0.0886906
-0.1011957
-0.1250195
-0.1439253
-0.1415143
-0.1204090
-0.1028332
-0.1087456
-0.1345180
-0.1558551
-0.1522333
-0.1269543
-0.1021118
-0.0950802
-0.1026282
-0.1087637
-0.1047020
-0.0970130
-0.0966976
-0.1047507
-0.1109333
-0.1049212
-0.0865759
-0.0659276
-0.0543805
-0.0554681
-0.0629200
-0.0671228
-0.0633466
-0.0541727
-0.0454218
-0.0407456
-0.0389487
-0.0346775
-0.0221304
-0.0002270
0.0251115
0.0449326
0.0545799
0.0575140
0.0622362
0.0751504
0.0951798
0.1148908
0.1281061
0.1370656
0.1505170
0.1732858
0.1988864
0.2145656
0.2139651
0.2038460
0.1980260
0.2048583
0.2203265
0.2330560
0.2360689
0.2331945
0.2334600
0.2401580
0.2471791
0.2459670
0.2340682
0.2160271
0.1973146
0.1786503
0.1560704
0.1262654
0.0919958
0.0615354
0.0414410
0.0298926
0.0185056
0.0011660
-0.0197869
-0.0365271
-0.0443074
-0.0467496
-0.0525525
-0.0664711
-0.0834232
-0.0925364
-0.0878653
-0.0745987
-0.0641693
-0.0639380
-0.0720051
-0.0807725
-0.0844291
-0.0837774
-0.0847666
-0.0915186
-0.0999443
-0.0996967
-0.0847941
-0.0624672
-0.0492348
-0.0559653
-0.0763640
-0.0917397
-0.0893151
-0.0762215
-0.0730549
-0.0914413
-0.1194367
-0.1324842
-0.1191846
-0.0931990
-0.0781349
-0.0831068
-0.0960392
-0.1002058
-0.0936034
-0.0892377
-0.0970987
-0.1096985
-0.1089321
-0.0867331
-0.0548689
-0.0318812
-0.0229404
-0.0165249
-0.0004549
0.0232580
0.0418676
0.0475365
0.0453619
0.0447056
0.0455379
0.0376368
0.0144873
-0.0156201
-0.0367420
-0.0432985
-0.0468047
-0.0628774
-0.0947194
-0.1322059
-0.1644396
-0.1881452
-0.2037992
-0.2096423
-0.2046578
-0.1954862
-0.1935515
-0.2018253
-0.2088405
-0.2026104
-0.1896261
-0.1907297
-0.2124271
-0.2299284
-0.2118534
-0.1635273
-0.1328485
-0.1615306
-0.2342926
-0.2891755
-0.2813539
-0.2237491
-0.1507123
-0.0472406
0.1598775
0.5168393
0.9489244
1.2735037
1.3299643
1.1077564
0.7490156
0.4286274
0.2313662
0.1312397
0.0637480
-0.0007773
-0.0492152
-0.0660293
-0.0619336
-0.0621841
-0.0788916
-0.1030535
-0.1200274
-0.1251111
-0.1235483
-0.1217219
-0.1220386
-0.1232893
-0.1221530
-0.1154735
-0.1043746
-0.0960974
-0.0986013
-0.1115341
-0.1240830
-0.1244044
-0.1119934
-0.0991525
-0.0983678
-0.1085352
-0.1157615
-0.1085134
-0.0899935
-0.0739054
-0.0696364
-0.0743552
-0.0792152
-0.0797012
-0.0775335
-0.0740843
-0.0658042
-0.0486250
-0.0259540
-0.0087852
-0.0050401
-0.0096335
-0.0084370
0.0066420
0.0289744
0.0457478
0.0534961
0.0617244
0.0805768
0.1079344
0.1316310
0.1440082
0.1510374
0.1643864
0.1854667
0.2013905
0.1993900
0.1833581
0.1722534
0.1812863
0.2070667
0.2324823
0.2440787
0.2424974
0.2370861
0.2337622
0.2302997
0.2224860
0.2117837
0.2043512
0.2026217
0.2002495
0.1872830
0.1600433
0.1249155
0.0926037
0.0692381
0.0525025
0.0353818
0.0137144
-0.0092682
-0.0258271
-0.0313598
-0.0288529
-0.0256074
-0.0265673
-0.0318482
-0.0398711
-0.0504653
-0.0633282
-0.0743650
-0.0763998
-0.0660617
-0.0498225
-0.0402911
-0.0441362
-0.0548412
-0.0602041
-0.0568217
-0.0537448
-0.0601921
-0.0727182
-0.0785946
-0.0717794
-0.0615082
-0.0621203
-0.0759506
-0.0904546
-0.0938184
-0.0898085
-0.0923042
-0.1055087
-0.1157823
-0.1077517
-0.0855909
-0.0715079
-0.0810950
-0.1049635
-0.1196024
-0.1149905
-0.1057016
-0.1116333
-0.1311214
-0.1393752
-0.1158707
-0.0693606
-0.0305794
-0.0200892
-0.0277481
-0.0262463
-0.0017482
0.0328861
0.0543312
0.0534817
0.0416277
0.0348004
0.0365710
0.0379084
0.0308517
0.0173720
0.0031793
-0.0133551
-0.0408292
-0.0824456
-0.1278341
-0.1607921
-0.1747275
-0.1776705
-0.1812173
-0.1872197
-0.1885835
-0.1826010
-0.1784911
-0.1873664
-0.2064823
-0.2196344
-0.2156888
-0.2017206
-0.1923113
-0.1887695
-0.1778198
-0.1539043
-0.1348213
-0.1455300
-0.1867902
-0.2288071
-0.2398319
-0.2117461
-0.1451233
-0.0128806
0.2369835
0.6173611
1.0382118
1.3289357
1.3523967
1.1125829
0.7519176
0.4395178
0.2554736
0.1695839
0.1116856
0.0479496
-0.0071345
-0.0329167
-0.0373449
-0.0472012
-0.0749884
-0.1058894
-0.1175735
-0.1063985
-0.0903994
-0.0887559
-0.1022190
-0.1148446
-0.1132078
-0.1013517
-0.0952869
-0.1035967
-0.1164549
-0.1160991
-0.0970372
-0.0727221
-0.0612232
-0.0668062
-0.0781922
-0.0836096
-0.0830505
-0.0831107
-0.0829265
-0.0718216
-0.0440566
-0.0119409
0.0024308
-0.0095428
-0.0318594
-0.0395964
-0.0242307
0.0000741
0.0149832
0.0183389
0.0231620
0.0389463
0.0595234
0.0721162
0.0750684
0.0807752
0.0993652
0.1240012
0.1376883
0.1344133
0.1284289
0.1391982
0.1691883
0.2006309
0.2149606
0.2122660
0.2087656
0.2164808
0.2298703
0.2350749
0.2295643
0.2270697
0.2408808
0.2657976
0.2814281
0.2739232
0.2510739
0.2334895
0.2321868
0.2377423
0.2321711
0.2090498
0.1791637
0.1565884
0.1426688
0.1266093
0.1005406
0.0697265
0.0456985
0.0316756
0.0185981
-0.0034827
-0.0323793
-0.0544086
-0.0581563
-0.0463739
-0.0335856
-0.0326669
-0.0445855
-0.0603111
-0.0702643
-0.0708825
-0.0643772
-0.0555708
-0.0495219
-0.0495606
-0.0553144
-0.0629951
-0.0690219
-0.0734149
-0.0786115
-0.0849073
-0.0886687
-0.0865731
-0.0810589
-0.0792840
-0.0854054
-0.0954314
-0.1020492
-0.1040375
-0.1076858
-0.1174136
-0.1277918
-0.1285852
-0.1175245
-0.1044743
-0.1008855
-0.1071847
-0.1136856
-0.1135179
-0.1106195
-0.1121397
-0.1153592
-0.1077010
-0.0821290
-0.0489626
-0.0273221
-0.0244492
-0.0275777
-0.0187663
0.0047428
0.0285842
0.0389556
0.0377160
0.0370593
0.0417284
0.0418953
0.0260081
-0.0026321
-0.0272427
-0.0366441
-0.0394457
-0.0558275
-0.0957337
-0.1475575
-0.1883849
-0.2033745
-0.1953535
-0.1793865
-0.1711253
-0.1781076
-0.1963879
-0.2128348
-0.2145298
-0.2014054
-0.1893323
-0.1948405
-0.2139244
-0.2216469
-0.2003512
-0.1667929
-0.1610656
-0.2026136
-0.2637350
-0.2965222
-0.2835809
-0.2470498
-0.1982730
-0.0908860
0.1497493
0.5333940
0.9469770
1.2095932
1.2026063
0.9544345
0.6043515
0.2908545
0.0732971
-0.0591127
-0.1329389
-0.1609739
-0.1541926
-0.1370585
-0.1357425
-0.1547008
-0.1750592
-0.1788121
-0.1694483
-0.1653883
-0.1767971
-0.1943661
-0.2011389
-0.1910277
-0.1733089
-0.1613042
-0.1598122
-0.1633476
-0.1640451
-0.1599164
-0.1560177
-0.1582513
-0.1660298
-0.1714229
-0.1665750
-0.1523033
-0.1382882
-0.1336012
-0.1373892
-0.1403009
-0.1354315
-0.1261912
-0.1215825
-0.1243475
-0.1264724
-0.1178907
-0.0980559
-0.0765985
-0.0628132
-0.0568655
-0.0522378
-0.0446128
-0.0356703
-0.0282692
-0.0206516
-0.0077367
0.0121029
0.0335835
0.0492184
0.0570533
0.0624310
0.0716181
0.0844599
0.0942511
0.0950404
0.0887958
0.0850736
0.0930587
0.1130549
0.1354749
0.1489481
0.1504099
0.1473636
0.1497040
0.1591533
0.1672464
0.1642387
0.1499322
0.1350776
0.1313149
0.1392736
0.1466753
0.1386276
0.1104331
0.0711341
0.0353266
0.0115414
-0.0025840
-0.0153900
-0.0321857
-0.0504903
-0.0633759
-0.0672401
-0.0662027
-0.0686009
-0.0790707
-0.0943480
-0.1070135
-0.1129158
-0.1142246
-0.1152004
-0.1161645
-0.1132408
-0.1044498
-0.0945016
-0.0913700
-0.0975551
-0.1063298
-0.1084543
-0.1026170
-0.0976846
-0.1033947
-0.1190335
-0.1324359
-0.1311046
-0.1145412
-0.0953226
-0.0877232
-0.0951903
-0.1088421
-0.1176597
-0.1193706
-0.1211368
-0.1302452
-0.1451190
-0.1560976
-0.1551035
-0.1441964
-0.1341136
-0.1340366
-0.1427247
-0.1497071
-0.1450234
-0.1277296
-0.1053072
-0.0855690
-0.0697035
-0.0531115
-0.0322968
-0.0098946
0.0077830
0.0177869
0.0236398
0.0301017
0.0352174
0.0297850
0.0069610
-0.0274674
-0.0565750
-0.0666973
-0.0613405
-0.0597262
-0.0798969
-0.1223557
-0.1699183
-0.2029368
-0.2144598
-0.2122651
-0.2091004
-0.2120605
-0.2190963
-0.2227290
-0.2171763
-0.2046502
-0.1957070
-0.2003288
-0.2154762
-0.2236652
-0.2102181
-0.1844012
-0.1773939
-0.2109509
-0.2679902
-0.3030596
-0.2876480
-0.2378563
-0.1838288
-0.1100678
0.0566279
0.3769901
0.8083736
1.1945746
1.3651516
1.2597681
0.9637336
0.6291133
0.3646555
0.1922947
0.0845692
0.0182048
-0.0136692
-0.0221782
-0.0312000
-0.0578445
-0.0938792
-0.1164294
-0.1160562
-0.1071832
-0.1091769
-0.1233393
-0.1340789
-0.1304997
-0.1201101
-0.1185833
-0.1299694
-0.1418655
-0.1400546
-0.1242108
-0.1072941
-0.1014145
-0.1066382
-0.1129565
-0.1106156
-0.0978117
-0.0806488
-0.0680362
-0.0660092
-0.0739280
-0.0841379
-0.0864356
-0.0756476
-0.0563037
-0.0390449
-0.0309616
-0.0291288
-0.0242903
-0.0110587
0.0064313
0.0198311
0.0270119
0.0355875
0.0548362
0.0845441
0.1134945
0.1301351
0.1342517
0.1367681
0.1476258
0.1650541
0.1782254
0.1803638
0.1775178
0.1829615
0.2032918
0.2314616
0.2539666
0.2637215
0.2647614
0.2651617
0.2677119
0.2688692
0.2655744
0.2605061
0.2594361
0.2644885
0.2715929
0.2746147
0.2706614
0.2606824
0.2461348
0.2270350
0.2037203
0.1789334
0.1563668
0.1369930
0.1180577
0.0965360
0.0730866
0.0516939
0.0355139
0.0240923
0.0150182
0.0070594
0.0001196
-0.0074850
-0.0191105
-0.0349908
-0.0481496
-0.0482720
-0.0320804
-0.0093404
0.0038968
-0.0003283
-0.0145964
-0.0241478
-0.0220000
-0.0148870
-0.0139379
-0.0212541
-0.0279562
-0.0255882
-0.0170162
-0.0137168
-0.0225920
-0.0378040
-0.0471390
-0.0454077
-0.0394217
-0.0392063
-0.0461673
-0.0521196
-0.0499113
-0.0425740
-0.0397981
-0.0458209
-0.0534351
-0.0521204
-0.0416887
-0.0352229
-0.0457685
-0.0695387
-0.0845596
-0.0694127
-0.0251270
0.0227604
0.0465319
0.0419282
0.0308399
0.0378698
0.0654411
0.0938856
0.1053529
0.1037289
0.1076896
0.1256224
0.1428007
0.1368723
0.1038766
0.0641187
0.0408689
0.0363878
0.0316172
0.0076159
-0.0362125
-0.0842300
-0.1194771
-0.1338727
-0.1285208
-0.1116590
-0.0976188
-0.1004993
-0.1214011
-0.1431769
-0.1454174
-0.1277766
-0.1125694
-0.1179914
-0.1325238
-0.1265604
-0.0928718
-0.0653046
-0.0847772
-0.1475583
-0.2006791
-0.1965642
-0.1418380
-0.0739605
0.0123113
0.1922140
0.5362350
0.9997252
1.4045174
1.5563875
1.3970444
1.0452486
0.6912425
0.4522940
0.3214109
0.2316415
0.1447827
0.0735094
0.0385679
0.0306674
0.0216191
-0.0004175
-0.0212144
-0.0251839
-0.0185849
-0.0218072
-0.0432517
-0.0684464
-0.0761514
-0.0607394
-0.0361191
-0.0201968
-0.0189484
-0.0251462
-0.0287726
-0.0261530
-0.0203220
-0.0156128
-0.0132455
-0.0112096
-0.0072851
-0.0020920
0.0008284
-0.0012764
-0.0060931
-0.0066248
0.0026971
0.0201144
0.0377891
0.0494811
0.0563264
0.0643557
0.0769326
0.0910672
0.1016773
0.1081415
0.1146907
0.1240607
0.1328937
0.1357737
0.1335498
0.1348415
0.1470296
0.1664779
0.1803921
0.1801094
0.1718168
0.1720056
0.1910118
0.2215703
0.2450640
0.2496691
0.2416800
0.2384389
0.2508100
0.2734563
0.2916720
0.2960395
0.2897764
0.2830953
0.2822073
0.2843587
0.2826905
0.2746157
0.2645710
0.2584325
0.2557277
0.2481734
0.2267759
0.1910052
0.1508577
0.1188981
0.0992877
0.0846757
0.0644957
0.0361573
0.0072054
-0.0133785
-0.0242877
-0.0312861
-0.0390121
-0.0461110
-0.0494560
-0.0512239
-0.0587765
-0.0761789
-0.0970620
-0.1082692
-0.1019482
-0.0837030
-0.0679894
-0.0653981
-0.0746025
-0.0859711
-0.0917138
-0.0921989
-0.0935059
-0.1000742
-0.1100403
-0.1173665
-0.1180891
-0.1141838
-0.1112467
-0.1126895
-0.1166593
-0.1188152
-0.1178575
-0.1176681
-0.1230944
-0.1332085
-0.1398552
-0.1351005
-0.1211989
-0.1116119
-0.1194004
-0.1434453
-0.1672976
-0.1733063
-0.1582415
-0.1342939
-0.1147426
-0.1005172
-0.0829511
-0.0588208
-0.0379963
-0.0320552
-0.0366748
-0.0315206
-0.0022854
0.0387501
0.0596779
0.0400028
-0.0063780
-0.0424433
-0.0438172
-0.0223252
-0.0128486
-0.0378870
-0.0874014
-0.1335318
-0.1612264
-0.1800994
-0.2065018
-0.2394192
-0.2598055
-0.2544602
-0.2356354
-0.2309104
-0.2522575
-0.2801229
-0.2841295
-0.2589756
-0.2324993
-0.2332530
-0.2552214
-0.2648799
-0.2454708
-0.2240266
-0.2429751
-0.3062963
-0.3667555
-0.3740158
-0.3253457
-0.2512629
-0.1498044
0.0411405
0.3771734
0.8065306
1.1562838
1.2468164
1.0354097
0.6492921
0.2780938
0.0346123
-0.0891223
-0.1553420
-0.1977444
-0.2086125
-0.1848206
-0.1574513
-0.1653350
-0.2105656
-0.2550492
-0.2629798
-0.2384040
-0.2162651
-0.2214684
-0.2438478
-0.2534310
-0.2341864
-0.1986711
-0.1722305
-0.1684993
-0.1817418
-0.1980306
-0.2079409
-0.2086515
-0.2002372
-0.1853525
-0.1710578
-0.1652013
-0.1680218
-0.1697076
-0.1600403
-0.1409149
-0.1263331
-0.1274449
-0.1384900
-0.1406715
-0.1214308
-0.0882830
-0.0617608
-0.0554209
-0.0643757
-0.0723929
-0.0672776
-0.0489882
-0.0263860
-0.0092281
-0.0018348
-0.0003762
0.0051847
0.0235817
0.0529908
0.0791853
0.0864709
0.0734716
0.0571601
0.0580201
0.0799671
0.1066694
0.1189132
0.1139646
0.1059664
0.1086593
0.1210793
0.1313199
0.1318391
0.1279173
0.1303314
0.1414867
0.1510863
0.1464283
0.1260772
0.1018941
0.0872353
0.0839643
0.0814636
0.0676370
0.0401535
0.0073537
-0.0207128
-0.0413831
-0.0598109
-0.0814238
-0.1051292
-0.1240930
-0.1321025
-0.1286900
-0.1196342
-0.1141995
-0.1205926
-0.1403518
-0.1651497
-0.1809997
-0.1789751
-0.1632120
-0.1474340
-0.1423006
-0.1459610
-0.1475833
-0.1400994
-0.1282232
-0.1228326
-0.1283037
-0.1374970
-0.1398858
-0.1330430
-0.1247993
-0.1248692
-0.1355182
-0.1498607
-0.1579978
-0.1551301
-0.1453977
-0.1387391
-0.1431656
-0.1583975
-0.1757306
-0.1841062
-0.1779888
-0.1616804
-0.1469229
-0.1449006
-0.1579340
-0.1769403
-0.1868784
-0.1768721
-0.1482678
-0.1142328
-0.0896760
-0.0789837
-0.0734303
-0.0618616
-0.0432499
-0.0263666
-0.0171723
-0.0106688
0.0009359
0.0135452
0.0108171
-0.0170153
-0.0562029
-0.0784636
-0.0712029
-0.0551754
-0.0648681
-0.1099088
-0.1623202
-0.1873035
-0.1829094
-0.1810324
-0.2076815
-0.2500451
-0.2702247
-0.2494880
-0.2106288
-0.1929347
-0.2105152
-0.2418637
-0.2579630
-0.2511724
-0.2333348
-0.2154283
-0.2007746
-0.1957844
-0.2124690
-0.2515422
-0.2907054
-0.3015222
-0.2759806
-0.2221176
-0.1271023
0.0598834
0.3818403
0.7981837
1.1662516
1.3230087
1.2043062
0.8907649
0.5386934
0.2667995
0.1014743
0.0087210
-0.0462648
-0.0764487
-0.0894382
-0.1011371
-0.1241271
-0.1516475
-0.1647311
-0.1563256
-0.1412585
-0.1385479
-0.1487256
-0.1552613
-0.1474965
-0.1348163
-0.1340717
-0.1471086
-0.1571200
-0.1481764
-0.1243165
-0.1062703
-0.1100540
-0.1308443
-0.1483115
-0.1464647
-0.1273355
-0.1064052
-0.0970825
-0.1003355
-0.1069541
-0.1068502
-0.0961369
-0.0779072
-0.0583892
-0.0425371
-0.0323428
-0.0277273
-0.0269433
-0.0256176
-0.0181667
-0.0034831
0.0114082
0.0175958
0.0166135
0.0237454
0.0539361
0.1026161
0.1439948
0.1534059
0.1325600
0.1092413
0.1091470
0.1303079
0.1495486
0.1529388
0.1527048
0.1697342
0.2039922
0.2305038
0.2270072
0.2006374
0.1819091
0.1922555
0.2213671
0.2391627
0.2285728
0.2029774
0.1902812
0.2025796
0.2243170
0.2293045
0.2062132
0.1667009
0.1312628
0.1095912
0.0944018
0.0723700
0.0393124
0.0041286
-0.0209880
-0.0320892
-0.0349021
-0.0374493
-0.0439363
-0.0548483
-0.0690867
-0.0836913
-0.0930849
-0.0920157
-0.0812712
-0.0697799
-0.0684345
-0.0796223
-0.0932465
-0.0953985
-0.0821768
-0.0640640
-0.0559209
-0.0633357
-0.0790068
-0.0909699
-0.0930550
-0.0881745
-0.0833040
-0.0822340
-0.0831979
-0.0829502
-0.0816628
-0.0823070
-0.0857134
-0.0885998
-0.0878702
-0.0857390
-0.0886057
-0.1000015
-0.1151423
-0.1237221
-0.1193832
-0.1065824
-0.0969855
-0.0985771
-0.1093470
-0.1218486
-0.1313352
-0.1368854
-0.1361554
-0.1235782
-0.0962261
-0.0601544
-0.0285812
-0.0124673
-0.0120134
-0.0164603
-0.0120698
0.0081533
0.0395339
0.0676342
0.0757178
0.0556084
0.0166551
-0.0167172
-0.0229974
-0.0042917
0.0122778
-0.0017613
-0.0495076
-0.1066599
-0.1460727
-0.1621648
-0.1698863
-0.1824021
-0.1952581
-0.1953453
-0.1815404
-0.1691006
-0.1715368
-0.1842605
-0.1919176
-0.1881965
-0.1799052
-0.1715593
-0.1571496
-0.1355271
-0.1270099
-0.1588706
-0.2278388
-0.2876036
-0.2881539
-0.2270137
-0.1445715
-0.0566923
0.0949969
0.3956441
0.8419955
1.2851919
1.5152819
1.4232111
1.0867398
0.6997266
0.4190743
0.2730577
0.1956415
0.1229851
0.0470721
-0.0078199
-0.0330632
-0.0466228
-0.0659454
-0.0869450
-0.0947765
-0.0869049
-0.0774832
-0.0802994
-0.0932127
-0.1016065
-0.0952879
-0.0800194
-0.0719781
-0.0811716
-0.1008503
-0.1135230
-0.1068966
-0.0836761
-0.0571774
-0.0392895
-0.0325746
-0.0318300
-0.0313067
-0.0298926
-0.0299364
-0.0325460
-0.0354849
-0.0352292
-0.0292135
-0.0161633
0.0028325
0.0222066
0.0341730
0.0371348
0.0410578
0.0598299
0.0954891
0.1319071
0.1482532
0.1411895
0.1322849
0.1491169
0.1960814
0.2456934
0.2628341
0.2386679
0.1985915
0.1766736
0.1853842
0.2113256
0.2358514
0.2538731
0.2719083
0.2930395
0.3096729
0.3124365
0.3026635
0.2920957
0.2906886
0.2986050
0.3109742
0.3252049
0.3387744
0.3428866
0.3262584
0.2884881
0.2457016
0.2180551
0.2109957
0.2107790
0.1990671
0.1705035
0.1347374
0.1026926
0.0747972
0.0449636
0.0129776
-0.0127308
-0.0256577
-0.0298934
-0.0348742
-0.0439000
-0.0517173
-0.0531193
-0.0506146
-0.0520230
-0.0615827
-0.0747719
-0.0822929
-0.0790165
-0.0687562
-0.0604560
-0.0604134
-0.0679131
-0.0764219
-0.0782009
-0.0705047
-0.0601989
-0.0604507
-0.0782558
-0.1043137
-0.1188930
-0.1104966
-0.0879019
-0.0723628
-0.0782452
-0.1015425
-0.1258437
-0.1376768
-0.1360627
-0.1295728
-0.1272814
-0.1330802
-0.1448242
-0.1547728
-0.1528443
-0.1362297
-0.1178259
-0.1184645
-0.1440550
-0.1728038
-0.1729973
-0.1364861
-0.0900847
-0.0688559
-0.0787805
-0.0905541
-0.0727878
-0.0278976
0.0106520
0.0168318
0.0004232
-0.0086282
0.0007662
0.0078407
-0.0118030
-0.0539705
-0.0901547
-0.1015773
-0.1003745
-0.1134760
-0.1507270
-0.1958538
-0.2285832
-0.2475802
-0.2653149
-0.2850331
-0.2940658
-0.2831330
-0.2627989
-0.2521486
-0.2558005
-0.2622585
-0.2639155
-0.2665587
-0.2738520
-0.2737390
-0.2546466
-0.2332435
-0.2480804
-0.3126356
-0.3832971
-0.3941591
-0.3282765
-0.2342953
-0.1527131
-0.0367183
0.2177486
0.6400361
1.0948315
1.3535259
1.2742348
0.9156280
0.4779959
0.1416257
-0.0398525
-0.1156722
-0.1481468
-0.1626531
-0.1643314
-0.1659383
-0.1813278
-0.2047654
-0.2168012
-0.2117611
-0.2063424
-0.2161850
-0.2334996
-0.2363836
-0.2165445
-0.1894552
-0.1760775
-0.1805530
-0.1897412
-0.1914045
-0.1866048
-0.1828826
-0.1810685
-0.1748948
-0.1620706
-0.1490498
-0.1429291
-0.1436354
-0.1469729
-0.1507682
-0.1533560
-0.1493304
-0.1337999
-0.1119057
-0.0983897
-0.1026714
-0.1151748
-0.1134739
-0.0858209
-0.0468889
-0.0244576
-0.0281884
-0.0369369
-0.0230692
0.0133764
0.0432414
0.0430129
0.0238007
0.0192171
0.0468164
0.0886023
0.1125766
0.1095378
0.1023248
0.1169928
0.1504742
0.1741435
0.1691574
0.1497815
0.1460880
0.1684973
0.1975600
0.2086277
0.1994008
0.1893784
0.1957880
0.2151839
0.2296284
0.2276859
0.2153127
0.2054255
0.2010730
0.1936759
0.1764627
0.1533798
0.1323862
0.1145672
0.0941760
0.0676894
0.0388969
0.0144451
-0.0037112
-0.0200415
-0.0392014
-0.0586900
-0.0700715
-0.0691541
-0.0627766
-0.0622676
-0.0711375
-0.0826080
-0.0887391
-0.0880072
-0.0832781
-0.0764962
-0.0683443
-0.0614813
-0.0607609
-0.0683967
-0.0792202
-0.0833369
-0.0765526
-0.0673513
-0.0687788
-0.0816801
-0.0908463
-0.0823096
-0.0617675
-0.0502335
-0.0608602
-0.0839526
-0.0972076
-0.0898662
-0.0748875
-0.0754499
-0.0988187
-0.1262168
-0.1322326
-0.1132706
-0.0917634
-0.0909290
-0.1101644
-0.1287723
-0.1306658
-0.1201402
-0.1125939
-0.1134718
-0.1109260
-0.0914642
-0.0599801
-0.0374667
-0.0358614
-0.0411000
-0.0285933
0.0062112
0.0406865
0.0503948
0.0355082
0.0177828
0.0146857
0.0220577
0.0232157
0.0107867
-0.0061359
-0.0178993
-0.0313066
-0.0625578
-0.1130566
-0.1610887
-0.1835262
-0.1813850
-0.1773731
-0.1895843
-0.2130832
-0.2277048
-0.2199567
-0.1960957
-0.1761760
-0.1765416
-0.1963681
-0.2185638
-0.2227835
-0.2007923
-0.1654537
-0.1462403
-0.1676874
-0.2235095
-0.2753760
-0.2874561
-0.2611610
-0.2214140
-0.1611372
-0.0136396
0.2942905
0.7463703
1.1983339
1.4548248
1.4077525
1.1143211
0.7437864
0.4461238
0.2650835
0.1595673
0.0820180
0.0220987
-0.0113538
-0.0231038
-0.0334744
-0.0559810
-0.0847343
-0.1057767
-0.1153712
-0.1224313
-0.1335820
-0.1416174
-0.1339359
-0.1104208
-0.0864769
-0.0772143
-0.0839358
-0.0978067
-0.1108697
-0.1195368
-0.1216630
-0.1158178
-0.1033186
-0.0886735
-0.0777270
-0.0745660
-0.0779825
-0.0813066
-0.0784359
-0.0699380
-0.0609579
-0.0543452
-0.0489818
-0.0432830
-0.0359901
-0.0243619
-0.0063982
0.0145738
0.0310310
0.0376593
0.0350738
0.0288703
0.0276500
0.0395623
0.0660446
0.0986361
0.1245522
0.1360708
0.1351658
0.1320176
0.1391743
0.1618194
0.1908161
0.2097087
0.2121952
0.2092340
0.2157374
0.2339696
0.2537862
0.2659205
0.2703557
0.2725828
0.2750395
0.2735531
0.2631296
0.2476324
0.2397936
0.2467606
0.2580516
0.2546463
0.2300289
0.1962352
0.1687590
0.1514555
0.1371920
0.1174009
0.0887990
0.0550619
0.0243785
0.0034918
-0.0065994
-0.0089342
-0.0077278
-0.0092651
-0.0209313
-0.0440754
-0.0700157
-0.0872747
-0.0909716
-0.0829405
-0.0672987
-0.0501664
-0.0393555
-0.0387762
-0.0453746
-0.0548996
-0.0670125
-0.0810010
-0.0905337
-0.0878205
-0.0719015
-0.0508748
-0.0374585
-0.0412314
-0.0600722
-0.0791083
-0.0839844
-0.0759709
-0.0686067
-0.0701023
-0.0764605
-0.0819349
-0.0870621
-0.0933201
-0.0973663
-0.0952335
-0.0885747
-0.0842149
-0.0890450
-0.1040658
-0.1209081
-0.1275405
-0.1213057
-0.1119853
-0.1074081
-0.1022154
-0.0878356
-0.0672023
-0.0499912
-0.0376077
-0.0232505
-0.0050574
0.0102203
0.0172691
0.0197239
0.0262511
0.0406675
0.0547329
0.0525430
0.0283014
-0.0019047
-0.0165025
-0.0172850
-0.0289468
-0.0657256
-0.1118316
-0.1427682
-0.1549332
-0.1641749
-0.1821709
-0.2038320
-0.2159241
-0.2130682
-0.2049436
-0.2058902
-0.2156471
-0.2178499
-0.2044187
-0.1907871
-0.1929942
-0.1994408
-0.1867535
-0.1609001
-0.1591040
-0.2040512
-0.2722016
-0.3162924
-0.3098098
-0.2599833
-0.1764491
-0.0314630
0.2330367
0.6328241
1.0697849
1.3627543
1.3813656
1.1503806
0.8149725
0.5170844
0.3141688
0.1898465
0.1057162
0.0390472
-0.0102524
-0.0384928
-0.0576872
-0.0850977
-0.1169584
-0.1337991
-0.1335598
-0.1345969
-0.1419216
-0.1396335
-0.1247922
-0.1179091
-0.1282870
-0.1387801
-0.1368301
-0.1313954
-0.1292193
-0.1248493
-0.1211879
-0.1262953
-0.1266760
-0.1039728
-0.0786745
-0.0870713
-0.1136342
-0.1083230
-0.0766048
-0.0753683
-0.1003094
-0.0661881
0.0571128
