-0.2579071
-0.4090862
0.1020767
0.6709135
1.0294456
1.3294787
1.5420012
1.4179251
0.9872556
0.5799054
0.3463260
0.1574297
-0.0382080
-0.1275922
-0.1034832
-0.0997571
-0.1451782
-0.1454796
-0.1038305
-0.1220339
-0.1955425
-0.2190575
-0.1785233
-0.1537197
-0.1596518
-0.1502161
-0.1392051
-0.1668411
-0.1935242
-0.1641278
-0.1230886
-0.1391303
-0.1767487
-0.1618157
-0.1122503
-0.0924998
-0.0997315
-0.0951025
-0.0869215
-0.0950433
-0.0942524
-0.0674756
-0.0507043
-0.0629999
-0.0624254
-0.0257197
0.0037510
-0.0031072
-0.0098453
0.0107218
0.0277093
0.0198134
0.0177214
0.0423801
0.0697517
0.0847996
0.1044147
0.1283584
0.1336532
0.1287494
0.1470401
0.1821315
0.1963917
0.1929333
0.2108191
0.2515299
0.2774576
0.2800802
0.2867608
0.3052716
0.3185783
0.3253020
0.3346843
0.3375148
0.3285896
0.3339256
0.3689838
0.3983546
0.3841125
0.3444673
0.3188518
0.3056741
0.2788018
0.2360605
0.1913291
0.1468506
0.1057589
0.0809799
0.0654130
0.0288897
-0.0321572
-0.0809489
-0.0969689
-0.1050330
-0.1283457
-0.1546318
-0.1679237
-0.1737506
-0.1763571
-0.1689880
-0.1589823
-0.1658560
-0.1870136
-0.2008294
-0.2048803
-0.2136518
-0.2213233
-0.2078081
-0.1794684
-0.1640573
-0.1679219
-0.1744981
-0.1787630
-0.1875389
-0.1940117
-0.1863204
-0.1724586
-0.1666228
-0.1636814
-0.1544652
-0.1486439
-0.1550912
-0.1599738
-0.1517331
-0.1460666
-0.1590204
-0.1770842
-0.1797026
-0.1704024
-0.1631744
-0.1594535
-0.1574848
-0.1620029
-0.1693255
-0.1669258
-0.1592175
-0.1662131
-0.1866282
-0.1929231
-0.1740565
-0.1527123
-0.1483740
-0.1512024
-0.1429510
-0.1197402
-0.0884156
-0.0622723
-0.0589302
-0.0775654
-0.0832894
-0.0427909
0.0289114
0.0854714
0.1070865
0.1129408
0.1226066
0.1348412
0.1414276
0.1367236
0.1167142
0.0875476
0.0666340
0.0586971
0.0438811
0.0055576
-0.0471771
-0.1005916
-0.1581411
-0.2214371
-0.2706634
-0.2867221
-0.2774278
-0.2642407
-0.2586151
-0.2642961
-0.2833262
-0.3057106
-0.3118579
-0.2985186
-0.2860875
-0.2908534
-0.3055069
-0.3121707
-0.2996188
-0.2693205
-0.2435938
-0.2607974
-0.3339970
-0.4170675
-0.4425583
-0.3938863
-0.3079067
-0.2000340
-0.0195042
0.2987205
0.7426054
1.1876948
1.4561218
1.4354423
1.1662095
0.8092080
0.5118079
0.3104795
0.1623206
0.0359970
-0.0583958
-0.1073945
-0.1226389
-0.1298903
-0.1489843
-0.1826680
-0.2141363
-0.2228825
-0.2108966
-0.2019402
-0.2093078
-0.2204484
-0.2202609
-0.2115452
-0.2042280
-0.2016799
-0.2049715
-0.2136839
-0.2171545
-0.2029119
-0.1782793
-0.1650898
-0.1691141
-0.1734392
-0.1655450
-0.1522054
-0.1436744
-0.1399066
-0.1357378
-0.1262884
-0.1076174
-0.0840975
-0.0702327
-0.0718521
-0.0733884
-0.0591937
-0.0381214
-0.0290935
-0.0308321
-0.0249942
-0.0033221
0.0254794
0.0509852
0.0691411
0.0804729
0.0908978
0.1074482
0.1261717
0.1354474
0.1376706
0.1522459
0.1879871
0.2282093
0.2536194
0.2654097
0.2754715
0.2875994
0.2987619
0.3078550
0.3153666
0.3233280
0.3379406
0.3610306
0.3796402
0.3786767
0.3627761
0.3490115
0.3388595
0.3159386
0.2728925
0.2227927
0.1804914
0.1466769
0.1127742
0.0710554
0.0206118
-0.0282476
-0.0606847
-0.0770857
-0.0969340
-0.1318053
-0.1656468
-0.1765457
-0.1681913
-0.1633795
-0.1733416
-0.1888581
-0.1972019
-0.1955414
-0.1907692
-0.1933928
-0.2064489
-0.2173084
-0.2103578
-0.1903938
-0.1796118
-0.1871545
-0.1973858
-0.1948880
-0.1853923
-0.1831404
-0.1906241
-0.1996472
-0.2025553
-0.1962493
-0.1834265
-0.1728316
-0.1704905
-0.1714845
-0.1692473
-0.1684761
-0.1761925
-0.1849350
-0.1806692
-0.1648929
-0.1532178
-0.1530222
-0.1568354
-0.1573621
-0.1562109
-0.1575605
-0.1628194
-0.1703414
-0.1739429
-0.1667763
-0.1529014
-0.1469037
-0.1545641
-0.1630042
-0.1577175
-0.1391610
-0.1146745
-0.0863605
-0.0577063
-0.0408152
-0.0433463
-0.0536358
-0.0486082
-0.0143216
0.0431503
0.1002735
0.1298268
0.1242052
0.1073962
0.1119239
0.1411904
0.1660613
0.1604793
0.1280533
0.0908518
0.0636660
0.0427647
0.0115078
-0.0434475
-0.1138987
-0.1713663
-0.1964682
-0.2023757
-0.2167785
-0.2448985
-0.2652275
-0.2612865
-0.2439363
-0.2386294
-0.2574432
-0.2855805
-0.2946413
-0.2735979
-0.2456118
-0.2425445
-0.2617846
-0.2673050
-0.2430636
-0.2252031
-0.2600868
-0.3395544
-0.4002466
-0.3896843
-0.3175667
-0.2305986
-0.1377514
0.0271897
0.3461885
0.8031302
1.2400379
1.4565700
1.3690918
1.0687595
0.7281081
0.4657713
0.2962064
0.1763380
0.0728186
-0.0131035
-0.0669111
-0.0913211
-0.1081814
-0.1320503
-0.1543329
-0.1612868
-0.1573203
-0.1584026
-0.1697238
-0.1831300
-0.1919587
-0.1958374
-0.1941529
-0.1864886
-0.1776619
-0.1729333
-0.1701624
-0.1639415
-0.1544391
-0.1461054
-0.1414675
-0.1409347
-0.1437078
-0.1450199
-0.1386285
-0.1253611
-0.1125027
-0.1028645
-0.0930128
-0.0836407
-0.0805339
-0.0819904
-0.0767265
-0.0593875
-0.0384062
-0.0233622
-0.0129190
-0.0000198
0.0176826
0.0362419
0.0496428
0.0550991
0.0585663
0.0723079
0.1007847
0.1329377
0.1559697
0.1716109
0.1892521
0.2084132
0.2204423
0.2252715
0.2343137
0.2556589
0.2846474
0.3100578
0.3247958
0.3315219
0.3404886
0.3583629
0.3778857
0.3854316
0.3802986
0.3761423
0.3791310
0.3765161
0.3548084
0.3192587
0.2852505
0.2569817
0.2246025
0.1798172
0.1273869
0.0813141
0.0513448
0.0320016
0.0072024
-0.0302430
-0.0681864
-0.0913885
-0.1027813
-0.1172246
-0.1376623
-0.1514516
-0.1506679
-0.1428421
-0.1386015
-0.1396524
-0.1431904
-0.1496297
-0.1605722
-0.1730779
-0.1794623
-0.1730972
-0.1562544
-0.1417403
-0.1407293
-0.1479017
-0.1474790
-0.1369624
-0.1332883
-0.1482005
-0.1687143
-0.1732085
-0.1592450
-0.1433802
-0.1376394
-0.1377599
-0.1344439
-0.1274958
-0.1255585
-0.1341135
-0.1458462
-0.1462222
-0.1312196
-0.1144942
-0.1102850
-0.1145764
-0.1139603
-0.1091450
-0.1147201
-0.1345241
-0.1520936
-0.1515140
-0.1370082
-0.1248828
-0.1232822
-0.1268218
-0.1278453
-0.1274038
-0.1336014
-0.1489078
-0.1613394
-0.1543173
-0.1263937
-0.0930423
-0.0657766
-0.0404594
-0.0136709
0.0016767
-0.0074752
-0.0270174
-0.0203674
0.0350282
0.1223394
0.1989658
0.2333725
0.2297278
0.2185817
0.2229656
0.2355116
0.2327482
0.2075548
0.1765645
0.1548885
0.1357269
0.1009824
0.0441550
-0.0231905
-0.0826735
-0.1229335
-0.1463659
-0.1641900
-0.1817101
-0.1902331
-0.1800468
-0.1596017
-0.1520252
-0.1698784
-0.2003486
-0.2192637
-0.2163278
-0.2038679
-0.2008645
-0.2084989
-0.2058508
-0.1787020
-0.1511367
-0.1705617
-0.2493442
-0.3350057
-0.3588669
-0.3102545
-0.2387254
-0.1726136
-0.0536193
0.2188616
0.6626504
1.1390767
1.4281586
1.4000195
1.1175361
0.7660850
0.4887480
0.3003134
0.1469039
0.0084030
-0.0823930
-0.1022059
-0.0821380
-0.0777555
-0.1085580
-0.1426842
-0.1422611
-0.1123339
-0.0940934
-0.1127522
-0.1477092
-0.1620457
-0.1485983
-0.1314866
-0.1284897
-0.1309056
-0.1235673
-0.1092193
-0.1032870
-0.1111195
-0.1196520
-0.1126581
-0.0907453
-0.0723942
-0.0724385
-0.0823827
-0.0796127
-0.0566097
-0.0310549
-0.0220621
-0.0259658
-0.0246214
-0.0113634
0.0022358
0.0044219
-0.0005188
0.0030764
0.0241388
0.0534522
0.0722189
0.0736924
0.0726468
0.0875314
0.1160862
0.1378093
0.1408261
0.1365580
0.1444347
0.1700209
0.2029767
0.2310319
0.2508249
0.2671590
0.2846465
0.3005113
0.3075101
0.3055325
0.3060433
0.3201161
0.3451215
0.3686214
0.3825294
0.3875204
0.3862705
0.3796830
0.3695400
0.3591558
0.3502002
0.3407631
0.3251497
0.2949048
0.2451058
0.1831992
0.1271066
0.0897991
0.0680258
0.0486567
0.0223931
-0.0110188
-0.0460104
-0.0754819
-0.0951944
-0.1072012
-0.1168984
-0.1259527
-0.1317554
-0.1340404
-0.1367947
-0.1421021
-0.1467072
-0.1464929
-0.1411359
-0.1339192
-0.1299843
-0.1335618
-0.1427403
-0.1485307
-0.1441009
-0.1334586
-0.1256831
-0.1223836
-0.1175017
-0.1089977
-0.1036413
-0.1079922
-0.1188494
-0.1251491
-0.1185058
-0.1018833
-0.0875587
-0.0842697
-0.0871851
-0.0854758
-0.0793446
-0.0810594
-0.0957520
-0.1101834
-0.1084091
-0.0932291
-0.0831633
-0.0895226
-0.1038898
-0.1098847
-0.1028766
-0.0946071
-0.0980774
-0.1104501
-0.1157226
-0.1055496
-0.0901413
-0.0817514
-0.0738347
-0.0494386
-0.0101173
0.0174383
0.0115135
-0.0146988
-0.0218513
0.0169607
0.0896925
0.1572954
0.1903833
0.1932446
0.1918812
0.2020300
0.2149844
0.2144954
0.1980795
0.1756173
0.1536517
0.1294881
0.0975610
0.0537830
-0.0046698
-0.0757922
-0.1475433
-0.2018214
-0.2271066
-0.2267973
-0.2152704
-0.2064652
-0.2054218
-0.2097230
-0.2175709
-0.2305031
-0.2462640
-0.2553449
-0.2522727
-0.2462252
-0.2493342
-0.2555241
-0.2457557
-0.2207754
-0.2152935
-0.2637079
-0.3531694
-0.4248576
-0.4295368
-0.3740671
-0.2984823
-0.2036280
-0.0193555
0.3280676
0.8061096
1.2490947
1.4640968
1.3745475
1.0638007
0.6901458
0.3712717
0.1407082
-0.0169640
-0.1175240
-0.1654546
-0.1712098
-0.1600130
-0.1565066
-0.1661905
-0.1785090
-0.1854940
-0.1900191
-0.1968450
-0.2049259
-0.2115954
-0.2168757
-0.2193563
-0.2140586
-0.1997422
-0.1838817
-0.1749476
-0.1726124
-0.1705640
-0.1670767
-0.1672965
-0.1739661
-0.1795636
-0.1717440
-0.1481646
-0.1231291
-0.1140145
-0.1201942
-0.1220077
-0.1049593
-0.0786547
-0.0639701
-0.0653752
-0.0660698
-0.0509538
-0.0251147
-0.0052470
0.0014602
0.0039595
0.0141382
0.0317883
0.0458976
0.0504796
0.0547822
0.0731558
0.1063564
0.1393847
0.1592794
0.1688000
0.1792058
0.1951993
0.2124509
0.2267590
0.2398154
0.2559495
0.2763481
0.2970385
0.3119989
0.3190516
0.3224108
0.3276529
0.3349623
0.3401028
0.3410481
0.3394765
0.3355316
0.3253801
0.3054528
0.2763220
0.2412976
0.2031614
0.1627805
0.1197435
0.0750047
0.0335636
0.0015553
-0.0218760
-0.0464467
-0.0799195
-0.1172899
-0.1456551
-0.1592489
-0.1649435
-0.1721056
-0.1809507
-0.1835978
-0.1758781
-0.1658485
-0.1676723
-0.1851951
-0.2043627
-0.2071229
-0.1925267
-0.1779647
-0.1777004
-0.1864170
-0.1884025
-0.1784794
-0.1675691
-0.1682396
-0.1796109
-0.1886436
-0.1850573
-0.1728673
-0.1652546
-0.1682419
-0.1733222
-0.1692413
-0.1576462
-0.1513072
-0.1574653
-0.1686338
-0.1715101
-0.1612062
-0.1448707
-0.1338185
-0.1338423
-0.1420164
-0.1515541
-0.1588221
-0.1642666
-0.1673521
-0.1648861
-0.1564549
-0.1476384
-0.1439234
-0.1435526
-0.1399536
-0.1295060
-0.1132754
-0.0925899
-0.0676788
-0.0416592
-0.0220363
-0.0141292
-0.0117594
0.0028576
0.0442362
0.1052974
0.1580226
0.1791301
0.1744657
0.1710104
0.1835374
0.1969301
0.1865343
0.1503288
0.1122840
0.0930549
0.0838250
0.0548903
-0.0098456
-0.0916286
-0.1542120
-0.1808830
-0.1884328
-0.2031835
-0.2305101
-0.2543083
-0.2616678
-0.2578942
-0.2554731
-0.2563546
-0.2519014
-0.2387740
-0.2286306
-0.2371819
-0.2632358
-0.2835940
-0.2754328
-0.2445951
-0.2250901
-0.2450576
-0.2956714
-0.3390018
-0.3457790
-0.3182633
-0.2698397
-0.1836807
-0.0029454
0.3208886
0.7578614
1.1805897
1.4313653
1.4256705
1.2018799
0.8786348
0.5684723
0.3246781
0.1491966
0.0286786
-0.0451357
-0.0805876
-0.0951711
-0.1093848
-0.1319786
-0.1567055
-0.1748343
-0.1859376
-0.1937924
-0.1972734
-0.1920133
-0.1795876
-0.1687238
-0.1660409
-0.1695655
-0.1729593
-0.1731357
-0.1715236
-0.1694239
-0.1647876
-0.1546610
-0.1401257
-0.1268651
-0.1193106
-0.1154005
-0.1095699
-0.1003232
-0.0916048
-0.0863192
-0.0820071
-0.0744615
-0.0628211
-0.0492960
-0.0361775
-0.0250244
-0.0168041
-0.0105527
-0.0029152
0.0090719
0.0249984
0.0419571
0.0582310
0.0752346
0.0950798
0.1159721
0.1314843
0.1373560
0.1395630
0.1517389
0.1811498
0.2191661
0.2493287
0.2640215
0.2697882
0.2769500
0.2885638
0.3012448
0.3133067
0.3281053
0.3489010
0.3726201
0.3909698
0.3982504
0.3964362
0.3910577
0.3836835
0.3713987
0.3528638
0.3305470
0.3056116
0.2744583
0.2334109
0.1848673
0.1358522
0.0911615
0.0501564
0.0102345
-0.0281623
-0.0605989
-0.0825103
-0.0941550
-0.1016507
-0.1125238
-0.1298752
-0.1504651
-0.1674327
-0.1748267
-0.1716531
-0.1632338
-0.1573196
-0.1571811
-0.1597157
-0.1617351
-0.1655247
-0.1744822
-0.1845379
-0.1852065
-0.1715255
-0.1520232
-0.1414239
-0.1456910
-0.1567599
-0.1629706
-0.1624518
-0.1629152
-0.1682758
-0.1704547
-0.1592353
-0.1383663
-0.1251686
-0.1313889
-0.1486944
-0.1574342
-0.1481560
-0.1305631
-0.1212683
-0.1260397
-0.1356822
-0.1376580
-0.1294049
-0.1197330
-0.1186303
-0.1275217
-0.1394088
-0.1462238
-0.1444572
-0.1350538
-0.1202409
-0.1008520
-0.0762662
-0.0479452
-0.0234134
-0.0133031
-0.0198031
-0.0281295
-0.0147319
0.0313326
0.0949806
0.1456071
0.1633709
0.1560809
0.1498205
0.1623448
0.1860266
0.1975489
0.1831395
0.1516378
0.1222080
0.1020784
0.0792463
0.0368002
-0.0276409
-0.0975688
-0.1519644
-0.1832482
-0.2005428
-0.2159367
-0.2304314
-0.2362624
-0.2315641
-0.2270733
-0.2345786
-0.2512492
-0.2610544
-0.2538909
-0.2396380
-0.2378386
-0.2526596
-0.2640149
-0.2504333
-0.2200029
-0.2095613
-0.2459371
-0.3114450
-0.3570156
-0.3512285
-0.3065359
-0.2470260
-0.1538233
0.0401952
0.3835576
0.8286554
1.2293649
1.4305175
1.3732644
1.1237679
0.8090564
0.5287522
0.3174415
0.1670605
0.0633993
-0.0016252
-0.0378818
-0.0609908
-0.0843868
-0.1116915
-0.1391580
-0.1626558
-0.1796642
-0.1872833
-0.1837927
-0.1734065
-0.1653376
-0.1650029
-0.1683819
-0.1683946
-0.1650769
-0.1646724
-0.1685100
-0.1684841
-0.1574376
-0.1406565
-0.1311518
-0.1331503
-0.1356962
-0.1263218
-0.1079327
-0.0962535
-0.0997501
-0.1075925
-0.1019690
-0.0796295
-0.0552620
-0.0430750
-0.0410969
-0.0375102
-0.0279215
-0.0190205
-0.0149636
-0.0076589
0.0136206
0.0455909
0.0707996
0.0765686
0.0701792
0.0711240
0.0897212
0.1180103
0.1424980
0.1607898
0.1811074
0.2076628
0.2329982
0.2474644
0.2524398
0.2595262
0.2771004
0.3016707
0.3240965
0.3412421
0.3578390
0.3774244
0.3955519
0.4044538
0.4024333
0.3952115
0.3878522
0.3785273
0.3620819
0.3374809
0.3083859
0.2765879
0.2384969
0.1905321
0.1362883
0.0851137
0.0431101
0.0081099
-0.0248968
-0.0556171
-0.0791043
-0.0943014
-0.1078525
-0.1264056
-0.1469673
-0.1591320
-0.1579995
-0.1515431
-0.1518783
-0.1603951
-0.1657678
-0.1585417
-0.1446197
-0.1399897
-0.1518589
-0.1690134
-0.1739265
-0.1627237
-0.1491268
-0.1476441
-0.1563564
-0.1601403
-0.1503825
-0.1369846
-0.1373195
-0.1546857
-0.1723284
-0.1712291
-0.1513550
-0.1315299
-0.1284756
-0.1399404
-0.1506265
-0.1515234
-0.1484153
-0.1508473
-0.1576174
-0.1578684
-0.1457935
-0.1295083
-0.1225848
-0.1289390
-0.1394640
-0.1431710
-0.1382373
-0.1310894
-0.1278613
-0.1295006
-0.1334563
-0.1366764
-0.1369686
-0.1342987
-0.1312925
-0.1294685
-0.1235199
-0.1030367
-0.0648914
-0.0233694
-0.0013951
-0.0064001
-0.0172850
-0.0023450
0.0472055
0.1060529
0.1412571
0.1471171
0.1481064
0.1678668
0.2023330
0.2270425
0.2254440
0.2027365
0.1730220
0.1414399
0.1040136
0.0601807
0.0168171
-0.0217068
-0.0603988
-0.1046208
-0.1473979
-0.1736383
-0.1786925
-0.1762187
-0.1827469
-0.1982820
-0.2085455
-0.2052769
-0.1971127
-0.1976747
-0.2085442
-0.2196079
-0.2234487
-0.2220328
-0.2182778
-0.2096297
-0.1975749
-0.1986088
-0.2322322
-0.2924720
-0.3413807
-0.3427458
-0.2978015
-0.2303712
-0.1308918
0.0653149
0.4153861
0.8740631
1.2768897
1.4434577
1.3142548
0.9906182
0.6421866
0.3778521
0.2011304
0.0687634
-0.0353185
-0.0926571
-0.0966745
-0.0791822
-0.0818941
-0.1130872
-0.1447503
-0.1510276
-0.1392398
-0.1380993
-0.1609313
-0.1891952
-0.1943893
-0.1704900
-0.1390823
-0.1241401
-0.1282640
-0.1360630
-0.1355900
-0.1302085
-0.1296164
-0.1347469
-0.1357964
-0.1246338
-0.1055812
-0.0910690
-0.0872601
-0.0874519
-0.0815438
-0.0690714
-0.0586951
-0.0554904
-0.0536145
-0.0437428
-0.0246684
-0.0042249
0.0103329
0.0197500
0.0297101
0.0424250
0.0539007
0.0602919
0.0649031
0.0760192
0.0976620
0.1251357
0.1506634
0.1706643
0.1856423
0.1961036
0.2030059
0.2116270
0.2302032
0.2618017
0.2987410
0.3275427
0.3406291
0.3429797
0.3464463
0.3573525
0.3710980
0.3799917
0.3841148
0.3906923
0.4028067
0.4129522
0.4101715
0.3912831
0.3624642
0.3308809
0.2974237
0.2581885
0.2115353
0.1619731
0.1162587
0.0765393
0.0396750
0.0040256
-0.0261784
-0.0463960
-0.0601004
-0.0771428
-0.1025678
-0.1296918
-0.1462113
-0.1464777
-0.1369192
-0.1298409
-0.1325543
-0.1427710
-0.1540587
-0.1635388
-0.1717713
-0.1765815
-0.1723491
-0.1579735
-0.1417694
-0.1340605
-0.1359777
-0.1392489
-0.1370750
-0.1319023
-0.1309128
-0.1358039
-0.1399295
-0.1366382
-0.1284946
-0.1244760
-0.1269200
-0.1256896
-0.1104842
-0.0875035
-0.0772088
-0.0924299
-0.1221037
-0.1404069
-0.1315641
-0.1041947
-0.0819955
-0.0816611
-0.0996682
-0.1191476
-0.1274669
-0.1251407
-0.1189099
-0.1115338
-0.1021665
-0.0935873
-0.0925536
-0.1007572
-0.1083357
-0.0998622
-0.0689061
-0.0276664
-0.0003884
-0.0024238
-0.0228277
-0.0300798
0.0007994
0.0654267
0.1341038
0.1774028
0.1880113
0.1810686
0.1768507
0.1832628
0.1928113
0.1939809
0.1830047
0.1635743
0.1380279
0.1031992
0.0552043
-0.0047484
-0.0696876
-0.1293986
-0.1739668
-0.1988286
-0.2079967
-0.2101382
-0.2107808
-0.2106033
-0.2111253
-0.2173107
-0.2310979
-0.2449029
-0.2471616
-0.2368486
-0.2288733
-0.2382611
-0.2573010
-0.2572410
-0.2236276
-0.1870976
-0.2020817
-0.2846679
-0.3822806
-0.4216496
-0.3849687
-0.3191121
-0.2584745
-0.1533881
0.0965998
0.5221068
1.0041192
1.3351233
1.3751156
1.1520415
0.8142017
0.4981371
0.2503367
0.0576103
-0.0856300
-0.1626056
-0.1716684
-0.1487343
-0.1393702
-0.1569315
-0.1789025
-0.1825582
-0.1734357
-0.1732072
-0.1871953
-0.1968519
-0.1870135
-0.1695033
-0.1695972
-0.1928280
-0.2157862
-0.2122014
-0.1817338
-0.1492483
-0.1387266
-0.1511739
-0.1673763
-0.1696102
-0.1581631
-0.1456015
-0.1379232
-0.1273340
-0.1052598
-0.0768765
-0.0573551
-0.0551597
-0.0631993
-0.0667921
-0.0581857
-0.0427086
-0.0312424
-0.0270997
-0.0219825
-0.0064995
0.0176594
0.0400244
0.0544885
0.0646727
0.0756363
0.0862628
0.0933551
0.0995712
0.1127635
0.1375090
0.1692108
0.1972489
0.2143892
0.2232817
0.2325018
0.2460847
0.2599556
0.2700195
0.2794021
0.2935959
0.3116019
0.3272170
0.3376397
0.3453628
0.3513792
0.3513798
0.3407908
0.3212455
0.2998878
0.2818818
0.2639119
0.2367483
0.1962520
0.1501789
0.1099600
0.0764604
0.0398329
-0.0049082
-0.0483456
-0.0769565
-0.0890590
-0.0957032
-0.1074062
-0.1242606
-0.1394943
-0.1499673
-0.1604748
-0.1761723
-0.1922438
-0.1964453
-0.1850712
-0.1714365
-0.1717512
-0.1847853
-0.1935185
-0.1877200
-0.1771278
-0.1779570
-0.1910845
-0.1997699
-0.1895808
-0.1669364
-0.1538731
-0.1630288
-0.1815114
-0.1852081
-0.1680977
-0.1492731
-0.1478176
-0.1587957
-0.1615644
-0.1471785
-0.1283845
-0.1224355
-0.1313691
-0.1425823
-0.1453888
-0.1426574
-0.1446719
-0.1534124
-0.1577911
-0.1479135
-0.1305647
-0.1237472
-0.1354385
-0.1533895
-0.1574944
-0.1380634
-0.1014844
-0.0635204
-0.0390473
-0.0327582
-0.0349354
-0.0275296
0.0023709
0.0529542
0.1088969
0.1510681
0.1691008
0.1692227
0.1685657
0.1779269
0.1908228
0.1920471
0.1746782
0.1449455
0.1125436
0.0808194
0.0458298
0.0014722
-0.0540277
-0.1141274
-0.1670537
-0.2045129
-0.2264668
-0.2375054
-0.2421802
-0.2450093
-0.2503292
-0.2586067
-0.2653222
-0.2660828
-0.2615198
-0.2566716
-0.2575046
-0.2665628
-0.2777749
-0.2777377
-0.2604293
-0.2419835
-0.2512933
-0.2985881
-0.3574328
-0.3855389
-0.3636613
-0.3069863
-0.2315678
-0.1112730
0.1175484
0.4883266
0.9333640
1.2945220
1.4264976
1.3012296
1.0142146
0.6962120
0.4252940
0.2133856
0.0504385
-0.0602553
-0.1102624
-0.1131574
-0.1068606
-0.1224925
-0.1564477
-0.1814810
-0.1833446
-0.1762790
-0.1804892
-0.1956516
-0.2048672
-0.1985325
-0.1847882
-0.1772190
-0.1790336
-0.1816670
-0.1767930
-0.1673329
-0.1639940
-0.1698906
-0.1732638
-0.1611764
-0.1375664
-0.1196140
-0.1161906
-0.1181786
-0.1127576
-0.1002353
-0.0916532
-0.0929493
-0.0961584
-0.0871840
-0.0617064
-0.0319916
-0.0149508
-0.0134057
-0.0141364
-0.0058141
0.0084498
0.0209312
0.0337622
0.0546264
0.0822215
0.1060086
0.1203865
0.1312870
0.1468176
0.1668118
0.1848971
0.1988469
0.2154455
0.2424324
0.2756866
0.2996352
0.3053811
0.3042024
0.3145573
0.3375966
0.3563736
0.3608991
0.3625300
0.3772895
0.4031386
0.4220037
0.4205171
0.4014952
0.3755167
0.3468368
0.3109788
0.2656782
0.2199212
0.1860543
0.1625610
0.1328127
0.0860361
0.0325029
-0.0099123
-0.0387654
-0.0665662
-0.0997380
-0.1287490
-0.1412242
-0.1376819
-0.1310105
-0.1336764
-0.1472508
-0.1632320
-0.1735123
-0.1787650
-0.1840433
-0.1882952
-0.1850004
-0.1738098
-0.1637470
-0.1616932
-0.1645416
-0.1667054
-0.1689325
-0.1743993
-0.1807097
-0.1812512
-0.1726734
-0.1582751
-0.1455264
-0.1406590
-0.1431403
-0.1461296
-0.1453353
-0.1448156
-0.1490029
-0.1523335
-0.1449874
-0.1282266
-0.1157127
-0.1177732
-0.1302143
-0.1403893
-0.1401618
-0.1320266
-0.1254381
-0.1270921
-0.1334408
-0.1349605
-0.1283420
-0.1188735
-0.1086519
-0.0908562
-0.0624079
-0.0354686
-0.0263574
-0.0344039
-0.0390066
-0.0186263
0.0295746
0.0868662
0.1275998
0.1401137
0.1359157
0.1363570
0.1503298
0.1685082
0.1773728
0.1715522
0.1526562
0.1247565
0.0933924
0.0617011
0.0249457
-0.0244812
-0.0839403
-0.1383862
-0.1743761
-0.1922107
-0.2025100
-0.2142861
-0.2274707
-0.2351351
-0.2336039
-0.2305380
-0.2378475
-0.2543565
-0.2637190
-0.2559318
-0.2425722
-0.2402991
-0.2456267
-0.2406113
-0.2237414
-0.2211415
-0.2582573
-0.3244518
-0.3740012
-0.3667063
-0.3045274
-0.2174180
-0.1067959
0.0826323
0.4086613
0.8406554
1.2398190
1.4486506
1.4042485
1.1677586
0.8588927
0.5728795
0.3480677
0.1853663
0.0773325
0.0148915
-0.0212986
-0.0565598
-0.1002458
-0.1369007
-0.1496478
-0.1460799
-0.1487034
-0.1640948
-0.1767951
-0.1749304
-0.1678720
-0.1721618
-0.1883126
-0.1990186
-0.1888675
-0.1626453
-0.1424879
-0.1446664
-0.1604897
-0.1665437
-0.1541495
-0.1386889
-0.1355003
-0.1377534
-0.1278573
-0.1033731
-0.0802502
-0.0725624
-0.0773803
-0.0798306
-0.0690249
-0.0493231
-0.0361916
-0.0379745
-0.0434174
-0.0337600
-0.0061237
0.0237859
0.0423723
0.0515582
0.0596339
0.0690505
0.0782209
0.0882528
0.1028173
0.1246291
0.1533542
0.1838909
0.2083152
0.2239768
0.2368774
0.2520768
0.2655812
0.2729228
0.2804732
0.2982141
0.3240792
0.3454791
0.3558509
0.3616683
0.3726170
0.3899634
0.4043545
0.4030524
0.3827721
0.3565599
0.3411114
0.3347237
0.3166763
0.2733629
0.2161126
0.1662488
0.1300212
0.0962409
0.0539241
0.0054651
-0.0356792
-0.0577728
-0.0639843
-0.0719650
-0.0947020
-0.1237992
-0.1402108
-0.1399107
-0.1379650
-0.1464469
-0.1595681
-0.1642102
-0.1567053
-0.1454235
-0.1418351
-0.1500600
-0.1615022
-0.1623179
-0.1510434
-0.1438865
-0.1550390
-0.1764422
-0.1861078
-0.1734747
-0.1484953
-0.1286324
-0.1241844
-0.1332788
-0.1446168
-0.1477734
-0.1448237
-0.1467794
-0.1554557
-0.1575631
-0.1429648
-0.1206460
-0.1086214
-0.1134506
-0.1261224
-0.1337304
-0.1308016
-0.1233504
-0.1237389
-0.1364052
-0.1492168
-0.1468579
-0.1318331
-0.1219160
-0.1267645
-0.1385585
-0.1468843
-0.1501992
-0.1484325
-0.1353030
-0.1053111
-0.0641846
-0.0289524
-0.0175851
-0.0332461
-0.0541455
-0.0467499
0.0012521
0.0659560
0.1136864
0.1363050
0.1505088
0.1692348
0.1876275
0.1951954
0.1896810
0.1770759
0.1639557
0.1499812
0.1263412
0.0856995
0.0340989
-0.0148686
-0.0581738
-0.1039256
-0.1513053
-0.1845107
-0.1943494
-0.1936883
-0.2017443
-0.2213120
-0.2395938
-0.2448469
-0.2357121
-0.2197756
-0.2082227
-0.2081214
-0.2170320
-0.2265985
-0.2291510
-0.2195980
-0.2007631
-0.1936607
-0.2274576
-0.3011789
-0.3655135
-0.3667753
-0.3063891
-0.2297137
-0.1468567
0.0114369
0.3311546
0.8001022
1.2639260
1.5153036
1.4495187
1.1439019
0.7817504
0.4985592
0.3077719
0.1605154
0.0369732
-0.0419113
-0.0660223
-0.0621100
-0.0659979
-0.0883844
-0.1140044
-0.1255554
-0.1233461
-0.1220698
-0.1298414
-0.1371364
-0.1333286
-0.1264502
-0.1320892
-0.1466280
-0.1494190
-0.1325662
-0.1115566
-0.1026842
-0.1049953
-0.1094480
-0.1129738
-0.1173878
-0.1226894
-0.1251104
-0.1175649
-0.0949482
-0.0649179
-0.0465725
-0.0488740
-0.0573600
-0.0531489
-0.0375865
-0.0253151
-0.0196823
-0.0094835
0.0129104
0.0417087
0.0643003
0.0713402
0.0651308
0.0621450
0.0785982
0.1092409
0.1318520
0.1379388
0.1452160
0.1716971
0.2107058
0.2415951
0.2549196
0.2580445
0.2639224
0.2806847
0.3054791
0.3260316
0.3356358
0.3447312
0.3665503
0.3947497
0.4107741
0.4119444
0.4148384
0.4287967
0.4415647
0.4349981
0.4040140
0.3589083
0.3178238
0.2943083
0.2831106
0.2631343
0.2234323
0.1779647
0.1435945
0.1141284
0.0717399
0.0164644
-0.0318912
-0.0576199
-0.0630860
-0.0627696
-0.0714531
-0.0923920
-0.1118717
-0.1143065
-0.1057498
-0.1083786
-0.1270256
-0.1389100
-0.1259842
-0.1014297
-0.0923091
-0.1076445
-0.1330926
-0.1476104
-0.1396069
-0.1164134
-0.1007588
-0.1075500
-0.1242025
-0.1259317
-0.1080075
-0.0881920
-0.0805255
-0.0838482
-0.0936717
-0.1066583
-0.1135620
-0.1051269
-0.0863562
-0.0718628
-0.0684270
-0.0729420
-0.0819520
-0.0913099
-0.0938064
-0.0894726
-0.0895230
-0.0980348
-0.1007623
-0.0858253
-0.0643489
-0.0560995
-0.0645713
-0.0792462
-0.0920665
-0.0990279
-0.0948822
-0.0773389
-0.0497038
-0.0153865
0.0194914
0.0391403
0.0334993
0.0231910
0.0456646
0.1077750
0.1723932
0.2020312
0.1989666
0.1937474
0.2085963
0.2388362
0.2590225
0.2454064
0.2025311
0.1631151
0.1484382
0.1376836
0.0951175
0.0191222
-0.0575017
-0.1093525
-0.1381721
-0.1558759
-0.1700181
-0.1846152
-0.1986085
-0.2060000
-0.2081925
-0.2166574
-0.2323046
-0.2369304
-0.2202056
-0.2005178
-0.2018832
-0.2218269
-0.2371571
-0.2321686
-0.2122347
-0.2013306
-0.2290129
-0.2998429
-0.3717343
-0.3900015
-0.3498342
-0.2950222
-0.2397895
-0.1204144
0.1476864
0.5686230
1.0282489
1.3518597
1.4113404
1.2070052
0.8576670
0.5021626
0.2111807
-0.0053842
-0.1411051
-0.1856734
-0.1629411
-0.1299224
-0.1262121
-0.1469572
-0.1672190
-0.1721100
-0.1639930
-0.1581714
-0.1690969
-0.1894929
-0.1942334
-0.1761734
-0.1598943
-0.1652333
-0.1789428
-0.1809685
-0.1762891
-0.1789388
-0.1845083
-0.1803875
-0.1667840
-0.1500486
-0.1315540
-0.1161552
-0.1129569
-0.1173904
-0.1128762
-0.0973441
-0.0852195
-0.0789797
-0.0656729
-0.0454112
-0.0338080
-0.0318063
-0.0231827
-0.0060894
0.0032013
0.0019455
0.0072202
0.0272189
0.0522394
0.0744758
0.0931551
0.1045855
0.1100436
0.1240745
0.1518215
0.1729149
0.1731878
0.1734632
0.1977555
0.2328506
0.2512536
0.2552986
0.2660397
0.2853740
0.2998397
0.3070685
0.3129615
0.3180653
0.3256343
0.3433053
0.3623563
0.3609124
0.3399462
0.3252517
0.3226009
0.3069860
0.2684053
0.2289503
0.2005489
0.1658472
0.1161324
0.0696806
0.0380275
0.0095427
-0.0229845
-0.0521405
-0.0781144
-0.1074715
-0.1303929
-0.1335616
-0.1296203
-0.1380211
-0.1486243
-0.1434742
-0.1380858
-0.1568733
-0.1845773
-0.1883874
-0.1720001
-0.1628938
-0.1637954
-0.1601752
-0.1564907
-0.1638509
-0.1722915
-0.1710596
-0.1711462
-0.1769033
-0.1685217
-0.1424322
-0.1294457
-0.1427550
-0.1519283
-0.1379332
-0.1256546
-0.1323121
-0.1349305
-0.1188765
-0.1072523
-0.1145525
-0.1218181
-0.1194871
-0.1228185
-0.1301555
-0.1218064
-0.1086148
-0.1206110
-0.1443018
-0.1377100
-0.1072194
-0.0981634
-0.1116288
-0.1048572
-0.0706826
-0.0433658
-0.0327473
-0.0222412
-0.0158447
-0.0179137
0.0065526
0.0786372
0.1476012
0.1612659
0.1515427
0.1727731
0.2061427
0.2069808
0.1910020
0.1900394
0.1813749
0.1416133
0.1053469
0.0947399
0.0660114
-0.0032209
-0.0608784
-0.0813860
-0.1175811
-0.1865093
-0.2199558
-0.1951257
-0.1867406
-0.2245898
-0.2392235
-0.2094556
-0.2084047
-0.2463981
-0.2402551
-0.1910772
-0.2017415
-0.2695928
-0.2728184
-0.2052921
-0.1915626
-0.2371878
-0.2303836
-0.2105693
-0.3182348
-0.4588943
-0.3944559
-0.1979136
-0.1592229
-0.1741318
0.2024573
0.9003198
1.1531132
0.5519950
