-0.1014812
-0.0925660
-0.0959712
-0.0883813
-0.0722667
-0.0695339
-0.0830161
-0.0933924
-0.0912043
-0.0869732
-0.0888788
-0.0910949
-0.0874058
-0.0809732
-0.0778193
-0.0817489
-0.0957398
-0.1179512
-0.1369722
-0.1402704
-0.1264571
-0.1026470
-0.0745550
-0.0479991
-0.0341276
-0.0397356
-0.0528838
-0.0496002
-0.0185081
0.0262458
0.0578117
0.0601612
0.0409487
0.0232575
0.0212561
0.0229187
0.0037886
-0.0386639
-0.0734855
-0.0684989
-0.0304925
-0.0036093
-0.0256380
-0.0899825
-0.1526008
-0.1753269
-0.1613405
-0.1466735
-0.1573624
-0.1813504
-0.1883669
-0.1711214
-0.1536316
-0.1579564
-0.1767914
-0.1874114
-0.1829867
-0.1766566
-0.1764331
-0.1706524
-0.1478633
-0.1249870
-0.1397975
-0.2060733
-0.2845622
-0.3152221
-0.2800441
-0.2143064
-0.1401057
-0.0035041
0.2883443
0.7493443
1.2451672
1.5646362
1.5754692
1.3169213
0.9473073
0.6101311
0.3518235
0.1511852
-0.0038666
-0.0915166
-0.0988947
-0.0598758
-0.0313165
-0.0386924
-0.0603859
-0.0658174
-0.0557278
-0.0569617
-0.0839632
-0.1172948
-0.1251888
-0.1012920
-0.0726360
-0.0681831
-0.0864536
-0.1010617
-0.0948129
-0.0786475
-0.0742451
-0.0855271
-0.0945343
-0.0841497
-0.0592125
-0.0422830
-0.0494727
-0.0727956
-0.0882297
-0.0807054
-0.0584282
-0.0418079
-0.0419169
-0.0528757
-0.0623314
-0.0638136
-0.0584537
-0.0495355
-0.0389292
-0.0280191
-0.0195043
-0.0162154
-0.0172031
-0.0161008
-0.0059264
0.0137574
0.0363134
0.0551314
0.0687698
0.0780678
0.0817380
0.0786963
0.0738706
0.0775945
0.0964996
0.1249794
0.1473826
0.1511690
0.1391869
0.1272242
0.1272500
0.1346353
0.1354295
0.1255448
0.1175180
0.1254875
0.1467278
0.1626718
0.1587828
0.1405038
0.1270312
0.1296536
0.1392925
0.1381951
0.1223209
0.1068060
0.1069333
0.1182782
0.1213439
0.1047450
0.0777377
0.0573352
0.0471413
0.0341138
0.0067882
-0.0274524
-0.0478745
-0.0439101
-0.0292909
-0.0284731
-0.0497852
-0.0768050
-0.0879765
-0.0805126
-0.0709036
-0.0738650
-0.0859698
-0.0917133
-0.0825664
-0.0662803
-0.0568332
-0.0581528
-0.0613168
-0.0577890
-0.0509342
-0.0506247
-0.0585123
-0.0640587
-0.0568297
-0.0393360
-0.0249321
-0.0242560
-0.0358449
-0.0495382
-0.0569148
-0.0575097
-0.0561188
-0.0563241
-0.0578861
-0.0591426
-0.0594516
-0.0590675
-0.0590724
-0.0623675
-0.0719857
-0.0860673
-0.0965352
-0.0963392
-0.0880288
-0.0821291
-0.0856955
-0.0943082
-0.0973874
-0.0910522
-0.0835519
-0.0862671
-0.0999990
-0.1128548
-0.1131898
-0.1024969
-0.0925618
-0.0910677
-0.0944250
-0.0959694
-0.0966096
-0.1025723
-0.1136035
-0.1188126
-0.1081164
-0.0868793
-0.0749764
-0.0877778
-0.1181664
-0.1403804
-0.1336144
-0.1009368
-0.0641997
-0.0424417
-0.0372811
-0.0370114
-0.0300482
-0.0132447
0.0087121
0.0277634
0.0367374
0.0330037
0.0205689
0.0076432
-0.0006198
-0.0077077
-0.0213993
-0.0413937
-0.0537726
-0.0436206
-0.0152360
0.0047619
-0.0100955
-0.0601203
-0.1184898
-0.1563793
-0.1667318
-0.1632517
-0.1609036
-0.1629334
-0.1664545
-0.1729022
-0.1853546
-0.1972910
-0.1940925
-0.1719233
-0.1490396
-0.1477510
-0.1649042
-0.1716920
-0.1505672
-0.1250159
-0.1384932
-0.2004620
-0.2650384
-0.2747037
-0.2205431
-0.1422699
-0.0607574
0.0744499
0.3449531
0.7594671
1.2001620
1.4895930
1.5196869
1.3192981
1.0072623
0.6952178
0.4359160
0.2401259
0.1099248
0.0422662
0.0155445
-0.0034111
-0.0311005
-0.0552891
-0.0586029
-0.0478689
-0.0493028
-0.0753186
-0.1076418
-0.1197145
-0.1089663
-0.0974307
-0.1018813
-0.1135166
-0.1122894
-0.0950157
-0.0800057
-0.0831330
-0.0975052
-0.1033426
-0.0945780
-0.0867440
-0.0956231
-0.1149267
-0.1226041
-0.1078677
-0.0845110
-0.0743959
-0.0825119
-0.0936871
-0.0926848
-0.0816743
-0.0747791
-0.0785828
-0.0836103
-0.0766935
-0.0578473
-0.0404958
-0.0355181
-0.0393150
-0.0394746
-0.0292168
-0.0129367
0.0015099
0.0123719
0.0244637
0.0419509
0.0628525
0.0809852
0.0922123
0.0978804
0.1025735
0.1099358
0.1212039
0.1361701
0.1534527
0.1699802
0.1823510
0.1898206
0.1948772
0.1997579
0.2030820
0.2014644
0.1949211
0.1895156
0.1927808
0.2055419
0.2193372
0.2239811
0.2179348
0.2090703
0.2040307
0.1993329
0.1863827
0.1646804
0.1454974
0.1392743
0.1412581
0.1342336
0.1075205
0.0704988
0.0430860
0.0324721
0.0238653
-0.0016578
-0.0421919
-0.0738708
-0.0770083
-0.0593146
-0.0483905
-0.0619888
-0.0903109
-0.1093620
-0.1080484
-0.0976918
-0.0954103
-0.1034314
-0.1088683
-0.1018768
-0.0881115
-0.0806067
-0.0832544
-0.0875976
-0.0856498
-0.0804557
-0.0804913
-0.0862168
-0.0873539
-0.0753829
-0.0560074
-0.0453661
-0.0528100
-0.0698045
-0.0787526
-0.0726849
-0.0632385
-0.0671153
-0.0861867
-0.1041088
-0.1036124
-0.0854058
-0.0679956
-0.0685915
-0.0855523
-0.1011792
-0.1017766
-0.0928032
-0.0919053
-0.1074436
-0.1271822
-0.1307708
-0.1125296
-0.0890082
-0.0824953
-0.0980573
-0.1187128
-0.1237947
-0.1106267
-0.0962124
-0.0977190
-0.1139081
-0.1278232
-0.1262290
-0.1128268
-0.1013198
-0.0987044
-0.0993526
-0.0958216
-0.0915365
-0.0980652
-0.1185042
-0.1369985
-0.1301234
-0.0911603
-0.0408138
-0.0100463
-0.0111219
-0.0270566
-0.0303503
-0.0105887
0.0178735
0.0341284
0.0330106
0.0271552
0.0287288
0.0336469
0.0267733
0.0010390
-0.0325562
-0.0551578
-0.0578795
-0.0479504
-0.0394875
-0.0415713
-0.0552864
-0.0784566
-0.1092488
-0.1444203
-0.1764909
-0.1959084
-0.1980748
-0.1886162
-0.1807589
-0.1854955
-0.2019120
-0.2163340
-0.2134335
-0.1919099
-0.1692278
-0.1659752
-0.1820382
-0.1924176
-0.1746970
-0.1417260
-0.1375084
-0.1905918
-0.2731535
-0.3180619
-0.2835103
-0.1927462
-0.0954476
0.0112832
0.2041266
0.5523527
1.0095351
1.4019444
1.5463032
1.3917766
1.0508406
0.6966192
0.4347364
0.2660072
0.1467388
0.0575217
0.0083520
-0.0016842
-0.0030111
-0.0267116
-0.0695101
-0.1000700
-0.0984973
-0.0794797
-0.0727879
-0.0882449
-0.1078635
-0.1111299
-0.0999713
-0.0941454
-0.1053960
-0.1226894
-0.1253844
-0.1076561
-0.0854398
-0.0786806
-0.0900652
-0.1039799
-0.1051597
-0.0948511
-0.0871756
-0.0917001
-0.1026459
-0.1060354
-0.0954664
-0.0783607
-0.0664842
-0.0629391
-0.0611454
-0.0558696
-0.0513099
-0.0553555
-0.0670469
-0.0734039
-0.0610077
-0.0303072
0.0031321
0.0225090
0.0249567
0.0228221
0.0303013
0.0496701
0.0710711
0.0848282
0.0921562
0.1029064
0.1236295
0.1494213
0.1684963
0.1746320
0.1739277
0.1780018
0.1907078
0.2035857
0.2060547
0.1989060
0.1947545
0.2040339
0.2226618
0.2361018
0.2353000
0.2258833
0.2201213
0.2219429
0.2236002
0.2177710
0.2088636
0.2077665
0.2159612
0.2202116
0.2067446
0.1784349
0.1530253
0.1431519
0.1416834
0.1300228
0.0997307
0.0623315
0.0365272
0.0283065
0.0264931
0.0170060
-0.0023199
-0.0228304
-0.0378866
-0.0501946
-0.0656309
-0.0830657
-0.0934289
-0.0889939
-0.0721844
-0.0546286
-0.0476910
-0.0535707
-0.0648494
-0.0723684
-0.0736796
-0.0738411
-0.0779661
-0.0837441
-0.0828501
-0.0707754
-0.0542720
-0.0464686
-0.0531946
-0.0658720
-0.0707670
-0.0650539
-0.0601730
-0.0671974
-0.0816867
-0.0875399
-0.0762369
-0.0580874
-0.0512493
-0.0614749
-0.0769203
-0.0837245
-0.0826182
-0.0860565
-0.1000855
-0.1144095
-0.1137600
-0.0967772
-0.0790787
-0.0766223
-0.0890324
-0.1015782
-0.1020670
-0.0930593
-0.0872892
-0.0932436
-0.1066418
-0.1153381
-0.1113206
-0.0978817
-0.0859435
-0.0837496
-0.0896306
-0.0944677
-0.0915963
-0.0842816
-0.0819717
-0.0877195
-0.0906914
-0.0750337
-0.0382383
0.0019440
0.0231266
0.0213767
0.0153602
0.0252815
0.0501238
0.0698823
0.0704475
0.0614566
0.0651974
0.0892443
0.1154814
0.1187829
0.0932087
0.0555692
0.0248128
0.0040810
-0.0146880
-0.0344610
-0.0491675
-0.0561467
-0.0649795
-0.0877138
-0.1221530
-0.1513051
-0.1618851
-0.1593254
-0.1603747
-0.1730071
-0.1890795
-0.1970658
-0.1956652
-0.1908476
-0.1848149
-0.1760881
-0.1692490
-0.1737389
-0.1871052
-0.1885479
-0.1631636
-0.1324916
-0.1439658
-0.2159329
-0.3003987
-0.3208809
-0.2541964
-0.1566481
-0.0874736
-0.0110672
0.1931902
0.5967647
1.1007180
1.4733147
1.5290894
1.2763874
0.8911550
0.5568193
0.3375890
0.1921543
0.0733120
-0.0144806
-0.0476674
-0.0384971
-0.0327704
-0.0584128
-0.0965928
-0.1114746
-0.0971383
-0.0826431
-0.0935588
-0.1214324
-0.1374195
-0.1291917
-0.1145058
-0.1172988
-0.1379084
-0.1531184
-0.1439850
-0.1176305
-0.0988360
-0.1029462
-0.1208833
-0.1309974
-0.1227033
-0.1062683
-0.0999985
-0.1099551
-0.1236810
-0.1236095
-0.1052994
-0.0814726
-0.0685861
-0.0709875
-0.0789626
-0.0808433
-0.0744731
-0.0658496
-0.0585713
-0.0481663
-0.0286909
-0.0032409
0.0158461
0.0193703
0.0123165
0.0095213
0.0196816
0.0361874
0.0460711
0.0467280
0.0500343
0.0680347
0.0968111
0.1184856
0.1204798
0.1101175
0.1069364
0.1209127
0.1418263
0.1521238
0.1477312
0.1421106
0.1494745
0.1679322
0.1823425
0.1821930
0.1724961
0.1657337
0.1664445
0.1678446
0.1633862
0.1570353
0.1584085
0.1691163
0.1784195
0.1744734
0.1574263
0.1381748
0.1245419
0.1121364
0.0910813
0.0601751
0.0308656
0.0154480
0.0128144
0.0086895
-0.0089811
-0.0365830
-0.0589534
-0.0669248
-0.0683491
-0.0793166
-0.1045494
-0.1289939
-0.1314111
-0.1068118
-0.0738796
-0.0584737
-0.0696627
-0.0929622
-0.1069534
-0.1044862
-0.0961396
-0.0947898
-0.1008234
-0.1043323
-0.0992533
-0.0911750
-0.0900376
-0.0979474
-0.1073977
-0.1112215
-0.1108787
-0.1126382
-0.1174920
-0.1188367
-0.1113993
-0.0995876
-0.0937714
-0.0986691
-0.1084786
-0.1149217
-0.1178317
-0.1244898
-0.1381747
-0.1506111
-0.1491659
-0.1316837
-0.1114159
-0.1049607
-0.1157576
-0.1312272
-0.1363982
-0.1287952
-0.1190676
-0.1183529
-0.1270077
-0.1358712
-0.1367463
-0.1300794
-0.1228857
-0.1210766
-0.1248637
-0.1305538
-0.1347910
-0.1363534
-0.1350042
-0.1299092
-0.1191760
-0.1005212
-0.0731724
-0.0405822
-0.0111451
0.0062613
0.0101212
0.0098145
0.0188516
0.0422177
0.0706339
0.0894141
0.0937848
0.0934608
0.0998137
0.1095504
0.1051324
0.0740937
0.0263156
-0.0118173
-0.0223517
-0.0136092
-0.0116024
-0.0343127
-0.0761702
-0.1175907
-0.1465060
-0.1673562
-0.1896501
-0.2121061
-0.2220265
-0.2105234
-0.1856838
-0.1680828
-0.1722123
-0.1925344
-0.2089711
-0.2074415
-0.1945800
-0.1894586
-0.1990951
-0.2058725
-0.1865587
-0.1462423
-0.1255856
-0.1630526
-0.2480153
-0.3217424
-0.3343734
-0.2951450
-0.2495557
-0.2005703
-0.0698669
0.2345775
0.6991782
1.1640687
1.4229688
1.3783762
1.1047516
0.7667559
0.4847790
0.2774387
0.1113484
-0.0244208
-0.1055828
-0.1179279
-0.0901265
-0.0712441
-0.0838793
-0.1098121
-0.1202519
-0.1103242
-0.0992394
-0.1029117
-0.1157566
-0.1214389
-0.1153336
-0.1097633
-0.1168782
-0.1318384
-0.1377271
-0.1263072
-0.1088798
-0.1032975
-0.1125528
-0.1213477
-0.1153167
-0.0992382
-0.0911232
-0.0989535
-0.1092441
-0.1026906
-0.0782591
-0.0556985
-0.0528094
-0.0652326
-0.0731968
-0.0657629
-0.0519320
-0.0460368
-0.0478294
-0.0430443
-0.0226041
0.0049459
0.0231013
0.0258645
0.0220465
0.0222610
0.0271279
0.0311160
0.0342511
0.0440234
0.0644647
0.0876688
0.1002462
0.0975312
0.0881806
0.0840307
0.0880338
0.0939820
0.0961308
0.0957928
0.0981574
0.1055724
0.1160365
0.1266296
0.1352886
0.1391110
0.1345258
0.1221304
0.1099588
0.1080381
0.1182323
0.1317232
0.1384719
0.1374666
0.1347786
0.1324572
0.1241128
0.1043613
0.0796897
0.0645382
0.0651865
0.0712700
0.0666442
0.0470388
0.0230246
0.0055466
-0.0066390
-0.0219434
-0.0417677
-0.0573870
-0.0619499
-0.0603092
-0.0625041
-0.0698019
-0.0730699
-0.0664843
-0.0579082
-0.0606286
-0.0759050
-0.0891339
-0.0859623
-0.0690963
-0.0550122
-0.0546636
-0.0619809
-0.0636361
-0.0567778
-0.0521891
-0.0595030
-0.0737534
-0.0804008
-0.0726132
-0.0594703
-0.0551670
-0.0626132
-0.0713930
-0.0720854
-0.0686541
-0.0729840
-0.0880316
-0.1010072
-0.0966265
-0.0759026
-0.0579630
-0.0612664
-0.0844545
-0.1078673
-0.1136448
-0.1022663
-0.0888990
-0.0861899
-0.0935141
-0.1022203
-0.1071037
-0.1097607
-0.1125645
-0.1138488
-0.1108841
-0.1051175
-0.1012671
-0.1012224
-0.1013278
-0.0969598
-0.0883564
-0.0803080
-0.0768374
-0.0780134
-0.0815373
-0.0844096
-0.0814454
-0.0652217
-0.0325458
0.0079300
0.0388989
0.0497788
0.0484012
0.0532333
0.0723608
0.0935507
0.0987873
0.0870587
0.0772970
0.0861677
0.1065149
0.1130068
0.0896241
0.0474401
0.0124849
-0.0017232
-0.0060644
-0.0210953
-0.0547306
-0.0964657
-0.1305886
-0.1509299
-0.1626175
-0.1732621
-0.1853568
-0.1963010
-0.2030022
-0.2051580
-0.2047320
-0.2031486
-0.1995873
-0.1929279
-0.1857758
-0.1845398
-0.1920286
-0.1997258
-0.1928757
-0.1692291
-0.1512035
-0.1703320
-0.2329063
-0.3045908
-0.3375930
-0.3138124
-0.2511470
-0.1594393
0.0011648
0.2962341
0.7346297
1.2112713
1.5481393
1.6108193
1.3988765
1.0325275
0.6577075
0.3597213
0.1488846
0.0030107
-0.0915454
-0.1347561
-0.1310322
-0.1005845
-0.0719092
-0.0653976
-0.0829064
-0.1100955
-0.1291259
-0.1327184
-0.1283505
-0.1283077
-0.1352939
-0.1396443
-0.1320105
-0.1164823
-0.1073777
-0.1127915
-0.1251516
-0.1307119
-0.1259766
-0.1203938
-0.1225445
-0.1280876
-0.1248309
-0.1080982
-0.0871107
-0.0753193
-0.0772767
-0.0868098
-0.0956051
-0.0998224
-0.0985484
-0.0904433
-0.0756564
-0.0595519
-0.0500096
-0.0490793
-0.0497021
-0.0435303
-0.0312094
-0.0216901
-0.0203110
-0.0205187
-0.0108273
0.0104768
0.0314911
0.0400496
0.0388476
0.0430509
0.0617201
0.0852042
0.0951825
0.0870027
0.0776088
0.0878830
0.1186412
0.1484007
0.1563838
0.1444299
0.1324677
0.1336714
0.1398370
0.1347840
0.1185903
0.1112123
0.1290859
0.1626134
0.1832574
0.1739042
0.1474855
0.1319342
0.1390527
0.1532020
0.1513852
0.1295979
0.1051370
0.0949067
0.0971134
0.0963172
0.0822066
0.0584255
0.0338462
0.0110373
-0.0130205
-0.0377370
-0.0560993
-0.0627518
-0.0615542
-0.0617575
-0.0675478
-0.0746881
-0.0782405
-0.0802721
-0.0864979
-0.0961300
-0.0993462
-0.0877224
-0.0657238
-0.0483283
-0.0459904
-0.0539581
-0.0585169
-0.0527990
-0.0434741
-0.0408804
-0.0453347
-0.0467584
-0.0379339
-0.0245131
-0.0188297
-0.0249765
-0.0339916
-0.0356225
-0.0319931
-0.0353008
-0.0514121
-0.0698134
-0.0738920
-0.0606294
-0.0458995
-0.0476761
-0.0660439
-0.0835149
-0.0853553
-0.0758379
-0.0715151
-0.0804707
-0.0929894
-0.0943219
-0.0829982
-0.0721847
-0.0734642
-0.0839396
-0.0919639
-0.0924490
-0.0914309
-0.0951716
-0.0999717
-0.0971523
-0.0861827
-0.0771774
-0.0783225
-0.0849387
-0.0854999
-0.0768189
-0.0670808
-0.0614316
-0.0502042
-0.0191385
0.0282687
0.0662607
0.0714126
0.0500376
0.0339934
0.0462448
0.0754206
0.0903469
0.0782536
0.0609213
0.0685847
0.1021399
0.1287320
0.1164432
0.0681807
0.0172177
-0.0077471
-0.0073569
-0.0022849
-0.0074001
-0.0215902
-0.0397543
-0.0646922
-0.1012259
-0.1427964
-0.1724392
-0.1801791
-0.1752478
-0.1764071
-0.1909606
-0.2072930
-0.2090991
-0.1938089
-0.1747164
-0.1669449
-0.1741311
-0.1876145
-0.1947777
-0.1879856
-0.1705637
-0.1578968
-0.1687588
-0.2074673
-0.2522704
-0.2676424
-0.2337762
-0.1598491
-0.0588802
0.0901544
0.3389326
0.7087567
1.1277773
1.4436570
1.5209635
1.3415275
1.0141321
0.6861088
0.4425608
0.2805239
0.1606252
0.0653183
0.0051985
-0.0148168
-0.0161269
-0.0282064
-0.0583285
-0.0881658
-0.0996476
-0.0971667
-0.1006224
-0.1201174
-0.1432223
-0.1487978
-0.1305944
-0.1044127
-0.0920984
-0.1003459
-0.1161550
-0.1220507
-0.1139162
-0.1030906
-0.1020423
-0.1101295
-0.1148037
-0.1060811
-0.0876986
-0.0728260
-0.0700538
-0.0758933
-0.0812709
-0.0825461
-0.0832170
-0.0855095
-0.0843217
-0.0724711
-0.0508353
-0.0300023
-0.0204221
-0.0222290
-0.0260476
-0.0228374
-0.0112424
0.0041951
0.0192535
0.0327669
0.0448613
0.0555591
0.0659296
0.0784878
0.0944508
0.1112519
0.1247584
0.1342514
0.1435028
0.1559218
0.1700638
0.1818959
0.1910002
0.2016931
0.2162370
0.2287498
0.2295547
0.2171418
0.2035628
0.2044718
0.2228049
0.2442740
0.2509833
0.2391252
0.2216096
0.2131507
0.2147696
0.2146298
0.2031003
0.1841097
0.1700153
0.1666408
0.1661148
0.1554433
0.1303709
0.0986483
0.0700677
0.0460815
0.0211316
-0.0072905
-0.0333118
-0.0488646
-0.0533509
-0.0545341
-0.0597709
-0.0688242
-0.0768575
-0.0825418
-0.0897304
-0.1004948
-0.1097060
-0.1096445
-0.0993982
-0.0868741
-0.0807406
-0.0825069
-0.0877618
-0.0927717
-0.0966135
-0.0976194
-0.0924198
-0.0813897
-0.0723133
-0.0737829
-0.0843457
-0.0925100
-0.0905528
-0.0854147
-0.0906623
-0.1074597
-0.1193340
-0.1104132
-0.0862694
-0.0702866
-0.0774987
-0.0969722
-0.1051415
-0.0947962
-0.0841711
-0.0941325
-0.1208677
-0.1380633
-0.1271814
-0.0998828
-0.0854345
-0.0977929
-0.1211652
-0.1302198
-0.1197707
-0.1087254
-0.1152503
-0.1343533
-0.1444558
-0.1335085
-0.1125380
-0.1016226
-0.1071393
-0.1176397
-0.1203477
-0.1149755
-0.1080295
-0.0983587
-0.0760266
-0.0373133
0.0046072
0.0296121
0.0311416
0.0229309
0.0238105
0.0385289
0.0561894
0.0657838
0.0687710
0.0747587
0.0879543
0.1013979
0.1038869
0.0894009
0.0595438
0.0209667
-0.0162397
-0.0403531
-0.0450661
-0.0383541
-0.0410208
-0.0702549
-0.1222582
-0.1738728
-0.2042092
-0.2134593
-0.2176756
-0.2265529
-0.2323427
-0.2238988
-0.2065843
-0.1996394
-0.2120295
-0.2286511
-0.2281654
-0.2116872
-0.2031646
-0.2166950
-0.2325572
-0.2188068
-0.1772870
-0.1538188
-0.1896743
-0.2670314
-0.3184675
-0.2971306
-0.2243885
-0.1502065
-0.0675154
0.1104049
0.4624543
0.9447978
1.3777669
1.5655854
1.4415646
1.1051526
0.7283637
0.4320937
0.2401996
0.1216557
0.0483722
0.0095535
-0.0070143
-0.0227602
-0.0518500
-0.0872463
-0.1116342
-0.1196315
-0.1226346
-0.1318191
-0.1432805
-0.1446345
-0.1330705
-0.1204404
-0.1190597
-0.1272238
-0.1329995
-0.1305367
-0.1272628
-0.1328158
-0.1444948
-0.1486694
-0.1373929
-0.1198464
-0.1136122
-0.1249226
-0.1408625
-0.1430112
-0.1269458
-0.1053769
-0.0924598
-0.0889213
-0.0852926
-0.0773008
-0.0725899
-0.0797177
-0.0936529
-0.0974230
-0.0799920
-0.0497197
-0.0266628
-0.0216258
-0.0258030
-0.0225125
-0.0065188
0.0117913
0.0209810
0.0229718
0.0299317
0.0487926
0.0732512
0.0923602
0.1034473
0.1126308
0.1236502
0.1316412
0.1314227
0.1289079
0.1379967
0.1639168
0.1937004
0.2078731
0.2010050
0.1865854
0.1806353
0.1847128
0.1886004
0.1868316
0.1859150
0.1931148
0.2034685
0.2041757
0.1911446
0.1748250
0.1664722
0.1631103
0.1519518
0.1284376
0.1028825
0.0862639
0.0749902
0.0564187
0.0278747
0.0021024
-0.0100058
-0.0164350
-0.0360049
-0.0732435
-0.1085122
-0.1180601
-0.1007399
-0.0791219
-0.0745346
-0.0868730
-0.1012865
-0.1088434
-0.1135675
-0.1203343
-0.1241158
-0.1163693
-0.0986717
-0.0837424
-0.0818924
-0.0904570
-0.0988980
-0.1015181
-0.1014465
-0.1028990
-0.1039281
-0.0992746
-0.0883910
-0.0776561
-0.0745255
-0.0810897
-0.0931909
-0.1038963
-0.1076137
-0.1034336
-0.0964295
-0.0941443
-0.0990551
-0.1046860
-0.1020269
-0.0910245
-0.0832335
-0.0901175
-0.1093051
-0.1257447
-0.1277826
-0.1193450
-0.1132991
-0.1146288
-0.1155275
-0.1090479
-0.1024756
-0.1103446
-0.1338395
-0.1537751
-0.1496520
-0.1238785
-0.1009607
-0.1005201
-0.1156636
-0.1229447
-0.1115892
-0.0952211
-0.0909135
-0.0924895
-0.0741665
-0.0230201
0.0395012
0.0760972
0.0727601
0.0527605
0.0490756
0.0683517
0.0884442
0.0897283
0.0798094
0.0813343
0.0995996
0.1118755
0.0930050
0.0464486
0.0027299
-0.0135537
-0.0098842
-0.0159506
-0.0506199
-0.1029623
-0.1456380
-0.1628412
-0.1629069
-0.1661621
-0.1842596
-0.2113606
-0.2318462
-0.2343309
-0.2202179
-0.2020723
-0.1938362
-0.1996498
-0.2105384
-0.2134612
-0.2046905
-0.1924947
-0.1854681
-0.1819934
-0.1766663
-0.1758565
-0.1975614
-0.2485195
-0.3056892
-0.3313201
-0.3089305
-0.2527542
-0.1696794
-0.0186140
0.2670776
0.6950900
1.1540912
1.4599897
1.4844327
1.2481562
0.8915670
0.5584666
0.3085208
0.1267675
-0.0108175
-0.1010368
-0.1345193
-0.1274332
-0.1151269
-0.1181161
-0.1272086
-0.1251979
-0.1136928
-0.1106456
-0.1255768
-0.1469689
-0.1565819
-0.1499381
-0.1379072
-0.1315047
-0.1313340
-0.1321406
-0.1316985
-0.1309685
-0.1283251
-0.1196170
-0.1056032
-0.0950603
-0.0960427
-0.1048072
-0.1078244
-0.0969033
-0.0797469
-0.0720839
-0.0795983
-0.0909908
-0.0909529
-0.0782726
-0.0676729
-0.0723929
-0.0870747
-0.0912618
-0.0710190
-0.0351293
-0.0073894
-0.0028624
-0.0137693
-0.0196223
-0.0091809
0.0102046
0.0245465
0.0307592
0.0388809
0.0571733
0.0790869
0.0891540
0.0819800
0.0714942
0.0776784
0.1044780
0.1342191
0.1458823
0.1373648
0.1270238
0.1330324
0.1538074
0.1709708
0.1703734
0.1565462
0.1447767
0.1421090
0.1412246
0.1340057
0.1261100
0.1322829
0.1567442
0.1830706
0.1881259
0.1660531
0.1351971
0.1191694
0.1224250
0.1271884
0.1145447
0.0853886
0.0579659
0.0463434
0.0455243
0.0394911
0.0208643
-0.0015752
-0.0151643
-0.0192365
-0.0250835
-0.0404837
-0.0581850
-0.0631136
-0.0504398
-0.0330216
-0.0288049
-0.0422745
-0.0608188
-0.0691560
-0.0645710
-0.0564543
-0.0529695
-0.0518077
-0.0453232
-0.0323237
-0.0211513
-0.0199987
-0.0266718
-0.0311243
-0.0281890
-0.0245616
-0.0305370
-0.0459746
-0.0579652
-0.0542995
-0.0378125
-0.0247085
-0.0278305
-0.0433064
-0.0558037
-0.0565036
-0.0527721
-0.0578341
-0.0727710
-0.0832349
-0.0761197
-0.0568753
-0.0460939
-0.0577716
-0.0834881
-0.1008222
-0.0970385
-0.0816461
-0.0741219
-0.0816598
-0.0929791
-0.0944807
-0.0879019
-0.0872689
-0.0992309
-0.1121636
-0.1090357
-0.0893607
-0.0728268
-0.0775428
-0.0962950
-0.0992053
-0.0632187
0.0019552
0.0601942
0.0822475
0.0713441
0.0552594
0.0558259
0.0699976
0.0808373
0.0819977
0.0855537
0.1046521
0.1329918
0.1469771
0.1294499
0.0881887
0.0483478
0.0280677
0.0242915
0.0213560
0.0084055
-0.0143889
-0.0428902
-0.0755880
-0.1111005
-0.1432661
-0.1639240
-0.1716143
-0.1747086
-0.1834269
-0.1989910
-0.2119302
-0.2110888
-0.1940212
-0.1701596
-0.1556555
-0.1628384
-0.1887566
-0.2118741
-0.2066003
-0.1700490
-0.1346060
-0.1441684
-0.2095573
-0.2902235
-0.3288986
-0.3054890
-0.2462385
-0.1706134
-0.0371858
0.2346239
0.6700792
1.1672314
1.5360450
1.6270793
1.4335231
1.0768861
0.7034191
0.3956528
0.1657695
0.0029706
-0.0944174
-0.1283696
-0.1197534
-0.1010725
-0.0918512
-0.0899609
-0.0881450
-0.0903341
-0.1054297
-0.1298780
-0.1462019
-0.1418898
-0.1245865
-0.1138310
-0.1192933
-0.1312691
-0.1330033
-0.1189032
-0.0985011
-0.0847688
-0.0823748
-0.0878610
-0.0972340
-0.1089713
-0.1198364
-0.1225222
-0.1115748
-0.0912557
-0.0741855
-0.0700870
-0.0766282
-0.0831043
-0.0832386
-0.0822178
-0.0887775
-0.1008421
-0.1029196
-0.0815361
-0.0427501
-0.0100752
-0.0020357
-0.0131927
-0.0205100
-0.0087108
0.0137407
0.0261035
0.0210219
0.0146427
0.0290480
0.0668575
0.1071719
0.1272934
0.1249617
0.1166540
0.1168993
0.1247054
0.1312019
0.1350514
0.1443297
0.1632820
0.1827659
0.1884518
0.1776142
0.1632438
0.1591699
0.1639908
0.1641675
0.1529115
0.1408218
0.1437185
0.1618394
0.1763925
0.1691187
0.1427395
0.1183903
0.1123446
0.1180958
0.1140600
0.0882472
0.0519384
0.0270156
0.0218061
0.0228949
0.0110029
-0.0183998
-0.0524110
-0.0762863
-0.0877983
-0.0952962
-0.1048135
-0.1130624
-0.1138658
-0.1083151
-0.1048506
-0.1090361
-0.1164585
-0.1181799
-0.1118072
-0.1041100
-0.1022298
-0.1048695
-0.1043001
-0.0964110
-0.0864972
-0.0836361
-0.0898112
-0.0965234
-0.0938483
-0.0824525
-0.0742843
-0.0795314
-0.0936551
-0.0998267
-0.0859526
-0.0590118
-0.0407474
-0.0473059
-0.0728003
-0.0945611
-0.0960812
-0.0838356
-0.0792327
-0.0940220
-0.1166575
-0.1250965
-0.1113575
-0.0900160
-0.0817046
-0.0911467
-0.1046098
-0.1084573
-0.1058365
-0.1112649
-0.1301393
-0.1492750
-0.1512630
-0.1353976
-0.1190888
-0.1178372
-0.1284747
-0.1357879
-0.1330519
-0.1297345
-0.1360155
-0.1437307
-0.1300048
-0.0833343
-0.0225028
0.0168951
0.0170569
-0.0040798
-0.0124962
0.0059860
0.0331740
0.0420934
0.0290103
0.0179553
0.0332326
0.0706081
0.0989607
0.0909810
0.0503159
0.0069734
-0.0128326
-0.0102708
-0.0084813
-0.0273502
-0.0656943
-0.1064520
-0.1357060
-0.1545409
-0.1730011
-0.1951249
-0.2128811
-0.2159647
-0.2057696
-0.1965375
-0.2011548
-0.2169507
-0.2277941
-0.2214446
-0.2038126
-0.1933489
-0.1997818
-0.2111181
-0.2070406
-0.1865385
-0.1761388
-0.2031109
-0.2603957
-0.3056115
-0.3000813
-0.2441678
-0.1639523
-0.0602716
0.1174130
0.4279114
0.8583424
1.2914770
1.5665357
1.5860789
1.3740448
1.0405545
0.6991582
0.4136397
0.2019864
0.0637637
-0.0086809
-0.0355009
-0.0465684
-0.0632650
-0.0852458
-0.0998892
-0.1031379
-0.1056586
-0.1182584
-0.1378338
-0.1525721
-0.1576065
-0.1590533
-0.1625288
-0.1640978
-0.1565670
-0.1414976
-0.1297392
-0.1295505
-0.1378183
-0.1451109
-0.1471029
-0.1474069
-0.1492027
-0.1485181
-0.1395108
-0.1244983
-0.1134502
-0.1119330
-0.1137899
-0.1096477
-0.1004588
-0.0971876
-0.1056640
-0.1160205
-0.1117367
-0.0889410
-0.0625001
-0.0499396
-0.0513632
-0.0502048
-0.0350190
-0.0150719
-0.0083633
-0.0158110
-0.0153506
0.0135583
0.0634034
0.1032562
0.1112053
0.0977281
0.0931244
0.1136545
0.1453644
0.1633248
0.1620737
0.1604640
0.1763929
0.2040825
0.2219745
0.2196587
0.2092514
0.2084916
0.2188464
0.2259581
0.2198535
0.2082955
0.2070824
0.2204787
0.2363648
0.2410439
0.2337338
0.2227738
0.2112505
0.1936121
0.1676351
0.1427699
0.1305070
0.1286303
0.1214118
0.0971849
0.0615103
0.0294043
0.0067653
-0.0150645
-0.0444577
-0.0741181
-0.0873192
-0.0802151
-0.0710669
-0.0810388
-0.1082005
-0.1281384
-0.1226530
-0.1020698
-0.0935144
-0.1089889
-0.1314169
-0.1348617
-0.1144696
-0.0908632
-0.0848408
-0.0938586
-0.0986789
-0.0901728
-0.0808881
-0.0866240
-0.1030413
-0.1087064
-0.0911498
-0.0630877
-0.0490364
-0.0589606
-0.0795410
-0.0911029
-0.0887774
-0.0840302
-0.0876606
-0.0968268
-0.1011661
-0.0975272
-0.0930263
-0.0940768
-0.0983377
-0.1003536
-0.1009643
-0.1059608
-0.1160720
-0.1231711
-0.1192268
-0.1071830
-0.0993121
-0.1035058
-0.1138800
-0.1185897
-0.1162171
-0.1187979
-0.1350536
-0.1548660
-0.1577564
-0.1378187
-0.1139009
-0.1096907
-0.1253113
-0.1341638
-0.1108444
-0.0601545
-0.0143218
-0.0000201
-0.0112440
-0.0184441
-0.0027520
0.0247874
0.0397427
0.0341297
0.0238622
0.0281642
0.0477536
0.0656847
0.0661854
0.0488243
0.0248233
0.0038480
-0.0121875
-0.0244311
-0.0331362
-0.0424592
-0.0644237
-0.1090090
-0.1676754
-0.2133535
-0.2239682
-0.2059686
-0.1897741
-0.1993285
-0.2280615
-0.2480482
-0.2426809
-0.2254882
-0.2222934
-0.2380294
-0.2506087
-0.2409206
-0.2191487
-0.2102442
-0.2174529
-0.2167128
-0.1948527
-0.1804485
-0.2172532
-0.3034873
-0.3738765
-0.3582564
-0.2533717
-0.1154348
0.0276834
0.2349608
0.5886216
1.0619459
1.4755871
1.6187175
1.4263728
1.0326477
0.6487487
0.3959021
0.2536628
0.1451874
0.0409251
-0.0297634
-0.0448480
-0.0342124
-0.0481049
-0.0981881
-0.1485481
-0.1629173
-0.1452692
-0.1285693
-0.1344087
-0.1538880
-0.1650778
-0.1599094
-0.1504603
-0.1523824
-0.1665327
-0.1784164
-0.1743488
-0.1557004
-0.1366687
-0.1301643
-0.1370594
-0.1472158
-0.1493466
-0.1413975
-0.1323692
-0.1319188
-0.1376337
-0.1365816
-0.1218322
-0.1030534
-0.0956890
-0.1016628
-0.1065010
-0.0968004
-0.0770417
-0.0659751
-0.0754739
-0.0940741
-0.0950187
-0.0638416
-0.0159841
0.0178556
0.0236495
0.0163881
0.0202433
0.0425103
0.0702747
0.0883836
0.0959124
0.1053112
0.1274037
0.1580958
0.1815107
0.1875196
0.1834248
0.1848933
0.1976122
0.2125320
0.2181179
0.2127758
0.2055322
0.2078897
0.2239729
0.2454699
0.2579163
0.2551413
0.2452674
0.2393929
0.2379696
0.2330074
0.2206699
0.2061307
0.1969362
0.1949296
0.1934031
0.1810078
0.1523159
0.1159411
0.0868115
0.0684713
0.0497005
0.0214518
-0.0105634
-0.0345768
-0.0470320
-0.0533500
-0.0604092
-0.0721711
-0.0872754
-0.0988796
-0.1031168
-0.1073817
-0.1207088
-0.1363246
-0.1365807
-0.1172567
-0.0941117
-0.0831346
-0.0874879
-0.1042311
-0.1265727
-0.1380186
-0.1257159
-0.1047435
-0.1059846
-0.1314498
-0.1465041
-0.1292048
