-0.1591028
-0.1519072
-0.1368602
-0.1305936
-0.1315202
-0.1281538
-0.1219599
-0.1233485
-0.1305162
-0.1306409
-0.1212522
-0.1145807
-0.1183923
-0.1246881
-0.1210346
-0.1049047
-0.0840479
-0.0682463
-0.0619460
-0.0610136
-0.0570589
-0.0476300
-0.0388973
-0.0343192
-0.0257245
-0.0032024
0.0285436
0.0518640
0.0553680
0.0466009
0.0441921
0.0595494
0.0861527
0.1058307
0.1072511
0.0989116
0.1005501
0.1203163
0.1449019
0.1552801
0.1479460
0.1359597
0.1317169
0.1342151
0.1337154
0.1254172
0.1162617
0.1175614
0.1307847
0.1426851
0.1377180
0.1150422
0.0898250
0.0770143
0.0766890
0.0760595
0.0628693
0.0357059
0.0039814
-0.0202391
-0.0317376
-0.0351281
-0.0388136
-0.0471582
-0.0595354
-0.0744179
-0.0902014
-0.1021125
-0.1028897
-0.0898494
-0.0706719
-0.0599561
-0.0678961
-0.0905690
-0.1115843
-0.1158915
-0.1035180
-0.0882996
-0.0823839
-0.0846418
-0.0860638
-0.0831485
-0.0813312
-0.0856985
-0.0929564
-0.0953632
-0.0912819
-0.0888443
-0.0971199
-0.1139888
-0.1256316
-0.1206464
-0.1035092
-0.0906513
-0.0928549
-0.1047932
-0.1134085
-0.1136512
-0.1128354
-0.1201647
-0.1347915
-0.1459462
-0.1448867
-0.1354094
-0.1302002
-0.1355872
-0.1420733
-0.1333762
-0.1050939
-0.0714197
-0.0513437
-0.0492169
-0.0508790
-0.0394963
-0.0139782
0.0103941
0.0204191
0.0212902
0.0300850
0.0527854
0.0736592
0.0726822
0.0511219
0.0328376
0.0373778
0.0557209
0.0574849
0.0221833
-0.0403478
-0.1022665
-0.1467120
-0.1789921
-0.2091590
-0.2320611
-0.2334025
-0.2137344
-0.1955249
-0.1997328
-0.2205914
-0.2326280
-0.2228701
-0.2071104
-0.2079760
-0.2222481
-0.2218952
-0.1923197
-0.1605045
-0.1717860
-0.2367584
-0.3126920
-0.3459269
-0.3238072
-0.2677807
-0.1736706
0.0189674
0.3706758
0.8465615
1.2908942
1.5195374
1.4543771
1.1749179
0.8430979
0.5800162
0.4071421
0.2835669
0.1749855
0.0809590
0.0136883
-0.0272542
-0.0544626
-0.0784761
-0.1024879
-0.1268678
-0.1503445
-0.1662070
-0.1651567
-0.1477086
-0.1304962
-0.1326874
-0.1541344
-0.1726446
-0.1677847
-0.1444229
-0.1265007
-0.1277474
-0.1355374
-0.1276958
-0.1006567
-0.0741441
-0.0678362
-0.0794317
-0.0896912
-0.0859067
-0.0741037
-0.0667547
-0.0644248
-0.0561108
-0.0366801
-0.0162413
-0.0074614
-0.0076925
-0.0009055
0.0217034
0.0488685
0.0614204
0.0552170
0.0469683
0.0556451
0.0813131
0.1061481
0.1159363
0.1160147
0.1226706
0.1412334
0.1584427
0.1587720
0.1446465
0.1357320
0.1476075
0.1741094
0.1931076
0.1893346
0.1696712
0.1548801
0.1573135
0.1690779
0.1730321
0.1631538
0.1507874
0.1504357
0.1622619
0.1710774
0.1620757
0.1355481
0.1053976
0.0845121
0.0733696
0.0630464
0.0469974
0.0271915
0.0091165
-0.0055762
-0.0190245
-0.0319157
-0.0422058
-0.0495800
-0.0578417
-0.0701529
-0.0830110
-0.0881691
-0.0820333
-0.0715513
-0.0682697
-0.0762849
-0.0883173
-0.0950678
-0.0962418
-0.0990438
-0.1064001
-0.1112822
-0.1055670
-0.0919876
-0.0828810
-0.0863431
-0.0967751
-0.1016154
-0.0962866
-0.0895516
-0.0930510
-0.1075196
-0.1217673
-0.1250258
-0.1177473
-0.1090485
-0.1057189
-0.1065646
-0.1072221
-0.1074989
-0.1118751
-0.1231946
-0.1372793
-0.1449019
-0.1400445
-0.1265509
-0.1153531
-0.1132108
-0.1141786
-0.1045924
-0.0784719
-0.0468371
-0.0284317
-0.0294946
-0.0350048
-0.0238846
0.0066913
0.0364987
0.0453835
0.0383062
0.0404019
0.0651005
0.0938243
0.0951262
0.0631600
0.0284675
0.0243474
0.0457912
0.0502334
0.0027527
-0.0840048
-0.1607905
-0.1916668
-0.1868861
-0.1840541
-0.2033002
-0.2290808
-0.2350652
-0.2171683
-0.1955639
-0.1888478
-0.1955866
-0.2029183
-0.2048099
-0.2040570
-0.1998360
-0.1849785
-0.1614335
-0.1507431
-0.1766559
-0.2346972
-0.2878394
-0.2987485
-0.2596365
-0.1788410
-0.0400108
0.2052192
0.5821719
1.0265055
1.3879316
1.5219583
1.3931476
1.0949531
0.7716342
0.5196098
0.3522131
0.2364430
0.1439873
0.0675027
0.0074885
-0.0377329
-0.0680456
-0.0795643
-0.0741648
-0.0665429
-0.0736655
-0.0961959
-0.1163479
-0.1181320
-0.1065034
-0.1010001
-0.1107006
-0.1216333
-0.1131738
-0.0839878
-0.0559140
-0.0507487
-0.0668023
-0.0812916
-0.0745484
-0.0491139
-0.0249802
-0.0186198
-0.0282407
-0.0380215
-0.0338888
-0.0144643
0.0108027
0.0311168
0.0419387
0.0461450
0.0500207
0.0577331
0.0682267
0.0770766
0.0817318
0.0847628
0.0914315
0.1042106
0.1203695
0.1350616
0.1460496
0.1547178
0.1627999
0.1695118
0.1731259
0.1749048
0.1794174
0.1894647
0.2015078
0.2081154
0.2055555
0.1977652
0.1918031
0.1899641
0.1877179
0.1799872
0.1687798
0.1632004
0.1706384
0.1877277
0.2011097
0.1985918
0.1801951
0.1578628
0.1436357
0.1377117
0.1283128
0.1041485
0.0677578
0.0359489
0.0251846
0.0352688
0.0481248
0.0441638
0.0203675
-0.0081959
-0.0246050
-0.0267686
-0.0272524
-0.0372902
-0.0530471
-0.0596189
-0.0485807
-0.0294423
-0.0216071
-0.0349339
-0.0596929
-0.0764350
-0.0750037
-0.0630671
-0.0564607
-0.0624172
-0.0731326
-0.0756700
-0.0670523
-0.0580118
-0.0611176
-0.0763050
-0.0901396
-0.0900644
-0.0779529
-0.0678634
-0.0706502
-0.0828849
-0.0922472
-0.0921344
-0.0876918
-0.0868910
-0.0896303
-0.0898781
-0.0872314
-0.0901498
-0.1042636
-0.1213578
-0.1261630
-0.1143657
-0.0980777
-0.0898190
-0.0851423
-0.0679787
-0.0337632
-0.0002716
0.0104656
-0.0013591
-0.0118606
-0.0000958
0.0297360
0.0571772
0.0717607
0.0815046
0.0945116
0.1020772
0.0891209
0.0583292
0.0325757
0.0275671
0.0282689
0.0022387
-0.0621869
-0.1383025
-0.1869962
-0.1969332
-0.1924427
-0.2020428
-0.2269993
-0.2455250
-0.2421907
-0.2241167
-0.2080981
-0.2011204
-0.1995709
-0.2013638
-0.2077837
-0.2124756
-0.2005857
-0.1694020
-0.1453643
-0.1656667
-0.2355276
-0.3121213
-0.3425430
-0.3150321
-0.2571713
-0.1761645
-0.0166001
0.2949398
0.7486273
1.2039697
1.4656228
1.4251980
1.1384180
0.7693190
0.4627718
0.2644394
0.1414894
0.0527513
-0.0127732
-0.0508745
-0.0686961
-0.0835636
-0.1028312
-0.1178650
-0.1205428
-0.1177178
-0.1228962
-0.1365863
-0.1427980
-0.1282798
-0.1010509
-0.0843447
-0.0918504
-0.1129816
-0.1249180
-0.1167251
-0.0980727
-0.0847460
-0.0800146
-0.0735334
-0.0570814
-0.0368931
-0.0276591
-0.0355347
-0.0501663
-0.0548415
-0.0431060
-0.0237534
-0.0101358
-0.0066183
-0.0059302
0.0021471
0.0211314
0.0457509
0.0670375
0.0788714
0.0814324
0.0804430
0.0831531
0.0931774
0.1076305
0.1196795
0.1254187
0.1285852
0.1370607
0.1535404
0.1706411
0.1773884
0.1712295
0.1620561
0.1623706
0.1731933
0.1812771
0.1722138
0.1469421
0.1240326
0.1234414
0.1466935
0.1736893
0.1806800
0.1624152
0.1363815
0.1245858
0.1311670
0.1388265
0.1280457
0.0990245
0.0724401
0.0671279
0.0784321
0.0817398
0.0587414
0.0181357
-0.0125528
-0.0158954
-0.0028762
-0.0006364
-0.0232427
-0.0574847
-0.0784916
-0.0766726
-0.0657744
-0.0645833
-0.0750760
-0.0824283
-0.0752588
-0.0607749
-0.0567467
-0.0703164
-0.0886602
-0.0919429
-0.0734599
-0.0450535
-0.0239017
-0.0171412
-0.0203785
-0.0278734
-0.0394244
-0.0561534
-0.0732461
-0.0814347
-0.0768200
-0.0669364
-0.0644507
-0.0741451
-0.0872045
-0.0898889
-0.0785266
-0.0650772
-0.0660107
-0.0846572
-0.1057450
-0.1097463
-0.0932915
-0.0731516
-0.0674099
-0.0735920
-0.0699708
-0.0416301
-0.0021324
0.0176125
0.0047451
-0.0165503
-0.0085652
0.0373316
0.0886087
0.1068229
0.0908119
0.0767807
0.0942056
0.1296301
0.1418915
0.1108471
0.0611608
0.0327146
0.0335194
0.0313231
-0.0074768
-0.0790552
-0.1476701
-0.1847104
-0.1938474
-0.1979790
-0.2110301
-0.2287814
-0.2411953
-0.2429125
-0.2311419
-0.2047228
-0.1733370
-0.1598091
-0.1782242
-0.2077623
-0.2041112
-0.1512654
-0.0954239
-0.1068245
-0.1992106
-0.3013481
-0.3256427
-0.2600458
-0.1689079
-0.0924513
0.0331278
0.3208733
0.7852626
1.2670595
1.5330093
1.4639183
1.1452011
0.7770454
0.5069321
0.3489118
0.2397174
0.1379769
0.0563072
0.0177964
0.0119594
0.0039173
-0.0257055
-0.0637909
-0.0858289
-0.0837067
-0.0694443
-0.0585854
-0.0566513
-0.0599624
-0.0631974
-0.0639286
-0.0631305
-0.0638936
-0.0680056
-0.0716823
-0.0663865
-0.0474496
-0.0222928
-0.0066477
-0.0096365
-0.0232781
-0.0293826
-0.0177825
0.0035989
0.0177960
0.0169079
0.0097837
0.0120787
0.0304744
0.0573975
0.0796776
0.0904376
0.0927340
0.0938704
0.0980990
0.1048111
0.1123266
0.1218365
0.1366832
0.1576848
0.1800308
0.1962256
0.2031145
0.2057447
0.2129874
0.2282950
0.2451196
0.2528507
0.2480625
0.2389938
0.2374215
0.2460773
0.2557138
0.2556420
0.2458995
0.2367711
0.2360242
0.2391238
0.2347393
0.2196106
0.2046577
0.2034959
0.2155891
0.2241760
0.2129701
0.1833795
0.1524239
0.1336136
0.1229274
0.1057892
0.0760595
0.0443121
0.0259852
0.0238286
0.0252000
0.0168454
-0.0003200
-0.0130937
-0.0116434
-0.0010411
0.0035774
-0.0075461
-0.0285550
-0.0422025
-0.0340746
-0.0048042
0.0290582
0.0462826
0.0364265
0.0078441
-0.0188407
-0.0273796
-0.0187462
-0.0085371
-0.0110979
-0.0254913
-0.0371692
-0.0338035
-0.0191604
-0.0105125
-0.0219255
-0.0505064
-0.0795989
-0.0949913
-0.0966229
-0.0938734
-0.0913852
-0.0832929
-0.0634227
-0.0386121
-0.0266305
-0.0382713
-0.0642133
-0.0837181
-0.0859655
-0.0783353
-0.0720577
-0.0652732
-0.0474764
-0.0200642
-0.0030224
-0.0131286
-0.0381906
-0.0431640
-0.0073994
0.0493375
0.0859107
0.0845501
0.0688110
0.0730916
0.1008442
0.1222334
0.1126483
0.0828128
0.0628165
0.0611308
0.0512771
0.0038293
-0.0755891
-0.1491797
-0.1870114
-0.1957301
-0.2034795
-0.2232550
-0.2408819
-0.2391684
-0.2234837
-0.2152195
-0.2238218
-0.2357140
-0.2340644
-0.2212342
-0.2129589
-0.2134071
-0.2081639
-0.1880321
-0.1712555
-0.1885006
-0.2433420
-0.2985943
-0.3107917
-0.2717507
-0.2010995
-0.0950632
0.0982242
0.4265228
0.8472197
1.2075906
1.3363894
1.1742967
0.8213351
0.4563475
0.2062116
0.0817456
0.0195725
-0.0340702
-0.0838555
-0.1106973
-0.1130597
-0.1136980
-0.1326110
-0.1646428
-0.1873442
-0.1865621
-0.1700114
-0.1566692
-0.1568215
-0.1644441
-0.1673558
-0.1617156
-0.1549741
-0.1553374
-0.1605119
-0.1590398
-0.1434883
-0.1208048
-0.1070301
-0.1107421
-0.1233850
-0.1280586
-0.1174248
-0.1004401
-0.0904222
-0.0888405
-0.0839898
-0.0657082
-0.0384145
-0.0173841
-0.0132155
-0.0223156
-0.0325481
-0.0352921
-0.0300408
-0.0194044
-0.0040265
0.0158385
0.0363991
0.0515980
0.0589533
0.0622108
0.0670266
0.0751124
0.0839768
0.0916355
0.0992697
0.1083029
0.1166164
0.1201162
0.1183036
0.1161473
0.1186046
0.1240067
0.1251278
0.1177411
0.1066494
0.1013013
0.1053807
0.1124599
0.1131458
0.1055141
0.0963342
0.0914163
0.0869651
0.0733744
0.0478458
0.0203302
0.0040447
0.0004519
-0.0033807
-0.0207159
-0.0499781
-0.0762133
-0.0877435
-0.0885781
-0.0921152
-0.1040586
-0.1153994
-0.1139564
-0.1002437
-0.0881426
-0.0894804
-0.1011537
-0.1099626
-0.1085722
-0.1030269
-0.1034723
-0.1105318
-0.1144664
-0.1077787
-0.0951851
-0.0883723
-0.0919715
-0.0981676
-0.0968630
-0.0891395
-0.0872640
-0.1002799
-0.1216628
-0.1339578
-0.1263589
-0.1063741
-0.0927706
-0.0972198
-0.1141300
-0.1288036
-0.1337321
-0.1344062
-0.1390788
-0.1462574
-0.1461506
-0.1343601
-0.1195733
-0.1134408
-0.1139780
-0.1048318
-0.0751021
-0.0372357
-0.0184600
-0.0311503
-0.0554578
-0.0572148
-0.0237737
0.0225398
0.0492920
0.0484112
0.0405301
0.0462536
0.0611106
0.0645393
0.0491929
0.0311208
0.0267993
0.0270521
0.0035878
-0.0572346
-0.1346523
-0.1931125
-0.2182255
-0.2263485
-0.2388444
-0.2556449
-0.2606962
-0.2485651
-0.2345721
-0.2350400
-0.2458271
-0.2494878
-0.2410317
-0.2351115
-0.2428440
-0.2512250
-0.2386572
-0.2104365
-0.2041107
-0.2482567
-0.3215487
-0.3667675
-0.3476315
-0.2771552
-0.1771798
-0.0199594
0.2613180
0.6825788
1.1346544
1.4239621
1.4114643
1.1231657
0.7264722
0.3980649
0.2084317
0.1159499
0.0475803
-0.0280990
-0.0956099
-0.1337426
-0.1455844
-0.1512951
-0.1642304
-0.1809794
-0.1914208
-0.1926396
-0.1917853
-0.1977950
-0.2118040
-0.2250955
-0.2263552
-0.2122857
-0.1918583
-0.1790493
-0.1801433
-0.1884583
-0.1921866
-0.1864434
-0.1760138
-0.1670357
-0.1593392
-0.1490392
-0.1364154
-0.1269412
-0.1233748
-0.1202207
-0.1096797
-0.0924642
-0.0787685
-0.0763117
-0.0795666
-0.0743163
-0.0532716
-0.0244593
-0.0024186
0.0071923
0.0116250
0.0202634
0.0334257
0.0443725
0.0506794
0.0593343
0.0783295
0.1051555
0.1271877
0.1346142
0.1309416
0.1285688
0.1346835
0.1442519
0.1480704
0.1453864
0.1450264
0.1533441
0.1642589
0.1650374
0.1522043
0.1380656
0.1378535
0.1508133
0.1579651
0.1416799
0.1064340
0.0765548
0.0714758
0.0847949
0.0903592
0.0691028
0.0275283
-0.0114960
-0.0337988
-0.0461951
-0.0636728
-0.0887369
-0.1081900
-0.1104175
-0.1011822
-0.0981965
-0.1109935
-0.1305716
-0.1411326
-0.1391426
-0.1362007
-0.1425085
-0.1520637
-0.1489316
-0.1278493
-0.1038596
-0.0978633
-0.1138177
-0.1340625
-0.1385837
-0.1262600
-0.1141158
-0.1164069
-0.1283442
-0.1327868
-0.1209275
-0.1023975
-0.0938618
-0.1006278
-0.1127016
-0.1182051
-0.1166559
-0.1166518
-0.1228294
-0.1295369
-0.1286161
-0.1201648
-0.1121658
-0.1103612
-0.1124780
-0.1138654
-0.1148862
-0.1177904
-0.1170643
-0.0997811
-0.0611351
-0.0172814
0.0051109
-0.0035168
-0.0219495
-0.0181522
0.0166839
0.0592498
0.0820366
0.0852878
0.0939729
0.1232362
0.1557987
0.1611839
0.1340372
0.1027779
0.0952378
0.1025182
0.0870596
0.0274235
-0.0539624
-0.1141710
-0.1358807
-0.1404422
-0.1544902
-0.1751710
-0.1788582
-0.1595956
-0.1431408
-0.1547566
-0.1827223
-0.1891412
-0.1581861
-0.1189421
-0.1095083
-0.1273297
-0.1337128
-0.1109464
-0.0959792
-0.1384315
-0.2304425
-0.3013728
-0.2924332
-0.2183788
-0.1307719
-0.0237874
0.1888661
0.5723349
1.0494697
1.4112962
1.4738536
1.2302595
0.8462684
0.5129903
0.3106005
0.2013057
0.1195535
0.0425964
-0.0175730
-0.0565577
-0.0884871
-0.1225521
-0.1495237
-0.1581264
-0.1537400
-0.1515638
-0.1564616
-0.1598410
-0.1562732
-0.1531169
-0.1582219
-0.1646176
-0.1566939
-0.1317029
-0.1073933
-0.1038170
-0.1211938
-0.1406593
-0.1454643
-0.1362173
-0.1244882
-0.1170000
-0.1108856
-0.1022888
-0.0935151
-0.0893653
-0.0897839
-0.0896506
-0.0848406
-0.0753766
-0.0626337
-0.0469544
-0.0300316
-0.0170522
-0.0124945
-0.0135035
-0.0108468
0.0012205
0.0176919
0.0282305
0.0296925
0.0303714
0.0403262
0.0595719
0.0785628
0.0898132
0.0957924
0.1037802
0.1153206
0.1241554
0.1247092
0.1194937
0.1158420
0.1165566
0.1165284
0.1092492
0.0948291
0.0801123
0.0716004
0.0696210
0.0691482
0.0647383
0.0541782
0.0388352
0.0220467
0.0068419
-0.0062896
-0.0198516
-0.0365165
-0.0552102
-0.0711375
-0.0811707
-0.0887455
-0.1012873
-0.1216825
-0.1436722
-0.1576367
-0.1608145
-0.1598989
-0.1627573
-0.1693643
-0.1729911
-0.1696661
-0.1634400
-0.1607338
-0.1617129
-0.1608576
-0.1564850
-0.1559196
-0.1673212
-0.1868431
-0.1982518
-0.1887480
-0.1643038
-0.1458608
-0.1486331
-0.1667441
-0.1803184
-0.1770366
-0.1641414
-0.1585345
-0.1676463
-0.1827085
-0.1898249
-0.1840198
-0.1710754
-0.1588844
-0.1511318
-0.1490043
-0.1541648
-0.1663740
-0.1797988
-0.1857502
-0.1801532
-0.1659472
-0.1472494
-0.1245307
-0.0988806
-0.0784652
-0.0737867
-0.0833601
-0.0890299
-0.0726369
-0.0376966
-0.0080562
-0.0008890
-0.0053252
0.0049434
0.0378591
0.0696370
0.0706556
0.0403547
0.0075928
-0.0052776
-0.0105399
-0.0399683
-0.1044247
-0.1776538
-0.2236545
-0.2338083
-0.2302948
-0.2359342
-0.2500939
-0.2572909
-0.2512542
-0.2413451
-0.2371422
-0.2367756
-0.2345852
-0.2323446
-0.2338901
-0.2320734
-0.2138320
-0.1835217
-0.1709198
-0.2025820
-0.2657609
-0.3137460
-0.3132519
-0.2747960
-0.2201102
-0.1223677
0.0960297
0.4808712
0.9580337
1.3453458
1.4731816
1.3066443
0.9579989
0.5889756
0.3036146
0.1195730
0.0110759
-0.0454228
-0.0649260
-0.0674591
-0.0759637
-0.0985289
-0.1229258
-0.1343591
-0.1342461
-0.1362001
-0.1460639
-0.1533522
-0.1454197
-0.1256485
-0.1119055
-0.1165742
-0.1322044
-0.1398109
-0.1300088
-0.1128233
-0.1056908
-0.1137933
-0.1246535
-0.1224260
-0.1056323
-0.0887660
-0.0862089
-0.0962715
-0.1028128
-0.0924675
-0.0685768
-0.0470082
-0.0391009
-0.0404920
-0.0371789
-0.0211099
0.0018432
0.0191826
0.0252775
0.0263261
0.0323394
0.0457244
0.0589843
0.0637682
0.0613140
0.0626694
0.0776015
0.1033766
0.1258936
0.1334097
0.1290547
0.1280610
0.1414088
0.1631838
0.1761058
0.1699388
0.1526754
0.1420842
0.1471991
0.1602990
0.1672354
0.1629202
0.1542197
0.1488952
0.1458195
0.1384625
0.1258244
0.1156017
0.1148613
0.1198857
0.1182752
0.1014583
0.0732983
0.0454057
0.0253002
0.0108901
-0.0038576
-0.0202892
-0.0338619
-0.0407011
-0.0429996
-0.0465593
-0.0537435
-0.0605150
-0.0612344
-0.0558861
-0.0514985
-0.0554942
-0.0672261
-0.0765999
-0.0725656
-0.0544232
-0.0346335
-0.0286309
-0.0401181
-0.0566553
-0.0615980
-0.0513910
-0.0397263
-0.0425201
-0.0589833
-0.0705519
-0.0610287
-0.0364148
-0.0207597
-0.0304642
-0.0554374
-0.0697765
-0.0611858
-0.0453560
-0.0475401
-0.0718280
-0.0943147
-0.0894426
-0.0597041
-0.0341040
-0.0369333
-0.0628672
-0.0859586
-0.0894198
-0.0799211
-0.0718894
-0.0653165
-0.0468558
-0.0117887
0.0238345
0.0391758
0.0339022
0.0303094
0.0479923
0.0814367
0.1077256
0.1142074
0.1117277
0.1182707
0.1352712
0.1465925
0.1396355
0.1198735
0.1003376
0.0813267
0.0481847
-0.0092077
-0.0799375
-0.1391816
-0.1699316
-0.1742927
-0.1654687
-0.1551087
-0.1503400
-0.1559405
-0.1708861
-0.1837554
-0.1808121
-0.1635535
-0.1518284
-0.1608107
-0.1771963
-0.1703940
-0.1334714
-0.1034362
-0.1264128
-0.2016090
-0.2732840
-0.2870511
-0.2435809
-0.1781005
-0.0862349
0.1046014
0.4614628
0.9381857
1.3602547
1.5398809
1.4181184
1.0988509
0.7516538
0.4878002
0.3195550
0.2089701
0.1278819
0.0699153
0.0297043
-0.0051318
-0.0400966
-0.0666707
-0.0773337
-0.0810399
-0.0943473
-0.1185260
-0.1348217
-0.1268061
-0.1020036
-0.0846533
-0.0881029
-0.1010060
-0.1036987
-0.0934797
-0.0873899
-0.0996707
-0.1219473
-0.1303008
-0.1112217
-0.0769417
-0.0535223
-0.0553757
-0.0731703
-0.0858691
-0.0820674
-0.0683075
-0.0582224
-0.0567667
-0.0567273
-0.0490617
-0.0333465
-0.0165844
-0.0037720
0.0069982
0.0192799
0.0309494
0.0356241
0.0320191
0.0292382
0.0396904
0.0661369
0.0974803
0.1188762
0.1256357
0.1261053
0.1312995
0.1435873
0.1565099
0.1641674
0.1681928
0.1745717
0.1851223
0.1942978
0.1951303
0.1873306
0.1782102
0.1753618
0.1791473
0.1829088
0.1801793
0.1710187
0.1612925
0.1563629
0.1557714
0.1536235
0.1435919
0.1236628
0.0968180
0.0679575
0.0404679
0.0154407
-0.0064837
-0.0233044
-0.0324744
-0.0341643
-0.0335747
-0.0385320
-0.0527938
-0.0711153
-0.0825164
-0.0806116
-0.0711980
-0.0680659
-0.0795473
-0.0990224
-0.1099721
-0.1015999
-0.0795878
-0.0609283
-0.0580177
-0.0681931
-0.0787552
-0.0809713
-0.0776898
-0.0773257
-0.0823613
-0.0859603
-0.0803646
-0.0670682
-0.0566141
-0.0576167
-0.0672622
-0.0745590
-0.0732306
-0.0694040
-0.0745126
-0.0910677
-0.1080115
-0.1117327
-0.1005561
-0.0864177
-0.0824119
-0.0907480
-0.1035478
-0.1126414
-0.1151205
-0.1099501
-0.0943618
-0.0679027
-0.0383848
-0.0181900
-0.0118496
-0.0100692
0.0002275
0.0208203
0.0411158
0.0527829
0.0606745
0.0746044
0.0923822
0.0983679
0.0830121
0.0594427
0.0524004
0.0679592
0.0798196
0.0526514
-0.0203030
-0.1074609
-0.1689045
-0.1929910
-0.2000116
-0.2127453
-0.2309652
-0.2382322
-0.2279664
-0.2138158
-0.2122710
-0.2218976
-0.2265706
-0.2173393
-0.2031965
-0.1971975
-0.1985214
-0.1962936
-0.1897778
-0.1949597
-0.2249372
-0.2688059
-0.2988704
-0.2981792
-0.2689752
-0.2045872
-0.0609388
0.2210193
0.6445586
1.1073826
1.4387911
1.5083602
1.3151294
0.9797990
0.6521731
0.4183687
0.2780602
0.1875778
0.1120019
0.0426596
-0.0158112
-0.0598353
-0.0884618
-0.1009915
-0.1003771
-0.0970073
-0.1030544
-0.1208779
-0.1398453
-0.1473840
-0.1424280
-0.1357703
-0.1371964
-0.1446347
-0.1475153
-0.1395371
-0.1256501
-0.1158604
-0.1141543
-0.1156401
-0.1141487
-0.1100692
-0.1090213
-0.1138398
-0.1200735
-0.1201504
-0.1109717
-0.0965206
-0.0835381
-0.0757202
-0.0720913
-0.0695354
-0.0654413
-0.0581756
-0.0469268
-0.0326272
-0.0184849
-0.0078306
-0.0006960
0.0065316
0.0171070
0.0300911
0.0417052
0.0506133
0.0604874
0.0759056
0.0957615
0.1122746
0.1181269
0.1148555
0.1131365
0.1235056
0.1461258
0.1695339
0.1797052
0.1714472
0.1526404
0.1381252
0.1380452
0.1497102
0.1598757
0.1563641
0.1394066
0.1219859
0.1177924
0.1275935
0.1374449
0.1311482
0.1049292
0.0696854
0.0390436
0.0165069
-0.0046282
-0.0298114
-0.0545069
-0.0685564
-0.0682741
-0.0620449
-0.0628793
-0.0758983
-0.0938061
-0.1045873
-0.1032910
-0.0964211
-0.0953299
-0.1053779
-0.1207682
-0.1292816
-0.1227236
-0.1044686
-0.0875942
-0.0843107
-0.0952125
-0.1085198
-0.1112216
-0.1019453
-0.0922795
-0.0944637
-0.1080361
-0.1197970
-0.1174013
-0.1020877
-0.0870429
-0.0837851
-0.0918457
-0.1022574
-0.1089337
-0.1137985
-0.1208971
-0.1288858
-0.1320946
-0.1279864
-0.1206131
-0.1159764
-0.1161191
-0.1191242
-0.1227470
-0.1247747
-0.1202556
-0.1032176
-0.0750421
-0.0489497
-0.0398522
-0.0468366
-0.0499458
-0.0302648
0.0071182
0.0363198
0.0401727
0.0318881
0.0400977
0.0721198
0.1001140
0.0907693
0.0463657
0.0073814
0.0093875
0.0416632
0.0557177
0.0154762
-0.0665799
-0.1454069
-0.1893956
-0.2039557
-0.2126600
-0.2264007
-0.2377981
-0.2395609
-0.2361630
-0.2341572
-0.2302708
-0.2185784
-0.2062483
-0.2097173
-0.2297917
-0.2404518
-0.2162969
-0.1714270
-0.1565877
-0.2059534
-0.2917844
-0.3459225
-0.3293287
-0.2662474
-0.1952118
-0.0923155
0.1311049
0.5312533
1.0309968
1.4341844
1.5618358
1.3877593
1.0473456
0.7190043
0.4964997
0.3614694
0.2530272
0.1436508
0.0500499
-0.0079750
-0.0389415
-0.0681005
-0.1063571
-0.1402492
-0.1513392
-0.1386023
-0.1192051
-0.1111357
-0.1186904
-0.1331426
-0.1430854
-0.1430130
-0.1353003
-0.1273807
-0.1266821
-0.1351416
-0.1465105
-0.1499787
-0.1390517
-0.1183023
-0.1005785
-0.0959925
-0.1031436
-0.1115120
-0.1121825
-0.1051541
-0.0960216
-0.0873436
-0.0756735
-0.0577371
-0.0378178
-0.0263466
-0.0295186
-0.0407645
-0.0445365
-0.0303328
-0.0031690
0.0207685
0.0295718
0.0269315
0.0283464
0.0463190
0.0788200
0.1112695
0.1292310
0.1297423
0.1217109
0.1166424
0.1193176
0.1264147
0.1324647
0.1360905
0.1405644
0.1488815
0.1588948
0.1642215
0.1609857
0.1534747
0.1512297
0.1588214
0.1691591
0.1693695
0.1546716
0.1350818
0.1259006
0.1309158
0.1370420
0.1277794
0.1013661
0.0727211
0.0562343
0.0493842
0.0369409
0.0108818
-0.0182505
-0.0326907
-0.0281513
-0.0193764
-0.0242459
-0.0449346
-0.0668114
-0.0745763
-0.0668077
-0.0547437
-0.0500808
-0.0561234
-0.0683654
-0.0791793
-0.0813757
-0.0718665
-0.0559725
-0.0464231
-0.0530063
-0.0713543
-0.0851387
-0.0826321
-0.0701014
-0.0654878
-0.0781807
-0.0980461
-0.1068140
-0.0984222
-0.0843416
-0.0787173
-0.0827466
-0.0869564
-0.0858856
-0.0846091
-0.0896947
-0.0988615
-0.1038204
-0.1010842
-0.0950216
-0.0901528
-0.0856096
-0.0800782
-0.0778266
-0.0832133
-0.0893363
-0.0798409
-0.0479919
-0.0103399
0.0074173
0.0006150
-0.0056243
0.0151429
0.0566655
0.0840370
0.0748379
0.0482829
0.0443024
0.0750661
0.1075334
0.1003826
0.0529056
0.0073814
0.0010999
0.0240859
0.0311616
-0.0078608
-0.0786601
-0.1430969
-0.1792546
-0.1938995
-0.2020583
-0.2078868
-0.2092765
-0.2100766
-0.2158960
-0.2204982
-0.2095893
-0.1835508
-0.1657919
-0.1758307
-0.1979403
-0.1941141
-0.1562911
-0.1310877
-0.1720405
-0.2674758
-0.3375051
-0.3171022
-0.2281142
-0.1421488
-0.0680929
0.0937634
0.4507416
0.9650978
1.4265162
1.6041941
1.4364273
1.0696879
0.7174158
0.4906894
0.3597437
0.2482385
0.1315351
0.0403859
-0.0019950
-0.0168278
-0.0422727
-0.0879238
-0.1292773
-0.1416867
-0.1279081
-0.1105773
-0.1064967
-0.1143646
-0.1232261
-0.1250938
-0.1187765
-0.1077782
-0.0984312
-0.0970986
-0.1046594
-0.1137749
-0.1147422
-0.1051390
-0.0918827
-0.0827047
-0.0773032
-0.0690902
-0.0552319
-0.0421132
-0.0387618
-0.0456437
-0.0522854
-0.0469298
-0.0275858
-0.0029702
0.0163010
0.0263900
0.0312654
0.0372031
0.0468197
0.0574617
0.0646599
0.0673116
0.0695849
0.0773483
0.0924582
0.1107235
0.1257135
0.1345913
0.1400721
0.1464586
0.1538874
0.1573692
0.1526043
0.1427578
0.1381000
0.1473412
0.1686074
0.1892395
0.1955825
0.1845699
0.1666381
0.1565217
0.1596964
0.1676023
0.1671995
0.1554880
0.1433558
0.1439388
0.1575565
0.1694113
0.1629528
0.1354554
0.1000246
0.0722223
0.0554003
0.0399519
0.0164888
-0.0120958
-0.0328809
-0.0365462
-0.0275867
-0.0209111
-0.0287435
-0.0503465
-0.0734146
-0.0851259
-0.0826043
-0.0737830
-0.0690311
-0.0722556
-0.0793173
-0.0835081
-0.0817340
-0.0761608
-0.0713161
-0.0704023
-0.0741830
-0.0821994
-0.0931824
-0.1033742
-0.1062289
-0.0971553
-0.0800704
-0.0672618
-0.0695567
-0.0854588
-0.1014222
-0.1047755
-0.0966228
-0.0903955
-0.0964200
-0.1093380
-0.1138436
-0.1034275
-0.0897923
-0.0900571
-0.1060134
-0.1209364
-0.1187842
-0.1027047
-0.0899496
-0.0892199
-0.0886360
-0.0701086
-0.0332073
0.0013430
0.0143486
0.0101107
0.0105999
0.0289227
0.0548844
0.0695437
0.0687590
0.0656856
0.0708439
0.0771542
0.0695276
0.0460637
0.0228860
0.0153505
0.0181011
0.0083912
-0.0306579
-0.0931530
-0.1569170
-0.2026472
-0.2242928
-0.2253786
-0.2129982
-0.1968727
-0.1875445
-0.1891735
-0.1953983
-0.1973269
-0.1956883
-0.1993291
-0.2086684
-0.2069647
-0.1782935
-0.1358805
-0.1213694
-0.1635324
-0.2390232
-0.2874918
-0.2727433
-0.2181819
-0.1654037
-0.0983567
0.0694015
0.4082743
0.8682373
1.2740718
1.4424883
1.3167268
0.9952356
0.6390146
0.3567242
0.1678861
0.0470015
-0.0249837
-0.0543601
-0.0553360
-0.0535174
-0.0656165
-0.0864186
-0.1017927
-0.1091798
-0.1183316
-0.1337020
-0.1445889
-0.1376234
-0.1154492
-0.0964687
-0.0947811
-0.1048238
-0.1089695
-0.0977551
-0.0788317
-0.0668893
-0.0686706
-0.0785260
-0.0851348
-0.0803057
-0.0635647
-0.0420547
-0.0267198
-0.0255506
-0.0369672
-0.0491633
-0.0487346
-0.0329590
-0.0132353
-0.0036146
-0.0051612
-0.0042591
0.0117085
0.0390004
0.0608416
0.0659208
0.0607188
0.0616664
0.0762350
0.0944796
0.1009198
0.0936400
0.0884254
0.1020560
0.1331528
0.1624289
0.1719231
0.1616842
0.1471016
0.1423610
0.1482180
0.1544336
0.1516575
0.1403863
0.1295985
0.1279810
0.1367097
0.1495497
0.1583093
0.1582870
0.1506724
0.1411030
0.1345136
0.1297530
0.1203297
0.1024026
0.0812744
0.0672977
0.0643889
0.0641248
0.0529454
0.0257624
-0.0079450
-0.0325632
-0.0417150
-0.0446627
-0.0560158
-0.0793079
-0.1026087
-0.1107417
-0.1000852
-0.0809111
-0.0674866
-0.0673769
-0.0784256
-0.0931007
-0.1049717
-0.1122059
-0.1163274
-0.1188592
-0.1196450
-0.1175819
-0.1121435
-0.1048947
-0.1001200
-0.1022375
-0.1106587
-0.1185799
-0.1198216
-0.1167234
-0.1182874
-0.1293366
-0.1434281
-0.1482825
-0.1381835
-0.1205285
-0.1098757
-0.1149825
-0.1314065
-0.1470413
-0.1541638
-0.1546352
-0.1543121
-0.1557993
-0.1574254
-0.1555383
-0.1454371
-0.1235107
-0.0927349
-0.0645270
-0.0499983
-0.0475354
-0.0421257
-0.0206928
0.0114499
0.0326680
0.0275550
0.0072862
0.0016667
0.0261490
0.0603248
0.0668556
0.0326427
-0.0154438
-0.0393845
-0.0304036
-0.0166004
-0.0326866
-0.0864655
-0.1549694
-0.2089308
-0.2368580
-0.2459955
-0.2467005
-0.2433050
-0.2389468
-0.2393317
-0.2458986
-0.2514667
-0.2502420
-0.2482217
-0.2544015
-0.2626248
-0.2534150
-0.2202248
-0.1877715
-0.1939584
-0.2497766
-0.3217523
-0.3604044
-0.3443335
-0.2848267
-0.1808297
0.0144555
0.3523998
0.8010218
1.2141407
1.4144193
1.3226494
1.0123914
0.6456350
0.3569274
0.1852624
0.0929090
0.0302916
-0.0220157
-0.0618258
-0.0913661
-0.1191731
-0.1439272
-0.1548163
-0.1502704
-0.1429905
-0.1432679
-0.1492603
-0.1564237
-0.1634442
-0.1652929
-0.1551791
-0.1395144
-0.1360592
-0.1488093
