-0.0912648
-0.1248193
-0.0451981
-0.0305233
-0.1086241
-0.1601623
-0.1346849
-0.0954693
-0.0771635
-0.0479469
-0.0094786
-0.0106114
-0.0538267
-0.0844677
-0.0773336
-0.0555820
-0.0295749
0.0083486
0.0362689
0.0223516
-0.0112804
-0.0076061
0.0446826
0.1029105
0.1371943
0.1573713
0.1785679
0.2006552
0.2169072
0.2148361
0.1835675
0.1445700
0.1480207
0.2064885
0.2582906
0.2326348
0.1315814
0.0170427
-0.0622708
-0.1005423
-0.1125041
-0.1158284
-0.1272199
-0.1516592
-0.1782083
-0.1945071
-0.1956266
-0.1796438
-0.1551311
-0.1500435
-0.1818159
-0.2166994
-0.1973823
-0.1246159
-0.0758939
-0.1192410
-0.2308952
-0.3211812
-0.3293496
-0.2731438
-0.2042006
-0.1218666
0.0569056
0.4161052
0.9119787
1.3477393
1.5135793
1.3584424
1.0131766
0.6598364
0.4018361
0.2428326
0.1412589
0.0619299
-0.0067485
-0.0619944
-0.1027928
-0.1325952
-0.1499834
-0.1516645
-0.1486793
-0.1619898
-0.1924971
-0.2127142
-0.2017212
-0.1742980
-0.1613250
-0.1728003
-0.1933378
-0.2043909
-0.1988586
-0.1815870
-0.1655849
-0.1621842
-0.1689969
-0.1731525
-0.1678718
-0.1573267
-0.1454300
-0.1313484
-0.1166833
-0.1053858
-0.0963393
-0.0874978
-0.0855098
-0.0969657
-0.1104799
-0.1028296
-0.0661422
-0.0177719
0.0186964
0.0330845
0.0301465
0.0222335
0.0218496
0.0341357
0.0555311
0.0816210
0.1108853
0.1383710
0.1564470
0.1685756
0.1905443
0.2273297
0.2588992
0.2624803
0.2431032
0.2295878
0.2425822
0.2753945
0.3046346
0.3135333
0.3057669
0.2987321
0.3016907
0.3034593
0.2883770
0.2600780
0.2364396
0.2214320
0.1973404
0.1500562
0.0898566
0.0400393
0.0130536
0.0033846
-0.0024553
-0.0140099
-0.0314914
-0.0495093
-0.0661194
-0.0840868
-0.1006743
-0.1048127
-0.0931495
-0.0818343
-0.0900460
-0.1147234
-0.1332908
-0.1312020
-0.1172791
-0.1107393
-0.1198010
-0.1343614
-0.1365670
-0.1194655
-0.0962779
-0.0872288
-0.0963659
-0.1080286
-0.1078175
-0.0982407
-0.0901266
-0.0884136
-0.0927994
-0.1038344
-0.1196686
-0.1315472
-0.1304453
-0.1172994
-0.1031819
-0.0998211
-0.1087617
-0.1161474
-0.1010212
-0.0568116
-0.0047363
0.0222292
0.0116914
-0.0154274
-0.0238657
0.0076257
0.0720439
0.1396240
0.1793848
0.1841226
0.1750424
0.1765999
0.1889788
0.1919976
0.1733354
0.1432301
0.1194552
0.1044559
0.0813326
0.0316285
-0.0432290
-0.1188707
-0.1689209
-0.1882863
-0.1919160
-0.1939438
-0.1978225
-0.2060075
-0.2242234
-0.2487950
-0.2620337
-0.2523521
-0.2323845
-0.2244605
-0.2302185
-0.2278107
-0.2046080
-0.1839447
-0.2064205
-0.2799913
-0.3578698
-0.3801788
-0.3367014
-0.2679123
-0.1909452
-0.0448378
0.2549852
0.6972111
1.1308469
1.3634712
1.3094612
1.0438937
0.7221609
0.4570855
0.2676318
0.1224866
0.0055829
-0.0719079
-0.1076612
-0.1280318
-0.1615117
-0.2062560
-0.2374451
-0.2410934
-0.2287882
-0.2209251
-0.2254375
-0.2344889
-0.2357253
-0.2244228
-0.2073035
-0.1958568
-0.1959367
-0.2043246
-0.2134133
-0.2156520
-0.2054163
-0.1833083
-0.1596959
-0.1478312
-0.1507836
-0.1590786
-0.1623978
-0.1593921
-0.1551682
-0.1538297
-0.1551122
-0.1548506
-0.1476373
-0.1314602
-0.1095265
-0.0857032
-0.0608128
-0.0368683
-0.0211236
-0.0192263
-0.0252461
-0.0244707
-0.0070010
0.0245783
0.0599770
0.0897908
0.1101220
0.1226609
0.1314271
0.1390566
0.1471486
0.1588040
0.1760524
0.1943162
0.2055790
0.2096600
0.2163296
0.2318027
0.2478896
0.2501381
0.2344595
0.2109043
0.1914470
0.1773014
0.1595227
0.1319631
0.1020797
0.0842848
0.0798118
0.0690886
0.0325925
-0.0225329
-0.0666008
-0.0809241
-0.0794993
-0.0916183
-0.1268032
-0.1633935
-0.1731587
-0.1539659
-0.1335398
-0.1383771
-0.1627522
-0.1763484
-0.1631767
-0.1425543
-0.1441647
-0.1697009
-0.1908978
-0.1846921
-0.1596288
-0.1428516
-0.1469951
-0.1571769
-0.1517698
-0.1313813
-0.1206424
-0.1384770
-0.1719699
-0.1876921
-0.1684710
-0.1310666
-0.1054706
-0.1043539
-0.1174151
-0.1292861
-0.1349406
-0.1383937
-0.1426460
-0.1445070
-0.1387505
-0.1248126
-0.1065052
-0.0856020
-0.0611383
-0.0379566
-0.0290825
-0.0403914
-0.0544169
-0.0396954
0.0183843
0.0993609
0.1636154
0.1859838
0.1741799
0.1573010
0.1580551
0.1749861
0.1890324
0.1835195
0.1550256
0.1083645
0.0492235
-0.0159808
-0.0799458
-0.1390111
-0.1932003
-0.2373630
-0.2579326
-0.2467489
-0.2167834
-0.1958722
-0.2011572
-0.2232184
-0.2389707
-0.2384599
-0.2336794
-0.2385917
-0.2465620
-0.2382852
-0.2136133
-0.2021200
-0.2297728
-0.2821695
-0.3181318
-0.3203305
-0.3112587
-0.3027011
-0.2404375
-0.0281054
0.3730149
0.8677342
1.2640408
1.4025742
1.2630979
0.9561528
0.6231679
0.3480239
0.1467018
0.0080462
-0.0773392
-0.1191470
-0.1344575
-0.1419992
-0.1535788
-0.1736343
-0.2017064
-0.2312612
-0.2497766
-0.2465667
-0.2234888
-0.1963480
-0.1824238
-0.1853000
-0.1938698
-0.1970650
-0.1954677
-0.1948495
-0.1931174
-0.1823310
-0.1636550
-0.1514442
-0.1578612
-0.1782553
-0.1962127
-0.2000762
-0.1904694
-0.1738261
-0.1540631
-0.1327014
-0.1142984
-0.1065042
-0.1110260
-0.1164516
-0.1066909
-0.0798233
-0.0536642
-0.0466611
-0.0548950
-0.0537718
-0.0235344
0.0301215
0.0814309
0.1083064
0.1107311
0.1077202
0.1169992
0.1378759
0.1550497
0.1584499
0.1557696
0.1638551
0.1904914
0.2268372
0.2559212
0.2668478
0.2625595
0.2557719
0.2565512
0.2628361
0.2634573
0.2496634
0.2221698
0.1888434
0.1596440
0.1431688
0.1417285
0.1456998
0.1358673
0.0974039
0.0349211
-0.0267035
-0.0599939
-0.0583478
-0.0435135
-0.0457653
-0.0732100
-0.1034457
-0.1092934
-0.0896783
-0.0690505
-0.0674055
-0.0787553
-0.0833188
-0.0761132
-0.0754137
-0.0994535
-0.1384538
-0.1575640
-0.1324531
-0.0787223
-0.0389128
-0.0394236
-0.0662966
-0.0857991
-0.0821911
-0.0691062
-0.0676250
-0.0818199
-0.0983096
-0.1046312
-0.1023124
-0.1009422
-0.1032290
-0.1011066
-0.0881045
-0.0714723
-0.0674314
-0.0847691
-0.1154672
-0.1399261
-0.1388905
-0.1044567
-0.0478071
0.0025572
0.0189519
-0.0004129
-0.0243327
-0.0125794
0.0477821
0.1287799
0.1861206
0.1994405
0.1875864
0.1828142
0.1932531
0.1972815
0.1749603
0.1356481
0.1067986
0.0989567
0.0905448
0.0496325
-0.0329849
-0.1333285
-0.2130137
-0.2470212
-0.2377527
-0.2088188
-0.1876857
-0.1896498
-0.2104888
-0.2313552
-0.2356077
-0.2259799
-0.2223980
-0.2372870
-0.2560958
-0.2520242
-0.2221064
-0.1986541
-0.2161667
-0.2708351
-0.3225370
-0.3376162
-0.3184043
-0.2794100
-0.1977351
-0.0067287
0.3392022
0.7865877
1.1811016
1.3617350
1.2710933
0.9841101
0.6393470
0.3446768
0.1345418
-0.0078759
-0.1063056
-0.1691896
-0.1977250
-0.2014338
-0.1989091
-0.2045240
-0.2186770
-0.2321778
-0.2377662
-0.2363255
-0.2340572
-0.2353070
-0.2376237
-0.2340848
-0.2221262
-0.2093209
-0.2069656
-0.2170276
-0.2286062
-0.2291932
-0.2171375
-0.2010216
-0.1888760
-0.1811896
-0.1743923
-0.1680670
-0.1656678
-0.1676332
-0.1669118
-0.1557252
-0.1370549
-0.1241746
-0.1248602
-0.1294714
-0.1206956
-0.0949631
-0.0685371
-0.0593826
-0.0656674
-0.0657759
-0.0402606
0.0074533
0.0533296
0.0759299
0.0765360
0.0752672
0.0885907
0.1135292
0.1341527
0.1402276
0.1375476
0.1418476
0.1640107
0.1992514
0.2291624
0.2364660
0.2205851
0.1986383
0.1897044
0.1979457
0.2111952
0.2147269
0.2050110
0.1901412
0.1782444
0.1677022
0.1507621
0.1257400
0.1009812
0.0837478
0.0685538
0.0421611
0.0004862
-0.0438198
-0.0725574
-0.0785258
-0.0699726
-0.0613767
-0.0623373
-0.0741229
-0.0929619
-0.1133687
-0.1285800
-0.1320803
-0.1232320
-0.1110641
-0.1080485
-0.1179651
-0.1323171
-0.1402453
-0.1391546
-0.1334301
-0.1261702
-0.1172358
-0.1090915
-0.1092865
-0.1232000
-0.1450231
-0.1594258
-0.1550549
-0.1363470
-0.1194995
-0.1155338
-0.1197075
-0.1198971
-0.1126832
-0.1060199
-0.1057610
-0.1049932
-0.0910690
-0.0623529
-0.0346170
-0.0280946
-0.0462598
-0.0670965
-0.0583795
-0.0062468
0.0693787
0.1295106
0.1490365
0.1370932
0.1258534
0.1390229
0.1703161
0.1922205
0.1853579
0.1571222
0.1293625
0.1101181
0.0835532
0.0299171
-0.0494849
-0.1316287
-0.1931112
-0.2269908
-0.2401630
-0.2418821
-0.2389675
-0.2374011
-0.2407115
-0.2453226
-0.2436092
-0.2360568
-0.2353324
-0.2494486
-0.2627536
-0.2483162
-0.2083091
-0.1899270
-0.2400317
-0.3413092
-0.4138962
-0.3965882
-0.3149877
-0.2429958
-0.1903765
-0.0549851
0.2787888
0.7849454
1.2599599
1.4677574
1.3308214
0.9781917
0.6138618
0.3531023
0.1834226
0.0500348
-0.0603078
-0.1247478
-0.1407659
-0.1449426
-0.1727666
-0.2185222
-0.2474584
-0.2410452
-0.2173460
-0.2058526
-0.2138721
-0.2256274
-0.2279768
-0.2252878
-0.2278709
-0.2356964
-0.2400959
-0.2368823
-0.2303204
-0.2243080
-0.2157111
-0.1996967
-0.1790566
-0.1640630
-0.1618327
-0.1678594
-0.1704202
-0.1630272
-0.1500471
-0.1393967
-0.1326787
-0.1251595
-0.1137141
-0.1010623
-0.0916269
-0.0857929
-0.0797090
-0.0697468
-0.0560225
-0.0413594
-0.0267607
-0.0083120
0.0199107
0.0585578
0.0991938
0.1293979
0.1428471
0.1450590
0.1493907
0.1661675
0.1938364
0.2207344
0.2371931
0.2458316
0.2574431
0.2759554
0.2907567
0.2875679
0.2664817
0.2454323
0.2426837
0.2559996
0.2621933
0.2406636
0.1974302
0.1618320
0.1558717
0.1685374
0.1653190
0.1246611
0.0616476
0.0125639
-0.0027040
0.0004939
-0.0088861
-0.0422318
-0.0796768
-0.0947787
-0.0861609
-0.0782934
-0.0905373
-0.1128052
-0.1185443
-0.0993458
-0.0781188
-0.0836788
-0.1164732
-0.1461500
-0.1445472
-0.1164843
-0.0930191
-0.0951534
-0.1105271
-0.1102970
-0.0852925
-0.0575815
-0.0540040
-0.0741764
-0.0908214
-0.0809386
-0.0514555
-0.0314966
-0.0412926
-0.0715518
-0.0937146
-0.0882922
-0.0612803
-0.0340682
-0.0210862
-0.0193102
-0.0168566
-0.0072768
0.0059043
0.0165087
0.0254565
0.0427264
0.0788269
0.1329138
0.1892116
0.2267254
0.2343340
0.2180196
0.1949219
0.1804376
0.1784383
0.1803637
0.1723041
0.1442903
0.0953594
0.0323709
-0.0341769
-0.0936645
-0.1379876
-0.1644212
-0.1774441
-0.1865093
-0.1989190
-0.2121973
-0.2144371
-0.1969833
-0.1694754
-0.1572113
-0.1751537
-0.2043029
-0.2044743
-0.1597567
-0.1069627
-0.1056026
-0.1735179
-0.2607347
-0.2982132
-0.2690635
-0.2137492
-0.1542126
-0.0286642
0.2648432
0.7393619
1.2439971
1.5462833
1.5111751
1.2054345
0.8282515
0.5445127
0.3831765
0.2763425
0.1656378
0.0553495
-0.0221986
-0.0615583
-0.0885711
-0.1218563
-0.1505116
-0.1548614
-0.1366347
-0.1179879
-0.1152646
-0.1244376
-0.1333870
-0.1390231
-0.1458294
-0.1524975
-0.1497962
-0.1344659
-0.1186508
-0.1183200
-0.1330599
-0.1442391
-0.1366991
-0.1176705
-0.1080272
-0.1156646
-0.1241160
-0.1109526
-0.0741186
-0.0356912
-0.0198795
-0.0302844
-0.0491365
-0.0556140
-0.0423939
-0.0164581
0.0107293
0.0307529
0.0396560
0.0387749
0.0366245
0.0455059
0.0709388
0.1045982
0.1316904
0.1469866
0.1611343
0.1885571
0.2298376
0.2689436
0.2895446
0.2928158
0.2964055
0.3148082
0.3427787
0.3605671
0.3550873
0.3334769
0.3151731
0.3126052
0.3207881
0.3241512
0.3115695
0.2852293
0.2567837
0.2356271
0.2201490
0.1997976
0.1661753
0.1229987
0.0849559
0.0648038
0.0595211
0.0498445
0.0170376
-0.0371216
-0.0879631
-0.1083387
-0.0928335
-0.0616366
-0.0411726
-0.0423242
-0.0569897
-0.0722094
-0.0836946
-0.0950272
-0.1071964
-0.1136568
-0.1075485
-0.0914793
-0.0767275
-0.0721929
-0.0762529
-0.0804715
-0.0794690
-0.0754426
-0.0740923
-0.0781314
-0.0845612
-0.0865058
-0.0776892
-0.0576649
-0.0345628
-0.0208415
-0.0219928
-0.0277517
-0.0186548
0.0125642
0.0459878
0.0486638
0.0111202
-0.0323145
-0.0290532
0.0400759
0.1377613
0.2043733
0.2150536
0.1982609
0.1971129
0.2194277
0.2333285
0.2099348
0.1593391
0.1169252
0.0993093
0.0850455
0.0417573
-0.0360366
-0.1226217
-0.1887966
-0.2240796
-0.2330105
-0.2231141
-0.2055187
-0.1993981
-0.2197618
-0.2564506
-0.2769694
-0.2612306
-0.2283909
-0.2156922
-0.2301178
-0.2376669
-0.2122015
-0.1822375
-0.2055374
-0.2937542
-0.3849255
-0.4083739
-0.3618459
-0.2928048
-0.1990022
0.0140814
0.4325346
0.9865026
1.4401041
1.5660279
1.3377086
0.9385470
0.5844068
0.3536134
0.1888891
0.0276500
-0.1128032
-0.1801880
-0.1753523
-0.1595371
-0.1795766
-0.2171437
-0.2260760
-0.2012200
-0.1862058
-0.2145009
-0.2651013
-0.2894514
-0.2709610
-0.2405623
-0.2338645
-0.2490513
-0.2562340
-0.2392488
-0.2144213
-0.2073212
-0.2217714
-0.2383249
-0.2381497
-0.2204847
-0.1969986
-0.1765852
-0.1603171
-0.1476257
-0.1406890
-0.1408777
-0.1445158
-0.1453592
-0.1404323
-0.1312778
-0.1197480
-0.1046106
-0.0831125
-0.0551150
-0.0251719
-0.0004664
0.0143373
0.0218671
0.0317762
0.0536468
0.0881811
0.1254905
0.1534455
0.1685467
0.1785765
0.1946550
0.2210292
0.2521648
0.2780639
0.2910660
0.2888883
0.2748792
0.2577522
0.2490619
0.2562596
0.2754721
0.2920450
0.2905702
0.2660861
0.2268742
0.1878130
0.1608295
0.1486205
0.1435737
0.1317106
0.1007217
0.0484802
-0.0141826
-0.0698853
-0.1059130
-0.1209574
-0.1225137
-0.1194814
-0.1179979
-0.1223563
-0.1358532
-0.1580520
-0.1821976
-0.1983549
-0.2011458
-0.1945721
-0.1885605
-0.1899360
-0.1958827
-0.1960155
-0.1820071
-0.1566712
-0.1334369
-0.1249606
-0.1308188
-0.1372110
-0.1306232
-0.1121194
-0.0965957
-0.0968509
-0.1095626
-0.1187338
-0.1122508
-0.0922240
-0.0684314
-0.0456601
-0.0222156
0.0001291
0.0117194
0.0062379
-0.0053214
0.0011845
0.0399983
0.0976890
0.1427609
0.1553838
0.1463310
0.1443436
0.1649420
0.1937527
0.2014619
0.1735537
0.1233967
0.0765969
0.0450321
0.0177739
-0.0238013
-0.0845427
-0.1498262
-0.1995103
-0.2257439
-0.2371956
-0.2475881
-0.2615590
-0.2719174
-0.2703288
-0.2599719
-0.2555036
-0.2670445
-0.2833094
-0.2760782
-0.2299051
-0.1693911
-0.1478955
-0.1974306
-0.2885584
-0.3506507
-0.3401625
-0.2818584
-0.2268649
-0.1666976
-0.0083290
0.3380106
0.8352101
1.2958708
1.5046188
1.3805263
1.0281970
0.6378659
0.3411831
0.1542694
0.0308463
-0.0610775
-0.1207737
-0.1473203
-0.1603509
-0.1805569
-0.2040829
-0.2109043
-0.1967194
-0.1843102
-0.1976982
-0.2315798
-0.2548000
-0.2441988
-0.2092170
-0.1807433
-0.1796711
-0.2001517
-0.2212154
-0.2287706
-0.2241477
-0.2155848
-0.2072702
-0.1980455
-0.1873885
-0.1789424
-0.1773483
-0.1827537
-0.1892368
-0.1886422
-0.1763499
-0.1545293
-0.1308433
-0.1136591
-0.1067555
-0.1067811
-0.1053425
-0.0948212
-0.0740550
-0.0492448
-0.0286318
-0.0149917
-0.0028245
0.0165304
0.0462993
0.0805947
0.1093074
0.1263924
0.1334336
0.1366343
0.1425573
0.1568644
0.1836789
0.2219677
0.2621107
0.2897915
0.2969194
0.2887062
0.2778553
0.2715166
0.2661252
0.2559122
0.2433637
0.2369844
0.2383766
0.2357866
0.2143537
0.1721433
0.1228572
0.0819150
0.0523567
0.0259832
-0.0040115
-0.0350079
-0.0593936
-0.0737341
-0.0816931
-0.0895711
-0.1012115
-0.1165381
-0.1323260
-0.1437939
-0.1482453
-0.1494944
-0.1567374
-0.1747212
-0.1941364
-0.1961954
-0.1715306
-0.1341380
-0.1119694
-0.1206512
-0.1476676
-0.1646876
-0.1551881
-0.1285101
-0.1078286
-0.1076205
-0.1237732
-0.1415423
-0.1481039
-0.1380908
-0.1138089
-0.0853682
-0.0676407
-0.0693091
-0.0819796
-0.0851607
-0.0674880
-0.0411434
-0.0287760
-0.0344485
-0.0336193
0.0018460
0.0701776
0.1376369
0.1721531
0.1740838
0.1689880
0.1738204
0.1793328
0.1682445
0.1418550
0.1186122
0.1074953
0.0932112
0.0536887
-0.0131460
-0.0876598
-0.1515425
-0.2031965
-0.2468965
-0.2757917
-0.2773120
-0.2554239
-0.2358917
-0.2408290
-0.2625829
-0.2727939
-0.2576612
-0.2339943
-0.2248388
-0.2285042
-0.2249181
-0.2112215
-0.2145361
-0.2579218
-0.3221085
-0.3586966
-0.3443854
-0.3041459
-0.2628670
-0.1808488
0.0337705
0.4247911
0.9019664
1.2744452
1.3864198
1.2270512
0.9150976
0.5900917
0.3248637
0.1258969
-0.0167959
-0.1040354
-0.1427532
-0.1591666
-0.1797623
-0.2048481
-0.2140398
-0.1987522
-0.1783315
-0.1781879
-0.1994391
-0.2198181
-0.2227097
-0.2150480
-0.2127736
-0.2168949
-0.2134743
-0.1961746
-0.1792071
-0.1818423
-0.2035998
-0.2219069
-0.2161238
-0.1896818
-0.1652168
-0.1599707
-0.1696760
-0.1760134
-0.1657820
-0.1413189
-0.1156202
-0.1007476
-0.0997914
-0.1062161
-0.1094790
-0.1031858
-0.0898537
-0.0776020
-0.0710236
-0.0652567
-0.0502283
-0.0214302
0.0144005
0.0455029
0.0665052
0.0820023
0.0988150
0.1174209
0.1333259
0.1453953
0.1590237
0.1795344
0.2046301
0.2260825
0.2389171
0.2467053
0.2561122
0.2670795
0.2712123
0.2618734
0.2447107
0.2348386
0.2416083
0.2572665
0.2626517
0.2443890
0.2058203
0.1616905
0.1240052
0.0938627
0.0654616
0.0353538
0.0064124
-0.0161450
-0.0304894
-0.0395207
-0.0482477
-0.0609158
-0.0789523
-0.0992982
-0.1153176
-0.1222787
-0.1229563
-0.1256091
-0.1345704
-0.1441385
-0.1441255
-0.1314823
-0.1145164
-0.1048145
-0.1064252
-0.1142478
-0.1214825
-0.1253109
-0.1245837
-0.1162594
-0.0992755
-0.0814084
-0.0762196
-0.0890690
-0.1087335
-0.1176436
-0.1104579
-0.0986554
-0.0956104
-0.1007273
-0.1013462
-0.0882560
-0.0650449
-0.0418535
-0.0245651
-0.0136073
-0.0099143
-0.0144398
-0.0192137
-0.0055127
0.0404149
0.1086428
0.1684781
0.1944450
0.1882720
0.1735030
0.1708808
0.1820808
0.1950890
0.1985885
0.1875845
0.1594313
0.1121751
0.0495217
-0.0171505
-0.0768930
-0.1281825
-0.1748820
-0.2131930
-0.2297702
-0.2183410
-0.1941313
-0.1830152
-0.1943981
-0.2116072
-0.2140178
-0.2035285
-0.2000550
-0.2108592
-0.2161304
-0.1955014
-0.1642581
-0.1669377
-0.2259632
-0.3062384
-0.3461467
-0.3226059
-0.2662433
-0.1993906
-0.0736022
0.1996532
0.6374299
1.1134852
1.4216180
1.4285940
1.1715678
0.8105684
0.4943940
0.2735359
0.1224974
0.0119482
-0.0603979
-0.0951956
-0.1153424
-0.1479267
-0.1916742
-0.2185023
-0.2099913
-0.1828040
-0.1719097
-0.1931055
-0.2288583
-0.2501508
-0.2452153
-0.2240566
-0.2014295
-0.1838982
-0.1731248
-0.1726391
-0.1844552
-0.2014433
-0.2094955
-0.1993897
-0.1745374
-0.1466117
-0.1259041
-0.1167509
-0.1190570
-0.1297412
-0.1415336
-0.1438977
-0.1302052
-0.1058093
-0.0860068
-0.0819725
-0.0883992
-0.0880201
-0.0699658
-0.0419570
-0.0222222
-0.0194793
-0.0224498
-0.0103217
0.0261501
0.0745157
0.1125504
0.1303736
0.1391937
0.1571824
0.1887650
0.2209203
0.2395882
0.2458410
0.2530618
0.2696472
0.2884411
0.2955845
0.2883146
0.2799678
0.2847732
0.2995948
0.3051207
0.2866688
0.2510130
0.2199243
0.2079678
0.2087048
0.2023196
0.1749362
0.1303315
0.0844479
0.0497732
0.0252029
0.0005892
-0.0300304
-0.0611891
-0.0821667
-0.0891263
-0.0896995
-0.0950374
-0.1078651
-0.1199039
-0.1224952
-0.1185869
-0.1202913
-0.1325955
-0.1433068
-0.1349811
-0.1073684
-0.0827415
-0.0847044
-0.1128449
-0.1417736
-0.1461435
-0.1248939
-0.0997269
-0.0912884
-0.0996876
-0.1089010
-0.1066716
-0.0958874
-0.0872079
-0.0859279
-0.0891588
-0.0925961
-0.0950402
-0.0959587
-0.0925267
-0.0821691
-0.0679515
-0.0592789
-0.0641521
-0.0782881
-0.0829924
-0.0590130
-0.0074766
0.0433245
0.0578997
0.0269734
-0.0170116
-0.0223269
0.0366622
0.1330392
0.2092144
0.2294260
0.2102597
0.1971068
0.2132216
0.2381326
0.2368676
0.2026812
0.1633488
0.1464628
0.1462179
0.1295403
0.0727268
-0.0133516
-0.0951380
-0.1480666
-0.1726297
-0.1836464
-0.1925112
-0.2017425
-0.2089071
-0.2091927
-0.1980487
-0.1790341
-0.1677522
-0.1784236
-0.2025641
-0.2097447
-0.1807961
-0.1392004
-0.1359603
-0.1935099
-0.2718748
-0.3063527
-0.2804380
-0.2412315
-0.2231991
-0.1662322
0.0553485
0.4948778
1.0285914
1.4137339
1.4724282
1.2268967
0.8593646
0.5487996
0.3496916
0.2117832
0.0833352
-0.0287846
-0.0910615
-0.1026460
-0.1020964
-0.1224724
-0.1581581
-0.1807285
-0.1765726
-0.1602635
-0.1549660
-0.1680575
-0.1873144
-0.1960150
-0.1886323
-0.1739093
-0.1660283
-0.1725732
-0.1878121
-0.1964122
-0.1867865
-0.1637845
-0.1461801
-0.1475171
-0.1602787
-0.1639761
-0.1496542
-0.1306997
-0.1256792
-0.1347711
-0.1395627
-0.1258657
-0.1007385
-0.0834654
-0.0826238
-0.0870792
-0.0804661
-0.0601221
-0.0374662
-0.0216099
-0.0089941
0.0086105
0.0316008
0.0536869
0.0726625
0.0929248
0.1164781
0.1378060
0.1516680
0.1623266
0.1795050
0.2051805
0.2293235
0.2421715
0.2483321
0.2628305
0.2907682
0.3158051
0.3157258
0.2895347
0.2623813
0.2594061
0.2780067
0.2905274
0.2732592
0.2289412
0.1807556
0.1480192
0.1300477
0.1123243
0.0852646
0.0545771
0.0330710
0.0244116
0.0173482
-0.0034659
-0.0414028
-0.0822252
-0.1047268
-0.0996860
-0.0804976
-0.0729627
-0.0907340
-0.1208168
-0.1364005
-0.1247508
-0.1002521
-0.0894094
-0.1050422
-0.1356546
-0.1574450
-0.1547092
-0.1301743
-0.0993426
-0.0775952
-0.0720319
-0.0812412
-0.0981449
-0.1130314
-0.1183885
-0.1139554
-0.1059404
-0.1000121
-0.0965611
-0.0935086
-0.0907556
-0.0892655
-0.0877821
-0.0840786
-0.0795891
-0.0800016
-0.0893413
-0.1036469
-0.1118986
-0.1051797
-0.0861385
-0.0682849
-0.0638001
-0.0716425
-0.0785045
-0.0712134
-0.0478817
-0.0188460
0.0015672
0.0066562
0.0049383
0.0157038
0.0523200
0.1078060
0.1595330
0.1904756
0.2044582
0.2182585
0.2393382
0.2547019
0.2448081
0.2079986
0.1663124
0.1424549
0.1326624
0.1087624
0.0493668
-0.0357011
-0.1152050
-0.1663571
-0.1902365
-0.2012181
-0.2093769
-0.2153238
-0.2159798
-0.2093002
-0.1947037
-0.1750045
-0.1601068
-0.1628599
-0.1839192
-0.2029264
-0.1961476
-0.1686216
-0.1589639
-0.1990597
-0.2715520
-0.3222994
-0.3186775
-0.2781988
-0.2221826
-0.1100186
0.1481180
0.5861387
1.0912801
1.4444914
1.4793893
1.2142699
0.8281020
0.5075523
0.3173582
0.2050960
0.1017143
-0.0044260
-0.0822151
-0.1145348
-0.1211008
-0.1316878
-0.1537731
-0.1731012
-0.1784061
-0.1755217
-0.1765271
-0.1834793
-0.1893543
-0.1912347
-0.1940153
-0.1998816
-0.2016061
-0.1915286
-0.1738776
-0.1626297
-0.1666058
-0.1794022
-0.1852600
-0.1743732
-0.1520070
-0.1324468
-0.1246681
-0.1257594
-0.1284203
-0.1306747
-0.1342097
-0.1357459
-0.1267908
-0.1043359
-0.0780078
-0.0626619
-0.0634372
-0.0692620
-0.0622692
-0.0349925
0.0014457
0.0277905
0.0361116
0.0373358
0.0488013
0.0767742
0.1127709
0.1442961
0.1659671
0.1811339
0.1956069
0.2105907
0.2214034
0.2238475
0.2217412
0.2257937
0.2433809
0.2703054
0.2933439
0.3002531
0.2882825
0.2659018
0.2467745
0.2388859
0.2372489
0.2282459
0.2024748
0.1633418
0.1234714
0.0933350
0.0722620
0.0494732
0.0157839
-0.0239383
-0.0528787
-0.0609618
-0.0595722
-0.0714382
-0.1041386
-0.1385988
-0.1484310
-0.1297473
-0.1076963
-0.1106877
-0.1391168
-0.1639776
-0.1596449
-0.1346440
-0.1227252
-0.1424692
-0.1735057
-0.1787107
-0.1461743
-0.1024747
-0.0846695
-0.1042360
-0.1399347
-0.1622351
-0.1609943
-0.1493463
-0.1444835
-0.1497900
-0.1567924
-0.1585792
-0.1546814
-0.1449955
-0.1278749
-0.1078799
-0.0993410
-0.1150713
-0.1508259
-0.1844176
-0.1931850
-0.1739348
-0.1457620
-0.1316001
-0.1361374
-0.1434573
-0.1366273
-0.1158281
-0.0949700
-0.0848675
-0.0846333
-0.0864305
-0.0813828
-0.0603466
-0.0162257
0.0485070
0.1172926
0.1669014
0.1836683
0.1746371
0.1614963
0.1606215
0.1686410
0.1691767
0.1520614
0.1214560
0.0854670
0.0444024
-0.0068236
-0.0681651
-0.1303038
-0.1800927
-0.2090687
-0.2192223
-0.2219273
-0.2281096
-0.2367799
-0.2356273
-0.2166791
-0.1908879
-0.1825681
-0.2047018
-0.2396223
-0.2508610
-0.2222896
-0.1840346
-0.1874124
-0.2471662
-0.3182781
-0.3430753
-0.3159610
-0.2807287
-0.2538604
-0.1667360
0.0871172
0.5295482
1.0259793
1.3541788
1.3654135
1.0923960
0.7074987
0.3808656
0.1751002
0.0546371
-0.0354410
-0.1143385
-0.1708647
-0.1956377
-0.1977358
-0.1972491
-0.2093523
-0.2347373
-0.2611209
-0.2728560
-0.2623423
-0.2367866
-0.2149166
-0.2127300
-0.2284646
-0.2436867
-0.2428516
-0.2294766
-0.2186364
-0.2164361
-0.2142064
-0.2029265
-0.1857183
-0.1726963
-0.1685374
-0.1697843
-0.1723783
-0.1771261
-0.1856634
-0.1926292
-0.1864535
-0.1623799
-0.1331645
-0.1195599
-0.1268820
-0.1366743
-0.1270284
-0.0976819
-0.0689480
-0.0571494
-0.0568612
-0.0486230
-0.0208306
0.0180823
0.0489402
0.0625031
0.0690983
0.0859555
0.1172071
0.1507042
0.1736212
0.1855586
0.1952613
0.2098179
0.2295133
0.2490979
0.2612011
0.2613051
0.2520670
0.2416488
0.2368437
0.2384928
0.2423002
0.2416298
0.2306958
0.2084856
0.1797444
0.1503964
0.1232183
0.0993034
0.0799954
0.0631996
0.0406982
0.0051931
-0.0395196
-0.0791071
-0.1004710
-0.1022678
-0.0953559
-0.0940491
-0.1045108
-0.1200547
-0.1299518
-0.1330536
-0.1381373
-0.1492556
-0.1569205
-0.1490825
-0.1276800
-0.1085816
-0.1048352
-0.1129768
-0.1173237
-0.1079869
-0.0936944
-0.0929843
-0.1102779
-0.1259771
-0.1178755
-0.0903322
-0.0725813
-0.0853020
-0.1160547
-0.1329138
-0.1192041
-0.0906463
-0.0785559
-0.0975808
-0.1305697
-0.1465604
-0.1335749
-0.1098763
-0.1011234
-0.1115718
-0.1225443
-0.1154508
-0.0900886
-0.0616364
-0.0450406
-0.0426835
-0.0442019
-0.0376958
-0.0207796
0.0018839
0.0305104
0.0717801
0.1245230
0.1706925
0.1892569
0.1791781
0.1636946
0.1692875
0.1994883
0.2285684
0.2233008
0.1748046
0.1076876
0.0534328
0.0169110
-0.0237407
-0.0845839
-0.1522775
-0.1971645
-0.2047660
-0.1896385
-0.1792963
-0.1866263
-0.1990919
-0.1969319
-0.1807478
-0.1731125
-0.1879082
-0.2068578
-0.1993960
-0.1645760
-0.1395608
-0.1593041
-0.2147524
-0.2611937
-0.2691749
-0.2565049
-0.2540348
-0.2349244
-0.0979558
0.2451062
0.7500485
1.2240140
1.4546610
1.3694552
1.0739193
0.7446442
0.4926813
0.3191735
0.1754275
0.0419214
-0.0558237
-0.0934990
-0.0880383
-0.0826760
-0.1027124
-0.1389282
-0.1699307
-0.1857901
-0.1883222
-0.1823412
-0.1743126
-0.1719293
-0.1773944
-0.1836395
-0.1812282
-0.1679909
-0.1508378
-0.1392207
-0.1361168
-0.1345720
-0.1259769
-0.1129245
-0.1083029
-0.1179751
-0.1304671
-0.1299250
-0.1147263
-0.0969143
-0.0868832
-0.0847568
-0.0838967
-0.0772600
-0.0625085
-0.0450232
-0.0332670
-0.0281371
-0.0206229
-0.0030595
0.0213036
0.0430004
0.0571557
0.0675603
0.0829388
0.1088685
0.1390933
0.1572445
0.1553551
0.1499275
0.1692147
0.2211216
0.2813156
0.3170595
0.3180798
0.3022636
0.2957123
0.3083445
0.3254994
0.3240202
0.2993621
0.2731632
0.2692193
0.2864429
0.3019674
0.2965539
0.2694907
0.2326566
0.1989496
0.1748488
0.1565333
0.1332567
0.0989065
0.0589298
0.0238467
0.0001351
-0.0108687
-0.0124103
-0.0145644
-0.0293301
-0.0575811
-0.0863097
-0.1032428
-0.1089517
-0.1115503
-0.1157282
-0.1200137
-0.1189951
-0.1068533
-0.0856033
-0.0700518
-0.0751886
-0.0966376
-0.1127824
-0.1095825
-0.0959816
-0.0918187
-0.1056527
-0.1253174
-0.1266974
-0.0954770
-0.0466122
-0.0171331
-0.0298571
-0.0671702
-0.0900334
-0.0803008
-0.0555255
-0.0450053
-0.0602291
-0.0870893
-0.1003252
-0.0881276
-0.0668204
-0.0655139
-0.0919185
-0.1219609
-0.1292596
-0.1145357
-0.0966729
-0.0840549
-0.0672359
-0.0365978
0.0018870
0.0289355
0.0292565
0.0107564
0.0040869
0.0335256
0.0894468
0.1405948
0.1709812
0.1893765
0.2037527
0.2070688
0.1950244
0.1802524
0.1767429
0.1786547
0.1633102
0.1125064
0.0299380
-0.0582984
-0.1227319
-0.1547543
-0.1676942
-0.1724691
-0.1665589
-0.1548851
-0.1609611
-0.1962246
-0.2324378
-0.2315772
-0.1988003
-0.1800292
-0.2028732
-0.2397354
-0.2406803
-0.1961218
-0.1567404
-0.1829523
-0.2722400
-0.3514477
-0.3588867
-0.3182677
-0.2914668
-0.2561568
-0.0832273
0.3220712
0.8722797
1.3260715
1.4732893
1.2918002
0.9385467
0.6039069
0.3719042
0.2073185
0.0568603
-0.0691597
-0.1289642
-0.1288201
-0.1256081
-0.1553017
-0.1983477
-0.2215757
-0.2224108
-0.2214327
-0.2337351
-0.2561876
-0.2697291
-0.2549518
-0.2171754
-0.1874705
-0.1854422
-0.1957162
-0.1974246
-0.1962904
-0.2046463
-0.2108571
-0.1970309
-0.1709866
-0.1544300
-0.1535402
-0.1615719
-0.1723668
-0.1741599
-0.1540506
-0.1252490
-0.1206791
-0.1424563
-0.1516104
-0.1264915
-0.0941278
-0.0837114
-0.0878567
-0.0890920
-0.0836175
-0.0622364
-0.0136746
0.0377968
0.0486143
0.0240199
0.0164126
0.0463848
0.0856040
0.1214850
0.1656806
0.1969533
0.1835440
0.1644945
0.2043321
0.2627584
0.2378666
0.1553224
0.1579346
0.2584296
0.2746437
0.1052620
