-0.0804923
-0.0669177
-0.0648480
-0.0604741
-0.0571294
-0.0670152
-0.0857060
-0.0936743
-0.0818426
-0.0612981
-0.0478521
-0.0482380
-0.0605867
-0.0776863
-0.0897473
-0.0930806
-0.0959289
-0.1077522
-0.1237235
-0.1285977
-0.1165592
-0.0992553
-0.0914428
-0.0935055
-0.0908933
-0.0696328
-0.0324945
0.0002162
0.0093883
-0.0018469
-0.0102972
0.0013765
0.0261700
0.0443387
0.0478779
0.0462377
0.0502511
0.0580686
0.0583840
0.0432514
0.0160403
-0.0112953
-0.0280520
-0.0331457
-0.0349070
-0.0436979
-0.0650562
-0.0973364
-0.1324521
-0.1599709
-0.1749083
-0.1821682
-0.1901371
-0.2001498
-0.2062886
-0.2052771
-0.2009391
-0.1973332
-0.1934559
-0.1887785
-0.1890404
-0.1992926
-0.2119433
-0.2099837
-0.1881737
-0.1677083
-0.1801102
-0.2313414
-0.2881982
-0.3098388
-0.2893848
-0.2474561
-0.1762586
-0.0080743
0.3292455
0.8097956
1.2739320
1.5190555
1.4459389
1.1271525
0.7386460
0.4260188
0.2276885
0.1043718
0.0158352
-0.0424155
-0.0626257
-0.0575474
-0.0565728
-0.0765704
-0.1080503
-0.1307396
-0.1359420
-0.1312617
-0.1282361
-0.1303087
-0.1328375
-0.1313308
-0.1268636
-0.1238002
-0.1246961
-0.1284357
-0.1313554
-0.1286461
-0.1169864
-0.0990900
-0.0846776
-0.0828044
-0.0917486
-0.0990228
-0.0935247
-0.0769485
-0.0618407
-0.0584294
-0.0640139
-0.0657060
-0.0537432
-0.0316082
-0.0121268
-0.0039731
-0.0038290
-0.0021661
0.0057722
0.0166908
0.0252669
0.0306791
0.0369971
0.0487534
0.0665946
0.0864506
0.1026816
0.1125851
0.1183536
0.1250363
0.1366437
0.1532715
0.1708998
0.1845923
0.1935436
0.2029501
0.2191114
0.2420540
0.2643519
0.2780779
0.2821515
0.2824246
0.2854647
0.2928520
0.3009221
0.3054608
0.3067000
0.3095423
0.3183316
0.3313600
0.3409633
0.3393230
0.3247037
0.3029386
0.2826941
0.2675026
0.2513456
0.2236166
0.1805819
0.1316508
0.0922634
0.0695882
0.0557906
0.0358846
0.0021408
-0.0391003
-0.0743138
-0.0958651
-0.1077968
-0.1189302
-0.1320537
-0.1420187
-0.1440789
-0.1411446
-0.1408306
-0.1464649
-0.1531702
-0.1534322
-0.1458402
-0.1376492
-0.1381890
-0.1492912
-0.1623544
-0.1654826
-0.1539507
-0.1340774
-0.1177091
-0.1131777
-0.1200540
-0.1306052
-0.1362043
-0.1339401
-0.1280593
-0.1248108
-0.1258334
-0.1270103
-0.1237162
-0.1164812
-0.1110495
-0.1128066
-0.1211368
-0.1296091
-0.1324370
-0.1307342
-0.1313030
-0.1386690
-0.1492599
-0.1545293
-0.1496372
-0.1384572
-0.1302188
-0.1314873
-0.1408497
-0.1507589
-0.1546772
-0.1527762
-0.1506511
-0.1526673
-0.1573319
-0.1596453
-0.1574475
-0.1542964
-0.1549727
-0.1577120
-0.1522300
-0.1284367
-0.0889302
-0.0509325
-0.0320830
-0.0331356
-0.0369171
-0.0262424
-0.0018051
0.0194896
0.0233658
0.0128349
0.0028795
0.0025121
0.0054814
-0.0002499
-0.0168233
-0.0339617
-0.0419641
-0.0436739
-0.0514756
-0.0741470
-0.1087168
-0.1442533
-0.1715769
-0.1896988
-0.2047316
-0.2224897
-0.2405110
-0.2479066
-0.2363937
-0.2128650
-0.1972738
-0.2031393
-0.2209230
-0.2270883
-0.2127144
-0.1966813
-0.2018115
-0.2207014
-0.2196059
-0.1843301
-0.1505954
-0.1697015
-0.2424352
-0.3063298
-0.3022928
-0.2398904
-0.1692577
-0.0846750
0.1104604
0.5024219
1.0241616
1.4445781
1.5374105
1.2746403
0.8473922
0.4941870
0.3143017
0.2421256
0.1724656
0.0780974
0.0049473
-0.0132203
-0.0023268
-0.0113021
-0.0528442
-0.0965968
-0.1128214
-0.1057946
-0.1007868
-0.1104037
-0.1241553
-0.1273379
-0.1194392
-0.1108676
-0.1082725
-0.1089725
-0.1077808
-0.1040551
-0.1010062
-0.1010345
-0.1033747
-0.1049132
-0.1020495
-0.0928944
-0.0794345
-0.0673138
-0.0614670
-0.0608802
-0.0589821
-0.0509831
-0.0401576
-0.0342922
-0.0352176
-0.0346452
-0.0232141
-0.0026753
0.0144120
0.0184750
0.0141847
0.0154155
0.0293921
0.0485540
0.0598774
0.0608788
0.0632410
0.0792723
0.1070717
0.1323436
0.1448130
0.1492847
0.1581185
0.1750692
0.1909839
0.1967373
0.1970412
0.2071658
0.2351416
0.2702394
0.2924596
0.2935532
0.2858214
0.2882826
0.3059213
0.3256322
0.3326137
0.3274171
0.3243741
0.3345568
0.3534168
0.3662883
0.3641086
0.3512349
0.3376614
0.3261097
0.3094256
0.2805070
0.2419910
0.2040616
0.1736076
0.1477560
0.1184953
0.0819728
0.0419520
0.0049573
-0.0259949
-0.0519220
-0.0734476
-0.0883631
-0.0949740
-0.0965804
-0.1000203
-0.1088490
-0.1195560
-0.1260811
-0.1272707
-0.1279079
-0.1321108
-0.1376864
-0.1388159
-0.1337478
-0.1274930
-0.1256329
-0.1271016
-0.1259337
-0.1203917
-0.1170232
-0.1226768
-0.1338901
-0.1384135
-0.1288996
-0.1122741
-0.1024410
-0.1046627
-0.1108088
-0.1112370
-0.1078805
-0.1112085
-0.1244283
-0.1358921
-0.1316252
-0.1137907
-0.1010215
-0.1078171
-0.1272638
-0.1389140
-0.1329867
-0.1214106
-0.1222298
-0.1368297
-0.1481141
-0.1415772
-0.1229979
-0.1112266
-0.1158515
-0.1278531
-0.1337393
-0.1332501
-0.1372078
-0.1495909
-0.1592038
-0.1527896
-0.1318948
-0.1106016
-0.0971984
-0.0845083
-0.0618009
-0.0320281
-0.0105983
-0.0062366
-0.0087599
-0.0006350
0.0213948
0.0419540
0.0457811
0.0361673
0.0302679
0.0376205
0.0483837
0.0446684
0.0204794
-0.0124073
-0.0371332
-0.0475604
-0.0517374
-0.0628196
-0.0882975
-0.1260373
-0.1671837
-0.2016336
-0.2226995
-0.2291864
-0.2242007
-0.2123970
-0.1990062
-0.1907746
-0.1941905
-0.2091138
-0.2251927
-0.2295533
-0.2202775
-0.2084991
-0.2033475
-0.1983687
-0.1808891
-0.1561436
-0.1522684
-0.1907295
-0.2537368
-0.2936226
-0.2806767
-0.2303092
-0.1661542
-0.0582061
0.1758950
0.5794321
1.0624865
1.4216721
1.4819279
1.2345311
0.8389135
0.4898466
0.2805734
0.1803081
0.1166886
0.0573524
0.0145897
-0.0021992
-0.0125834
-0.0416575
-0.0868456
-0.1207082
-0.1240841
-0.1071123
-0.0954038
-0.1020737
-0.1185507
-0.1297518
-0.1312866
-0.1295652
-0.1297327
-0.1291742
-0.1232994
-0.1133574
-0.1051873
-0.1016625
-0.1000002
-0.0972821
-0.0954951
-0.0982339
-0.1034858
-0.1033557
-0.0928475
-0.0770935
-0.0668242
-0.0661730
-0.0675628
-0.0609256
-0.0466356
-0.0356863
-0.0358479
-0.0407388
-0.0361872
-0.0168861
0.0069891
0.0214263
0.0242291
0.0258456
0.0352678
0.0491873
0.0578732
0.0598039
0.0657709
0.0862030
0.1168735
0.1412336
0.1479554
0.1436776
0.1461063
0.1652254
0.1934995
0.2150591
0.2227234
0.2243092
0.2327174
0.2519306
0.2740544
0.2890108
0.2946458
0.2963376
0.2987786
0.3013042
0.3018568
0.3026122
0.3084259
0.3195558
0.3286149
0.3269518
0.3134016
0.2944253
0.2750004
0.2519135
0.2190015
0.1783720
0.1421270
0.1196930
0.1050397
0.0810081
0.0384665
-0.0111904
-0.0461075
-0.0569773
-0.0574563
-0.0695014
-0.0991548
-0.1295218
-0.1389131
-0.1242115
-0.1040107
-0.0989592
-0.1115752
-0.1267405
-0.1299842
-0.1220291
-0.1147891
-0.1159465
-0.1207138
-0.1190999
-0.1086682
-0.0975670
-0.0951566
-0.1020076
-0.1105459
-0.1141003
-0.1128552
-0.1107746
-0.1093584
-0.1068065
-0.1026273
-0.1001231
-0.1024107
-0.1070306
-0.1072620
-0.1003267
-0.0929869
-0.0961952
-0.1128055
-0.1319428
-0.1379342
-0.1257140
-0.1064519
-0.0969333
-0.1036055
-0.1179288
-0.1272986
-0.1288365
-0.1305261
-0.1389510
-0.1488626
-0.1481163
-0.1330552
-0.1156809
-0.1124620
-0.1265356
-0.1440761
-0.1497176
-0.1431932
-0.1372798
-0.1392822
-0.1388078
-0.1180967
-0.0740028
-0.0252687
0.0050107
0.0122565
0.0122907
0.0209260
0.0363519
0.0447919
0.0405734
0.0344813
0.0399137
0.0545405
0.0608122
0.0454250
0.0147323
-0.0120234
-0.0236461
-0.0283219
-0.0436742
-0.0776953
-0.1208308
-0.1556961
-0.1731256
-0.1791319
-0.1872005
-0.2034667
-0.2190782
-0.2190590
-0.2011407
-0.1840059
-0.1907684
-0.2211160
-0.2452594
-0.2341191
-0.1957184
-0.1713503
-0.1878218
-0.2205628
-0.2194002
-0.1741269
-0.1382754
-0.1710155
-0.2607184
-0.3282904
-0.3152237
-0.2477397
-0.1863232
-0.1148262
0.0818394
0.4926622
1.0336010
1.4581286
1.5448862
1.2827635
0.8672627
0.5202391
0.3227989
0.2138294
0.1145425
0.0202344
-0.0268710
-0.0182462
-0.0014275
-0.0244926
-0.0813088
-0.1243473
-0.1225122
-0.0923915
-0.0728732
-0.0813991
-0.1024967
-0.1131093
-0.1087392
-0.1027769
-0.1070279
-0.1186518
-0.1249693
-0.1169452
-0.0971501
-0.0769734
-0.0673883
-0.0709552
-0.0809113
-0.0878051
-0.0876685
-0.0838382
-0.0808042
-0.0774220
-0.0680005
-0.0505078
-0.0317787
-0.0221457
-0.0245188
-0.0305541
-0.0289792
-0.0168488
-0.0010068
0.0111541
0.0199666
0.0311462
0.0467612
0.0615564
0.0695706
0.0727105
0.0798956
0.0966264
0.1170998
0.1291889
0.1279142
0.1224421
0.1280744
0.1512703
0.1835095
0.2100803
0.2239607
0.2304329
0.2389456
0.2522492
0.2645221
0.2693598
0.2678007
0.2675172
0.2747919
0.2885129
0.3021762
0.3107195
0.3145886
0.3175408
0.3214984
0.3240543
0.3207862
0.3096791
0.2932526
0.2764745
0.2624925
0.2500024
0.2343740
0.2113358
0.1800062
0.1428879
0.1033728
0.0637293
0.0257624
-0.0073137
-0.0314706
-0.0457482
-0.0550508
-0.0670248
-0.0846111
-0.1021530
-0.1106051
-0.1075759
-0.1014089
-0.1037115
-0.1172500
-0.1322145
-0.1356571
-0.1245403
-0.1084783
-0.0994756
-0.1002291
-0.1035351
-0.1022248
-0.0973838
-0.0956234
-0.0995875
-0.1037385
-0.1008214
-0.0912973
-0.0839947
-0.0863373
-0.0952121
-0.0996526
-0.0931956
-0.0821721
-0.0800046
-0.0929727
-0.1127084
-0.1238579
-0.1191761
-0.1062988
-0.0992914
-0.1042884
-0.1145143
-0.1192992
-0.1163839
-0.1138625
-0.1202447
-0.1342030
-0.1452849
-0.1445182
-0.1334515
-0.1224110
-0.1202559
-0.1262885
-0.1321000
-0.1307321
-0.1235026
-0.1178288
-0.1186498
-0.1221909
-0.1182922
-0.0992460
-0.0668973
-0.0313569
-0.0027360
0.0159067
0.0278530
0.0363816
0.0410415
0.0409764
0.0402608
0.0466982
0.0630956
0.0803836
0.0823922
0.0603722
0.0234055
-0.0074431
-0.0178470
-0.0143529
-0.0192546
-0.0497902
-0.1011814
-0.1502041
-0.1762705
-0.1794593
-0.1775350
-0.1854583
-0.1997974
-0.2055726
-0.1974272
-0.1888722
-0.1962174
-0.2156491
-0.2239675
-0.2064014
-0.1784412
-0.1706653
-0.1904204
-0.2085297
-0.1939904
-0.1583501
-0.1512264
-0.2039395
-0.2867503
-0.3360830
-0.3221454
-0.2699312
-0.1998772
-0.0626422
0.2325856
0.7024327
1.2110218
1.5355105
1.5322838
1.2456766
0.8555793
0.5253097
0.3023087
0.1478947
0.0285602
-0.0447959
-0.0565319
-0.0324040
-0.0250508
-0.0587475
-0.1053519
-0.1209463
-0.0974559
-0.0692313
-0.0717435
-0.1036760
-0.1333530
-0.1361097
-0.1179033
-0.1028218
-0.1044617
-0.1141809
-0.1149197
-0.1009902
-0.0822300
-0.0714571
-0.0713711
-0.0743220
-0.0726202
-0.0665856
-0.0620585
-0.0617471
-0.0612287
-0.0541958
-0.0403991
-0.0265838
-0.0190508
-0.0165242
-0.0119386
-0.0013610
0.0105063
0.0153454
0.0115850
0.0079885
0.0154546
0.0355250
0.0583533
0.0726145
0.0766189
0.0787332
0.0872252
0.1011702
0.1124266
0.1160628
0.1171551
0.1259944
0.1468103
0.1725545
0.1916773
0.1995266
0.2019951
0.2079555
0.2196187
0.2318116
0.2402500
0.2480075
0.2616004
0.2812094
0.2977865
0.3022256
0.2965369
0.2929361
0.3004499
0.3143172
0.3212677
0.3149299
0.3027964
0.2959475
0.2940472
0.2845958
0.2580526
0.2201465
0.1853417
0.1589281
0.1304150
0.0876367
0.0346943
-0.0092821
-0.0306408
-0.0369134
-0.0485723
-0.0762256
-0.1099108
-0.1322340
-0.1386392
-0.1407197
-0.1501897
-0.1644174
-0.1710632
-0.1648404
-0.1548055
-0.1533491
-0.1611669
-0.1669646
-0.1618029
-0.1500072
-0.1434159
-0.1465459
-0.1511100
-0.1464788
-0.1331305
-0.1226406
-0.1241965
-0.1339421
-0.1399912
-0.1369413
-0.1321201
-0.1357199
-0.1466603
-0.1518155
-0.1407793
-0.1195079
-0.1063004
-0.1132540
-0.1333138
-0.1475609
-0.1450768
-0.1336686
-0.1300032
-0.1406618
-0.1552827
-0.1587539
-0.1480467
-0.1349100
-0.1323245
-0.1406962
-0.1490917
-0.1491121
-0.1448144
-0.1471966
-0.1598694
-0.1729104
-0.1727839
-0.1578026
-0.1416082
-0.1396687
-0.1524037
-0.1629455
-0.1526303
-0.1188073
-0.0771503
-0.0468327
-0.0341971
-0.0306577
-0.0245148
-0.0126198
-0.0007025
0.0049444
0.0037695
-0.0001619
-0.0029082
-0.0034000
-0.0034476
-0.0068830
-0.0175581
-0.0355113
-0.0549852
-0.0694761
-0.0809859
-0.1016069
-0.1409766
-0.1913658
-0.2300882
-0.2410298
-0.2318902
-0.2251888
-0.2323691
-0.2429251
-0.2422431
-0.2337401
-0.2341923
-0.2479533
-0.2571759
-0.2449952
-0.2209750
-0.2104674
-0.2187743
-0.2213947
-0.2007040
-0.1816283
-0.2097653
-0.2895760
-0.3631959
-0.3675045
-0.3017311
-0.2113276
-0.0984074
0.1204568
0.5265539
1.0607599
1.5030713
1.6270370
1.3888229
0.9591312
0.5685635
0.3293674
0.2024443
0.1053712
0.0152891
-0.0378267
-0.0437317
-0.0403842
-0.0672159
-0.1153730
-0.1428797
-0.1311625
-0.1076752
-0.1089654
-0.1358791
-0.1571964
-0.1518090
-0.1330103
-0.1272709
-0.1394789
-0.1495016
-0.1406931
-0.1211598
-0.1118388
-0.1192915
-0.1283119
-0.1219551
-0.1025708
-0.0884029
-0.0914237
-0.1035438
-0.1063300
-0.0914045
-0.0682645
-0.0527672
-0.0510996
-0.0563819
-0.0586478
-0.0547651
-0.0479891
-0.0406788
-0.0307279
-0.0155217
0.0030879
0.0199716
0.0324086
0.0424606
0.0529341
0.0628625
0.0693211
0.0734641
0.0818878
0.0997208
0.1232777
0.1424881
0.1519664
0.1578664
0.1711424
0.1939915
0.2157763
0.2246634
0.2222280
0.2233116
0.2398996
0.2670459
0.2875542
0.2907171
0.2838124
0.2832116
0.2956249
0.3113219
0.3167840
0.3113172
0.3078066
0.3168537
0.3331326
0.3399006
0.3262435
0.2973360
0.2669547
0.2420943
0.2174058
0.1843257
0.1426880
0.1012479
0.0678468
0.0417431
0.0164965
-0.0116303
-0.0404931
-0.0667988
-0.0909984
-0.1152345
-0.1374886
-0.1509906
-0.1513933
-0.1434496
-0.1381186
-0.1420983
-0.1514427
-0.1568949
-0.1549910
-0.1519385
-0.1555367
-0.1646031
-0.1687470
-0.1595717
-0.1409310
-0.1263376
-0.1257400
-0.1357492
-0.1437423
-0.1412466
-0.1322236
-0.1277540
-0.1333526
-0.1426852
-0.1441466
-0.1330104
-0.1163972
-0.1063432
-0.1085992
-0.1184909
-0.1270880
-0.1302925
-0.1313326
-0.1350091
-0.1409385
-0.1435841
-0.1389266
-0.1300744
-0.1251667
-0.1294156
-0.1397802
-0.1481665
-0.1498352
-0.1479519
-0.1494113
-0.1566920
-0.1647983
-0.1664933
-0.1597950
-0.1496432
-0.1426717
-0.1414452
-0.1438232
-0.1462100
-0.1455269
-0.1382015
-0.1197395
-0.0879617
-0.0473997
-0.0092792
0.0146567
0.0198864
0.0120447
0.0028389
0.0020993
0.0113918
0.0233713
0.0275559
0.0186709
0.0008620
-0.0163409
-0.0268803
-0.0331718
-0.0424567
-0.0592863
-0.0828414
-0.1109239
-0.1436283
-0.1807195
-0.2163551
-0.2397746
-0.2436017
-0.2313706
-0.2158746
-0.2097344
-0.2168528
-0.2309192
-0.2405627
-0.2376760
-0.2246125
-0.2141253
-0.2180644
-0.2323127
-0.2358838
-0.2123998
-0.1745870
-0.1598552
-0.1928431
-0.2539848
-0.2953031
-0.2907952
-0.2591909
-0.2215633
-0.1393859
0.0795468
0.4856018
0.9916946
1.3918742
1.5016487
1.2976147
0.9260206
0.5776024
0.3522844
0.2304558
0.1473664
0.0721576
0.0164572
-0.0086565
-0.0193444
-0.0402337
-0.0738791
-0.1006756
-0.1065029
-0.1009717
-0.1050711
-0.1260610
-0.1498273
-0.1569814
-0.1425032
-0.1190559
-0.1042996
-0.1066896
-0.1209866
-0.1339776
-0.1346657
-0.1224033
-0.1075410
-0.1029449
-0.1122085
-0.1253655
-0.1274724
-0.1125523
-0.0889639
-0.0707905
-0.0646001
-0.0652797
-0.0639306
-0.0577354
-0.0509554
-0.0474339
-0.0444492
-0.0351716
-0.0165765
0.0062530
0.0240886
0.0316005
0.0315910
0.0318451
0.0381052
0.0497528
0.0617369
0.0704283
0.0776067
0.0886881
0.1069222
0.1294272
0.1493708
0.1624494
0.1711257
0.1819462
0.1983306
0.2163837
0.2287286
0.2330381
0.2362999
0.2493554
0.2761019
0.3079939
0.3301194
0.3338841
0.3244216
0.3156288
0.3177249
0.3293100
0.3408424
0.3447669
0.3416004
0.3368302
0.3335177
0.3289049
0.3175487
0.2963527
0.2662150
0.2299572
0.1899518
0.1478176
0.1054729
0.0657583
0.0318900
0.0059640
-0.0129137
-0.0294141
-0.0496333
-0.0757789
-0.1024383
-0.1198240
-0.1230415
-0.1184610
-0.1190296
-0.1315683
-0.1490350
-0.1569080
-0.1479412
-0.1299219
-0.1180973
-0.1202576
-0.1300916
-0.1351584
-0.1302528
-0.1220008
-0.1207022
-0.1288738
-0.1384950
-0.1391719
-0.1284268
-0.1139535
-0.1061345
-0.1084539
-0.1149894
-0.1170458
-0.1121590
-0.1065152
-0.1084161
-0.1193714
-0.1317766
-0.1355330
-0.1271526
-0.1127579
-0.1026582
-0.1030543
-0.1121981
-0.1232979
-0.1304977
-0.1327137
-0.1329271
-0.1342240
-0.1360927
-0.1345522
-0.1268964
-0.1168527
-0.1134915
-0.1224389
-0.1377412
-0.1453140
-0.1374518
-0.1230558
-0.1192841
-0.1305672
-0.1385892
-0.1182538
-0.0654188
-0.0055823
0.0287134
0.0288311
0.0157823
0.0152950
0.0312471
0.0466095
0.0473817
0.0389492
0.0364303
0.0436855
0.0481136
0.0366806
0.0120715
-0.0107631
-0.0222787
-0.0286173
-0.0438088
-0.0747369
-0.1153472
-0.1532943
-0.1794891
-0.1922577
-0.1960626
-0.1978723
-0.2026171
-0.2097707
-0.2148063
-0.2153266
-0.2146792
-0.2173572
-0.2217615
-0.2213820
-0.2142680
-0.2068091
-0.2038050
-0.1982769
-0.1799143
-0.1559215
-0.1538240
-0.1926115
-0.2532980
-0.2912543
-0.2828568
-0.2459627
-0.1963426
-0.0884017
0.1697480
0.6115566
1.1209003
1.4728350
1.4960628
1.2095268
0.7997850
0.4645495
0.2770252
0.1866117
0.1198149
0.0564562
0.0156476
0.0012391
-0.0125365
-0.0456219
-0.0846467
-0.1022493
-0.0948584
-0.0880139
-0.1040377
-0.1349975
-0.1535641
-0.1451995
-0.1221180
-0.1064541
-0.1069076
-0.1149724
-0.1190166
-0.1159946
-0.1099796
-0.1047916
-0.1009867
-0.0974916
-0.0927641
-0.0848043
-0.0729290
-0.0603365
-0.0526395
-0.0519757
-0.0536655
-0.0509612
-0.0431181
-0.0363681
-0.0354323
-0.0358276
-0.0276454
-0.0076409
0.0148576
0.0265820
0.0246986
0.0205247
0.0277382
0.0477715
0.0684209
0.0771394
0.0745110
0.0735580
0.0860844
0.1108223
0.1354091
0.1491411
0.1528275
0.1564157
0.1682007
0.1870286
0.2044164
0.2133026
0.2147032
0.2167158
0.2275164
0.2485107
0.2728973
0.2905317
0.2955200
0.2908622
0.2861077
0.2893081
0.3000577
0.3103881
0.3129956
0.3084131
0.3034483
0.3027378
0.3030300
0.2965218
0.2789645
0.2530000
0.2234497
0.1911425
0.1531997
0.1091374
0.0646688
0.0279787
0.0025118
-0.0157095
-0.0338201
-0.0558885
-0.0804124
-0.1023446
-0.1169876
-0.1233716
-0.1255101
-0.1298973
-0.1396818
-0.1503738
-0.1528689
-0.1428126
-0.1269159
-0.1179370
-0.1221225
-0.1327789
-0.1380655
-0.1346549
-0.1310557
-0.1360748
-0.1461635
-0.1477246
-0.1328891
-0.1104985
-0.0986155
-0.1060089
-0.1230570
-0.1322130
-0.1264342
-0.1154821
-0.1139512
-0.1250341
-0.1378334
-0.1400927
-0.1313118
-0.1220330
-0.1213852
-0.1276043
-0.1317015
-0.1291054
-0.1254947
-0.1301133
-0.1441727
-0.1576053
-0.1583649
-0.1447234
-0.1276543
-0.1208814
-0.1287846
-0.1436886
-0.1538346
-0.1533539
-0.1455836
-0.1388304
-0.1397662
-0.1490693
-0.1604063
-0.1626986
-0.1461042
-0.1098217
-0.0654233
-0.0302188
-0.0142469
-0.0128630
-0.0128008
-0.0053786
0.0073119
0.0186186
0.0264366
0.0334623
0.0397599
0.0394909
0.0276516
0.0080200
-0.0095319
-0.0205354
-0.0318926
-0.0539959
-0.0881582
-0.1245817
-0.1527894
-0.1714551
-0.1868937
-0.2042227
-0.2223463
-0.2364902
-0.2430283
-0.2420724
-0.2381213
-0.2384844
-0.2471558
-0.2575707
-0.2552653
-0.2341758
-0.2099150
-0.2080970
-0.2332408
-0.2555094
-0.2408904
-0.1968471
-0.1751119
-0.2166596
-0.2985460
-0.3513047
-0.3333600
-0.2712205
-0.2074083
-0.1153461
0.1022770
0.5033515
0.9970098
1.3696327
1.4430424
1.2152363
0.8474686
0.5206672
0.3093788
0.1806344
0.0816344
0.0026252
-0.0394023
-0.0477355
-0.0534493
-0.0795895
-0.1154020
-0.1340843
-0.1281853
-0.1175543
-0.1235407
-0.1443661
-0.1602429
-0.1579585
-0.1443054
-0.1358490
-0.1406293
-0.1521378
-0.1582860
-0.1530081
-0.1397842
-0.1268323
-0.1200943
-0.1195402
-0.1207544
-0.1199131
-0.1174009
-0.1161524
-0.1163347
-0.1130558
-0.1013145
-0.0833904
-0.0690448
-0.0661292
-0.0714382
-0.0732467
-0.0638692
-0.0479097
-0.0361710
-0.0323661
-0.0287738
-0.0161989
0.0040067
0.0208340
0.0267067
0.0269567
0.0338480
0.0519165
0.0722760
0.0831780
0.0845649
0.0891807
0.1084528
0.1391770
0.1660157
0.1767776
0.1737768
0.1700871
0.1762899
0.1920493
0.2094949
0.2223281
0.2305369
0.2378555
0.2471192
0.2585441
0.2705711
0.2806441
0.2857902
0.2844386
0.2785072
0.2727502
0.2708648
0.2720235
0.2715289
0.2648867
0.2510912
0.2321230
0.2097019
0.1828349
0.1486825
0.1062211
0.0596206
0.0177950
-0.0110745
-0.0266339
-0.0381419
-0.0567904
-0.0839186
-0.1076103
-0.1140830
-0.1039231
-0.0947941
-0.1047443
-0.1323447
-0.1559442
-0.1548727
-0.1309183
-0.1069240
-0.1037329
-0.1201340
-0.1366469
-0.1374090
-0.1253923
-0.1156323
-0.1167357
-0.1225722
-0.1219177
-0.1126718
-0.1038371
-0.1043891
-0.1130453
-0.1203083
-0.1192283
-0.1121785
-0.1069264
-0.1078701
-0.1126505
-0.1166329
-0.1184465
-0.1198969
-0.1216697
-0.1215067
-0.1178225
-0.1141882
-0.1180191
-0.1329355
-0.1522952
-0.1622713
-0.1539752
-0.1334887
-0.1183675
-0.1219957
-0.1407480
-0.1576400
-0.1594932
-0.1499085
-0.1442594
-0.1521925
-0.1668340
-0.1723407
-0.1607328
-0.1388325
-0.1184573
-0.1028568
-0.0857091
-0.0624313
-0.0384068
-0.0235574
-0.0203089
-0.0199796
-0.0119666
0.0050979
0.0226633
0.0318571
0.0319062
0.0284837
0.0252047
0.0187987
0.0034202
-0.0211921
-0.0474132
-0.0667831
-0.0796264
-0.0964074
-0.1272308
-0.1689630
-0.2047902
-0.2196540
-0.2162811
-0.2128114
-0.2228815
-0.2408869
-0.2502654
-0.2441339
-0.2316133
-0.2226199
-0.2141167
-0.1990321
-0.1846294
-0.1886401
-0.2113635
-0.2233669
-0.1975244
-0.1529424
-0.1480001
-0.2155244
-0.3143816
-0.3656096
-0.3374156
-0.2700630
-0.1980029
-0.0650271
0.2404299
0.7402353
1.2728841
1.5819702
1.5213025
1.1728588
0.7603032
0.4560579
0.2780878
0.1525426
0.0353598
-0.0495761
-0.0709386
-0.0481745
-0.0331414
-0.0508654
-0.0800618
-0.0910204
-0.0843679
-0.0830915
-0.0970758
-0.1108476
-0.1072947
-0.0917441
-0.0849523
-0.0970679
-0.1166447
-0.1254107
-0.1175309
-0.1017737
-0.0893133
-0.0840124
-0.0830520
-0.0822307
-0.0792600
-0.0747056
-0.0716862
-0.0729485
-0.0759901
-0.0723021
-0.0551099
-0.0292333
-0.0103150
-0.0104670
-0.0244677
-0.0331962
-0.0226391
0.0018959
0.0223300
0.0276787
0.0250002
0.0301443
0.0499327
0.0756657
0.0936554
0.0996183
0.1012003
0.1076885
0.1200778
0.1325292
0.1418187
0.1523229
0.1704746
0.1957172
0.2190452
0.2313420
0.2327950
0.2334539
0.2440120
0.2656197
0.2885825
0.3012525
0.3006006
0.2945200
0.2941667
0.3040907
0.3193384
0.3314353
0.3366870
0.3384257
0.3412702
0.3440735
0.3400590
0.3247467
0.3026849
0.2841863
0.2742778
0.2657618
0.2450164
0.2057278
0.1565500
0.1140249
0.0871030
0.0688610
0.0442395
0.0061660
-0.0363938
-0.0664917
-0.0748938
-0.0679782
-0.0612107
-0.0657176
-0.0807131
-0.0973428
-0.1082742
-0.1130173
-0.1148966
-0.1149479
-0.1105837
-0.1002484
-0.0876647
-0.0797285
-0.0797994
-0.0839053
-0.0846498
-0.0792402
-0.0729496
-0.0734976
-0.0818167
-0.0896645
-0.0877634
-0.0761236
-0.0648900
-0.0641282
-0.0733112
-0.0819009
-0.0806562
-0.0718485
-0.0673759
-0.0761328
-0.0935633
-0.1048930
-0.0996373
-0.0827259
-0.0704341
-0.0748435
-0.0924228
-0.1080899
-0.1103774
-0.1022374
-0.0967269
-0.1025708
-0.1151189
-0.1220334
-0.1166461
-0.1039305
-0.0935774
-0.0897930
-0.0897579
-0.0904748
-0.0932690
-0.0994008
-0.1029807
-0.0921891
-0.0602563
-0.0148834
0.0255048
0.0465196
0.0489781
0.0454808
0.0470581
0.0542369
0.0603967
0.0615496
0.0610770
0.0647938
0.0723365
0.0748150
0.0625513
0.0359324
0.0074137
-0.0096857
-0.0155194
-0.0253609
-0.0544106
-0.1002587
-0.1423830
-0.1612270
-0.1574152
-0.1498654
-0.1546255
-0.1687817
-0.1777881
-0.1756925
-0.1719567
-0.1769333
-0.1867606
-0.1887515
-0.1794950
-0.1696795
-0.1681814
-0.1683296
-0.1581620
-0.1426455
-0.1452254
-0.1808868
-0.2335543
-0.2699594
-0.2739628
-0.2521312
-0.1953609
-0.0471228
0.2619141
0.7270623
1.2200987
1.5465759
1.5747016
1.3238262
0.9372318
0.5735031
0.3165846
0.1666525
0.0876873
0.0487843
0.0305382
0.0166276
-0.0043964
-0.0311874
-0.0531235
-0.0645777
-0.0714503
-0.0816781
-0.0937352
-0.0991505
-0.0948771
-0.0878868
-0.0857540
-0.0867184
-0.0834339
-0.0752756
-0.0712912
-0.0780467
-0.0881464
-0.0863787
-0.0679101
-0.0459472
-0.0380445
-0.0465540
-0.0563294
-0.0523156
-0.0363424
-0.0239032
-0.0253090
-0.0334741
-0.0323906
-0.0160123
0.0047699
0.0150303
0.0129916
0.0112464
0.0211429
0.0391801
0.0513203
0.0500462
0.0444511
0.0514818
0.0774699
0.1102491
0.1310347
0.1334884
0.1292033
0.1340232
0.1510551
0.1692028
0.1776702
0.1790280
0.1860855
0.2066616
0.2338270
0.2528558
0.2573205
0.2562107
0.2637513
0.2832017
0.3029179
0.3090876
0.3009414
0.2920534
0.2968638
0.3167212
0.3391544
0.3501033
0.3462959
0.3358138
0.3276395
0.3222201
0.3128480
0.2949002
0.2715522
0.2496744
0.2312462
0.2103813
0.1795698
0.1385791
0.0961027
0.0614917
0.0350150
0.0078916
-0.0269249
-0.0649468
-0.0929485
-0.1021432
-0.0977466
-0.0946077
-0.1033528
-0.1212852
-0.1370385
-0.1433026
-0.1433898
-0.1447730
-0.1482478
-0.1466077
-0.1346797
-0.1179994
-0.1088050
-0.1135432
-0.1262499
-0.1350801
-0.1342365
-0.1281554
-0.1243803
-0.1245126
-0.1240009
-0.1199093
-0.1156592
-0.1162633
-0.1208869
-0.1234905
-0.1211576
-0.1188244
-0.1235121
-0.1349255
-0.1443480
-0.1438922
-0.1356141
-0.1296535
-0.1330268
-0.1419182
-0.1467472
-0.1440584
-0.1405562
-0.1440956
-0.1529339
-0.1569811
-0.1498791
-0.1373742
-0.1318740
-0.1391958
-0.1522679
-0.1586914
-0.1538428
-0.1452629
-0.1438889
-0.1522023
-0.1618902
-0.1618761
-0.1467347
-0.1180645
-0.0812339
-0.0431806
-0.0118455
0.0058993
0.0082805
0.0010057
-0.0053551
-0.0021798
0.0111391
0.0271344
0.0366825
0.0361346
0.0285048
0.0182927
0.0061866
-0.0104334
-0.0321060
-0.0539978
-0.0701851
-0.0819404
-0.0991902
-0.1300008
-0.1686836
-0.1988420
-0.2110068
-0.2138125
-0.2227826
-0.2395327
-0.2489653
-0.2398492
-0.2221124
-0.2162607
-0.2270711
-0.2371026
-0.2311005
-0.2190103
-0.2230689
-0.2430161
-0.2494720
-0.2226818
-0.1881727
-0.1945304
-0.2523077
-0.3127097
-0.3207375
-0.2768527
-0.2195208
-0.1415551
0.0459007
0.4270636
0.9487060
1.3984346
1.5495750
1.3449044
0.9377801
0.5535440
0.3155921
0.1983646
0.1183773
0.0378035
-0.0233810
-0.0455648
-0.0472412
-0.0614684
-0.0945793
-0.1237076
-0.1310692
-0.1269118
-0.1336129
-0.1553988
-0.1732915
-0.1693190
-0.1479599
-0.1300513
-0.1295568
-0.1407999
-0.1474880
-0.1405225
-0.1258133
-0.1161903
-0.1170963
-0.1209244
-0.1158584
-0.0995488
-0.0820256
-0.0742526
-0.0757558
-0.0760377
-0.0680085
-0.0571725
-0.0549843
-0.0634810
-0.0697979
-0.0590635
-0.0320476
-0.0060886
0.0033469
-0.0010079
-0.0034353
0.0054801
0.0198046
0.0290947
0.0333378
0.0428167
0.0641108
0.0903914
0.1081093
0.1120903
0.1109355
0.1163758
0.1300593
0.1442770
0.1545190
0.1659537
0.1849349
0.2080186
0.2244984
0.2295811
0.2306743
0.2381912
0.2520870
0.2610646
0.2565971
0.2456542
0.2456112
0.2650366
0.2925938
0.3086054
0.3063070
0.2971677
0.2946591
0.2977299
0.2940021
0.2767065
0.2531323
0.2345410
0.2207679
0.1991494
0.1601524
0.1110335
0.0695649
0.0439650
0.0237517
-0.0064115
-0.0470848
-0.0829910
-0.1006751
-0.1026056
-0.1025540
-0.1104254
-0.1242331
-0.1356934
-0.1407297
-0.1427612
-0.1462893
-0.1499489
-0.1482939
-0.1394822
-0.1280814
-0.1199345
-0.1172233
-0.1193645
-0.1251931
-0.1318048
-0.1338442
-0.1276005
-0.1158658
-0.1067322
-0.1066169
-0.1141899
-0.1210043
-0.1191965
-0.1098479
-0.1025834
-0.1049733
-0.1137241
-0.1192649
-0.1178692
-0.1150546
-0.1166801
-0.1210305
-0.1221585
-0.1188127
-0.1171695
-0.1239439
-0.1371467
-0.1452830
-0.1385851
-0.1213366
-0.1091056
-0.1116146
-0.1223387
-0.1285052
-0.1272154
-0.1258054
-0.1283819
-0.1291717
-0.1211814
-0.1069689
-0.0966703
-0.0947238
-0.0906571
-0.0675446
-0.0230172
0.0218415
0.0421757
0.0378792
0.0341559
0.0511440
0.0813151
0.1020805
0.1034831
0.0955604
0.0916936
0.0921909
0.0855542
0.0636378
0.0342873
0.0158108
0.0155136
0.0179974
0.0022497
-0.0330990
-0.0715102
-0.1020955
-0.1273915
-0.1483470
-0.1587656
-0.1589934
-0.1585127
-0.1577552
-0.1434239
-0.1116494
