-0.0570625
-0.0237508
0.0485075
0.0606699
0.0160171
-0.0119505
-0.0088109
-0.0263880
-0.0810906
-0.1271630
-0.1305471
-0.1063369
-0.0805945
-0.0660025
-0.0764706
-0.1205679
-0.1768569
-0.2116046
-0.2217962
-0.2309713
-0.2468580
-0.2533221
-0.2412839
-0.2205065
-0.2023728
-0.1919962
-0.1929025
-0.2019383
-0.2070487
-0.2049179
-0.2083392
-0.2204605
-0.2189940
-0.1886292
-0.1555672
-0.1631380
-0.2170802
-0.2764997
-0.2997251
-0.2830228
-0.2470355
-0.1873969
-0.0443324
0.2590933
0.7206042
1.1989313
1.4828954
1.4488839
1.1526471
0.7664732
0.4394490
0.2180643
0.0717943
-0.0361159
-0.1073293
-0.1230470
-0.0863679
-0.0384921
-0.0253129
-0.0539942
-0.0933312
-0.1127190
-0.1084780
-0.0955905
-0.0893644
-0.0970749
-0.1148698
-0.1287590
-0.1262399
-0.1086884
-0.0875358
-0.0711064
-0.0619035
-0.0626262
-0.0752909
-0.0953247
-0.1134091
-0.1223374
-0.1185663
-0.1018219
-0.0785655
-0.0609946
-0.0563894
-0.0604392
-0.0644675
-0.0643271
-0.0594316
-0.0501916
-0.0408541
-0.0378724
-0.0401199
-0.0367614
-0.0202844
0.0031281
0.0208579
0.0276094
0.0284086
0.0310623
0.0379818
0.0436734
0.0413629
0.0352515
0.0422398
0.0738169
0.1180983
0.1488975
0.1535744
0.1446031
0.1425804
0.1547056
0.1719460
0.1819455
0.1820998
0.1820452
0.1932180
0.2148270
0.2333596
0.2386013
0.2356173
0.2363684
0.2438276
0.2505042
0.2501888
0.2454497
0.2442248
0.2520952
0.2661446
0.2745315
0.2656209
0.2401463
0.2109227
0.1883467
0.1702078
0.1481442
0.1195897
0.0898761
0.0656335
0.0487964
0.0348745
0.0161445
-0.0105391
-0.0388594
-0.0595726
-0.0719291
-0.0843278
-0.1032044
-0.1252806
-0.1412071
-0.1435058
-0.1317553
-0.1143255
-0.1044313
-0.1095316
-0.1238377
-0.1345062
-0.1349957
-0.1293731
-0.1246264
-0.1226556
-0.1199702
-0.1128634
-0.1029337
-0.0977801
-0.1034517
-0.1152931
-0.1208853
-0.1149307
-0.1066393
-0.1079934
-0.1183424
-0.1259918
-0.1232256
-0.1144492
-0.1089335
-0.1090495
-0.1082294
-0.1012199
-0.0948032
-0.1031862
-0.1286077
-0.1509689
-0.1459561
-0.1147287
-0.0873784
-0.0918104
-0.1232626
-0.1493975
-0.1443387
-0.1150940
-0.0948160
-0.1105719
-0.1564325
-0.1975744
-0.2012831
-0.1641430
-0.1109500
-0.0719597
-0.0622493
-0.0756980
-0.0911839
-0.0868263
-0.0563515
-0.0144912
0.0163154
0.0253782
0.0189516
0.0082361
-0.0037917
-0.0229589
-0.0534244
-0.0878622
-0.1094021
-0.1061160
-0.0846353
-0.0671659
-0.0733667
-0.1054899
-0.1495993
-0.1875455
-0.2081780
-0.2123801
-0.2101996
-0.2108084
-0.2139556
-0.2131673
-0.2064720
-0.1992229
-0.1956131
-0.1932430
-0.1896505
-0.1894753
-0.1985051
-0.2110198
-0.2104142
-0.1892036
-0.1673088
-0.1805410
-0.2413588
-0.3138742
-0.3405276
-0.2975757
-0.2104128
-0.1007961
0.0703823
0.3787239
0.8357068
1.3189143
1.6249995
1.6134865
1.3116669
0.8848227
0.5057036
0.2474891
0.0853957
-0.0259113
-0.0964712
-0.1141708
-0.0859220
-0.0464685
-0.0291794
-0.0395471
-0.0595757
-0.0716123
-0.0740935
-0.0770354
-0.0871766
-0.1001595
-0.1064497
-0.1018763
-0.0906443
-0.0801355
-0.0754175
-0.0773523
-0.0826816
-0.0862195
-0.0856659
-0.0840506
-0.0852241
-0.0878427
-0.0866209
-0.0788646
-0.0667522
-0.0536434
-0.0416991
-0.0337727
-0.0341293
-0.0442494
-0.0579522
-0.0627053
-0.0488805
-0.0202531
0.0059805
0.0140469
0.0059147
-0.0006800
0.0075066
0.0245850
0.0346464
0.0327843
0.0316860
0.0462971
0.0754411
0.1019588
0.1114896
0.1087055
0.1114780
0.1286200
0.1484287
0.1540151
0.1469104
0.1476412
0.1710586
0.2074141
0.2327628
0.2352333
0.2257724
0.2227771
0.2306928
0.2376887
0.2338242
0.2263735
0.2320000
0.2545740
0.2772874
0.2806260
0.2642203
0.2456716
0.2394737
0.2426637
0.2418114
0.2291262
0.2085107
0.1879467
0.1698017
0.1501118
0.1256760
0.0983796
0.0708043
0.0406108
0.0041218
-0.0346031
-0.0635694
-0.0747046
-0.0730984
-0.0715912
-0.0781027
-0.0911059
-0.1059807
-0.1214791
-0.1379891
-0.1515007
-0.1534900
-0.1401351
-0.1209040
-0.1129775
-0.1234727
-0.1398584
-0.1429634
-0.1289197
-0.1129648
-0.1100014
-0.1163405
-0.1152780
-0.0991524
-0.0804297
-0.0775988
-0.0920123
-0.1042814
-0.0971583
-0.0784431
-0.0737554
-0.0950095
-0.1232702
-0.1291189
-0.1065805
-0.0792346
-0.0722064
-0.0851557
-0.0975342
-0.0965768
-0.0922996
-0.1017973
-0.1237785
-0.1368372
-0.1253262
-0.1004674
-0.0885717
-0.1000575
-0.1182110
-0.1211756
-0.1085026
-0.1000941
-0.1117793
-0.1384772
-0.1622214
-0.1711699
-0.1663276
-0.1522768
-0.1291657
-0.0987577
-0.0737724
-0.0706044
-0.0880018
-0.0998251
-0.0785424
-0.0264552
0.0231812
0.0389625
0.0209893
-0.0053877
-0.0214875
-0.0342027
-0.0610885
-0.1015012
-0.1299667
-0.1218812
-0.0831027
-0.0490240
-0.0529804
-0.0976225
-0.1569985
-0.2023374
-0.2233707
-0.2282127
-0.2284545
-0.2271926
-0.2209242
-0.2105004
-0.2056298
-0.2145101
-0.2306557
-0.2368896
-0.2258026
-0.2107249
-0.2089864
-0.2160959
-0.2074534
-0.1731003
-0.1439798
-0.1676753
-0.2503272
-0.3334823
-0.3455907
-0.2762741
-0.1789815
-0.0856398
0.0649698
0.3784789
0.8658681
1.3672567
1.6439426
1.5659165
1.2133878
0.7964048
0.4813323
0.2944214
0.1718207
0.0677171
-0.0056484
-0.0267172
-0.0158589
-0.0191326
-0.0537370
-0.0912204
-0.0981162
-0.0786339
-0.0665431
-0.0811892
-0.1053685
-0.1109923
-0.0970357
-0.0903105
-0.1085908
-0.1346292
-0.1358027
-0.1049414
-0.0702413
-0.0620738
-0.0791122
-0.0948155
-0.0926143
-0.0838103
-0.0876560
-0.1022188
-0.1049518
-0.0823654
-0.0498935
-0.0350284
-0.0445588
-0.0582686
-0.0568635
-0.0462988
-0.0461091
-0.0588385
-0.0632674
-0.0413018
-0.0029760
0.0232103
0.0224225
0.0084673
0.0051360
0.0190668
0.0371804
0.0483631
0.0584789
0.0792062
0.1081885
0.1296966
0.1353733
0.1357586
0.1461334
0.1661187
0.1807932
0.1814941
0.1785512
0.1895365
0.2180311
0.2490164
0.2658209
0.2675088
0.2662917
0.2703331
0.2752627
0.2745262
0.2723252
0.2797939
0.2993380
0.3190722
0.3254216
0.3176366
0.3063934
0.2996780
0.2939180
0.2799871
0.2552910
0.2269943
0.2032058
0.1836083
0.1608749
0.1300000
0.0933351
0.0565954
0.0233038
-0.0055263
-0.0294151
-0.0489761
-0.0666080
-0.0833606
-0.0957506
-0.0992450
-0.0961222
-0.0970945
-0.1117177
-0.1365757
-0.1553561
-0.1535240
-0.1334025
-0.1126278
-0.1064231
-0.1133600
-0.1206422
-0.1210095
-0.1195472
-0.1232121
-0.1288352
-0.1262126
-0.1120330
-0.0960736
-0.0909228
-0.0972768
-0.1032242
-0.0996372
-0.0930971
-0.0985667
-0.1186605
-0.1356854
-0.1295171
-0.1020276
-0.0781469
-0.0802092
-0.1041444
-0.1245966
-0.1232207
-0.1083872
-0.1042860
-0.1219405
-0.1455405
-0.1503257
-0.1313244
-0.1090389
-0.1057032
-0.1209132
-0.1349686
-0.1338273
-0.1245232
-0.1234803
-0.1336512
-0.1394863
-0.1269783
-0.1049574
-0.0999143
-0.1266470
-0.1675016
-0.1863344
-0.1644304
-0.1196700
-0.0882629
-0.0889511
-0.1065689
-0.1093761
-0.0802853
-0.0312894
0.0098657
0.0243394
0.0140882
-0.0062472
-0.0243972
-0.0374001
-0.0486578
-0.0622581
-0.0787985
-0.0931705
-0.0967718
-0.0860357
-0.0708138
-0.0711473
-0.1006948
-0.1514115
-0.1969753
-0.2149657
-0.2067766
-0.1940036
-0.1945755
-0.2052140
-0.2097999
-0.2018761
-0.1926489
-0.1956360
-0.2092790
-0.2194377
-0.2160771
-0.2016410
-0.1835569
-0.1659530
-0.1535830
-0.1587699
-0.1937645
-0.2515362
-0.3003873
-0.3063037
-0.2596968
-0.1702660
-0.0319542
0.1935997
0.5379165
0.9608118
1.3339501
1.5078369
1.4124507
1.1044406
0.7234302
0.4011340
0.1979373
0.1021902
0.0692266
0.0575524
0.0428651
0.0173024
-0.0154748
-0.0474490
-0.0738188
-0.0944867
-0.1085238
-0.1112647
-0.1008349
-0.0858023
-0.0808819
-0.0925920
-0.1116430
-0.1224399
-0.1195311
-0.1119984
-0.1110267
-0.1161583
-0.1171023
-0.1081457
-0.0959399
-0.0903226
-0.0908584
-0.0879313
-0.0774636
-0.0691839
-0.0758920
-0.0957814
-0.1099971
-0.1006518
-0.0705720
-0.0424977
-0.0368985
-0.0513852
-0.0642578
-0.0585719
-0.0397810
-0.0271976
-0.0297882
-0.0346980
-0.0217182
0.0128909
0.0502095
0.0675024
0.0620222
0.0538825
0.0645057
0.0940121
0.1222749
0.1318408
0.1266835
0.1266585
0.1454371
0.1766951
0.2020731
0.2104797
0.2079777
0.2092465
0.2212917
0.2372937
0.2463423
0.2469028
0.2483839
0.2597118
0.2786602
0.2938525
0.2966679
0.2900831
0.2854528
0.2907056
0.3020296
0.3077432
0.3003373
0.2835639
0.2668790
0.2541393
0.2398257
0.2165484
0.1842230
0.1500253
0.1195652
0.0901486
0.0548915
0.0137142
-0.0223345
-0.0409651
-0.0431530
-0.0446667
-0.0605096
-0.0888081
-0.1127771
-0.1190911
-0.1121773
-0.1086903
-0.1187828
-0.1352622
-0.1424718
-0.1342950
-0.1204345
-0.1142317
-0.1174188
-0.1203389
-0.1162813
-0.1109453
-0.1148688
-0.1284937
-0.1387350
-0.1321041
-0.1099847
-0.0888040
-0.0841538
-0.0955515
-0.1082906
-0.1102350
-0.1046596
-0.1047880
-0.1168116
-0.1312946
-0.1329337
-0.1177408
-0.0985167
-0.0922377
-0.1025385
-0.1162322
-0.1181771
-0.1084905
-0.1026470
-0.1137793
-0.1369019
-0.1528847
-0.1478622
-0.1270725
-0.1089804
-0.1067911
-0.1168790
-0.1253993
-0.1248848
-0.1221152
-0.1283503
-0.1433278
-0.1526057
-0.1433099
-0.1214869
-0.1101010
-0.1263797
-0.1606799
-0.1809219
-0.1622428
-0.1135752
-0.0718531
-0.0662992
-0.0885685
-0.1010013
-0.0751836
-0.0201441
0.0285664
0.0446945
0.0326571
0.0145028
0.0017963
-0.0140298
-0.0441439
-0.0817499
-0.1049006
-0.0997272
-0.0766315
-0.0611491
-0.0706375
-0.1017610
-0.1387350
-0.1697697
-0.1940673
-0.2151377
-0.2309644
-0.2335710
-0.2193286
-0.1979946
-0.1873223
-0.1953760
-0.2096814
-0.2092193
-0.1899653
-0.1742023
-0.1869436
-0.2219280
-0.2400030
-0.2114147
-0.1580308
-0.1401522
-0.1919350
-0.2764443
-0.3183386
-0.2817943
-0.2000528
-0.1152104
0.0004952
0.2355331
0.6322328
1.0946199
1.4243378
1.4666536
1.2289799
0.8610169
0.5271931
0.3004834
0.1623164
0.0727994
0.0190893
0.0035148
0.0122991
0.0155538
-0.0043344
-0.0369050
-0.0605234
-0.0686153
-0.0731591
-0.0851233
-0.0994582
-0.1028474
-0.0920279
-0.0787897
-0.0765328
-0.0857844
-0.0952009
-0.0951244
-0.0877360
-0.0837182
-0.0901593
-0.1024368
-0.1082002
-0.0996939
-0.0821568
-0.0693126
-0.0699310
-0.0791994
-0.0841773
-0.0778959
-0.0671462
-0.0650766
-0.0757519
-0.0873923
-0.0830132
-0.0584505
-0.0283312
-0.0123956
-0.0159052
-0.0248068
-0.0207029
0.0002274
0.0239348
0.0338287
0.0285877
0.0239390
0.0365350
0.0668215
0.0989384
0.1174056
0.1223079
0.1269260
0.1415003
0.1617448
0.1747235
0.1751221
0.1732761
0.1851026
0.2142418
0.2463735
0.2630935
0.2607403
0.2533330
0.2564841
0.2707031
0.2827468
0.2825750
0.2757803
0.2771437
0.2930210
0.3132459
0.3221889
0.3160122
0.3055123
0.3011298
0.2986402
0.2836581
0.2500752
0.2099492
0.1819856
0.1712204
0.1633874
0.1408590
0.1022118
0.0631128
0.0377431
0.0227776
0.0029819
-0.0284757
-0.0599255
-0.0740223
-0.0682782
-0.0586108
-0.0616392
-0.0767133
-0.0885312
-0.0865088
-0.0774650
-0.0766254
-0.0881853
-0.0993799
-0.0956889
-0.0788775
-0.0657604
-0.0688637
-0.0820823
-0.0882835
-0.0795810
-0.0664622
-0.0655161
-0.0801911
-0.0963585
-0.0972468
-0.0808898
-0.0614147
-0.0541278
-0.0614661
-0.0737639
-0.0812229
-0.0827645
-0.0838979
-0.0886988
-0.0953319
-0.0984392
-0.0945251
-0.0851178
-0.0757675
-0.0723687
-0.0775359
-0.0891865
-0.1021287
-0.1116791
-0.1165522
-0.1182796
-0.1177104
-0.1129802
-0.1022828
-0.0885869
-0.0797617
-0.0822933
-0.0947192
-0.1079222
-0.1120911
-0.1035910
-0.0864525
-0.0693734
-0.0618806
-0.0706501
-0.0948548
-0.1226822
-0.1353354
-0.1206386
-0.0861481
-0.0561317
-0.0501429
-0.0625883
-0.0663938
-0.0401429
0.0089372
0.0516438
0.0666686
0.0606754
0.0560073
0.0606923
0.0569496
0.0236329
-0.0326847
-0.0761778
-0.0756979
-0.0385170
-0.0059904
-0.0141454
-0.0603833
-0.1103672
-0.1355004
-0.1396870
-0.1480832
-0.1734738
-0.1999288
-0.2022371
-0.1775166
-0.1508150
-0.1471396
-0.1630338
-0.1726828
-0.1621439
-0.1491329
-0.1608052
-0.1942343
-0.2110123
-0.1803922
-0.1233741
-0.1001832
-0.1467653
-0.2311886
-0.2842616
-0.2714189
-0.2189222
-0.1593081
-0.0629571
0.1504213
0.5162143
0.9466851
1.2658097
1.3355043
1.1538876
0.8375403
0.5202249
0.2730218
0.1045178
0.0048549
-0.0325217
-0.0243793
-0.0063976
-0.0110909
-0.0399006
-0.0673201
-0.0738084
-0.0671639
-0.0682273
-0.0826729
-0.0955817
-0.0929007
-0.0794468
-0.0709716
-0.0736662
-0.0790463
-0.0786119
-0.0759746
-0.0800939
-0.0907598
-0.0974636
-0.0930461
-0.0828667
-0.0768731
-0.0757164
-0.0701899
-0.0550791
-0.0386872
-0.0344086
-0.0441930
-0.0548284
-0.0521428
-0.0359109
-0.0179336
-0.0071203
-0.0007759
0.0081058
0.0186884
0.0221365
0.0142931
0.0048374
0.0096954
0.0336081
0.0629471
0.0786334
0.0760699
0.0698242
0.0771681
0.0987042
0.1182803
0.1226319
0.1180661
0.1240990
0.1504398
0.1840077
0.2022139
0.1981383
0.1881674
0.1925181
0.2115988
0.2268512
0.2251283
0.2162571
0.2212365
0.2451816
0.2692273
0.2728231
0.2593322
0.2521479
0.2647796
0.2823236
0.2794271
0.2540458
0.2339314
0.2444640
0.2752538
0.2876215
0.2570180
0.2012043
0.1603756
0.1521357
0.1539917
0.1328383
0.0850458
0.0395129
0.0218658
0.0243434
0.0170915
-0.0148213
-0.0545789
-0.0761725
-0.0767021
-0.0782716
-0.0983134
-0.1261192
-0.1347977
-0.1139284
-0.0832975
-0.0716065
-0.0859777
-0.1076316
-0.1164080
-0.1129825
-0.1130675
-0.1236347
-0.1322954
-0.1228681
-0.0971816
-0.0760619
-0.0781377
-0.1009110
-0.1243791
-0.1310518
-0.1199582
-0.1026941
-0.0904012
-0.0866929
-0.0899263
-0.0972274
-0.1051767
-0.1102434
-0.1120702
-0.1155203
-0.1260630
-0.1418672
-0.1527994
-0.1499233
-0.1357613
-0.1229286
-0.1217462
-0.1306916
-0.1402939
-0.1448689
-0.1474284
-0.1525317
-0.1576341
-0.1552243
-0.1433374
-0.1300892
-0.1249417
-0.1272230
-0.1277105
-0.1232189
-0.1257631
-0.1512400
-0.1968891
-0.2340708
-0.2299771
-0.1797388
-0.1150025
-0.0767603
-0.0779615
-0.0938072
-0.0894035
-0.0553648
-0.0145955
0.0044279
-0.0031664
-0.0183130
-0.0239187
-0.0253720
-0.0419437
-0.0798849
-0.1194984
-0.1329707
-0.1149340
-0.0921399
-0.0995818
-0.1459693
-0.2040011
-0.2363808
-0.2315485
-0.2123952
-0.2094333
-0.2281390
-0.2464939
-0.2442707
-0.2283276
-0.2226903
-0.2357845
-0.2475494
-0.2355502
-0.2075062
-0.1948624
-0.2110036
-0.2289576
-0.2149832
-0.1806155
-0.1814202
-0.2514685
-0.3501244
-0.3948356
-0.3490805
-0.2556049
-0.1635752
-0.0360993
0.2321143
0.6807228
1.1799584
1.4938342
1.4685234
1.1588163
0.7659565
0.4595480
0.2674826
0.1236310
-0.0136836
-0.1148260
-0.1368229
-0.0938905
-0.0509328
-0.0561246
-0.0978133
-0.1301007
-0.1273511
-0.1045005
-0.0910214
-0.0980780
-0.1139517
-0.1228680
-0.1207306
-0.1144619
-0.1124260
-0.1173305
-0.1249765
-0.1275000
-0.1196622
-0.1044170
-0.0914886
-0.0881232
-0.0913994
-0.0920595
-0.0863916
-0.0813391
-0.0853298
-0.0957862
-0.0997761
-0.0882667
-0.0669608
-0.0504276
-0.0465880
-0.0497524
-0.0490950
-0.0410470
-0.0313037
-0.0263016
-0.0258636
-0.0246918
-0.0184739
-0.0066591
0.0091708
0.0267710
0.0429216
0.0543666
0.0608235
0.0656631
0.0715682
0.0762912
0.0755358
0.0709241
0.0724100
0.0894785
0.1196112
0.1478370
0.1595216
0.1532382
0.1403882
0.1335010
0.1369941
0.1486350
0.1656715
0.1857669
0.2033110
0.2102452
0.2041943
0.1941450
0.1937461
0.2069639
0.2221030
0.2225794
0.2039913
0.1790838
0.1649933
0.1663004
0.1713465
0.1643189
0.1394286
0.1035132
0.0672340
0.0358489
0.0080427
-0.0186461
-0.0429783
-0.0605171
-0.0683767
-0.0693878
-0.0713619
-0.0811919
-0.0984582
-0.1148396
-0.1212455
-0.1169257
-0.1113404
-0.1154405
-0.1299974
-0.1432354
-0.1415390
-0.1230919
-0.1003538
-0.0886694
-0.0927654
-0.1044413
-0.1123231
-0.1125020
-0.1096932
-0.1096440
-0.1121157
-0.1116291
-0.1041308
-0.0919676
-0.0823042
-0.0811340
-0.0886964
-0.0998949
-0.1087280
-0.1128344
-0.1143219
-0.1160189
-0.1168606
-0.1121076
-0.0996125
-0.0855638
-0.0815140
-0.0933276
-0.1132289
-0.1252128
-0.1203618
-0.1064690
-0.1006334
-0.1114863
-0.1299158
-0.1386604
-0.1303005
-0.1138376
-0.1034521
-0.1034597
-0.1068468
-0.1077383
-0.1114664
-0.1289719
-0.1610350
-0.1907527
-0.1951061
-0.1660552
-0.1199842
-0.0845598
-0.0745321
-0.0796714
-0.0764450
-0.0516770
-0.0149037
0.0120966
0.0170128
0.0072946
-0.0011073
-0.0032277
-0.0102617
-0.0339802
-0.0682848
-0.0905418
-0.0838072
-0.0568135
-0.0392080
-0.0551568
-0.1014368
-0.1516155
-0.1808020
-0.1851451
-0.1783741
-0.1737891
-0.1736676
-0.1747617
-0.1774653
-0.1846677
-0.1940686
-0.1982400
-0.1944789
-0.1894881
-0.1889264
-0.1851032
-0.1643149
-0.1308757
-0.1161442
-0.1509511
-0.2260138
-0.2900359
-0.2970090
-0.2503697
-0.1850643
-0.1010931
0.0681073
0.3956144
0.8583796
1.3053176
1.5478109
1.4967516
1.2182467
0.8629701
0.5491552
0.3101995
0.1318045
0.0088821
-0.0468106
-0.0401622
-0.0091579
0.0025121
-0.0172081
-0.0462329
-0.0600834
-0.0582463
-0.0580106
-0.0698631
-0.0860585
-0.0924013
-0.0850512
-0.0727564
-0.0657629
-0.0666385
-0.0714660
-0.0761882
-0.0798392
-0.0831789
-0.0862108
-0.0871760
-0.0835656
-0.0747788
-0.0643790
-0.0586199
-0.0608873
-0.0672462
-0.0689944
-0.0611819
-0.0486299
-0.0422145
-0.0479645
-0.0597920
-0.0639462
-0.0515202
-0.0268344
-0.0035834
0.0071962
0.0059348
0.0027180
0.0074208
0.0209923
0.0357644
0.0445819
0.0496758
0.0611806
0.0854767
0.1158329
0.1372544
0.1420651
0.1392063
0.1454188
0.1664989
0.1894788
0.1960613
0.1837929
0.1710671
0.1788612
0.2085443
0.2403237
0.2538077
0.2475787
0.2372259
0.2365871
0.2444466
0.2499014
0.2473224
0.2426010
0.2446480
0.2536926
0.2605367
0.2569400
0.2442717
0.2306749
0.2211811
0.2126253
0.1981295
0.1747960
0.1462131
0.1183970
0.0943199
0.0722146
0.0484070
0.0214323
-0.0063535
-0.0307631
-0.0493488
-0.0635777
-0.0777767
-0.0950153
-0.1127640
-0.1231228
-0.1197676
-0.1061849
-0.0954763
-0.0990691
-0.1146559
-0.1270918
-0.1234041
-0.1071012
-0.0958311
-0.1031729
-0.1230946
-0.1344979
-0.1224041
-0.0935902
-0.0697396
-0.0657863
-0.0770640
-0.0878330
-0.0894460
-0.0872675
-0.0903666
-0.0980354
-0.0996759
-0.0881012
-0.0701758
-0.0613315
-0.0691831
-0.0848581
-0.0925083
-0.0866563
-0.0779000
-0.0806902
-0.0968621
-0.1128939
-0.1137543
-0.0986458
-0.0821619
-0.0797108
-0.0925141
-0.1076970
-0.1126181
-0.1075977
-0.1039344
-0.1105126
-0.1237324
-0.1308347
-0.1227288
-0.1034892
-0.0873505
-0.0862968
-0.1006166
-0.1213823
-0.1405969
-0.1565314
-0.1687842
-0.1714767
-0.1560849
-0.1229460
-0.0873459
-0.0692414
-0.0738752
-0.0839357
-0.0749481
-0.0405970
-0.0011083
0.0160078
0.0033126
-0.0203566
-0.0311020
-0.0251671
-0.0212936
-0.0385521
-0.0735846
-0.1013496
-0.0993916
-0.0716332
-0.0473384
-0.0551270
-0.0970462
-0.1479467
-0.1799302
-0.1865927
-0.1832577
-0.1857043
-0.1928315
-0.1927346
-0.1827682
-0.1763489
-0.1861190
-0.2052506
-0.2133510
-0.2011703
-0.1813208
-0.1699187
-0.1650517
-0.1544724
-0.1434633
-0.1601005
-0.2208242
-0.2963375
-0.3279145
-0.2832520
-0.1828694
-0.0565322
0.1186838
0.4082073
0.8265598
1.2619915
1.5226845
1.4810565
1.1785136
0.7872383
0.4715941
0.2851656
0.1843875
0.1126179
0.0542361
0.0195624
0.0065942
-0.0047917
-0.0281661
-0.0565178
-0.0763040
-0.0853688
-0.0903784
-0.0931040
-0.0890683
-0.0792640
-0.0741323
-0.0811128
-0.0930792
-0.0957149
-0.0858875
-0.0767514
-0.0816112
-0.0964446
-0.1036620
-0.0929886
-0.0735433
-0.0626059
-0.0661205
-0.0749683
-0.0790195
-0.0787173
-0.0801832
-0.0832877
-0.0803241
-0.0669636
-0.0502033
-0.0419165
-0.0452475
-0.0506520
-0.0469981
-0.0345032
-0.0235440
-0.0208262
-0.0205176
-0.0117027
0.0074813
0.0272095
0.0382069
0.0434228
0.0544063
0.0763425
0.0997572
0.1099241
0.1045151
0.0990226
0.1118586
0.1444579
0.1788886
0.1962999
0.1957830
0.1930853
0.2018468
0.2190760
0.2305875
0.2293968
0.2257750
0.2367436
0.2658008
0.2959754
0.3058775
0.2923855
0.2746979
0.2744414
0.2931792
0.3114918
0.3100305
0.2894707
0.2682669
0.2615329
0.2646813
0.2595020
0.2345789
0.1960117
0.1573702
0.1234267
0.0882184
0.0478887
0.0097508
-0.0148746
-0.0248913
-0.0324415
-0.0501394
-0.0771250
-0.1003528
-0.1097831
-0.1095213
-0.1117504
-0.1214346
-0.1309845
-0.1308898
-0.1220275
-0.1142878
-0.1144399
-0.1190612
-0.1204609
-0.1169085
-0.1141242
-0.1168205
-0.1217159
-0.1213730
-0.1138800
-0.1051902
-0.1007203
-0.0982508
-0.0930113
-0.0879495
-0.0929152
-0.1110192
-0.1298861
-0.1319790
-0.1141854
-0.0931397
-0.0881429
-0.1005055
-0.1137392
-0.1146385
-0.1092144
-0.1129869
-0.1279609
-0.1373086
-0.1267159
-0.1053111
-0.0973816
-0.1131764
-0.1352409
-0.1386002
-0.1210173
-0.1062619
-0.1155789
-0.1413336
-0.1550457
-0.1408581
-0.1141373
-0.1025043
-0.1128154
-0.1250322
-0.1200589
-0.1060564
-0.1099250
-0.1437682
-0.1863063
-0.2013971
-0.1735577
-0.1225953
-0.0835708
-0.0749832
-0.0871793
-0.0977613
-0.0927706
-0.0727158
-0.0449147
-0.0167517
0.0046471
0.0130631
0.0076586
-0.0053617
-0.0190893
-0.0336491
-0.0544996
-0.0815419
-0.1025484
-0.1022729
-0.0805598
-0.0587189
-0.0629124
-0.0994831
-0.1490937
-0.1865004
-0.2032832
-0.2088277
-0.2126594
-0.2127837
-0.2034724
-0.1887983
-0.1812372
-0.1861917
-0.1942208
-0.1938101
-0.1883179
-0.1914037
-0.2038701
-0.2056107
-0.1815061
-0.1511751
-0.1568193
-0.2132312
-0.2800168
-0.2979568
-0.2511034
-0.1750463
-0.0926732
0.0442951
0.3203301
0.7452611
1.1881709
1.4473079
1.4044547
1.1152047
0.7502764
0.4562165
0.2731577
0.1652719
0.0963620
0.0596211
0.0512714
0.0472996
0.0216075
-0.0229317
-0.0579546
-0.0659741
-0.0617440
-0.0704579
-0.0927947
-0.1042530
-0.0894620
-0.0649956
-0.0599634
-0.0797779
-0.0998394
-0.0965432
-0.0762090
-0.0666541
-0.0826786
-0.1075017
-0.1120061
-0.0885204
-0.0593746
-0.0511858
-0.0661155
-0.0828688
-0.0831720
-0.0708297
-0.0631620
-0.0686046
-0.0775540
-0.0748625
-0.0575653
-0.0376535
-0.0279343
-0.0280211
-0.0266133
-0.0164793
-0.0031822
0.0031426
0.0019824
0.0044130
0.0204380
0.0471027
0.0711788
0.0831426
0.0868467
0.0942272
0.1109732
0.1298671
0.1403456
0.1430984
0.1510972
0.1746217
0.2081383
0.2349570
0.2440871
0.2400830
0.2362043
0.2402589
0.2490699
0.2561909
0.2619358
0.2725869
0.2899773
0.3062409
0.3124828
0.3106979
0.3121641
0.3229199
0.3347659
0.3339800
0.3176905
0.2981008
0.2888968
0.2890208
0.2829378
0.2584151
0.2216228
0.1903707
0.1718853
0.1523026
0.1128178
0.0545681
0.0019279
-0.0213928
-0.0171347
-0.0105462
-0.0238733
-0.0542603
-0.0798193
-0.0860648
-0.0817572
-0.0858798
-0.1026239
-0.1160257
-0.1107157
-0.0919980
-0.0799949
-0.0857782
-0.0990887
-0.1018671
-0.0906311
-0.0809420
-0.0885298
-0.1091279
-0.1214013
-0.1107185
-0.0861866
-0.0706527
-0.0756250
-0.0904834
-0.0969376
-0.0899792
-0.0814452
-0.0842755
-0.0967449
-0.1043726
-0.0969677
-0.0811213
-0.0730537
-0.0796540
-0.0906433
-0.0918223
-0.0829425
-0.0778336
-0.0869416
-0.1040774
-0.1132258
-0.1068831
-0.0943016
-0.0902176
-0.0975672
-0.1052101
-0.1037111
-0.0988349
-0.1040260
-0.1206958
-0.1329506
-0.1255725
-0.1030876
-0.0853746
-0.0847527
-0.0924668
-0.0909446
-0.0774405
-0.0706474
-0.0902240
-0.1305911
-0.1599360
-0.1493748
-0.1025458
-0.0533244
-0.0336702
-0.0452402
-0.0621749
-0.0587968
-0.0327771
-0.0024102
0.0158895
0.0242346
0.0358921
0.0536404
0.0613343
0.0408709
-0.0048107
-0.0504637
-0.0713361
-0.0652152
-0.0515126
-0.0509196
-0.0677043
-0.0909639
-0.1101353
-0.1259939
-0.1455642
-0.1693647
-0.1881266
-0.1929797
-0.1859907
-0.1786018
-0.1803369
-0.1896740
-0.1956613
-0.1893333
-0.1747486
-0.1667482
-0.1742025
-0.1868246
-0.1850848
-0.1660256
-0.1532162
-0.1731747
-0.2220026
-0.2631336
-0.2632207
-0.2244944
-0.1693619
-0.0892424
0.0763524
0.3855302
0.8070711
1.1983007
1.3904698
1.3108901
1.0285483
0.6882470
0.4061816
0.2199499
0.1124425
0.0571242
0.0348715
0.0256922
0.0082941
-0.0235165
-0.0534755
-0.0628751
-0.0561248
-0.0569541
-0.0779541
-0.1036624
-0.1105983
-0.0982453
-0.0904180
-0.1051910
-0.1312265
-0.1396155
-0.1172666
-0.0828961
-0.0671720
-0.0798823
-0.1016785
-0.1085215
-0.0983252
-0.0888699
-0.0931278
-0.1041124
-0.1054098
-0.0911888
-0.0718451
-0.0614952
-0.0629538
-0.0658644
-0.0590301
-0.0434625
-0.0315066
-0.0324185
-0.0407312
-0.0410108
-0.0237076
0.0050372
0.0290520
0.0369788
0.0322485
0.0286763
0.0354621
0.0475629
0.0535425
0.0521566
0.0559888
0.0760530
0.1069154
0.1319764
0.1423954
0.1461392
0.1567694
0.1761921
0.1921958
0.1941357
0.1882501
0.1926862
0.2160388
0.2455247
0.2610829
0.2585769
0.2527546
0.2572030
0.2682042
0.2724055
0.2664851
0.2630548
0.2754912
0.2999195
0.3162465
0.3088342
0.2837567
0.2612722
0.2512289
0.2416758
0.2154472
0.1734839
0.1349757
0.1146420
0.1057688
0.0888583
0.0546087
0.0145378
-0.0125164
-0.0225441
-0.0309937
-0.0530506
-0.0829382
-0.0992117
-0.0911332
-0.0733627
-0.0703348
-0.0895257
-0.1148920
-0.1258291
-0.1186092
-0.1077364
-0.1079744
-0.1177514
-0.1223843
-0.1129785
-0.0977686
-0.0915169
-0.0967933
-0.1014940
-0.0950708
-0.0820510
-0.0767179
-0.0865468
-0.1032421
-0.1103742
-0.0999487
-0.0813124
-0.0720955
-0.0798166
-0.0950310
-0.1040574
-0.1047624
-0.1058475
-0.1128659
-0.1204316
-0.1194662
-0.1089068
-0.0977146
-0.0952206
-0.1006657
-0.1045083
-0.1013955
-0.0986817
-0.1070116
-0.1234773
-0.1315276
-0.1210907
-0.1033223
-0.0993120
-0.1156060
-0.1361155
-0.1398006
-0.1239022
-0.1069041
-0.1074269
-0.1221252
-0.1290787
-0.1149221
-0.0934612
-0.0911881
-0.1159970
-0.1469549
-0.1564283
-0.1374910
-0.1072784
-0.0867710
-0.0803748
-0.0746989
-0.0554563
-0.0236862
0.0065218
0.0251659
0.0361296
0.0474453
0.0565715
0.0512520
0.0245248
-0.0150506
-0.0488651
-0.0628544
-0.0580452
-0.0485804
-0.0488748
-0.0622645
-0.0829966
-0.1070659
-0.1356865
-0.1671465
-0.1912485
-0.1967860
-0.1834095
-0.1639025
-0.1549914
-0.1646893
-0.1852105
-0.1985782
-0.1937275
-0.1790921
-0.1737086
-0.1836801
-0.1919691
-0.1767932
-0.1402726
-0.1145321
-0.1336587
-0.1963871
-0.2607462
-0.2840406
-0.2669513
-0.2428513
-0.2131573
-0.1074881
0.1630620
0.5972213
1.0554891
1.3382979
1.3281541
1.0683146
0.7132700
0.4069062
0.2013639
0.0729229
-0.0114104
-0.0586268
-0.0675764
-0.0534103
-0.0403493
-0.0399383
-0.0481450
-0.0595645
-0.0741297
-0.0904635
-0.1015573
-0.1011779
-0.0917167
-0.0824652
-0.0796408
-0.0799993
-0.0771994
-0.0737894
-0.0803707
-0.0988079
-0.1128000
-0.1040812
-0.0757393
-0.0503115
-0.0441718
-0.0517188
-0.0568814
-0.0531852
-0.0479390
-0.0497113
-0.0557817
-0.0535509
-0.0353542
-0.0104873
0.0025081
-0.0028683
-0.0132482
-0.0124572
-0.0006259
0.0094027
0.0103865
0.0085644
0.0145944
0.0314891
0.0515464
0.0637700
0.0658972
0.0684451
0.0821684
0.1018766
0.1103132
0.1007752
0.0886116
0.0950657
0.1237629
0.1572932
0.1748215
0.1713120
0.1614564
0.1644527
0.1827700
0.1991457
0.1991630
0.1918644
0.1988849
0.2253784
0.2523889
0.2597126
0.2478758
0.2343060
0.2331591
0.2418675
0.2458302
0.2364331
0.2240157
0.2273691
0.2479663
0.2626768
0.2485940
0.2086625
0.1653133
0.1345143
0.1145156
0.0958607
0.0734055
0.0491446
0.0284210
0.0129086
-0.0033861
-0.0270062
-0.0541681
-0.0742049
-0.0841880
-0.0909686
-0.0976950
-0.0994625
-0.0953247
-0.0929201
-0.0957990
-0.0963084
-0.0876682
-0.0758692
-0.0736354
-0.0860858
-0.1040032
-0.1088279
-0.0885912
-0.0550913
-0.0385612
-0.0548973
-0.0844382
-0.0958888
-0.0852065
-0.0753040
-0.0811628
-0.0924893
-0.0918239
-0.0760945
-0.0575300
-0.0512615
-0.0618957
-0.0780436
-0.0847852
-0.0835706
-0.0884801
-0.0996269
-0.0985593
-0.0795646
-0.0655165
-0.0765231
-0.0993208
-0.1061524
-0.0919180
-0.0757914
-0.0750900
-0.0903243
-0.1078685
-0.1102683
-0.0944840
-0.0813067
-0.0900286
-0.1059140
-0.0984988
-0.0719389
-0.0644711
-0.0927675
-0.1310879
-0.1528762
-0.1571992
-0.1462441
-0.1160331
-0.0801150
-0.0631641
-0.0616312
-0.0510781
-0.0352359
-0.0361154
-0.0336824
0.0153983
0.0851372
0.0874512
0.0061805
