0.2064451
0.1813146
0.1812942
0.1799716
0.1726477
0.1539671
0.1227895
0.0898986
0.0659922
0.0492444
0.0307434
0.0050089
-0.0279218
-0.0627203
-0.0882360
-0.0949307
-0.0869064
-0.0804829
-0.0868715
-0.1001199
-0.1053952
-0.0975713
-0.0896983
-0.1010077
-0.1322654
-0.1528205
-0.1204010
-0.0197426
0.1251283
0.2857140
0.4699013
0.7112965
1.0092454
1.2859682
1.4167109
1.3159666
1.0059441
0.6066488
0.2557783
0.0273938
-0.0870731
-0.1369719
-0.1640455
-0.1879117
-0.2158399
-0.2487747
-0.2789729
-0.2931984
-0.2845663
-0.2604133
-0.2369406
-0.2255935
-0.2238468
-0.2192353
-0.2033940
-0.1818214
-0.1684594
-0.1712903
-0.1850228
-0.1969432
-0.1975062
-0.1862335
-0.1707721
-0.1605210
-0.1583566
-0.1578489
-0.1503147
-0.1344771
-0.1173616
-0.1062538
-0.1020751
-0.1002764
-0.0955446
-0.0850415
-0.0689663
-0.0491650
-0.0272032
-0.0042060
0.0175704
0.0349438
0.0468955
0.0562603
0.0672596
0.0824835
0.1027845
0.1275984
0.1529983
0.1707342
0.1723504
0.1560651
0.1300338
0.1081721
0.0998725
0.1005100
0.0929050
0.0627960
0.0149601
-0.0291217
-0.0525562
-0.0601921
-0.0712433
-0.0954943
-0.1213115
-0.1304402
-0.1223719
-0.1174304
-0.1316692
-0.1536095
-0.1559794
-0.1329988
-0.1152300
-0.1354741
-0.1821693
-0.2000447
-0.1434779
-0.0202970
0.1288120
0.2908790
0.5018606
0.7906458
1.1036195
1.3047505
1.2724822
1.0058411
0.6324993
0.3089431
0.1105913
0.0098670
-0.0585513
-0.1274220
-0.1866392
-0.2206820
-0.2373304
-0.2573784
-0.2869650
-0.3102273
-0.3097207
-0.2875520
-0.2621553
-0.2472102
-0.2390788
-0.2253589
-0.2014814
-0.1763814
-0.1636654
-0.1692576
-0.1867924
-0.2031456
-0.2081791
-0.2004100
-0.1851294
-0.1688944
-0.1561245
-0.1486409
-0.1455797
-0.1434526
-0.1382239
-0.1285375
-0.1166285
-0.1058276
-0.0973182
-0.0890713
-0.0776679
-0.0616163
-0.0432611
-0.0268948
-0.0145428
-0.0040363
0.0086214
0.0257206
0.0466205
0.0685645
0.0879926
0.1023544
0.1118759
0.1189586
0.1249056
0.1276642
0.1234718
0.1102552
0.0888568
0.0617195
0.0317038
0.0022845
-0.0226544
-0.0412932
-0.0568033
-0.0757349
-0.1004541
-0.1235275
-0.1341008
-0.1323481
-0.1329336
-0.1474751
-0.1651695
-0.1610773
-0.1302074
-0.1064239
-0.1331252
-0.2089743
-0.2714391
-0.2471346
-0.1200243
0.0611456
0.2492812
0.4600129
0.7442021
1.0919907
1.3819577
1.4528408
1.2402094
0.8408645
0.4383110
0.1643040
0.0271799
-0.0444948
-0.1118788
-0.1838986
-0.2427782
-0.2824218
-0.3120681
-0.3362525
-0.3485452
-0.3458592
-0.3370353
-0.3313653
-0.3255991
-0.3101552
-0.2854449
-0.2636184
-0.2524529
-0.2446101
-0.2287911
-0.2085194
-0.2018683
-0.2193773
-0.2471124
-0.2578171
-0.2387756
-0.2037992
-0.1761445
-0.1642051
-0.1580138
-0.1465710
-0.1318988
-0.1241090
-0.1270255
-0.1328885
-0.1304768
-0.1152765
-0.0911012
-0.0645793
-0.0406094
-0.0220529
-0.0099278
-0.0016195
0.0091044
0.0269033
0.0494344
0.0696293
0.0840849
0.0965110
0.1108511
0.1231006
0.1236661
0.1084578
0.0847885
0.0638862
0.0484652
0.0304664
0.0020005
-0.0339237
-0.0663512
-0.0890326
-0.1060667
-0.1235176
-0.1396485
-0.1482678
-0.1501193
-0.1542254
-0.1649072
-0.1726132
-0.1648778
-0.1467195
-0.1426258
-0.1708713
-0.2161518
-0.2343150
-0.1886256
-0.0784191
0.0728275
0.2542320
0.4796870
0.7529065
1.0226736
1.1870859
1.1585949
0.9354196
0.6118727
0.3151208
0.1227092
0.0284660
-0.0245153
-0.0843729
-0.1585867
-0.2268534
-0.2725675
-0.2986161
-0.3185054
-0.3395600
-0.3572189
-0.3632483
-0.3561560
-0.3423738
-0.3286681
-0.3158251
-0.3006633
-0.2824282
-0.2647162
-0.2509482
-0.2401896
-0.2292118
-0.2180923
-0.2118256
-0.2150943
-0.2256817
-0.2343393
-0.2322298
-0.2183553
-0.1989701
-0.1802520
-0.1633755
-0.1472630
-0.1337162
-0.1267029
-0.1261975
-0.1252010
-0.1152879
-0.0953980
-0.0737988
-0.0601231
-0.0554887
-0.0513660
-0.0384546
-0.0156944
0.0100941
0.0320527
0.0487818
0.0625137
0.0745673
0.0840127
0.0890889
0.0876806
0.0768141
0.0541909
0.0217540
-0.0131522
-0.0421265
-0.0623199
-0.0784634
-0.0976333
-0.1218670
-0.1461994
-0.1637734
-0.1723538
-0.1759401
-0.1805055
-0.1877603
-0.1923489
-0.1865629
-0.1710255
-0.1609954
-0.1765955
-0.2203909
-0.2648045
-0.2682974
-0.2084837
-0.0959295
0.0504288
0.2385567
0.5000035
0.8368993
1.1715007
1.3649897
1.3094358
1.0165996
0.6186145
0.2751340
0.0689266
-0.0229254
-0.0729209
-0.1289717
-0.1898085
-0.2350031
-0.2616390
-0.2866516
-0.3214527
-0.3557588
-0.3705887
-0.3624323
-0.3481363
-0.3451135
-0.3513068
-0.3485987
-0.3250635
-0.2898345
-0.2635190
-0.2553638
-0.2534689
-0.2393812
-0.2103106
-0.1832672
-0.1763551
-0.1888786
-0.2025838
-0.2011649
-0.1849288
-0.1655051
-0.1499390
-0.1343122
-0.1129596
-0.0894035
-0.0738611
-0.0702399
-0.0697432
-0.0602481
-0.0403274
-0.0203077
-0.0089145
-0.0022168
0.0114882
0.0371415
0.0664030
0.0864328
0.0931529
0.0940000
0.0982240
0.1066436
0.1119652
0.1077535
0.0948564
0.0787146
0.0623812
0.0438835
0.0196645
-0.0112388
-0.0464510
-0.0817223
-0.1119747
-0.1322615
-0.1402952
-0.1394051
-0.1380098
-0.1437217
-0.1562835
-0.1670923
-0.1680613
-0.1619138
-0.1616854
-0.1771091
-0.2008803
-0.2102343
-0.1832990
-0.1122238
0.0022429
0.1670439
0.3982319
0.6936955
0.9990297
1.2095179
1.2261817
1.0290451
0.7024960
0.3828894
0.1684411
0.0664913
0.0170668
-0.0389827
-0.1136853
-0.1821580
-0.2242315
-0.2475294
-0.2723635
-0.3042884
-0.3293237
-0.3347524
-0.3272694
-0.3260662
-0.3401776
-0.3574564
-0.3575320
-0.3333221
-0.2973793
-0.2678685
-0.2513405
-0.2406276
-0.2270061
-0.2102228
-0.1956612
-0.1854158
-0.1764016
-0.1670811
-0.1617706
-0.1648583
-0.1718549
-0.1703199
-0.1523556
-0.1248566
-0.1039635
-0.0979912
-0.0979570
-0.0874778
-0.0613031
-0.0311407
-0.0123989
-0.0079163
-0.0071491
0.0003115
0.0144057
0.0287017
0.0411592
0.0566165
0.0783895
0.1010209
0.1143099
0.1136557
0.1036873
0.0912732
0.0774970
0.0583297
0.0317515
0.0017390
-0.0249555
-0.0445500
-0.0588061
-0.0733526
-0.0933656
-0.1186971
-0.1422911
-0.1556670
-0.1582946
-0.1598084
-0.1687912
-0.1792539
-0.1745429
-0.1505404
-0.1316257
-0.1523248
-0.2159279
-0.2765007
-0.2725154
-0.1803428
-0.0261947
0.1588973
0.3836770
0.6763589
1.0127939
1.2802136
1.3383807
1.1341483
0.7574734
0.3785331
0.1237940
0.0052574
-0.0453726
-0.0918012
-0.1463942
-0.1901517
-0.2142816
-0.2313283
-0.2542129
-0.2789802
-0.2928033
-0.2924854
-0.2884448
-0.2915004
-0.3011477
-0.3088541
-0.3093566
-0.3047361
-0.2980648
-0.2873385
-0.2683297
-0.2417726
-0.2143674
-0.1916165
-0.1716674
-0.1488051
-0.1234241
-0.1060801
-0.1081650
-0.1271135
-0.1430989
-0.1344011
-0.0980165
-0.0537403
-0.0259551
-0.0214928
-0.0264039
-0.0233494
-0.0089742
0.0072115
0.0179146
0.0269729
0.0419352
0.0619310
0.0780082
0.0856541
0.0921067
0.1074443
0.1303130
0.1473630
0.1484385
0.1390288
0.1340184
0.1394370
0.1436964
0.1290135
0.0905609
0.0422356
0.0029627
-0.0212986
-0.0405896
-0.0665969
-0.0974225
-0.1187364
-0.1204995
-0.1106681
-0.1090081
-0.1253418
-0.1461386
-0.1480761
-0.1275444
-0.1118224
-0.1323860
-0.1844790
-0.2199079
-0.1874482
-0.0784123
0.0765324
0.2566799
0.4827076
0.7798368
1.1058309
1.3336838
1.3320134
1.0780225
0.6904960
0.3439654
0.1430277
0.0701547
0.0392461
-0.0144488
-0.0939780
-0.1672875
-0.2123654
-0.2334975
-0.2468254
-0.2625250
-0.2808355
-0.2972632
-0.3072783
-0.3090048
-0.3053930
-0.3031062
-0.3061219
-0.3099758
-0.3047805
-0.2852867
-0.2568305
-0.2305367
-0.2137673
-0.2058223
-0.2008557
-0.1925826
-0.1772098
-0.1555571
-0.1341762
-0.1221219
-0.1232361
-0.1309941
-0.1329506
-0.1217091
-0.1009354
-0.0798930
-0.0632541
-0.0480713
-0.0302670
-0.0112776
0.0034712
0.0112282
0.0147139
0.0184354
0.0244269
0.0325189
0.0430605
0.0573652
0.0755236
0.0949781
0.1114295
0.1204094
0.1183506
0.1041628
0.0812013
0.0564543
0.0352528
0.0162843
-0.0060144
-0.0328783
-0.0574013
-0.0725127
-0.0817839
-0.0973707
-0.1247221
-0.1531388
-0.1666164
-0.1628626
-0.1551306
-0.1531686
-0.1498505
-0.1354109
-0.1221030
-0.1402840
-0.1993100
-0.2582740
-0.2515740
-0.1501995
0.0126599
0.1887212
0.3807469
0.6391662
0.9774667
1.3005128
1.4436199
1.3039899
0.9377456
0.5221529
0.2185618
0.0676398
0.0037490
-0.0509637
-0.1185099
-0.1761974
-0.2067552
-0.2207233
-0.2366345
-0.2570379
-0.2713599
-0.2744292
-0.2726553
-0.2730583
-0.2744184
-0.2727695
-0.2705390
-0.2740563
-0.2824506
-0.2845139
-0.2697803
-0.2406443
-0.2103618
-0.1893924
-0.1762581
-0.1622380
-0.1424568
-0.1204463
-0.1031311
-0.0937334
-0.0896645
-0.0852572
-0.0754292
-0.0581959
-0.0359256
-0.0145220
0.0004503
0.0086276
0.0158049
0.0287623
0.0484663
0.0688873
0.0829275
0.0890233
0.0916270
0.0962726
0.1055308
0.1192856
0.1365123
0.1549655
0.1700605
0.1767115
0.1736881
0.1650013
0.1550144
0.1420996
0.1192752
0.0829507
0.0402036
0.0047701
-0.0155318
-0.0262182
-0.0394445
-0.0603859
-0.0823119
-0.0959253
-0.1013207
-0.1071893
-0.1173211
-0.1217051
-0.1067996
-0.0766282
-0.0586561
-0.0802246
-0.1347873
-0.1750629
-0.1466803
-0.0315304
0.1448195
0.3497302
0.5799847
0.8492813
1.1341559
1.3433748
1.3632733
1.1516324
0.7901973
0.4359919
0.2096439
0.1215427
0.0963375
0.0582484
-0.0106269
-0.0829372
-0.1345250
-0.1681517
-0.1966570
-0.2203178
-0.2302262
-0.2274376
-0.2265872
-0.2375159
-0.2510222
-0.2498554
-0.2315439
-0.2131078
-0.2109669
-0.2210900
-0.2236069
-0.2053131
-0.1727735
-0.1424799
-0.1226020
-0.1079366
-0.0904141
-0.0693847
-0.0503865
-0.0377484
-0.0315455
-0.0296605
-0.0286550
-0.0227222
-0.0064131
0.0186356
0.0421740
0.0546749
0.0583329
0.0652508
0.0830206
0.1048985
0.1174996
0.1170092
0.1135668
0.1184494
0.1308731
0.1412161
0.1452161
0.1493150
0.1601642
0.1734011
0.1776071
0.1680937
0.1515867
0.1356675
0.1179861
0.0905169
0.0532803
0.0185872
-0.0009303
-0.0058733
-0.0083614
-0.0176435
-0.0310857
-0.0405897
-0.0445572
-0.0495061
-0.0598772
-0.0700049
-0.0696231
-0.0577048
-0.0485580
-0.0607433
-0.0967565
-0.1327687
-0.1310429
-0.0661966
0.0603478
0.2344732
0.4563288
0.7420044
1.0832529
1.4020189
1.5625256
1.4580683
1.1066273
0.6599074
0.3017381
0.1203516
0.0687479
0.0404297
-0.0247713
-0.1077058
-0.1629269
-0.1807353
-0.1889742
-0.2082688
-0.2264650
-0.2224616
-0.2016346
-0.1931747
-0.2134979
-0.2450027
-0.2579858
-0.2467561
-0.2338610
-0.2388820
-0.2530673
-0.2511456
-0.2231014
-0.1852800
-0.1592322
-0.1473604
-0.1349393
-0.1119662
-0.0847908
-0.0648374
-0.0530938
-0.0419480
-0.0292708
-0.0221927
-0.0239730
-0.0234504
-0.0050520
0.0311467
0.0661985
0.0828200
0.0851851
0.0926211
0.1144744
0.1378965
0.1442950
0.1334780
0.1244112
0.1316051
0.1477600
0.1550406
0.1495218
0.1456675
0.1542390
0.1633560
0.1497604
0.1075858
0.0571950
0.0212120
-0.0017901
-0.0310236
-0.0725573
-0.1063920
-0.1122922
-0.1017573
-0.1100429
-0.1523133
-0.1995775
-0.2108661
-0.1852783
-0.1653334
-0.1817976
-0.2102445
-0.2022544
-0.1573990
-0.1383124
-0.1944282
-0.2821228
-0.2904941
-0.1580342
0.0572926
0.2488110
0.3940499
0.5810880
0.8794828
1.2034232
1.3440850
1.1597300
0.7235961
0.2675407
-0.0180036
-0.1190206
-0.1482635
-0.1980367
-0.2646154
-0.2992842
-0.2914813
-0.2795455
-0.2962167
-0.3323601
-0.3597573
-0.3702234
-0.3772560
-0.3876000
-0.3897227
-0.3745745
-0.3546722
-0.3512722
-0.3664637
-0.3788423
-0.3691465
-0.3423694
-0.3189658
-0.3088193
-0.3018233
-0.2843604
-0.2575935
-0.2346597
-0.2236936
-0.2202296
-0.2164268
-0.2113097
-0.2076140
-0.2020722
-0.1856869
-0.1555134
-0.1216578
-0.0981470
-0.0879488
-0.0812773
-0.0695651
-0.0567269
-0.0525005
-0.0564862
-0.0548341
-0.0358643
-0.0057081
0.0166622
0.0204315
0.0147779
0.0168747
0.0304283
0.0406283
0.0312387
0.0029272
-0.0286376
-0.0512586
-0.0683673
-0.0914626
-0.1241548
-0.1579574
-0.1834588
-0.2010709
-0.2176169
-0.2344743
-0.2440411
-0.2398486
-0.2268792
-0.2173667
-0.2162861
-0.2158983
-0.2087606
-0.2034162
-0.2188559
-0.2576766
-0.2878603
-0.2597970
-0.1459566
0.0396514
0.2650253
0.5169509
0.8001187
1.0915905
1.3063428
1.3321092
1.1189654
0.7387026
0.3465432
0.0727731
-0.0572234
-0.1072957
-0.1495388
-0.2048252
-0.2524820
-0.2767071
-0.2885357
-0.3061145
-0.3291833
-0.3428925
-0.3421003
-0.3409445
-0.3545904
-0.3776854
-0.3882232
-0.3730104
-0.3440051
-0.3259534
-0.3297099
-0.3414565
-0.3388293
-0.3148100
-0.2833215
-0.2623422
-0.2547172
-0.2471718
-0.2263630
-0.1929183
-0.1593253
-0.1369400
-0.1276378
-0.1266259
-0.1286696
-0.1289132
-0.1206335
-0.0980928
-0.0641289
-0.0318485
-0.0144111
-0.0125061
-0.0145061
-0.0098986
0.0001257
0.0075589
0.0104242
0.0158741
0.0295906
0.0466610
0.0571078
0.0586047
0.0583745
0.0611529
0.0601366
0.0446315
0.0150521
-0.0153317
-0.0354873
-0.0493075
-0.0693075
-0.0998021
-0.1315606
-0.1537845
-0.1661471
-0.1753600
-0.1836021
-0.1867521
-0.1838878
-0.1813229
-0.1829490
-0.1819951
-0.1707465
-0.1575758
-0.1633038
-0.1924186
-0.2128542
-0.1761465
-0.0610155
0.1117799
0.3143571
0.5514617
0.8450221
1.1695337
1.4166995
1.4514151
1.2222948
0.8191613
0.4140743
0.1381198
0.0070586
-0.0481987
-0.0963008
-0.1546654
-0.2056411
-0.2372218
-0.2561303
-0.2705586
-0.2772229
-0.2713928
-0.2614403
-0.2637907
-0.2833429
-0.3055261
-0.3113031
-0.2972284
-0.2773188
-0.2665825
-0.2666012
-0.2676858
-0.2611428
-0.2462317
-0.2268920
-0.2059955
-0.1842445
-0.1619616
-0.1391164
-0.1142498
-0.0861166
-0.0572765
-0.0340429
-0.0207715
-0.0145225
-0.0071958
0.0063905
0.0236966
0.0386780
0.0499392
0.0628331
0.0826788
0.1069848
0.1260999
0.1323022
0.1277863
0.1230242
0.1272243
0.1407525
0.1567401
0.1689529
0.1766770
0.1817662
0.1827234
0.1741528
0.1528673
0.1230266
0.0933119
0.0689516
0.0480308
0.0261341
0.0028205
-0.0183259
-0.0350084
-0.0485372
-0.0599598
-0.0668030
-0.0666501
-0.0624553
-0.0598198
-0.0580965
-0.0495834
-0.0328462
-0.0237429
-0.0429714
-0.0862946
-0.1122496
-0.0700651
0.0566162
0.2399288
0.4459317
0.6743470
0.9445616
1.2357135
1.4533371
1.4784399
1.2659072
0.8964187
0.5248943
0.2704171
0.1477123
0.0924343
0.0391689
-0.0281143
-0.0880639
-0.1232086
-0.1397586
-0.1535029
-0.1691887
-0.1795847
-0.1803655
-0.1786966
-0.1849904
-0.1995038
-0.2109099
-0.2087330
-0.1951295
-0.1824802
-0.1795776
-0.1820846
-0.1779294
-0.1610845
-0.1376468
-0.1176515
-0.1033149
-0.0881454
-0.0668541
-0.0420727
-0.0190749
0.0029433
0.0291745
0.0583956
0.0792545
0.0821837
0.0735897
0.0728953
0.0933907
0.1289725
0.1621455
0.1822583
0.1917357
0.1962074
0.1958747
0.1905594
0.1881705
0.1999548
0.2260447
0.2519563
0.2638343
0.2635907
0.2631410
0.2651041
0.2571880
0.2295375
0.1916182
0.1637596
0.1525775
0.1429122
0.1178906
0.0806310
0.0486044
0.0293275
0.0120319
-0.0128348
-0.0349635
-0.0355680
-0.0152891
0.0014405
-0.0044006
-0.0218571
-0.0261701
-0.0165744
-0.0218331
-0.0581181
-0.0905591
-0.0544361
0.0802605
0.2774307
0.4789307
0.6727313
0.8972296
1.1672154
1.4072011
1.4818510
1.3087033
0.9424985
0.5432966
0.2573937
0.1229402
0.0774746
0.0400677
-0.0199851
-0.0818274
-0.1173185
-0.1247394
-0.1242070
-0.1326161
-0.1494597
-0.1638698
-0.1694273
-0.1701789
-0.1744548
-0.1850792
-0.1958548
-0.1972291
-0.1857807
-0.1685729
-0.1575829
-0.1588089
-0.1666286
-0.1693066
-0.1599208
-0.1411133
-0.1192859
-0.0961646
-0.0683599
-0.0351178
-0.0036760
0.0157861
0.0204256
0.0178746
0.0183524
0.0255716
0.0372591
0.0526858
0.0747967
0.1026100
0.1253326
0.1303629
0.1190067
0.1097140
0.1204501
0.1481123
0.1702024
0.1694509
0.1537006
0.1471218
0.1623424
0.1859293
0.1935028
0.1756345
0.1447176
0.1179020
0.0990275
0.0796739
0.0534604
0.0234722
-0.0043763
-0.0298527
-0.0564294
-0.0827341
-0.1005452
-0.1032767
-0.0948421
-0.0877690
-0.0916311
-0.1037033
-0.1122046
-0.1104226
-0.1077536
-0.1228239
-0.1595962
-0.1891937
-0.1632364
-0.0550264
0.1122593
0.2884682
0.4541801
0.6465202
0.9086283
1.2048021
1.3991847
1.3442933
1.0092596
0.5236046
0.0881916
-0.1658452
-0.2444168
-0.2403118
-0.2352599
-0.2501297
-0.2678092
-0.2776430
-0.2882138
-0.3083334
-0.3316657
-0.3447206
-0.3437059
-0.3376280
-0.3359522
-0.3378611
-0.3355784
-0.3261891
-0.3171535
-0.3187178
-0.3312423
-0.3415693
-0.3339149
-0.3054790
-0.2704857
-0.2470646
-0.2398003
-0.2366481
-0.2236636
-0.2007599
-0.1805385
-0.1723636
-0.1711146
-0.1634879
-0.1431547
-0.1165508
-0.0941050
-0.0792553
-0.0679474
-0.0564430
-0.0456579
-0.0370225
-0.0271022
-0.0095528
0.0171536
0.0455024
0.0635800
0.0643762
0.0515150
0.0372275
0.0343541
0.0473429
0.0679620
0.0799018
0.0706708
0.0415263
0.0054129
-0.0262286
-0.0540280
-0.0861965
-0.1238888
-0.1552213
-0.1679357
-0.1666903
-0.1717035
-0.1965069
-0.2305303
-0.2498598
-0.2451200
-0.2315733
-0.2275035
-0.2293743
-0.2192802
-0.1970899
-0.1909541
-0.2223248
-0.2639636
-0.2497459
-0.1366219
0.0510694
0.2523257
0.4414704
0.6486822
0.8929496
1.1046236
1.1442550
0.9215425
0.4965933
0.0510664
-0.2497179
-0.3698939
-0.3901631
-0.4026081
-0.4310114
-0.4448085
-0.4242056
-0.3912536
-0.3802646
-0.3961927
-0.4136541
-0.4115388
-0.3970796
-0.3932026
-0.4094899
-0.4318655
-0.4389423
-0.4231171
-0.3950395
-0.3721676
-0.3659547
-0.3766354
-0.3940621
-0.4018750
-0.3860448
-0.3459333
-0.2983815
-0.2667449
-0.2613383
-0.2698800
-0.2691973
-0.2476592
-0.2155370
-0.1928475
-0.1883402
-0.1922098
-0.1888785
-0.1737263
-0.1548898
-0.1405365
-0.1292469
-0.1152079
-0.0992143
-0.0884835
-0.0841326
-0.0741132
-0.0449737
-0.0011928
0.0327215
0.0344634
0.0075744
-0.0213134
-0.0301637
-0.0230413
-0.0213036
-0.0367931
-0.0603326
-0.0778195
-0.0903718
-0.1110771
-0.1437706
-0.1743373
-0.1877545
-0.1877142
-0.1909504
-0.2035067
-0.2127575
-0.2077284
-0.1985501
-0.2039871
-0.2216144
-0.2255188
-0.2022348
-0.1775162
-0.1885159
-0.2274282
-0.2315505
-0.1450348
0.0177943
0.1917991
0.3469957
0.5307129
0.7968953
1.0951071
1.2607014
1.1453469
0.7630888
0.2958571
-0.0525171
-0.2070975
-0.2370922
-0.2477392
-0.2797279
-0.3091389
-0.3137087
-0.3103385
-0.3277234
-0.3643614
-0.3900398
-0.3844930
-0.3610758
-0.3484094
-0.3571671
-0.3725564
-0.3763185
-0.3673077
-0.3575925
-0.3542480
-0.3515699
-0.3408576
-0.3223369
-0.3040308
-0.2909537
-0.2794654
-0.2632250
-0.2418789
-0.2210803
-0.2046401
-0.1899513
-0.1729340
-0.1554697
-0.1445687
-0.1435852
-0.1469244
-0.1456060
-0.1367837
-0.1249277
-0.1134697
-0.0987382
-0.0752053
-0.0455204
-0.0212349
-0.0115660
-0.0136025
-0.0163717
-0.0136277
-0.0091629
-0.0087847
-0.0108278
-0.0082019
0.0014400
0.0117038
0.0146488
0.0086505
-0.0034183
-0.0211500
-0.0466605
-0.0768451
-0.1005757
-0.1086279
-0.1054643
-0.1060023
-0.1185556
-0.1348954
-0.1415025
-0.1384318
-0.1400065
-0.1540224
-0.1664002
-0.1551634
-0.1206553
-0.0934930
-0.1037975
-0.1426717
-0.1618875
-0.1169704
-0.0069960
0.1350116
0.2895205
0.4755989
0.7154830
0.9732738
1.1424109
1.1122309
0.8593799
0.4775474
0.1155510
-0.1204446
-0.2179366
-0.2325291
-0.2264518
-0.2296076
-0.2424538
-0.2572421
-0.2700118
-0.2795636
-0.2849584
-0.2868668
-0.2880877
-0.2905096
-0.2929874
-0.2936991
-0.2932930
-0.2936436
-0.2938832
-0.2900020
-0.2794670
-0.2648843
-0.2515088
-0.2414701
-0.2317654
-0.2179799
-0.1988116
-0.1767926
-0.1559996
-0.1396976
-0.1285061
-0.1189925
-0.1050249
-0.0833877
-0.0589926
-0.0422691
-0.0390670
-0.0436998
-0.0441232
-0.0343672
-0.0200006
-0.0102305
-0.0063452
-0.0005840
0.0134380
0.0317254
0.0431920
0.0411766
0.0301250
0.0210463
0.0216424
0.0306687
0.0401417
0.0423770
0.0363025
0.0278204
0.0226228
0.0176220
0.0018593
-0.0305127
-0.0687874
-0.0924469
-0.0926297
-0.0833450
-0.0855380
-0.1009470
-0.1097712
-0.0983782
-0.0816367
-0.0864707
-0.1140497
-0.1324999
-0.1167646
-0.0860890
-0.0833860
-0.1141785
-0.1242123
-0.0546537
0.0877617
0.2388437
0.3629843
0.5089677
0.7496494
1.0609499
1.2868393
1.2549159
0.9362403
0.4832303
0.1051411
-0.0910640
-0.1442877
-0.1528831
-0.1723236
-0.1963383
-0.2069250
-0.2114246
-0.2276511
-0.2539800
-0.2714143
-0.2713109
-0.2670156
-0.2741021
-0.2884517
-0.2921347
-0.2775284
-0.2568411
-0.2461342
-0.2466000
-0.2464614
-0.2378360
-0.2251308
-0.2158599
-0.2085067
-0.1939973
-0.1680613
-0.1379775
-0.1152736
-0.1035164
-0.0953299
-0.0809701
-0.0580659
-0.0327735
-0.0131353
-0.0024521
0.0019482
0.0053257
0.0113322
0.0200429
0.0291553
0.0369930
0.0443421
0.0531044
0.0632194
0.0716365
0.0751294
0.0742050
0.0734404
0.0769918
0.0835862
0.0867768
0.0811276
0.0682699
0.0561599
0.0516837
0.0537387
0.0536056
0.0424244
0.0190073
-0.0090611
-0.0319858
-0.0456064
-0.0526631
-0.0567403
-0.0570279
-0.0513521
-0.0434758
-0.0427568
-0.0529500
-0.0638020
-0.0604822
-0.0442470
-0.0378681
-0.0615942
-0.1025551
-0.1169408
-0.0705498
0.0269738
0.1398775
0.2601304
0.4277421
0.6771512
0.9599345
1.1395387
1.0877563
0.7993662
0.4095265
0.0911978
-0.0706371
-0.1137775
-0.1272008
-0.1602985
-0.2001874
-0.2171100
-0.2099799
-0.2032592
-0.2130154
-0.2302971
-0.2382505
-0.2356023
-0.2364593
-0.2498696
-0.2666368
-0.2690935
-0.2509520
-0.2239459
-0.2050571
-0.2000728
-0.2011303
-0.1983384
-0.1903916
-0.1826194
-0.1768977
-0.1671309
-0.1465553
-0.1180406
-0.0936293
-0.0816184
-0.0755557
-0.0597362
-0.0273171
0.0092514
0.0290751
0.0245456
0.0102002
0.0086303
0.0284783
0.0574708
0.0762254
0.0767972
0.0673080
0.0609335
0.0633324
0.0708102
0.0775002
0.0813349
0.0833233
0.0837025
0.0807146
0.0730356
0.0625497
0.0540644
0.0514069
0.0529812
0.0517897
0.0417305
0.0246659
0.0096861
0.0036497
0.0033566
-0.0003534
-0.0104685
-0.0191019
-0.0177946
-0.0103013
-0.0093549
-0.0188778
-0.0255186
-0.0153956
0.0023166
-0.0005148
-0.0353002
-0.0702862
-0.0524722
0.0390270
0.1699338
0.2916135
0.4029563
0.5568927
0.7922325
1.0602037
1.2320534
1.1934404
0.9391792
0.5793635
0.2559396
0.0504160
-0.0427565
-0.0758784
-0.0948609
-0.1173888
-0.1420027
-0.1634142
-0.1791136
-0.1894660
-0.1964960
-0.2017097
-0.2039016
-0.2010812
-0.1961178
-0.1974970
-0.2098909
-0.2243469
-0.2235839
-0.2008430
-0.1704064
-0.1540912
-0.1574078
-0.1640681
-0.1560249
-0.1342693
-0.1148917
-0.1068148
-0.1005220
-0.0814252
-0.0488128
-0.0152280
0.0110723
0.0349256
0.0622517
0.0859186
0.0921475
0.0805908
0.0697883
0.0779184
0.1024425
0.1245550
0.1317254
0.1288583
0.1260506
0.1230577
0.1128587
0.0975394
0.0912319
0.1033496
0.1245785
0.1360980
0.1310236
0.1199788
0.1144636
0.1118797
0.1022087
0.0848109
0.0703590
0.0659122
0.0656446
0.0601618
0.0494840
0.0405758
0.0348341
0.0261143
0.0126295
0.0032029
0.0060376
0.0161201
0.0220314
0.0235246
0.0310905
0.0434961
0.0375390
-0.0046896
-0.0599794
-0.0727791
-0.0099288
0.1044641
0.2255570
0.3556297
0.5503183
0.8371108
1.1353695
1.2853079
1.1779581
0.8582746
0.4926155
0.2328687
0.1128743
0.0662225
0.0213997
-0.0355442
-0.0796840
-0.0987655
-0.1092919
-0.1297872
-0.1564561
-0.1720041
-0.1703322
-0.1635194
-0.1656005
-0.1767515
-0.1862232
-0.1861797
-0.1777068
-0.1647650
-0.1480980
-0.1277422
-0.1081449
-0.0960949
-0.0928288
-0.0908316
-0.0805476
-0.0600053
-0.0365117
-0.0181295
-0.0039546
0.0157190
0.0482868
0.0882502
0.1196331
0.1303120
0.1234073
0.1134754
0.1121002
0.1189542
0.1270145
0.1336212
0.1429713
0.1575054
0.1705650
0.1715916
0.1586936
0.1426535
0.1363686
0.1421799
0.1520404
0.1586041
0.1621108
0.1656732
0.1680181
0.1647494
0.1555973
0.1463845
0.1424571
0.1426525
0.1418556
0.1378403
0.1325037
0.1268082
0.1187381
0.1084043
0.1013366
0.1017016
0.1037723
0.0969521
0.0814003
0.0716583
0.0778083
0.0871541
0.0762653
0.0454152
0.0313835
0.0744539
0.1747732
0.2954335
0.4157659
0.5683853
0.8009806
1.0936377
1.3298858
1.3730929
1.1825093
0.8515911
0.5299917
0.3105130
0.1879853
0.1089774
0.0396104
-0.0178022
-0.0540300
-0.0758531
-0.0965757
-0.1173765
-0.1288974
-0.1278710
-0.1230203
-0.1236306
-0.1295515
-0.1357291
-0.1406391
-0.1443800
-0.1419669
-0.1267451
-0.1020217
-0.0828738
-0.0814235
-0.0926083
-0.0989914
-0.0892552
-0.0680461
-0.0469603
-0.0302535
-0.0129687
0.0093985
0.0347935
0.0588282
0.0801198
0.0980818
0.1088337
0.1087962
0.1021644
0.0997022
0.1077986
0.1217641
0.1322810
0.1355629
0.1335248
0.1262241
0.1106196
0.0892599
0.0751243
0.0811293
0.1040746
0.1240998
0.1239055
0.1065428
0.0903472
0.0871675
0.0904128
0.0859319
0.0697540
0.0506107
0.0374222
0.0300914
0.0233561
0.0145834
0.0043831
-0.0074607
-0.0218068
-0.0358915
-0.0435122
-0.0417702
-0.0350507
-0.0293770
-0.0251292
-0.0206780
-0.0230538
-0.0466250
-0.0938126
-0.1406843
-0.1521310
-0.1143824
-0.0431768
0.0491791
0.1883742
0.4204535
0.7450110
1.0694094
1.2479348
1.1859288
0.9155636
0.5705933
0.2844763
0.1070888
0.0066971
-0.0665252
-0.1305617
-0.1760524
-0.1988503
-0.2128241
-0.2322022
-0.2533284
-0.2618054
-0.2547509
-0.2478572
-0.2570497
-0.2778435
-0.2892644
-0.2783519
-0.2551717
-0.2404130
-0.2419494
-0.2489592
-0.2482709
-0.2401707
-0.2343785
-0.2339862
-0.2299019
-0.2130731
-0.1875247
-0.1658498
-0.1524531
-0.1374422
-0.1108839
-0.0792801
-0.0614381
-0.0672645
-0.0855673
-0.0955651
-0.0874472
-0.0685673
-0.0520316
-0.0444415
-0.0454067
-0.0535803
-0.0677952
-0.0830092
-0.0907638
-0.0874058
-0.0797104
-0.0780562
-0.0839967
-0.0886674
-0.0849119
-0.0767930
-0.0734126
-0.0761750
-0.0778604
-0.0745669
-0.0728627
-0.0812690
-0.0976345
-0.1104481
-0.1134308
-0.1139678
-0.1229631
-0.1387828
-0.1478038
-0.1427726
-0.1341768
-0.1367453
-0.1479953
-0.1505809
-0.1392309
-0.1351402
-0.1613451
-0.2046206
-0.2149257
-0.1521515
-0.0279573
0.1118910
0.2494016
0.4234163
0.6775663
0.9764294
1.1915983
1.1931429
0.9635276
0.6179262
0.3100420
0.1188615
0.0204917
-0.0491663
-0.1226403
-0.1888860
-0.2304013
-0.2515950
-0.2690940
-0.2885375
-0.3023701
-0.3067806
-0.3096910
-0.3191896
-0.3318602
-0.3384140
-0.3367786
-0.3329832
-0.3301510
-0.3232624
-0.3073829
-0.2869844
-0.2728592
-0.2703955
-0.2740710
-0.2744019
-0.2677699
-0.2568844
-0.2430003
-0.2222969
-0.1922595
-0.1585585
-0.1313958
-0.1154112
-0.1065883
-0.0993611
-0.0931185
-0.0898291
-0.0880006
-0.0825501
-0.0710783
-0.0582946
-0.0523911
-0.0565160
-0.0648639
-0.0688548
-0.0670704
-0.0666511
-0.0734819
-0.0832340
-0.0851523
-0.0745079
-0.0588409
-0.0508732
-0.0562118
-0.0688952
-0.0789723
-0.0835660
-0.0886889
-0.0992873
-0.1103515
-0.1124821
-0.1061878
-0.1047215
-0.1186030
-0.1409249
-0.1543285
-0.1526386
-0.1489651
-0.1574877
-0.1710205
-0.1664152
-0.1373086
-0.1140124
-0.1368307
-0.2053479
-0.2660489
-0.2627684
-0.1939959
-0.1024997
-0.0036979
0.1553026
0.4389131
0.8187268
1.1432207
1.2362258
1.0410113
0.6702479
0.3126538
0.0889231
-0.0093897
-0.0616671
-0.1238059
-0.1934574
-0.2442770
-0.2680611
-0.2792002
-0.2926852
-0.3096345
-0.3224255
-0.3265136
-0.3246188
-0.3221574
-0.3217507
-0.3223350
-0.3212468
-0.3159154
-0.3058094
-0.2950664
-0.2907402
-0.2941996
-0.2955711
-0.2822744
-0.2540163
-0.2245087
-0.2064465
-0.1988268
-0.1913017
-0.1771095
-0.1580448
-0.1387066
-0.1200513
-0.1002321
-0.0808857
-0.0699142
-0.0742639
-0.0891533
-0.0991315
-0.0938323
-0.0797334
-0.0717056
-0.0751861
-0.0821034
-0.0834147
-0.0799155
-0.0792373
-0.0854682
-0.0934953
-0.0935550
-0.0824289
-0.0693760
-0.0667608
-0.0741999
-0.0781270
-0.0698692
-0.0574725
-0.0545027
-0.0629553
-0.0740565
-0.0821052
-0.0900257
-0.1017650
-0.1143881
-0.1195528
-0.1131741
-0.1040418
-0.1081204
-0.1282676
-0.1451521
-0.1403772
-0.1253614
-0.1298273
-0.1589433
-0.1804545
-0.1625214
-0.1071621
-0.0331879
0.0614247
0.2050791
0.4234266
0.7054088
0.9832565
1.1451241
1.1001038
0.8607237
0.5521713
0.3163647
