0.0723153
0.0759843
0.0753462
0.0736318
0.0706121
0.0637174
0.0546759
0.0498316
0.0526155
0.0587146
0.0605247
0.0556198
0.0500596
0.0528433
0.0659482
0.0799469
0.0820713
0.0701236
0.0559869
0.0528420
0.0607848
0.0683813
0.0673561
0.0614970
0.0599322
0.0650349
0.0700098
0.0676987
0.0591911
0.0525166
0.0537386
0.0610107
0.0678500
0.0705580
0.0705201
0.0701288
0.0695190
0.0682267
0.0672929
0.0673257
0.0659374
0.0600376
0.0508309
0.0441501
0.0444721
0.0497401
0.0537741
0.0537779
0.0537227
0.0587866
0.0671880
0.0702359
0.0621285
0.0480916
0.0400019
0.0437439
0.0532619
0.0582101
0.0555240
0.0512447
0.0515763
0.0548245
0.0537664
0.0451053
0.0345325
0.0313623
0.0388652
0.0511174
0.0592433
0.0594016
0.0543360
0.0488835
0.0456629
0.0444259
0.0435629
0.0416488
0.0386634
0.0363696
0.0367059
0.0390753
0.0398992
0.0361505
0.0295364
0.0258652
0.0288595
0.0349142
0.0359571
0.0287285
0.0198584
0.0193895
0.0291693
0.0399914
0.0416021
0.0339114
0.0260566
0.0248558
0.0269645
0.0240634
0.0143508
0.0061785
0.0093151
0.0240149
0.0403657
0.0481230
0.0456149
0.0388478
0.0340216
0.0326793
0.0330057
0.0331647
0.0326086
0.0318806
0.0324940
0.0360720
0.0420672
0.0466735
0.0458996
0.0406749
0.0376100
0.0426999
0.0540373
0.0625653
0.0614969
0.0541170
0.0503357
0.0554039
0.0640031
0.0666762
0.0607088
0.0526581
0.0503364
0.0543219
0.0584375
0.0574842
0.0528967
0.0506496
0.0547140
0.0631776
0.0700593
0.0700373
0.0619370
0.0492602
0.0380077
0.0326831
0.0327563
0.0330693
0.0289127
0.0209029
0.0137302
0.0096737
0.0048016
-0.0067165
-0.0247477
-0.0415279
-0.0492306
-0.0487504
-0.0495340
-0.0601183
-0.0796809
-0.0998174
-0.1140793
-0.1243012
-0.1372063
-0.1561635
-0.1775772
-0.1949977
-0.2055605
-0.2121682
-0.2202131
-0.2325864
-0.2472269
-0.2588565
-0.2635026
-0.2623821
-0.2616883
-0.2675842
-0.2801428
-0.2922107
-0.2955802
-0.2892786
-0.2811645
-0.2801501
-0.2869627
-0.2939269
-0.2942960
-0.2902772
-0.2900852
-0.2973481
-0.3055404
-0.3044951
-0.2919092
-0.2766820
-0.2700669
-0.2744128
-0.2817518
-0.2830271
-0.2770636
-0.2698887
-0.2667886
-0.2668985
-0.2654665
-0.2596594
-0.2511392
-0.2437677
-0.2399483
-0.2390025
-0.2379431
-0.2334669
-0.2243354
-0.2130948
-0.2051808
-0.2046498
-0.2097353
-0.2134793
-0.2103023
-0.2020389
-0.1961198
-0.1971799
-0.2017514
-0.2027150
-0.1983976
-0.1950321
-0.1989568
-0.2075793
-0.2103612
-0.1997271
-0.1799894
-0.1640708
-0.1612885
-0.1692224
-0.1776701
-0.1792660
-0.1751592
-0.1711856
-0.1705792
-0.1713641
-0.1698185
-0.1650225
-0.1597991
-0.1579117
-0.1605636
-0.1650313
-0.1663420
-0.1610058
-0.1502943
-0.1400757
-0.1362707
-0.1392931
-0.1432251
-0.1417033
-0.1349705
-0.1300096
-0.1327698
-0.1410151
-0.1464045
-0.1438193
-0.1370175
-0.1336845
-0.1356525
-0.1362449
-0.1284246
-0.1141769
-0.1034593
-0.1033261
-0.1099663
-0.1132243
-0.1080939
-0.0992587
-0.0936486
-0.0910167
-0.0846533
-0.0710068
-0.0553461
-0.0456405
-0.0421598
-0.0362886
-0.0206622
0.0018543
0.0218168
0.0351578
0.0487424
0.0735990
0.1163398
0.1810364
0.2778176
0.4225170
0.6218367
0.8593011
1.1006393
1.3153008
1.4892530
1.6121486
1.6539215
1.5643289
1.3081057
0.9077851
0.4513256
0.0515022
-0.2118424
-0.3226407
-0.3166600
-0.2472218
-0.1582934
-0.0763414
-0.0130389
0.0308488
0.0613139
0.0846231
0.1017798
0.1096350
0.1076214
0.1016684
0.0997249
0.1038300
0.1084198
0.1072090
0.1007054
0.0957761
0.0980128
0.1055890
0.1111699
0.1094889
0.1024848
0.0969391
0.0974338
0.1018668
0.1036523
0.0978824
0.0853058
0.0709082
0.0593551
0.0518558
0.0465953
0.0412221
0.0348201
0.0284356
0.0246182
0.0259980
0.0326346
0.0397871
0.0395655
0.0272408
0.0068592
-0.0109525
-0.0187754
-0.0201046
-0.0258219
-0.0422059
-0.0634091
-0.0770579
-0.0769829
-0.0689678
-0.0635112
-0.0644234
-0.0661654
-0.0618679
-0.0516755
-0.0419439
-0.0374877
-0.0365248
-0.0331795
-0.0232321
-0.0067852
0.0129999
0.0318529
0.0455792
0.0518181
0.0522333
0.0520231
0.0553231
0.0607020
0.0625779
0.0579777
0.0508201
0.0479303
0.0511501
0.0554568
0.0558525
0.0543275
0.0574764
0.0671562
0.0761161
0.0750972
0.0636422
0.0515400
0.0485828
0.0543196
0.0596424
0.0579626
0.0524991
0.0513579
0.0570198
0.0631841
0.0623889
0.0548020
0.0478865
0.0480663
0.0544493
0.0610455
0.0636045
0.0629525
0.0622573
0.0628205
0.0633086
0.0620556
0.0588203
0.0544685
0.0501651
0.0472615
0.0469076
0.0488341
0.0511146
0.0523571
0.0540236
0.0590533
0.0672888
0.0733889
0.0712367
0.0609619
0.0502698
0.0474182
0.0530387
0.0600070
0.0615273
0.0580415
0.0551986
0.0560307
0.0572195
0.0537756
0.0459605
0.0399110
0.0414419
0.0503750
0.0612652
0.0686132
0.0705108
0.0680655
0.0631642
0.0575734
0.0530037
0.0503879
0.0489740
0.0473492
0.0458601
0.0468415
0.0512385
0.0557374
0.0552965
0.0492815
0.0435096
0.0443260
0.0509209
0.0555358
0.0523021
0.0444726
0.0409203
0.0456378
0.0529049
0.0541396
0.0480322
0.0415092
0.0406797
0.0434158
0.0427468
0.0363378
0.0299721
0.0310048
0.0401418
0.0510519
0.0571121
0.0568181
0.0528798
0.0483172
0.0448143
0.0434388
0.0444851
0.0462239
0.0457379
0.0423033
0.0387755
0.0378933
0.0378311
0.0339305
0.0257950
0.0203975
0.0252916
0.0388308
0.0499293
0.0493832
0.0401153
0.0337630
0.0370672
0.0441986
0.0442627
0.0347155
0.0242057
0.0216134
0.0252274
0.0255602
0.0180077
0.0093227
0.0098118
0.0208809
0.0329492
0.0358346
0.0290435
0.0205560
0.0169824
0.0172949
0.0163662
0.0122996
0.0083388
0.0082836
0.0120543
0.0162263
0.0174182
0.0141794
0.0068672
-0.0022627
-0.0088161
-0.0083830
-0.0008298
0.0080360
0.0110543
0.0068403
0.0013242
0.0010747
0.0056493
0.0080985
0.0033155
-0.0057111
-0.0113231
-0.0100593
-0.0060818
-0.0051414
-0.0068230
-0.0048200
0.0050350
0.0187470
0.0273943
0.0258559
0.0172398
0.0088500
0.0051975
0.0056699
0.0077503
0.0104733
0.0142675
0.0188963
0.0229824
0.0253244
0.0256868
0.0243805
0.0222309
0.0213184
0.0243394
0.0315988
0.0389306
0.0406348
0.0357853
0.0305659
0.0323024
0.0408119
0.0474352
0.0441445
0.0328429
0.0237291
0.0241088
0.0305707
0.0336335
0.0291013
0.0225160
0.0217135
0.0268357
0.0297946
0.0234490
0.0093520
-0.0046098
-0.0129853
-0.0174308
-0.0229893
-0.0319438
-0.0427393
-0.0538017
-0.0661122
-0.0812608
-0.0982906
-0.1138963
-0.1256301
-0.1340163
-0.1415339
-0.1505696
-0.1627501
-0.1789603
-0.1983056
-0.2171322
-0.2310353
-0.2393863
-0.2472022
-0.2606819
-0.2803266
-0.2997392
-0.3122770
-0.3180491
-0.3227433
-0.3296703
-0.3351686
-0.3336383
-0.3261744
-0.3214863
-0.3268236
-0.3392806
-0.3482320
-0.3466683
-0.3384806
-0.3334807
-0.3363589
-0.3424173
-0.3442264
-0.3405027
-0.3368257
-0.3382178
-0.3428568
-0.3438930
-0.3366236
-0.3229749
-0.3093205
-0.3009163
-0.2984934
-0.2990510
-0.2989420
-0.2965258
-0.2928528
-0.2900877
-0.2888275
-0.2869783
-0.2820747
-0.2749950
-0.2701690
-0.2706005
-0.2729881
-0.2699314
-0.2584757
-0.2453163
-0.2409467
-0.2477514
-0.2558063
-0.2527656
-0.2376788
-0.2226853
-0.2198461
-0.2279713
-0.2347508
-0.2315158
-0.2230185
-0.2208522
-0.2288460
-0.2379962
-0.2365698
-0.2230855
-0.2074199
-0.1999840
-0.2021026
-0.2074035
-0.2102791
-0.2107464
-0.2117304
-0.2143033
-0.2168913
-0.2177122
-0.2161608
-0.2121977
-0.2063343
-0.2008608
-0.1993925
-0.2033343
-0.2090950
-0.2107238
-0.2062664
-0.2003934
-0.1992335
-0.2028925
-0.2048607
-0.1997318
-0.1902659
-0.1849674
-0.1885802
-0.1967078
-0.2010569
-0.1990048
-0.1959111
-0.1974516
-0.2015390
-0.2000577
-0.1886584
-0.1727688
-0.1622688
-0.1609859
-0.1634894
-0.1626317
-0.1580216
-0.1547841
-0.1547057
-0.1519057
-0.1394083
-0.1185362
-0.0985948
-0.0861326
-0.0765466
-0.0586489
-0.0271985
0.0114390
0.0472279
0.0787258
0.1159717
0.1719008
0.2527641
0.3568762
0.4796633
0.6167039
0.7618743
0.9057832
1.0391778
1.1582163
1.2644220
1.3577691
1.4302724
1.4686648
1.4655791
1.4281946
1.3733590
1.3107815
1.2296595
1.1041184
0.9161953
0.6766473
0.4233212
0.1973095
0.0188161
-0.1156907
-0.2161137
-0.2824819
-0.3069189
-0.2884048
-0.2409037
-0.1850668
-0.1335623
-0.0862250
-0.0383754
0.0089840
0.0482119
0.0724010
0.0817818
0.0830712
0.0839127
0.0880393
0.0942025
0.0984184
0.0976728
0.0927404
0.0877604
0.0863924
0.0880911
0.0887602
0.0854865
0.0800331
0.0769065
0.0782973
0.0819085
0.0838471
0.0824300
0.0782207
0.0712172
0.0599678
0.0442539
0.0274363
0.0145777
0.0081857
0.0068248
0.0079495
0.0105099
0.0135680
0.0136026
0.0059716
-0.0097076
-0.0272725
-0.0394760
-0.0459265
-0.0535589
-0.0677372
-0.0840417
-0.0913754
-0.0840672
-0.0692331
-0.0602436
-0.0631355
-0.0712169
-0.0735588
-0.0668792
-0.0569829
-0.0491783
-0.0405198
-0.0239294
0.0010376
0.0247527
0.0366526
0.0366090
0.0348916
0.0404576
0.0513021
0.0581377
0.0565365
0.0524556
0.0543692
0.0620060
0.0662056
0.0607221
0.0514602
0.0508580
0.0630556
0.0775754
0.0801028
0.0686355
0.0560993
0.0558726
0.0667979
0.0750831
0.0706595
0.0586137
0.0524804
0.0579402
0.0666218
0.0670701
0.0590934
0.0539186
0.0601750
0.0730514
0.0799319
0.0755321
0.0679423
0.0682152
0.0763457
0.0809308
0.0730949
0.0578389
0.0489689
0.0534718
0.0638263
0.0672146
0.0605421
0.0535472
0.0566865
0.0684328
0.0768866
0.0734460
0.0624094
0.0557868
0.0599812
0.0696651
0.0748537
0.0719642
0.0662875
0.0643749
0.0662857
0.0664817
0.0612295
0.0532647
0.0487521
0.0508387
0.0571780
0.0632339
0.0666660
0.0680964
0.0687011
0.0684268
0.0667515
0.0641863
0.0620803
0.0610035
0.0600515
0.0581229
0.0555057
0.0536679
0.0535463
0.0546092
0.0558503
0.0571793
0.0590931
0.0609748
0.0606088
0.0562739
0.0492896
0.0436396
0.0423998
0.0447466
0.0471087
0.0472332
0.0462448
0.0461318
0.0460336
0.0426811
0.0351878
0.0281874
0.0283319
0.0371336
0.0484917
0.0546091
0.0540559
0.0525358
0.0551735
0.0595198
0.0580932
0.0478323
0.0349590
0.0287759
0.0313787
0.0357365
0.0348167
0.0308350
0.0330223
0.0459323
0.0621079
0.0684200
0.0595168
0.0433254
0.0325862
0.0322871
0.0368781
0.0389859
0.0380375
0.0385887
0.0418029
0.0421457
0.0343159
0.0217517
0.0151102
0.0210972
0.0344327
0.0429840
0.0407862
0.0340353
0.0331324
0.0402684
0.0472161
0.0456017
0.0369268
0.0301950
0.0303802
0.0322652
0.0274973
0.0162138
0.0085801
0.0136122
0.0281964
0.0393749
0.0374813
0.0252315
0.0131087
0.0074870
0.0054675
0.0011541
-0.0057054
-0.0094567
-0.0061056
0.0013346
0.0062131
0.0057265
0.0033741
0.0040524
0.0082606
0.0120099
0.0115650
0.0070469
0.0015861
-0.0017501
-0.0017540
0.0009301
0.0042692
0.0056428
0.0037096
0.0001384
-0.0014472
0.0007679
0.0046044
0.0067531
0.0077683
0.0123314
0.0229883
0.0345573
0.0374404
0.0279528
0.0140514
0.0084704
0.0156160
0.0268174
0.0298559
0.0223724
0.0140070
0.0150050
0.0246361
0.0327277
0.0320191
0.0264562
0.0257972
0.0334433
0.0422972
0.0434401
0.0368654
0.0312564
0.0332953
0.0396301
0.0411278
0.0339688
0.0239845
0.0191863
0.0199479
0.0189939
0.0111239
0.0006143
-0.0029379
0.0043507
0.0154838
0.0189630
0.0093036
-0.0093717
-0.0288878
-0.0442618
-0.0554918
-0.0645541
-0.0729187
-0.0818508
-0.0930356
-0.1074515
-0.1242092
-0.1416885
-0.1595769
-0.1783887
-0.1966482
-0.2102949
-0.2168116
-0.2196327
-0.2261588
-0.2398966
-0.2556599
-0.2647596
-0.2653814
-0.2659322
-0.2763444
-0.2966597
-0.3162910
-0.3253148
-0.3248940
-0.3247699
-0.3310300
-0.3387974
-0.3384102
-0.3275595
-0.3150417
-0.3118900
-0.3201433
-0.3315067
-0.3364022
-0.3328431
-0.3262622
-0.3222765
-0.3212392
-0.3197065
-0.3156276
-0.3108760
-0.3088612
-0.3104934
-0.3128599
-0.3116867
-0.3050544
-0.2950322
-0.2859095
-0.2806277
-0.2785611
-0.2765967
-0.2723292
-0.2660987
-0.2599328
-0.2549374
-0.2503394
-0.2451735
-0.2402292
-0.2375615
-0.2379925
-0.2395981
-0.2390088
-0.2341335
-0.2256631
-0.2164606
-0.2098915
-0.2081449
-0.2108634
-0.2147820
-0.2155297
-0.2110930
-0.2038321
-0.1983642
-0.1969909
-0.1977239
-0.1973823
-0.1960306
-0.1969644
-0.2018177
-0.2068529
-0.2056867
-0.1960475
-0.1829495
-0.1744675
-0.1745566
-0.1802883
-0.1855552
-0.1866295
-0.1842825
-0.1817549
-0.1815270
-0.1834961
-0.1852193
-0.1839229
-0.1792795
-0.1745899
-0.1741769
-0.1785023
-0.1823890
-0.1797655
-0.1708173
-0.1631081
-0.1640191
-0.1723051
-0.1787659
-0.1759993
-0.1663632
-0.1591122
-0.1603292
-0.1673472
-0.1732172
-0.1746551
-0.1739170
-0.1738011
-0.1732385
-0.1686131
-0.1578186
-0.1416793
-0.1225785
-0.1038022
-0.0897554
-0.0835099
-0.0819760
-0.0755810
-0.0567245
-0.0293351
-0.0064474
0.0050137
0.0155902
0.0451568
0.1022219
0.1752688
0.2487996
0.3262669
0.4306007
0.5781117
0.7551128
0.9264851
1.0685577
1.1884574
1.3066683
1.4233305
1.5091645
1.5330739
1.4942881
1.4205913
1.3338000
1.2222783
1.0526686
0.8089464
0.5175810
0.2342499
0.0078412
-0.1438989
-0.2309132
-0.2720194
-0.2811824
-0.2656980
-0.2297574
-0.1771938
-0.1135620
-0.0482239
0.0066781
0.0422679
0.0591609
0.0665600
0.0739540
0.0836247
0.0912511
0.0926916
0.0889471
0.0849531
0.0852392
0.0913852
0.1021347
0.1140542
0.1222497
0.1226172
0.1151285
0.1045907
0.0968066
0.0934433
0.0911611
0.0859718
0.0776899
0.0694186
0.0631726
0.0572326
0.0483694
0.0361912
0.0247220
0.0196330
0.0237268
0.0342085
0.0435670
0.0438526
0.0321360
0.0130780
-0.0046786
-0.0163453
-0.0255699
-0.0399563
-0.0612241
-0.0809490
-0.0878566
-0.0795144
-0.0653137
-0.0569896
-0.0571477
-0.0583199
-0.0525312
-0.0396683
-0.0258617
-0.0157336
-0.0084800
-0.0010089
0.0077963
0.0172715
0.0276464
0.0400329
0.0536364
0.0649963
0.0711682
0.0725845
0.0714504
0.0681564
0.0614817
0.0528842
0.0483967
0.0537688
0.0676336
0.0813685
0.0869219
0.0841214
0.0793809
0.0779062
0.0787353
0.0776570
0.0733363
0.0689858
0.0683210
0.0713779
0.0749274
0.0761444
0.0749974
0.0734279
0.0731650
0.0744369
0.0759642
0.0757797
0.0727910
0.0684036
0.0662529
0.0690776
0.0752806
0.0794074
0.0771650
0.0700519
0.0642100
0.0642515
0.0686772
0.0719076
0.0705434
0.0669178
0.0663569
0.0714731
0.0794012
0.0841674
0.0814193
0.0715508
0.0594673
0.0515818
0.0517619
0.0586283
0.0665355
0.0702014
0.0692118
0.0677454
0.0693159
0.0721138
0.0706138
0.0622901
0.0519370
0.0480626
0.0545781
0.0666728
0.0755348
0.0769506
0.0746161
0.0749128
0.0792465
0.0824269
0.0786373
0.0682129
0.0578196
0.0540111
0.0571554
0.0618811
0.0629334
0.0599364
0.0565977
0.0562906
0.0591505
0.0628582
0.0647937
0.0629635
0.0563555
0.0464925
0.0387994
0.0400974
0.0522504
0.0682765
0.0769883
0.0732025
0.0627805
0.0561071
0.0567751
0.0585846
0.0545487
0.0468901
0.0452843
0.0548899
0.0687600
0.0744829
0.0676859
0.0565594
0.0523253
0.0571932
0.0635055
0.0636767
0.0582866
0.0536554
0.0537105
0.0564861
0.0578876
0.0562599
0.0524030
0.0472797
0.0420100
0.0393863
0.0424894
0.0504449
0.0573045
0.0575132
0.0524556
0.0495661
0.0539106
0.0619023
0.0649314
0.0588854
0.0484673
0.0416470
0.0412351
0.0431592
0.0423135
0.0383428
0.0351938
0.0362352
0.0408826
0.0454128
0.0459037
0.0406139
0.0311073
0.0219496
0.0182291
0.0216580
0.0287724
0.0339810
0.0349294
0.0341086
0.0345226
0.0347322
0.0300331
0.0190710
0.0077521
0.0047054
0.0125490
0.0246866
0.0314154
0.0288143
0.0212817
0.0160664
0.0163469
0.0195081
0.0208327
0.0179561
0.0123101
0.0073989
0.0058782
0.0075209
0.0095772
0.0096446
0.0086824
0.0106251
0.0179829
0.0278425
0.0335187
0.0312175
0.0246291
0.0217319
0.0267227
0.0358621
0.0417491
0.0409908
0.0367956
0.0344155
0.0354000
0.0369317
0.0359048
0.0325405
0.0301411
0.0322289
0.0399325
0.0508902
0.0598692
0.0615423
0.0546582
0.0440644
0.0372349
0.0374373
0.0407498
0.0410617
0.0377871
0.0367077
0.0420421
0.0491956
0.0480978
0.0345523
0.0163798
0.0061730
0.0081075
0.0137131
0.0113913
-0.0013238
-0.0164314
-0.0255582
-0.0291645
-0.0348527
-0.0481196
-0.0667712
-0.0843997
-0.0974871
-0.1078801
-0.1191712
-0.1322925
-0.1449735
-0.1544774
-0.1602871
-0.1649303
-0.1730611
-0.1889714
-0.2130503
-0.2397933
-0.2606096
-0.2705995
-0.2730609
-0.2762004
-0.2846349
-0.2948965
-0.3003575
-0.3000110
-0.3004378
-0.3080442
-0.3205478
-0.3281871
-0.3238779
-0.3108632
-0.2992296
-0.2955595
-0.2974662
-0.2983192
-0.2955679
-0.2929499
-0.2951101
-0.3018294
-0.3082788
-0.3100392
-0.3069469
-0.3024258
-0.3000277
-0.3005517
-0.3014243
-0.2984336
-0.2891679
-0.2760824
-0.2658937
-0.2642819
-0.2702107
-0.2762762
-0.2758719
-0.2698059
-0.2646483
-0.2644571
-0.2658303
-0.2625794
-0.2543817
-0.2483233
-0.2507000
-0.2587061
-0.2623326
-0.2547456
-0.2393560
-0.2259124
-0.2207555
-0.2221715
-0.2245104
-0.2246067
-0.2232843
-0.2222982
-0.2219880
-0.2218768
-0.2216828
-0.2208250
-0.2182004
-0.2138465
-0.2101092
-0.2092772
-0.2098509
-0.2072140
-0.1995555
-0.1918133
-0.1911181
-0.1979310
-0.2041631
-0.2020504
-0.1935712
-0.1882512
-0.1913938
-0.1974633
-0.1973774
-0.1906058
-0.1862808
-0.1913287
-0.2005345
-0.2015452
-0.1892154
-0.1719869
-0.1628046
-0.1656720
-0.1732312
-0.1765722
-0.1744920
-0.1721699
-0.1730858
-0.1748974
-0.1731167
-0.1666640
-0.1587390
-0.1532837
-0.1516378
-0.1519335
-0.1504363
-0.1437366
-0.1313183
-0.1167914
-0.1054345
-0.0990471
-0.0933994
-0.0820851
-0.0633216
-0.0420315
-0.0246569
-0.0127167
-0.0020168
0.0134180
0.0392920
0.0831744
0.1555036
0.2649061
0.4119217
0.5888701
0.7857005
0.9929597
1.1972331
1.3772776
1.5114625
1.5918266
1.6258451
1.6168938
1.5423151
1.3598547
1.0476774
0.6433472
0.2392408
-0.0693843
-0.2405075
-0.2979807
-0.2958826
-0.2735749
-0.2405922
-0.1931481
-0.1341134
-0.0750323
-0.0257162
0.0111729
0.0359696
0.0485113
0.0517506
0.0549761
0.0674824
0.0877083
0.1024485
0.1003006
0.0850243
0.0724857
0.0737005
0.0834595
0.0877342
0.0807282
0.0712170
0.0711394
0.0806804
0.0876381
0.0812681
0.0639781
0.0478368
0.0411076
0.0405863
0.0372077
0.0269126
0.0144287
0.0074157
0.0089897
0.0162299
0.0239262
0.0278901
0.0252633
0.0142330
-0.0046337
-0.0271866
-0.0475062
-0.0619198
-0.0710474
-0.0775701
-0.0824012
-0.0837910
-0.0802983
-0.0738813
-0.0691767
-0.0694513
-0.0735350
-0.0769115
-0.0755617
-0.0684994
-0.0570831
-0.0431057
-0.0283661
-0.0153474
-0.0063940
-0.0009960
0.0052937
0.0172023
0.0339539
0.0482008
0.0525833
0.0477868
0.0427009
0.0453438
0.0542316
0.0602608
0.0572162
0.0486113
0.0428322
0.0428502
0.0434921
0.0396423
0.0345791
0.0370094
0.0496826
0.0639293
0.0680383
0.0602633
0.0507418
0.0495541
0.0551164
0.0569926
0.0496576
0.0401596
0.0399164
0.0503625
0.0600480
0.0572802
0.0437132
0.0329180
0.0355131
0.0479145
0.0570834
0.0549968
0.0462295
0.0412887
0.0448789
0.0524708
0.0571674
0.0571299
0.0552848
0.0537338
0.0510052
0.0450868
0.0373417
0.0320296
0.0323882
0.0381499
0.0465903
0.0547460
0.0603436
0.0620120
0.0600368
0.0565925
0.0538228
0.0513467
0.0468876
0.0402366
0.0354898
0.0374034
0.0452155
0.0519198
0.0513739
0.0455525
0.0427116
0.0476339
0.0553721
0.0566073
0.0487970
0.0396445
0.0382490
0.0443772
0.0489162
0.0449977
0.0360838
0.0310497
0.0326146
0.0340388
0.0287206
0.0206205
0.0214030
0.0362995
0.0555762
0.0631641
0.0537544
0.0387160
0.0334919
0.0407191
0.0484590
0.0451941
0.0335898
0.0268411
0.0324587
0.0433276
0.0468264
0.0407060
0.0360701
0.0434521
0.0587811
0.0666399
0.0576339
0.0395952
0.0293745
0.0347284
0.0471197
0.0529085
0.0487879
0.0432727
0.0438258
0.0466915
0.0424144
0.0297937
0.0199786
0.0244479
0.0409445
0.0547355
0.0544058
0.0438086
0.0363256
0.0387553
0.0442465
0.0421931
0.0322054
0.0246435
0.0272306
0.0347771
0.0353058
0.0253907
0.0156256
0.0187334
0.0339977
0.0466935
0.0437986
0.0281795
0.0152009
0.0159514
0.0261768
0.0326706
0.0286363
0.0201339
0.0172364
0.0214860
0.0246199
0.0193684
0.0088895
0.0035842
0.0092190
0.0202915
0.0261278
0.0224170
0.0150114
0.0122200
0.0151420
0.0173079
0.0134143
0.0061306
0.0026630
0.0055002
0.0090060
0.0064029
-0.0012065
-0.0050690
0.0013686
0.0144029
0.0235058
0.0224145
0.0149721
0.0093422
0.0083908
0.0082084
0.0057178
0.0042911
0.0090856
0.0181000
0.0219175
0.0145873
0.0027608
0.0003167
0.0129320
0.0305939
0.0380004
0.0315460
0.0229809
0.0252992
0.0376796
0.0472873
0.0450977
0.0361246
0.0320590
0.0363848
0.0408736
0.0374085
0.0296132
0.0292028
0.0414009
0.0576237
0.0647039
0.0595583
0.0517133
0.0511733
0.0567951
0.0590045
0.0526833
0.0438756
0.0421766
0.0485335
0.0537070
0.0494212
0.0386300
0.0322784
0.0362064
0.0438192
0.0434023
0.0315212
0.0166879
0.0090925
0.0087474
0.0060875
-0.0060018
-0.0234386
-0.0361071
-0.0406590
-0.0453054
-0.0604325
-0.0859419
-0.1103852
-0.1231217
-0.1254688
-0.1283198
-0.1397979
-0.1576349
-0.1742411
-0.1869492
-0.2006393
-0.2203608
-0.2439220
-0.2637017
-0.2750399
-0.2807628
-0.2868150
-0.2949433
-0.3012082
-0.3012785
-0.2956334
-0.2891244
-0.2865768
-0.2895882
-0.2965395
-0.3040131
-0.3082027
-0.3068722
-0.3015146
-0.2970054
-0.2973750
-0.3013257
-0.3030672
-0.2986491
-0.2908670
-0.2864978
-0.2885815
-0.2929208
-0.2931432
-0.2880163
-0.2818581
-0.2779265
-0.2740080
-0.2665417
-0.2578313
-0.2557443
-0.2644136
-0.2768911
-0.2801258
-0.2683101
-0.2496123
-0.2378741
-0.2381873
-0.2426838
-0.2409707
-0.2324607
-0.2261008
-0.2286272
-0.2361983
-0.2394703
-0.2352665
-0.2300343
-0.2308690
-0.2355681
-0.2344736
-0.2222467
-0.2053316
-0.1958887
-0.1990976
-0.2082934
-0.2127989
-0.2088329
-0.2016465
-0.1982116
-0.1999408
-0.2028827
-0.2031994
-0.2007745
-0.1978776
-0.1960175
-0.1949050
-0.1936668
-0.1920397
-0.1904742
-0.1897006
-0.1900029
-0.1901393
-0.1872700
-0.1796928
-0.1707336
-0.1683982
-0.1782260
-0.1954490
-0.2063911
-0.2005345
-0.1816445
-0.1649744
-0.1620246
-0.1690708
-0.1725207
-0.1651830
-0.1545564
-0.1533363
-0.1634472
-0.1728286
-0.1690602
-0.1537142
-0.1404034
-0.1388715
-0.1438582
-0.1415906
-0.1260776
-0.1063297
-0.0964624
-0.1000654
-0.1060329
-0.0997419
-0.0770627
-0.0470525
-0.0222042
-0.0071786
0.0039368
0.0219689
0.0561387
0.1127272
0.1984018
0.3228005
0.4951289
0.7144826
0.9607694
1.1967697
1.3855647
1.5124134
1.5898871
1.6352999
1.6372133
1.5462747
1.3094141
0.9242186
0.4640124
0.0456634
-0.2360457
-0.3539030
-0.3425462
-0.2591354
-0.1509358
-0.0490560
0.0256298
0.0637626
0.0736634
0.0761414
0.0858583
0.0986027
0.1004761
0.0884529
0.0766029
0.0798029
0.0954613
0.1065226
0.1018889
0.0883303
0.0793959
0.0767461
0.0687845
0.0482270
0.0247557
0.0148621
0.0211849
0.0286207
0.0236260
0.0124837
0.0139843
0.0339948
0.0536542
0.0477642
0.0129908
-0.0275502
-0.0491603
-0.0508319
-0.0520143
-0.0665001
-0.0857382
-0.0908962
-0.0773786
-0.0611394
-0.0595357
-0.0707184
-0.0764724
-0.0642942
-0.0417838
-0.0268539
-0.0265256
-0.0295730
-0.0205891
0.0021144
0.0253733
0.0365852
0.0366954
0.0364287
0.0421065
0.0488094
0.0483897
0.0415375
0.0386518
0.0480392
0.0652038
0.0760918
0.0714005
0.0563776
0.0452396
0.0463216
0.0543235
0.0578543
0.0530535
0.0473992
0.0496477
0.0583530
0.0630710
0.0570731
0.0462396
0.0428939
0.0513070
0.0621302
0.0629380
0.0528036
0.0435544
0.0460124
0.0575376
0.0656106
0.0627668
0.0546101
0.0514875
0.0547251
0.0550440
0.0454789
0.0325307
0.0306005
0.0451084
0.0644751
0.0716129
0.0623802
0.0495860
0.0478291
0.0569921
0.0635438
0.0574376
0.0440843
0.0373513
0.0426026
0.0505678
0.0493603
0.0397285
0.0346167
0.0432520
0.0590163
0.0660721
0.0572086
0.0419163
0.0354028
0.0417430
0.0506859
0.0508729
0.0429697
0.0372904
0.0398241
0.0444469
0.0409634
0.0288247
0.0192831
0.0229059
0.0372531
0.0493165
0.0496623
0.0417399
0.0362549
0.0382556
0.0422586
0.0401601
0.0314462
0.0234449
0.0221448
0.0253262
0.0261484
0.0221998
0.0187681
0.0227004
0.0345080
0.0476996
0.0552782
0.0556166
0.0520240
0.0481734
0.0453112
0.0434391
0.0433209
0.0459753
0.0505904
0.0542556
0.0543671
0.0509136
0.0461635
0.0426846
0.0420907
0.0448941
0.0501539
0.0550112
0.0559474
0.0519514
0.0463560
0.0442213
0.0470819
0.0509104
0.0503479
0.0448391
0.0393136
0.0382272
0.0402403
0.0405001
0.0378217
0.0371419
0.0431747
0.0529010
0.0571520
0.0506940
0.0390028
0.0328698
0.0364530
0.0428493
0.0426992
0.0354909
0.0296415
0.0312420
0.0357777
0.0337502
0.0235073
0.0148513
0.0179713
0.0306989
0.0399097
0.0361304
0.0243042
0.0179029
0.0232452
0.0324672
0.0332026
0.0231733
0.0123865
0.0108441
0.0169185
0.0201368
0.0144380
0.0057335
0.0049584
0.0150732
0.0271609
0.0298555
0.0211937
0.0098080
0.0048916
0.0067876
0.0084601
0.0050770
-0.0000451
0.0001896
0.0076949
0.0163789
0.0186075
0.0133711
0.0069743
0.0058709
0.0100671
0.0143627
0.0152732
0.0150120
0.0179954
0.0246727
0.0304696
0.0309243
0.0265420
0.0217939
0.0201323
0.0212046
0.0228801
0.0246141
0.0277345
0.0329053
0.0387134
0.0433029
0.0464284
0.0488350
0.0501486
0.0489902
0.0456297
0.0430236
0.0437254
0.0463163
0.0467263
0.0436433
0.0410397
0.0436348
0.0502846
0.0540693
0.0502624
0.0429486
0.0413156
0.0488390
0.0582420
0.0591953
0.0502185
0.0403795
0.0384016
0.0422358
0.0416715
0.0305848
0.0138084
0.0005570
-0.0070082
-0.0157461
-0.0317429
-0.0512908
-0.0643437
-0.0666148
-0.0655642
-0.0728622
-0.0922399
-0.1166891
-0.1372223
-0.1521310
-0.1666316
-0.1850605
-0.2056916
-0.2235016
-0.2363158
-0.2467677
-0.2585676
-0.2722159
-0.2848423
-0.2933158
-0.2967169
-0.2964452
-0.2951311
-0.2953119
-0.2977776
-0.3006226
-0.3010031
-0.2988375
-0.2980117
-0.3023611
-0.3103464
-0.3153710
-0.3127591
-0.3057711
-0.3027776
-0.3076556
-0.3144020
-0.3132311
-0.3019942
-0.2895247
-0.2863668
-0.2933849
-0.3014138
-0.3018323
-0.2952428
-0.2887358
-0.2864544
-0.2853652
-0.2804854
-0.2720149
-0.2653467
-0.2644610
-0.2672414
-0.2681635
-0.2643746
-0.2577230
-0.2514703
-0.2469883
-0.2440993
-0.2426948
-0.2423281
-0.2411236
-0.2372443
-0.2318740
-0.2291145
-0.2316288
-0.2370219
-0.2399289
-0.2377689
-0.2330624
-0.2292598
-0.2256578
-0.2187334
-0.2086874
-0.2019415
-0.2045828
-0.2140667
-0.2203387
-0.2164175
-0.2061833
-0.1998953
-0.2026800
-0.2094625
-0.2117592
-0.2077405
-0.2037290
-0.2059450
-0.2127550
-0.2165319
-0.2124289
-0.2034850
-0.1967084
-0.1956890
-0.1981809
-0.1999111
-0.1990688
-0.1970565
-0.1962776
-0.1979577
-0.2015141
-0.2052488
-0.2076180
-0.2082359
-0.2078710
-0.2073388
-0.2061734
-0.2025519
-0.1952268
-0.1859801
-0.1794831
-0.1795198
-0.1850545
-0.1907028
-0.1914204
-0.1864585
-0.1789363
-0.1723918
-0.1679365
-0.1639245
-0.1578279
-0.1488212
-0.1388181
-0.1304766
-0.1238177
-0.1153225
-0.1010836
-0.0809042
-0.0588592
-0.0395574
-0.0240097
-0.0093688
0.0079115
0.0302917
0.0611465
0.1061118
0.1688373
0.2455575
0.3285727
0.4180768
0.5266466
0.6654710
0.8254083
0.9778123
1.0993268
1.1941183
1.2858858
1.3857018
1.4717606
1.5063171
1.4731170
1.3935836
1.3029691
1.2130964
1.1023944
0.9410445
0.7213332
0.4645143
0.2061030
-0.0204950
-0.1916745
-0.2964025
-0.3376636
-0.3301142
-0.2927141
-0.2407969
-0.1830731
-0.1244168
-0.0699934
-0.0253137
0.0077222
0.0322241
0.0512974
0.0632320
0.0651976
0.0608247
0.0591306
0.0645469
