0.1114006
0.1212303
0.1108834
0.1117020
0.1228040
0.1200854
0.1024457
0.0927521
0.0980487
0.1007713
0.0900527
0.0757401
0.0681754
0.0641760
0.0564489
0.0421709
0.0213357
-0.0013811
-0.0151247
-0.0151706
-0.0136657
-0.0261175
-0.0504527
-0.0714848
-0.0832240
-0.0945572
-0.1139488
-0.1391443
-0.1623731
-0.1784025
-0.1879169
-0.1976371
-0.2142790
-0.2344706
-0.2458702
-0.2433522
-0.2381743
-0.2445521
-0.2619603
-0.2774157
-0.2817051
-0.2772917
-0.2725631
-0.2730298
-0.2769272
-0.2775263
-0.2719922
-0.2675524
-0.2735276
-0.2868675
-0.2928899
-0.2833152
-0.2672276
-0.2599032
-0.2651552
-0.2728713
-0.2715817
-0.2605477
-0.2502221
-0.2510912
-0.2612393
-0.2673157
-0.2605692
-0.2483129
-0.2438576
-0.2475956
-0.2458165
-0.2291276
-0.2054953
-0.1918767
-0.1961411
-0.2096710
-0.2167067
-0.2100887
-0.1975692
-0.1915185
-0.1934109
-0.1928967
-0.1833765
-0.1725464
-0.1726133
-0.1836750
-0.1927474
-0.1886173
-0.1733560
-0.1587407
-0.1538656
-0.1569347
-0.1585518
-0.1530521
-0.1454125
-0.1447713
-0.1522882
-0.1596641
-0.1602421
-0.1570447
-0.1574624
-0.1631361
-0.1679600
-0.1649027
-0.1533442
-0.1403840
-0.1349116
-0.1390757
-0.1461284
-0.1482991
-0.1455120
-0.1437081
-0.1458559
-0.1485205
-0.1475773
-0.1439053
-0.1420339
-0.1448270
-0.1502776
-0.1528674
-0.1485255
-0.1390772
-0.1308728
-0.1282316
-0.1296748
-0.1313258
-0.1315534
-0.1305751
-0.1280895
-0.1241758
-0.1210362
-0.1209442
-0.1229215
-0.1235290
-0.1207628
-0.1156995
-0.1102419
-0.1040153
-0.0939872
-0.0781605
-0.0602528
-0.0484797
-0.0466205
-0.0474548
-0.0393817
-0.0201461
0.0002629
0.0124717
0.0201149
0.0361967
0.0688967
0.1148446
0.1673444
0.2285947
0.3104154
0.4218156
0.5582473
0.7061502
0.8564663
1.0079485
1.1557563
1.2840109
1.3769178
1.4348967
1.4717854
1.4942332
1.4897019
1.4388772
1.3365960
1.1951581
1.0272198
0.8317126
0.6026859
0.3514863
0.1133043
-0.0739595
-0.1961477
-0.2648649
-0.2961574
-0.2949536
-0.2621344
-0.2083219
-0.1517904
-0.1032770
-0.0592322
-0.0126647
0.0328890
0.0643801
0.0743917
0.0718947
0.0744861
0.0899386
0.1086467
0.1160510
0.1097339
0.1009205
0.1006175
0.1085928
0.1167353
0.1196231
0.1191039
0.1195452
0.1209444
0.1180291
0.1064346
0.0890564
0.0747329
0.0700263
0.0733807
0.0777430
0.0771391
0.0697466
0.0569967
0.0426517
0.0321696
0.0298440
0.0347556
0.0400072
0.0372126
0.0230520
0.0022541
-0.0164587
-0.0285309
-0.0372872
-0.0481934
-0.0602892
-0.0662060
-0.0614868
-0.0512943
-0.0456666
-0.0489221
-0.0554324
-0.0559653
-0.0473709
-0.0355146
-0.0284999
-0.0274608
-0.0253750
-0.0154726
0.0009782
0.0170307
0.0288614
0.0393330
0.0523948
0.0663632
0.0747000
0.0732964
0.0659181
0.0614258
0.0649571
0.0724445
0.0753847
0.0710797
0.0660007
0.0677887
0.0757975
0.0818043
0.0794915
0.0711738
0.0648195
0.0656682
0.0713918
0.0750211
0.0720257
0.0642585
0.0573683
0.0555918
0.0596135
0.0676813
0.0764227
0.0812191
0.0789009
0.0712626
0.0639395
0.0604126
0.0586053
0.0551510
0.0521130
0.0568551
0.0736573
0.0961249
0.1102325
0.1069699
0.0916806
0.0786836
0.0760147
0.0778466
0.0736511
0.0623698
0.0537286
0.0556756
0.0643005
0.0685287
0.0632724
0.0551860
0.0546250
0.0634380
0.0727278
0.0730179
0.0647330
0.0568799
0.0565276
0.0622845
0.0681463
0.0705810
0.0700494
0.0678193
0.0642080
0.0596548
0.0552575
0.0515800
0.0482762
0.0459143
0.0474499
0.0560847
0.0705086
0.0832373
0.0861369
0.0786432
0.0687426
0.0641217
0.0637857
0.0609182
0.0532213
0.0468311
0.0484930
0.0563088
0.0611534
0.0572703
0.0492943
0.0471835
0.0546614
0.0645470
0.0666761
0.0592965
0.0505644
0.0489236
0.0544100
0.0603531
0.0612871
0.0570530
0.0506346
0.0450713
0.0428512
0.0456587
0.0525129
0.0587125
0.0588910
0.0526511
0.0464201
0.0474520
0.0550599
0.0597920
0.0536695
0.0403978
0.0324134
0.0370958
0.0484990
0.0545771
0.0508750
0.0442346
0.0428159
0.0451816
0.0419099
0.0280424
0.0113547
0.0056721
0.0161296
0.0334881
0.0440976
0.0434362
0.0378873
0.0347965
0.0341376
0.0306281
0.0215397
0.0103264
0.0030022
0.0024231
0.0065757
0.0116420
0.0156736
0.0191696
0.0232379
0.0282163
0.0333543
0.0363683
0.0337397
0.0237045
0.0098191
-0.0002633
-0.0014056
0.0039969
0.0087494
0.0083859
0.0050007
0.0036165
0.0058623
0.0082374
0.0066770
0.0019207
-0.0007152
0.0031461
0.0127790
0.0239333
0.0329168
0.0378961
0.0377991
0.0327441
0.0257684
0.0215902
0.0219582
0.0233152
0.0209272
0.0154018
0.0134448
0.0207230
0.0344228
0.0449308
0.0461714
0.0428178
0.0446509
0.0538530
0.0611738
0.0569073
0.0437143
0.0350741
0.0404827
0.0547335
0.0638001
0.0603986
0.0513571
0.0486551
0.0549143
0.0605207
0.0557182
0.0429955
0.0347781
0.0393814
0.0519864
0.0604360
0.0580106
0.0488249
0.0415644
0.0399150
0.0397588
0.0347798
0.0235617
0.0106399
0.0010407
-0.0052250
-0.0128996
-0.0264204
-0.0456194
-0.0658403
-0.0816259
-0.0907506
-0.0956218
-0.1010466
-0.1104655
-0.1242794
-0.1412526
-0.1602234
-0.1799501
-0.1986546
-0.2152482
-0.2306322
-0.2463012
-0.2614031
-0.2725143
-0.2774748
-0.2790608
-0.2833650
-0.2934456
-0.3051402
-0.3109386
-0.3087328
-0.3051500
-0.3083673
-0.3183356
-0.3265152
-0.3257941
-0.3185290
-0.3132752
-0.3149321
-0.3202834
-0.3232212
-0.3222915
-0.3215832
-0.3247887
-0.3301441
-0.3320346
-0.3266137
-0.3147036
-0.3000307
-0.2867823
-0.2790552
-0.2797271
-0.2872192
-0.2944476
-0.2941054
-0.2859998
-0.2774262
-0.2749639
-0.2769491
-0.2758010
-0.2677300
-0.2581640
-0.2557994
-0.2617369
-0.2668198
-0.2612507
-0.2457333
-0.2310131
-0.2263837
-0.2305905
-0.2347902
-0.2326878
-0.2260708
-0.2211864
-0.2216981
-0.2257632
-0.2288762
-0.2285325
-0.2262640
-0.2258585
-0.2297339
-0.2362170
-0.2396138
-0.2337950
-0.2178224
-0.1989242
-0.1881995
-0.1911392
-0.2022699
-0.2104944
-0.2099435
-0.2045051
-0.2015848
-0.2030469
-0.2036824
-0.1980833
-0.1874785
-0.1790247
-0.1788840
-0.1867382
-0.1967824
-0.2028173
-0.2019242
-0.1948632
-0.1851606
-0.1777418
-0.1759992
-0.1785698
-0.1800621
-0.1766728
-0.1709402
-0.1695487
-0.1759477
-0.1859332
-0.1912995
-0.1878470
-0.1793217
-0.1731080
-0.1722114
-0.1721505
-0.1661696
-0.1530509
-0.1389904
-0.1316435
-0.1327109
-0.1363969
-0.1347660
-0.1245410
-0.1090117
-0.0937272
-0.0808818
-0.0684207
-0.0541552
-0.0391689
-0.0263003
-0.0163218
-0.0068906
0.0054665
0.0241332
0.0530537
0.0962171
0.1547535
0.2255647
0.3051031
0.3949427
0.5014681
0.6278717
0.7670344
0.9049767
1.0323993
1.1505278
1.2631838
1.3646485
1.4394655
1.4755369
1.4743876
1.4457621
1.3935382
1.3101208
1.1847193
1.0141416
0.8045564
0.5669194
0.3165526
0.0781366
-0.1151765
-0.2362344
-0.2817979
-0.2747429
-0.2457404
-0.2119221
-0.1729400
-0.1245356
-0.0712612
-0.0245715
0.0083418
0.0301935
0.0482094
0.0658736
0.0815196
0.0932466
0.1019170
0.1082112
0.1092782
0.1017361
0.0883396
0.0786847
0.0807469
0.0923428
0.1031133
0.1053652
0.1013135
0.0984797
0.0991007
0.0964925
0.0830772
0.0607367
0.0408285
0.0330839
0.0360145
0.0399167
0.0385001
0.0350983
0.0366234
0.0433104
0.0465588
0.0370138
0.0137578
-0.0146153
-0.0371584
-0.0486164
-0.0518188
-0.0540187
-0.0611551
-0.0737591
-0.0862863
-0.0906595
-0.0829311
-0.0681048
-0.0572383
-0.0576536
-0.0656104
-0.0697589
-0.0622484
-0.0457316
-0.0293061
-0.0187891
-0.0121130
-0.0037493
0.0080907
0.0197095
0.0265995
0.0283440
0.0285459
0.0311361
0.0376027
0.0466737
0.0548926
0.0578023
0.0529650
0.0432709
0.0360303
0.0367759
0.0436619
0.0491365
0.0477641
0.0417850
0.0382557
0.0410070
0.0464358
0.0477611
0.0427824
0.0363718
0.0351780
0.0407325
0.0481951
0.0511883
0.0473329
0.0398062
0.0344944
0.0352821
0.0409060
0.0460625
0.0463385
0.0424829
0.0393708
0.0404374
0.0437462
0.0444270
0.0409609
0.0378982
0.0411600
0.0506937
0.0590766
0.0584369
0.0483982
0.0363418
0.0301382
0.0316773
0.0372949
0.0426352
0.0458197
0.0469246
0.0464115
0.0447008
0.0422515
0.0391494
0.0350040
0.0301953
0.0272515
0.0297260
0.0384199
0.0489126
0.0543165
0.0514246
0.0436265
0.0370979
0.0346791
0.0343866
0.0333698
0.0316525
0.0313241
0.0331862
0.0355543
0.0363753
0.0355465
0.0345848
0.0345035
0.0348454
0.0348476
0.0346589
0.0347663
0.0348468
0.0342506
0.0334590
0.0337863
0.0351856
0.0355028
0.0329613
0.0287643
0.0258848
0.0251914
0.0240860
0.0199591
0.0144390
0.0127991
0.0184071
0.0283167
0.0353325
0.0345982
0.0276029
0.0197951
0.0153743
0.0149470
0.0169261
0.0193946
0.0206981
0.0200549
0.0185712
0.0185788
0.0206517
0.0217721
0.0181735
0.0106776
0.0058685
0.0100923
0.0220008
0.0325536
0.0337065
0.0265455
0.0194753
0.0185511
0.0213558
0.0211762
0.0155726
0.0088246
0.0061911
0.0078051
0.0093335
0.0076504
0.0043391
0.0034484
0.0068690
0.0125751
0.0167707
0.0168333
0.0125252
0.0058686
0.0005309
0.0000064
0.0046388
0.0104878
0.0126092
0.0099975
0.0062272
0.0045399
0.0034915
-0.0008549
-0.0085598
-0.0136380
-0.0099211
0.0012824
0.0110911
0.0115470
0.0034872
-0.0050338
-0.0076587
-0.0056518
-0.0048504
-0.0084362
-0.0140182
-0.0170235
-0.0153844
-0.0109300
-0.0076082
-0.0087780
-0.0148004
-0.0218949
-0.0240483
-0.0181271
-0.0080238
-0.0023227
-0.0058339
-0.0133892
-0.0140398
-0.0027820
0.0129868
0.0205821
0.0154761
0.0057905
0.0027313
0.0083508
0.0147164
0.0145710
0.0103172
0.0111097
0.0222392
0.0392862
0.0529078
0.0577795
0.0558370
0.0520882
0.0495727
0.0487993
0.0499065
0.0532314
0.0580672
0.0626171
0.0657370
0.0677165
0.0687918
0.0679675
0.0646324
0.0610749
0.0617177
0.0686507
0.0784020
0.0844899
0.0836423
0.0786606
0.0745265
0.0725825
0.0699295
0.0643208
0.0577782
0.0541998
0.0542972
0.0544192
0.0505063
0.0421869
0.0326028
0.0250081
0.0201444
0.0161809
0.0099316
-0.0017721
-0.0200331
-0.0416272
-0.0596526
-0.0689571
-0.0720169
-0.0778130
-0.0929574
-0.1144661
-0.1333327
-0.1454160
-0.1563569
-0.1738417
-0.1964269
-0.2132767
-0.2162332
-0.2101366
-0.2086517
-0.2199779
-0.2389560
-0.2542717
-0.2613748
-0.2657532
-0.2741068
-0.2856572
-0.2940140
-0.2956649
-0.2936412
-0.2927230
-0.2936301
-0.2935253
-0.2908116
-0.2871404
-0.2846297
-0.2831807
-0.2817651
-0.2809410
-0.2818970
-0.2831263
-0.2805426
-0.2725174
-0.2634137
-0.2597226
-0.2626089
-0.2664020
-0.2654831
-0.2608871
-0.2579238
-0.2578384
-0.2547080
-0.2424093
-0.2234307
-0.2082292
-0.2049987
-0.2114261
-0.2177463
-0.2170439
-0.2108673
-0.2049752
-0.2019649
-0.1996849
-0.1956317
-0.1904669
-0.1866429
-0.1851580
-0.1848920
-0.1843955
-0.1829517
-0.1799807
-0.1749565
-0.1688473
-0.1646345
-0.1647069
-0.1675869
-0.1688384
-0.1663139
-0.1634134
-0.1652729
-0.1717700
-0.1764096
-0.1735452
-0.1655144
-0.1604201
-0.1625173
-0.1667311
-0.1643946
-0.1537661
-0.1427597
-0.1403983
-0.1469911
-0.1544917
-0.1560985
-0.1532625
-0.1522162
-0.1553988
-0.1587798
-0.1577092
-0.1531764
-0.1507265
-0.1540122
-0.1610118
-0.1666229
-0.1675474
-0.1639869
-0.1579095
-0.1514698
-0.1470176
-0.1465684
-0.1497136
-0.1528649
-0.1524237
-0.1490097
-0.1470880
-0.1495179
-0.1535339
-0.1535462
-0.1475174
-0.1387867
-0.1309152
-0.1223176
-0.1081475
-0.0877341
-0.0680705
-0.0575665
-0.0559347
-0.0520643
-0.0340865
-0.0020472
0.0310313
0.0530310
0.0686743
0.1000989
0.1685189
0.2737242
0.3937016
0.5079959
0.6217674
0.7625136
0.9486906
1.1622170
1.3560571
1.4896712
1.5517336
1.5436307
1.4466052
1.2210387
0.8519239
0.3954977
-0.0308148
-0.3179700
-0.4329870
-0.4231640
-0.3602823
-0.2853802
-0.2028734
-0.1126236
-0.0321778
0.0153066
0.0258862
0.0188668
0.0164151
0.0244652
0.0349067
0.0411131
0.0456945
0.0536546
0.0634029
0.0680363
0.0638629
0.0543913
0.0455446
0.0392441
0.0330353
0.0247179
0.0154084
0.0078287
0.0028599
-0.0011829
-0.0058992
-0.0100649
-0.0102456
-0.0048046
0.0024737
0.0035791
-0.0072995
-0.0275740
-0.0472804
-0.0580486
-0.0616219
-0.0681102
-0.0844602
-0.1055025
-0.1186170
-0.1177951
-0.1109105
-0.1108571
-0.1202019
-0.1274553
-0.1199394
-0.0986566
-0.0779857
-0.0706344
-0.0750506
-0.0788477
-0.0729525
-0.0599135
-0.0484472
-0.0427374
-0.0392917
-0.0331436
-0.0242433
-0.0167671
-0.0138931
-0.0149572
-0.0170626
-0.0176008
-0.0149376
-0.0085210
0.0000496
0.0067837
0.0082517
0.0056279
0.0044717
0.0089586
0.0167278
0.0211569
0.0191709
0.0150858
0.0151466
0.0192978
0.0211309
0.0170381
0.0130613
0.0192950
0.0369015
0.0535275
0.0546243
0.0392269
0.0219472
0.0179280
0.0274304
0.0374918
0.0380659
0.0331475
0.0340870
0.0442226
0.0541403
0.0532032
0.0428517
0.0353680
0.0398611
0.0524563
0.0617787
0.0620879
0.0582079
0.0577424
0.0615628
0.0640801
0.0614069
0.0562225
0.0538628
0.0557924
0.0588873
0.0603665
0.0611932
0.0639909
0.0692690
0.0752012
0.0803465
0.0846255
0.0872950
0.0859955
0.0797334
0.0722036
0.0698322
0.0753868
0.0846845
0.0910126
0.0921976
0.0915546
0.0918086
0.0906011
0.0843723
0.0758243
0.0740061
0.0846267
0.1016075
0.1114579
0.1072210
0.0961350
0.0913857
0.0971421
0.1045818
0.1035823
0.0955758
0.0915305
0.0975112
0.1060997
0.1051208
0.0935203
0.0845118
0.0909389
0.1096517
0.1237992
0.1210707
0.1069186
0.0975895
0.1015089
0.1108458
0.1123914
0.1039037
0.0962824
0.0995820
0.1102256
0.1148598
0.1061107
0.0915352
0.0854978
0.0937228
0.1080436
0.1161933
0.1144275
0.1091411
0.1076392
0.1100693
0.1110858
0.1073340
0.1010873
0.0967873
0.0960359
0.0969511
0.0971758
0.0959693
0.0937999
0.0917558
0.0919181
0.0964725
0.1044758
0.1101162
0.1068954
0.0951166
0.0838058
0.0826631
0.0915785
0.0999725
0.0979993
0.0874202
0.0793485
0.0811393
0.0878337
0.0884468
0.0796057
0.0700652
0.0705502
0.0810489
0.0906591
0.0899426
0.0809941
0.0737378
0.0736999
0.0761611
0.0730375
0.0633275
0.0543775
0.0530411
0.0578582
0.0613473
0.0589415
0.0537063
0.0519177
0.0555203
0.0602388
0.0606268
0.0556170
0.0488441
0.0446642
0.0447313
0.0477697
0.0512761
0.0531441
0.0527281
0.0512176
0.0504875
0.0506651
0.0491924
0.0438106
0.0370789
0.0363318
0.0468133
0.0644280
0.0773446
0.0768953
0.0666775
0.0589721
0.0614259
0.0689136
0.0703641
0.0627890
0.0555774
0.0593223
0.0723461
0.0816456
0.0779707
0.0672681
0.0643294
0.0755607
0.0911285
0.0959249
0.0865683
0.0747045
0.0733556
0.0828043
0.0919938
0.0923144
0.0867001
0.0841867
0.0880838
0.0923970
0.0897126
0.0800200
0.0703675
0.0672413
0.0711350
0.0779371
0.0831109
0.0836179
0.0780746
0.0678734
0.0579714
0.0537023
0.0549941
0.0551190
0.0475408
0.0339955
0.0234552
0.0217421
0.0238149
0.0188823
0.0031476
-0.0151799
-0.0253238
-0.0268186
-0.0300950
-0.0438513
-0.0645597
-0.0808517
-0.0872564
-0.0905671
-0.1015596
-0.1226152
-0.1459884
-0.1637204
-0.1763069
-0.1899688
-0.2071604
-0.2228275
-0.2308008
-0.2318033
-0.2331125
-0.2407479
-0.2538043
-0.2668652
-0.2762825
-0.2825849
-0.2874850
-0.2906933
-0.2907007
-0.2876514
-0.2839648
-0.2820689
-0.2825591
-0.2848736
-0.2885645
-0.2926989
-0.2946202
-0.2912897
-0.2828979
-0.2740733
-0.2698495
-0.2703352
-0.2707154
-0.2671537
-0.2614865
-0.2585885
-0.2595263
-0.2594818
-0.2537481
-0.2444047
-0.2384582
-0.2387187
-0.2387704
-0.2295244
-0.2105726
-0.1925455
-0.1866312
-0.1928510
-0.2005772
-0.2004437
-0.1936157
-0.1881943
-0.1882243
-0.1890611
-0.1841671
-0.1741462
-0.1665799
-0.1670875
-0.1727172
-0.1753183
-0.1702076
-0.1599442
-0.1501627
-0.1438326
-0.1403589
-0.1384456
-0.1375912
-0.1369142
-0.1347579
-0.1309069
-0.1281263
-0.1295214
-0.1341838
-0.1372681
-0.1355814
-0.1317996
-0.1309881
-0.1330722
-0.1314781
-0.1212635
-0.1072735
-0.1010833
-0.1086120
-0.1225905
-0.1295007
-0.1237499
-0.1130003
-0.1088036
-0.1138314
-0.1204247
-0.1210841
-0.1174450
-0.1171765
-0.1236203
-0.1313249
-0.1323706
-0.1250905
-0.1150267
-0.1083508
-0.1063744
-0.1066053
-0.1070529
-0.1077814
-0.1090009
-0.1097536
-0.1092361
-0.1080364
-0.1066972
-0.1037707
-0.0971699
-0.0877191
-0.0794017
-0.0745103
-0.0696870
-0.0592257
-0.0426779
-0.0267935
-0.0178491
-0.0130284
-0.0019845
0.0226793
0.0592907
0.1039156
0.1620524
0.2500328
0.3832633
0.5642911
0.7820153
1.0174998
1.2454896
1.4331780
1.5481985
1.5755456
1.5228564
1.3997160
1.1916968
0.8692616
0.4386834
-0.0148420
-0.3518339
-0.4680120
-0.3722062
-0.1776064
-0.0132795
0.0614779
0.0688849
0.0595406
0.0603343
0.0682087
0.0745088
0.0795724
0.0850911
0.0850503
0.0722885
0.0505569
0.0329402
0.0272318
0.0274004
0.0220887
0.0087253
-0.0043139
-0.0085400
-0.0045039
0.0008249
0.0026207
0.0013436
-0.0014045
-0.0067961
-0.0173411
-0.0331870
-0.0514366
-0.0687075
-0.0832018
-0.0944069
-0.1021037
-0.1063404
-0.1075825
-0.1059751
-0.1009583
-0.0928784
-0.0849169
-0.0815092
-0.0832445
-0.0841191
-0.0761657
-0.0579271
-0.0372291
-0.0239759
-0.0200917
-0.0176899
-0.0077909
0.0097762
0.0259259
0.0314788
0.0258697
0.0166679
0.0117223
0.0129205
0.0169706
0.0202541
0.0219320
0.0235588
0.0273264
0.0344691
0.0437026
0.0505737
0.0498228
0.0402890
0.0275998
0.0203917
0.0225502
0.0295640
0.0336524
0.0323622
0.0306035
0.0334989
0.0388073
0.0387250
0.0294701
0.0171540
0.0125238
0.0202094
0.0342644
0.0443073
0.0450832
0.0397599
0.0350414
0.0344134
0.0361158
0.0363516
0.0334246
0.0290736
0.0266588
0.0280575
0.0315918
0.0330074
0.0296293
0.0241951
0.0235017
0.0316539
0.0445335
0.0523216
0.0485611
0.0365351
0.0261381
0.0245622
0.0304768
0.0370138
0.0392455
0.0378800
0.0362962
0.0356853
0.0341051
0.0296676
0.0234806
0.0192197
0.0202459
0.0269417
0.0360490
0.0425728
0.0434589
0.0402640
0.0377071
0.0386543
0.0406576
0.0384903
0.0305443
0.0218212
0.0193655
0.0246370
0.0314713
0.0323703
0.0262904
0.0193203
0.0180162
0.0233583
0.0313628
0.0377970
0.0407910
0.0399873
0.0358459
0.0307429
0.0288331
0.0324829
0.0387474
0.0412026
0.0364758
0.0281691
0.0229127
0.0227686
0.0234118
0.0207770
0.0177613
0.0216677
0.0346610
0.0491139
0.0544395
0.0479499
0.0371456
0.0310363
0.0308833
0.0307419
0.0261035
0.0197042
0.0178279
0.0222643
0.0279120
0.0285163
0.0232517
0.0168576
0.0144939
0.0177458
0.0247559
0.0320930
0.0360870
0.0344473
0.0285044
0.0232194
0.0228584
0.0259694
0.0262103
0.0197261
0.0109279
0.0085496
0.0150862
0.0222804
0.0197655
0.0079267
-0.0007356
0.0052003
0.0229280
0.0375725
0.0372786
0.0243082
0.0107831
0.0054858
0.0067772
0.0076472
0.0047802
0.0009181
-0.0002733
0.0010746
0.0020559
0.0007434
-0.0026186
-0.0069817
-0.0109171
-0.0118791
-0.0075305
0.0007553
0.0071454
0.0063250
-0.0005775
-0.0066803
-0.0069386
-0.0040564
-0.0052791
-0.0133628
-0.0225069
-0.0245321
-0.0181764
-0.0104081
-0.0083740
-0.0118096
-0.0144472
-0.0116142
-0.0047022
0.0014758
0.0038503
0.0030649
0.0018808
0.0030657
0.0081510
0.0163010
0.0237305
0.0257956
0.0215472
0.0159923
0.0157935
0.0217461
0.0272009
0.0259978
0.0211738
0.0227955
0.0358564
0.0525089
0.0591326
0.0510884
0.0380679
0.0334839
0.0400539
0.0481550
0.0483080
0.0424537
0.0406087
0.0476212
0.0567395
0.0577745
0.0493459
0.0401785
0.0385899
0.0434636
0.0469070
0.0440354
0.0377831
0.0340996
0.0345067
0.0348699
0.0307434
0.0221225
0.0124362
0.0041992
-0.0031291
-0.0116567
-0.0228957
-0.0369240
-0.0520423
-0.0647563
-0.0718701
-0.0743987
-0.0788080
-0.0922002
-0.1151929
-0.1404951
-0.1598519
-0.1724030
-0.1850976
-0.2043131
-0.2280223
-0.2476664
-0.2578052
-0.2624126
-0.2705905
-0.2868378
-0.3068129
-0.3224499
-0.3299328
-0.3323343
-0.3355865
-0.3427722
-0.3518702
-0.3581078
-0.3583837
-0.3540728
-0.3500027
-0.3503979
-0.3551472
-0.3598900
-0.3603882
-0.3572300
-0.3554544
-0.3583945
-0.3622663
-0.3587963
-0.3444298
-0.3259063
-0.3148580
-0.3164306
-0.3242070
-0.3270124
-0.3201533
-0.3090583
-0.3019830
-0.3005256
-0.2987031
-0.2910748
-0.2797893
-0.2720615
-0.2713873
-0.2731757
-0.2697173
-0.2583872
-0.2440529
-0.2339318
-0.2309843
-0.2322125
-0.2324444
-0.2291561
-0.2239517
-0.2202114
-0.2197247
-0.2211271
-0.2209428
-0.2164343
-0.2084056
-0.2012425
-0.1988610
-0.1998037
-0.1975205
-0.1872532
-0.1725980
-0.1635077
-0.1665969
-0.1779338
-0.1865326
-0.1851684
-0.1769828
-0.1709355
-0.1715616
-0.1747282
-0.1737857
-0.1681365
-0.1637716
-0.1656248
-0.1714495
-0.1742771
-0.1698679
-0.1606160
-0.1526729
-0.1504410
-0.1538284
-0.1595703
-0.1642339
-0.1662569
-0.1661857
-0.1656756
-0.1659971
-0.1668720
-0.1668195
-0.1652450
-0.1639636
-0.1653628
-0.1685527
-0.1688667
-0.1630137
-0.1543773
-0.1510849
-0.1575546
-0.1686717
-0.1736448
-0.1660876
-0.1500627
-0.1360482
-0.1311280
-0.1332660
-0.1348451
-0.1310437
-0.1242582
-0.1206068
-0.1225516
-0.1248505
-0.1177978
-0.0956347
-0.0630630
-0.0328275
-0.0148176
-0.0068929
0.0022048
0.0205212
0.0456760
0.0716004
0.1000833
0.1410849
0.2006812
0.2735015
0.3521792
0.4425062
0.5611109
0.7127873
0.8746511
1.0123554
1.1148429
1.2055393
1.3113890
1.4233198
1.4966615
1.4942500
1.4227991
1.3200896
1.2090976
1.0736533
0.8827776
0.6330728
0.3604697
0.1122048
-0.0850278
-0.2277507
-0.3168105
-0.3477875
-0.3216880
-0.2564674
-0.1803352
-0.1139132
-0.0619559
-0.0207863
0.0114901
0.0337364
0.0463764
0.0526588
0.0555389
0.0563670
0.0573500
0.0622310
0.0717922
0.0802210
0.0800108
0.0717605
0.0659638
0.0719334
0.0860791
0.0945974
0.0884679
0.0731072
0.0614548
0.0593570
0.0605591
0.0559641
0.0447173
0.0337005
0.0272417
0.0211555
0.0093830
-0.0053390
-0.0116721
-0.0023981
0.0151794
0.0243878
0.0149102
-0.0081591
-0.0310892
-0.0456130
-0.0551266
-0.0678755
-0.0861532
-0.1034509
-0.1114850
-0.1083005
-0.0990509
-0.0905074
-0.0863217
-0.0864686
-0.0885061
-0.0885849
-0.0834356
-0.0735319
-0.0638193
-0.0594088
-0.0598541
-0.0587143
-0.0499263
-0.0345351
-0.0200760
-0.0127912
-0.0115264
-0.0107555
-0.0088627
-0.0103527
-0.0181182
-0.0259115
-0.0226176
-0.0051292
0.0157070
0.0247198
0.0178291
0.0059036
0.0024188
0.0087375
0.0137609
0.0081648
-0.0038522
-0.0095825
-0.0034426
0.0061623
0.0073155
-0.0005407
-0.0055735
0.0023735
0.0191972
0.0299187
0.0242592
0.0073883
-0.0054949
-0.0044803
0.0063330
0.0150862
0.0149729
0.0092192
0.0046115
0.0031370
0.0014198
-0.0031111
-0.0077987
-0.0072631
0.0003634
0.0106972
0.0171193
0.0172147
0.0144249
0.0133185
0.0145240
0.0152872
0.0140299
0.0125033
0.0130519
0.0150060
0.0149492
0.0107174
0.0047521
0.0029489
0.0095701
0.0229844
0.0365094
0.0434519
0.0414234
0.0327891
0.0224643
0.0153791
0.0142674
0.0183016
0.0240259
0.0284570
0.0313613
0.0343228
0.0380591
0.0413139
0.0424215
0.0415286
0.0408155
0.0421967
0.0449945
0.0467203
0.0465252
0.0468147
0.0501748
0.0551650
0.0568238
0.0519620
0.0430540
0.0361217
0.0349940
0.0381101
0.0410754
0.0421505
0.0445562
0.0524532
0.0646900
0.0739888
0.0735622
0.0640964
0.0531363
0.0476906
0.0483826
0.0509799
0.0525543
0.0547544
0.0603616
0.0674407
0.0691960
0.0615225
0.0498175
0.0453302
0.0532981
0.0663555
0.0718072
0.0651609
0.0546767
0.0519020
0.0589608
0.0667932
0.0660694
0.0579913
0.0521519
0.0540596
0.0580262
0.0548408
0.0446798
0.0383643
0.0445758
0.0585221
0.0660592
0.0588088
0.0431009
0.0328404
0.0344712
0.0408628
0.0407427
0.0324133
0.0255072
0.0289486
0.0399633
0.0472797
0.0440968
0.0352234
0.0307628
0.0345022
0.0402609
0.0397756
0.0328203
0.0277322
0.0312633
0.0395363
0.0415244
0.0317172
0.0169047
0.0086619
0.0103991
0.0143139
0.0116506
0.0040527
0.0024181
0.0138484
0.0315261
0.0403448
0.0332853
0.0196538
0.0145686
0.0215834
0.0292799
0.0258315
0.0136890
0.0067800
0.0138402
0.0276757
0.0330220
0.0242192
0.0123755
0.0132249
0.0292282
0.0467558
0.0516369
0.0444934
0.0381164
0.0413418
0.0493622
0.0510947
0.0434536
0.0352058
0.0361985
0.0450608
0.0505503
0.0457969
0.0383924
0.0427958
0.0627799
0.0850256
0.0924914
0.0824531
0.0685632
0.0652106
0.0724455
0.0780477
0.0733727
0.0641918
0.0637248
0.0760479
0.0901046
0.0922312
0.0822208
0.0731975
0.0756006
0.0849202
0.0873992
0.0760313
0.0581311
0.0467716
0.0466604
0.0502241
0.0473255
0.0363969
0.0237935
0.0133883
0.0009527
-0.0189513
-0.0431284
-0.0608065
-0.0651840
-0.0616308
-0.0628548
-0.0764759
-0.0984032
-0.1185866
-0.1323004
-0.1442406
-0.1611169
-0.1822730
-0.2002427
-0.2101566
-0.2154367
-0.2227291
-0.2334511
-0.2429387
-0.2475511
-0.2503752
-0.2585864
-0.2753539
-0.2952312
-0.3085150
-0.3104156
-0.3051238
-0.3004512
-0.2997577
-0.3003237
-0.2983960
-0.2936395
-0.2887004
-0.2862135
-0.2866828
-0.2880917
-0.2872304
-0.2823793
-0.2751625
-0.2692694
-0.2670325
-0.2672321
-0.2660690
-0.2605917
-0.2521354
-0.2463165
-0.2479196
-0.2548380
-0.2584251
-0.2513788
-0.2349342
-0.2174747
-0.2065590
-0.2029826
-0.2020198
-0.1994235
-0.1957910
-0.1947871
-0.1971746
-0.1982025
-0.1928337
-0.1828819
-0.1761275
-0.1773329
-0.1821819
-0.1819107
-0.1731820
-0.1618482
-0.1566829
-0.1600130
-0.1652540
-0.1642315
-0.1563730
-0.1489146
-0.1476193
-0.1498290
-0.1489930
-0.1443986
-0.1427603
-0.1493844
-0.1602011
-0.1645726
-0.1560164
-0.1394951
-0.1274321
-0.1278382
-0.1366465
-0.1429028
-0.1411541
-0.1364135
-0.1362295
-0.1407321
-0.1433044
-0.1400439
-0.1354223
-0.1372063
-0.1467106
-0.1557352
-0.1546025
-0.1434219
-0.1334564
-0.1353747
-0.1473244
-0.1574041
-0.1575323
-0.1514151
-0.1477627
-0.1489332
-0.1492432
-0.1434985
-0.1343654
-0.1299351
-0.1343679
-0.1422226
-0.1435569
-0.1348180
-0.1229037
-0.1172540
-0.1193675
-0.1217436
-0.1161462
-0.1013536
-0.0836850
-0.0713026
-0.0668748
-0.0643229
-0.0540324
-0.0328708
-0.0073070
0.0160367
0.0415247
0.0818883
0.1428717
0.2138814
0.2792949
0.3417947
0.4313864
0.5834553
0.8018889
1.0454516
1.2560339
1.4009970
1.4834835
1.5114508
1.4655531
1.3070203
1.0194694
0.6406809
0.2520295
-0.0644376
-0.2642656
-0.3478721
-0.3422734
-0.2812971
-0.1976742
-0.1197827
-0.0641569
-0.0300814
-0.0064518
0.0144152
0.0312358
0.0401045
0.0416210
0.0403250
0.0399086
0.0409487
0.0423716
0.0437692
0.0458863
0.0489817
0.0519255
0.0545259
0.0596956
0.0699001
0.0810378
0.0839236
0.0742835
0.0584824
0.0466049
0.0418265
0.0393502
0.0344549
0.0284095
0.0256963
0.0267225
0.0250754
0.0142653
-0.0021098
-0.0105307
-0.0022626
0.0135131
0.0167588
-0.0019840
-0.0312773
-0.0517403
-0.0562637
-0.0551144
-0.0626929
-0.0815208
-0.0999462
-0.1056722
-0.1002087
-0.0967213
-0.1028624
-0.1103690
-0.1054933
-0.0865268
-0.0658253
-0.0555256
-0.0558268
-0.0576031
-0.0530938
-0.0427948
-0.0330429
-0.0274604
-0.0220256
-0.0110581
0.0028000
0.0096683
0.0053436
-0.0015466
0.0010674
0.0147679
0.0290581
0.0321165
0.0217166
0.0073944
0.0023362
0.0105899
0.0223332
0.0249723
0.0182204
0.0134907
0.0183512
0.0272159
0.0293690
0.0220534
0.0133229
0.0138579
0.0262132
0.0406862
0.0438879
0.0340098
0.0241128
0.0259337
0.0344261
0.0349579
0.0231860
0.0101316
0.0077198
0.0154576
0.0224712
0.0194406
0.0086977
0.0035498
0.0142900
0.0337605
0.0429383
0.0338301
0.0195767
0.0169595
0.0260454
0.0335414
0.0303598
0.0192761
0.0095576
0.0088725
0.0163855
0.0215271
0.0155850
0.0052637
0.0056322
0.0183669
0.0285209
0.0258618
0.0171999
0.0133349
0.0156239
0.0196593
0.0209207
0.0143601
0.0006394
-0.0073746
0.0001662
0.0102748
0.0032389
-0.0128916
-0.0108394
0.0108264
0.0237833
0.0199560
0.0294000
0.0696751
