-0.1970500
-0.2182699
-0.1768596
-0.1576015
-0.1735132
-0.1742796
-0.1478323
-0.1292384
-0.1249531
-0.1046216
-0.0660891
-0.0447424
-0.0527235
-0.0584409
-0.0316030
0.0314361
0.1294779
0.2679629
0.4447672
0.6498159
0.8759629
1.1082710
1.3118660
1.4547483
1.5321181
1.5428540
1.4543756
1.2240553
0.8576376
0.4270234
0.0306633
-0.2541787
-0.3961909
-0.4143226
-0.3596162
-0.2796491
-0.1981715
-0.1263281
-0.0751959
-0.0467923
-0.0284181
-0.0101489
0.0021284
0.0011665
-0.0058591
-0.0070196
-0.0014459
0.0041852
0.0067550
0.0066081
0.0038171
0.0002483
-0.0013145
-0.0027956
-0.0079598
-0.0134982
-0.0127083
-0.0082778
-0.0104451
-0.0216069
-0.0336376
-0.0414092
-0.0481247
-0.0558546
-0.0609553
-0.0608958
-0.0576031
-0.0533131
-0.0501114
-0.0528850
-0.0657741
-0.0864846
-0.1092999
-0.1308399
-0.1480183
-0.1557645
-0.1537679
-0.1505008
-0.1530384
-0.1572091
-0.1550026
-0.1474612
-0.1427362
-0.1442631
-0.1471893
-0.1446656
-0.1338031
-0.1178706
-0.1044116
-0.0970251
-0.0883910
-0.0681794
-0.0394503
-0.0190521
-0.0179589
-0.0281602
-0.0333906
-0.0273290
-0.0171235
-0.0130512
-0.0179328
-0.0244821
-0.0227003
-0.0123714
-0.0057775
-0.0129568
-0.0270261
-0.0314300
-0.0206135
-0.0059263
-0.0006920
-0.0061263
-0.0133084
-0.0140115
-0.0081488
-0.0032598
-0.0064284
-0.0152829
-0.0198499
-0.0154661
-0.0092813
-0.0100452
-0.0160229
-0.0183630
-0.0131395
-0.0046862
0.0009409
0.0013916
-0.0016130
-0.0042231
-0.0040897
-0.0033961
-0.0058318
-0.0101665
-0.0109991
-0.0068613
-0.0027851
-0.0030999
-0.0061792
-0.0081489
-0.0075556
-0.0046287
0.0000107
0.0041213
0.0048707
0.0026402
0.0010068
0.0021809
0.0048605
0.0064004
0.0047451
-0.0005720
-0.0066333
-0.0084192
-0.0053340
-0.0038217
-0.0087607
-0.0144106
-0.0098036
0.0069253
0.0243545
0.0289711
0.0181429
0.0019159
-0.0065892
-0.0033515
0.0031675
0.0024053
-0.0049290
-0.0080108
-0.0011942
0.0076040
0.0074047
-0.0013582
-0.0077703
-0.0039526
0.0063216
0.0123157
0.0078379
-0.0018722
-0.0051773
0.0026694
0.0128926
0.0131967
0.0030206
-0.0061287
-0.0055923
0.0005662
0.0024597
-0.0029414
-0.0088146
-0.0064942
0.0050085
0.0170559
0.0195588
0.0119166
0.0038161
0.0034442
0.0078406
0.0082042
0.0021095
-0.0041673
-0.0044172
0.0007508
0.0061076
0.0076597
0.0057460
0.0038990
0.0047684
0.0069815
0.0073261
0.0058034
0.0055999
0.0075631
0.0085132
0.0067544
0.0055724
0.0084745
0.0135548
0.0154462
0.0114484
0.0038069
-0.0028947
-0.0053254
-0.0034084
0.0005895
0.0054296
0.0122094
0.0206421
0.0260550
0.0238282
0.0160818
0.0099002
0.0086224
0.0085740
0.0053282
0.0000052
-0.0023873
0.0006777
0.0058400
0.0068895
0.0017828
-0.0036611
-0.0015996
0.0073899
0.0131753
0.0081119
-0.0027037
-0.0072162
-0.0010729
0.0075314
0.0079505
-0.0008170
-0.0094587
-0.0091135
-0.0018809
0.0010350
-0.0069287
-0.0179101
-0.0177583
-0.0037796
0.0107090
0.0117567
0.0006994
-0.0088035
-0.0074157
0.0000758
0.0018515
-0.0064361
-0.0162789
-0.0163291
-0.0065935
0.0009790
-0.0021411
-0.0089928
-0.0053128
0.0116573
0.0282686
0.0298332
0.0169235
0.0037714
0.0023370
0.0105173
0.0164571
0.0132748
0.0072962
0.0096642
0.0211439
0.0299239
0.0263543
0.0156591
0.0117774
0.0204563
0.0329103
0.0366299
0.0294509
0.0213677
0.0231697
0.0343972
0.0437301
0.0419260
0.0324508
0.0264324
0.0281724
0.0303142
0.0248885
0.0151140
0.0124865
0.0230866
0.0394545
0.0468929
0.0375951
0.0182636
0.0028577
-0.0024158
-0.0047367
-0.0138181
-0.0284604
-0.0384098
-0.0389590
-0.0385340
-0.0491115
-0.0715024
-0.0933291
-0.1022482
-0.0999947
-0.1014679
-0.1185230
-0.1459748
-0.1670440
-0.1731321
-0.1740055
-0.1855734
-0.2108792
-0.2378207
-0.2547498
-0.2635234
-0.2750932
-0.2945723
-0.3138932
-0.3205921
-0.3127507
-0.3023224
-0.3019703
-0.3111013
-0.3186958
-0.3187958
-0.3177487
-0.3242084
-0.3364879
-0.3442235
-0.3413112
-0.3332151
-0.3300370
-0.3340318
-0.3364667
-0.3282355
-0.3123281
-0.3022915
-0.3067347
-0.3184074
-0.3221813
-0.3124547
-0.2985910
-0.2928776
-0.2968189
-0.3012850
-0.2982257
-0.2896491
-0.2843539
-0.2866693
-0.2903728
-0.2856770
-0.2715471
-0.2578162
-0.2537083
-0.2570723
-0.2577139
-0.2499847
-0.2391454
-0.2350926
-0.2415050
-0.2518152
-0.2555862
-0.2488323
-0.2376551
-0.2310043
-0.2306876
-0.2303444
-0.2239104
-0.2126105
-0.2029693
-0.2000142
-0.2034399
-0.2088121
-0.2113373
-0.2094036
-0.2053646
-0.2026364
-0.2021739
-0.2023647
-0.2016809
-0.2001360
-0.1984664
-0.1970835
-0.1955895
-0.1925721
-0.1868129
-0.1798145
-0.1757778
-0.1770234
-0.1801306
-0.1789510
-0.1718293
-0.1642771
-0.1636293
-0.1712760
-0.1803820
-0.1818042
-0.1731884
-0.1618576
-0.1571193
-0.1598812
-0.1622611
-0.1580531
-0.1506232
-0.1481735
-0.1530232
-0.1586744
-0.1577191
-0.1505445
-0.1446550
-0.1453774
-0.1485043
-0.1440689
-0.1280479
-0.1082874
-0.0966734
-0.0965563
-0.1005022
-0.0998545
-0.0931761
-0.0843411
-0.0752186
-0.0629205
-0.0440211
-0.0199169
0.0032352
0.0209434
0.0371901
0.0640733
0.1140958
0.1937102
0.3049067
0.4506380
0.6345799
0.8531257
1.0877639
1.3074176
1.4818468
1.5955600
1.6472288
1.6317147
1.5241179
1.2914337
0.9310602
0.5005319
0.1022712
-0.1721105
-0.2930884
-0.2980445
-0.2503180
-0.1926858
-0.1341255
-0.0707826
-0.0088910
0.0363865
0.0582649
0.0656624
0.0717283
0.0801472
0.0857478
0.0853684
0.0835583
0.0870653
0.0963275
0.1044875
0.1049681
0.0989357
0.0941452
0.0965973
0.1047014
0.1119128
0.1133454
0.1087715
0.1009317
0.0929582
0.0867092
0.0816545
0.0752837
0.0657074
0.0538708
0.0427469
0.0350322
0.0323325
0.0355419
0.0442524
0.0553673
0.0631110
0.0614990
0.0481174
0.0264256
0.0036562
-0.0150393
-0.0303528
-0.0457303
-0.0612080
-0.0723719
-0.0755119
-0.0716047
-0.0644390
-0.0568241
-0.0500153
-0.0452123
-0.0432009
-0.0423392
-0.0387019
-0.0298315
-0.0182670
-0.0095511
-0.0051707
0.0012020
0.0170204
0.0396551
0.0557338
0.0552862
0.0448252
0.0418249
0.0552409
0.0749079
0.0828406
0.0735972
0.0602421
0.0590484
0.0705699
0.0793041
0.0727586
0.0571083
0.0498603
0.0581903
0.0700932
0.0695909
0.0568122
0.0479754
0.0557086
0.0738141
0.0842954
0.0778359
0.0637382
0.0581371
0.0648774
0.0720948
0.0682836
0.0572598
0.0529151
0.0608287
0.0706655
0.0689737
0.0559952
0.0457923
0.0499453
0.0642678
0.0736805
0.0692724
0.0578416
0.0530451
0.0589721
0.0660403
0.0637844
0.0539934
0.0478081
0.0512465
0.0577324
0.0564794
0.0461035
0.0373688
0.0419261
0.0594363
0.0771677
0.0825784
0.0750500
0.0642311
0.0583986
0.0572926
0.0563839
0.0545818
0.0549355
0.0589594
0.0632735
0.0629939
0.0574992
0.0516947
0.0511523
0.0562875
0.0620216
0.0632827
0.0598835
0.0555317
0.0534219
0.0541457
0.0567609
0.0596560
0.0604630
0.0573567
0.0514008
0.0463249
0.0449313
0.0463446
0.0477177
0.0483995
0.0512716
0.0589251
0.0686629
0.0731028
0.0676489
0.0567936
0.0504039
0.0528964
0.0583889
0.0583942
0.0525224
0.0485840
0.0521383
0.0588588
0.0593828
0.0509678
0.0418461
0.0422565
0.0519272
0.0592572
0.0545691
0.0422473
0.0364841
0.0448552
0.0592581
0.0650681
0.0575203
0.0462712
0.0434803
0.0495876
0.0531416
0.0449582
0.0302785
0.0241410
0.0344431
0.0523840
0.0618653
0.0567861
0.0460456
0.0415999
0.0448959
0.0472119
0.0418191
0.0326547
0.0295481
0.0361811
0.0452914
0.0468837
0.0395644
0.0314880
0.0304965
0.0359967
0.0414296
0.0422240
0.0390866
0.0348610
0.0311494
0.0285738
0.0281171
0.0301718
0.0324613
0.0307192
0.0229490
0.0127034
0.0063649
0.0063567
0.0085827
0.0081882
0.0065445
0.0096704
0.0194461
0.0292379
0.0303565
0.0218208
0.0115680
0.0076462
0.0097504
0.0108569
0.0067435
0.0016338
0.0026458
0.0098344
0.0149939
0.0115774
0.0032703
-0.0000356
0.0060591
0.0156112
0.0196835
0.0162923
0.0114541
0.0114398
0.0161558
0.0208063
0.0224141
0.0224409
0.0228155
0.0219731
0.0172146
0.0100437
0.0062520
0.0099580
0.0195196
0.0302353
0.0391304
0.0454715
0.0482407
0.0460893
0.0402496
0.0351630
0.0342449
0.0356630
0.0345106
0.0299185
0.0278180
0.0338994
0.0444736
0.0482956
0.0397089
0.0272525
0.0252057
0.0368538
0.0499920
0.0507678
0.0393741
0.0290019
0.0298769
0.0375737
0.0388433
0.0271475
0.0092486
-0.0040911
-0.0107835
-0.0178837
-0.0307786
-0.0460290
-0.0564570
-0.0605370
-0.0639804
-0.0730163
-0.0886996
-0.1079424
-0.1278108
-0.1474206
-0.1667440
-0.1854402
-0.2032675
-0.2204517
-0.2366497
-0.2503241
-0.2607978
-0.2707897
-0.2844305
-0.3012403
-0.3141847
-0.3169360
-0.3128633
-0.3133779
-0.3253915
-0.3422569
-0.3498704
-0.3418792
-0.3268426
-0.3192025
-0.3243498
-0.3345467
-0.3395197
-0.3383111
-0.3381614
-0.3429540
-0.3469099
-0.3418063
-0.3280702
-0.3153754
-0.3121833
-0.3171226
-0.3217615
-0.3203782
-0.3152843
-0.3127205
-0.3151607
-0.3188676
-0.3185439
-0.3128235
-0.3045816
-0.2972222
-0.2922083
-0.2895501
-0.2885892
-0.2877574
-0.2852256
-0.2809922
-0.2774564
-0.2766452
-0.2771380
-0.2749661
-0.2680503
-0.2590854
-0.2531119
-0.2521215
-0.2530574
-0.2521283
-0.2503214
-0.2523559
-0.2592108
-0.2638120
-0.2570996
-0.2388189
-0.2202479
-0.2145060
-0.2241671
-0.2390489
-0.2462334
-0.2418915
-0.2332213
-0.2294881
-0.2323645
-0.2356157
-0.2331665
-0.2257000
-0.2190916
-0.2179074
-0.2214781
-0.2254834
-0.2261065
-0.2227759
-0.2179453
-0.2147727
-0.2147449
-0.2169970
-0.2194381
-0.2203955
-0.2196334
-0.2183314
-0.2179941
-0.2190397
-0.2206751
-0.2224520
-0.2252401
-0.2295543
-0.2330963
-0.2314801
-0.2225191
-0.2095576
-0.1997085
-0.1981703
-0.2039259
-0.2108941
-0.2133878
-0.2105189
-0.2053966
-0.2007497
-0.1963568
-0.1906760
-0.1834907
-0.1758980
-0.1684591
-0.1606197
-0.1517714
-0.1416819
-0.1295144
-0.1134017
-0.0921854
-0.0679267
-0.0459211
-0.0306796
-0.0206500
-0.0071507
0.0200114
0.0647642
0.1226757
0.1871660
0.2579568
0.3429732
0.4511700
0.5828662
0.7273306
0.8706958
1.0061098
1.1344444
1.2544396
1.3554615
1.4251393
1.4652676
1.4943626
1.5258853
1.5397325
1.4793081
1.2870115
0.9534628
0.5380519
0.1406990
-0.1530608
-0.3105281
-0.3499790
-0.3116668
-0.2319993
-0.1369623
-0.0472813
0.0196617
0.0553766
0.0651874
0.0641362
0.0655260
0.0722084
0.0783306
0.0785861
0.0747832
0.0734702
0.0783595
0.0860918
0.0893652
0.0837534
0.0714812
0.0589544
0.0509219
0.0469886
0.0432112
0.0361775
0.0253292
0.0124359
0.0001371
-0.0090493
-0.0134786
-0.0129356
-0.0084438
-0.0017025
0.0047631
0.0071057
0.0011452
-0.0147565
-0.0374796
-0.0605121
-0.0784896
-0.0907867
-0.1002719
-0.1082799
-0.1116920
-0.1063749
-0.0935501
-0.0810101
-0.0764136
-0.0795211
-0.0821186
-0.0759233
-0.0602065
-0.0417864
-0.0282889
-0.0216978
-0.0177525
-0.0105777
0.0023574
0.0188350
0.0340380
0.0439711
0.0481046
0.0497055
0.0529056
0.0582688
0.0616668
0.0591213
0.0529393
0.0511191
0.0590264
0.0723732
0.0804449
0.0770170
0.0669197
0.0605760
0.0625434
0.0671668
0.0661604
0.0587907
0.0524355
0.0533667
0.0594747
0.0634758
0.0617352
0.0577617
0.0572947
0.0619990
0.0686946
0.0732730
0.0740238
0.0718420
0.0688728
0.0673105
0.0681476
0.0699050
0.0692200
0.0642466
0.0576358
0.0544888
0.0563456
0.0587287
0.0568113
0.0529946
0.0558416
0.0697697
0.0874750
0.0953239
0.0868445
0.0694568
0.0570295
0.0566456
0.0635999
0.0685292
0.0673785
0.0635672
0.0620773
0.0637860
0.0658463
0.0657239
0.0635864
0.0616693
0.0625967
0.0677032
0.0753791
0.0810293
0.0804323
0.0742367
0.0681457
0.0671697
0.0698953
0.0700669
0.0645407
0.0581327
0.0584383
0.0659345
0.0718888
0.0682420
0.0583895
0.0550082
0.0659866
0.0844856
0.0951070
0.0894507
0.0737008
0.0607401
0.0569728
0.0585380
0.0590672
0.0578328
0.0586438
0.0626852
0.0657741
0.0636146
0.0576558
0.0537781
0.0558784
0.0625664
0.0699926
0.0757532
0.0790279
0.0787736
0.0743037
0.0676678
0.0631150
0.0625499
0.0625609
0.0581386
0.0496162
0.0437097
0.0458745
0.0528737
0.0557958
0.0510623
0.0457931
0.0497663
0.0629935
0.0743224
0.0735631
0.0630589
0.0549620
0.0574004
0.0657418
0.0687868
0.0620143
0.0522403
0.0489874
0.0535453
0.0582905
0.0557492
0.0461663
0.0360642
0.0314894
0.0339081
0.0411312
0.0497413
0.0562438
0.0578942
0.0543219
0.0481807
0.0428034
0.0387282
0.0334830
0.0255000
0.0173001
0.0132999
0.0145650
0.0174582
0.0183920
0.0185401
0.0219474
0.0291722
0.0349309
0.0334733
0.0255483
0.0184815
0.0189794
0.0266907
0.0352729
0.0389055
0.0367450
0.0315562
0.0258714
0.0205300
0.0158332
0.0122668
0.0098685
0.0082962
0.0083023
0.0121080
0.0209464
0.0323763
0.0413151
0.0443953
0.0427597
0.0400451
0.0382229
0.0364634
0.0339441
0.0321624
0.0331514
0.0360320
0.0372017
0.0347587
0.0316079
0.0327302
0.0394001
0.0471984
0.0502161
0.0467037
0.0402956
0.0363143
0.0374623
0.0425428
0.0480851
0.0507539
0.0491796
0.0447417
0.0406543
0.0392537
0.0395889
0.0383693
0.0341280
0.0299498
0.0306155
0.0364758
0.0412333
0.0371868
0.0228452
0.0045789
-0.0096051
-0.0174020
-0.0230293
-0.0315082
-0.0434031
-0.0556425
-0.0665296
-0.0784534
-0.0950805
-0.1165067
-0.1380414
-0.1540227
-0.1626738
-0.1672748
-0.1728635
-0.1818655
-0.1927047
-0.2024270
-0.2105315
-0.2200128
-0.2343535
-0.2534415
-0.2727840
-0.2871695
-0.2952246
-0.3001920
-0.3061392
-0.3136410
-0.3194963
-0.3206012
-0.3176375
-0.3146523
-0.3152055
-0.3192126
-0.3233979
-0.3244335
-0.3217171
-0.3177436
-0.3161677
-0.3189927
-0.3247491
-0.3292445
-0.3288870
-0.3240842
-0.3192361
-0.3185245
-0.3212450
-0.3218015
-0.3151358
-0.3022842
-0.2899483
-0.2841119
-0.2843411
-0.2848422
-0.2809806
-0.2740855
-0.2695464
-0.2707220
-0.2754550
-0.2785700
-0.2770348
-0.2720897
-0.2666719
-0.2617175
-0.2555526
-0.2465738
-0.2357997
-0.2264656
-0.2212973
-0.2203529
-0.2213426
-0.2217490
-0.2206372
-0.2187473
-0.2171702
-0.2160347
-0.2144783
-0.2119787
-0.2097195
-0.2102150
-0.2147903
-0.2210084
-0.2232135
-0.2169746
-0.2038723
-0.1914405
-0.1870618
-0.1911050
-0.1964920
-0.1959305
-0.1896471
-0.1850609
-0.1882048
-0.1962672
-0.2001240
-0.1946218
-0.1849641
-0.1813207
-0.1872175
-0.1949364
-0.1936390
-0.1814323
-0.1678860
-0.1642055
-0.1720570
-0.1830720
-0.1885645
-0.1879031
-0.1868099
-0.1891455
-0.1924781
-0.1919020
-0.1865428
-0.1809538
-0.1804023
-0.1856909
-0.1925626
-0.1953317
-0.1909685
-0.1808592
-0.1697958
-0.1628442
-0.1615258
-0.1621559
-0.1588142
-0.1492485
-0.1377097
-0.1307110
-0.1296095
-0.1284969
-0.1203009
-0.1041522
-0.0853850
-0.0686302
-0.0528848
-0.0343196
-0.0121938
0.0105282
0.0324982
0.0574798
0.0910253
0.1354003
0.1904761
0.2591165
0.3477990
0.4593601
0.5872353
0.7206532
0.8554024
0.9950741
1.1388908
1.2716363
1.3718532
1.4319695
1.4659351
1.4917947
1.5068135
1.4840553
1.3955571
1.2361915
1.0225339
0.7727096
0.4962941
0.2081341
-0.0543785
-0.2399833
-0.3177296
-0.3029641
-0.2457271
-0.1907825
-0.1480841
-0.1003318
-0.0349044
0.0357247
0.0848373
0.0984691
0.0883225
0.0785204
0.0825714
0.0947346
0.1018232
0.0996457
0.0959449
0.0988590
0.1061124
0.1078070
0.0988866
0.0860967
0.0812576
0.0888101
0.1015656
0.1083164
0.1038782
0.0913243
0.0764414
0.0622562
0.0488872
0.0365988
0.0273024
0.0232248
0.0248658
0.0298956
0.0331284
0.0282957
0.0124699
-0.0096264
-0.0274614
-0.0341085
-0.0344992
-0.0415406
-0.0616110
-0.0851221
-0.0946255
-0.0831823
-0.0624062
-0.0502354
-0.0519132
-0.0559927
-0.0496500
-0.0346163
-0.0244181
-0.0265107
-0.0315294
-0.0232498
0.0025011
0.0325691
0.0507619
0.0544602
0.0546296
0.0608739
0.0702896
0.0727721
0.0649732
0.0553459
0.0544670
0.0628576
0.0709265
0.0704315
0.0634080
0.0588210
0.0623485
0.0714451
0.0795795
0.0827426
0.0810868
0.0764749
0.0709697
0.0674882
0.0692295
0.0764109
0.0842863
0.0865575
0.0815015
0.0735032
0.0677648
0.0649242
0.0625956
0.0611384
0.0646028
0.0744151
0.0843925
0.0853958
0.0755243
0.0633356
0.0590372
0.0634440
0.0680165
0.0661195
0.0615279
0.0632174
0.0728245
0.0811093
0.0788047
0.0686076
0.0627767
0.0684773
0.0785514
0.0792342
0.0660757
0.0496006
0.0443081
0.0536918
0.0678096
0.0748972
0.0728972
0.0685479
0.0673269
0.0673837
0.0637242
0.0558109
0.0489744
0.0489453
0.0565522
0.0676599
0.0767550
0.0800612
0.0766932
0.0687608
0.0606215
0.0564346
0.0569119
0.0586504
0.0578538
0.0547940
0.0532296
0.0548454
0.0560380
0.0523633
0.0456824
0.0440563
0.0527647
0.0666873
0.0740901
0.0687646
0.0570256
0.0512203
0.0567024
0.0668795
0.0715772
0.0683352
0.0632621
0.0615189
0.0604295
0.0541515
0.0433332
0.0365515
0.0409501
0.0534385
0.0634423
0.0642442
0.0595924
0.0579246
0.0614645
0.0636351
0.0579138
0.0468486
0.0395936
0.0408395
0.0450734
0.0435389
0.0354596
0.0298306
0.0354270
0.0504910
0.0637726
0.0656426
0.0569793
0.0466481
0.0415643
0.0410606
0.0408501
0.0399250
0.0412530
0.0462641
0.0511909
0.0503542
0.0424571
0.0324809
0.0271643
0.0290991
0.0353948
0.0414478
0.0450556
0.0467234
0.0471927
0.0461339
0.0432186
0.0390699
0.0344257
0.0292426
0.0235637
0.0187576
0.0167204
0.0176971
0.0198186
0.0214231
0.0232885
0.0274153
0.0332038
0.0360373
0.0315208
0.0214752
0.0138286
0.0146826
0.0211339
0.0241474
0.0190071
0.0108569
0.0082037
0.0121077
0.0145721
0.0086953
-0.0015759
-0.0047383
0.0046167
0.0179544
0.0214141
0.0119339
0.0016261
0.0042201
0.0190445
0.0315231
0.0296842
0.0173851
0.0092496
0.0138372
0.0247110
0.0292320
0.0241110
0.0190972
0.0245105
0.0378594
0.0460326
0.0406087
0.0277793
0.0210610
0.0258894
0.0344936
0.0364333
0.0313693
0.0285314
0.0338729
0.0412181
0.0392742
0.0267068
0.0162323
0.0210197
0.0388330
0.0534723
0.0526755
0.0415033
0.0355137
0.0422512
0.0531260
0.0547353
0.0452850
0.0360101
0.0361081
0.0403118
0.0353483
0.0178152
0.0007341
-0.0006898
0.0124358
0.0224669
0.0140292
-0.0099152
-0.0326972
-0.0428549
-0.0453563
-0.0534944
-0.0725400
-0.0946608
-0.1098391
-0.1181783
-0.1285865
-0.1468120
-0.1686025
-0.1857331
-0.1959278
-0.2042839
-0.2160510
-0.2309210
-0.2451648
-0.2573059
-0.2695492
-0.2837474
-0.2978409
-0.3076524
-0.3116699
-0.3126951
-0.3146931
-0.3192417
-0.3252461
-0.3303466
-0.3314770
-0.3258934
-0.3143652
-0.3031399
-0.2998778
-0.3060013
-0.3144679
-0.3170847
-0.3137280
-0.3122791
-0.3185060
-0.3277669
-0.3294756
-0.3201655
-0.3091700
-0.3084042
-0.3174573
-0.3226134
-0.3123336
-0.2912099
-0.2755773
-0.2757379
-0.2852636
-0.2889823
-0.2797598
-0.2651677
-0.2575765
-0.2599887
-0.2638869
-0.2605875
-0.2516849
-0.2461268
-0.2484161
-0.2529444
-0.2509329
-0.2408070
-0.2296447
-0.2248874
-0.2265793
-0.2286835
-0.2269971
-0.2238902
-0.2244527
-0.2293170
-0.2334213
-0.2321010
-0.2263748
-0.2209069
-0.2182198
-0.2169651
-0.2153260
-0.2136557
-0.2128472
-0.2118278
-0.2086125
-0.2036939
-0.2005681
-0.2015697
-0.2038992
-0.2018400
-0.1937694
-0.1852838
-0.1833817
-0.1883345
-0.1938893
-0.1957475
-0.1967439
-0.2013395
-0.2068777
-0.2042700
-0.1889064
-0.1688027
-0.1588867
-0.1661876
-0.1821420
-0.1913075
-0.1872936
-0.1780201
-0.1748090
-0.1789752
-0.1817698
-0.1763255
-0.1660268
-0.1597516
-0.1611057
-0.1647814
-0.1632207
-0.1548065
-0.1443917
-0.1367831
-0.1316648
-0.1256014
-0.1173537
-0.1089986
-0.1019576
-0.0943444
-0.0835943
-0.0702995
-0.0575969
-0.0469700
-0.0359698
-0.0205339
0.0006542
0.0240652
0.0440560
0.0594963
0.0790427
0.1182930
0.1877294
0.2805824
0.3741746
0.4490790
0.5123186
0.6007532
0.7538827
0.9755742
1.2215678
1.4290292
1.5613299
1.6228757
1.6299002
1.5717260
1.4085743
1.1128114
0.7130498
0.2953724
-0.0424499
-0.2437513
-0.3106541
-0.2823128
-0.2034237
-0.1092583
-0.0257980
0.0306505
0.0583965
0.0697946
0.0797836
0.0930871
0.1030212
0.1022364
0.0928599
0.0850350
0.0863169
0.0943939
0.1010065
0.1015380
0.0988693
0.0982076
0.1003304
0.1009229
0.0955446
0.0844172
0.0727596
0.0665492
0.0670630
0.0691915
0.0659550
0.0553276
0.0422989
0.0340259
0.0334049
0.0374363
0.0410026
0.0413678
0.0388903
0.0340157
0.0249004
0.0092723
-0.0115669
-0.0322718
-0.0478470
-0.0574631
-0.0631695
-0.0663560
-0.0672585
-0.0670401
-0.0677739
-0.0695347
-0.0690664
-0.0628763
-0.0515934
-0.0402553
-0.0335688
-0.0311214
-0.0281349
-0.0210147
-0.0106767
0.0006257
0.0138678
0.0315310
0.0513326
0.0652229
0.0671462
0.0604214
0.0548504
0.0563447
0.0611554
0.0612034
0.0540982
0.0463077
0.0459078
0.0533789
0.0612957
0.0631290
0.0603190
0.0593858
0.0635663
0.0693470
0.0708131
0.0656617
0.0569806
0.0506127
0.0508423
0.0570556
0.0638444
0.0653166
0.0603120
0.0533933
0.0502655
0.0519342
0.0535043
0.0494351
0.0404971
0.0346716
0.0396257
0.0542498
0.0690197
0.0750071
0.0712957
0.0635244
0.0573152
0.0544197
0.0536194
0.0530864
0.0518160
0.0502131
0.0498826
0.0522259
0.0565814
0.0598289
0.0587428
0.0537297
0.0498150
0.0520288
0.0590263
0.0632015
0.0590776
0.0504203
0.0465131
0.0514974
0.0597930
0.0627906
0.0581554
0.0510794
0.0473446
0.0470040
0.0455097
0.0401404
0.0338189
0.0319511
0.0365340
0.0446795
0.0521583
0.0563128
0.0556793
0.0497860
0.0410392
0.0347392
0.0346072
0.0386916
0.0415941
0.0407786
0.0390518
0.0401350
0.0429535
0.0420615
0.0345372
0.0254054
0.0238988
0.0332680
0.0460025
0.0512252
0.0461396
0.0381122
0.0357619
0.0403082
0.0460755
0.0472336
0.0426779
0.0356570
0.0303675
0.0288667
0.0301961
0.0318311
0.0321170
0.0319798
0.0346179
0.0424847
0.0531082
0.0586819
0.0527116
0.0381622
0.0265412
0.0266413
0.0354323
0.0422490
0.0411272
0.0363844
0.0356625
0.0398272
0.0418399
0.0355576
0.0240182
0.0173243
0.0220733
0.0343567
0.0442835
0.0461109
0.0421294
0.0376835
0.0353113
0.0341889
0.0327067
0.0300534
0.0266080
0.0240802
0.0244990
0.0279953
0.0318831
0.0326906
0.0293764
0.0246327
0.0228232
0.0258750
0.0309106
0.0327991
0.0295300
0.0241167
0.0206943
0.0200813
0.0201117
0.0188451
0.0158751
0.0115507
0.0067922
0.0032824
0.0021987
0.0027324
0.0030931
0.0031715
0.0052169
0.0111176
0.0189774
0.0231259
0.0190707
0.0093024
0.0026204
0.0054315
0.0142691
0.0195639
0.0170434
0.0125145
0.0139261
0.0210250
0.0255082
0.0210676
0.0112375
0.0061751
0.0119360
0.0239379
0.0320077
0.0315017
0.0276094
0.0280688
0.0338235
0.0388707
0.0379850
0.0321279
0.0265671
0.0257181
0.0298838
0.0353542
0.0374156
0.0346192
0.0306745
0.0314376
0.0394082
0.0509331
0.0587211
0.0578223
0.0502928
0.0437194
0.0437301
0.0481065
0.0500094
0.0468160
0.0430456
0.0435479
0.0464606
0.0453302
0.0371375
0.0259639
0.0184944
0.0170941
0.0179025
0.0154503
0.0083649
-0.0003328
-0.0080958
-0.0158532
-0.0253095
-0.0358394
-0.0466393
-0.0601362
-0.0793748
-0.1019574
-0.1203279
-0.1300551
-0.1358553
-0.1469658
-0.1665675
-0.1874491
-0.1996335
-0.2024355
-0.2071275
-0.2253864
-0.2555300
-0.2830887
-0.2958764
-0.2958305
-0.2943983
-0.2989681
-0.3069389
-0.3120146
-0.3129035
-0.3145647
-0.3219840
-0.3337576
-0.3423070
-0.3408172
-0.3297313
-0.3159486
-0.3063994
-0.3034659
-0.3055211
-0.3094650
-0.3125492
-0.3137464
-0.3140006
-0.3141220
-0.3128642
-0.3088100
-0.3037134
-0.3014314
-0.3028383
-0.3037475
-0.2992043
-0.2891999
-0.2793929
-0.2760373
-0.2798148
-0.2846799
-0.2838403
-0.2771006
-0.2706734
-0.2691409
-0.2698984
-0.2673117
-0.2605184
-0.2545652
-0.2543591
-0.2593113
-0.2637541
-0.2616387
-0.2515298
-0.2381397
-0.2285421
-0.2260759
-0.2281102
-0.2296064
-0.2279382
-0.2244778
-0.2228554
-0.2254732
-0.2301888
-0.2309656
-0.2241943
-0.2143517
-0.2105329
-0.2162742
-0.2249784
-0.2269523
-0.2198426
-0.2109210
-0.2094281
-0.2170780
-0.2260904
-0.2270618
-0.2188599
-0.2094123
-0.2063259
-0.2090962
-0.2122349
-0.2135323
-0.2158265
-0.2214552
-0.2282533
-0.2316372
-0.2288645
-0.2209550
-0.2117124
-0.2051130
-0.2029201
-0.2044970
-0.2082969
-0.2124697
-0.2147650
-0.2142233
-0.2130920
-0.2143993
-0.2169631
-0.2157765
-0.2089501
-0.2016082
-0.2001940
-0.2039864
-0.2047787
-0.1956640
-0.1794465
-0.1671841
-0.1666840
-0.1721152
-0.1679484
-0.1458490
-0.1153515
-0.0935512
-0.0851082
-0.0775307
-0.0574810
-0.0270059
0.0004028
0.0183995
0.0385109
0.0805198
0.1534407
0.2486535
0.3525436
0.4622092
0.5842115
0.7198963
0.8597489
0.9949027
1.1268672
1.2587088
1.3798702
1.4681226
1.5085080
1.5056110
1.4744589
1.4218857
1.3395153
1.2137904
1.0396290
0.8236803
0.5790263
0.3236729
0.0849042
-0.1042611
-0.2235753
-0.2814442
-0.3060803
-0.3185674
-0.3179571
-0.2926957
-0.2404147
-0.1730166
-0.1065981
-0.0514144
-0.0104927
0.0168785
0.0330625
0.0423716
0.0502374
0.0593258
0.0668284
0.0683877
0.0650939
0.0632493
0.0659544
0.0688680
0.0670424
0.0623250
0.0598233
0.0593623
0.0552576
0.0442914
0.0302214
0.0195599
0.0147807
0.0123140
0.0067660
-0.0026183
-0.0099983
-0.0089801
-0.0006699
0.0061307
0.0028611
-0.0123753
-0.0353996
-0.0596892
-0.0794915
-0.0926698
-0.1014091
-0.1078848
-0.1096986
-0.1031415
-0.0910607
-0.0830884
-0.0858665
-0.0954115
-0.1010704
-0.0961123
-0.0837407
-0.0731578
-0.0694717
-0.0676071
-0.0582071
-0.0399489
-0.0222462
-0.0133440
-0.0096263
-0.0011737
0.0143885
0.0286980
0.0331025
0.0284049
0.0232197
0.0244902
0.0303920
0.0326677
0.0265630
0.0172039
0.0132982
0.0154398
0.0155720
0.0091708
0.0027580
0.0059246
0.0190750
0.0325565
0.0365779
0.0299338
0.0199028
0.0146069
0.0150018
0.0151190
0.0112257
0.0080347
0.0121989
0.0217461
0.0273018
0.0237590
0.0160347
0.0124290
0.0159378
0.0229523
0.0276206
0.0267290
0.0221634
0.0187199
0.0187276
0.0203163
0.0216669
0.0236210
0.0259811
0.0250426
0.0184524
0.0098168
0.0049295
0.0055731
0.0100080
0.0170354
0.0260474
0.0346164
0.0389814
0.0365091
0.0272559
0.0151207
0.0071459
0.0078172
0.0133897
0.0157912
0.0128527
0.0103685
0.0130923
0.0183825
0.0206465
0.0183322
0.0146344
0.0137390
0.0169995
0.0208036
0.0193044
0.0120788
0.0069180
0.0107481
0.0197636
0.0237663
0.0190667
0.0116671
0.0079628
0.0072895
0.0045944
-0.0023450
-0.0087848
-0.0057946
0.0099575
0.0283949
0.0333346
0.0207995
0.0048988
0.0011141
0.0084637
0.0135609
0.0086322
-0.0005105
-0.0031864
0.0036649
0.0119309
0.0108117
0.0002534
-0.0062372
0.0028040
0.0201634
0.0267400
0.0155253
0.0004199
-0.0017283
0.0093055
0.0195778
0.0180023
0.0070507
-0.0012187
0.0016886
0.0105709
0.0118792
0.0015745
-0.0075386
-0.0021945
0.0127308
0.0206974
0.0155615
0.0075899
0.0078245
0.0147534
0.0181761
0.0114276
-0.0012007
-0.0076090
-0.0007614
0.0109289
0.0120679
0.0010931
-0.0059239
0.0029266
0.0185623
0.0232065
0.0126550
-0.0015727
-0.0075571
-0.0036734
0.0029003
0.0039383
-0.0012082
-0.0042093
0.0005016
0.0048251
-0.0031477
-0.0195513
-0.0267862
-0.0168403
-0.0013286
0.0047086
-0.0008901
-0.0101164
-0.0149740
-0.0126292
-0.0074660
-0.0081811
-0.0167366
-0.0236479
-0.0219425
-0.0197240
-0.0277714
-0.0403765
-0.0418297
-0.0284778
-0.0120217
-0.0037737
-0.0060416
-0.0150306
-0.0229591
-0.0227010
-0.0180227
-0.0209060
-0.0316338
-0.0340760
-0.0204500
-0.0065445
-0.0095602
-0.0236397
-0.0304991
-0.0230318
-0.0073950
0.0065969
0.0088515
-0.0033090
-0.0147866
-0.0071483
0.0121944
0.0168314
0.0018376
-0.0086963
-0.0012217
0.0088013
0.0069653
-0.0001601
-0.0038453
-0.0034182
0.0073157
0.0317403
0.0472867
0.0299187
0.0014756
0.0042545
0.0283303
0.0248228
-0.0033942
-0.0000925
0.0346220
0.0179263
-0.0875079
