0.0515398
0.0673486
0.0298692
0.0048736
0.0093097
0.0123593
0.0062082
0.0131209
0.0328985
0.0384968
0.0234537
0.0101460
0.0098941
0.0110641
0.0075896
0.0076666
0.0126882
0.0141790
0.0125441
0.0168758
0.0272965
0.0364287
0.0446621
0.0560378
0.0642124
0.0604407
0.0506649
0.0479184
0.0522026
0.0530170
0.0474782
0.0423546
0.0421647
0.0464786
0.0542977
0.0618236
0.0619225
0.0541907
0.0486920
0.0520832
0.0576541
0.0563696
0.0496418
0.0438560
0.0401643
0.0368947
0.0349373
0.0342304
0.0310678
0.0239300
0.0163234
0.0107745
0.0062884
0.0034076
0.0041083
0.0048672
-0.0021053
-0.0183352
-0.0367198
-0.0510711
-0.0613886
-0.0693808
-0.0762212
-0.0854391
-0.1008178
-0.1201293
-0.1365442
-0.1466335
-0.1525337
-0.1576094
-0.1647127
-0.1763365
-0.1912007
-0.2032716
-0.2094362
-0.2150897
-0.2265042
-0.2407833
-0.2495273
-0.2502894
-0.2488345
-0.2514061
-0.2587949
-0.2664544
-0.2678151
-0.2601661
-0.2495006
-0.2460702
-0.2528667
-0.2619864
-0.2638889
-0.2560624
-0.2416727
-0.2255838
-0.2139868
-0.2118788
-0.2168119
-0.2189975
-0.2111193
-0.1958989
-0.1824862
-0.1776784
-0.1808848
-0.1848134
-0.1814280
-0.1703589
-0.1604252
-0.1592763
-0.1632799
-0.1624466
-0.1540860
-0.1459990
-0.1458664
-0.1520225
-0.1556522
-0.1493468
-0.1335168
-0.1163511
-0.1064659
-0.1041329
-0.1020623
-0.0963892
-0.0929201
-0.0990231
-0.1126508
-0.1238692
-0.1256713
-0.1197984
-0.1129785
-0.1099734
-0.1094648
-0.1055674
-0.0949396
-0.0827560
-0.0787750
-0.0865656
-0.0994247
-0.1076623
-0.1069869
-0.0995538
-0.0908617
-0.0868243
-0.0899729
-0.0963799
-0.0987688
-0.0941338
-0.0865858
-0.0823547
-0.0838739
-0.0884672
-0.0905707
-0.0856389
-0.0740795
-0.0607727
-0.0489886
-0.0364427
-0.0195952
0.0007277
0.0220433
0.0474587
0.0866256
0.1500925
0.2456814
0.3791015
0.5529635
0.7619699
0.9892484
1.2089163
1.3949361
1.5304577
1.6084704
1.6215869
1.5543733
1.3937688
1.1505176
0.8652057
0.5875974
0.3499973
0.1606919
0.0173179
-0.0804254
-0.1314985
-0.1412805
-0.1233777
-0.0917995
-0.0526617
-0.0064394
0.0416418
0.0783890
0.0937613
0.0923242
0.0884307
0.0907889
0.0964402
0.0995563
0.1004219
0.1032205
0.1085569
0.1118416
0.1088815
0.1013141
0.0953123
0.0942552
0.0935387
0.0849584
0.0665709
0.0454854
0.0298523
0.0212141
0.0166952
0.0152568
0.0177403
0.0219570
0.0216518
0.0115794
-0.0073195
-0.0279993
-0.0426844
-0.0491879
-0.0520088
-0.0563075
-0.0617964
-0.0647909
-0.0653113
-0.0683416
-0.0771580
-0.0884984
-0.0958628
-0.0954942
-0.0880348
-0.0765834
-0.0649299
-0.0563519
-0.0519631
-0.0494436
-0.0437087
-0.0303821
-0.0110375
0.0049647
0.0076292
-0.0020347
-0.0102298
-0.0040394
0.0143139
0.0305191
0.0349137
0.0320740
0.0325019
0.0381726
0.0400435
0.0304521
0.0153851
0.0104561
0.0227598
0.0397925
0.0415852
0.0241914
0.0059629
0.0074537
0.0282980
0.0478489
0.0475007
0.0289487
0.0101792
0.0061804
0.0156072
0.0259731
0.0292226
0.0287408
0.0306656
0.0331042
0.0290435
0.0186383
0.0125384
0.0201081
0.0371212
0.0484804
0.0433651
0.0265348
0.0140174
0.0172468
0.0316494
0.0419722
0.0387615
0.0272117
0.0186822
0.0166193
0.0145041
0.0067174
-0.0027053
-0.0041029
0.0063026
0.0207012
0.0265657
0.0195464
0.0082283
0.0041393
0.0078625
0.0085947
-0.0014021
-0.0154754
-0.0190778
-0.0065283
0.0117823
0.0198808
0.0127801
0.0014214
0.0004890
0.0117437
0.0214743
0.0158924
-0.0028452
-0.0188456
-0.0198798
-0.0090556
0.0014663
0.0047972
0.0045102
0.0067509
0.0104269
0.0075794
-0.0061092
-0.0230896
-0.0293452
-0.0190718
-0.0015953
0.0084313
0.0061164
-0.0007880
-0.0028322
0.0007020
0.0030752
-0.0005818
-0.0073451
-0.0101475
-0.0063742
-0.0011609
-0.0009327
-0.0049400
-0.0061000
-0.0006583
0.0060765
0.0058671
-0.0020974
-0.0093574
-0.0067049
0.0066107
0.0223115
0.0312036
0.0315735
0.0291123
0.0286957
0.0283022
0.0231340
0.0144062
0.0103273
0.0169789
0.0303544
0.0394473
0.0369279
0.0258362
0.0156468
0.0120858
0.0115021
0.0061454
-0.0056373
-0.0170598
-0.0219216
-0.0232541
-0.0295537
-0.0429936
-0.0550912
-0.0561537
-0.0477644
-0.0435458
-0.0561344
-0.0835050
-0.1098214
-0.1213809
-0.1207501
-0.1225613
-0.1354487
-0.1518847
-0.1583635
-0.1532945
-0.1507627
-0.1655425
-0.1963890
-0.2261655
-0.2389267
-0.2358669
-0.2328750
-0.2423510
-0.2599885
-0.2716320
-0.2711618
-0.2672971
-0.2718675
-0.2851259
-0.2960241
-0.2961657
-0.2901789
-0.2901304
-0.3002054
-0.3096635
-0.3038209
-0.2819531
-0.2610404
-0.2593431
-0.2777154
-0.2995988
-0.3085320
-0.3025754
-0.2910755
-0.2806388
-0.2679214
-0.2468681
-0.2205139
-0.2017691
-0.2003509
-0.2106974
-0.2166278
-0.2089639
-0.1955118
-0.1911589
-0.1998085
-0.2094183
-0.2054878
-0.1872450
-0.1684963
-0.1625340
-0.1681168
-0.1724440
-0.1675246
-0.1598511
-0.1608865
-0.1703288
-0.1743850
-0.1624725
-0.1415912
-0.1298121
-0.1361687
-0.1510189
-0.1584338
-0.1557735
-0.1564421
-0.1713352
-0.1911569
-0.1931850
-0.1673241
-0.1308863
-0.1127512
-0.1237307
-0.1465302
-0.1555509
-0.1433192
-0.1256450
-0.1231258
-0.1407018
-0.1652311
-0.1798024
-0.1775412
-0.1625031
-0.1419796
-0.1217643
-0.1070026
-0.1019227
-0.1059360
-0.1125109
-0.1148529
-0.1120586
-0.1078233
-0.1038754
-0.0971802
-0.0842806
-0.0665286
-0.0490703
-0.0347659
-0.0211734
-0.0051733
0.0109324
0.0217701
0.0286220
0.0429181
0.0755387
0.1238166
0.1746462
0.2227455
0.2817761
0.3723019
0.4986342
0.6417465
0.7780887
0.9037759
1.0358107
1.1872618
1.3435707
1.4663582
1.5192095
1.4860638
1.3665359
1.1639631
0.8884264
0.5713441
0.2674075
0.0323561
-0.1057257
-0.1553105
-0.1453644
-0.1035191
-0.0481414
0.0064306
0.0467462
0.0663386
0.0711297
0.0732884
0.0791038
0.0856331
0.0889188
0.0910163
0.0962604
0.1032978
0.1049283
0.0963851
0.0814417
0.0689831
0.0644983
0.0662457
0.0693154
0.0713548
0.0729652
0.0739619
0.0721012
0.0659214
0.0563638
0.0444757
0.0302086
0.0159931
0.0091605
0.0158340
0.0309898
0.0382098
0.0234483
-0.0102334
-0.0435804
-0.0584539
-0.0543842
-0.0474446
-0.0532478
-0.0725411
-0.0935563
-0.1055797
-0.1073640
-0.1037156
-0.0984106
-0.0922779
-0.0852660
-0.0773016
-0.0679606
-0.0578287
-0.0501307
-0.0485017
-0.0517566
-0.0523497
-0.0425242
-0.0226588
-0.0016797
0.0126360
0.0225835
0.0365755
0.0557382
0.0685172
0.0627344
0.0418671
0.0245522
0.0256472
0.0401078
0.0485716
0.0386878
0.0185006
0.0074256
0.0153224
0.0329076
0.0433660
0.0408350
0.0344720
0.0349865
0.0412547
0.0427891
0.0335012
0.0195789
0.0130859
0.0197850
0.0347528
0.0491996
0.0594313
0.0674860
0.0736896
0.0718547
0.0550066
0.0257630
-0.0019744
-0.0140672
-0.0088284
0.0022857
0.0068221
0.0037951
0.0038428
0.0170414
0.0410588
0.0622388
0.0684484
0.0595916
0.0449036
0.0320004
0.0214736
0.0119948
0.0068586
0.0117817
0.0261076
0.0392525
0.0391813
0.0252655
0.0107535
0.0101315
0.0240912
0.0388706
0.0408125
0.0296535
0.0165669
0.0112807
0.0134085
0.0154188
0.0112566
0.0013977
-0.0084065
-0.0117502
-0.0063044
0.0033215
0.0068818
-0.0044126
-0.0285231
-0.0503170
-0.0526717
-0.0331635
-0.0085012
0.0009507
-0.0085132
-0.0213666
-0.0209377
-0.0071525
0.0057416
0.0069022
0.0004825
-0.0011043
0.0078110
0.0211273
0.0302530
0.0344015
0.0389215
0.0454866
0.0487072
0.0442201
0.0370054
0.0381391
0.0535897
0.0784967
0.1023765
0.1174007
0.1206440
0.1110666
0.0883423
0.0559982
0.0233049
0.0004384
-0.0096358
-0.0129031
-0.0163228
-0.0192157
-0.0150033
-0.0014233
0.0139691
0.0204908
0.0152357
0.0052815
-0.0005153
0.0003257
0.0046365
0.0101480
0.0180506
0.0282314
0.0348929
0.0308192
0.0164745
0.0013058
-0.0068276
-0.0115748
-0.0233663
-0.0443995
-0.0625841
-0.0640889
-0.0506529
-0.0401447
-0.0478195
-0.0693029
-0.0857808
-0.0862735
-0.0808329
-0.0883370
-0.1131476
-0.1390634
-0.1481383
-0.1414486
-0.1369718
-0.1481715
-0.1694755
-0.1847206
-0.1866838
-0.1844963
-0.1921460
-0.2132465
-0.2390828
-0.2593191
-0.2709153
-0.2764883
-0.2781251
-0.2760081
-0.2711433
-0.2652932
-0.2579533
-0.2472090
-0.2355927
-0.2320761
-0.2441531
-0.2678819
-0.2891597
-0.2969761
-0.2939733
-0.2916456
-0.2958134
-0.3002742
-0.2965140
-0.2866011
-0.2816305
-0.2868631
-0.2931066
-0.2867955
-0.2669445
-0.2475340
-0.2417871
-0.2471415
-0.2486065
-0.2361491
-0.2159902
-0.2036700
-0.2074989
-0.2206008
-0.2288096
-0.2242825
-0.2105951
-0.1966797
-0.1885512
-0.1867672
-0.1889811
-0.1927898
-0.1966989
-0.1999006
-0.2015964
-0.2003674
-0.1945959
-0.1840919
-0.1711795
-0.1595341
-0.1515610
-0.1470144
-0.1445114
-0.1444708
-0.1498512
-0.1627293
-0.1797105
-0.1919878
-0.1918566
-0.1800621
-0.1664381
-0.1626858
-0.1736406
-0.1942136
-0.2137232
-0.2234129
-0.2211684
-0.2106060
-0.1969264
-0.1840786
-0.1746427
-0.1699562
-0.1689599
-0.1680377
-0.1639248
-0.1570843
-0.1510548
-0.1479685
-0.1457384
-0.1407433
-0.1326773
-0.1247295
-0.1178555
-0.1065323
-0.0833486
-0.0487823
-0.0137675
0.0105208
0.0252717
0.0444089
0.0825627
0.1450688
0.2298755
0.3347477
0.4579407
0.5927837
0.7274097
0.8537293
0.9744370
1.0962520
1.2154739
1.3150685
1.3803863
1.4156699
1.4389847
1.4590219
1.4619912
1.4264150
1.3485621
1.2464274
1.1363573
1.0114614
0.8502109
0.6470607
0.4291704
0.2383473
0.0973695
-0.0027119
-0.0829646
-0.1501940
-0.1938098
-0.2050178
-0.1911491
-0.1678118
-0.1416689
-0.1072687
-0.0610200
-0.0126875
0.0213060
0.0346552
0.0370997
0.0422479
0.0523718
0.0584203
0.0540706
0.0453806
0.0440142
0.0531375
0.0636675
0.0647844
0.0554522
0.0442382
0.0396393
0.0425914
0.0475139
0.0479634
0.0404913
0.0254878
0.0073017
-0.0065181
-0.0094103
-0.0020574
0.0062566
0.0052328
-0.0068156
-0.0227601
-0.0366623
-0.0511154
-0.0716069
-0.0949997
-0.1087347
-0.1047392
-0.0920061
-0.0905393
-0.1107265
-0.1411474
-0.1599868
-0.1578643
-0.1456790
-0.1387444
-0.1375565
-0.1295024
-0.1088010
-0.0880333
-0.0848398
-0.0992320
-0.1100592
-0.0966482
-0.0611316
-0.0257084
-0.0083925
-0.0054370
0.0003547
0.0171208
0.0344228
0.0365900
0.0214422
0.0026009
-0.0051974
0.0003241
0.0099676
0.0139954
0.0099562
0.0018374
-0.0048239
-0.0062012
-0.0013879
0.0067648
0.0123148
0.0104783
0.0028555
-0.0029129
-0.0008821
0.0058644
0.0076395
-0.0011647
-0.0152298
-0.0236073
-0.0211585
-0.0129243
-0.0068956
-0.0044103
0.0002639
0.0110973
0.0235628
0.0289274
0.0247855
0.0186265
0.0191872
0.0257049
0.0286512
0.0218020
0.0110921
0.0087902
0.0189915
0.0314499
0.0318662
0.0177424
0.0017380
-0.0018793
0.0073714
0.0165041
0.0145016
0.0046000
-0.0007412
0.0045505
0.0129634
0.0128338
0.0025718
-0.0073811
-0.0069441
0.0016508
0.0063285
-0.0009568
-0.0150701
-0.0234834
-0.0197214
-0.0090122
-0.0008868
0.0012625
0.0016236
0.0044105
0.0076967
0.0059739
-0.0024595
-0.0127261
-0.0186500
-0.0196523
-0.0208225
-0.0259708
-0.0321460
-0.0325858
-0.0249448
-0.0151099
-0.0118049
-0.0176577
-0.0264170
-0.0293967
-0.0243826
-0.0175532
-0.0163198
-0.0209092
-0.0241771
-0.0200053
-0.0105571
-0.0036679
-0.0032494
-0.0042622
0.0011658
0.0132123
0.0222069
0.0185633
0.0039873
-0.0096937
-0.0140256
-0.0144040
-0.0242132
-0.0480814
-0.0735275
-0.0817467
-0.0665316
-0.0408031
-0.0239560
-0.0239742
-0.0326279
-0.0365787
-0.0306172
-0.0196126
-0.0103629
-0.0050237
-0.0028489
-0.0050053
-0.0141831
-0.0293067
-0.0432227
-0.0476985
-0.0407576
-0.0284764
-0.0197687
-0.0198844
-0.0284098
-0.0418878
-0.0569929
-0.0714272
-0.0834750
-0.0923339
-0.0990927
-0.1064500
-0.1167326
-0.1301750
-0.1451342
-0.1595665
-0.1721451
-0.1825943
-0.1916458
-0.2004632
-0.2093592
-0.2169920
-0.2216861
-0.2243105
-0.2294550
-0.2423534
-0.2634978
-0.2865605
-0.3030543
-0.3100739
-0.3130622
-0.3199977
-0.3328593
-0.3457480
-0.3517438
-0.3505766
-0.3482653
-0.3491544
-0.3494897
-0.3400101
-0.3151020
-0.2789910
-0.2428782
-0.2166980
-0.2041254
-0.2043560
-0.2158705
-0.2363180
-0.2595753
-0.2762638
-0.2801210
-0.2742127
-0.2689533
-0.2719563
-0.2794871
-0.2792760
-0.2631925
-0.2371175
-0.2170676
-0.2146879
-0.2267846
-0.2394839
-0.2420359
-0.2355148
-0.2283465
-0.2255426
-0.2245488
-0.2213767
-0.2177679
-0.2193068
-0.2266927
-0.2322585
-0.2279764
-0.2160625
-0.2083030
-0.2131478
-0.2252659
-0.2306399
-0.2221797
-0.2077959
-0.2010895
-0.2050789
-0.2078637
-0.1956502
-0.1686985
-0.1424791
-0.1330761
-0.1429190
-0.1611728
-0.1761293
-0.1850395
-0.1922137
-0.2003155
-0.2059913
-0.2041421
-0.1948324
-0.1844738
-0.1798273
-0.1813438
-0.1830459
-0.1791792
-0.1705893
-0.1639009
-0.1641833
-0.1690152
-0.1706673
-0.1641838
-0.1521731
-0.1406946
-0.1313753
-0.1197904
-0.1021649
-0.0812026
-0.0626469
-0.0470136
-0.0283554
-0.0024375
0.0274342
0.0566694
0.0901338
0.1412684
0.2182497
0.3153428
0.4229884
0.5439822
0.6908639
0.8627223
1.0309976
1.1589393
1.2377296
1.2957162
1.3647628
1.4399892
1.4804520
1.4512160
1.3584538
1.2388831
1.1198745
0.9980661
0.8562096
0.6904376
0.5137428
0.3386216
0.1687906
0.0117293
-0.1103429
-0.1737562
-0.1789933
-0.1553930
-0.1348377
-0.1230118
-0.1010384
-0.0543312
0.0058080
0.0517836
0.0673600
0.0616541
0.0563638
0.0632873
0.0763132
0.0826848
0.0780547
0.0696769
0.0673677
0.0736182
0.0823219
0.0856788
0.0817212
0.0755253
0.0734426
0.0762116
0.0780935
0.0733516
0.0633766
0.0562267
0.0581716
0.0660947
0.0694468
0.0601938
0.0402428
0.0186554
0.0023940
-0.0089524
-0.0196205
-0.0311099
-0.0411078
-0.0484998
-0.0570170
-0.0719346
-0.0932577
-0.1135588
-0.1234642
-0.1192953
-0.1054360
-0.0900415
-0.0791467
-0.0743035
-0.0739919
-0.0756281
-0.0762292
-0.0727630
-0.0636239
-0.0503838
-0.0374333
-0.0286996
-0.0238304
-0.0176010
-0.0040223
0.0177298
0.0409790
0.0558767
0.0573688
0.0495111
0.0415444
0.0392557
0.0404247
0.0391046
0.0336794
0.0291195
0.0305652
0.0360514
0.0378894
0.0319750
0.0239758
0.0240516
0.0352916
0.0493529
0.0551167
0.0508889
0.0460443
0.0501301
0.0621709
0.0725232
0.0744202
0.0707629
0.0679799
0.0652858
0.0539295
0.0288422
-0.0010032
-0.0173321
-0.0093216
0.0151559
0.0362895
0.0404788
0.0314544
0.0240226
0.0282778
0.0406257
0.0491856
0.0463005
0.0354120
0.0268436
0.0277793
0.0359379
0.0421896
0.0394988
0.0301608
0.0242986
0.0300525
0.0444198
0.0547432
0.0510498
0.0371770
0.0278652
0.0332995
0.0475542
0.0547615
0.0470734
0.0337214
0.0296407
0.0364150
0.0389026
0.0233456
-0.0035563
-0.0183314
-0.0053342
0.0247820
0.0442514
0.0356604
0.0077088
-0.0169125
-0.0259521
-0.0264010
-0.0302290
-0.0371014
-0.0356393
-0.0202128
-0.0008686
0.0067592
-0.0006542
-0.0104242
-0.0089476
0.0026111
0.0106113
0.0058449
-0.0055206
-0.0095858
-0.0009921
0.0117011
0.0169872
0.0136271
0.0104304
0.0139158
0.0194612
0.0166756
0.0025997
-0.0126501
-0.0144369
0.0025654
0.0292169
0.0497142
0.0540252
0.0439544
0.0295265
0.0208245
0.0221234
0.0311441
0.0419690
0.0488239
0.0488886
0.0435037
0.0375293
0.0367420
0.0440788
0.0570195
0.0685501
0.0717275
0.0645670
0.0512100
0.0383713
0.0302473
0.0263027
0.0233723
0.0193467
0.0146800
0.0108748
0.0083457
0.0059928
0.0022805
-0.0037425
-0.0120683
-0.0216357
-0.0306992
-0.0381493
-0.0449229
-0.0535715
-0.0657383
-0.0802211
-0.0943060
-0.1072203
-0.1213645
-0.1390821
-0.1584095
-0.1734520
-0.1799886
-0.1801082
-0.1800682
-0.1836289
-0.1889162
-0.1924638
-0.1947368
-0.1993901
-0.2069024
-0.2113729
-0.2062227
-0.1932915
-0.1841356
-0.1900620
-0.2104444
-0.2319909
-0.2404809
-0.2332403
-0.2201554
-0.2134639
-0.2175490
-0.2280047
-0.2383412
-0.2457838
-0.2509486
-0.2539863
-0.2529361
-0.2461823
-0.2355198
-0.2256053
-0.2198531
-0.2169181
-0.2113439
-0.1978215
-0.1754423
-0.1488331
-0.1256888
-0.1124971
-0.1111222
-0.1182745
-0.1279992
-0.1353104
-0.1384814
-0.1386569
-0.1374350
-0.1346506
-0.1286154
-0.1189053
-0.1088324
-0.1043254
-0.1094226
-0.1225152
-0.1371444
-0.1466585
-0.1484262
-0.1443643
-0.1384758
-0.1342843
-0.1336566
-0.1363061
-0.1395299
-0.1394946
-0.1346274
-0.1279970
-0.1246217
-0.1252448
-0.1242469
-0.1162176
-0.1045746
-0.1005686
-0.1110794
-0.1283868
-0.1355081
-0.1235440
-0.1020673
-0.0896301
-0.0939723
-0.1043443
-0.1048791
-0.0930112
-0.0808351
-0.0783676
-0.0801602
-0.0722053
-0.0500925
-0.0250411
-0.0101780
-0.0049884
0.0018325
0.0152415
0.0261936
0.0257202
0.0234443
0.0439809
0.1007322
0.1775856
0.2445209
0.2943545
0.3598423
0.4883261
0.6966898
0.9515243
1.1937156
1.3819030
1.5126505
1.6012929
1.6467266
1.6169807
1.4705169
1.1948061
0.8291442
0.4524702
0.1446891
-0.0507767
-0.1382871
-0.1517401
-0.1259227
-0.0809574
-0.0265962
0.0267988
0.0663227
0.0846258
0.0862231
0.0835562
0.0870030
0.0987104
0.1140349
0.1263734
0.1305963
0.1248338
0.1119495
0.0991439
0.0933258
0.0947691
0.0958837
0.0878883
0.0691425
0.0464396
0.0284929
0.0192040
0.0169727
0.0184804
0.0216164
0.0255590
0.0299126
0.0342792
0.0375356
0.0367661
0.0279623
0.0096866
-0.0133816
-0.0320755
-0.0399289
-0.0392204
-0.0388640
-0.0456643
-0.0581693
-0.0694319
-0.0747892
-0.0757771
-0.0768430
-0.0797581
-0.0819767
-0.0798240
-0.0725295
-0.0632592
-0.0567250
-0.0557008
-0.0589947
-0.0620246
-0.0596857
-0.0500477
-0.0363529
-0.0250762
-0.0208750
-0.0228617
-0.0259495
-0.0256879
-0.0213070
-0.0144263
-0.0062905
0.0026597
0.0111204
0.0164066
0.0165219
0.0125274
0.0082064
0.0070951
0.0099986
0.0153642
0.0213054
0.0264394
0.0292200
0.0280523
0.0228315
0.0153650
0.0073454
-0.0010324
-0.0087478
-0.0109562
-0.0015643
0.0188590
0.0391379
0.0451862
0.0337044
0.0166304
0.0091884
0.0135173
0.0171737
0.0095010
-0.0035677
-0.0055622
0.0097039
0.0284438
0.0318572
0.0184874
0.0063313
0.0112067
0.0271706
0.0328903
0.0168410
-0.0083675
-0.0193034
-0.0069536
0.0148467
0.0255924
0.0185304
0.0031399
-0.0089409
-0.0153856
-0.0205921
-0.0265203
-0.0298215
-0.0270234
-0.0194455
-0.0120739
-0.0091137
-0.0115814
-0.0179663
-0.0254658
-0.0308106
-0.0320153
-0.0306229
-0.0310036
-0.0355539
-0.0409507
-0.0414057
-0.0364901
-0.0338739
-0.0422530
-0.0617713
-0.0828484
-0.0946918
-0.0941241
-0.0861842
-0.0777750
-0.0721544
-0.0689793
-0.0673818
-0.0671999
-0.0676791
-0.0669966
-0.0641585
-0.0604427
-0.0578250
-0.0565647
-0.0556606
-0.0553363
-0.0571378
-0.0606610
-0.0615536
-0.0546962
-0.0398464
-0.0232702
-0.0129338
-0.0119180
-0.0166941
-0.0215344
-0.0237035
-0.0239032
-0.0228311
-0.0193656
-0.0127620
-0.0051242
-0.0001660
0.0002239
-0.0027558
-0.0066454
-0.0096520
-0.0107931
-0.0097051
-0.0076008
-0.0078668
-0.0138175
-0.0245725
-0.0339037
-0.0352434
-0.0288843
-0.0230596
-0.0263055
-0.0390444
-0.0540979
-0.0652352
-0.0731012
-0.0818405
-0.0919661
-0.0992720
-0.1009881
-0.1008641
-0.1064011
-0.1212649
-0.1416199
-0.1602402
-0.1733193
-0.1827671
-0.1930906
-0.2075765
-0.2266524
-0.2470934
-0.2619017
-0.2640430
-0.2538319
-0.2420322
-0.2418198
-0.2556117
-0.2716834
-0.2763814
-0.2693581
-0.2642047
-0.2729367
-0.2919265
-0.3059097
-0.3055555
-0.2976561
-0.2958590
-0.3038238
-0.3117691
-0.3100061
-0.3017133
-0.2990322
-0.3079703
-0.3206996
-0.3236939
-0.3114696
-0.2909667
-0.2737265
-0.2658099
-0.2651725
-0.2661987
-0.2645340
-0.2584080
-0.2483510
-0.2371414
-0.2283944
-0.2232428
-0.2190158
-0.2128803
-0.2062925
-0.2035419
-0.2052299
-0.2053326
-0.1969223
-0.1805490
-0.1650847
-0.1592368
-0.1629531
-0.1684191
-0.1693969
-0.1678913
-0.1704096
-0.1788196
-0.1872538
-0.1885422
-0.1818547
-0.1726780
-0.1663813
-0.1635544
-0.1615217
-0.1587545
-0.1567160
-0.1577230
-0.1619485
-0.1671728
-0.1713773
-0.1748045
-0.1788322
-0.1831874
-0.1851902
-0.1821049
-0.1740250
-0.1644272
-0.1578690
-0.1564488
-0.1578470
-0.1573903
-0.1531432
-0.1487669
-0.1499062
-0.1570908
-0.1633126
-0.1601717
-0.1468229
-0.1319335
-0.1255647
-0.1288290
-0.1326389
-0.1276829
-0.1147177
-0.1029641
-0.0983578
-0.0962515
-0.0877459
-0.0712768
-0.0543543
-0.0434214
-0.0353026
-0.0213913
0.0010947
0.0259503
0.0478854
0.0731204
0.1161195
0.1850279
0.2736642
0.3705400
0.4735164
0.5910747
0.7285989
0.8775335
1.0210678
1.1486045
1.2610637
1.3617334
1.4450222
1.4966927
1.5047575
1.4684611
1.3961629
1.2956406
1.1673821
1.0065834
0.8107733
0.5870532
0.3552284
0.1446132
-0.0164540
-0.1141030
-0.1556464
-0.1630546
-0.1579914
-0.1501747
-0.1364246
-0.1085597
-0.0633831
-0.0083091
0.0411102
0.0707623
0.0778960
0.0729008
0.0704426
0.0771410
0.0871512
0.0901876
0.0838332
0.0766571
0.0784298
0.0888476
0.0981220
0.0982149
0.0907558
0.0829414
0.0781135
0.0730421
0.0640065
0.0528149
0.0450533
0.0430784
0.0427631
0.0384010
0.0299982
0.0237605
0.0247243
0.0303590
0.0327712
0.0264937
0.0128142
-0.0029897
-0.0169000
-0.0282958
-0.0383674
-0.0477966
-0.0561153
-0.0626692
-0.0674346
-0.0705437
-0.0715805
-0.0702752
-0.0677509
-0.0659100
-0.0652555
-0.0644176
-0.0624326
-0.0603812
-0.0596255
-0.0589971
-0.0551567
-0.0462384
-0.0345455
-0.0248773
-0.0198360
-0.0170627
-0.0117285
-0.0016177
0.0114097
0.0251760
0.0400880
0.0559213
0.0669715
0.0645825
0.0468952
0.0243686
0.0124659
0.0176896
0.0318110
0.0409076
0.0397140
0.0357692
0.0391267
0.0499084
0.0583891
0.0569237
0.0486093
0.0424631
0.0422787
0.0432620
0.0393828
0.0313278
0.0258862
0.0285718
0.0380030
0.0472700
0.0500221
0.0452660
0.0373677
0.0325868
0.0351754
0.0445023
0.0542876
0.0561498
0.0469313
0.0330639
0.0253945
0.0283131
0.0353249
0.0366406
0.0299046
0.0213800
0.0167266
0.0131826
0.0032816
-0.0138557
-0.0278501
-0.0266900
-0.0108996
0.0050673
0.0076053
-0.0016810
-0.0090418
-0.0052207
0.0042206
0.0063570
-0.0036103
-0.0168244
-0.0206877
-0.0124220
-0.0013210
0.0019919
-0.0035066
-0.0102617
-0.0124795
-0.0125248
-0.0164586
-0.0256490
-0.0347306
-0.0370314
-0.0305889
-0.0192788
-0.0092916
-0.0044390
-0.0038827
-0.0039833
-0.0025078
-0.0010853
-0.0034377
-0.0109498
-0.0195953
-0.0216183
-0.0119404
0.0058336
0.0208638
0.0246033
0.0191581
0.0148540
0.0192595
0.0298377
0.0378261
0.0380959
0.0340505
0.0330736
0.0382432
0.0455976
0.0498779
0.0516330
0.0563744
0.0662707
0.0752473
0.0749274
0.0649385
0.0548483
0.0546779
0.0643161
0.0734969
0.0725590
0.0624995
0.0530485
0.0504289
0.0490459
0.0379777
0.0154249
-0.0065319
-0.0135391
-0.0039533
0.0095331
0.0125203
0.0014553
-0.0161971
-0.0320351
-0.0447569
-0.0579172
-0.0720571
-0.0824835
-0.0859203
-0.0866844
-0.0932751
-0.1094116
-0.1310613
-0.1525192
-0.1728366
-0.1947674
-0.2187639
-0.2399821
-0.2517088
-0.2513670
-0.2430057
-0.2341601
-0.2307170
-0.2346272
-0.2447626
-0.2577740
-0.2685930
-0.2733042
-0.2732261
-0.2740733
-0.2787149
-0.2818612
-0.2747811
-0.2559529
-0.2352699
-0.2260725
-0.2327319
-0.2465084
-0.2540663
-0.2499375
-0.2398805
-0.2321853
-0.2279583
-0.2219847
-0.2115568
-0.2006144
-0.1940881
-0.1910726
-0.1863275
-0.1778933
-0.1707576
-0.1714879
-0.1795019
-0.1852976
-0.1793129
-0.1628135
-0.1479229
-0.1452127
-0.1525594
-0.1583945
-0.1552496
-0.1473284
-0.1438680
-0.1471608
-0.1495445
-0.1426889
-0.1283935
-0.1179489
-0.1198141
-0.1298664
-0.1368372
-0.1369327
-0.1387332
-0.1510066
-0.1686036
-0.1752215
-0.1611340
-0.1353744
-0.1179249
-0.1199848
-0.1335349
-0.1412953
-0.1358066
-0.1261874
-0.1255621
-0.1351235
-0.1439571
-0.1430864
-0.1350983
-0.1288112
-0.1282890
-0.1302066
-0.1303876
-0.1293773
-0.1305010
-0.1341109
-0.1357045
-0.1302303
-0.1172997
-0.1012492
-0.0868773
-0.0765272
-0.0701154
-0.0645819
-0.0530619
-0.0295343
0.0020594
0.0270120
0.0349850
0.0370266
0.0616882
0.1289753
0.2292952
0.3336666
0.4281294
0.5352959
0.6949889
0.9190867
1.1675222
1.3735037
1.4928477
1.5254784
1.4900002
1.3863626
1.1929159
0.9015816
0.5501391
0.2132473
-0.0423040
-0.1957179
-0.2692041
-0.2927042
-0.2769670
-0.2210449
-0.1374415
-0.0587135
-0.0150625
-0.0089590
-0.0158889
-0.0100651
0.0121427
0.0334825
0.0373960
0.0255953
0.0138834
0.0135355
0.0207613
0.0246791
0.0211294
0.0151234
0.0118359
0.0096849
0.0032730
-0.0093519
-0.0241702
-0.0353981
-0.0409114
-0.0425720
-0.0416712
-0.0367604
-0.0285325
-0.0249986
-0.0364888
-0.0631478
-0.0908284
-0.1036421
-0.1005817
-0.0969463
-0.1078260
-0.1308946
-0.1471612
-0.1400963
-0.1137895
-0.0902018
-0.0874484
-0.1027176
-0.1182287
-0.1214021
-0.1152168
-0.1095898
-0.1077043
-0.1036332
-0.0912729
-0.0723541
-0.0546248
-0.0429178
-0.0335803
-0.0193073
0.0007191
0.0178054
0.0221365
0.0127409
-0.0020684
-0.0125344
-0.0140991
-0.0078768
0.0024718
0.0133168
0.0212522
0.0220376
0.0119603
-0.0068760
-0.0233811
-0.0242248
-0.0068028
0.0162007
0.0279029
0.0229014
0.0109521
0.0056475
0.0106216
0.0172329
0.0155216
0.0062909
0.0001803
0.0041884
0.0122949
0.0127887
0.0033307
-0.0056253
-0.0031043
0.0099082
0.0217228
0.0218339
0.0103068
-0.0036143
-0.0111162
-0.0118887
-0.0126431
-0.0183272
-0.0265558
-0.0310198
-0.0280946
-0.0188615
-0.0069915
0.0031012
0.0076085
0.0055591
-0.0003480
-0.0063816
-0.0109583
-0.0149047
-0.0199025
-0.0273129
-0.0370024
-0.0463978
-0.0519109
-0.0519757
-0.0477859
-0.0414013
-0.0350142
-0.0316603
-0.0335607
-0.0387423
-0.0417883
-0.0396022
-0.0351601
-0.0343808
-0.0398358
-0.0478952
-0.0518601
-0.0485938
-0.0423892
-0.0404630
-0.0435598
-0.0438720
-0.0351992
-0.0228199
-0.0186763
-0.0268021
-0.0375285
-0.0377483
-0.0248678
-0.0089993
-0.0018386
-0.0043719
-0.0066513
-0.0003710
0.0102591
0.0135539
0.0059442
-0.0019999
0.0027610
0.0213082
0.0424910
0.0544576
0.0538574
0.0459531
0.0392877
0.0400030
0.0486253
0.0606729
0.0699169
0.0716333
0.0651179
0.0550269
0.0484105
0.0474042
0.0460459
0.0376024
0.0237902
0.0123562
0.0057925
-0.0024211
-0.0183387
-0.0379428
-0.0502877
-0.0496885
-0.0429704
-0.0434050
-0.0567275
-0.0743069
-0.0830481
-0.0819746
-0.0843806
-0.1012081
-0.1267444
-0.1453315
-0.1497537
-0.1481589
-0.1535155
-0.1702885
-0.1920479
-0.2095370
-0.2197379
-0.2272421
-0.2371391
-0.2482821
-0.2556572
-0.2579243
-0.2588625
-0.2617676
-0.2666641
-0.2732326
-0.2815945
-0.2888027
-0.2894003
-0.2824487
-0.2748787
-0.2747037
-0.2820091
-0.2883325
-0.2846883
-0.2703852
-0.2545651
-0.2476644
-0.2502096
-0.2525080
-0.2473288
-0.2391528
-0.2367707
-0.2399148
-0.2391746
-0.2284292
-0.2121504
-0.1996412
-0.1953804
-0.1956536
-0.1927507
-0.1825953
-0.1692174
-0.1605950
-0.1597712
-0.1624561
-0.1634159
-0.1611710
-0.1556437
-0.1465951
-0.1371274
-0.1338431
-0.1394038
-0.1477749
-0.1500754
-0.1432020
-0.1310083
-0.1195972
-0.1130132
-0.1111848
-0.1110125
-0.1110924
-0.1143373
-0.1230005
-0.1330605
-0.1383339
-0.1389073
-0.1400395
-0.1432272
-0.1439285
-0.1384710
-0.1285040
-0.1182918
-0.1113275
-0.1089929
-0.1088771
-0.1055382
-0.0965550
-0.0864224
-0.0812633
-0.0817373
-0.0840577
-0.0850261
-0.0830103
-0.0775596
-0.0713069
-0.0683375
-0.0677235
-0.0636241
-0.0551921
-0.0504844
-0.0553918
-0.0632300
-0.0605923
-0.0409165
-0.0094262
0.0218009
0.0416552
0.0475326
0.0480045
0.0558887
0.0800060
0.1283327
0.2153430
0.3552942
0.5460658
0.7668855
0.9928009
1.2045645
1.3854769
1.5182583
1.5870001
1.5757552
1.4667598
1.2507679
0.9439716
0.5920629
0.2574324
0.0000087
-0.1439832
-0.1798283
-0.1497766
-0.1010950
-0.0573440
-0.0207005
0.0101921
0.0353541
0.0573740
0.0771524
0.0896281
0.0920824
0.0909830
0.0933536
0.0981896
0.1022495
0.1053939
0.1048597
0.0952983
0.0800281
0.0699828
0.0666959
0.0606409
0.0505586
0.0466187
0.0485660
0.0404588
0.0156935
-0.0107347
-0.0222582
-0.0158060
0.0058734
0.0351579
0.0510818
0.0360880
0.0037215
-0.0184670
-0.0326004
-0.0613051
-0.0966696
-0.1060394
-0.0942017
-0.1029768
-0.1312682
-0.1172147
-0.0342841
