0.0530562
0.0730012
0.0629257
0.0635448
0.0780848
0.0793914
0.0657762
0.0627279
0.0757294
0.0823893
0.0717562
0.0581580
0.0533605
0.0520545
0.0482204
0.0441496
0.0406092
0.0350087
0.0294798
0.0266685
0.0205731
0.0056091
-0.0097572
-0.0131948
-0.0083224
-0.0099670
-0.0226501
-0.0369577
-0.0452039
-0.0493714
-0.0550368
-0.0660718
-0.0829764
-0.1000233
-0.1084914
-0.1086397
-0.1124201
-0.1278436
-0.1471162
-0.1573668
-0.1572983
-0.1562332
-0.1616392
-0.1738500
-0.1888821
-0.2012819
-0.2077176
-0.2110718
-0.2171465
-0.2258843
-0.2314172
-0.2321508
-0.2340744
-0.2417453
-0.2522080
-0.2602295
-0.2639164
-0.2632038
-0.2583502
-0.2520652
-0.2485269
-0.2486815
-0.2500577
-0.2512556
-0.2527856
-0.2542625
-0.2550300
-0.2564734
-0.2593822
-0.2605232
-0.2564431
-0.2491077
-0.2430256
-0.2382694
-0.2312210
-0.2212973
-0.2125300
-0.2087924
-0.2103698
-0.2142314
-0.2155663
-0.2110217
-0.2024499
-0.1950654
-0.1904158
-0.1847781
-0.1765197
-0.1706105
-0.1721529
-0.1785045
-0.1815641
-0.1763715
-0.1652565
-0.1549867
-0.1509697
-0.1525014
-0.1534272
-0.1496045
-0.1448443
-0.1457966
-0.1516578
-0.1541054
-0.1485162
-0.1405130
-0.1389056
-0.1450600
-0.1516263
-0.1506888
-0.1422395
-0.1348201
-0.1367589
-0.1462006
-0.1525221
-0.1495199
-0.1435938
-0.1448697
-0.1530465
-0.1576634
-0.1519985
-0.1416748
-0.1378762
-0.1447060
-0.1549163
-0.1575883
-0.1495827
-0.1387288
-0.1345452
-0.1370276
-0.1378692
-0.1324167
-0.1256232
-0.1244026
-0.1285207
-0.1323054
-0.1322186
-0.1289329
-0.1235982
-0.1158299
-0.1056316
-0.0949212
-0.0856085
-0.0760926
-0.0611218
-0.0379470
-0.0131478
0.0012892
0.0032504
0.0092957
0.0420000
0.1081594
0.1948252
0.2880938
0.3898654
0.5113561
0.6532513
0.7994847
0.9340498
1.0602366
1.1954037
1.3425708
1.4728435
1.5465235
1.5540613
1.5270631
1.5013930
1.4747819
1.4109712
1.2851292
1.1140531
0.9347578
0.7598367
0.5668534
0.3375080
0.0998658
-0.0816692
-0.1644425
-0.1695394
-0.1579012
-0.1669449
-0.1797844
-0.1578252
-0.0925788
-0.0163023
0.0341093
0.0530126
0.0630373
0.0833993
0.1088791
0.1207360
0.1120662
0.0960245
0.0895959
0.0957558
0.1050031
0.1096004
0.1101238
0.1095115
0.1072364
0.1014053
0.0926004
0.0827501
0.0720237
0.0594806
0.0466353
0.0383142
0.0382370
0.0437400
0.0470653
0.0439684
0.0394425
0.0409491
0.0458840
0.0409694
0.0176519
-0.0148406
-0.0364877
-0.0366729
-0.0245945
-0.0188056
-0.0281948
-0.0446540
-0.0539730
-0.0519892
-0.0478601
-0.0514863
-0.0609640
-0.0652057
-0.0571210
-0.0404340
-0.0238137
-0.0122477
-0.0053914
-0.0009663
0.0031017
0.0087303
0.0172400
0.0279726
0.0378983
0.0435255
0.0441194
0.0429370
0.0439828
0.0472690
0.0490376
0.0474413
0.0457498
0.0479728
0.0529843
0.0556361
0.0531791
0.0482526
0.0452851
0.0456276
0.0469596
0.0467570
0.0455325
0.0460519
0.0491535
0.0515105
0.0491788
0.0429069
0.0378003
0.0374720
0.0405981
0.0438326
0.0458899
0.0473778
0.0483092
0.0477887
0.0458189
0.0440073
0.0439369
0.0450107
0.0444531
0.0404042
0.0351199
0.0334635
0.0370711
0.0416245
0.0420155
0.0392218
0.0393411
0.0455516
0.0533229
0.0548375
0.0472775
0.0358670
0.0288522
0.0297504
0.0347517
0.0378780
0.0377781
0.0378580
0.0400377
0.0410580
0.0365004
0.0268590
0.0177827
0.0149011
0.0195204
0.0285277
0.0370007
0.0411526
0.0401391
0.0358342
0.0310112
0.0275667
0.0257028
0.0241001
0.0214569
0.0187005
0.0187887
0.0228375
0.0272343
0.0268772
0.0214853
0.0166113
0.0174500
0.0229421
0.0269958
0.0249410
0.0182150
0.0130391
0.0146681
0.0225476
0.0308608
0.0336989
0.0295311
0.0212733
0.0134339
0.0093234
0.0091645
0.0097805
0.0075465
0.0030963
0.0020191
0.0090490
0.0217656
0.0314699
0.0307072
0.0197010
0.0058700
-0.0024330
-0.0022521
0.0027856
0.0069668
0.0078345
0.0070863
0.0072267
0.0086135
0.0095720
0.0081984
0.0040656
-0.0007862
-0.0027595
-0.0000513
0.0047044
0.0065142
0.0033092
-0.0017355
-0.0036174
-0.0006518
0.0039802
0.0052945
0.0010765
-0.0061017
-0.0114197
-0.0126017
-0.0118343
-0.0126313
-0.0154536
-0.0170944
-0.0140563
-0.0062233
0.0022136
0.0053374
0.0002889
-0.0095946
-0.0172575
-0.0185416
-0.0158750
-0.0147980
-0.0176696
-0.0218070
-0.0233071
-0.0215319
-0.0196300
-0.0211336
-0.0262530
-0.0315314
-0.0331359
-0.0302020
-0.0249239
-0.0202981
-0.0184925
-0.0203155
-0.0246149
-0.0285818
-0.0304384
-0.0319561
-0.0365904
-0.0445021
-0.0509380
-0.0508626
-0.0447799
-0.0389736
-0.0396177
-0.0466946
-0.0539051
-0.0549177
-0.0497318
-0.0444454
-0.0447943
-0.0506587
-0.0569197
-0.0585358
-0.0544241
-0.0478311
-0.0439787
-0.0462232
-0.0529752
-0.0586760
-0.0589208
-0.0545810
-0.0502367
-0.0488535
-0.0488054
-0.0461025
-0.0388822
-0.0294178
-0.0219411
-0.0189005
-0.0196524
-0.0223162
-0.0254789
-0.0274950
-0.0258813
-0.0196315
-0.0117356
-0.0070921
-0.0072062
-0.0085484
-0.0071186
-0.0034457
-0.0017357
-0.0044287
-0.0088526
-0.0099149
-0.0058785
-0.0007271
-0.0001642
-0.0055215
-0.0125763
-0.0165145
-0.0169460
-0.0175105
-0.0216959
-0.0300300
-0.0405036
-0.0504424
-0.0582280
-0.0642560
-0.0703022
-0.0774213
-0.0846130
-0.0900418
-0.0934360
-0.0968742
-0.1031960
-0.1136350
-0.1267086
-0.1393911
-0.1497208
-0.1582910
-0.1670053
-0.1768045
-0.1871749
-0.1973102
-0.2066850
-0.2148400
-0.2220356
-0.2302252
-0.2417350
-0.2559157
-0.2679510
-0.2724214
-0.2686379
-0.2622742
-0.2611953
-0.2689218
-0.2817896
-0.2927996
-0.2983683
-0.3007505
-0.3037969
-0.3076753
-0.3090077
-0.3056596
-0.2999571
-0.2967111
-0.2984838
-0.3029390
-0.3048020
-0.3007814
-0.2928268
-0.2862076
-0.2841640
-0.2848615
-0.2837979
-0.2786546
-0.2714220
-0.2661868
-0.2651845
-0.2667467
-0.2669571
-0.2635576
-0.2581029
-0.2537747
-0.2512798
-0.2477931
-0.2401971
-0.2287280
-0.2171210
-0.2095274
-0.2073140
-0.2083235
-0.2089959
-0.2074008
-0.2042204
-0.2008273
-0.1970823
-0.1916815
-0.1842992
-0.1765855
-0.1710381
-0.1692766
-0.1710783
-0.1743863
-0.1763187
-0.1748677
-0.1700578
-0.1636537
-0.1580191
-0.1550679
-0.1553856
-0.1577331
-0.1598119
-0.1600813
-0.1587474
-0.1569165
-0.1553056
-0.1540491
-0.1531873
-0.1527758
-0.1526537
-0.1523363
-0.1510366
-0.1479617
-0.1431686
-0.1382559
-0.1356562
-0.1368107
-0.1409458
-0.1453855
-0.1469360
-0.1437283
-0.1367323
-0.1293648
-0.1246916
-0.1228314
-0.1216991
-0.1201884
-0.1195755
-0.1212865
-0.1240271
-0.1240908
-0.1186764
-0.1083831
-0.0959882
-0.0831710
-0.0696720
-0.0561062
-0.0455805
-0.0396149
-0.0326519
-0.0147413
0.0168841
0.0505894
0.0697665
0.0727251
0.0825165
0.1347573
0.2541427
0.4408825
0.6754447
0.9304002
1.1756342
1.3786222
1.5113365
1.5635871
1.5457399
1.4705783
1.3320025
1.1097827
0.8023633
0.4529996
0.1358503
-0.0890160
-0.2083089
-0.2467642
-0.2332864
-0.1814457
-0.0999556
-0.0101942
0.0578124
0.0880597
0.0909722
0.0893534
0.0948098
0.1015853
0.1009972
0.0952904
0.0944839
0.1031489
0.1147846
0.1193863
0.1136248
0.1021917
0.0910324
0.0817956
0.0728515
0.0631854
0.0534950
0.0446484
0.0373306
0.0332154
0.0342902
0.0398188
0.0451502
0.0449665
0.0375747
0.0253952
0.0117707
-0.0016095
-0.0141100
-0.0242391
-0.0297093
-0.0299073
-0.0276773
-0.0274742
-0.0312181
-0.0365518
-0.0396959
-0.0393741
-0.0370814
-0.0340176
-0.0291380
-0.0205476
-0.0078285
0.0076509
0.0240939
0.0399651
0.0533064
0.0615182
0.0633019
0.0612473
0.0611590
0.0670046
0.0764338
0.0829239
0.0831518
0.0808730
0.0820474
0.0869123
0.0889785
0.0826164
0.0704320
0.0617948
0.0639972
0.0755823
0.0885521
0.0962258
0.0979715
0.0968632
0.0948715
0.0916684
0.0868897
0.0814287
0.0763821
0.0723667
0.0703923
0.0718886
0.0766696
0.0817765
0.0839854
0.0836593
0.0848352
0.0904429
0.0977760
0.0999887
0.0929587
0.0803064
0.0706899
0.0699165
0.0761478
0.0826533
0.0842838
0.0811198
0.0771671
0.0765357
0.0800853
0.0844765
0.0847593
0.0792817
0.0724617
0.0716019
0.0797717
0.0917436
0.0977407
0.0920314
0.0782316
0.0661092
0.0630315
0.0683518
0.0755009
0.0784952
0.0761636
0.0713942
0.0678366
0.0671704
0.0681413
0.0677447
0.0642530
0.0596473
0.0583474
0.0627565
0.0703251
0.0757135
0.0759481
0.0730423
0.0713782
0.0728491
0.0750389
0.0741849
0.0693475
0.0631953
0.0591491
0.0586092
0.0607929
0.0640024
0.0664864
0.0671468
0.0665441
0.0667321
0.0688638
0.0708886
0.0687831
0.0608984
0.0507602
0.0446743
0.0459779
0.0517173
0.0554764
0.0537571
0.0492552
0.0474605
0.0503140
0.0539019
0.0525790
0.0450404
0.0362504
0.0334940
0.0400706
0.0520214
0.0609224
0.0607078
0.0525794
0.0434787
0.0397405
0.0421031
0.0463774
0.0482555
0.0472129
0.0460462
0.0470068
0.0486876
0.0470318
0.0396188
0.0288786
0.0208871
0.0207510
0.0285665
0.0390932
0.0453332
0.0435278
0.0358754
0.0285945
0.0267167
0.0300751
0.0338666
0.0329380
0.0259945
0.0165432
0.0100949
0.0098441
0.0143271
0.0191507
0.0211799
0.0210531
0.0216393
0.0243370
0.0271985
0.0267495
0.0215543
0.0138450
0.0075077
0.0045987
0.0041658
0.0042816
0.0042414
0.0041529
0.0032413
0.0000248
-0.0056033
-0.0115110
-0.0151643
-0.0157646
-0.0139729
-0.0100948
-0.0038449
0.0035821
0.0083046
0.0064182
-0.0014629
-0.0095395
-0.0122679
-0.0103509
-0.0098036
-0.0145531
-0.0213986
-0.0236828
-0.0193130
-0.0134566
-0.0128499
-0.0185022
-0.0248097
-0.0253164
-0.0184305
-0.0076841
0.0022431
0.0087880
0.0116764
0.0117910
0.0106517
0.0098202
0.0094630
0.0079102
0.0039583
-0.0004131
-0.0010997
0.0035654
0.0102434
0.0137764
0.0128221
0.0113284
0.0140094
0.0209386
0.0272807
0.0282333
0.0235524
0.0170393
0.0124120
0.0105338
0.0102356
0.0104177
0.0106921
0.0107783
0.0101790
0.0082530
0.0040666
-0.0034749
-0.0144697
-0.0268103
-0.0367849
-0.0415382
-0.0412184
-0.0388968
-0.0385559
-0.0429367
-0.0525863
-0.0661414
-0.0812765
-0.0959546
-0.1095203
-0.1225502
-0.1349744
-0.1444528
-0.1480785
-0.1468586
-0.1475071
-0.1574047
-0.1767004
-0.1966264
-0.2073442
-0.2077105
-0.2063755
-0.2127042
-0.2270621
-0.2406845
-0.2450329
-0.2405798
-0.2360320
-0.2394694
-0.2509751
-0.2637113
-0.2711299
-0.2726088
-0.2727386
-0.2759918
-0.2821235
-0.2863799
-0.2842599
-0.2764395
-0.2689768
-0.2682047
-0.2750216
-0.2840274
-0.2881801
-0.2844601
-0.2755503
-0.2666504
-0.2608772
-0.2574093
-0.2534606
-0.2475782
-0.2410157
-0.2362224
-0.2341160
-0.2326573
-0.2282637
-0.2193859
-0.2090656
-0.2030574
-0.2041194
-0.2081697
-0.2074410
-0.1983903
-0.1859744
-0.1790675
-0.1814594
-0.1880078
-0.1900561
-0.1842446
-0.1754081
-0.1709505
-0.1731706
-0.1774776
-0.1774303
-0.1707227
-0.1607254
-0.1534944
-0.1534305
-0.1602202
-0.1685407
-0.1713415
-0.1652724
-0.1537954
-0.1443505
-0.1417748
-0.1447443
-0.1489911
-0.1531103
-0.1594673
-0.1688122
-0.1758076
-0.1726666
-0.1582064
-0.1416080
-0.1350109
-0.1420557
-0.1548273
-0.1623313
-0.1608495
-0.1554415
-0.1527389
-0.1542297
-0.1566395
-0.1568198
-0.1544718
-0.1506575
-0.1459090
-0.1410270
-0.1383465
-0.1398337
-0.1435188
-0.1438784
-0.1376189
-0.1284108
-0.1237434
-0.1263372
-0.1301177
-0.1262524
-0.1128480
-0.0970968
-0.0872179
-0.0834573
-0.0783779
-0.0655069
-0.0457586
-0.0246220
-0.0048118
0.0163181
0.0430228
0.0780398
0.1245650
0.1887298
0.2762135
0.3853229
0.5057847
0.6271368
0.7488607
0.8808977
1.0326343
1.2002011
1.3634279
1.4946948
1.5722915
1.5887240
1.5489588
1.4604754
1.3232538
1.1298668
0.8788218
0.5903749
0.3071337
0.0738667
-0.0870474
-0.1812597
-0.2251911
-0.2267148
-0.1854150
-0.1091931
-0.0235259
0.0412479
0.0718552
0.0786458
0.0802362
0.0848111
0.0881367
0.0861396
0.0832102
0.0861133
0.0936987
0.0973290
0.0915405
0.0807458
0.0734187
0.0715288
0.0685599
0.0581456
0.0424212
0.0303595
0.0287835
0.0365418
0.0471318
0.0549949
0.0582249
0.0566083
0.0493830
0.0357477
0.0167595
-0.0040127
-0.0216967
-0.0322883
-0.0349073
-0.0329981
-0.0327916
-0.0388343
-0.0498257
-0.0592473
-0.0612842
-0.0566021
-0.0517001
-0.0520080
-0.0559880
-0.0567231
-0.0491652
-0.0350105
-0.0203541
-0.0095988
-0.0024675
0.0037310
0.0104211
0.0168157
0.0216459
0.0247999
0.0273734
0.0308656
0.0363697
0.0436077
0.0501000
0.0520563
0.0476202
0.0397130
0.0345080
0.0358205
0.0411893
0.0445796
0.0431133
0.0400268
0.0402756
0.0441514
0.0468154
0.0444079
0.0392485
0.0376206
0.0425647
0.0501436
0.0535580
0.0503284
0.0444878
0.0418566
0.0441923
0.0483601
0.0503049
0.0487834
0.0454327
0.0423908
0.0405282
0.0394990
0.0386742
0.0378865
0.0377607
0.0395565
0.0442157
0.0509304
0.0567122
0.0581752
0.0544460
0.0482646
0.0437650
0.0430195
0.0448668
0.0468407
0.0475200
0.0467223
0.0442291
0.0396090
0.0337494
0.0297197
0.0308298
0.0372543
0.0450200
0.0491148
0.0479412
0.0445689
0.0434815
0.0461679
0.0498740
0.0504229
0.0461937
0.0396814
0.0353947
0.0358604
0.0391595
0.0405631
0.0373830
0.0324870
0.0321768
0.0395432
0.0500727
0.0551452
0.0507482
0.0420172
0.0378517
0.0410966
0.0456263
0.0440667
0.0370098
0.0323264
0.0351848
0.0411731
0.0414040
0.0335803
0.0253381
0.0255956
0.0343842
0.0433021
0.0454836
0.0426702
0.0414260
0.0443209
0.0473290
0.0457542
0.0402291
0.0354292
0.0342732
0.0354465
0.0363270
0.0361057
0.0351075
0.0329185
0.0293959
0.0270095
0.0295095
0.0369051
0.0434096
0.0427749
0.0357172
0.0299482
0.0316476
0.0382441
0.0414681
0.0370984
0.0294583
0.0254213
0.0259031
0.0255780
0.0206681
0.0144745
0.0136825
0.0203447
0.0294061
0.0341664
0.0326393
0.0279895
0.0242025
0.0227726
0.0228452
0.0225218
0.0196100
0.0131154
0.0057011
0.0034662
0.0104517
0.0225320
0.0290853
0.0233123
0.0105749
0.0039466
0.0101879
0.0216644
0.0242515
0.0130000
-0.0021613
-0.0072174
0.0010141
0.0124331
0.0153701
0.0083978
-0.0003264
-0.0034581
-0.0017599
-0.0011342
-0.0047439
-0.0097291
-0.0109853
-0.0065781
0.0006937
0.0057548
0.0046735
-0.0030621
-0.0140586
-0.0228853
-0.0259319
-0.0243247
-0.0224837
-0.0231351
-0.0243008
-0.0222366
-0.0170992
-0.0141013
-0.0179648
-0.0269530
-0.0338837
-0.0333692
-0.0270710
-0.0212212
-0.0198009
-0.0212271
-0.0213897
-0.0185016
-0.0143432
-0.0117174
-0.0118015
-0.0137383
-0.0157229
-0.0162247
-0.0150159
-0.0135517
-0.0136281
-0.0147695
-0.0134463
-0.0064222
0.0045308
0.0125133
0.0117050
0.0037793
-0.0030671
-0.0021132
0.0054984
0.0128816
0.0150867
0.0134535
0.0125067
0.0141369
0.0159920
0.0150055
0.0111367
0.0072650
0.0061832
0.0081763
0.0109270
0.0110750
0.0063374
-0.0026722
-0.0123571
-0.0188792
-0.0219960
-0.0258534
-0.0349108
-0.0488400
-0.0622803
-0.0702235
-0.0732054
-0.0765409
-0.0846365
-0.0967397
-0.1083092
-0.1158043
-0.1197121
-0.1235238
-0.1306136
-0.1419291
-0.1555980
-0.1681702
-0.1769709
-0.1823143
-0.1874433
-0.1954838
-0.2062192
-0.2165798
-0.2246734
-0.2324031
-0.2429236
-0.2557383
-0.2658104
-0.2684984
-0.2648331
-0.2609185
-0.2621125
-0.2685668
-0.2765505
-0.2830021
-0.2877867
-0.2921057
-0.2963016
-0.2998034
-0.3021327
-0.3029014
-0.3014155
-0.2976720
-0.2937858
-0.2928386
-0.2951621
-0.2965772
-0.2920064
-0.2812652
-0.2701194
-0.2645711
-0.2645092
-0.2641438
-0.2589052
-0.2508184
-0.2460884
-0.2477648
-0.2519721
-0.2518639
-0.2447026
-0.2344500
-0.2275783
-0.2267669
-0.2285714
-0.2267944
-0.2181546
-0.2052734
-0.1945986
-0.1911978
-0.1948666
-0.2006743
-0.2031420
-0.2003054
-0.1944495
-0.1894648
-0.1874958
-0.1876574
-0.1874625
-0.1853756
-0.1822859
-0.1807028
-0.1821864
-0.1850635
-0.1848792
-0.1781557
-0.1664996
-0.1565212
-0.1544894
-0.1605052
-0.1683864
-0.1717468
-0.1699413
-0.1676596
-0.1690631
-0.1732551
-0.1758790
-0.1743858
-0.1706040
-0.1680029
-0.1675375
-0.1671979
-0.1652268
-0.1623887
-0.1605109
-0.1597975
-0.1587727
-0.1566301
-0.1543343
-0.1528528
-0.1512841
-0.1479713
-0.1432656
-0.1396965
-0.1385477
-0.1373690
-0.1326893
-0.1251433
-0.1195745
-0.1183171
-0.1158579
-0.1033944
-0.0795523
-0.0538475
-0.0367844
-0.0274947
-0.0144491
0.0109677
0.0453440
0.0813463
0.1233677
0.1892951
0.2931081
0.4283551
0.5738842
0.7162558
0.8612828
1.0195675
1.1837236
1.3266368
1.4248535
1.4801054
1.5137012
1.5403592
1.5506892
1.5191868
1.4253187
1.2650499
1.0472864
0.7880957
0.5118873
0.2522919
0.0422965
-0.1014675
-0.1838879
-0.2197428
-0.2186152
-0.1830297
-0.1193078
-0.0451216
0.0171772
0.0545496
0.0695273
0.0735175
0.0759231
0.0796318
0.0837396
0.0870223
0.0883643
0.0864327
0.0810252
0.0741125
0.0679399
0.0621636
0.0543552
0.0438761
0.0340227
0.0290810
0.0295358
0.0313570
0.0304388
0.0270090
0.0247890
0.0258109
0.0268317
0.0215440
0.0064715
-0.0153211
-0.0360997
-0.0489802
-0.0524697
-0.0508479
-0.0504834
-0.0549463
-0.0626903
-0.0691539
-0.0711773
-0.0693967
-0.0666295
-0.0647251
-0.0635592
-0.0625443
-0.0617492
-0.0607158
-0.0568563
-0.0466987
-0.0298719
-0.0113708
0.0017085
0.0066414
0.0077625
0.0117387
0.0202059
0.0280067
0.0291708
0.0240862
0.0200197
0.0243435
0.0373057
0.0513404
0.0573456
0.0519967
0.0398562
0.0292285
0.0258826
0.0295524
0.0351760
0.0374222
0.0350606
0.0316598
0.0316833
0.0354497
0.0383487
0.0357456
0.0285332
0.0229683
0.0245108
0.0321809
0.0395753
0.0414469
0.0387107
0.0366143
0.0384932
0.0422847
0.0433710
0.0398792
0.0343102
0.0304562
0.0298980
0.0316138
0.0337645
0.0349648
0.0344816
0.0325590
0.0309415
0.0321008
0.0367436
0.0419453
0.0428076
0.0370677
0.0280447
0.0221167
0.0228185
0.0278559
0.0321573
0.0330936
0.0319443
0.0308522
0.0298250
0.0273496
0.0231493
0.0192925
0.0184626
0.0216708
0.0278039
0.0347037
0.0399346
0.0409330
0.0360675
0.0267857
0.0181036
0.0152709
0.0191127
0.0251653
0.0279402
0.0258167
0.0215686
0.0186648
0.0177475
0.0166729
0.0134541
0.0088815
0.0063189
0.0088474
0.0162305
0.0244088
0.0282644
0.0256903
0.0195253
0.0151622
0.0154273
0.0176680
0.0166163
0.0105166
0.0037388
0.0025379
0.0083966
0.0161578
0.0187311
0.0133803
0.0038375
-0.0028862
-0.0018155
0.0065364
0.0167145
0.0223285
0.0206912
0.0145886
0.0095775
0.0089251
0.0108752
0.0111454
0.0080902
0.0045811
0.0042263
0.0065951
0.0075780
0.0044854
-0.0005619
-0.0029857
-0.0006272
0.0045068
0.0087118
0.0097034
0.0074841
0.0035086
-0.0001638
-0.0016514
-0.0006480
0.0005761
-0.0012669
-0.0067557
-0.0120737
-0.0125639
-0.0083425
-0.0050400
-0.0079250
-0.0160260
-0.0232022
-0.0246269
-0.0209768
-0.0163488
-0.0136667
-0.0130641
-0.0137114
-0.0154926
-0.0185343
-0.0223135
-0.0262883
-0.0308600
-0.0363235
-0.0407776
-0.0408557
-0.0359793
-0.0308804
-0.0315962
-0.0383915
-0.0444218
-0.0429302
-0.0351307
-0.0294057
-0.0323597
-0.0416203
-0.0482524
-0.0460909
-0.0380756
-0.0331553
-0.0372828
-0.0478143
-0.0565369
-0.0575776
-0.0522205
-0.0466079
-0.0452662
-0.0467506
-0.0454370
-0.0378344
-0.0271458
-0.0208469
-0.0231741
-0.0305380
-0.0351838
-0.0331098
-0.0273910
-0.0236188
-0.0232668
-0.0226312
-0.0180504
-0.0109010
-0.0064798
-0.0081741
-0.0136980
-0.0174570
-0.0158676
-0.0097199
-0.0021698
0.0040691
0.0075091
0.0075782
0.0048390
0.0010768
-0.0019541
-0.0042026
-0.0073602
-0.0129537
-0.0204303
-0.0272903
-0.0313390
-0.0329478
-0.0349565
-0.0401176
-0.0486073
-0.0580458
-0.0657806
-0.0711704
-0.0760744
-0.0833340
-0.0943051
-0.1073930
-0.1192730
-0.1280819
-0.1353901
-0.1447267
-0.1582029
-0.1746878
-0.1909756
-0.2044170
-0.2146758
-0.2233956
-0.2322148
-0.2409793
-0.2480559
-0.2526044
-0.2563795
-0.2628989
-0.2744670
-0.2896786
-0.3037923
-0.3121468
-0.3140295
-0.3133508
-0.3150530
-0.3206276
-0.3272888
-0.3313689
-0.3320748
-0.3319538
-0.3341442
-0.3391754
-0.3439866
-0.3440787
-0.3373320
-0.3262670
-0.3164673
-0.3123768
-0.3141276
-0.3178516
-0.3187968
-0.3146701
-0.3068500
-0.2987725
-0.2929655
-0.2892878
-0.2856473
-0.2801804
-0.2730559
-0.2667477
-0.2643136
-0.2663111
-0.2690008
-0.2667107
-0.2572230
-0.2446589
-0.2360270
-0.2345492
-0.2368352
-0.2369363
-0.2328763
-0.2286081
-0.2292361
-0.2347093
-0.2391742
-0.2370319
-0.2289558
-0.2210347
-0.2182586
-0.2198475
-0.2210051
-0.2181392
-0.2117901
-0.2052706
-0.2015173
-0.2013116
-0.2036525
-0.2068313
-0.2088140
-0.2074484
-0.2018407
-0.1941443
-0.1889208
-0.1893862
-0.1942893
-0.1993214
-0.2016609
-0.2023491
-0.2039050
-0.2063052
-0.2061997
-0.2004152
-0.1899433
-0.1799254
-0.1754395
-0.1775534
-0.1835039
-0.1896853
-0.1934427
-0.1929331
-0.1876785
-0.1800701
-0.1743780
-0.1724057
-0.1710185
-0.1660911
-0.1587715
-0.1550707
-0.1572975
-0.1576775
-0.1445302
-0.1164533
-0.0871984
-0.0719763
-0.0691005
-0.0603207
-0.0322399
0.0072279
0.0407302
0.0695209
0.1212578
0.2230593
0.3696556
0.5266543
0.6680932
0.8037426
0.9609706
1.1409674
1.3035524
1.4031772
1.4360909
1.4420293
1.4567486
1.4708757
1.4427456
1.3477737
1.2048675
1.0511677
0.8991981
0.7286181
0.5201513
0.2891301
0.0792961
-0.0741986
-0.1699936
-0.2294191
-0.2676857
-0.2815160
-0.2621187
-0.2126864
-0.1499794
-0.0921233
-0.0481741
-0.0177162
0.0036986
0.0199745
0.0326283
0.0407588
0.0426979
0.0390314
0.0343138
0.0344228
0.0408802
0.0483413
0.0494511
0.0426616
0.0339301
0.0299958
0.0313495
0.0331155
0.0316401
0.0278727
0.0240578
0.0193901
0.0109471
-0.0013762
-0.0127595
-0.0177778
-0.0166037
-0.0152455
-0.0185099
-0.0239338
-0.0250235
-0.0207978
-0.0196214
-0.0312079
-0.0550939
-0.0789375
-0.0894223
-0.0847983
-0.0762809
-0.0769607
-0.0894375
-0.1043968
-0.1107907
-0.1064123
-0.0983306
-0.0943970
-0.0957540
-0.0971702
-0.0931272
-0.0831620
-0.0720710
-0.0651157
-0.0623891
-0.0578763
-0.0450086
-0.0237330
-0.0017306
0.0118694
0.0141748
0.0102407
0.0075759
0.0092205
0.0122386
0.0125548
0.0101316
0.0085155
0.0100584
0.0132937
0.0152243
0.0145778
0.0120634
0.0089554
0.0068657
0.0079311
0.0131852
0.0204039
0.0249877
0.0240989
0.0196751
0.0164946
0.0170043
0.0188158
0.0181830
0.0153908
0.0147848
0.0186696
0.0230762
0.0218912
0.0147645
0.0085760
0.0102201
0.0192665
0.0286185
0.0315439
0.0272490
0.0202954
0.0158669
0.0158618
0.0186062
0.0211070
0.0212491
0.0188301
0.0156522
0.0142426
0.0150877
0.0151569
0.0109973
0.0040922
0.0013481
0.0083129
0.0223928
0.0344765
0.0375476
0.0327464
0.0267942
0.0245151
0.0247660
0.0234223
0.0191505
0.0150902
0.0149092
0.0185415
0.0226862
0.0245552
0.0238564
0.0217941
0.0199115
0.0198972
0.0226118
0.0264172
0.0277315
0.0245087
0.0188469
0.0152901
0.0164473
0.0206405
0.0239441
0.0242075
0.0225347
0.0207175
0.0183623
0.0141665
0.0098287
0.0102865
0.0183296
0.0299827
0.0371593
0.0351572
0.0267531
0.0190555
0.0171026
0.0203393
0.0243044
0.0251905
0.0229767
0.0205770
0.0204392
0.0222427
0.0235194
0.0220453
0.0180715
0.0148544
0.0162624
0.0225007
0.0285494
0.0286445
0.0227852
0.0172670
0.0177685
0.0229005
0.0258358
0.0220679
0.0144598
0.0100348
0.0120812
0.0163971
0.0162468
0.0106502
0.0061500
0.0096281
0.0205819
0.0315922
0.0354818
0.0308046
0.0213358
0.0123098
0.0073603
0.0072636
0.0101894
0.0132503
0.0145228
0.0140863
0.0132816
0.0127811
0.0113752
0.0074415
0.0021771
0.0000877
0.0042491
0.0114084
0.0143792
0.0103441
0.0046680
0.0044864
0.0096174
0.0123223
0.0066208
-0.0039151
-0.0094398
-0.0049246
0.0037309
0.0063300
0.0004777
-0.0056186
-0.0035614
0.0045182
0.0084986
0.0025751
-0.0082295
-0.0145700
-0.0132553
-0.0094281
-0.0095100
-0.0141169
-0.0184805
-0.0186774
-0.0159562
-0.0145768
-0.0166377
-0.0203688
-0.0228331
-0.0223816
-0.0185311
-0.0119366
-0.0056404
-0.0041147
-0.0086969
-0.0147536
-0.0155894
-0.0094824
-0.0014952
0.0022329
0.0011226
0.0001756
0.0034294
0.0086328
0.0100784
0.0067044
0.0048268
0.0106243
0.0213745
0.0275511
0.0241795
0.0172774
0.0171222
0.0264877
0.0376132
0.0408217
0.0346322
0.0263176
0.0229527
0.0237652
0.0229012
0.0186562
0.0166687
0.0225340
0.0337669
0.0419196
0.0418113
0.0359507
0.0296672
0.0243142
0.0167164
0.0042887
-0.0109886
-0.0242856
-0.0329609
-0.0387261
-0.0445247
-0.0508334
-0.0566453
-0.0628905
-0.0719624
-0.0835252
-0.0936508
-0.0997586
-0.1045457
-0.1129143
-0.1257382
-0.1385829
-0.1468673
-0.1511839
-0.1567361
-0.1676380
-0.1825968
-0.1970682
-0.2090159
-0.2203147
-0.2317630
-0.2395711
-0.2398599
-0.2355137
-0.2348595
-0.2425026
-0.2539020
-0.2608224
-0.2610588
-0.2607670
-0.2666253
-0.2769043
-0.2823627
-0.2770334
-0.2663735
-0.2617204
-0.2666544
-0.2723939
-0.2687449
-0.2569541
-0.2482013
-0.2498837
-0.2566725
-0.2566657
-0.2450268
-0.2295574
-0.2220342
-0.2250387
-0.2294473
-0.2256596
-0.2148596
-0.2062999
-0.2045632
-0.2035842
-0.1947109
-0.1778947
-0.1623560
-0.1569000
-0.1613108
-0.1674421
-0.1678886
-0.1628643
-0.1582778
-0.1578652
-0.1591519
-0.1577946
-0.1536717
-0.1504748
-0.1503665
-0.1515105
-0.1508867
-0.1477548
-0.1439884
-0.1419949
-0.1424025
-0.1432784
-0.1420111
-0.1383505
-0.1347847
-0.1334860
-0.1340815
-0.1351992
-0.1369219
-0.1404397
-0.1458748
-0.1513102
-0.1537163
-0.1509642
-0.1440226
-0.1371551
-0.1344789
-0.1360098
-0.1383580
-0.1392802
-0.1398309
-0.1418652
-0.1454079
-0.1491950
-0.1521901
-0.1537118
-0.1532368
-0.1508223
-0.1470369
-0.1422701
-0.1368125
-0.1315533
-0.1278293
-0.1265350
-0.1274947
-0.1290551
-0.1284706
-0.1244700
-0.1196908
-0.1177407
-0.1164743
-0.1077033
-0.0871726
-0.0625167
-0.0461332
-0.0395700
-0.0292780
-0.0005366
0.0466328
0.0992047
0.1495734
0.2091103
0.2992522
0.4287600
0.5840413
0.7443500
0.9014503
1.0575612
1.2065205
1.3275961
1.4028728
1.4343341
1.4366957
1.4161406
1.3638271
1.2713588
1.1452403
0.9995680
0.8369297
0.6459512
0.4241028
0.1986930
0.0148266
-0.1018192
-0.1648638
-0.2056798
-0.2372770
-0.2466032
-0.2194434
-0.1626589
-0.0982712
-0.0423948
0.0033964
0.0420578
0.0699890
0.0802766
0.0746156
0.0658889
0.0654822
0.0710652
0.0718672
0.0648538
0.0592775
0.0633607
0.0724381
0.0751221
0.0681023
0.0594098
0.0571190
0.0588812
0.0547513
0.0393635
0.0192927
0.0066628
0.0057591
0.0090785
0.0084616
0.0062469
0.0100580
0.0180475
0.0164435
-0.0050303
-0.0389357
-0.0650942
-0.0696322
-0.0579652
-0.0488621
-0.0555515
-0.0728807
-0.0844103
-0.0817537
-0.0733344
-0.0725116
-0.0812790
-0.0897545
-0.0891541
-0.0802699
-0.0694847
-0.0605163
-0.0514698
-0.0385444
-0.0218539
-0.0070391
0.0002741
0.0011116
0.0015146
0.0043455
0.0065960
0.0058792
0.0052133
0.0084533
0.0137875
0.0149407
0.0080781
-0.0036720
-0.0118541
-0.0094617
0.0017697
0.0116440
0.0119557
0.0057706
0.0028239
0.0067313
0.0114338
0.0104504
0.0048973
0.0006433
0.0005836
0.0015730
-0.0017389
-0.0098550
-0.0152794
-0.0095376
0.0049673
0.0143824
0.0086822
-0.0058103
-0.0140430
-0.0101530
-0.0027262
-0.0029858
-0.0119415
-0.0198377
-0.0168453
-0.0047239
0.0027807
-0.0054959
-0.0233642
-0.0324408
-0.0235991
-0.0076062
-0.0015432
-0.0097567
-0.0218752
-0.0256847
-0.0184159
-0.0079187
-0.0049473
-0.0124435
-0.0224207
-0.0260727
-0.0250151
-0.0274592
-0.0350128
-0.0401364
-0.0366461
-0.0264813
-0.0158432
-0.0101968
-0.0126613
-0.0215841
-0.0300047
-0.0325130
-0.0315447
-0.0324670
-0.0351807
-0.0358953
-0.0340519
-0.0317580
-0.0296055
-0.0284235
-0.0311130
-0.0373186
-0.0410785
-0.0392861
-0.0370023
-0.0388015
-0.0411713
-0.0395139
-0.0360832
-0.0348712
-0.0352217
-0.0359556
-0.0387632
-0.0430219
-0.0452753
-0.0471118
-0.0535241
-0.0606928
-0.0580012
-0.0459367
-0.0380733
-0.0406674
-0.0448117
-0.0436041
-0.0419332
-0.0446059
-0.0500829
-0.0587649
-0.0706021
-0.0745434
-0.0617964
-0.0483791
-0.0570007
-0.0766781
-0.0747377
-0.0524435
-0.0466550
-0.0639471
-0.0596141
-0.0073883
