-0.2804964
-0.2981582
-0.2840253
-0.2681570
-0.2626181
-0.2586189
-0.2526275
-0.2517315
-0.2568124
-0.2598893
-0.2577576
-0.2538074
-0.2476162
-0.2354208
-0.2194615
-0.2057985
-0.1948045
-0.1834389
-0.1731448
-0.1647281
-0.1494262
-0.1181614
-0.0786856
-0.0501391
-0.0366246
-0.0153541
0.0427190
0.1433681
0.2641597
0.3803055
0.4948096
0.6374170
0.8260565
1.0322342
1.1988845
1.2985149
1.3611649
1.4326336
1.5123375
1.5477720
1.4905327
1.3437182
1.1466684
0.9226803
0.6584500
0.3426384
0.0155386
-0.2386013
-0.3602478
-0.3698294
-0.3433090
-0.3343741
-0.3320887
-0.2957498
-0.2155766
-0.1265781
-0.0686341
-0.0469295
-0.0357660
-0.0136169
0.0139588
0.0266667
0.0177471
0.0026397
-0.0004341
0.0089701
0.0171022
0.0152296
0.0082294
0.0054502
0.0099103
0.0181589
0.0260419
0.0315375
0.0336784
0.0311118
0.0225820
0.0092536
-0.0041337
-0.0128240
-0.0176224
-0.0243941
-0.0362386
-0.0483620
-0.0530813
-0.0485329
-0.0403091
-0.0354671
-0.0368202
-0.0426634
-0.0506662
-0.0615894
-0.0785159
-0.1014277
-0.1238414
-0.1378023
-0.1423934
-0.1442886
-0.1488833
-0.1537132
-0.1526164
-0.1445964
-0.1360561
-0.1339319
-0.1373943
-0.1371848
-0.1245043
-0.1011527
-0.0791797
-0.0688255
-0.0681143
-0.0663595
-0.0566035
-0.0417893
-0.0292869
-0.0226715
-0.0199094
-0.0174052
-0.0140383
-0.0115455
-0.0118021
-0.0142595
-0.0164192
-0.0163922
-0.0140478
-0.0101967
-0.0064542
-0.0055890
-0.0091527
-0.0139165
-0.0136970
-0.0069475
-0.0003479
-0.0017979
-0.0105268
-0.0170745
-0.0139523
-0.0045708
0.0002372
-0.0052270
-0.0139508
-0.0132694
0.0002313
0.0153909
0.0181646
0.0070177
-0.0062261
-0.0101395
-0.0048564
0.0009998
0.0010917
-0.0032931
-0.0070439
-0.0075817
-0.0067602
-0.0076127
-0.0105320
-0.0131564
-0.0132519
-0.0105048
-0.0058535
-0.0009252
0.0015972
-0.0005660
-0.0060174
-0.0097613
-0.0086118
-0.0053083
-0.0049979
-0.0083243
-0.0106672
-0.0087858
-0.0058986
-0.0079778
-0.0152292
-0.0195523
-0.0127882
0.0025415
0.0134527
0.0096297
-0.0050512
-0.0168816
-0.0176380
-0.0121859
-0.0100937
-0.0133511
-0.0156133
-0.0122130
-0.0070513
-0.0077881
-0.0157020
-0.0229253
-0.0209465
-0.0106532
-0.0017369
-0.0018006
-0.0081678
-0.0118369
-0.0078783
0.0001606
0.0052253
0.0036797
-0.0027535
-0.0097314
-0.0138867
-0.0147768
-0.0144141
-0.0148602
-0.0158885
-0.0149455
-0.0097061
-0.0012451
0.0052024
0.0038949
-0.0054695
-0.0159732
-0.0197397
-0.0163802
-0.0131970
-0.0160021
-0.0217883
-0.0227314
-0.0166154
-0.0105573
-0.0131262
-0.0239270
-0.0329128
-0.0308142
-0.0192524
-0.0088933
-0.0076445
-0.0128136
-0.0161052
-0.0142066
-0.0115543
-0.0132278
-0.0184116
-0.0222747
-0.0223335
-0.0208958
-0.0216313
-0.0252694
-0.0290696
-0.0296493
-0.0256208
-0.0180605
-0.0100021
-0.0060664
-0.0105363
-0.0229159
-0.0355095
-0.0387204
-0.0308363
-0.0207951
-0.0188562
-0.0253773
-0.0314191
-0.0305480
-0.0271343
-0.0306953
-0.0430295
-0.0540287
-0.0521405
-0.0378150
-0.0238187
-0.0214388
-0.0287711
-0.0347947
-0.0333148
-0.0292713
-0.0308891
-0.0390416
-0.0468318
-0.0481550
-0.0439219
-0.0396635
-0.0391042
-0.0413640
-0.0433439
-0.0427565
-0.0384175
-0.0298260
-0.0189665
-0.0118049
-0.0143920
-0.0254905
-0.0352563
-0.0343598
-0.0241997
-0.0154682
-0.0158517
-0.0213198
-0.0214888
-0.0127177
-0.0033068
-0.0042247
-0.0156875
-0.0253292
-0.0208571
-0.0032334
0.0144394
0.0205692
0.0156214
0.0090987
0.0085944
0.0134880
0.0180058
0.0181017
0.0149101
0.0127239
0.0144792
0.0190563
0.0226270
0.0226849
0.0210508
0.0228598
0.0316888
0.0446507
0.0528153
0.0486483
0.0342891
0.0210373
0.0185802
0.0249853
0.0291265
0.0231072
0.0103027
0.0000059
-0.0043483
-0.0092197
-0.0226499
-0.0435746
-0.0616273
-0.0682345
-0.0664457
-0.0680710
-0.0814544
-0.1038594
-0.1261594
-0.1429549
-0.1565586
-0.1722721
-0.1919961
-0.2128996
-0.2310139
-0.2451026
-0.2572185
-0.2701743
-0.2848424
-0.2997228
-0.3126092
-0.3225010
-0.3303625
-0.3382783
-0.3472237
-0.3551752
-0.3583351
-0.3554664
-0.3505575
-0.3495252
-0.3538605
-0.3588764
-0.3591830
-0.3550546
-0.3520328
-0.3541232
-0.3585422
-0.3583197
-0.3500757
-0.3380762
-0.3297152
-0.3277297
-0.3283971
-0.3272844
-0.3246128
-0.3235715
-0.3247502
-0.3245478
-0.3193653
-0.3098818
-0.3003632
-0.2943596
-0.2916968
-0.2892903
-0.2841331
-0.2754746
-0.2650595
-0.2561594
-0.2518522
-0.2525095
-0.2542467
-0.2514781
-0.2428919
-0.2341635
-0.2323345
-0.2371214
-0.2402532
-0.2351531
-0.2256184
-0.2219855
-0.2283463
-0.2361952
-0.2331288
-0.2172584
-0.2003660
-0.1954523
-0.2028560
-0.2110391
-0.2104744
-0.2035693
-0.1995778
-0.2025376
-0.2074942
-0.2078861
-0.2031288
-0.1975972
-0.1945559
-0.1935760
-0.1930912
-0.1926608
-0.1917238
-0.1883103
-0.1815759
-0.1751875
-0.1751064
-0.1822743
-0.1895491
-0.1889073
-0.1812799
-0.1759981
-0.1793416
-0.1865781
-0.1882558
-0.1829508
-0.1796690
-0.1860356
-0.1969041
-0.1983332
-0.1832481
-0.1604071
-0.1458031
-0.1464413
-0.1550454
-0.1602631
-0.1585428
-0.1541625
-0.1505824
-0.1460144
-0.1374788
-0.1254155
-0.1123633
-0.0994970
-0.0870659
-0.0766184
-0.0688476
-0.0587458
-0.0374430
-0.0029811
0.0329348
0.0555684
0.0672655
0.0916794
0.1512822
0.2420444
0.3385978
0.4277413
0.5288531
0.6710491
0.8513156
1.0271122
1.1582813
1.2501854
1.3431897
1.4571210
1.5571242
1.5849365
1.5202930
1.3984821
1.2627422
1.1107735
0.9023105
0.6191406
0.3045178
0.0347834
-0.1427613
-0.2359638
-0.2767284
-0.2786489
-0.2337816
-0.1436426
-0.0382031
0.0428079
0.0824062
0.0940907
0.0997695
0.1073356
0.1112955
0.1079544
0.1025190
0.1020229
0.1072218
0.1139084
0.1188677
0.1211962
0.1191908
0.1100038
0.0939941
0.0772361
0.0668861
0.0637245
0.0611126
0.0525579
0.0394682
0.0299471
0.0298399
0.0360355
0.0391114
0.0321495
0.0167551
0.0008956
-0.0088593
-0.0132383
-0.0187782
-0.0305283
-0.0464702
-0.0594565
-0.0642737
-0.0619675
-0.0573133
-0.0534133
-0.0499263
-0.0459875
-0.0428918
-0.0424252
-0.0429683
-0.0391256
-0.0266516
-0.0074054
0.0118218
0.0255845
0.0339561
0.0404176
0.0472426
0.0541852
0.0605537
0.0663594
0.0710568
0.0730106
0.0717334
0.0699351
0.0714673
0.0766206
0.0809019
0.0801306
0.0763058
0.0761673
0.0828098
0.0905328
0.0905649
0.0817188
0.0726455
0.0720079
0.0781537
0.0810373
0.0742958
0.0629989
0.0578719
0.0630244
0.0717240
0.0748416
0.0714882
0.0692379
0.0743296
0.0840434
0.0898461
0.0865618
0.0768458
0.0674681
0.0632084
0.0644485
0.0685371
0.0719266
0.0719210
0.0683449
0.0640714
0.0627396
0.0649320
0.0671380
0.0657160
0.0618145
0.0607853
0.0658072
0.0734610
0.0775647
0.0769152
0.0766007
0.0804746
0.0845592
0.0808747
0.0678802
0.0544564
0.0515350
0.0604867
0.0717087
0.0751058
0.0704178
0.0659365
0.0680442
0.0741947
0.0766393
0.0711273
0.0604771
0.0509063
0.0471333
0.0508326
0.0610241
0.0739739
0.0838087
0.0857077
0.0794906
0.0693399
0.0595362
0.0513229
0.0447044
0.0420359
0.0470725
0.0592278
0.0708118
0.0730912
0.0656661
0.0575816
0.0575301
0.0642194
0.0684940
0.0645950
0.0568223
0.0537952
0.0578099
0.0624387
0.0609712
0.0549098
0.0519230
0.0559729
0.0621052
0.0623870
0.0554444
0.0478901
0.0465255
0.0513808
0.0574167
0.0612448
0.0638454
0.0667776
0.0680552
0.0636191
0.0525336
0.0391840
0.0297095
0.0270348
0.0299422
0.0359037
0.0431344
0.0500088
0.0545523
0.0558616
0.0549617
0.0527323
0.0476689
0.0378507
0.0255579
0.0176591
0.0191425
0.0267525
0.0314960
0.0286074
0.0233512
0.0247015
0.0336716
0.0407787
0.0367179
0.0236475
0.0130027
0.0123748
0.0177284
0.0201736
0.0178374
0.0173634
0.0235700
0.0312111
0.0299167
0.0164706
-0.0006824
-0.0100962
-0.0085536
-0.0020280
0.0029744
0.0057496
0.0084412
0.0100498
0.0068132
-0.0018562
-0.0110023
-0.0152515
-0.0146370
-0.0133407
-0.0133959
-0.0121768
-0.0070344
-0.0003418
0.0026376
0.0007655
-0.0007419
0.0031792
0.0102230
0.0127809
0.0075231
0.0003417
-0.0001734
0.0071489
0.0150791
0.0172835
0.0158887
0.0175344
0.0230230
0.0244219
0.0146550
-0.0014726
-0.0092262
0.0014033
0.0243691
0.0429337
0.0462879
0.0391555
0.0344466
0.0383000
0.0444944
0.0433580
0.0337924
0.0246004
0.0244220
0.0323994
0.0399392
0.0407016
0.0370234
0.0361262
0.0414326
0.0488659
0.0512429
0.0451722
0.0336988
0.0233651
0.0192069
0.0216014
0.0265336
0.0285479
0.0243065
0.0143287
0.0016158
-0.0115499
-0.0252601
-0.0400111
-0.0534832
-0.0610181
-0.0608833
-0.0585232
-0.0633193
-0.0797274
-0.1024960
-0.1222046
-0.1354579
-0.1480612
-0.1673477
-0.1926385
-0.2152311
-0.2281259
-0.2340131
-0.2419927
-0.2570142
-0.2747638
-0.2878590
-0.2952689
-0.3032860
-0.3172919
-0.3348488
-0.3484135
-0.3538780
-0.3545481
-0.3564292
-0.3611975
-0.3652563
-0.3652533
-0.3627324
-0.3623309
-0.3661803
-0.3713890
-0.3730542
-0.3687285
-0.3597428
-0.3494155
-0.3409803
-0.3364718
-0.3359534
-0.3372779
-0.3375139
-0.3354098
-0.3321394
-0.3290739
-0.3253842
-0.3191989
-0.3114054
-0.3065378
-0.3078076
-0.3115269
-0.3091825
-0.2970116
-0.2821861
-0.2765283
-0.2833445
-0.2928010
-0.2923872
-0.2808218
-0.2688095
-0.2655617
-0.2675378
-0.2635286
-0.2500498
-0.2375977
-0.2389223
-0.2529189
-0.2641846
-0.2597862
-0.2436343
-0.2314178
-0.2324515
-0.2401738
-0.2418132
-0.2343991
-0.2275314
-0.2304423
-0.2400425
-0.2446079
-0.2380042
-0.2266480
-0.2210015
-0.2226785
-0.2231193
-0.2149041
-0.2013766
-0.1931588
-0.1964644
-0.2071662
-0.2164259
-0.2199614
-0.2203181
-0.2212899
-0.2226921
-0.2216413
-0.2174999
-0.2135157
-0.2132769
-0.2168190
-0.2209255
-0.2223590
-0.2198595
-0.2138235
-0.2058971
-0.1992675
-0.1974647
-0.2009018
-0.2049210
-0.2034558
-0.1959966
-0.1897819
-0.1927914
-0.2039685
-0.2122837
-0.2074743
-0.1912058
-0.1753921
-0.1688357
-0.1675854
-0.1603650
-0.1422726
-0.1201357
-0.1037325
-0.0945366
-0.0855658
-0.0707922
-0.0509488
-0.0292812
-0.0052335
0.0245364
0.0612298
0.1050746
0.1615081
0.2395828
0.3392002
0.4445376
0.5399271
0.6341076
0.7581745
0.9284899
1.1145172
1.2577002
1.3303222
1.3671151
1.4245428
1.5087354
1.5598400
1.5203073
1.4103408
1.3141198
1.2806785
1.2502170
1.0986696
0.7634408
0.3195988
-0.0730927
-0.2957041
-0.3440018
-0.2941176
-0.2180078
-0.1400681
-0.0588921
0.0162001
0.0632102
0.0729288
0.0615112
0.0537499
0.0599066
0.0725883
0.0815176
0.0848703
0.0865277
0.0882583
0.0883134
0.0855013
0.0808646
0.0751289
0.0671852
0.0563710
0.0445706
0.0342378
0.0251203
0.0151706
0.0051407
0.0001178
0.0043586
0.0148912
0.0222100
0.0184597
0.0044033
-0.0124187
-0.0259023
-0.0366094
-0.0487874
-0.0637877
-0.0782042
-0.0884581
-0.0951127
-0.1007592
-0.1043856
-0.1007455
-0.0871493
-0.0694818
-0.0584642
-0.0587825
-0.0636419
-0.0621225
-0.0514785
-0.0398237
-0.0356725
-0.0368833
-0.0327569
-0.0170825
0.0038440
0.0183183
0.0228443
0.0255306
0.0352610
0.0502246
0.0598429
0.0573397
0.0474613
0.0405452
0.0410027
0.0442111
0.0443689
0.0422891
0.0432602
0.0485893
0.0525371
0.0490286
0.0397143
0.0331395
0.0358013
0.0455329
0.0543962
0.0570352
0.0550061
0.0533146
0.0542569
0.0555072
0.0535427
0.0477369
0.0408364
0.0361840
0.0350243
0.0361092
0.0372679
0.0374787
0.0380505
0.0417614
0.0499113
0.0596163
0.0647562
0.0610111
0.0505251
0.0408282
0.0381160
0.0414426
0.0441638
0.0413838
0.0353015
0.0323661
0.0354318
0.0401286
0.0400078
0.0346446
0.0309850
0.0357864
0.0474510
0.0567079
0.0559059
0.0469839
0.0393821
0.0400635
0.0464612
0.0499429
0.0457014
0.0378598
0.0341461
0.0365393
0.0390040
0.0352001
0.0271930
0.0244815
0.0335454
0.0494689
0.0596986
0.0565762
0.0449664
0.0364236
0.0365994
0.0402675
0.0391549
0.0325702
0.0279088
0.0308825
0.0379799
0.0406488
0.0359121
0.0300320
0.0305446
0.0366421
0.0400805
0.0356468
0.0281517
0.0271080
0.0354523
0.0458846
0.0489566
0.0430664
0.0349990
0.0314382
0.0319558
0.0309631
0.0251609
0.0176000
0.0145805
0.0196252
0.0305829
0.0414993
0.0467411
0.0444734
0.0377911
0.0325148
0.0323243
0.0350722
0.0347359
0.0282322
0.0198747
0.0174243
0.0231921
0.0306239
0.0314069
0.0254205
0.0213113
0.0260380
0.0355482
0.0384940
0.0295371
0.0165177
0.0122647
0.0201487
0.0304041
0.0316223
0.0236934
0.0169275
0.0189164
0.0253143
0.0255287
0.0160841
0.0053962
0.0043612
0.0140465
0.0246401
0.0261318
0.0180737
0.0082327
0.0034154
0.0034870
0.0039202
0.0019483
-0.0010999
-0.0025817
-0.0019796
-0.0012525
-0.0026245
-0.0064080
-0.0103882
-0.0109712
-0.0058366
0.0032926
0.0106667
0.0109296
0.0047077
-0.0009284
0.0008576
0.0092419
0.0162072
0.0152204
0.0085298
0.0044501
0.0076613
0.0140397
0.0161794
0.0127976
0.0105317
0.0159962
0.0277896
0.0379192
0.0405225
0.0373849
0.0344941
0.0349046
0.0365840
0.0365522
0.0349981
0.0344949
0.0364946
0.0400229
0.0433598
0.0454899
0.0457308
0.0436173
0.0404792
0.0401844
0.0461471
0.0568948
0.0660920
0.0684892
0.0653974
0.0627487
0.0636349
0.0645476
0.0603037
0.0515707
0.0451792
0.0462556
0.0516470
0.0528944
0.0455387
0.0339825
0.0265033
0.0263810
0.0289225
0.0268308
0.0173797
0.0041398
-0.0072795
-0.0143646
-0.0191571
-0.0257388
-0.0365532
-0.0506552
-0.0652734
-0.0793027
-0.0950680
-0.1156823
-0.1400947
-0.1617841
-0.1742198
-0.1782266
-0.1825897
-0.1957979
-0.2173467
-0.2386063
-0.2526629
-0.2618356
-0.2740984
-0.2928849
-0.3126373
-0.3252514
-0.3293051
-0.3310084
-0.3363111
-0.3440789
-0.3481449
-0.3450365
-0.3381398
-0.3342694
-0.3372985
-0.3453986
-0.3532663
-0.3560937
-0.3523176
-0.3443912
-0.3373858
-0.3354417
-0.3381995
-0.3409713
-0.3394985
-0.3345847
-0.3309641
-0.3311798
-0.3317407
-0.3266754
-0.3146439
-0.3011217
-0.2929804
-0.2919086
-0.2940753
-0.2953825
-0.2952124
-0.2946992
-0.2932950
-0.2891325
-0.2825757
-0.2773322
-0.2766686
-0.2791936
-0.2797496
-0.2746290
-0.2650216
-0.2551111
-0.2478594
-0.2435123
-0.2413805
-0.2412741
-0.2425955
-0.2433277
-0.2413973
-0.2369510
-0.2321865
-0.2287201
-0.2261978
-0.2241263
-0.2238711
-0.2269799
-0.2313920
-0.2313174
-0.2227922
-0.2091099
-0.1989883
-0.1984018
-0.2049241
-0.2109304
-0.2117453
-0.2093851
-0.2084163
-0.2098958
-0.2107115
-0.2081651
-0.2034794
-0.2002861
-0.2007174
-0.2037623
-0.2067179
-0.2071690
-0.2039903
-0.1980863
-0.1927878
-0.1920442
-0.1964424
-0.2012576
-0.2003464
-0.1929305
-0.1853202
-0.1844173
-0.1899763
-0.1950825
-0.1946234
-0.1912220
-0.1907997
-0.1931256
-0.1898189
-0.1735806
-0.1481767
-0.1267135
-0.1190544
-0.1219873
-0.1227828
-0.1118840
-0.0910896
-0.0696153
-0.0536818
-0.0408920
-0.0240647
0.0009711
0.0324129
0.0675151
0.1103281
0.1733895
0.2697019
0.4013358
0.5563271
0.7186862
0.8818891
1.0500279
1.2231769
1.3834320
1.5012381
1.5597208
1.5707494
1.5612185
1.5408679
1.4868358
1.3642063
1.1617074
0.9043793
0.6318834
0.3701241
0.1280287
-0.0829623
-0.2378565
-0.3139684
-0.3153212
-0.2739762
-0.2239218
-0.1762955
-0.1224022
-0.0571878
0.0069224
0.0510589
0.0696899
0.0744048
0.0789944
0.0857115
0.0883078
0.0847940
0.0819220
0.0863667
0.0955779
0.1008815
0.0985582
0.0941748
0.0947134
0.0992142
0.1003757
0.0948136
0.0880020
0.0868028
0.0891714
0.0852756
0.0700524
0.0517520
0.0445085
0.0523327
0.0634947
0.0628871
0.0486399
0.0338825
0.0318977
0.0419644
0.0512743
0.0489565
0.0355310
0.0189425
0.0046038
-0.0085845
-0.0241438
-0.0429922
-0.0625951
-0.0784781
-0.0854148
-0.0797003
-0.0635084
-0.0465180
-0.0393940
-0.0433317
-0.0479380
-0.0423992
-0.0282505
-0.0178006
-0.0187559
-0.0235288
-0.0172754
0.0042746
0.0290280
0.0422959
0.0434782
0.0453805
0.0574307
0.0737299
0.0802771
0.0718453
0.0579192
0.0515980
0.0559186
0.0632888
0.0663069
0.0654740
0.0657796
0.0688783
0.0712781
0.0693003
0.0632419
0.0562693
0.0514044
0.0508949
0.0565873
0.0678978
0.0793143
0.0830797
0.0768878
0.0677932
0.0655567
0.0715053
0.0764345
0.0714275
0.0592030
0.0517099
0.0561328
0.0662853
0.0703198
0.0654508
0.0612345
0.0669750
0.0789262
0.0837141
0.0743290
0.0591273
0.0526466
0.0592943
0.0693423
0.0711853
0.0643696
0.0582828
0.0597247
0.0652724
0.0667331
0.0614243
0.0545354
0.0522325
0.0553113
0.0604201
0.0650103
0.0686551
0.0705500
0.0689617
0.0642962
0.0603732
0.0602026
0.0612948
0.0579695
0.0491268
0.0413663
0.0420780
0.0503098
0.0573058
0.0569262
0.0530733
0.0543105
0.0621420
0.0681030
0.0639674
0.0524484
0.0447117
0.0475431
0.0559743
0.0600547
0.0567590
0.0523253
0.0531125
0.0573124
0.0577905
0.0517079
0.0444567
0.0433683
0.0494928
0.0572112
0.0609357
0.0600541
0.0572128
0.0541119
0.0507781
0.0478552
0.0470875
0.0487568
0.0502130
0.0484874
0.0439772
0.0401918
0.0396725
0.0414285
0.0431531
0.0447749
0.0479673
0.0521877
0.0534820
0.0490709
0.0421781
0.0397284
0.0443212
0.0503183
0.0499403
0.0427001
0.0363257
0.0372481
0.0421490
0.0417240
0.0329011
0.0243001
0.0269429
0.0405222
0.0522643
0.0509258
0.0396736
0.0321207
0.0359299
0.0436857
0.0420834
0.0282836
0.0136825
0.0107188
0.0187506
0.0257525
0.0231647
0.0156220
0.0142175
0.0222543
0.0309997
0.0300008
0.0189378
0.0072324
0.0031724
0.0060961
0.0096939
0.0104103
0.0100849
0.0109063
0.0107914
0.0058430
-0.0035243
-0.0113250
-0.0118385
-0.0055524
0.0018830
0.0059767
0.0071679
0.0082542
0.0098359
0.0097787
0.0066538
0.0020408
-0.0012102
-0.0020011
-0.0012611
0.0002121
0.0026208
0.0054960
0.0068289
0.0056958
0.0052471
0.0105567
0.0220057
0.0323006
0.0327580
0.0231881
0.0135942
0.0142507
0.0247013
0.0345567
0.0355825
0.0308964
0.0301321
0.0364529
0.0417903
0.0369729
0.0246076
0.0181804
0.0272996
0.0464121
0.0607248
0.0623702
0.0575481
0.0566900
0.0606151
0.0602197
0.0498264
0.0366792
0.0335695
0.0430658
0.0532885
0.0514690
0.0392200
0.0306700
0.0353964
0.0467326
0.0494102
0.0370592
0.0187072
0.0073936
0.0054403
0.0037934
-0.0052384
-0.0185480
-0.0274551
-0.0300109
-0.0343814
-0.0492189
-0.0732091
-0.0962936
-0.1103474
-0.1165266
-0.1220494
-0.1320103
-0.1459058
-0.1609372
-0.1761236
-0.1922694
-0.2095395
-0.2270334
-0.2446160
-0.2633025
-0.2828208
-0.2999780
-0.3111971
-0.3167228
-0.3208547
-0.3272536
-0.3349525
-0.3401583
-0.3416138
-0.3426527
-0.3471691
-0.3544662
-0.3595972
-0.3590945
-0.3551065
-0.3527221
-0.3538431
-0.3554739
-0.3545335
-0.3524853
-0.3531114
-0.3561046
-0.3555125
-0.3463765
-0.3318979
-0.3215141
-0.3209090
-0.3255317
-0.3259545
-0.3191728
-0.3120089
-0.3120002
-0.3170366
-0.3173075
-0.3077470
-0.2951617
-0.2902137
-0.2937278
-0.2948348
-0.2842115
-0.2664662
-0.2558897
-0.2599020
-0.2700293
-0.2715966
-0.2606124
-0.2475179
-0.2437745
-0.2484083
-0.2510234
-0.2464237
-0.2413535
-0.2445806
-0.2535020
-0.2553333
-0.2425056
-0.2234286
-0.2145572
-0.2221978
-0.2353546
-0.2382622
-0.2280229
-0.2168522
-0.2169521
-0.2264922
-0.2330377
-0.2292625
-0.2214065
-0.2205553
-0.2279419
-0.2325120
-0.2240322
-0.2062393
-0.1941605
-0.1981849
-0.2130342
-0.2240811
-0.2232676
-0.2162125
-0.2133457
-0.2169113
-0.2195227
-0.2149610
-0.2070635
-0.2055381
-0.2139023
-0.2243913
-0.2262488
-0.2176677
-0.2072584
-0.2035641
-0.2054241
-0.2045081
-0.1962135
-0.1852248
-0.1793108
-0.1796796
-0.1799821
-0.1747168
-0.1659045
-0.1592645
-0.1547686
-0.1442543
-0.1204115
-0.0867053
-0.0554659
-0.0354013
-0.0229063
-0.0067898
0.0205849
0.0596306
0.1098594
0.1751481
0.2596564
0.3608520
0.4715084
0.5898166
0.7229752
0.8756469
1.0355571
1.1766958
1.2815022
1.3581426
1.4306285
1.5098808
1.5775517
1.6016689
1.5676029
1.4906621
1.3971060
1.2945200
1.1628441
0.9749049
0.7258660
0.4442883
0.1768092
-0.0381247
-0.1861573
-0.2741094
-0.3160965
-0.3223054
-0.2978201
-0.2484921
-0.1852503
-0.1214225
-0.0659999
-0.0205006
0.0171714
0.0467972
0.0650487
0.0704965
0.0678560
0.0656924
0.0694409
0.0771461
0.0826002
0.0826135
0.0806059
0.0826517
0.0903833
0.0986022
0.1002106
0.0931612
0.0822424
0.0741820
0.0712914
0.0699215
0.0648277
0.0545098
0.0418871
0.0302187
0.0198466
0.0100741
0.0033702
0.0051726
0.0176406
0.0340666
0.0416353
0.0315892
0.0070203
-0.0201073
-0.0400679
-0.0530658
-0.0655871
-0.0803301
-0.0919518
-0.0936003
-0.0858996
-0.0770781
-0.0739482
-0.0746737
-0.0719576
-0.0625717
-0.0515519
-0.0458835
-0.0452965
-0.0415997
-0.0279099
-0.0069416
0.0117508
0.0223629
0.0284207
0.0367823
0.0479405
0.0550217
0.0529036
0.0461031
0.0451685
0.0550295
0.0688222
0.0749216
0.0695537
0.0604733
0.0574803
0.0611277
0.0629701
0.0566177
0.0459792
0.0409012
0.0456946
0.0542038
0.0570350
0.0523660
0.0478115
0.0512703
0.0614117
0.0688347
0.0664838
0.0572097
0.0500527
0.0502023
0.0544667
0.0567325
0.0558785
0.0562982
0.0607388
0.0648960
0.0614535
0.0496424
0.0385289
0.0385234
0.0498263
0.0614772
0.0630159
0.0557106
0.0503525
0.0542473
0.0626794
0.0647427
0.0564574
0.0455290
0.0420699
0.0465253
0.0496813
0.0449810
0.0378363
0.0397367
0.0536844
0.0687682
0.0711615
0.0591484
0.0448542
0.0408818
0.0473606
0.0538379
0.0527439
0.0478568
0.0479332
0.0542257
0.0581758
0.0524976
0.0414640
0.0367536
0.0433979
0.0532284
0.0543892
0.0457596
0.0387297
0.0436636
0.0569419
0.0644054
0.0576955
0.0440937
0.0377249
0.0425749
0.0481652
0.0434348
0.0317674
0.0282312
0.0415765
0.0623038
0.0715025
0.0609700
0.0417626
0.0315173
0.0353847
0.0425355
0.0413392
0.0339828
0.0326332
0.0425387
0.0537613
0.0524211
0.0380348
0.0256232
0.0291851
0.0453739
0.0565624
0.0503574
0.0334627
0.0239880
0.0310956
0.0453972
0.0505580
0.0417209
0.0293057
0.0250921
0.0283258
0.0283252
0.0195189
0.0100264
0.0129030
0.0301118
0.0484049
0.0526081
0.0412776
0.0269177
0.0213375
0.0238246
0.0250973
0.0203451
0.0147046
0.0153589
0.0213417
0.0243145
0.0193344
0.0118658
0.0116788
0.0206269
0.0294766
0.0282722
0.0179512
0.0091624
0.0098742
0.0167253
0.0198679
0.0146357
0.0060823
0.0019345
0.0032492
0.0039448
-0.0008247
-0.0080472
-0.0101249
-0.0039600
0.0051964
0.0095192
0.0068231
0.0018755
0.0002991
0.0026125
0.0044479
0.0016389
-0.0054526
-0.0121240
-0.0131794
-0.0068093
0.0043522
0.0151526
0.0211319
0.0211570
0.0179380
0.0156065
0.0158932
0.0168337
0.0160719
0.0150870
0.0184104
0.0276977
0.0378374
0.0410209
0.0352606
0.0275407
0.0269670
0.0348396
0.0431607
0.0441338
0.0398660
0.0400395
0.0494787
0.0608866
0.0627706
0.0536561
0.0448082
0.0471295
0.0576481
0.0624197
0.0533098
0.0389224
0.0358451
0.0494075
0.0664552
0.0694210
0.0557406
0.0398073
0.0354040
0.0399060
0.0387812
0.0239066
0.0031378
-0.0097026
-0.0113957
-0.0124278
-0.0236259
-0.0430596
-0.0589627
-0.0645902
-0.0666001
-0.0770689
-0.0994789
-0.1255326
-0.1453001
-0.1574309
-0.1682277
-0.1831287
-0.2018165
-0.2211815
-0.2401371
-0.2596291
-0.2789242
-0.2943873
-0.3031900
-0.3072357
-0.3118222
-0.3203628
-0.3315719
-0.3419213
-0.3493712
-0.3540179
-0.3567020
-0.3587157
-0.3620508
-0.3675661
-0.3722882
-0.3705034
-0.3596242
-0.3448254
-0.3358593
-0.3377327
-0.3450955
-0.3476194
-0.3413186
-0.3326862
-0.3301376
-0.3330207
-0.3323490
-0.3228631
-0.3109709
-0.3076204
-0.3142601
-0.3195311
-0.3118783
-0.2937597
-0.2801756
-0.2820627
-0.2933797
-0.2974611
-0.2858922
-0.2678614
-0.2589816
-0.2632632
-0.2698396
-0.2674548
-0.2581862
-0.2537873
-0.2598267
-0.2673318
-0.2622290
-0.2416389
-0.2180827
-0.2068085
-0.2108767
-0.2204174
-0.2250787
-0.2239598
-0.2227360
-0.2243783
-0.2259301
-0.2237126
-0.2185644
-0.2144827
-0.2134457
-0.2133430
-0.2111217
-0.2067570
-0.2032011
-0.2027773
-0.2046506
-0.2060182
-0.2047780
-0.2005439
-0.1943172
-0.1885344
-0.1865873
-0.1901224
-0.1963112
-0.1993921
-0.1960238
-0.1884011
-0.1812843
-0.1767077
-0.1729372
-0.1685471
-0.1657383
-0.1678516
-0.1737807
-0.1771343
-0.1729446
-0.1644002
-0.1601773
-0.1640875
-0.1694857
-0.1660593
-0.1513803
-0.1336502
-0.1228628
-0.1209006
-0.1210512
-0.1161079
-0.1056433
-0.0953157
-0.0898639
-0.0873495
-0.0802904
-0.0625244
-0.0356096
-0.0088251
0.0087299
0.0188908
0.0376094
0.0831431
0.1567929
0.2376153
0.3040020
0.3648315
0.4641033
0.6445302
0.9007859
1.1713742
1.3830422
1.5062247
1.5645441
1.5873663
1.5563974
1.4077407
1.0944533
0.6497282
0.1870124
-0.1659590
-0.3418857
-0.3587145
-0.2861406
-0.1922972
-0.1128788
-0.0540055
-0.0107346
0.0204560
0.0408148
0.0523537
0.0582264
0.0613766
0.0640704
0.0676511
0.0715674
0.0735253
0.0720966
0.0691176
0.0683881
0.0715257
0.0756015
0.0756750
0.0702500
0.0639351
0.0633357
0.0693100
0.0742844
0.0691420
0.0529616
0.0343535
0.0224016
0.0174670
0.0122175
0.0013868
-0.0110010
-0.0153758
-0.0077308
0.0041619
0.0072091
-0.0041113
-0.0226395
-0.0368899
-0.0430657
-0.0474747
-0.0581895
-0.0764408
-0.0963036
-0.1109184
-0.1177280
-0.1183194
-0.1149415
-0.1086748
-0.1010237
-0.0953642
-0.0944401
-0.0961528
-0.0937728
-0.0818030
-0.0612471
-0.0384521
-0.0192264
-0.0045869
0.0082537
0.0214704
0.0333540
0.0394975
0.0374077
0.0296210
0.0218136
0.0182516
0.0196099
0.0242855
0.0301943
0.0353222
0.0382040
0.0388189
0.0384737
0.0382917
0.0380406
0.0366160
0.0336039
0.0304638
0.0300017
0.0338919
0.0404205
0.0454638
0.0460977
0.0424642
0.0360373
0.0279501
0.0204181
0.0181336
0.0252241
0.0399012
0.0536719
0.0576616
0.0504455
0.0393408
0.0331838
0.0336239
0.0345626
0.0307809
0.0252556
0.0253609
0.0324759
0.0389859
0.0373532
0.0298040
0.0260804
0.0317715
0.0412408
0.0435794
0.0349480
0.0232542
0.0194712
0.0253805
0.0323464
0.0325889
0.0285759
0.0286338
0.0351498
0.0411775
0.0394438
0.0315994
0.0261857
0.0284331
0.0344336
0.0363739
0.0323434
0.0286146
0.0310928
0.0366117
0.0361758
0.0270137
0.0176135
0.0181983
0.0283209
0.0372911
0.0367848
0.0302561
0.0284627
0.0368027
0.0488763
0.0533761
0.0465196
0.0357549
0.0305242
0.0315772
0.0318219
0.0264751
0.0188579
0.0154863
0.0182184
0.0229023
0.0242982
0.0209216
0.0158848
0.0141686
0.0187736
0.0285522
0.0390661
0.0452618
0.0442133
0.0372543
0.0299842
0.0280394
0.0311676
0.0329280
0.0281364
0.0194402
0.0143333
0.0162721
0.0210743
0.0224656
0.0195592
0.0177713
0.0223743
0.0316109
0.0374080
0.0341512
0.0257784
0.0217151
0.0258292
0.0323979
0.0340480
0.0306839
0.0280082
0.0287930
0.0287283
0.0218298
0.0089093
-0.0008228
0.0018600
0.0158366
0.0295783
0.0331335
0.0284514
0.0251676
0.0275868
0.0298319
0.0243117
0.0114339
-0.0010375
-0.0065666
-0.0060133
-0.0054456
-0.0085484
-0.0120139
-0.0096370
-0.0006682
0.0083353
0.0108358
0.0068833
0.0008454
-0.0045059
-0.0088596
-0.0115009
-0.0112342
-0.0089087
-0.0075677
-0.0097020
-0.0151450
-0.0211949
-0.0244536
-0.0235421
-0.0200852
-0.0158528
-0.0099034
-0.0012465
0.0064431
0.0069671
-0.0005810
-0.0098116
-0.0145212
-0.0153467
-0.0172584
-0.0226048
-0.0283288
-0.0291806
-0.0233652
-0.0155437
-0.0126813
-0.0152452
-0.0150352
-0.0051373
0.0100660
0.0192382
0.0174326
0.0107999
0.0082976
0.0125582
0.0192141
0.0224003
0.0205134
0.0175381
0.0175313
0.0178924
0.0123060
0.0019575
-0.0017855
0.0097572
0.0309743
0.0476481
0.0512602
0.0442518
0.0347849
0.0302024
0.0325300
0.0369103
0.0367882
0.0320349
0.0282540
0.0278131
0.0274855
0.0256797
0.0247718
0.0248521
0.0228777
0.0194423
0.0178618
0.0152769
0.0045940
-0.0128110
-0.0269817
-0.0342012
-0.0407936
-0.0504363
-0.0604813
-0.0725137
-0.0912705
-0.1107254
-0.1199926
-0.1282291
-0.1616086
-0.2238922
