0.0505615
0.0474231
0.0367247
0.0287077
0.0228195
0.0117455
-0.0039662
-0.0166875
-0.0253045
-0.0377213
-0.0587155
-0.0827282
-0.1006518
-0.1093777
-0.1139796
-0.1234276
-0.1430721
-0.1683801
-0.1883128
-0.1984330
-0.2074903
-0.2256818
-0.2487978
-0.2610888
-0.2546104
-0.2399928
-0.2352227
-0.2465864
-0.2633701
-0.2708433
-0.2667334
-0.2631663
-0.2714103
-0.2869382
-0.2938778
-0.2844706
-0.2688323
-0.2623036
-0.2671369
-0.2716237
-0.2658707
-0.2535570
-0.2469137
-0.2527380
-0.2651813
-0.2719447
-0.2666824
-0.2545830
-0.2456688
-0.2441114
-0.2457682
-0.2450293
-0.2411420
-0.2374672
-0.2370151
-0.2396427
-0.2418478
-0.2386481
-0.2276138
-0.2122442
-0.2000366
-0.1959630
-0.1983590
-0.2017399
-0.2029042
-0.2034774
-0.2065045
-0.2110920
-0.2116490
-0.2040562
-0.1923356
-0.1862312
-0.1900694
-0.1960596
-0.1921551
-0.1766230
-0.1617442
-0.1613015
-0.1756413
-0.1909300
-0.1933864
-0.1830395
-0.1721970
-0.1707394
-0.1755065
-0.1763122
-0.1704597
-0.1665285
-0.1722034
-0.1823738
-0.1838062
-0.1711107
-0.1540117
-0.1466469
-0.1515041
-0.1570172
-0.1517957
-0.1387571
-0.1320311
-0.1398742
-0.1543075
-0.1604668
-0.1541257
-0.1456856
-0.1464305
-0.1549342
-0.1599450
-0.1547416
-0.1448865
-0.1409967
-0.1463561
-0.1540540
-0.1558967
-0.1514505
-0.1466147
-0.1450544
-0.1444128
-0.1414409
-0.1375075
-0.1364120
-0.1383377
-0.1389816
-0.1345557
-0.1251083
-0.1122855
-0.0962276
-0.0767598
-0.0567302
-0.0414879
-0.0335408
-0.0286155
-0.0189510
-0.0012186
0.0199323
0.0373069
0.0497783
0.0649914
0.0943592
0.1458578
0.2195244
0.3072770
0.3984629
0.4902412
0.5939097
0.7260032
0.8875022
1.0529039
1.1867500
1.2757417
1.3421410
1.4195606
1.5135257
1.5897943
1.6056282
1.5511392
1.4551984
1.3500602
1.2352594
1.0803030
0.8607262
0.5877363
0.3042045
0.0572150
-0.1247850
-0.2360445
-0.2854097
-0.2877089
-0.2585420
-0.2110228
-0.1544813
-0.0960939
-0.0429322
-0.0003133
0.0321548
0.0598584
0.0856884
0.1046340
0.1095976
0.1030399
0.0986619
0.1079133
0.1261962
0.1364372
0.1276899
0.1078626
0.0956934
0.1008619
0.1146607
0.1212076
0.1153614
0.1063166
0.1037717
0.1047699
0.0977223
0.0780965
0.0557083
0.0443400
0.0462289
0.0499340
0.0439807
0.0303802
0.0224757
0.0294654
0.0449880
0.0525502
0.0416303
0.0167702
-0.0091219
-0.0280092
-0.0415760
-0.0545280
-0.0665285
-0.0725319
-0.0698631
-0.0625848
-0.0577393
-0.0581143
-0.0602552
-0.0598077
-0.0570158
-0.0551271
-0.0540724
-0.0485111
-0.0338537
-0.0130907
0.0046108
0.0129312
0.0151511
0.0208304
0.0355810
0.0547660
0.0679670
0.0695092
0.0638105
0.0602305
0.0636654
0.0709514
0.0756105
0.0745445
0.0699101
0.0658733
0.0647335
0.0659942
0.0681683
0.0706956
0.0739803
0.0780252
0.0816506
0.0832274
0.0818953
0.0780329
0.0729876
0.0685216
0.0659873
0.0655140
0.0660773
0.0665543
0.0665263
0.0660305
0.0651251
0.0642466
0.0646583
0.0676322
0.0726332
0.0765967
0.0759393
0.0701978
0.0636384
0.0620989
0.0672367
0.0743376
0.0769382
0.0735705
0.0687181
0.0667649
0.0665622
0.0637222
0.0579438
0.0557034
0.0636312
0.0795186
0.0921913
0.0920905
0.0813045
0.0711052
0.0692286
0.0717514
0.0692665
0.0596609
0.0516525
0.0546038
0.0668963
0.0768916
0.0755782
0.0663779
0.0609456
0.0658663
0.0754109
0.0783405
0.0706475
0.0597721
0.0561627
0.0622897
0.0709948
0.0737433
0.0689629
0.0620544
0.0585166
0.0585468
0.0587380
0.0578754
0.0591090
0.0654793
0.0744922
0.0792976
0.0760155
0.0685642
0.0646054
0.0667735
0.0695098
0.0657468
0.0560095
0.0489180
0.0516527
0.0612683
0.0677234
0.0657457
0.0612598
0.0639309
0.0743681
0.0817612
0.0756393
0.0584029
0.0438953
0.0432229
0.0536079
0.0624903
0.0616854
0.0552410
0.0525614
0.0559489
0.0579983
0.0517991
0.0410201
0.0370701
0.0462502
0.0619439
0.0711196
0.0678745
0.0587411
0.0540962
0.0561139
0.0575154
0.0521045
0.0434780
0.0405777
0.0456611
0.0505542
0.0469412
0.0381383
0.0367152
0.0493197
0.0666139
0.0714793
0.0572590
0.0351770
0.0221062
0.0229268
0.0279558
0.0273074
0.0234365
0.0262843
0.0381508
0.0485588
0.0463337
0.0338402
0.0251341
0.0296174
0.0408663
0.0442930
0.0345134
0.0215035
0.0183151
0.0255636
0.0314752
0.0267316
0.0152878
0.0081860
0.0091207
0.0104716
0.0046790
-0.0038538
-0.0021269
0.0157936
0.0393719
0.0504447
0.0411493
0.0210746
0.0062652
0.0034063
0.0067831
0.0091675
0.0114627
0.0192917
0.0322807
0.0411628
0.0377248
0.0258461
0.0191939
0.0265080
0.0410227
0.0472309
0.0383898
0.0247625
0.0224366
0.0351492
0.0502004
0.0533345
0.0451657
0.0397448
0.0469070
0.0595188
0.0614249
0.0473194
0.0307871
0.0299889
0.0471187
0.0658293
0.0697931
0.0604416
0.0532743
0.0581974
0.0681867
0.0695008
0.0598928
0.0517479
0.0561675
0.0679980
0.0709862
0.0573677
0.0379050
0.0296615
0.0360097
0.0428894
0.0354783
0.0149879
-0.0039717
-0.0110620
-0.0111951
-0.0166076
-0.0311876
-0.0467178
-0.0549269
-0.0593908
-0.0718523
-0.0973328
-0.1265951
-0.1455193
-0.1502924
-0.1506550
-0.1583267
-0.1750502
-0.1936543
-0.2088854
-0.2236591
-0.2435878
-0.2679577
-0.2894038
-0.3028002
-0.3116654
-0.3234016
-0.3390734
-0.3507115
-0.3499710
-0.3380870
-0.3256678
-0.3228721
-0.3308141
-0.3423391
-0.3496487
-0.3503691
-0.3473529
-0.3445230
-0.3435981
-0.3438909
-0.3441244
-0.3443327
-0.3463228
-0.3517873
-0.3590660
-0.3622545
-0.3556193
-0.3402292
-0.3249034
-0.3182411
-0.3194209
-0.3189070
-0.3095435
-0.2954655
-0.2876735
-0.2908691
-0.2974168
-0.2963667
-0.2869650
-0.2797533
-0.2830777
-0.2913039
-0.2899942
-0.2729398
-0.2509226
-0.2412620
-0.2497272
-0.2651036
-0.2717048
-0.2649878
-0.2534888
-0.2471202
-0.2466685
-0.2457474
-0.2406915
-0.2353515
-0.2355425
-0.2410282
-0.2451909
-0.2423425
-0.2335809
-0.2248069
-0.2201911
-0.2187518
-0.2168323
-0.2125076
-0.2071036
-0.2033836
-0.2032964
-0.2072248
-0.2141275
-0.2216493
-0.2267334
-0.2272347
-0.2231181
-0.2155679
-0.2052120
-0.1925164
-0.1803618
-0.1745172
-0.1792085
-0.1917954
-0.2035767
-0.2074378
-0.2043491
-0.2010662
-0.2015206
-0.2022740
-0.1977402
-0.1886778
-0.1828637
-0.1863335
-0.1957437
-0.2015874
-0.1986456
-0.1910153
-0.1860087
-0.1851893
-0.1838140
-0.1785008
-0.1722861
-0.1702148
-0.1716771
-0.1704005
-0.1627455
-0.1531252
-0.1483331
-0.1475389
-0.1418443
-0.1255128
-0.1045991
-0.0902706
-0.0837423
-0.0724242
-0.0443871
-0.0046750
0.0275803
0.0402998
0.0444472
0.0662776
0.1240523
0.2142341
0.3199329
0.4293911
0.5442148
0.6720257
0.8149034
0.9650657
1.1084695
1.2313346
1.3264432
1.3966271
1.4510814
1.4945132
1.5190768
1.5098898
1.4597880
1.3751159
1.2632291
1.1169544
0.9193872
0.6689274
0.3963081
0.1502918
-0.0356926
-0.1609051
-0.2428796
-0.2925121
-0.3080351
-0.2889100
-0.2457350
-0.1925443
-0.1351612
-0.0738275
-0.0152944
0.0260404
0.0429558
0.0464380
0.0552986
0.0749335
0.0919713
0.0923938
0.0803742
0.0737303
0.0818568
0.0943318
0.0943982
0.0799906
0.0663534
0.0680178
0.0825895
0.0945914
0.0926522
0.0794343
0.0652278
0.0556690
0.0479989
0.0374665
0.0241089
0.0125843
0.0073625
0.0093361
0.0157816
0.0218008
0.0223222
0.0150298
0.0024925
-0.0097493
-0.0186455
-0.0269290
-0.0397718
-0.0580869
-0.0764320
-0.0883134
-0.0925387
-0.0928458
-0.0916963
-0.0869272
-0.0762731
-0.0637281
-0.0579746
-0.0627533
-0.0704015
-0.0676408
-0.0485432
-0.0206191
0.0025855
0.0140222
0.0176064
0.0214661
0.0289629
0.0370079
0.0414485
0.0419836
0.0417314
0.0436704
0.0484168
0.0543937
0.0588893
0.0596060
0.0569378
0.0549062
0.0579379
0.0653493
0.0702602
0.0662772
0.0555482
0.0480852
0.0514061
0.0617527
0.0676934
0.0627176
0.0522066
0.0464532
0.0483402
0.0509249
0.0477339
0.0424192
0.0450656
0.0592536
0.0758285
0.0814771
0.0725863
0.0588496
0.0531185
0.0590442
0.0691268
0.0734411
0.0687257
0.0594486
0.0521591
0.0500314
0.0517316
0.0535568
0.0523088
0.0476270
0.0428107
0.0428627
0.0503456
0.0625985
0.0735025
0.0784286
0.0773708
0.0732901
0.0681839
0.0617213
0.0536710
0.0463565
0.0433029
0.0452563
0.0485791
0.0486702
0.0451364
0.0429695
0.0479217
0.0603094
0.0733559
0.0781807
0.0713959
0.0584405
0.0491385
0.0491638
0.0555003
0.0604366
0.0598565
0.0568270
0.0566532
0.0594136
0.0591816
0.0514052
0.0398965
0.0345867
0.0416179
0.0564874
0.0679012
0.0681833
0.0593422
0.0495010
0.0448346
0.0453969
0.0473453
0.0474972
0.0456587
0.0438409
0.0440235
0.0461923
0.0479636
0.0466329
0.0425596
0.0403868
0.0454367
0.0577521
0.0702964
0.0746421
0.0690905
0.0603797
0.0566433
0.0592101
0.0622312
0.0600408
0.0534836
0.0483076
0.0482216
0.0508349
0.0506457
0.0452556
0.0381210
0.0354346
0.0405488
0.0509745
0.0601502
0.0623516
0.0570568
0.0493926
0.0458760
0.0486174
0.0533576
0.0538148
0.0483776
0.0420152
0.0409638
0.0457984
0.0506267
0.0494707
0.0428680
0.0374682
0.0390844
0.0466394
0.0532366
0.0529582
0.0463336
0.0393134
0.0373123
0.0403201
0.0434138
0.0416934
0.0348323
0.0270757
0.0228390
0.0223378
0.0218428
0.0184488
0.0141285
0.0141856
0.0213342
0.0318647
0.0384375
0.0368198
0.0295271
0.0227702
0.0203148
0.0207011
0.0200063
0.0163595
0.0113945
0.0079527
0.0071476
0.0075827
0.0068235
0.0036273
-0.0005902
-0.0022857
0.0013254
0.0089778
0.0152900
0.0152403
0.0092740
0.0031996
0.0021571
0.0050788
0.0062483
0.0024249
-0.0030590
-0.0045010
-0.0011844
0.0017258
0.0004217
-0.0013357
0.0042857
0.0193333
0.0358403
0.0431029
0.0386548
0.0306057
0.0289918
0.0359842
0.0450752
0.0486356
0.0448753
0.0378917
0.0328776
0.0322139
0.0348685
0.0377109
0.0374909
0.0333910
0.0287126
0.0289693
0.0366633
0.0478574
0.0551605
0.0547608
0.0498653
0.0465557
0.0468225
0.0467723
0.0417739
0.0322613
0.0235595
0.0202740
0.0216403
0.0224809
0.0181513
0.0083692
-0.0032067
-0.0126849
-0.0195583
-0.0271087
-0.0388936
-0.0542233
-0.0675164
-0.0734660
-0.0734831
-0.0760075
-0.0889354
-0.1114994
-0.1346791
-0.1503271
-0.1592760
-0.1695335
-0.1867793
-0.2079788
-0.2250792
-0.2342244
-0.2401536
-0.2514169
-0.2719831
-0.2976792
-0.3200277
-0.3330562
-0.3371638
-0.3376826
-0.3400483
-0.3455993
-0.3513100
-0.3535811
-0.3524736
-0.3519280
-0.3553195
-0.3609027
-0.3624923
-0.3554336
-0.3419228
-0.3298855
-0.3261538
-0.3305952
-0.3367978
-0.3383118
-0.3343375
-0.3298199
-0.3303103
-0.3364523
-0.3430615
-0.3437069
-0.3366645
-0.3264468
-0.3190699
-0.3157057
-0.3116047
-0.3018782
-0.2880281
-0.2777266
-0.2774736
-0.2857292
-0.2939112
-0.2943110
-0.2867672
-0.2776202
-0.2727608
-0.2722730
-0.2717058
-0.2678804
-0.2628849
-0.2621420
-0.2683841
-0.2775051
-0.2809069
-0.2729261
-0.2564867
-0.2410458
-0.2343290
-0.2359656
-0.2393343
-0.2391269
-0.2361706
-0.2348062
-0.2369066
-0.2398408
-0.2400221
-0.2369050
-0.2328057
-0.2299331
-0.2288651
-0.2292711
-0.2301911
-0.2291857
-0.2233074
-0.2129619
-0.2040077
-0.2032571
-0.2106744
-0.2177763
-0.2159289
-0.2058998
-0.1971275
-0.1969983
-0.2028875
-0.2065871
-0.2052577
-0.2047865
-0.2112345
-0.2214827
-0.2253536
-0.2169425
-0.2014212
-0.1895363
-0.1870269
-0.1910571
-0.1957198
-0.1981158
-0.1984517
-0.1970582
-0.1941674
-0.1918591
-0.1929748
-0.1967112
-0.1974998
-0.1908783
-0.1797865
-0.1719558
-0.1699960
-0.1668329
-0.1539405
-0.1329842
-0.1152045
-0.1075537
-0.1026161
-0.0863094
-0.0551630
-0.0216884
-0.0003372
0.0091261
0.0208259
0.0470293
0.0884735
0.1417281
0.2101281
0.3005052
0.4104070
0.5272924
0.6454958
0.7779416
0.9403235
1.1214381
1.2787979
1.3741846
1.4134376
1.4421081
1.4959458
1.5594179
1.5798233
1.5222975
1.4044894
1.2735704
1.1536464
1.0224086
0.8397781
0.5942254
0.3187208
0.0661542
-0.1253662
-0.2460125
-0.3047288
-0.3157329
-0.2936255
-0.2531502
-0.2060534
-0.1568313
-0.1043551
-0.0494352
0.0003109
0.0347543
0.0503924
0.0539781
0.0562853
0.0625261
0.0693667
0.0710847
0.0676172
0.0655988
0.0714222
0.0841099
0.0958482
0.0995011
0.0949287
0.0878128
0.0833459
0.0821863
0.0820632
0.0812555
0.0791365
0.0744915
0.0658416
0.0542524
0.0438577
0.0373970
0.0318531
0.0214547
0.0065257
-0.0028442
0.0043799
0.0265526
0.0468067
0.0468630
0.0238748
-0.0075149
-0.0299957
-0.0393281
-0.0451560
-0.0581630
-0.0786231
-0.0973964
-0.1057654
-0.1027185
-0.0938484
-0.0855334
-0.0806652
-0.0781278
-0.0746840
-0.0677854
-0.0580326
-0.0491249
-0.0442062
-0.0416644
-0.0356485
-0.0221074
-0.0040431
0.0107393
0.0176993
0.0202509
0.0252265
0.0343031
0.0418218
0.0419283
0.0365892
0.0347324
0.0431137
0.0589971
0.0724025
0.0750948
0.0671158
0.0554774
0.0477030
0.0464881
0.0491333
0.0510346
0.0500305
0.0481505
0.0490906
0.0534928
0.0571582
0.0552810
0.0488780
0.0454534
0.0513491
0.0635767
0.0713873
0.0673966
0.0561453
0.0497274
0.0548021
0.0656234
0.0708419
0.0658590
0.0566437
0.0516888
0.0524793
0.0533006
0.0493045
0.0426820
0.0403686
0.0467861
0.0595136
0.0713275
0.0757534
0.0714611
0.0628147
0.0564078
0.0557533
0.0583768
0.0586637
0.0543876
0.0497979
0.0507962
0.0570680
0.0610260
0.0562403
0.0460094
0.0411111
0.0481315
0.0616554
0.0698080
0.0669929
0.0591862
0.0562152
0.0607197
0.0663970
0.0661624
0.0596699
0.0522205
0.0482506
0.0477082
0.0480639
0.0477213
0.0469040
0.0468223
0.0491701
0.0552692
0.0637747
0.0694663
0.0667623
0.0560141
0.0450656
0.0423166
0.0480222
0.0542476
0.0542347
0.0500336
0.0488200
0.0525033
0.0542307
0.0470515
0.0342888
0.0281160
0.0368650
0.0554853
0.0701654
0.0717724
0.0633212
0.0545968
0.0515460
0.0520498
0.0505947
0.0447891
0.0370088
0.0314030
0.0304927
0.0337995
0.0382931
0.0403063
0.0385525
0.0359644
0.0374068
0.0442212
0.0513886
0.0516433
0.0430479
0.0315989
0.0254735
0.0271963
0.0323685
0.0355807
0.0358280
0.0354168
0.0351516
0.0328260
0.0267846
0.0193374
0.0153317
0.0177122
0.0252814
0.0343376
0.0412803
0.0437176
0.0408977
0.0345283
0.0284020
0.0253576
0.0242551
0.0214046
0.0157916
0.0114494
0.0127590
0.0178921
0.0195587
0.0137179
0.0058062
0.0055196
0.0151016
0.0252391
0.0244885
0.0118720
-0.0019182
-0.0059532
0.0001193
0.0074499
0.0083864
0.0033963
-0.0019162
-0.0040824
-0.0045349
-0.0063447
-0.0102280
-0.0139805
-0.0144817
-0.0097971
-0.0006915
0.0086797
0.0124724
0.0076384
-0.0025491
-0.0106576
-0.0118840
-0.0081820
-0.0047538
-0.0032275
-0.0002784
0.0065378
0.0137618
0.0152420
0.0101347
0.0052615
0.0079495
0.0175810
0.0261253
0.0271423
0.0227008
0.0206118
0.0258928
0.0361022
0.0444192
0.0457825
0.0400542
0.0311211
0.0242689
0.0233182
0.0281164
0.0343350
0.0372799
0.0370046
0.0386448
0.0461421
0.0560990
0.0600705
0.0540106
0.0438350
0.0394787
0.0437370
0.0493440
0.0481345
0.0410654
0.0365671
0.0393482
0.0439664
0.0414965
0.0309078
0.0206633
0.0183900
0.0215348
0.0205851
0.0106198
-0.0031887
-0.0124896
-0.0160181
-0.0207086
-0.0331253
-0.0521497
-0.0710246
-0.0849225
-0.0947892
-0.1045810
-0.1170077
-0.1324508
-0.1498542
-0.1667290
-0.1793487
-0.1857861
-0.1896819
-0.1988444
-0.2177504
-0.2418584
-0.2616027
-0.2726608
-0.2803087
-0.2920126
-0.3072023
-0.3174587
-0.3175486
-0.3135368
-0.3170538
-0.3317980
-0.3483764
-0.3539825
-0.3459656
-0.3341765
-0.3303197
-0.3366892
-0.3456309
-0.3482573
-0.3422974
-0.3325005
-0.3255780
-0.3251881
-0.3300807
-0.3356385
-0.3377670
-0.3364928
-0.3355010
-0.3369222
-0.3368505
-0.3282854
-0.3100939
-0.2915797
-0.2850833
-0.2930170
-0.3042807
-0.3056146
-0.2956757
-0.2854261
-0.2843566
-0.2892354
-0.2889239
-0.2788696
-0.2670384
-0.2640564
-0.2700775
-0.2745767
-0.2688849
-0.2559121
-0.2459144
-0.2445892
-0.2480372
-0.2491741
-0.2461426
-0.2426801
-0.2419709
-0.2430561
-0.2436115
-0.2437503
-0.2451274
-0.2472275
-0.2467913
-0.2415158
-0.2329783
-0.2249509
-0.2196370
-0.2166664
-0.2151943
-0.2152260
-0.2163535
-0.2167539
-0.2150194
-0.2124384
-0.2116658
-0.2128009
-0.2126002
-0.2089973
-0.2051311
-0.2062876
-0.2123447
-0.2157437
-0.2094056
-0.1959887
-0.1864161
-0.1878763
-0.1951507
-0.1963651
-0.1870982
-0.1760005
-0.1747574
-0.1842398
-0.1936104
-0.1934362
-0.1866248
-0.1836946
-0.1883970
-0.1919033
-0.1833433
-0.1640606
-0.1477853
-0.1457533
-0.1542966
-0.1597485
-0.1545220
-0.1445979
-0.1395517
-0.1384499
-0.1304146
-0.1096894
-0.0853175
-0.0711993
-0.0677891
-0.0595582
-0.0338454
0.0017876
0.0277956
0.0393186
0.0581410
0.1116945
0.2021070
0.3043125
0.3985751
0.4980841
0.6343607
0.8145551
1.0031512
1.1546137
1.2607604
1.3549258
1.4652795
1.5727756
1.6259485
1.5961683
1.5066800
1.4000566
1.2840301
1.1221093
0.8807125
0.5769381
0.2726277
0.0252678
-0.1474509
-0.2574785
-0.3159540
-0.3239700
-0.2882658
-0.2305355
-0.1726281
-0.1180605
-0.0573363
0.0088717
0.0609427
0.0799869
0.0714476
0.0613175
0.0682412
0.0853589
0.0929574
0.0843830
0.0728983
0.0731594
0.0826853
0.0865142
0.0776336
0.0667197
0.0695496
0.0882252
0.1084662
0.1146617
0.1042859
0.0868408
0.0719221
0.0614230
0.0523319
0.0430541
0.0346133
0.0273887
0.0199996
0.0123496
0.0076364
0.0090190
0.0143891
0.0163883
0.0088551
-0.0072957
-0.0254791
-0.0402710
-0.0517554
-0.0632115
-0.0760705
-0.0882300
-0.0964638
-0.0989154
-0.0953557
-0.0870106
-0.0774180
-0.0719049
-0.0732524
-0.0769406
-0.0729598
-0.0551424
-0.0288508
-0.0072236
0.0015501
0.0021336
0.0058837
0.0177070
0.0313636
0.0382910
0.0385300
0.0401597
0.0483448
0.0581105
0.0601284
0.0524626
0.0438274
0.0443379
0.0547326
0.0663472
0.0709754
0.0687544
0.0659531
0.0668861
0.0697716
0.0700204
0.0656709
0.0588053
0.0527788
0.0493648
0.0483221
0.0484253
0.0484962
0.0484688
0.0502973
0.0569013
0.0684391
0.0794236
0.0816075
0.0718324
0.0567366
0.0476125
0.0495268
0.0566498
0.0596238
0.0566227
0.0547543
0.0599108
0.0677778
0.0680241
0.0574628
0.0458889
0.0461672
0.0593304
0.0724299
0.0723521
0.0599679
0.0486336
0.0493772
0.0598616
0.0685180
0.0674030
0.0589290
0.0508153
0.0473182
0.0468710
0.0466920
0.0470600
0.0503757
0.0574551
0.0659180
0.0717952
0.0720577
0.0663286
0.0575007
0.0505992
0.0493514
0.0527676
0.0558863
0.0550780
0.0521593
0.0517377
0.0544183
0.0548186
0.0482984
0.0387534
0.0366689
0.0476886
0.0645798
0.0731527
0.0666731
0.0527043
0.0446309
0.0476999
0.0551055
0.0571730
0.0518663
0.0450583
0.0422521
0.0427248
0.0423084
0.0399259
0.0393815
0.0446782
0.0548062
0.0637859
0.0655410
0.0587403
0.0477536
0.0394767
0.0384101
0.0434125
0.0489164
0.0501545
0.0476220
0.0457080
0.0464971
0.0461299
0.0391634
0.0267265
0.0182779
0.0230679
0.0397917
0.0564299
0.0614669
0.0545752
0.0452382
0.0416150
0.0427492
0.0422111
0.0372205
0.0316812
0.0303841
0.0327254
0.0338570
0.0310932
0.0271667
0.0267197
0.0309328
0.0366044
0.0397455
0.0387894
0.0345675
0.0289465
0.0244433
0.0238069
0.0278606
0.0335359
0.0357808
0.0325933
0.0272675
0.0242896
0.0235201
0.0204406
0.0129313
0.0059964
0.0073474
0.0180972
0.0299382
0.0331902
0.0268127
0.0185330
0.0150406
0.0143761
0.0097695
-0.0003128
-0.0089557
-0.0087519
-0.0011359
0.0045625
0.0015553
-0.0066210
-0.0099514
-0.0030122
0.0090116
0.0156065
0.0114829
0.0014710
-0.0044832
-0.0005041
0.0106167
0.0207968
0.0240487
0.0211111
0.0176490
0.0181763
0.0216694
0.0232247
0.0200682
0.0154989
0.0162287
0.0255687
0.0395190
0.0499098
0.0514647
0.0458657
0.0393359
0.0368066
0.0384608
0.0412071
0.0426353
0.0433405
0.0458015
0.0511887
0.0570712
0.0585118
0.0525412
0.0423649
0.0362846
0.0405394
0.0524227
0.0617319
0.0606600
0.0521844
0.0471180
0.0520219
0.0611694
0.0621951
0.0497317
0.0316540
0.0205151
0.0197958
0.0206985
0.0129486
-0.0030960
-0.0168021
-0.0192067
-0.0129058
-0.0094723
-0.0180640
-0.0374732
-0.0588070
-0.0745871
-0.0847260
-0.0945706
-0.1084536
-0.1255926
-0.1417847
-0.1545533
-0.1664115
-0.1827238
-0.2057351
-0.2306612
-0.2487802
-0.2556814
-0.2564705
-0.2616198
-0.2768476
-0.2975194
-0.3137490
-0.3207484
-0.3231843
-0.3290932
-0.3405423
-0.3514835
-0.3547592
-0.3500021
-0.3437264
-0.3420662
-0.3444795
-0.3448973
-0.3384623
-0.3267473
-0.3167169
-0.3148383
-0.3216242
-0.3311276
-0.3357954
-0.3326118
-0.3251093
-0.3194062
-0.3182164
-0.3188935
-0.3173115
-0.3130519
-0.3099894
-0.3115819
-0.3161684
-0.3176069
-0.3107494
-0.2962344
-0.2801595
-0.2694016
-0.2667787
-0.2694647
-0.2714015
-0.2681573
-0.2608293
-0.2552069
-0.2558629
-0.2606137
-0.2620468
-0.2557160
-0.2460278
-0.2419792
-0.2464468
-0.2515385
-0.2467284
-0.2314097
-0.2170800
-0.2156121
-0.2265007
-0.2376490
-0.2385427
-0.2304565
-0.2227393
-0.2211381
-0.2224912
-0.2208166
-0.2158432
-0.2134383
-0.2182645
-0.2278463
-0.2343681
-0.2314474
-0.2189726
-0.2026854
-0.1901919
-0.1863750
-0.1903781
-0.1962386
-0.1980197
-0.1958078
-0.1958210
-0.2027980
-0.2126407
-0.2152412
-0.2061281
-0.1934648
-0.1904832
-0.2005762
-0.2124420
-0.2120477
-0.1983233
-0.1844236
-0.1829614
-0.1922929
-0.1993106
-0.1945415
-0.1816775
-0.1717579
-0.1706623
-0.1745963
-0.1765891
-0.1742063
-0.1698289
-0.1655724
-0.1603913
-0.1520452
-0.1400182
-0.1256671
-0.1105972
-0.0960456
-0.0832630
-0.0728737
-0.0633809
-0.0515857
-0.0357999
-0.0183152
-0.0032298
0.0090787
0.0250959
0.0550759
0.1059262
0.1761815
0.2578076
0.3443639
0.4391459
0.5547073
0.7010023
0.8711961
1.0403002
1.1817828
1.2879623
1.3728420
1.4528965
1.5259055
1.5712462
1.5707675
1.5252845
1.4476653
1.3427911
1.2005237
1.0101597
0.7773327
0.5230959
0.2699656
0.0354662
-0.1610910
-0.2956068
-0.3533266
-0.3466445
-0.3110891
-0.2772265
-0.2472508
-0.2027561
-0.1344264
-0.0585589
-0.0017755
0.0263430
0.0399180
0.0567923
0.0777750
0.0892488
0.0832276
0.0691558
0.0642468
0.0753843
0.0935885
0.1053394
0.1061586
0.1021055
0.1005878
0.1028023
0.1050912
0.1046690
0.1017176
0.0968070
0.0889363
0.0772737
0.0635838
0.0513622
0.0425788
0.0363569
0.0312015
0.0274771
0.0265596
0.0279192
0.0286262
0.0264796
0.0223542
0.0178548
0.0113090
-0.0013075
-0.0202422
-0.0388498
-0.0495684
-0.0531095
-0.0587989
-0.0735856
-0.0920051
-0.1001695
-0.0907570
-0.0718715
-0.0587159
-0.0572367
-0.0588382
-0.0520620
-0.0365976
-0.0226595
-0.0173924
-0.0158618
-0.0076273
0.0099119
0.0280799
0.0371220
0.0372226
0.0374865
0.0450694
0.0576465
0.0670342
0.0682589
0.0634729
0.0580800
0.0554863
0.0560876
0.0590471
0.0629075
0.0651797
0.0636748
0.0590367
0.0546019
0.0526906
0.0519662
0.0499384
0.0476931
0.0499823
0.0593417
0.0714728
0.0787887
0.0786997
0.0760773
0.0761260
0.0769086
0.0721395
0.0611643
0.0522277
0.0530837
0.0604365
0.0629427
0.0555620
0.0472909
0.0511879
0.0678166
0.0827251
0.0821815
0.0687191
0.0577286
0.0594392
0.0683117
0.0718812
0.0666191
0.0607829
0.0621479
0.0676398
0.0679693
0.0602581
0.0520517
0.0521030
0.0600183
0.0672615
0.0672753
0.0620501
0.0583483
0.0597208
0.0638887
0.0666825
0.0661841
0.0629062
0.0581072
0.0532090
0.0496472
0.0478055
0.0466804
0.0460447
0.0484894
0.0570394
0.0696479
0.0779169
0.0741621
0.0603849
0.0481225
0.0473558
0.0561099
0.0630346
0.0604493
0.0524903
0.0487802
0.0519976
0.0551511
0.0516327
0.0446755
0.0438256
0.0528377
0.0643486
0.0681230
0.0627311
0.0564207
0.0565189
0.0607939
0.0612352
0.0547105
0.0465466
0.0429096
0.0426959
0.0399067
0.0331807
0.0294586
0.0362235
0.0514971
0.0640263
0.0641155
0.0531082
0.0412458
0.0369355
0.0395413
0.0426297
0.0422991
0.0405979
0.0413270
0.0444811
0.0458112
0.0412473
0.0311760
0.0207627
0.0163325
0.0205348
0.0298802
0.0370565
0.0368472
0.0306890
0.0251515
0.0251579
0.0286689
0.0289248
0.0223553
0.0131442
0.0084547
0.0095682
0.0101706
0.0047791
-0.0030053
-0.0036697
0.0064014
0.0189185
0.0217338
0.0121024
-0.0005204
-0.0055244
-0.0027082
-0.0005259
-0.0038863
-0.0076030
-0.0041929
0.0044018
0.0074852
-0.0009616
-0.0131780
-0.0155121
-0.0045444
0.0083567
0.0100901
0.0009938
-0.0060124
-0.0010703
0.0111222
0.0175038
0.0124215
0.0036182
0.0018259
0.0077394
0.0125188
0.0101757
0.0055729
0.0083366
0.0209515
0.0356870
0.0432530
0.0421661
0.0383100
0.0367818
0.0366918
0.0345054
0.0303371
0.0285996
0.0325485
0.0401685
0.0464382
0.0486014
0.0481602
0.0484067
0.0512931
0.0564837
0.0620060
0.0652663
0.0645360
0.0607209
0.0575074
0.0583939
0.0626456
0.0648273
0.0597927
0.0484921
0.0375583
0.0321203
0.0300356
0.0250467
0.0154603
0.0072832
0.0070215
0.0124275
0.0128568
-0.0001140
-0.0235360
-0.0460593
-0.0600519
-0.0692347
-0.0831767
-0.1053790
-0.1293081
-0.1469406
-0.1588878
-0.1733586
-0.1953888
-0.2199113
-0.2373191
-0.2448229
-0.2500275
-0.2625131
-0.2832225
-0.3037683
-0.3160060
-0.3203980
-0.3238434
-0.3308372
-0.3393862
-0.3458468
-0.3510011
-0.3588878
-0.3702519
-0.3795921
-0.3799192
-0.3697537
-0.3546080
-0.3419527
-0.3356221
-0.3350068
-0.3380077
-0.3429451
-0.3477430
-0.3495165
-0.3468210
-0.3417713
-0.3382816
-0.3379127
-0.3384341
-0.3366440
-0.3315637
-0.3244974
-0.3171630
-0.3108726
-0.3068879
-0.3058786
-0.3063703
-0.3048790
-0.2991524
-0.2912818
-0.2859401
-0.2845556
-0.2828038
-0.2762298
-0.2678228
-0.2664649
-0.2757096
-0.2863789
-0.2842234
-0.2656993
-0.2433962
-0.2336056
-0.2395406
-0.2492382
-0.2501420
-0.2428709
-0.2381224
-0.2415518
-0.2462799
-0.2425984
-0.2319109
-0.2261702
-0.2329531
-0.2452207
-0.2490102
-0.2396707
-0.2269439
-0.2233399
-0.2302074
-0.2375352
-0.2363789
-0.2283493
-0.2216163
-0.2200728
-0.2199260
-0.2170439
-0.2140168
-0.2171060
-0.2274245
-0.2380924
-0.2407194
-0.2330583
-0.2197473
-0.2072360
-0.1994204
-0.1972418
-0.2000478
-0.2058749
-0.2112551
-0.2128564
-0.2103994
-0.2070643
-0.2058239
-0.2058649
-0.2039136
-0.1986609
-0.1919896
-0.1856004
-0.1787150
-0.1706525
-0.1638938
-0.1616657
-0.1622549
-0.1584594
-0.1450422
-0.1260125
-0.1116239
-0.1065875
-0.1032000
-0.0893989
-0.0636676
-0.0381699
-0.0245204
-0.0188774
-0.0050663
0.0281500
0.0773697
0.1334123
0.1953368
0.2709587
0.3649963
0.4729308
0.5896396
0.7193937
0.8695883
1.0329177
1.1826074
1.2927405
1.3626883
1.4148901
1.4659373
1.5046449
1.5027555
1.4436856
1.3345205
1.1907001
1.0172293
0.8106810
0.5762685
0.3353968
0.1140642
-0.0717013
-0.2155936
-0.3111740
-0.3514304
-0.3408928
-0.3009301
-0.2547910
-0.2079775
-0.1499374
-0.0766834
-0.0053356
0.0392983
0.0503248
0.0453058
0.0463504
0.0580623
0.0682845
0.0676140
0.0618220
0.0625840
0.0707102
0.0751217
0.0687666
0.0594276
0.0604251
0.0733772
0.0852600
0.0828263
0.0662042
0.0466786
0.0335519
0.0258890
0.0168711
0.0037669
-0.0084416
-0.0130812
-0.0092726
-0.0020750
0.0031996
0.0042614
0.0000975
-0.0104612
-0.0266901
-0.0444931
-0.0592375
-0.0698716
-0.0792542
-0.0904721
-0.1030631
-0.1127099
-0.1151520
-0.1111162
-0.1065546
-0.1064838
-0.1089640
-0.1068287
-0.0953672
-0.0769498
-0.0582326
-0.0442309
-0.0350566
-0.0270566
-0.0168494
-0.0048532
0.0053962
0.0115623
0.0148581
0.0175523
0.0200940
0.0220745
0.0240475
0.0263358
0.0275780
0.0267392
0.0255481
0.0268014
0.0307347
0.0344925
0.0347425
0.0303474
0.0237659
0.0201047
0.0226810
0.0288463
0.0323235
0.0301222
0.0247547
0.0198028
0.0170086
0.0181020
0.0247716
0.0348605
0.0424252
0.0437579
0.0406130
0.0366711
0.0341986
0.0342660
0.0356964
0.0337544
0.0254321
0.0161388
0.0144143
0.0196240
0.0231934
0.0233512
0.0283539
0.0409962
