-0.0681792
-0.1177421
-0.0725714
-0.0533197
-0.0861461
-0.1051784
-0.0889419
-0.0829916
-0.1043659
-0.1192899
-0.1137828
-0.1097986
-0.1108309
-0.0959521
-0.0687447
-0.0570658
-0.0639382
-0.0656465
-0.0562913
-0.0522583
-0.0565758
-0.0570354
-0.0545644
-0.0588978
-0.0623328
-0.0494487
-0.0262953
-0.0118619
-0.0084507
-0.0057406
-0.0045323
-0.0119294
-0.0218983
-0.0229512
-0.0175319
-0.0160208
-0.0203050
-0.0272029
-0.0364574
-0.0429988
-0.0356213
-0.0160840
-0.0047551
-0.0145739
-0.0335029
-0.0442407
-0.0469624
-0.0513022
-0.0593941
-0.0678640
-0.0755073
-0.0806059
-0.0804694
-0.0784231
-0.0807485
-0.0847151
-0.0819959
-0.0746875
-0.0735892
-0.0792133
-0.0794601
-0.0689611
-0.0573052
-0.0549390
-0.0618345
-0.0716564
-0.0775679
-0.0741644
-0.0626560
-0.0527400
-0.0516642
-0.0550757
-0.0557708
-0.0546456
-0.0540665
-0.0488904
-0.0360815
-0.0259865
-0.0299690
-0.0405973
-0.0374177
-0.0124256
0.0190553
0.0327630
0.0152381
-0.0286804
-0.0811533
-0.1190270
-0.1106138
-0.0056067
0.2485216
0.6452089
1.0658409
1.3188377
1.2680557
0.9365814
0.4847873
0.0880540
-0.1711074
-0.3151416
-0.4032687
-0.4611078
-0.4714818
-0.4192823
-0.3267536
-0.2366443
-0.1723030
-0.1283320
-0.0942270
-0.0702216
-0.0589807
-0.0562698
-0.0559468
-0.0567375
-0.0599293
-0.0646819
-0.0678257
-0.0664298
-0.0612201
-0.0580476
-0.0616425
-0.0662460
-0.0592999
-0.0386716
-0.0191796
-0.0157038
-0.0253235
-0.0327818
-0.0294030
-0.0203257
-0.0158885
-0.0208847
-0.0304049
-0.0334446
-0.0230094
-0.0039124
0.0125799
0.0214060
0.0260308
0.0293274
0.0300840
0.0298571
0.0353271
0.0502740
0.0706362
0.0904549
0.1086672
0.1281964
0.1516264
0.1784161
0.2037040
0.2210697
0.2298396
0.2374936
0.2506779
0.2663219
0.2762849
0.2780737
0.2758994
0.2739703
0.2743482
0.2787393
0.2857539
0.2872745
0.2735988
0.2435376
0.2067769
0.1757547
0.1552308
0.1377173
0.1095920
0.0660715
0.0203174
-0.0083260
-0.0168374
-0.0229079
-0.0437498
-0.0763447
-0.1028807
-0.1111346
-0.1049753
-0.0979253
-0.1006865
-0.1136858
-0.1287870
-0.1375600
-0.1374220
-0.1299091
-0.1169183
-0.1020497
-0.0916868
-0.0886828
-0.0870141
-0.0790998
-0.0675433
-0.0631364
-0.0706318
-0.0819005
-0.0846237
-0.0743365
-0.0574473
-0.0452606
-0.0449161
-0.0535221
-0.0610222
-0.0600251
-0.0520419
-0.0441233
-0.0422332
-0.0480394
-0.0574029
-0.0604408
-0.0488448
-0.0271304
-0.0122727
-0.0172025
-0.0366257
-0.0527331
-0.0536018
-0.0437251
-0.0378674
-0.0460291
-0.0631117
-0.0731666
-0.0659425
-0.0488081
-0.0392337
-0.0458242
-0.0603955
-0.0687477
-0.0654819
-0.0577857
-0.0578251
-0.0714123
-0.0910179
-0.1003088
-0.0891538
-0.0645053
-0.0439523
-0.0387846
-0.0453102
-0.0512521
-0.0477911
-0.0365804
-0.0278502
-0.0307408
-0.0433437
-0.0536064
-0.0517953
-0.0400247
-0.0279639
-0.0224800
-0.0242476
-0.0309319
-0.0388465
-0.0426795
-0.0382765
-0.0273399
-0.0178316
-0.0180701
-0.0293952
-0.0453076
-0.0606286
-0.0802231
-0.1075167
-0.1133319
-0.0239916
0.2320473
0.6413168
1.0676417
1.3166050
1.2637782
0.9409807
0.5069045
0.1295462
-0.1173795
-0.2626062
-0.3634857
-0.4368097
-0.4588112
-0.4141947
-0.3273308
-0.2441867
-0.1938501
-0.1722582
-0.1577511
-0.1361843
-0.1109883
-0.0931333
-0.0860948
-0.0833284
-0.0783978
-0.0723043
-0.0692568
-0.0694960
-0.0693538
-0.0657015
-0.0576025
-0.0459069
-0.0340409
-0.0273887
-0.0288635
-0.0353982
-0.0403594
-0.0393578
-0.0337602
-0.0294849
-0.0315464
-0.0377200
-0.0385075
-0.0264912
-0.0055337
0.0125771
0.0210090
0.0245392
0.0329677
0.0505610
0.0724965
0.0895366
0.0961442
0.0963032
0.1014133
0.1200972
0.1494301
0.1773972
0.1939043
0.1987795
0.2003606
0.2076242
0.2223266
0.2373337
0.2438643
0.2413572
0.2383603
0.2427810
0.2539609
0.2658611
0.2746581
0.2800200
0.2811799
0.2757059
0.2620497
0.2409509
0.2141961
0.1834792
0.1509011
0.1200334
0.0953999
0.0787988
0.0652140
0.0454010
0.0161310
-0.0137858
-0.0322130
-0.0381477
-0.0428187
-0.0554105
-0.0721309
-0.0819239
-0.0799687
-0.0723346
-0.0683870
-0.0714398
-0.0777480
-0.0832080
-0.0884062
-0.0954413
-0.1019538
-0.1028469
-0.0984577
-0.0958743
-0.0989458
-0.1010909
-0.0931633
-0.0767888
-0.0646619
-0.0667637
-0.0795596
-0.0902449
-0.0900620
-0.0822701
-0.0774521
-0.0818720
-0.0914681
-0.0976335
-0.0969909
-0.0931500
-0.0901151
-0.0876155
-0.0832608
-0.0759528
-0.0660641
-0.0550007
-0.0458746
-0.0422074
-0.0442938
-0.0481982
-0.0493376
-0.0460574
-0.0396155
-0.0324895
-0.0274480
-0.0268970
-0.0318348
-0.0409497
-0.0502621
-0.0544240
-0.0510735
-0.0449805
-0.0448474
-0.0531342
-0.0609921
-0.0568916
-0.0400457
-0.0225953
-0.0180733
-0.0289752
-0.0452447
-0.0535790
-0.0487341
-0.0373409
-0.0310910
-0.0359337
-0.0478458
-0.0579922
-0.0602309
-0.0544051
-0.0456512
-0.0415889
-0.0474352
-0.0616467
-0.0772440
-0.0884565
-0.0953606
-0.1019066
-0.1107719
-0.1202877
-0.1249818
-0.1192785
-0.1026830
-0.0818621
-0.0661447
-0.0603741
-0.0626038
-0.0677007
-0.0713495
-0.0712993
-0.0675748
-0.0626669
-0.0602968
-0.0626942
-0.0683583
-0.0720030
-0.0679125
-0.0561742
-0.0458513
-0.0479179
-0.0621335
-0.0739310
-0.0690740
-0.0509954
-0.0389859
-0.0468872
-0.0659530
-0.0723954
-0.0529466
-0.0207934
-0.0034139
-0.0153613
-0.0474141
-0.0827614
-0.1131323
-0.1253633
-0.0738403
0.1107594
0.4576338
0.8897334
1.2332917
1.3189166
1.0989200
0.6801494
0.2429667
-0.0815196
-0.2718782
-0.3783712
-0.4451366
-0.4739806
-0.4491381
-0.3756827
-0.2843003
-0.2052473
-0.1474016
-0.1035036
-0.0687646
-0.0482148
-0.0465233
-0.0568113
-0.0647716
-0.0630297
-0.0569418
-0.0552479
-0.0591932
-0.0634892
-0.0645956
-0.0635856
-0.0616060
-0.0567164
-0.0471014
-0.0358364
-0.0301946
-0.0347772
-0.0451477
-0.0500485
-0.0423429
-0.0276813
-0.0197779
-0.0257925
-0.0377154
-0.0394638
-0.0222140
0.0073091
0.0328392
0.0427877
0.0396278
0.0357963
0.0406326
0.0525130
0.0639822
0.0716091
0.0777273
0.0840876
0.0884875
0.0893414
0.0907916
0.1003364
0.1211552
0.1480045
0.1716754
0.1876843
0.1996578
0.2131816
0.2275806
0.2366880
0.2381199
0.2383832
0.2461937
0.2622444
0.2780148
0.2841397
0.2781131
0.2641276
0.2473224
0.2290594
0.2072100
0.1800295
0.1487506
0.1162679
0.0848982
0.0569023
0.0356706
0.0232441
0.0162519
0.0070035
-0.0095925
-0.0308938
-0.0489869
-0.0578858
-0.0585346
-0.0577003
-0.0618624
-0.0712555
-0.0799994
-0.0826836
-0.0800708
-0.0772841
-0.0774596
-0.0792587
-0.0804610
-0.0816605
-0.0849247
-0.0895321
-0.0908950
-0.0854094
-0.0765610
-0.0738011
-0.0823619
-0.0947569
-0.0964172
-0.0817341
-0.0617256
-0.0527452
-0.0586521
-0.0668580
-0.0619173
-0.0409224
-0.0151501
0.0015050
0.0041671
-0.0019105
-0.0087752
-0.0116852
-0.0085380
0.0019290
0.0176959
0.0309695
0.0328969
0.0225035
0.0086919
0.0015535
0.0024457
0.0035307
-0.0034951
-0.0188109
-0.0341506
-0.0406347
-0.0369052
-0.0294211
-0.0252973
-0.0264035
-0.0307285
-0.0369003
-0.0447823
-0.0527045
-0.0574090
-0.0579649
-0.0580178
-0.0621696
-0.0698351
-0.0739970
-0.0679724
-0.0541379
-0.0441326
-0.0479438
-0.0630867
-0.0770610
-0.0808924
-0.0778171
-0.0778156
-0.0864019
-0.1008512
-0.1150454
-0.1241992
-0.1247892
-0.1137640
-0.0914335
-0.0651367
-0.0468427
-0.0438546
-0.0516154
-0.0579554
-0.0553721
-0.0472312
-0.0410803
-0.0391675
-0.0387427
-0.0391061
-0.0425914
-0.0477126
-0.0468475
-0.0351973
-0.0198285
-0.0143187
-0.0228418
-0.0336639
-0.0326792
-0.0216859
-0.0169170
-0.0270894
-0.0393137
-0.0343137
-0.0130527
0.0019497
-0.0056459
-0.0275275
-0.0478331
-0.0669731
-0.0852944
-0.0568622
0.1139757
0.4889038
0.9884801
1.3870568
1.4555904
1.1418310
0.6170502
0.1377974
-0.1472942
-0.2680928
-0.3388870
-0.4213494
-0.4838229
-0.4703333
-0.3793729
-0.2671296
-0.1894163
-0.1570178
-0.1457355
-0.1337312
-0.1185185
-0.1044247
-0.0889232
-0.0677829
-0.0464241
-0.0369108
-0.0433626
-0.0559596
-0.0616239
-0.0576440
-0.0522772
-0.0533147
-0.0587809
-0.0596206
-0.0500493
-0.0334250
-0.0177818
-0.0076056
-0.0018708
0.0011209
0.0005282
-0.0040864
-0.0091649
-0.0094005
-0.0034515
0.0045446
0.0100847
0.0142438
0.0233571
0.0420076
0.0666039
0.0873237
0.0974836
0.1003386
0.1055046
0.1190785
0.1383486
0.1557100
0.1662378
0.1713772
0.1767337
0.1870441
0.2026319
0.2198655
0.2344170
0.2435468
0.2458426
0.2410184
0.2315467
0.2229577
0.2195406
0.2189495
0.2130050
0.1958649
0.1715542
0.1520376
0.1462745
0.1506960
0.1514717
0.1372411
0.1092660
0.0784133
0.0534627
0.0344701
0.0168043
-0.0019723
-0.0209569
-0.0388698
-0.0547180
-0.0657527
-0.0679745
-0.0609772
-0.0517321
-0.0511287
-0.0645692
-0.0857439
-0.1013121
-0.1030678
-0.0951122
-0.0884135
-0.0892424
-0.0941489
-0.0953787
-0.0890967
-0.0779984
-0.0677531
-0.0623407
-0.0622585
-0.0655755
-0.0695246
-0.0713239
-0.0692957
-0.0650265
-0.0638470
-0.0704628
-0.0827648
-0.0917806
-0.0899877
-0.0793927
-0.0699159
-0.0699100
-0.0794416
-0.0924667
-0.1032955
-0.1093963
-0.1092438
-0.1008788
-0.0849922
-0.0681394
-0.0589665
-0.0591017
-0.0599566
-0.0517977
-0.0356324
-0.0230485
-0.0234966
-0.0343015
-0.0447891
-0.0481346
-0.0465067
-0.0454363
-0.0466253
-0.0480928
-0.0493180
-0.0525918
-0.0582270
-0.0613537
-0.0569981
-0.0480298
-0.0442939
-0.0517283
-0.0645213
-0.0709252
-0.0661987
-0.0571973
-0.0539318
-0.0589167
-0.0659884
-0.0679452
-0.0633625
-0.0563263
-0.0518266
-0.0528583
-0.0605460
-0.0739051
-0.0882594
-0.0965185
-0.0954669
-0.0907767
-0.0927681
-0.1055348
-0.1216255
-0.1289530
-0.1223850
-0.1076647
-0.0947457
-0.0885110
-0.0856424
-0.0791109
-0.0651604
-0.0467232
-0.0309948
-0.0236178
-0.0241503
-0.0262887
-0.0229020
-0.0121431
0.0005323
0.0060488
-0.0029106
-0.0283813
-0.0619601
-0.0743488
-0.0105698
0.1873257
0.5277817
0.9262426
1.2235458
1.2745434
1.0458499
0.6400912
0.2222243
-0.0898030
-0.2785512
-0.3914401
-0.4675876
-0.5033671
-0.4785331
-0.3982785
-0.2997621
-0.2211498
-0.1728692
-0.1408495
-0.1113015
-0.0860424
-0.0747255
-0.0788922
-0.0887205
-0.0941790
-0.0946401
-0.0957615
-0.1002381
-0.1053475
-0.1086873
-0.1121876
-0.1185479
-0.1258420
-0.1283203
-0.1225351
-0.1108456
-0.0979822
-0.0852400
-0.0698628
-0.0505807
-0.0319749
-0.0210776
-0.0194480
-0.0204906
-0.0157168
-0.0025971
0.0146486
0.0304508
0.0419288
0.0483350
0.0499398
0.0497031
0.0544319
0.0704253
0.0958604
0.1193164
0.1296323
0.1286968
0.1319692
0.1531751
0.1886846
0.2197223
0.2310137
0.2254950
0.2195735
0.2256828
0.2415386
0.2555605
0.2598052
0.2562402
0.2522470
0.2527200
0.2567857
0.2595864
0.2550110
0.2379792
0.2076438
0.1697392
0.1333585
0.1029178
0.0743039
0.0415362
0.0070013
-0.0180908
-0.0253844
-0.0200029
-0.0169925
-0.0267959
-0.0458663
-0.0624640
-0.0700685
-0.0727945
-0.0780269
-0.0871322
-0.0957237
-0.1008917
-0.1040490
-0.1062195
-0.1046008
-0.0969457
-0.0875249
-0.0846967
-0.0915110
-0.1012283
-0.1042743
-0.0987719
-0.0921087
-0.0919522
-0.0977856
-0.1026364
-0.1015340
-0.0956304
-0.0882408
-0.0802007
-0.0711677
-0.0632148
-0.0596328
-0.0602952
-0.0613542
-0.0607274
-0.0612914
-0.0661180
-0.0718963
-0.0707669
-0.0601178
-0.0480641
-0.0458637
-0.0546042
-0.0622017
-0.0557649
-0.0359593
-0.0170157
-0.0126473
-0.0237496
-0.0397799
-0.0493806
-0.0481854
-0.0390009
-0.0283853
-0.0233744
-0.0279615
-0.0397697
-0.0508816
-0.0546158
-0.0524591
-0.0527098
-0.0607467
-0.0716582
-0.0748863
-0.0665597
-0.0548917
-0.0515901
-0.0593253
-0.0701023
-0.0755404
-0.0757346
-0.0766786
-0.0814226
-0.0868951
-0.0892759
-0.0893681
-0.0904767
-0.0923930
-0.0908987
-0.0846479
-0.0800959
-0.0859523
-0.1021441
-0.1173095
-0.1199488
-0.1111057
-0.1029800
-0.1041632
-0.1089335
-0.1040840
-0.0857289
-0.0655383
-0.0577479
-0.0621764
-0.0648499
-0.0564019
-0.0446922
-0.0443965
-0.0576344
-0.0740707
-0.0916537
-0.1231788
-0.1637354
-0.1502672
0.0216794
0.4058007
0.9115489
1.3156309
1.4005787
1.1142718
0.6083429
0.1190403
-0.2007545
-0.3530517
-0.4289288
-0.4945917
-0.5429681
-0.5355775
-0.4659390
-0.3722178
-0.2975603
-0.2523176
-0.2179767
-0.1787553
-0.1401422
-0.1174403
-0.1144774
-0.1189713
-0.1163678
-0.1030959
-0.0856088
-0.0706823
-0.0601158
-0.0534708
-0.0514707
-0.0541820
-0.0577888
-0.0569729
-0.0516584
-0.0487536
-0.0542432
-0.0640497
-0.0659102
-0.0520630
-0.0286234
-0.0103375
-0.0062408
-0.0120261
-0.0165233
-0.0135949
-0.0061746
0.0000410
0.0039910
0.0094009
0.0195926
0.0344074
0.0517171
0.0693944
0.0848906
0.0951687
0.0995891
0.1023102
0.1091431
0.1209137
0.1316145
0.1350231
0.1327976
0.1342754
0.1476448
0.1723643
0.2009586
0.2268740
0.2484803
0.2657084
0.2761666
0.2774860
0.2722985
0.2669112
0.2632610
0.2547973
0.2338414
0.2028674
0.1749494
0.1605722
0.1553502
0.1437694
0.1157887
0.0776829
0.0449613
0.0260660
0.0156127
0.0034110
-0.0133696
-0.0293850
-0.0402443
-0.0480463
-0.0563839
-0.0629464
-0.0610548
-0.0492068
-0.0363833
-0.0350554
-0.0485114
-0.0666633
-0.0757849
-0.0723184
-0.0661632
-0.0700756
-0.0865522
-0.1057319
-0.1155827
-0.1128984
-0.1040857
-0.0967758
-0.0927354
-0.0891634
-0.0844541
-0.0799008
-0.0759281
-0.0699673
-0.0606299
-0.0524381
-0.0524590
-0.0608106
-0.0673500
-0.0611516
-0.0430159
-0.0256596
-0.0203106
-0.0251670
-0.0290419
-0.0249279
-0.0167765
-0.0125741
-0.0142511
-0.0173291
-0.0187527
-0.0206731
-0.0251739
-0.0287649
-0.0259024
-0.0174530
-0.0120938
-0.0175018
-0.0317346
-0.0452400
-0.0508172
-0.0498752
-0.0490098
-0.0525146
-0.0594035
-0.0662356
-0.0704977
-0.0710598
-0.0676389
-0.0619065
-0.0587179
-0.0639580
-0.0792758
-0.0987438
-0.1118737
-0.1115026
-0.0998455
-0.0868264
-0.0814263
-0.0836199
-0.0847955
-0.0767536
-0.0603919
-0.0449607
-0.0387675
-0.0416295
-0.0469487
-0.0497726
-0.0508543
-0.0531201
-0.0569083
-0.0604491
-0.0632370
-0.0658246
-0.0662726
-0.0602166
-0.0466954
-0.0318695
-0.0236454
-0.0229273
-0.0234588
-0.0210210
-0.0191710
-0.0237663
-0.0360966
-0.0566465
-0.0907928
-0.1352367
-0.1483476
-0.0454890
0.2454469
0.6969445
1.1486955
1.3858978
1.2835671
0.8965454
0.4145600
0.0230930
-0.2079861
-0.3240669
-0.4001245
-0.4640729
-0.4917250
-0.4546351
-0.3596288
-0.2452605
-0.1510346
-0.0944467
-0.0711221
-0.0676251
-0.0715777
-0.0749159
-0.0743801
-0.0715374
-0.0706884
-0.0743915
-0.0803294
-0.0830265
-0.0788472
-0.0690174
-0.0577925
-0.0484599
-0.0417794
-0.0376683
-0.0366574
-0.0385736
-0.0406234
-0.0387940
-0.0322204
-0.0252125
-0.0231958
-0.0261610
-0.0273755
-0.0199076
-0.0043112
0.0111476
0.0181647
0.0157525
0.0100790
0.0082704
0.0131735
0.0230905
0.0345690
0.0447643
0.0524521
0.0584310
0.0652284
0.0756101
0.0908340
0.1103525
0.1328879
0.1569538
0.1801708
0.1994037
0.2131113
0.2233501
0.2337801
0.2450599
0.2537808
0.2574822
0.2595523
0.2662972
0.2782067
0.2863577
0.2800065
0.2575812
0.2282085
0.2018875
0.1799842
0.1567827
0.1288122
0.0996338
0.0748235
0.0550050
0.0365192
0.0181278
0.0038331
-0.0024032
-0.0029917
-0.0056467
-0.0160659
-0.0328143
-0.0493171
-0.0597869
-0.0633830
-0.0643848
-0.0692830
-0.0821589
-0.1005954
-0.1160055
-0.1201910
-0.1132104
-0.1039153
-0.1010666
-0.1041984
-0.1049568
-0.0974122
-0.0844935
-0.0727883
-0.0635984
-0.0530632
-0.0409732
-0.0346833
-0.0404751
-0.0526302
-0.0557628
-0.0401557
-0.0128367
0.0088365
0.0138728
0.0059984
-0.0038399
-0.0096998
-0.0135166
-0.0186051
-0.0246895
-0.0299389
-0.0342373
-0.0376823
-0.0376470
-0.0309441
-0.0194679
-0.0109294
-0.0118989
-0.0209523
-0.0303903
-0.0345425
-0.0348493
-0.0365735
-0.0424128
-0.0509347
-0.0602421
-0.0705383
-0.0820751
-0.0922969
-0.0970758
-0.0948603
-0.0885615
-0.0831885
-0.0820937
-0.0849369
-0.0880132
-0.0867603
-0.0798872
-0.0720362
-0.0707151
-0.0783676
-0.0877400
-0.0875705
-0.0743098
-0.0568906
-0.0479353
-0.0506092
-0.0563160
-0.0556992
-0.0490361
-0.0434171
-0.0419272
-0.0404790
-0.0363992
-0.0353595
-0.0449083
-0.0621793
-0.0733321
-0.0680328
-0.0521576
-0.0427588
-0.0505536
-0.0699414
-0.0868396
-0.0935584
-0.0936535
-0.0941121
-0.0971909
-0.1013050
-0.1063743
-0.1143134
-0.1246794
-0.1332733
-0.1364099
-0.1346514
-0.1309215
-0.1265277
-0.1210753
-0.1154009
-0.1117952
-0.1105412
-0.1085806
-0.1038128
-0.0995052
-0.1010475
-0.1072110
-0.1077315
-0.0934236
-0.0686539
-0.0501548
-0.0510466
-0.0672903
-0.0819265
-0.0820016
-0.0693785
-0.0555206
-0.0489702
-0.0499106
-0.0548732
-0.0625246
-0.0726451
-0.0811419
-0.0798740
-0.0640510
-0.0396377
-0.0213000
-0.0209444
-0.0377963
-0.0610411
-0.0834085
-0.1096718
-0.1440335
-0.1616532
-0.0963477
0.1237973
0.5036004
0.9325906
1.2229551
1.2250389
0.9324847
0.4857100
0.0690366
-0.2086471
-0.3520904
-0.4233765
-0.4639698
-0.4704631
-0.4280366
-0.3467925
-0.2590945
-0.1908656
-0.1456643
-0.1149545
-0.0941441
-0.0842682
-0.0838223
-0.0865002
-0.0874111
-0.0868103
-0.0859456
-0.0830060
-0.0767120
-0.0716794
-0.0748103
-0.0850380
-0.0912219
-0.0843011
-0.0695182
-0.0617573
-0.0684218
-0.0814253
-0.0882740
-0.0870484
-0.0857811
-0.0887716
-0.0900411
-0.0833678
-0.0743637
-0.0759451
-0.0907049
-0.1030537
-0.0938566
-0.0619837
-0.0269150
-0.0086259
-0.0080609
-0.0096053
0.0001463
0.0202531
0.0409851
0.0562416
0.0677797
0.0801059
0.0955175
0.1145148
0.1376255
0.1641266
0.1899581
0.2097415
0.2218729
0.2300900
0.2388177
0.2481996
0.2553141
0.2591667
0.2617502
0.2638951
0.2628979
0.2561649
0.2455802
0.2356641
0.2273574
0.2156159
0.1941983
0.1620894
0.1244725
0.0879471
0.0557116
0.0270368
-0.0003152
-0.0282259
-0.0572851
-0.0850909
-0.1051784
-0.1104503
-0.1001909
-0.0830218
-0.0707746
-0.0689558
-0.0739421
-0.0787419
-0.0794999
-0.0763597
-0.0708943
-0.0653205
-0.0633975
-0.0687148
-0.0798570
-0.0884502
-0.0851629
-0.0693070
-0.0511053
-0.0423108
-0.0446585
-0.0491854
-0.0469270
-0.0382792
-0.0310233
-0.0310498
-0.0369222
-0.0427451
-0.0441419
-0.0407361
-0.0342110
-0.0258151
-0.0166021
-0.0094575
-0.0090589
-0.0181034
-0.0333773
-0.0469224
-0.0526134
-0.0520553
-0.0532467
-0.0620938
-0.0746537
-0.0790291
-0.0670086
-0.0439722
-0.0250699
-0.0203292
-0.0252917
-0.0281198
-0.0240391
-0.0192172
-0.0205682
-0.0262374
-0.0294204
-0.0292911
-0.0329301
-0.0444947
-0.0560977
-0.0543861
-0.0367760
-0.0171778
-0.0125937
-0.0257673
-0.0441024
-0.0544709
-0.0549172
-0.0514878
-0.0487614
-0.0473921
-0.0480847
-0.0522874
-0.0579389
-0.0587228
-0.0507104
-0.0381343
-0.0294219
-0.0276986
-0.0283418
-0.0269210
-0.0262622
-0.0329277
-0.0497437
-0.0764956
-0.1139936
-0.1536939
-0.1547491
-0.0433197
0.2372642
0.6534812
1.0595886
1.2703980
1.1838012
0.8511707
0.4339948
0.0866244
-0.1329084
-0.2585864
-0.3453314
-0.4102824
-0.4338740
-0.3994315
-0.3198940
-0.2285833
-0.1532167
-0.1024728
-0.0724583
-0.0584913
-0.0578399
-0.0648291
-0.0697775
-0.0663913
-0.0587287
-0.0572430
-0.0667093
-0.0797635
-0.0837336
-0.0731382
-0.0545300
-0.0396577
-0.0350159
-0.0380050
-0.0418572
-0.0426544
-0.0410857
-0.0389296
-0.0362786
-0.0327287
-0.0290304
-0.0255486
-0.0201325
-0.0099961
0.0037680
0.0151733
0.0181694
0.0126675
0.0056562
0.0061080
0.0180352
0.0379036
0.0588618
0.0774038
0.0953625
0.1157084
0.1380609
0.1593504
0.1777612
0.1942624
0.2101358
0.2243850
0.2347110
0.2408578
0.2456758
0.2516806
0.2572173
0.2584407
0.2560718
0.2574711
0.2685795
0.2843737
0.2911181
0.2797731
0.2550506
0.2294719
0.2101833
0.1939867
0.1742942
0.1492475
0.1211718
0.0907761
0.0566207
0.0216369
-0.0040820
-0.0122860
-0.0083885
-0.0093049
-0.0263213
-0.0524886
-0.0703952
-0.0713659
-0.0635762
-0.0612490
-0.0694862
-0.0816108
-0.0888471
-0.0889828
-0.0854153
-0.0813722
-0.0784536
-0.0798192
-0.0899353
-0.1079312
-0.1235680
-0.1246832
-0.1098736
-0.0908117
-0.0800795
-0.0785151
-0.0765314
-0.0665401
-0.0512750
-0.0395125
-0.0359665
-0.0375231
-0.0388399
-0.0387448
-0.0390269
-0.0387090
-0.0338706
-0.0246267
-0.0184395
-0.0221541
-0.0316289
-0.0338178
-0.0211235
-0.0013102
0.0094364
0.0029743
-0.0129647
-0.0237328
-0.0232083
-0.0189608
-0.0224237
-0.0360486
-0.0515407
-0.0590877
-0.0555982
-0.0445666
-0.0319532
-0.0241787
-0.0269131
-0.0413648
-0.0612308
-0.0762293
-0.0810385
-0.0807846
-0.0863566
-0.1029953
-0.1233251
-0.1327919
-0.1229782
-0.0991790
-0.0745589
-0.0583819
-0.0512776
-0.0497988
-0.0514272
-0.0543191
-0.0559421
-0.0553618
-0.0557515
-0.0609162
-0.0677937
-0.0650873
-0.0437108
-0.0098706
0.0159164
0.0169390
-0.0040869
-0.0322724
-0.0611228
-0.0928941
-0.1074377
-0.0383765
0.1930552
0.5938115
1.0422179
1.3334797
1.3126778
0.9884117
0.5250034
0.1180464
-0.1358848
-0.2668762
-0.3539409
-0.4349371
-0.4879682
-0.4796390
-0.4121736
-0.3216274
-0.2424750
-0.1842493
-0.1403390
-0.1083121
-0.0933931
-0.0945838
-0.0971852
-0.0855380
-0.0609015
-0.0409944
-0.0404535
-0.0546587
-0.0643812
-0.0547849
-0.0287633
-0.0029860
0.0076081
0.0018965
-0.0087029
-0.0116607
-0.0032461
0.0108068
0.0215755
0.0236668
0.0187584
0.0148242
0.0206061
0.0384092
0.0619156
0.0817889
0.0932541
0.0981590
0.1011922
0.1056178
0.1120711
0.1196077
0.1267853
0.1317796
0.1325083
0.1285456
0.1239175
0.1261632
0.1396061
0.1591745
0.1733274
0.1747581
0.1676759
0.1639378
0.1723176
0.1912818
0.2112517
0.2238102
0.2293929
0.2359823
0.2500370
0.2694875
0.2860815
0.2929906
0.2885502
0.2741883
0.2520367
0.2253158
0.1985739
0.1751216
0.1539505
0.1304300
0.1016257
0.0715411
0.0496288
0.0419022
0.0436212
0.0429908
0.0326825
0.0158666
0.0005682
-0.0091831
-0.0151551
-0.0206686
-0.0276800
-0.0372243
-0.0496155
-0.0629938
-0.0730260
-0.0757675
-0.0715623
-0.0657627
-0.0646587
-0.0703753
-0.0803008
-0.0909044
-0.0997555
-0.1033689
-0.0970572
-0.0807904
-0.0632627
-0.0549478
-0.0559955
-0.0548141
-0.0411605
-0.0187553
-0.0023301
-0.0024007
-0.0147569
-0.0255767
-0.0256027
-0.0175617
-0.0099248
-0.0065426
-0.0051225
-0.0037100
-0.0033925
-0.0034273
0.0014299
0.0147155
0.0313471
0.0408270
0.0375434
0.0258095
0.0147054
0.0097113
0.0096054
0.0097341
0.0067035
-0.0000547
-0.0095955
-0.0201881
-0.0286722
-0.0318446
-0.0306917
-0.0316687
-0.0408787
-0.0570979
-0.0724539
-0.0794951
-0.0758683
-0.0637177
-0.0484739
-0.0384063
-0.0406477
-0.0539751
-0.0667841
-0.0657667
-0.0484863
-0.0268593
-0.0166614
-0.0227125
-0.0351524
-0.0411045
-0.0382906
-0.0345735
-0.0355635
-0.0378624
-0.0362616
-0.0327655
-0.0337564
-0.0399317
-0.0437461
-0.0378684
-0.0238274
-0.0110866
-0.0082989
-0.0157407
-0.0256674
-0.0296423
-0.0256216
-0.0185612
-0.0154300
-0.0201442
-0.0317271
-0.0455641
-0.0569278
-0.0644907
-0.0698047
-0.0731017
-0.0723742
-0.0684350
-0.0669772
-0.0705475
-0.0708280
-0.0565890
-0.0311279
-0.0145667
-0.0229330
-0.0491767
-0.0730856
-0.0881588
-0.1032764
-0.1036782
-0.0181138
0.2428754
0.6834857
1.1543937
1.4174171
1.3149901
0.8953506
0.3727527
-0.0392869
-0.2653178
-0.3646624
-0.4238191
-0.4687191
-0.4713373
-0.4131221
-0.3195385
-0.2335112
-0.1727709
-0.1252683
-0.0796393
-0.0452050
-0.0380098
-0.0566119
-0.0800992
-0.0883567
-0.0788971
-0.0633137
-0.0512563
-0.0412779
-0.0275341
-0.0122787
-0.0069627
-0.0188483
-0.0396469
-0.0519306
-0.0471653
-0.0344682
-0.0302549
-0.0405083
-0.0542172
-0.0542397
-0.0347488
-0.0076958
0.0089194
0.0087802
0.0015984
0.0005380
0.0090118
0.0210316
0.0304509
0.0361965
0.0404067
0.0455375
0.0538172
0.0672838
0.0869839
0.1116962
0.1369351
0.1560194
0.1644915
0.1645966
0.1642623
0.1706227
0.1843471
0.1994380
0.2080078
0.2072543
0.2039691
0.2104493
0.2324562
0.2614575
0.2816933
0.2848003
0.2748150
0.2594598
0.2407912
0.2161231
0.1850229
0.1519347
0.1215706
0.0935144
0.0634835
0.0307973
0.0024935
-0.0135021
-0.0192386
-0.0265252
-0.0437867
-0.0664068
-0.0829913
-0.0887849
-0.0895980
-0.0938221
-0.1037605
-0.1146826
-0.1201264
-0.1175064
-0.1094011
-0.1002314
-0.0930136
-0.0900723
-0.0943151
-0.1058597
-0.1179269
-0.1208493
-0.1123699
-0.1012836
-0.0984653
-0.1052330
-0.1118517
-0.1071577
-0.0895148
-0.0687440
-0.0567918
-0.0562610
-0.0596214
-0.0597947
-0.0577832
-0.0575715
-0.0579060
-0.0548220
-0.0506300
-0.0536559
-0.0668486
-0.0808322
-0.0821733
-0.0682975
-0.0519728
-0.0491683
-0.0620452
-0.0758449
-0.0748795
-0.0602440
-0.0480146
-0.0503865
-0.0634963
-0.0750286
-0.0783260
-0.0752056
-0.0689069
-0.0602030
-0.0506222
-0.0454105
-0.0503256
-0.0648586
-0.0798224
-0.0847532
-0.0797849
-0.0775793
-0.0893416
-0.1098268
-0.1207659
-0.1099103
-0.0832242
-0.0574267
-0.0437966
-0.0408437
-0.0402827
-0.0373411
-0.0345028
-0.0358362
-0.0401673
-0.0433438
-0.0465940
-0.0565064
-0.0733287
-0.0846990
-0.0779327
-0.0571256
-0.0413675
-0.0439809
-0.0574349
-0.0619016
-0.0477889
-0.0270854
-0.0206892
-0.0361890
-0.0631750
-0.0913500
-0.1220891
-0.1468385
-0.1151659
0.0519078
0.3890221
0.8171849
1.1589008
1.2452629
1.0320275
0.6267804
0.2056129
-0.1062728
-0.2902373
-0.3951112
-0.4628397
-0.4959913
-0.4809569
-0.4206440
-0.3379901
-0.2572906
-0.1905254
-0.1393399
-0.1036447
-0.0852617
-0.0837219
-0.0910058
-0.0943317
-0.0862674
-0.0703820
-0.0554775
-0.0464263
-0.0421913
-0.0399408
-0.0383696
-0.0385445
-0.0430036
-0.0520395
-0.0603586
-0.0611602
-0.0549786
-0.0501373
-0.0517350
-0.0541119
-0.0479580
-0.0324164
-0.0165935
-0.0100065
-0.0135265
-0.0190633
-0.0175460
-0.0082003
0.0005097
0.0007131
-0.0053379
-0.0077294
0.0012254
0.0227397
0.0541441
0.0897657
0.1201410
0.1369741
0.1412079
0.1429183
0.1518020
0.1691817
0.1883210
0.2001792
0.2004492
0.1943170
0.1935863
0.2063579
0.2297349
0.2533426
0.2676686
0.2682718
0.2563938
0.2385891
0.2221872
0.2075310
0.1871945
0.1555434
0.1163012
0.0782622
0.0465816
0.0207922
-0.0016499
-0.0228422
-0.0436692
-0.0636661
-0.0825781
-0.1015033
-0.1202042
-0.1350318
-0.1437534
-0.1507891
-0.1616430
-0.1723310
-0.1709598
-0.1520120
-0.1248080
-0.1059422
-0.1055749
-0.1203991
-0.1365071
-0.1399811
-0.1288150
-0.1146250
-0.1102195
-0.1166404
-0.1243016
-0.1238344
-0.1129348
-0.0963854
-0.0835379
-0.0822981
-0.0906649
-0.0965740
-0.0904183
-0.0758776
-0.0652566
-0.0665021
-0.0772657
-0.0885458
-0.0915002
-0.0838117
-0.0718918
-0.0645178
-0.0637479
-0.0654645
-0.0677555
-0.0723754
-0.0777685
-0.0785932
-0.0748832
-0.0746866
-0.0832382
-0.0939047
-0.0937654
-0.0764903
-0.0489677
-0.0270752
-0.0232421
-0.0346373
-0.0455489
-0.0450439
-0.0389137
-0.0394588
-0.0480750
-0.0552393
-0.0544382
-0.0478650
-0.0397697
-0.0318761
-0.0255468
-0.0226775
-0.0236995
-0.0274870
-0.0320868
-0.0343504
-0.0328426
-0.0327373
-0.0418977
-0.0590885
-0.0723661
-0.0729685
-0.0648670
-0.0572133
-0.0541586
-0.0561629
-0.0642402
-0.0774018
-0.0909758
-0.1019898
-0.1124180
-0.1245593
-0.1369578
-0.1456425
-0.1454367
-0.1318986
-0.1083264
-0.0884359
-0.0835543
-0.0884414
-0.0884556
-0.0793358
-0.0704182
-0.0691488
-0.0724590
-0.0742210
-0.0725006
-0.0678302
-0.0606245
-0.0515227
-0.0413599
-0.0326894
-0.0321033
-0.0436246
-0.0570560
-0.0542609
-0.0343201
-0.0206962
-0.0318666
-0.0539720
-0.0563460
-0.0296337
0.0033786
0.0128215
-0.0115506
-0.0578457
-0.1079441
-0.1481208
-0.1552702
-0.0728382
0.1726434
0.5921564
1.0633866
1.3715147
1.3552612
1.0257137
0.5485196
0.1185733
-0.1581312
-0.2939443
-0.3609423
-0.4073448
-0.4248106
-0.3872092
-0.3013073
-0.2049240
-0.1278995
-0.0755435
-0.0442676
-0.0318683
-0.0325094
-0.0380281
-0.0446261
-0.0484339
-0.0415476
-0.0246524
-0.0138173
-0.0199901
-0.0311042
-0.0289546
-0.0136792
0.0020975
0.0115432
0.0129070
0.0044727
-0.0065567
-0.0052366
0.0085643
0.0152590
0.0040158
-0.0129330
-0.0236104
-0.0306801
-0.0333892
-0.0225332
-0.0043358
0.0000976
-0.0091050
-0.0057019
0.0204392
0.0487037
0.0645930
0.0760864
0.0866159
0.0916051
0.1060742
0.1489536
0.1968344
0.2078496
0.1939725
0.2050399
0.2384619
0.2447227
0.2311105
0.2600802
0.3149687
0.2787811
0.1087883
