-0.0436158
-0.0818412
-0.0530682
-0.0450077
-0.0735551
-0.0882580
-0.0724457
-0.0589820
-0.0619106
-0.0617897
-0.0549633
-0.0599512
-0.0747876
-0.0760737
-0.0618243
-0.0549088
-0.0631868
-0.0711260
-0.0709115
-0.0711602
-0.0751878
-0.0769288
-0.0768535
-0.0796953
-0.0802111
-0.0708490
-0.0576215
-0.0505260
-0.0463576
-0.0383629
-0.0331750
-0.0396618
-0.0494822
-0.0467481
-0.0307376
-0.0141144
-0.0049024
-0.0027044
-0.0057797
-0.0106846
-0.0115085
-0.0081714
-0.0082214
-0.0141451
-0.0181510
-0.0151177
-0.0101216
-0.0076418
-0.0047913
-0.0012829
-0.0044702
-0.0171851
-0.0301148
-0.0331088
-0.0271744
-0.0214025
-0.0244850
-0.0401604
-0.0628732
-0.0777964
-0.0744996
-0.0612253
-0.0567832
-0.0681570
-0.0845738
-0.0928996
-0.0898712
-0.0797734
-0.0692109
-0.0646472
-0.0675987
-0.0716981
-0.0694568
-0.0604496
-0.0491767
-0.0393935
-0.0352669
-0.0416236
-0.0556963
-0.0642485
-0.0575851
-0.0429627
-0.0361495
-0.0416718
-0.0479312
-0.0409985
-0.0190242
0.0062304
0.0204691
0.0211039
0.0196209
0.0260277
0.0339018
0.0284941
0.0068929
-0.0211735
-0.0502728
-0.0768181
-0.0685355
0.0461840
0.3269926
0.7405302
1.1339953
1.3116263
1.1681464
0.7690161
0.3014121
-0.0647066
-0.2793751
-0.3948472
-0.4713258
-0.5166024
-0.5066989
-0.4368903
-0.3371411
-0.2453079
-0.1777579
-0.1279795
-0.0873309
-0.0600114
-0.0551291
-0.0692600
-0.0855890
-0.0913746
-0.0884379
-0.0834471
-0.0762002
-0.0638862
-0.0508175
-0.0455475
-0.0498811
-0.0564802
-0.0570958
-0.0500107
-0.0401169
-0.0336627
-0.0321637
-0.0309965
-0.0252037
-0.0154202
-0.0052401
0.0051237
0.0174358
0.0290083
0.0343074
0.0338430
0.0353767
0.0439108
0.0548643
0.0597873
0.0563672
0.0513123
0.0547638
0.0716448
0.0968431
0.1198504
0.1356722
0.1492280
0.1673722
0.1898790
0.2111845
0.2275064
0.2382766
0.2437510
0.2463051
0.2523243
0.2675489
0.2900197
0.3103707
0.3193141
0.3140232
0.2988961
0.2815752
0.2666600
0.2521274
0.2331199
0.2088537
0.1830685
0.1581951
0.1332851
0.1082976
0.0859802
0.0677287
0.0510684
0.0331196
0.0140923
-0.0036835
-0.0178381
-0.0267220
-0.0308220
-0.0337795
-0.0393297
-0.0469005
-0.0526733
-0.0551434
-0.0573341
-0.0632181
-0.0733277
-0.0834338
-0.0868520
-0.0802217
-0.0686950
-0.0627451
-0.0671054
-0.0750448
-0.0763823
-0.0689353
-0.0588933
-0.0520707
-0.0489151
-0.0474283
-0.0470789
-0.0485293
-0.0510223
-0.0514073
-0.0469543
-0.0400185
-0.0380513
-0.0457026
-0.0575099
-0.0624498
-0.0563899
-0.0463664
-0.0416049
-0.0439886
-0.0487265
-0.0506741
-0.0476615
-0.0404459
-0.0323731
-0.0280757
-0.0302373
-0.0369500
-0.0422752
-0.0401042
-0.0297465
-0.0189225
-0.0186228
-0.0320607
-0.0499743
-0.0594926
-0.0567451
-0.0487543
-0.0446487
-0.0477228
-0.0545257
-0.0583093
-0.0538535
-0.0419320
-0.0294781
-0.0237314
-0.0261010
-0.0323418
-0.0376482
-0.0405519
-0.0429012
-0.0470475
-0.0524939
-0.0555318
-0.0536947
-0.0499309
-0.0495760
-0.0531784
-0.0556642
-0.0534808
-0.0492595
-0.0476872
-0.0494517
-0.0515214
-0.0518832
-0.0519144
-0.0541862
-0.0585300
-0.0604514
-0.0546602
-0.0415161
-0.0288578
-0.0253255
-0.0321157
-0.0426466
-0.0494794
-0.0502319
-0.0482645
-0.0496792
-0.0582236
-0.0705425
-0.0773857
-0.0722778
-0.0589060
-0.0479620
-0.0467674
-0.0533366
-0.0599893
-0.0610732
-0.0571717
-0.0529320
-0.0513770
-0.0509201
-0.0484142
-0.0435185
-0.0377447
-0.0306222
-0.0210422
-0.0125283
-0.0118014
-0.0190128
-0.0234360
-0.0142377
0.0048906
0.0164256
0.0065296
-0.0206354
-0.0496417
-0.0730988
-0.0941976
-0.0989443
-0.0292370
0.1924673
0.5832622
1.0357774
1.3511870
1.3648969
1.0636285
0.5915978
0.1432478
-0.1612356
-0.3184519
-0.3892353
-0.4214059
-0.4208058
-0.3771363
-0.2964955
-0.2037160
-0.1240193
-0.0715092
-0.0505076
-0.0570968
-0.0770214
-0.0896009
-0.0810874
-0.0557378
-0.0320406
-0.0263429
-0.0390429
-0.0561910
-0.0641069
-0.0615648
-0.0576463
-0.0598900
-0.0667997
-0.0708545
-0.0660992
-0.0530264
-0.0386885
-0.0322106
-0.0374990
-0.0493163
-0.0581128
-0.0592012
-0.0558130
-0.0533187
-0.0526486
-0.0500849
-0.0417984
-0.0274610
-0.0101272
0.0066067
0.0211706
0.0338106
0.0447437
0.0543140
0.0650015
0.0804503
0.1006068
0.1198219
0.1326227
0.1409835
0.1535385
0.1767044
0.2071177
0.2333257
0.2458133
0.2465384
0.2479749
0.2605872
0.2810596
0.2953426
0.2943178
0.2841856
0.2795888
0.2877265
0.3007822
0.3032695
0.2857259
0.2519466
0.2143184
0.1826988
0.1575422
0.1326783
0.1029778
0.0689831
0.0363407
0.0123910
0.0012409
-0.0008573
-0.0045935
-0.0189461
-0.0425045
-0.0648746
-0.0770735
-0.0794894
-0.0798031
-0.0845343
-0.0928791
-0.0978345
-0.0930997
-0.0794448
-0.0644855
-0.0561959
-0.0568134
-0.0624089
-0.0669356
-0.0666570
-0.0624467
-0.0587115
-0.0590831
-0.0626875
-0.0655336
-0.0653697
-0.0635062
-0.0619380
-0.0610516
-0.0608361
-0.0617540
-0.0626493
-0.0598374
-0.0511519
-0.0407204
-0.0370998
-0.0446623
-0.0570275
-0.0610689
-0.0495095
-0.0293341
-0.0154115
-0.0149930
-0.0208986
-0.0216438
-0.0156802
-0.0122217
-0.0190084
-0.0329800
-0.0437767
-0.0438423
-0.0339147
-0.0206212
-0.0106994
-0.0070293
-0.0082133
-0.0104680
-0.0101133
-0.0060607
-0.0013961
-0.0015549
-0.0087554
-0.0182865
-0.0224485
-0.0185562
-0.0110920
-0.0057369
-0.0040930
-0.0055636
-0.0113077
-0.0228156
-0.0373626
-0.0485293
-0.0530998
-0.0560239
-0.0659403
-0.0846162
-0.1022391
-0.1058049
-0.0928358
-0.0746326
-0.0644725
-0.0644987
-0.0664079
-0.0632350
-0.0567678
-0.0532702
-0.0553924
-0.0600930
-0.0626033
-0.0603258
-0.0535047
-0.0443032
-0.0363956
-0.0344317
-0.0413497
-0.0544667
-0.0654482
-0.0670432
-0.0605783
-0.0547226
-0.0558101
-0.0611604
-0.0631578
-0.0581062
-0.0492582
-0.0425293
-0.0416135
-0.0467897
-0.0557255
-0.0641262
-0.0672509
-0.0635446
-0.0578697
-0.0592512
-0.0721607
-0.0892610
-0.0959205
-0.0849607
-0.0657237
-0.0553470
-0.0611661
-0.0747124
-0.0835229
-0.0853848
-0.0884417
-0.0991967
-0.1140468
-0.1236274
-0.1232760
-0.1165565
-0.1083419
-0.0974668
-0.0795237
-0.0563907
-0.0386700
-0.0356025
-0.0440509
-0.0506885
-0.0457662
-0.0331574
-0.0259044
-0.0322367
-0.0464677
-0.0540551
-0.0460125
-0.0279733
-0.0142916
-0.0137230
-0.0223342
-0.0300341
-0.0313662
-0.0285638
-0.0262659
-0.0262736
-0.0277259
-0.0301407
-0.0341583
-0.0390083
-0.0408624
-0.0360082
-0.0264012
-0.0202198
-0.0247148
-0.0386063
-0.0529705
-0.0597075
-0.0582523
-0.0545359
-0.0550712
-0.0622276
-0.0734644
-0.0836014
-0.0878331
-0.0836530
-0.0715810
-0.0554949
-0.0416902
-0.0350379
-0.0346154
-0.0346603
-0.0315784
-0.0288551
-0.0327466
-0.0434121
-0.0528650
-0.0528429
-0.0431368
-0.0305105
-0.0203956
-0.0124432
-0.0051508
-0.0017048
-0.0074406
-0.0230360
-0.0459625
-0.0780341
-0.1181526
-0.1335450
-0.0446425
0.2307387
0.6859450
1.1716419
1.4576487
1.3853862
0.9863379
0.4583776
0.0188661
-0.2350177
-0.3453503
-0.4017509
-0.4461619
-0.4592616
-0.4139815
-0.3208649
-0.2210384
-0.1492773
-0.1126910
-0.0995637
-0.0978291
-0.1014692
-0.1052471
-0.1017626
-0.0871306
-0.0671026
-0.0536349
-0.0539302
-0.0635420
-0.0704606
-0.0653490
-0.0485076
-0.0290883
-0.0183511
-0.0216014
-0.0341436
-0.0447670
-0.0446917
-0.0346588
-0.0240329
-0.0226174
-0.0319419
-0.0434982
-0.0461750
-0.0366312
-0.0221078
-0.0122162
-0.0089499
-0.0065677
-0.0004368
0.0074303
0.0130185
0.0175508
0.0263441
0.0403866
0.0527210
0.0564951
0.0558486
0.0645835
0.0908933
0.1249762
0.1460153
0.1429620
0.1260596
0.1161507
0.1245179
0.1452401
0.1652986
0.1781768
0.1869009
0.1972690
0.2114748
0.2281820
0.2458996
0.2636209
0.2781065
0.2831012
0.2739410
0.2531953
0.2298654
0.2114888
0.1971399
0.1789236
0.1507684
0.1159546
0.0857269
0.0694082
0.0650917
0.0608373
0.0462206
0.0224294
0.0001398
-0.0117866
-0.0139624
-0.0135636
-0.0164711
-0.0234743
-0.0323285
-0.0409168
-0.0478520
-0.0516526
-0.0513680
-0.0486687
-0.0481661
-0.0539750
-0.0655115
-0.0775834
-0.0852845
-0.0886130
-0.0922550
-0.1011020
-0.1152707
-0.1282142
-0.1301941
-0.1160954
-0.0911484
-0.0674703
-0.0533523
-0.0467138
-0.0403062
-0.0319680
-0.0269139
-0.0295772
-0.0363400
-0.0393700
-0.0368348
-0.0353314
-0.0398192
-0.0438396
-0.0348216
-0.0103089
0.0153978
0.0248016
0.0160123
0.0041768
0.0041147
0.0151174
0.0242440
0.0213594
0.0078716
-0.0076691
-0.0184479
-0.0228121
-0.0220577
-0.0181213
-0.0132779
-0.0096843
-0.0083545
-0.0099503
-0.0165942
-0.0298166
-0.0449465
-0.0515600
-0.0451669
-0.0370863
-0.0447320
-0.0690348
-0.0898898
-0.0931338
-0.0958361
-0.1243535
-0.1538548
-0.0824023
0.2009896
0.6933711
1.2202604
1.5244882
1.4449872
1.0325980
0.5018436
0.0687558
-0.1795604
-0.2877305
-0.3400131
-0.3776340
-0.3897677
-0.3565182
-0.2837584
-0.1997953
-0.1311867
-0.0880498
-0.0675684
-0.0632203
-0.0685250
-0.0767779
-0.0821855
-0.0819369
-0.0760095
-0.0657041
-0.0539940
-0.0465234
-0.0491891
-0.0626303
-0.0797294
-0.0906463
-0.0918246
-0.0898833
-0.0951861
-0.1104698
-0.1264352
-0.1300159
-0.1171182
-0.0959758
-0.0777859
-0.0657928
-0.0547435
-0.0394583
-0.0211162
-0.0044031
0.0093144
0.0233605
0.0401927
0.0570206
0.0693768
0.0783644
0.0911354
0.1123751
0.1372098
0.1554516
0.1629606
0.1666097
0.1770518
0.1977989
0.2223837
0.2414628
0.2516000
0.2573468
0.2659470
0.2807471
0.2992820
0.3163802
0.3279089
0.3316375
0.3260295
0.3099286
0.2841277
0.2527547
0.2217380
0.1942835
0.1674119
0.1345502
0.0934969
0.0514728
0.0200018
0.0037411
-0.0042432
-0.0149121
-0.0319300
-0.0491536
-0.0586098
-0.0590305
-0.0561356
-0.0562942
-0.0615862
-0.0704730
-0.0808653
-0.0909127
-0.0979031
-0.0990566
-0.0946287
-0.0890472
-0.0875330
-0.0915856
-0.0981332
-0.1024688
-0.1016090
-0.0961066
-0.0901383
-0.0890689
-0.0946057
-0.1016525
-0.1017702
-0.0915614
-0.0773475
-0.0700671
-0.0749072
-0.0865352
-0.0949797
-0.0954965
-0.0917349
-0.0899145
-0.0921006
-0.0960780
-0.0994603
-0.1007944
-0.0970268
-0.0838802
-0.0616624
-0.0393281
-0.0291582
-0.0354523
-0.0491968
-0.0555227
-0.0473148
-0.0314846
-0.0216187
-0.0245985
-0.0348195
-0.0412505
-0.0389061
-0.0325613
-0.0302662
-0.0352256
-0.0445074
-0.0538097
-0.0612046
-0.0660212
-0.0664133
-0.0608524
-0.0524598
-0.0490941
-0.0558821
-0.0675874
-0.0715579
-0.0607266
-0.0427309
-0.0337131
-0.0425688
-0.0626476
-0.0794808
-0.0854352
-0.0857822
-0.0912987
-0.1067089
-0.1267656
-0.1419391
-0.1459815
-0.1382568
-0.1215435
-0.1002218
-0.0802773
-0.0681559
-0.0669400
-0.0730337
-0.0776716
-0.0734313
-0.0608555
-0.0489678
-0.0477309
-0.0581422
-0.0697877
-0.0699187
-0.0561267
-0.0395668
-0.0347503
-0.0460031
-0.0640714
-0.0755553
-0.0750728
-0.0685138
-0.0657437
-0.0713322
-0.0821067
-0.0918318
-0.0963657
-0.0944039
-0.0856128
-0.0707128
-0.0540281
-0.0439295
-0.0473530
-0.0616783
-0.0734335
-0.0693775
-0.0515267
-0.0386215
-0.0481527
-0.0773198
-0.1071824
-0.1265786
-0.1415528
-0.1477765
-0.0949535
0.0988384
0.4684915
0.9254228
1.2736946
1.3314718
1.0623677
0.5998490
0.1441116
-0.1727530
-0.3402359
-0.4192976
-0.4612555
-0.4739177
-0.4447480
-0.3749407
-0.2859530
-0.2024357
-0.1374818
-0.0929328
-0.0668820
-0.0574441
-0.0617386
-0.0746006
-0.0887662
-0.0959859
-0.0901224
-0.0723661
-0.0533677
-0.0464315
-0.0553989
-0.0698330
-0.0746138
-0.0650684
-0.0515244
-0.0483270
-0.0591590
-0.0738707
-0.0791236
-0.0710238
-0.0573694
-0.0490971
-0.0509675
-0.0598177
-0.0689967
-0.0724162
-0.0657468
-0.0476640
-0.0223982
0.0004576
0.0123390
0.0140437
0.0167618
0.0324440
0.0619425
0.0934968
0.1141629
0.1225482
0.1291620
0.1442974
0.1672648
0.1885150
0.2008383
0.2062515
0.2120040
0.2222991
0.2356059
0.2487737
0.2609641
0.2724413
0.2813425
0.2844124
0.2815846
0.2777147
0.2773927
0.2781759
0.2712633
0.2503971
0.2192582
0.1885358
0.1657527
0.1492444
0.1322778
0.1111966
0.0876603
0.0636924
0.0377966
0.0082367
-0.0214285
-0.0439476
-0.0570131
-0.0675240
-0.0837354
-0.1035241
-0.1142396
-0.1065466
-0.0865989
-0.0712744
-0.0708565
-0.0787134
-0.0796161
-0.0669155
-0.0492925
-0.0406549
-0.0457308
-0.0569127
-0.0634581
-0.0611624
-0.0533911
-0.0460005
-0.0433632
-0.0473578
-0.0565366
-0.0653744
-0.0670360
-0.0596617
-0.0497163
-0.0468178
-0.0539234
-0.0635483
-0.0651003
-0.0557164
-0.0424503
-0.0336762
-0.0303818
-0.0275466
-0.0225868
-0.0191086
-0.0212881
-0.0272354
-0.0309512
-0.0304000
-0.0304027
-0.0357058
-0.0430629
-0.0434177
-0.0326613
-0.0179344
-0.0112319
-0.0175792
-0.0315610
-0.0451427
-0.0558133
-0.0651425
-0.0716809
-0.0696193
-0.0559328
-0.0363045
-0.0210756
-0.0154821
-0.0160380
-0.0170788
-0.0185026
-0.0245820
-0.0358716
-0.0458033
-0.0476882
-0.0437527
-0.0439905
-0.0547594
-0.0702183
-0.0771517
-0.0683699
-0.0502319
-0.0367484
-0.0371079
-0.0490112
-0.0625840
-0.0691740
-0.0668499
-0.0597894
-0.0541712
-0.0539741
-0.0584989
-0.0627170
-0.0608520
-0.0511072
-0.0374585
-0.0265999
-0.0229226
-0.0260623
-0.0322495
-0.0372099
-0.0386267
-0.0378151
-0.0396909
-0.0493155
-0.0662964
-0.0827326
-0.0888533
-0.0820668
-0.0696235
-0.0611776
-0.0593659
-0.0591224
-0.0555387
-0.0495669
-0.0449207
-0.0422745
-0.0397870
-0.0379131
-0.0389111
-0.0404773
-0.0351425
-0.0208730
-0.0092064
-0.0151278
-0.0376879
-0.0592523
-0.0700223
-0.0833806
-0.1069770
-0.0924931
0.0627830
0.4265241
0.9231537
1.3295674
1.4154625
1.1198416
0.6012285
0.1116335
-0.1883204
-0.3088369
-0.3572574
-0.4110319
-0.4635427
-0.4684121
-0.4072180
-0.3066986
-0.2066587
-0.1291249
-0.0779458
-0.0527100
-0.0519982
-0.0671434
-0.0835433
-0.0921735
-0.0958948
-0.1013992
-0.1077711
-0.1069221
-0.0943262
-0.0750581
-0.0580013
-0.0474255
-0.0427676
-0.0438721
-0.0512971
-0.0607688
-0.0624878
-0.0508149
-0.0335302
-0.0262452
-0.0350041
-0.0472432
-0.0440070
-0.0210702
0.0055320
0.0166961
0.0106501
0.0035086
0.0105707
0.0307236
0.0506089
0.0609264
0.0648261
0.0709411
0.0827353
0.0974428
0.1128704
0.1304340
0.1502398
0.1666739
0.1727122
0.1686147
0.1634425
0.1661761
0.1764888
0.1861855
0.1895379
0.1901593
0.1965566
0.2121104
0.2313006
0.2458043
0.2523788
0.2534146
0.2510400
0.2435178
0.2286107
0.2084500
0.1880130
0.1683062
0.1438483
0.1097505
0.0708110
0.0403398
0.0276621
0.0276330
0.0247147
0.0079229
-0.0194588
-0.0450608
-0.0601119
-0.0654228
-0.0667620
-0.0682891
-0.0717816
-0.0788903
-0.0898975
-0.1001908
-0.1019084
-0.0920991
-0.0782433
-0.0728555
-0.0817179
-0.0986096
-0.1120596
-0.1159566
-0.1128121
-0.1084308
-0.1058544
-0.1043514
-0.1015710
-0.0949454
-0.0824994
-0.0648722
-0.0468071
-0.0347229
-0.0316456
-0.0351642
-0.0406466
-0.0450679
-0.0468614
-0.0442288
-0.0369749
-0.0300894
-0.0315584
-0.0432909
-0.0556209
-0.0550326
-0.0389711
-0.0204265
-0.0152073
-0.0257606
-0.0402977
-0.0473888
-0.0475270
-0.0485705
-0.0536731
-0.0589101
-0.0623544
-0.0693118
-0.0841552
-0.0997815
-0.1017001
-0.0851192
-0.0643240
-0.0605021
-0.0799076
-0.1067892
-0.1189616
-0.1085949
-0.0868132
-0.0705017
-0.0677489
-0.0751277
-0.0843716
-0.0887512
-0.0853251
-0.0755003
-0.0647019
-0.0590307
-0.0600819
-0.0636202
-0.0645295
-0.0622271
-0.0596135
-0.0575635
-0.0536613
-0.0477117
-0.0453686
-0.0519660
-0.0627756
-0.0642386
-0.0488236
-0.0269862
-0.0194425
-0.0355314
-0.0619375
-0.0759626
-0.0693183
-0.0558879
-0.0553296
-0.0718079
-0.0914578
-0.0995496
-0.0961892
-0.0930385
-0.0969855
-0.1014810
-0.0956492
-0.0791303
-0.0638223
-0.0602552
-0.0661032
-0.0724508
-0.0798190
-0.0982789
-0.1202964
-0.0925512
0.0686582
0.4073893
0.8555066
1.2351533
1.3594367
1.1611111
0.7404548
0.2884442
-0.0473721
-0.2391918
-0.3452972
-0.4205381
-0.4658405
-0.4534329
-0.3801976
-0.2828196
-0.2041505
-0.1568441
-0.1249151
-0.0935403
-0.0675231
-0.0600214
-0.0715615
-0.0870631
-0.0920800
-0.0862677
-0.0792738
-0.0776940
-0.0800690
-0.0828907
-0.0862539
-0.0915477
-0.0967407
-0.0974825
-0.0923304
-0.0841345
-0.0759040
-0.0677435
-0.0590534
-0.0514879
-0.0470070
-0.0437058
-0.0369574
-0.0261939
-0.0178765
-0.0181133
-0.0225217
-0.0174573
0.0057391
0.0392533
0.0648686
0.0720209
0.0675165
0.0664933
0.0762957
0.0916463
0.1040034
0.1114646
0.1180172
0.1263304
0.1353386
0.1448486
0.1585261
0.1792566
0.2027860
0.2194460
0.2236002
0.2198611
0.2185604
0.2257529
0.2384938
0.2486049
0.2490047
0.2368600
0.2138270
0.1857582
0.1612023
0.1468291
0.1418347
0.1370570
0.1216870
0.0927754
0.0585616
0.0316079
0.0176312
0.0106273
-0.0008904
-0.0223978
-0.0475926
-0.0640465
-0.0651499
-0.0568036
-0.0518791
-0.0576892
-0.0694054
-0.0763153
-0.0737292
-0.0673810
-0.0664371
-0.0741271
-0.0860572
-0.0958471
-0.1001285
-0.0985114
-0.0917285
-0.0819922
-0.0740300
-0.0728328
-0.0790795
-0.0880587
-0.0944267
-0.0971587
-0.0983398
-0.0981864
-0.0944308
-0.0875436
-0.0833089
-0.0866701
-0.0937386
-0.0937705
-0.0809809
-0.0623726
-0.0512763
-0.0535545
-0.0625307
-0.0679940
-0.0676567
-0.0674436
-0.0717996
-0.0773430
-0.0774103
-0.0701761
-0.0593973
-0.0482482
-0.0360766
-0.0223949
-0.0112096
-0.0084069
-0.0150881
-0.0254932
-0.0321084
-0.0319800
-0.0281203
-0.0263753
-0.0317578
-0.0459602
-0.0654336
-0.0813416
-0.0844106
-0.0732142
-0.0577089
-0.0517928
-0.0606023
-0.0760139
-0.0855495
-0.0845012
-0.0781511
-0.0739064
-0.0744217
-0.0785272
-0.0852152
-0.0936648
-0.1006138
-0.1014561
-0.0954979
-0.0880784
-0.0851473
-0.0864676
-0.0866955
-0.0832970
-0.0802460
-0.0818833
-0.0857791
-0.0858262
-0.0820709
-0.0827267
-0.0937442
-0.1093967
-0.1174462
-0.1130824
-0.1035168
-0.0974190
-0.0938291
-0.0856157
-0.0720359
-0.0618114
-0.0613925
-0.0650295
-0.0622296
-0.0534736
-0.0512315
-0.0625046
-0.0764353
-0.0760567
-0.0601893
-0.0456279
-0.0455480
-0.0531653
-0.0530911
-0.0441263
-0.0407098
-0.0511304
-0.0661498
-0.0777342
-0.0981644
-0.1370955
-0.1502789
-0.0326703
0.2994608
0.7971544
1.2586340
1.4495056
1.2711028
0.8272802
0.3336967
-0.0398319
-0.2553859
-0.3704081
-0.4453223
-0.4913006
-0.4876138
-0.4250127
-0.3242453
-0.2217409
-0.1467838
-0.1096770
-0.1021834
-0.1054734
-0.1025920
-0.0892678
-0.0739911
-0.0667915
-0.0687533
-0.0733290
-0.0756417
-0.0767676
-0.0784056
-0.0771325
-0.0675832
-0.0506492
-0.0349231
-0.0283564
-0.0304540
-0.0345503
-0.0359734
-0.0349812
-0.0326220
-0.0281834
-0.0224903
-0.0199119
-0.0229044
-0.0258236
-0.0189756
-0.0005630
0.0186853
0.0262658
0.0224463
0.0206197
0.0320461
0.0530531
0.0701883
0.0766012
0.0791098
0.0879124
0.1033191
0.1166669
0.1228983
0.1273586
0.1384686
0.1569315
0.1753914
0.1878513
0.1964858
0.2084383
0.2277725
0.2518176
0.2741029
0.2888461
0.2929795
0.2868565
0.2752075
0.2657973
0.2634956
0.2644349
0.2581267
0.2371814
0.2042290
0.1684068
0.1365709
0.1097791
0.0868770
0.0675709
0.0503497
0.0303977
0.0039747
-0.0241585
-0.0411160
-0.0377695
-0.0207284
-0.0092929
-0.0177965
-0.0416815
-0.0630066
-0.0692231
-0.0643297
-0.0616987
-0.0692165
-0.0837357
-0.0981271
-0.1096302
-0.1194668
-0.1264221
-0.1246815
-0.1101411
-0.0877453
-0.0697923
-0.0654096
-0.0722895
-0.0796613
-0.0789128
-0.0705541
-0.0614906
-0.0570481
-0.0562039
-0.0537864
-0.0462694
-0.0349112
-0.0235924
-0.0149147
-0.0095936
-0.0087539
-0.0140272
-0.0239103
-0.0319165
-0.0314351
-0.0232100
-0.0161104
-0.0185556
-0.0292407
-0.0378593
-0.0358684
-0.0255502
-0.0168959
-0.0160527
-0.0194757
-0.0205947
-0.0194190
-0.0220269
-0.0313396
-0.0427329
-0.0507901
-0.0574226
-0.0694271
-0.0880705
-0.1045312
-0.1081663
-0.0984986
-0.0865824
-0.0835342
-0.0891180
-0.0932120
-0.0878014
-0.0754063
-0.0653890
-0.0640278
-0.0694489
-0.0747035
-0.0737868
-0.0651415
-0.0514936
-0.0375518
-0.0275804
-0.0241884
-0.0278149
-0.0355791
-0.0408022
-0.0367200
-0.0236470
-0.0116781
-0.0124519
-0.0259383
-0.0374439
-0.0315992
-0.0100086
0.0086918
0.0094519
-0.0011913
-0.0034309
0.0093534
0.0199337
0.0080303
-0.0247728
-0.0613123
-0.0966999
-0.1396524
-0.1695292
-0.1027328
0.1618361
0.6301648
1.1423719
1.4427617
1.3586825
0.9348673
0.3965819
-0.0258262
-0.2497192
-0.3439550
-0.4110346
-0.4811147
-0.5108688
-0.4585460
-0.3403924
-0.2160906
-0.1342397
-0.1001742
-0.0897470
-0.0815751
-0.0719000
-0.0663439
-0.0675658
-0.0728371
-0.0780473
-0.0799001
-0.0757374
-0.0644525
-0.0481741
-0.0319446
-0.0212077
-0.0190596
-0.0243901
-0.0316807
-0.0338803
-0.0278664
-0.0180311
-0.0132743
-0.0185953
-0.0290760
-0.0334325
-0.0251059
-0.0097383
-0.0002563
-0.0042324
-0.0172388
-0.0284958
-0.0306425
-0.0229202
-0.0079291
0.0107597
0.0283072
0.0403538
0.0478030
0.0582184
0.0792467
0.1095784
0.1379726
0.1532375
0.1555269
0.1564703
0.1672702
0.1876595
0.2077890
0.2199481
0.2261921
0.2344303
0.2494434
0.2689930
0.2870623
0.2989216
0.3033228
0.3014387
0.2947252
0.2838142
0.2687845
0.2494253
0.2248536
0.1940963
0.1584990
0.1230482
0.0933352
0.0703257
0.0490515
0.0235246
-0.0069404
-0.0365727
-0.0584906
-0.0712706
-0.0798422
-0.0894432
-0.0993735
-0.1040826
-0.1001173
-0.0898729
-0.0779559
-0.0665090
-0.0562776
-0.0502188
-0.0520527
-0.0604399
-0.0676726
-0.0669667
-0.0605515
-0.0578713
-0.0642824
-0.0730664
-0.0715593
-0.0558419
-0.0366692
-0.0285111
-0.0342143
-0.0433942
-0.0453165
-0.0397431
-0.0341341
-0.0336747
-0.0370378
-0.0402966
-0.0412189
-0.0388088
-0.0315229
-0.0192581
-0.0073343
-0.0053343
-0.0185764
-0.0407419
-0.0581074
-0.0630772
-0.0619367
-0.0670014
-0.0817492
-0.0958351
-0.0950597
-0.0750610
-0.0453108
-0.0211133
-0.0120277
-0.0164917
-0.0256345
-0.0312503
-0.0307938
-0.0270469
-0.0250412
-0.0285455
-0.0367139
-0.0431225
-0.0402600
-0.0272202
-0.0126145
-0.0081393
-0.0182189
-0.0356978
-0.0478382
-0.0474858
-0.0394890
-0.0359515
-0.0439997
-0.0581010
-0.0654652
-0.0592583
-0.0456205
-0.0373695
-0.0414535
-0.0528784
-0.0605951
-0.0591949
-0.0547289
-0.0585210
-0.0752171
-0.0978112
-0.1144790
-0.1186791
-0.1120070
-0.0998223
-0.0869834
-0.0768276
-0.0705745
-0.0661170
-0.0593951
-0.0493617
-0.0414360
-0.0436471
-0.0572081
-0.0714717
-0.0715430
-0.0535310
-0.0309718
-0.0227946
-0.0342595
-0.0520773
-0.0590691
-0.0512785
-0.0393751
-0.0357068
-0.0427980
-0.0537080
-0.0603930
-0.0600324
-0.0546472
-0.0475469
-0.0419655
-0.0417698
-0.0498191
-0.0637087
-0.0753544
-0.0780709
-0.0741380
-0.0730493
-0.0814979
-0.0963920
-0.1083437
-0.1110414
-0.1063824
-0.1006924
-0.0967717
-0.0909038
-0.0786610
-0.0625994
-0.0514126
-0.0503818
-0.0548548
-0.0552418
-0.0472736
-0.0351749
-0.0253889
-0.0198893
-0.0166682
-0.0148303
-0.0163967
-0.0221318
-0.0277077
-0.0275667
-0.0233767
-0.0246804
-0.0370475
-0.0514909
-0.0517525
-0.0341763
-0.0156388
-0.0169153
-0.0393208
-0.0623758
-0.0660712
-0.0523006
-0.0409317
-0.0458071
-0.0596770
-0.0658045
-0.0604222
-0.0568095
-0.0673703
-0.0902998
-0.1182361
-0.1492787
-0.1724772
-0.1402687
0.0238348
0.3610484
0.8056201
1.1857683
1.3213478
1.1474265
0.7577786
0.3302144
0.0024354
-0.1951035
-0.3085185
-0.3848396
-0.4297618
-0.4239305
-0.3616453
-0.2668113
-0.1761378
-0.1128048
-0.0764213
-0.0539208
-0.0359336
-0.0224299
-0.0166365
-0.0181233
-0.0227262
-0.0269058
-0.0305625
-0.0360081
-0.0447799
-0.0554978
-0.0651024
-0.0719279
-0.0760540
-0.0763374
-0.0700393
-0.0581662
-0.0492897
-0.0535446
-0.0715140
-0.0916835
-0.1009206
-0.0966219
-0.0871487
-0.0806985
-0.0755870
-0.0631219
-0.0396670
-0.0129660
0.0058900
0.0149678
0.0220417
0.0329528
0.0445421
0.0517067
0.0571143
0.0685288
0.0873539
0.1051181
0.1139183
0.1178724
0.1303573
0.1586796
0.1936559
0.2174425
0.2219678
0.2167264
0.2168394
0.2264869
0.2375038
0.2421116
0.2417100
0.2423528
0.2461732
0.2502591
0.2516167
0.2496480
0.2434575
0.2292589
0.2030561
0.1667086
0.1295660
0.1011217
0.0813962
0.0611152
0.0330946
0.0016703
-0.0210844
-0.0273299
-0.0202067
-0.0103869
-0.0082536
-0.0182496
-0.0374070
-0.0577775
-0.0713866
-0.0748337
-0.0709431
-0.0666973
-0.0680333
-0.0744119
-0.0787809
-0.0749890
-0.0651611
-0.0575779
-0.0573499
-0.0618477
-0.0657043
-0.0671355
-0.0675844
-0.0675995
-0.0659945
-0.0627985
-0.0608224
-0.0628103
-0.0670501
-0.0674104
-0.0599602
-0.0494833
-0.0462772
-0.0546162
-0.0670222
-0.0729929
-0.0716105
-0.0715235
-0.0785009
-0.0867760
-0.0847322
-0.0677408
-0.0435476
-0.0246414
-0.0161474
-0.0127579
-0.0080312
-0.0037631
-0.0061631
-0.0138053
-0.0156778
-0.0047458
0.0104078
0.0129455
-0.0030414
-0.0242187
-0.0307175
-0.0163872
0.0047462
0.0125501
0.0006017
-0.0193179
-0.0319654
-0.0344056
-0.0350529
-0.0407076
-0.0498477
-0.0579907
-0.0638375
-0.0676872
-0.0676034
-0.0612184
-0.0511294
-0.0460019
-0.0542844
-0.0756849
-0.0993263
-0.1125161
-0.1124346
-0.1075493
-0.1066225
-0.1088682
-0.1070098
-0.0975920
-0.0847449
-0.0744337
-0.0682178
-0.0635476
-0.0584532
-0.0542865
-0.0530400
-0.0523826
-0.0462503
-0.0333697
-0.0231241
-0.0268871
-0.0417104
-0.0481041
-0.0293763
0.0080395
0.0378282
0.0384793
0.0126511
-0.0196248
-0.0449833
-0.0668802
-0.0830074
-0.0525635
0.0977061
0.4105643
0.8275193
1.1869835
1.3136211
1.1345517
0.7279305
0.2653713
-0.1020916
-0.3228689
-0.4351259
-0.4962319
-0.5261611
-0.5102335
-0.4391240
-0.3337274
-0.2324092
-0.1618817
-0.1228062
-0.0995508
-0.0802102
-0.0666317
-0.0662364
-0.0773104
-0.0868358
-0.0840819
-0.0727508
-0.0664458
-0.0731250
-0.0861503
-0.0905937
-0.0778183
-0.0542966
-0.0357221
-0.0315935
-0.0368969
-0.0404320
-0.0384477
-0.0357953
-0.0356055
-0.0345765
-0.0301403
-0.0265940
-0.0296722
-0.0370022
-0.0378264
-0.0235113
0.0019988
0.0232367
0.0269237
0.0158734
0.0074239
0.0164188
0.0414306
0.0690504
0.0887382
0.1007215
0.1121129
0.1294352
0.1540009
0.1810317
0.2029042
0.2149648
0.2184699
0.2184085
0.2206248
0.2305062
0.2496225
0.2711816
0.2827960
0.2781010
0.2646386
0.2573231
0.2637095
0.2760376
0.2772028
0.2555253
0.2158838
0.1757590
0.1479301
0.1281063
0.1025711
0.0662277
0.0281265
-0.0005039
-0.0180990
-0.0309369
-0.0438635
-0.0560407
-0.0646218
-0.0705252
-0.0791510
-0.0935862
-0.1076384
-0.1103016
-0.0998073
-0.0887678
-0.0904014
-0.1022988
-0.1093541
-0.1020399
-0.0870745
-0.0793977
-0.0865601
-0.1019326
-0.1122787
-0.1116774
-0.1069364
-0.1076850
-0.1135520
-0.1162639
-0.1134310
-0.1125300
-0.1184048
-0.1236712
-0.1173305
-0.0996952
-0.0833745
-0.0796309
-0.0864481
-0.0907904
-0.0828423
-0.0680276
-0.0622813
-0.0731837
-0.0893246
-0.0930792
-0.0811211
-0.0660895
-0.0596249
-0.0611820
-0.0643737
-0.0674691
-0.0739434
-0.0855028
-0.0972860
-0.1004888
-0.0911049
-0.0761600
-0.0674774
-0.0675298
-0.0663617
-0.0560653
-0.0432904
-0.0417165
-0.0549361
-0.0721704
-0.0799485
-0.0748413
-0.0659333
-0.0662582
-0.0792981
-0.0932079
-0.0923896
-0.0756574
-0.0579733
-0.0529662
-0.0594247
-0.0669421
-0.0687251
-0.0655199
-0.0618688
-0.0622181
-0.0678556
-0.0756042
-0.0813574
-0.0842728
-0.0846487
-0.0802813
-0.0703712
-0.0612554
-0.0619476
-0.0742072
-0.0913751
-0.1052665
-0.1102730
-0.1049327
-0.0956075
-0.0940259
-0.1028818
-0.1071753
-0.0894620
-0.0531591
-0.0222427
-0.0164495
-0.0331231
-0.0560433
-0.0770636
-0.0998621
-0.1121899
-0.0542452
0.1612390
0.5602587
1.0258725
1.3320198
1.2976155
0.9278994
0.4088394
-0.0362781
-0.2948538
-0.4001874
-0.4502529
-0.5021170
-0.5380791
-0.5171478
-0.4375550
-0.3383373
-0.2541331
-0.1902004
-0.1396127
-0.1032522
-0.0851831
-0.0817284
-0.0837137
-0.0839219
-0.0800722
-0.0759015
-0.0784096
-0.0882991
-0.0965535
-0.0965655
-0.0932264
-0.0920052
-0.0874057
-0.0732423
-0.0566656
-0.0497096
-0.0528747
-0.0576138
-0.0583290
-0.0528063
-0.0398654
-0.0260444
-0.0240412
-0.0344787
-0.0403448
-0.0291696
-0.0086646
0.0083542
0.0204301
0.0300143
0.0352028
0.0383703
0.0477988
0.0631084
0.0750533
0.0837741
0.0972486
0.1099387
0.1092356
0.1059944
0.1273334
0.1727089
0.2097362
0.2208964
0.2206940
0.2212648
0.2196421
0.2240158
0.2476190
0.2703789
0.2585508
0.2300055
0.2361771
0.2625877
0.2229239
0.0894664
