-0.0511495
-0.0462915
-0.0412645
-0.0475057
-0.0544336
-0.0472720
-0.0342664
-0.0368042
-0.0568424
-0.0723514
-0.0661422
-0.0452638
-0.0290260
-0.0283342
-0.0401767
-0.0546678
-0.0636388
-0.0662327
-0.0679998
-0.0732837
-0.0805773
-0.0873797
-0.0948138
-0.1025127
-0.1035599
-0.0920311
-0.0738169
-0.0627576
-0.0652815
-0.0736555
-0.0754535
-0.0668136
-0.0558843
-0.0546071
-0.0663504
-0.0808984
-0.0838290
-0.0719558
-0.0565919
-0.0500041
-0.0522781
-0.0543883
-0.0509883
-0.0458989
-0.0458837
-0.0523744
-0.0601119
-0.0630060
-0.0608093
-0.0587008
-0.0588661
-0.0547856
-0.0385925
-0.0142778
0.0019863
-0.0018233
-0.0203116
-0.0386487
-0.0529456
-0.0751140
-0.1081505
-0.1136392
-0.0147320
0.2457978
0.6314945
0.9967270
1.1648205
1.0464039
0.6988101
0.2779849
-0.0698251
-0.2851130
-0.3917484
-0.4398354
-0.4568354
-0.4421973
-0.3910024
-0.3117044
-0.2233885
-0.1447945
-0.0887633
-0.0608988
-0.0574461
-0.0659771
-0.0730284
-0.0725343
-0.0663152
-0.0584678
-0.0521456
-0.0504270
-0.0555957
-0.0651247
-0.0704682
-0.0634196
-0.0451466
-0.0274190
-0.0223201
-0.0301483
-0.0394260
-0.0398855
-0.0331393
-0.0283449
-0.0296799
-0.0323431
-0.0306577
-0.0254506
-0.0210444
-0.0177919
-0.0111345
0.0019515
0.0178446
0.0290397
0.0320248
0.0316739
0.0368137
0.0510523
0.0687266
0.0806264
0.0834650
0.0834814
0.0912515
0.1128968
0.1450103
0.1773582
0.2013794
0.2168125
0.2296996
0.2443867
0.2593640
0.2712115
0.2797252
0.2867314
0.2914812
0.2907204
0.2840668
0.2767914
0.2748029
0.2768242
0.2733140
0.2548001
0.2213713
0.1828733
0.1495592
0.1238940
0.1018762
0.0798406
0.0574180
0.0352770
0.0138311
-0.0048534
-0.0168642
-0.0207193
-0.0211179
-0.0263499
-0.0410007
-0.0612262
-0.0773884
-0.0818583
-0.0751915
-0.0654148
-0.0614258
-0.0665943
-0.0775664
-0.0879717
-0.0932408
-0.0931116
-0.0904682
-0.0878340
-0.0852641
-0.0820436
-0.0792441
-0.0783706
-0.0776347
-0.0728282
-0.0638928
-0.0580789
-0.0626091
-0.0740614
-0.0788021
-0.0668810
-0.0444617
-0.0293230
-0.0327042
-0.0474414
-0.0563259
-0.0513295
-0.0412381
-0.0393084
-0.0470252
-0.0538334
-0.0514535
-0.0435080
-0.0391982
-0.0408747
-0.0415953
-0.0346387
-0.0224636
-0.0145921
-0.0174555
-0.0278668
-0.0369060
-0.0392876
-0.0379101
-0.0394987
-0.0469931
-0.0566399
-0.0618181
-0.0593499
-0.0527685
-0.0498001
-0.0558685
-0.0692842
-0.0828243
-0.0899073
-0.0887584
-0.0813862
-0.0708870
-0.0608029
-0.0548695
-0.0543470
-0.0554659
-0.0520475
-0.0424087
-0.0327943
-0.0320656
-0.0425197
-0.0571646
-0.0668830
-0.0691770
-0.0684463
-0.0689405
-0.0707987
-0.0736645
-0.0799513
-0.0903724
-0.0980769
-0.0929965
-0.0741770
-0.0540149
-0.0464204
-0.0520685
-0.0589876
-0.0575170
-0.0503200
-0.0454345
-0.0436000
-0.0384136
-0.0285688
-0.0227229
-0.0280461
-0.0399256
-0.0515483
-0.0698488
-0.1044500
-0.1283088
-0.0605686
0.1808744
0.5842414
1.0006978
1.2190620
1.1131875
0.7362694
0.2770095
-0.0812574
-0.2730121
-0.3486467
-0.3867151
-0.4178057
-0.4219025
-0.3764022
-0.2916494
-0.2026037
-0.1378063
-0.1023927
-0.0863641
-0.0808255
-0.0831447
-0.0907756
-0.0967293
-0.0939144
-0.0820400
-0.0676978
-0.0576767
-0.0536052
-0.0529592
-0.0532403
-0.0536801
-0.0536645
-0.0516514
-0.0469859
-0.0420590
-0.0406168
-0.0428617
-0.0436111
-0.0374898
-0.0258421
-0.0161018
-0.0131762
-0.0134465
-0.0095057
0.0002614
0.0099022
0.0143375
0.0165909
0.0236194
0.0358251
0.0447199
0.0435866
0.0385358
0.0448646
0.0711296
0.1094686
0.1439192
0.1665585
0.1824704
0.1998406
0.2197172
0.2375225
0.2510592
0.2624006
0.2721893
0.2767982
0.2742820
0.2709916
0.2776205
0.2969331
0.3179722
0.3253893
0.3141091
0.2925043
0.2713017
0.2524552
0.2304258
0.2016143
0.1689745
0.1377607
0.1102523
0.0862725
0.0665682
0.0526206
0.0429773
0.0321941
0.0153534
-0.0065491
-0.0268291
-0.0389716
-0.0419112
-0.0400912
-0.0398223
-0.0457296
-0.0584056
-0.0732348
-0.0824563
-0.0815331
-0.0747668
-0.0726857
-0.0817540
-0.0969484
-0.1059780
-0.1010784
-0.0858554
-0.0707139
-0.0631135
-0.0631202
-0.0667946
-0.0709229
-0.0734286
-0.0717057
-0.0640721
-0.0534635
-0.0470903
-0.0501915
-0.0605394
-0.0704291
-0.0738886
-0.0709985
-0.0657512
-0.0615544
-0.0594344
-0.0590276
-0.0594561
-0.0591476
-0.0562322
-0.0502757
-0.0434637
-0.0391855
-0.0390471
-0.0416147
-0.0442537
-0.0456900
-0.0464798
-0.0477048
-0.0499878
-0.0532607
-0.0563652
-0.0570436
-0.0537480
-0.0481213
-0.0447459
-0.0473651
-0.0554057
-0.0646840
-0.0713210
-0.0744546
-0.0753466
-0.0748190
-0.0722975
-0.0671091
-0.0597943
-0.0515873
-0.0430462
-0.0340683
-0.0254776
-0.0199715
-0.0207797
-0.0289154
-0.0412766
-0.0514482
-0.0537293
-0.0483144
-0.0426569
-0.0454806
-0.0575249
-0.0691023
-0.0691728
-0.0574461
-0.0458347
-0.0465941
-0.0597973
-0.0739328
-0.0784798
-0.0738999
-0.0685049
-0.0677803
-0.0698710
-0.0714303
-0.0740302
-0.0814673
-0.0918144
-0.0961334
-0.0873632
-0.0693441
-0.0548436
-0.0538385
-0.0641452
-0.0740549
-0.0743403
-0.0675095
-0.0647603
-0.0738518
-0.0916584
-0.1107346
-0.1314031
-0.1592392
-0.1811989
-0.1443793
0.0254461
0.3594584
0.7843193
1.1316081
1.2340037
1.0398990
0.6486179
0.2339230
-0.0757547
-0.2579525
-0.3606880
-0.4262490
-0.4541285
-0.4253477
-0.3435334
-0.2425200
-0.1588005
-0.1058459
-0.0760176
-0.0589677
-0.0513608
-0.0519143
-0.0559309
-0.0588595
-0.0614671
-0.0667068
-0.0722090
-0.0703194
-0.0575945
-0.0418148
-0.0362493
-0.0463330
-0.0636094
-0.0738911
-0.0708637
-0.0610679
-0.0562532
-0.0619672
-0.0733729
-0.0808281
-0.0789981
-0.0714156
-0.0668147
-0.0703134
-0.0773509
-0.0767283
-0.0606193
-0.0317468
-0.0004032
0.0250334
0.0437208
0.0593202
0.0740337
0.0876488
0.1014507
0.1197983
0.1455985
0.1751268
0.1998842
0.2146786
0.2227297
0.2317362
0.2457556
0.2622310
0.2762683
0.2857195
0.2916165
0.2957310
0.2996255
0.3052145
0.3135947
0.3219978
0.3232422
0.3106435
0.2846952
0.2541701
0.2290391
0.2113911
0.1935187
0.1655239
0.1251604
0.0804472
0.0429241
0.0183474
0.0034037
-0.0093527
-0.0240572
-0.0391485
-0.0515857
-0.0617341
-0.0726911
-0.0853708
-0.0964621
-0.1024178
-0.1039774
-0.1045427
-0.1042751
-0.0984683
-0.0837388
-0.0647595
-0.0521222
-0.0523075
-0.0610738
-0.0682697
-0.0684720
-0.0649258
-0.0630552
-0.0629554
-0.0605355
-0.0545053
-0.0486110
-0.0459542
-0.0439701
-0.0379631
-0.0288888
-0.0243436
-0.0300731
-0.0420504
-0.0495150
-0.0462809
-0.0372711
-0.0326788
-0.0368208
-0.0445424
-0.0482011
-0.0457972
-0.0411656
-0.0382239
-0.0376650
-0.0389513
-0.0425372
-0.0482805
-0.0532915
-0.0543255
-0.0529014
-0.0555623
-0.0665765
-0.0809773
-0.0878563
-0.0823022
-0.0724430
-0.0717778
-0.0839739
-0.0973448
-0.0961299
-0.0767205
-0.0514403
-0.0364732
-0.0372806
-0.0458860
-0.0505056
-0.0460143
-0.0357701
-0.0262695
-0.0221493
-0.0250179
-0.0335915
-0.0432358
-0.0474135
-0.0428270
-0.0338388
-0.0297359
-0.0357538
-0.0471278
-0.0533362
-0.0485252
-0.0370734
-0.0288164
-0.0298297
-0.0384959
-0.0492644
-0.0579508
-0.0628662
-0.0632105
-0.0592737
-0.0543040
-0.0535453
-0.0593479
-0.0677430
-0.0715260
-0.0673202
-0.0591330
-0.0547937
-0.0592222
-0.0709691
-0.0844082
-0.0947788
-0.1015913
-0.1077811
-0.1153711
-0.1214759
-0.1191343
-0.1037141
-0.0793316
-0.0576321
-0.0482071
-0.0500150
-0.0537259
-0.0527054
-0.0494301
-0.0495748
-0.0522911
-0.0507432
-0.0430057
-0.0379976
-0.0460741
-0.0644508
-0.0767575
-0.0699414
-0.0494990
-0.0343075
-0.0362669
-0.0483709
-0.0545842
-0.0486614
-0.0394111
-0.0379646
-0.0444442
-0.0499024
-0.0487159
-0.0445188
-0.0433342
-0.0447339
-0.0430675
-0.0362718
-0.0298152
-0.0304745
-0.0383713
-0.0476511
-0.0543245
-0.0603948
-0.0690551
-0.0785076
-0.0840220
-0.0859239
-0.0915987
-0.1064162
-0.1238931
-0.1288973
-0.1129307
-0.0847721
-0.0632330
-0.0589720
-0.0655129
-0.0691507
-0.0651308
-0.0606024
-0.0622319
-0.0660356
-0.0634038
-0.0549106
-0.0520382
-0.0624619
-0.0773420
-0.0786422
-0.0598063
-0.0351234
-0.0254756
-0.0364163
-0.0537098
-0.0602684
-0.0535436
-0.0442892
-0.0418024
-0.0453189
-0.0494827
-0.0526100
-0.0559661
-0.0580082
-0.0547851
-0.0465563
-0.0395275
-0.0383559
-0.0399099
-0.0383644
-0.0348853
-0.0368082
-0.0462708
-0.0562857
-0.0635351
-0.0785666
-0.1076049
-0.1163177
-0.0248163
0.2335733
0.6277013
1.0044903
1.1714667
1.0311195
0.6531655
0.2203113
-0.1039226
-0.2715773
-0.3401012
-0.3863974
-0.4343372
-0.4533874
-0.4097625
-0.3095578
-0.1959037
-0.1129213
-0.0753318
-0.0676972
-0.0660509
-0.0584805
-0.0490413
-0.0473814
-0.0569365
-0.0716093
-0.0812201
-0.0793251
-0.0671588
-0.0519277
-0.0419053
-0.0419871
-0.0518042
-0.0663912
-0.0786583
-0.0830284
-0.0788455
-0.0709533
-0.0658905
-0.0661210
-0.0676792
-0.0641792
-0.0536700
-0.0411331
-0.0333995
-0.0315559
-0.0294517
-0.0207479
-0.0069874
0.0029854
0.0026037
-0.0042107
-0.0057635
0.0063008
0.0294755
0.0542142
0.0740988
0.0909235
0.1100202
0.1324797
0.1536099
0.1687102
0.1785742
0.1882636
0.2013201
0.2165793
0.2305588
0.2414052
0.2496062
0.2558942
0.2601589
0.2625966
0.2644011
0.2660498
0.2654923
0.2597374
0.2488619
0.2370345
0.2277344
0.2181260
0.2004798
0.1709643
0.1360758
0.1077422
0.0909026
0.0774800
0.0548534
0.0205906
-0.0128302
-0.0293313
-0.0251694
-0.0129773
-0.0101022
-0.0235267
-0.0458689
-0.0644285
-0.0728172
-0.0746696
-0.0783669
-0.0891757
-0.1050809
-0.1183516
-0.1212351
-0.1119797
-0.0966491
-0.0846277
-0.0811288
-0.0835284
-0.0851746
-0.0827391
-0.0793092
-0.0800199
-0.0853221
-0.0896044
-0.0868026
-0.0768272
-0.0659427
-0.0609774
-0.0634679
-0.0691294
-0.0722882
-0.0706370
-0.0663583
-0.0634149
-0.0638572
-0.0662242
-0.0669607
-0.0633067
-0.0553394
-0.0459421
-0.0390093
-0.0370336
-0.0394750
-0.0431559
-0.0447992
-0.0438605
-0.0429146
-0.0447771
-0.0490245
-0.0518089
-0.0497181
-0.0437878
-0.0390999
-0.0402068
-0.0475123
-0.0584123
-0.0708151
-0.0838376
-0.0950891
-0.0996260
-0.0938518
-0.0802006
-0.0659691
-0.0567020
-0.0520733
-0.0493461
-0.0491223
-0.0544990
-0.0641575
-0.0700947
-0.0660674
-0.0572050
-0.0561807
-0.0672717
-0.0778803
-0.0712645
-0.0476124
-0.0270616
-0.0289010
-0.0520080
-0.0806876
-0.1048002
-0.1200727
-0.1009900
0.0134360
0.2783764
0.6662274
1.0345124
1.1963474
1.0520494
0.6676492
0.2256213
-0.1086165
-0.2856982
-0.3613353
-0.4095008
-0.4538498
-0.4710265
-0.4380758
-0.3634684
-0.2773678
-0.2054788
-0.1576145
-0.1335263
-0.1289117
-0.1341739
-0.1352140
-0.1230253
-0.1029375
-0.0903141
-0.0947288
-0.1093706
-0.1174255
-0.1085147
-0.0880614
-0.0711712
-0.0686569
-0.0788002
-0.0906981
-0.0941581
-0.0873001
-0.0767145
-0.0709095
-0.0722378
-0.0739958
-0.0661037
-0.0451495
-0.0190436
-0.0005098
0.0048981
0.0038590
0.0078401
0.0212104
0.0378951
0.0497401
0.0565052
0.0660699
0.0851834
0.1117735
0.1372646
0.1555139
0.1681633
0.1813905
0.1987588
0.2179061
0.2334825
0.2424789
0.2469868
0.2525915
0.2639596
0.2807848
0.2971504
0.3054592
0.3025650
0.2930325
0.2858276
0.2863094
0.2904312
0.2870786
0.2673450
0.2327240
0.1946027
0.1651699
0.1477228
0.1348986
0.1161264
0.0873331
0.0542376
0.0268026
0.0105447
0.0027123
-0.0039506
-0.0142744
-0.0270366
-0.0370722
-0.0403548
-0.0375631
-0.0336435
-0.0340316
-0.0404245
-0.0493640
-0.0550338
-0.0543116
-0.0497856
-0.0477060
-0.0522458
-0.0611464
-0.0670354
-0.0637181
-0.0520508
-0.0400285
-0.0366274
-0.0444847
-0.0578625
-0.0680320
-0.0714815
-0.0731267
-0.0808488
-0.0963001
-0.1114425
-0.1150135
-0.1028032
-0.0814998
-0.0627080
-0.0537414
-0.0538259
-0.0573681
-0.0591900
-0.0571444
-0.0521378
-0.0472409
-0.0457149
-0.0477600
-0.0489316
-0.0436984
-0.0319602
-0.0209240
-0.0184984
-0.0247452
-0.0316806
-0.0323537
-0.0285525
-0.0278513
-0.0338922
-0.0419459
-0.0445897
-0.0397147
-0.0314598
-0.0248655
-0.0221949
-0.0240225
-0.0303309
-0.0385094
-0.0429496
-0.0406422
-0.0368417
-0.0405915
-0.0522295
-0.0591346
-0.0491688
-0.0276428
-0.0146950
-0.0226492
-0.0406987
-0.0480859
-0.0403563
-0.0342252
-0.0443628
-0.0650442
-0.0837660
-0.1046005
-0.1353880
-0.1401817
-0.0238942
0.2964458
0.7796666
1.2291529
1.4072778
1.2124987
0.7572638
0.2728300
-0.0659183
-0.2348494
-0.3107579
-0.3599444
-0.3855181
-0.3628799
-0.2944020
-0.2149466
-0.1552824
-0.1176849
-0.0894228
-0.0674066
-0.0600595
-0.0695023
-0.0827340
-0.0842196
-0.0723383
-0.0589798
-0.0547941
-0.0589627
-0.0633540
-0.0626852
-0.0583639
-0.0546112
-0.0539849
-0.0564933
-0.0602620
-0.0617550
-0.0572730
-0.0467871
-0.0363785
-0.0346734
-0.0448701
-0.0601068
-0.0678373
-0.0600581
-0.0400778
-0.0195165
-0.0082267
-0.0061347
-0.0039942
0.0080275
0.0317382
0.0596552
0.0816459
0.0932357
0.0985028
0.1057717
0.1205105
0.1415729
0.1633931
0.1815414
0.1964996
0.2123541
0.2317541
0.2521933
0.2678573
0.2758013
0.2799597
0.2877071
0.3015794
0.3151326
0.3185048
0.3085332
0.2923785
0.2802162
0.2746949
0.2684868
0.2521481
0.2234311
0.1886241
0.1559288
0.1287069
0.1047235
0.0803097
0.0544558
0.0297451
0.0103644
-0.0012085
-0.0068180
-0.0120954
-0.0219197
-0.0352711
-0.0451647
-0.0451132
-0.0361232
-0.0265985
-0.0247507
-0.0312583
-0.0394201
-0.0418514
-0.0366795
-0.0282543
-0.0233608
-0.0266173
-0.0374447
-0.0498290
-0.0559675
-0.0526040
-0.0447185
-0.0414313
-0.0465625
-0.0536457
-0.0519583
-0.0379264
-0.0192989
-0.0071905
-0.0049469
-0.0061607
-0.0031214
0.0047473
0.0115654
0.0124546
0.0084875
0.0045760
0.0043837
0.0080981
0.0136705
0.0183556
0.0192561
0.0144373
0.0049256
-0.0051193
-0.0118491
-0.0158328
-0.0217340
-0.0328462
-0.0460497
-0.0532167
-0.0484875
-0.0342322
-0.0193484
-0.0112949
-0.0098758
-0.0091145
-0.0050099
-0.0004867
-0.0017291
-0.0098045
-0.0174443
-0.0157344
-0.0041249
0.0076110
0.0087418
-0.0011386
-0.0112195
-0.0105130
0.0005308
0.0100273
0.0063999
-0.0099823
-0.0266948
-0.0305064
-0.0191571
-0.0030370
0.0040678
-0.0036710
-0.0205322
-0.0355478
-0.0419660
-0.0412840
-0.0394865
-0.0405918
-0.0438412
-0.0458054
-0.0439871
-0.0388449
-0.0339391
-0.0344369
-0.0434454
-0.0578189
-0.0687055
-0.0696430
-0.0653397
-0.0692131
-0.0882531
-0.1109643
-0.1152745
-0.0915587
-0.0553302
-0.0328407
-0.0343352
-0.0457382
-0.0478643
-0.0386253
-0.0313405
-0.0344079
-0.0412474
-0.0427467
-0.0414817
-0.0453012
-0.0505561
-0.0437849
-0.0241076
-0.0130851
-0.0305843
-0.0656352
-0.0880619
-0.0936057
-0.1168604
-0.1731317
-0.1885768
-0.0240080
0.3908468
0.9360777
1.3386821
1.3661092
1.0069082
0.4697104
0.0078212
-0.2593535
-0.3749626
-0.4354489
-0.4805531
-0.4846412
-0.4230657
-0.3185309
-0.2212815
-0.1620361
-0.1360212
-0.1256827
-0.1242797
-0.1333881
-0.1472719
-0.1509430
-0.1352039
-0.1077952
-0.0855969
-0.0772485
-0.0763987
-0.0718599
-0.0614601
-0.0538955
-0.0577192
-0.0705439
-0.0802568
-0.0767887
-0.0622429
-0.0491544
-0.0485237
-0.0592727
-0.0694008
-0.0677140
-0.0546018
-0.0412199
-0.0379468
-0.0437269
-0.0470143
-0.0373015
-0.0155273
0.0070879
0.0203213
0.0246313
0.0295256
0.0428976
0.0628594
0.0804413
0.0897381
0.0944752
0.1043107
0.1251583
0.1535532
0.1802135
0.1985012
0.2093493
0.2186508
0.2305856
0.2435206
0.2519428
0.2522471
0.2470604
0.2441825
0.2507183
0.2670965
0.2860522
0.2975857
0.2956905
0.2812261
0.2592261
0.2341956
0.2080924
0.1818363
0.1570646
0.1352156
0.1151892
0.0934255
0.0676436
0.0404574
0.0179918
0.0037610
-0.0058935
-0.0190016
-0.0396121
-0.0624184
-0.0767182
-0.0764699
-0.0663793
-0.0576646
-0.0577889
-0.0645929
-0.0702895
-0.0703453
-0.0677318
-0.0687309
-0.0754866
-0.0831956
-0.0844361
-0.0761428
-0.0628530
-0.0536427
-0.0554260
-0.0678903
-0.0839564
-0.0954594
-0.0995334
-0.1002617
-0.1039777
-0.1125078
-0.1210310
-0.1229433
-0.1168205
-0.1080057
-0.1029276
-0.1023093
-0.1008695
-0.0939325
-0.0834573
-0.0764367
-0.0771221
-0.0816613
-0.0814242
-0.0719042
-0.0578417
-0.0489886
-0.0507318
-0.0591368
-0.0652878
-0.0642139
-0.0592582
-0.0577411
-0.0627238
-0.0694949
-0.0704521
-0.0633793
-0.0544303
-0.0523479
-0.0596062
-0.0698064
-0.0744591
-0.0722126
-0.0704379
-0.0769223
-0.0903974
-0.1006287
-0.0987844
-0.0872012
-0.0776295
-0.0794454
-0.0906144
-0.1012902
-0.1056960
-0.1085775
-0.1188767
-0.1380078
-0.1562740
-0.1617304
-0.1519667
-0.1363088
-0.1265142
-0.1260092
-0.1284235
-0.1259050
-0.1179318
-0.1116481
-0.1137627
-0.1224884
-0.1281167
-0.1225300
-0.1085069
-0.0983715
-0.1015668
-0.1135652
-0.1195224
-0.1107982
-0.0962047
-0.0934489
-0.1093532
-0.1331529
-0.1523130
-0.1688065
-0.1868274
-0.1781852
-0.0719423
0.1957446
0.6006856
0.9998371
1.2024119
1.0994997
0.7431632
0.3043152
-0.0519949
-0.2642711
-0.3717249
-0.4371393
-0.4814822
-0.4846529
-0.4307067
-0.3386502
-0.2496300
-0.1927712
-0.1680450
-0.1580240
-0.1492597
-0.1408063
-0.1370713
-0.1381272
-0.1383951
-0.1325504
-0.1206727
-0.1077133
-0.0989250
-0.0958801
-0.0959599
-0.0949404
-0.0903490
-0.0831959
-0.0769390
-0.0745009
-0.0757697
-0.0778420
-0.0779273
-0.0761218
-0.0749598
-0.0756782
-0.0749945
-0.0666961
-0.0477983
-0.0233338
-0.0036707
0.0044917
0.0046725
0.0072584
0.0191112
0.0371352
0.0528544
0.0627962
0.0728625
0.0916968
0.1205776
0.1512117
0.1737481
0.1860208
0.1942529
0.2053892
0.2200203
0.2330779
0.2404493
0.2439736
0.2500393
0.2636383
0.2833032
0.3009138
0.3065236
0.2950176
0.2699752
0.2415245
0.2191690
0.2049921
0.1930827
0.1758859
0.1515523
0.1250578
0.1020986
0.0824753
0.0603328
0.0310885
-0.0026241
-0.0326708
-0.0530804
-0.0655015
-0.0767446
-0.0911490
-0.1058574
-0.1138748
-0.1116353
-0.1032367
-0.0970218
-0.0979398
-0.1032688
-0.1059569
-0.1024133
-0.0969882
-0.0980604
-0.1087729
-0.1217432
-0.1244716
-0.1115191
-0.0911776
-0.0785368
-0.0810125
-0.0914170
-0.0962358
-0.0900198
-0.0798646
-0.0756435
-0.0784879
-0.0813600
-0.0795753
-0.0764234
-0.0766431
-0.0782515
-0.0758934
-0.0713167
-0.0736397
-0.0851377
-0.0918601
-0.0771265
-0.0452215
-0.0225490
-0.0280203
-0.0482105
-0.0548056
-0.0476021
-0.0612367
-0.1080504
-0.1173897
0.0363767
0.4103963
0.8893600
1.2268317
1.2220928
0.8772260
0.3872084
-0.0228730
-0.2553267
-0.3569946
-0.4142544
-0.4553600
-0.4507400
-0.3796422
-0.2707242
-0.1765934
-0.1253988
-0.1073565
-0.1004416
-0.0954668
-0.0945663
-0.0969319
-0.0963372
-0.0910006
-0.0875438
-0.0918048
-0.0999381
-0.1030009
-0.0989097
-0.0953628
-0.0998048
-0.1097801
-0.1159274
-0.1131079
-0.1054924
-0.1003013
-0.0990924
-0.0969667
-0.0891081
-0.0759412
-0.0617815
-0.0502745
-0.0421777
-0.0362686
-0.0303178
-0.0209855
-0.0049825
0.0173832
0.0399835
0.0546175
0.0590827
0.0612223
0.0728714
0.0982350
0.1286014
0.1499866
0.1568489
0.1578411
0.1671814
0.1902109
0.2180325
0.2366088
0.2404733
0.2368889
0.2371750
0.2453287
0.2554508
0.2589539
0.2528981
0.2415840
0.2314688
0.2251259
0.2191261
0.2066003
0.1822399
0.1465174
0.1061417
0.0696263
0.0407206
0.0154980
-0.0132954
-0.0480140
-0.0820874
-0.1046160
-0.1093571
-0.0997265
-0.0859167
-0.0775218
-0.0776882
-0.0821969
-0.0833794
-0.0765272
-0.0646719
-0.0571993
-0.0616296
-0.0749672
-0.0839219
-0.0761585
-0.0527576
-0.0286680
-0.0192680
-0.0262475
-0.0374770
-0.0405431
-0.0349599
-0.0304704
-0.0348783
-0.0455273
-0.0527000
-0.0495310
-0.0375462
-0.0237869
-0.0145840
-0.0122934
-0.0158883
-0.0225221
-0.0286790
-0.0318747
-0.0326107
-0.0339512
-0.0378552
-0.0420414
-0.0418440
-0.0359033
-0.0292796
-0.0298215
-0.0411585
-0.0595672
-0.0776940
-0.0908134
-0.0991271
-0.1045126
-0.1062761
-0.1011232
-0.0874122
-0.0687695
-0.0527392
-0.0453520
-0.0466641
-0.0513932
-0.0539441
-0.0530379
-0.0516835
-0.0529718
-0.0564257
-0.0586693
-0.0570296
-0.0516439
-0.0443959
-0.0373046
-0.0326377
-0.0330501
-0.0393223
-0.0477258
-0.0518120
-0.0487178
-0.0429968
-0.0419944
-0.0468165
-0.0497628
-0.0424908
-0.0259542
-0.0102879
-0.0048752
-0.0104327
-0.0209827
-0.0304171
-0.0348316
-0.0314239
-0.0207043
-0.0105745
-0.0125436
-0.0294349
-0.0504156
-0.0649522
-0.0795425
-0.1067725
-0.1262744
-0.0645453
0.1593766
0.5427905
0.9510392
1.1813191
1.1033680
0.7569645
0.3175630
-0.0368196
-0.2371102
-0.3263711
-0.3782297
-0.4230969
-0.4428424
-0.4141241
-0.3418360
-0.2539488
-0.1769152
-0.1219816
-0.0885438
-0.0709621
-0.0607469
-0.0490935
-0.0333645
-0.0204011
-0.0193486
-0.0298082
-0.0393721
-0.0351768
-0.0175820
-0.0006435
0.0018019
-0.0099896
-0.0220246
-0.0202275
-0.0033074
0.0171549
0.0279387
0.0251607
0.0155646
0.0087688
0.0086989
0.0116107
0.0111911
0.0050209
-0.0035139
-0.0085820
-0.0063685
0.0033451
0.0185309
0.0366601
0.0554002
0.0729750
0.0889593
0.1046533
0.1216927
0.1395242
0.1546514
0.1636877
0.1679365
0.1741161
0.1888267
0.2114853
0.2334953
0.2456395
0.2467443
0.2447298
0.2488187
0.2607504
0.2736381
0.2790313
0.2746082
0.2651474
0.2569773
0.2521695
0.2473893
0.2369037
0.2166052
0.1870287
0.1541272
0.1261593
0.1071980
0.0926067
0.0726226
0.0426669
0.0101719
-0.0107997
-0.0132459
-0.0051008
-0.0021859
-0.0131988
-0.0327001
-0.0490186
-0.0571948
-0.0623285
-0.0710323
-0.0823745
-0.0886156
-0.0834710
-0.0679372
-0.0485973
-0.0322598
-0.0227699
-0.0209968
-0.0254239
-0.0323391
-0.0372114
-0.0377153
-0.0356471
-0.0350052
-0.0376957
-0.0413861
-0.0416790
-0.0360370
-0.0256940
-0.0147038
-0.0076312
-0.0070598
-0.0117529
-0.0172117
-0.0194997
-0.0193212
-0.0213325
-0.0281184
-0.0352178
-0.0339718
-0.0205612
-0.0015473
0.0111448
0.0112591
0.0034215
-0.0030045
-0.0040313
-0.0037895
-0.0080643
-0.0173662
-0.0270928
-0.0327415
-0.0333973
-0.0312918
-0.0304004
-0.0355234
-0.0496298
-0.0693334
-0.0840161
-0.0833036
-0.0678132
-0.0509439
-0.0468434
-0.0558835
-0.0642483
-0.0593643
-0.0440754
-0.0331980
-0.0367099
-0.0493386
-0.0578345
-0.0559877
-0.0497467
-0.0484488
-0.0544733
-0.0629403
-0.0689095
-0.0714500
-0.0710346
-0.0669859
-0.0601241
-0.0556423
-0.0590091
-0.0682596
-0.0739516
-0.0696252
-0.0605242
-0.0582219
-0.0662651
-0.0746742
-0.0711376
-0.0556751
-0.0406074
-0.0359984
-0.0390762
-0.0404979
-0.0379303
-0.0384043
-0.0478622
-0.0651481
-0.0894662
-0.1246903
-0.1610997
-0.1492707
-0.0103396
0.2984482
0.7109958
1.0533256
1.1447889
0.9270763
0.5086338
0.0823703
-0.2101134
-0.3508727
-0.4075253
-0.4434744
-0.4681982
-0.4583154
-0.4040143
-0.3246825
-0.2474792
-0.1845810
-0.1349507
-0.0994278
-0.0842310
-0.0894369
-0.1016825
-0.1040107
-0.0917084
-0.0746934
-0.0644573
-0.0622873
-0.0615846
-0.0582415
-0.0548513
-0.0553455
-0.0593593
-0.0637406
-0.0673298
-0.0711493
-0.0740502
-0.0714760
-0.0610654
-0.0483597
-0.0436469
-0.0514588
-0.0645794
-0.0705304
-0.0641182
-0.0523076
-0.0463492
-0.0500021
-0.0559197
-0.0527502
-0.0350337
-0.0068490
0.0226734
0.0466813
0.0644217
0.0795710
0.0958035
0.1135116
0.1297476
0.1410476
0.1469687
0.1512917
0.1592636
0.1730132
0.1896783
0.2042613
0.2141161
0.2203668
0.2252804
0.2289643
0.2289140
0.2224688
0.2093380
0.1918181
0.1730670
0.1554380
0.1397186
0.1245073
0.1059374
0.0797907
0.0461010
0.0115696
-0.0149592
-0.0310634
-0.0437639
-0.0619447
-0.0854894
-0.1038311
-0.1070106
-0.0977260
-0.0904412
-0.0974706
-0.1169290
-0.1358309
-0.1445593
-0.1462506
-0.1512678
-0.1642936
-0.1787847
-0.1836650
-0.1738292
-0.1541116
-0.1347780
-0.1240555
-0.1235456
-0.1285642
-0.1322115
-0.1304311
-0.1247712
-0.1204991
-0.1210569
-0.1238116
-0.1220676
-0.1123426
-0.0993886
-0.0926880
-0.0972778
-0.1084957
-0.1162847
-0.1145213
-0.1059913
-0.0986853
-0.0977305
-0.1008760
-0.1014127
-0.0951248
-0.0842542
-0.0749312
-0.0713123
-0.0724441
-0.0741880
-0.0733732
-0.0701738
-0.0672764
-0.0671224
-0.0695380
-0.0716356
-0.0702599
-0.0651494
-0.0601003
-0.0607638
-0.0703621
-0.0866523
-0.1031112
-0.1139097
-0.1182367
-0.1196013
-0.1209605
-0.1211701
-0.1165179
-0.1052510
-0.0902780
-0.0778418
-0.0736198
-0.0789549
-0.0895674
-0.0981221
-0.0996153
-0.0954985
-0.0923553
-0.0954554
-0.1029660
-0.1070160
-0.1014423
-0.0885788
-0.0774911
-0.0750794
-0.0797554
-0.0845032
-0.0850542
-0.0834504
-0.0838900
-0.0870670
-0.0895757
-0.0877785
-0.0810720
-0.0719541
-0.0642459
-0.0610769
-0.0626743
-0.0648519
-0.0612034
-0.0497538
-0.0378021
-0.0365628
-0.0480791
-0.0607448
-0.0646965
-0.0716364
-0.1069397
-0.1668740
-0.1831824
-0.0510838
0.2784104
0.7186941
1.0693960
1.1448844
0.9084237
0.4940990
0.0979085
-0.1610820
-0.2900755
-0.3599778
-0.4144308
-0.4414122
-0.4150783
-0.3428393
-0.2637256
-0.2098050
-0.1808480
-0.1574506
-0.1299146
-0.1073926
-0.1017111
-0.1104498
-0.1195343
-0.1188221
-0.1107160
-0.1040970
-0.1034420
-0.1050578
-0.1018683
-0.0903113
-0.0735315
-0.0592676
-0.0542163
-0.0588325
-0.0667716
-0.0700244
-0.0657590
-0.0585816
-0.0555514
-0.0584861
-0.0617090
-0.0582594
-0.0480206
-0.0383445
-0.0360310
-0.0396108
-0.0406228
-0.0324051
-0.0167537
-0.0013058
0.0095436
0.0202444
0.0393892
0.0690363
0.1001381
0.1205164
0.1274698
0.1307382
0.1419168
0.1618949
0.1802004
0.1867793
0.1831913
0.1812440
0.1909008
0.2106631
0.2303004
0.2417677
0.2456127
0.2468147
0.2468692
0.2420055
0.2284395
0.2073533
0.1842096
0.1641462
0.1483328
0.1338271
0.1161613
0.0925290
0.0637271
0.0339153
0.0081728
-0.0111164
-0.0265014
-0.0434235
-0.0644037
-0.0850822
-0.0974985
-0.0982964
-0.0930580
-0.0915945
-0.0989860
-0.1116032
-0.1216716
-0.1251347
-0.1247160
-0.1254016
-0.1277161
-0.1267743
-0.1185670
-0.1060468
-0.0973066
-0.0975161
-0.1037693
-0.1084710
-0.1072377
-0.1028894
-0.1017654
-0.1064373
-0.1123345
-0.1118659
-0.1019549
-0.0872840
-0.0761707
-0.0736075
-0.0779650
-0.0832902
-0.0844273
-0.0810607
-0.0777080
-0.0790530
-0.0842765
-0.0865077
-0.0792491
-0.0637586
-0.0493183
-0.0453167
-0.0526324
-0.0629316
-0.0669929
-0.0639092
-0.0612927
-0.0657552
-0.0743347
-0.0773851
-0.0702120
-0.0598713
-0.0587641
-0.0717743
-0.0908484
-0.1026778
-0.1013534
-0.0928919
-0.0871631
-0.0863374
-0.0830199
-0.0702088
-0.0511925
-0.0375576
-0.0377241
-0.0490716
-0.0615564
-0.0677207
-0.0684719
-0.0698741
-0.0754295
-0.0821275
-0.0841500
-0.0798731
-0.0742168
-0.0737697
-0.0802195
-0.0889329
-0.0935299
-0.0916761
-0.0868901
-0.0846887
-0.0863918
-0.0871593
-0.0815385
-0.0709173
-0.0634170
-0.0651159
-0.0727382
-0.0770122
-0.0732140
-0.0666992
-0.0668109
-0.0756663
-0.0844676
-0.0822525
-0.0679635
-0.0520860
-0.0457519
-0.0500745
-0.0575958
-0.0621427
-0.0640642
-0.0661397
-0.0678704
-0.0656190
-0.0566775
-0.0414098
-0.0223441
-0.0032031
0.0112250
0.0168096
0.0137671
0.0070606
-0.0008889
-0.0176693
-0.0519652
-0.0860179
-0.0582393
0.1077039
0.4324549
0.8290221
1.1306137
1.1921574
0.9868960
0.6178259
0.2378777
-0.0491436
-0.2270504
-0.3305303
-0.3871950
-0.3972472
-0.3560230
-0.2790959
-0.1984801
-0.1390830
-0.1044672
-0.0842043
-0.0699225
-0.0619731
-0.0628978
-0.0687162
-0.0697331
-0.0600673
-0.0441772
-0.0324668
-0.0313846
-0.0388551
-0.0479858
-0.0533188
-0.0541341
-0.0535975
-0.0547190
-0.0559734
-0.0512151
-0.0352058
-0.0093685
0.0184057
0.0394050
0.0497788
0.0522967
0.0534907
0.0579808
0.0646439
0.0689796
0.0693566
0.0695727
0.0750457
0.0881446
0.1074351
0.1290885
0.1479735
0.1597461
0.1642233
0.1662848
0.1722208
0.1848758
0.2017413
0.2168848
0.2255661
0.2287373
0.2328153
0.2436670
0.2612685
0.2811031
0.2987619
0.3109412
0.3144729
0.3090016
0.3002716
0.2960333
0.2967168
0.2927547
0.2735151
0.2387714
0.2005894
0.1729586
0.1582522
0.1445155
0.1187416
0.0826458
0.0512627
0.0350074
0.0282898
0.0188625
0.0034442
-0.0111030
-0.0191749
-0.0231810
-0.0288798
-0.0375388
-0.0439415
-0.0420843
-0.0335256
-0.0285420
-0.0355505
-0.0503476
-0.0606458
-0.0607871
-0.0560921
-0.0527759
-0.0509933
-0.0494190
-0.0491740
-0.0501728
-0.0496621
-0.0467321
-0.0427336
-0.0367166
-0.0276126
-0.0207084
-0.0224756
-0.0286540
-0.0289642
-0.0249279
-0.0290783
-0.0428528
