-0.0441016
-0.0348855
-0.0524614
-0.0683885
-0.0723758
-0.0739763
-0.0749941
-0.0671064
-0.0530237
-0.0471358
-0.0543202
-0.0646758
-0.0693742
-0.0682581
-0.0632076
-0.0569365
-0.0569165
-0.0680807
-0.0821956
-0.0852651
-0.0749568
-0.0614456
-0.0525080
-0.0473517
-0.0444308
-0.0458398
-0.0522574
-0.0598329
-0.0638375
-0.0626049
-0.0586903
-0.0580104
-0.0650255
-0.0768295
-0.0856804
-0.0885845
-0.0892225
-0.0903925
-0.0937713
-0.1079702
-0.1384649
-0.1525981
-0.0653850
0.2062476
0.6475723
1.1025839
1.3487512
1.2483342
0.8520001
0.3601592
-0.0272289
-0.2387614
-0.3322276
-0.3939516
-0.4527868
-0.4817016
-0.4538955
-0.3787458
-0.2900455
-0.2156653
-0.1633883
-0.1283118
-0.1054090
-0.0929753
-0.0881435
-0.0852020
-0.0805839
-0.0763395
-0.0759181
-0.0787110
-0.0813392
-0.0821159
-0.0814710
-0.0801896
-0.0801336
-0.0841313
-0.0913797
-0.0951671
-0.0899902
-0.0804258
-0.0783972
-0.0902342
-0.1087287
-0.1191283
-0.1121746
-0.0913165
-0.0682496
-0.0520728
-0.0431453
-0.0369991
-0.0312708
-0.0257687
-0.0175927
-0.0015385
0.0230477
0.0493246
0.0690383
0.0798414
0.0859031
0.0937126
0.1080799
0.1292852
0.1521086
0.1694887
0.1792590
0.1866920
0.1991933
0.2187414
0.2400865
0.2561738
0.2649285
0.2700771
0.2747225
0.2755563
0.2664844
0.2480398
0.2287577
0.2144792
0.1999689
0.1758910
0.1425527
0.1114093
0.0917558
0.0796635
0.0626427
0.0338343
-0.0006828
-0.0288165
-0.0450875
-0.0548815
-0.0664573
-0.0811744
-0.0934534
-0.0985057
-0.0966596
-0.0903449
-0.0806754
-0.0686734
-0.0573964
-0.0507687
-0.0510820
-0.0580215
-0.0683992
-0.0763453
-0.0764168
-0.0688301
-0.0605961
-0.0591033
-0.0639096
-0.0659616
-0.0562876
-0.0360671
-0.0172548
-0.0115779
-0.0187863
-0.0275844
-0.0285459
-0.0234074
-0.0199496
-0.0206994
-0.0207145
-0.0158752
-0.0091581
-0.0067099
-0.0095772
-0.0117248
-0.0068492
0.0035653
0.0102513
0.0052664
-0.0093695
-0.0238157
-0.0315186
-0.0363704
-0.0474639
-0.0675779
-0.0881303
-0.0956185
-0.0831265
-0.0564748
-0.0297250
-0.0142853
-0.0117937
-0.0165309
-0.0224491
-0.0264602
-0.0273339
-0.0256072
-0.0250559
-0.0304034
-0.0408903
-0.0479241
-0.0423784
-0.0249641
-0.0076954
-0.0034234
-0.0135812
-0.0269781
-0.0312391
-0.0248061
-0.0168653
-0.0166598
-0.0252701
-0.0375171
-0.0480359
-0.0532384
-0.0504759
-0.0399353
-0.0275804
-0.0225947
-0.0295325
-0.0435805
-0.0546485
-0.0562320
-0.0504176
-0.0450691
-0.0468419
-0.0565641
-0.0698883
-0.0809214
-0.0856845
-0.0845997
-0.0830051
-0.0869858
-0.0958329
-0.0998642
-0.0896449
-0.0680284
-0.0495757
-0.0464627
-0.0584208
-0.0792482
-0.1076856
-0.1400331
-0.1454407
-0.0576098
0.1857734
0.5728053
0.9815643
1.2317309
1.1999204
0.9061631
0.4952210
0.1295720
-0.1115934
-0.2480068
-0.3355609
-0.3991628
-0.4220649
-0.3849255
-0.3008279
-0.2090415
-0.1418976
-0.1047060
-0.0853423
-0.0741685
-0.0702158
-0.0736309
-0.0804949
-0.0867308
-0.0924834
-0.0993356
-0.1050139
-0.1043839
-0.0963539
-0.0872997
-0.0853795
-0.0920256
-0.1011224
-0.1065158
-0.1075750
-0.1061012
-0.1009210
-0.0894680
-0.0739904
-0.0618545
-0.0576711
-0.0572715
-0.0516449
-0.0360718
-0.0139927
0.0071810
0.0220537
0.0292836
0.0305789
0.0301244
0.0339703
0.0462425
0.0638340
0.0772058
0.0803162
0.0797180
0.0897961
0.1167353
0.1497406
0.1712757
0.1751584
0.1718037
0.1758313
0.1915016
0.2114468
0.2269370
0.2360716
0.2420179
0.2466356
0.2487013
0.2475568
0.2451312
0.2426931
0.2375042
0.2250879
0.2043580
0.1786076
0.1515822
0.1243695
0.0961935
0.0663034
0.0345833
0.0024398
-0.0253988
-0.0416093
-0.0416713
-0.0294319
-0.0159067
-0.0109542
-0.0157793
-0.0239882
-0.0295917
-0.0326070
-0.0364763
-0.0422447
-0.0479667
-0.0531037
-0.0596848
-0.0673293
-0.0701192
-0.0623498
-0.0473292
-0.0371345
-0.0414815
-0.0575850
-0.0724908
-0.0755519
-0.0678819
-0.0594787
-0.0582047
-0.0628219
-0.0663947
-0.0642604
-0.0570727
-0.0474148
-0.0364567
-0.0250389
-0.0161669
-0.0139782
-0.0194007
-0.0275317
-0.0307348
-0.0258346
-0.0186350
-0.0198279
-0.0344863
-0.0553770
-0.0679583
-0.0628500
-0.0434185
-0.0216578
-0.0078121
-0.0040525
-0.0062565
-0.0094327
-0.0107698
-0.0093867
-0.0060320
-0.0039443
-0.0077118
-0.0183474
-0.0296333
-0.0323858
-0.0241995
-0.0134312
-0.0112835
-0.0201792
-0.0317701
-0.0368074
-0.0354333
-0.0364096
-0.0465678
-0.0624749
-0.0735398
-0.0729779
-0.0643688
-0.0568403
-0.0551434
-0.0562766
-0.0555624
-0.0534983
-0.0546091
-0.0602191
-0.0649071
-0.0620866
-0.0527720
-0.0464451
-0.0511641
-0.0635747
-0.0716270
-0.0682910
-0.0599929
-0.0588002
-0.0677762
-0.0779789
-0.0803978
-0.0765505
-0.0739337
-0.0737532
-0.0692409
-0.0577880
-0.0490062
-0.0539168
-0.0668351
-0.0661670
-0.0390274
-0.0011649
0.0156098
-0.0037090
-0.0447139
-0.0863406
-0.1241321
-0.1539848
-0.1319606
0.0262947
0.3740460
0.8455127
1.2506307
1.3862946
1.1807110
0.7435746
0.2778508
-0.0637226
-0.2532767
-0.3495227
-0.4103812
-0.4463653
-0.4401848
-0.3878208
-0.3110291
-0.2375581
-0.1804913
-0.1385868
-0.1090792
-0.0933198
-0.0911668
-0.0961740
-0.0999331
-0.0997144
-0.0996292
-0.1047875
-0.1156606
-0.1274252
-0.1330991
-0.1275996
-0.1109708
-0.0890683
-0.0704388
-0.0610594
-0.0610310
-0.0656483
-0.0692708
-0.0686649
-0.0641172
-0.0587679
-0.0568232
-0.0605644
-0.0671087
-0.0683504
-0.0567626
-0.0334299
-0.0094337
0.0034129
0.0043023
0.0047310
0.0169566
0.0415573
0.0672253
0.0826568
0.0878880
0.0937310
0.1105894
0.1384061
0.1675371
0.1885848
0.2003753
0.2086170
0.2186201
0.2308211
0.2426366
0.2523777
0.2600720
0.2654315
0.2669716
0.2639882
0.2583128
0.2521677
0.2437487
0.2269144
0.1978601
0.1622417
0.1330937
0.1194392
0.1172464
0.1131103
0.0972030
0.0720164
0.0485895
0.0353480
0.0311564
0.0281000
0.0192597
0.0034645
-0.0156148
-0.0327073
-0.0434140
-0.0462766
-0.0446569
-0.0455957
-0.0540462
-0.0671741
-0.0757713
-0.0728299
-0.0607461
-0.0494752
-0.0475000
-0.0546242
-0.0631103
-0.0653007
-0.0603122
-0.0541646
-0.0540397
-0.0620709
-0.0735568
-0.0805008
-0.0776499
-0.0666201
-0.0546916
-0.0487882
-0.0499007
-0.0534859
-0.0552579
-0.0557711
-0.0588664
-0.0663970
-0.0754171
-0.0803594
-0.0772681
-0.0661523
-0.0504150
-0.0347722
-0.0231613
-0.0172163
-0.0156981
-0.0156390
-0.0151704
-0.0156940
-0.0202935
-0.0289511
-0.0360410
-0.0346259
-0.0243548
-0.0140541
-0.0144729
-0.0274063
-0.0426180
-0.0470397
-0.0379366
-0.0263615
-0.0262356
-0.0397611
-0.0548216
-0.0575250
-0.0462626
-0.0321759
-0.0266320
-0.0304115
-0.0356925
-0.0364477
-0.0344964
-0.0355645
-0.0418831
-0.0504087
-0.0572582
-0.0613661
-0.0630980
-0.0616269
-0.0563555
-0.0506084
-0.0510747
-0.0616602
-0.0785283
-0.0926371
-0.0974618
-0.0939020
-0.0879387
-0.0842023
-0.0819405
-0.0768157
-0.0663751
-0.0537790
-0.0459419
-0.0474586
-0.0560114
-0.0640854
-0.0659010
-0.0628561
-0.0615118
-0.0657538
-0.0717727
-0.0721359
-0.0646547
-0.0554211
-0.0521617
-0.0560399
-0.0616430
-0.0640989
-0.0637593
-0.0635507
-0.0643300
-0.0650595
-0.0664099
-0.0710270
-0.0788749
-0.0842610
-0.0803399
-0.0671836
-0.0535556
-0.0489963
-0.0543215
-0.0608167
-0.0586952
-0.0458761
-0.0292572
-0.0189775
-0.0218044
-0.0389317
-0.0686795
-0.1088748
-0.1513819
-0.1686952
-0.1078113
0.0878555
0.4287961
0.8381191
1.1660968
1.2694408
1.1028761
0.7482887
0.3548474
0.0410525
-0.1601532
-0.2794109
-0.3517913
-0.3838282
-0.3676252
-0.3097968
-0.2368145
-0.1750475
-0.1331686
-0.1054100
-0.0858612
-0.0741935
-0.0696767
-0.0670236
-0.0622346
-0.0592847
-0.0652950
-0.0781680
-0.0836796
-0.0691285
-0.0391513
-0.0141799
-0.0111852
-0.0271570
-0.0432529
-0.0446182
-0.0340171
-0.0254697
-0.0270913
-0.0335633
-0.0356799
-0.0334399
-0.0356791
-0.0469465
-0.0587827
-0.0572736
-0.0385565
-0.0138348
0.0024023
0.0075699
0.0123065
0.0269876
0.0497117
0.0697129
0.0811445
0.0897186
0.1041893
0.1241256
0.1400808
0.1461960
0.1490242
0.1606607
0.1838434
0.2071992
0.2171417
0.2129898
0.2077387
0.2137792
0.2304836
0.2475330
0.2581855
0.2651990
0.2729750
0.2779511
0.2711666
0.2502716
0.2251505
0.2087178
0.2028214
0.1956565
0.1739701
0.1366105
0.0951139
0.0620455
0.0404987
0.0246670
0.0079974
-0.0112435
-0.0312711
-0.0505792
-0.0688913
-0.0852758
-0.0970280
-0.1013585
-0.0983594
-0.0920277
-0.0875808
-0.0869199
-0.0868339
-0.0827567
-0.0749540
-0.0700895
-0.0749456
-0.0879156
-0.0979423
-0.0938485
-0.0755834
-0.0555890
-0.0481390
-0.0570556
-0.0735709
-0.0851008
-0.0854218
-0.0777637
-0.0706233
-0.0711366
-0.0800148
-0.0904188
-0.0924035
-0.0812830
-0.0631083
-0.0506720
-0.0521856
-0.0634893
-0.0722165
-0.0699264
-0.0595956
-0.0512245
-0.0514416
-0.0584981
-0.0662917
-0.0707351
-0.0714021
-0.0692125
-0.0651565
-0.0611114
-0.0594233
-0.0601808
-0.0599193
-0.0547969
-0.0453811
-0.0371570
-0.0352243
-0.0385174
-0.0401861
-0.0345341
-0.0235647
-0.0158415
-0.0181204
-0.0281992
-0.0368342
-0.0373257
-0.0328808
-0.0334346
-0.0444823
-0.0597098
-0.0662787
-0.0582312
-0.0437817
-0.0380506
-0.0486123
-0.0690355
-0.0862612
-0.0926490
-0.0903887
-0.0864507
-0.0858713
-0.0894569
-0.0946855
-0.0968229
-0.0912329
-0.0782680
-0.0663551
-0.0668646
-0.0835120
-0.1090861
-0.1357073
-0.1644333
-0.1935825
-0.1906588
-0.0855441
0.1840481
0.5983423
1.0239081
1.2748521
1.2332480
0.9306404
0.5191741
0.1589804
-0.0789200
-0.2192727
-0.3151757
-0.3851424
-0.4097456
-0.3720867
-0.2879622
-0.1965996
-0.1301364
-0.0958008
-0.0823533
-0.0764385
-0.0719566
-0.0694380
-0.0715633
-0.0791433
-0.0885402
-0.0924606
-0.0856641
-0.0713634
-0.0603415
-0.0613854
-0.0725725
-0.0836297
-0.0872448
-0.0866013
-0.0908403
-0.1040479
-0.1199991
-0.1276035
-0.1206327
-0.1023090
-0.0818234
-0.0672911
-0.0611268
-0.0601622
-0.0589547
-0.0534610
-0.0428657
-0.0287068
-0.0123383
0.0066422
0.0291479
0.0538932
0.0767262
0.0935601
0.1042873
0.1135222
0.1269236
0.1461475
0.1670429
0.1831238
0.1916164
0.1965303
0.2054209
0.2224923
0.2445822
0.2638844
0.2745684
0.2768671
0.2752389
0.2731402
0.2696312
0.2605290
0.2424336
0.2159218
0.1855548
0.1569628
0.1330531
0.1119711
0.0887765
0.0602817
0.0291033
0.0024600
-0.0141190
-0.0222347
-0.0292709
-0.0411399
-0.0564000
-0.0678452
-0.0700862
-0.0655492
-0.0627416
-0.0681605
-0.0797203
-0.0886001
-0.0882411
-0.0815447
-0.0783874
-0.0852950
-0.0978547
-0.1044205
-0.0979694
-0.0837378
-0.0741632
-0.0763382
-0.0855470
-0.0915594
-0.0899130
-0.0853761
-0.0847469
-0.0884831
-0.0907115
-0.0863118
-0.0761488
-0.0653686
-0.0583158
-0.0561046
-0.0578673
-0.0622447
-0.0672423
-0.0704531
-0.0712708
-0.0725356
-0.0779796
-0.0869394
-0.0927776
-0.0885321
-0.0746547
-0.0599192
-0.0534126
-0.0557366
-0.0591424
-0.0567517
-0.0506902
-0.0497207
-0.0586455
-0.0715041
-0.0768908
-0.0700247
-0.0581341
-0.0529888
-0.0588470
-0.0689399
-0.0736132
-0.0704819
-0.0658415
-0.0671039
-0.0752689
-0.0847222
-0.0888818
-0.0852026
-0.0759522
-0.0661703
-0.0610674
-0.0632440
-0.0704319
-0.0764041
-0.0761209
-0.0708341
-0.0670040
-0.0690616
-0.0738638
-0.0738264
-0.0658879
-0.0561081
-0.0541731
-0.0636277
-0.0786742
-0.0907520
-0.0969119
-0.1006639
-0.1056867
-0.1110043
-0.1128643
-0.1091151
-0.0996617
-0.0840115
-0.0621140
-0.0389306
-0.0248080
-0.0272647
-0.0431785
-0.0637306
-0.0874449
-0.1190711
-0.1437329
-0.1030314
0.0828841
0.4418769
0.8850583
1.2270424
1.2988496
1.0671050
0.6547951
0.2447991
-0.0458394
-0.2139777
-0.3178329
-0.3954832
-0.4362236
-0.4155685
-0.3389256
-0.2443616
-0.1700571
-0.1275834
-0.1054992
-0.0903324
-0.0791796
-0.0758131
-0.0815084
-0.0919458
-0.1002840
-0.1010951
-0.0930021
-0.0802624
-0.0715125
-0.0738415
-0.0859351
-0.0980769
-0.1011890
-0.0963614
-0.0939596
-0.1022215
-0.1174285
-0.1266013
-0.1199910
-0.1000711
-0.0780598
-0.0626764
-0.0533290
-0.0437629
-0.0304459
-0.0159034
-0.0042774
0.0046082
0.0156186
0.0331729
0.0566234
0.0807857
0.1005063
0.1147541
0.1270141
0.1420339
0.1614567
0.1817994
0.1970801
0.2047346
0.2095426
0.2207247
0.2436028
0.2736431
0.2995374
0.3129791
0.3153450
0.3144959
0.3155687
0.3158858
0.3089413
0.2922659
0.2704681
0.2507756
0.2361238
0.2223830
0.2018700
0.1701496
0.1308279
0.0941738
0.0696375
0.0578435
0.0496491
0.0344628
0.0106551
-0.0125354
-0.0242468
-0.0231125
-0.0185768
-0.0213218
-0.0334359
-0.0483726
-0.0592155
-0.0653051
-0.0708865
-0.0790357
-0.0880587
-0.0931662
-0.0906141
-0.0805202
-0.0668289
-0.0547465
-0.0470961
-0.0423662
-0.0369106
-0.0298428
-0.0250131
-0.0264167
-0.0313705
-0.0304457
-0.0166797
0.0051564
0.0208511
0.0201948
0.0076946
-0.0016821
0.0021224
0.0140831
0.0198787
0.0111679
-0.0058168
-0.0166726
-0.0126815
0.0020952
0.0163299
0.0223422
0.0212438
0.0188072
0.0181862
0.0172934
0.0123315
0.0026179
-0.0083360
-0.0158770
-0.0179439
-0.0162607
-0.0145513
-0.0155270
-0.0188534
-0.0216541
-0.0216697
-0.0208401
-0.0254537
-0.0409832
-0.0651751
-0.0865246
-0.0915915
-0.0759010
-0.0484575
-0.0251235
-0.0165526
-0.0213653
-0.0298899
-0.0338814
-0.0329562
-0.0326935
-0.0374447
-0.0452241
-0.0494400
-0.0456551
-0.0368488
-0.0317900
-0.0373736
-0.0518262
-0.0655922
-0.0697267
-0.0640685
-0.0571701
-0.0578076
-0.0662344
-0.0737863
-0.0714796
-0.0594702
-0.0479034
-0.0473817
-0.0576824
-0.0666348
-0.0622135
-0.0464414
-0.0350244
-0.0405948
-0.0579617
-0.0714899
-0.0788162
-0.0982255
-0.1374943
-0.1502004
-0.0390063
0.2677081
0.7208810
1.1359160
1.2987310
1.1176860
0.6902629
0.2241270
-0.1149912
-0.2949055
-0.3837220
-0.4493400
-0.4980456
-0.4965846
-0.4304154
-0.3276157
-0.2319803
-0.1661001
-0.1245412
-0.0942421
-0.0718189
-0.0612617
-0.0629573
-0.0707334
-0.0779269
-0.0821094
-0.0836859
-0.0832866
-0.0821086
-0.0823383
-0.0844097
-0.0845749
-0.0781376
-0.0659921
-0.0556828
-0.0538421
-0.0584252
-0.0608023
-0.0559120
-0.0481416
-0.0454378
-0.0487758
-0.0500484
-0.0411099
-0.0231241
-0.0052997
0.0049385
0.0086677
0.0122606
0.0195389
0.0288245
0.0370045
0.0442692
0.0538078
0.0678828
0.0854450
0.1032569
0.1182298
0.1288993
0.1364439
0.1453464
0.1615920
0.1875709
0.2180168
0.2430074
0.2572591
0.2662240
0.2807125
0.3041741
0.3266242
0.3333869
0.3201779
0.2977548
0.2803118
0.2703442
0.2571765
0.2308540
0.1952887
0.1652976
0.1507557
0.1458989
0.1357949
0.1124786
0.0828063
0.0600474
0.0493578
0.0430674
0.0299033
0.0072678
-0.0162691
-0.0296779
-0.0296595
-0.0227760
-0.0190298
-0.0238463
-0.0351314
-0.0466145
-0.0538070
-0.0575888
-0.0625924
-0.0718562
-0.0829282
-0.0899052
-0.0899408
-0.0870698
-0.0881368
-0.0946882
-0.1005331
-0.0987777
-0.0902255
-0.0822909
-0.0791733
-0.0760055
-0.0654158
-0.0484043
-0.0345537
-0.0302214
-0.0302041
-0.0245858
-0.0117512
0.0001835
0.0040784
-0.0015207
-0.0214011
-0.0658888
-0.1250322
-0.1356286
0.0039023
0.3499346
0.8244465
1.2204784
1.3288471
1.0896531
0.6332732
0.1741827
-0.1411753
-0.2988621
-0.3616583
-0.3779793
-0.3513176
-0.2773028
-0.1810487
-0.1057228
-0.0738571
-0.0730010
-0.0790930
-0.0834325
-0.0919813
-0.1062387
-0.1159379
-0.1122904
-0.1010332
-0.0964893
-0.1045871
-0.1167101
-0.1209764
-0.1157265
-0.1094232
-0.1094703
-0.1146516
-0.1186426
-0.1178389
-0.1137916
-0.1094840
-0.1057089
-0.1011497
-0.0939565
-0.0823107
-0.0651043
-0.0440845
-0.0248893
-0.0133963
-0.0093532
-0.0046989
0.0093710
0.0327390
0.0551077
0.0660530
0.0661790
0.0667031
0.0772878
0.0956245
0.1107558
0.1164147
0.1188815
0.1300358
0.1534557
0.1796181
0.1959000
0.2001378
0.2025058
0.2138208
0.2335345
0.2504635
0.2546798
0.2471080
0.2370859
0.2318579
0.2297314
0.2230823
0.2065171
0.1814288
0.1535812
0.1276413
0.1042263
0.0811794
0.0567905
0.0319713
0.0099858
-0.0059340
-0.0154052
-0.0216719
-0.0289939
-0.0385615
-0.0470895
-0.0500211
-0.0462622
-0.0394382
-0.0344673
-0.0333279
-0.0342534
-0.0343193
-0.0320477
-0.0278220
-0.0230204
-0.0195032
-0.0192674
-0.0232772
-0.0302002
-0.0370718
-0.0419592
-0.0456975
-0.0502670
-0.0554969
-0.0582545
-0.0555521
-0.0482826
-0.0413598
-0.0398540
-0.0447565
-0.0522337
-0.0570299
-0.0571621
-0.0558508
-0.0586381
-0.0677778
-0.0790384
-0.0846006
-0.0800405
-0.0687485
-0.0590402
-0.0566262
-0.0602217
-0.0647248
-0.0679541
-0.0731167
-0.0844275
-0.1011595
-0.1166859
-0.1231528
-0.1169626
-0.1007387
-0.0814127
-0.0664483
-0.0601170
-0.0614663
-0.0654853
-0.0672352
-0.0657950
-0.0643029
-0.0659752
-0.0703131
-0.0735980
-0.0729609
-0.0693844
-0.0665349
-0.0671598
-0.0709548
-0.0754114
-0.0780380
-0.0780595
-0.0770283
-0.0780803
-0.0834344
-0.0913063
-0.0955344
-0.0900854
-0.0755865
-0.0611988
-0.0580352
-0.0687506
-0.0835495
-0.0882904
-0.0782278
-0.0634468
-0.0589449
-0.0684824
-0.0795696
-0.0762986
-0.0569635
-0.0368765
-0.0329756
-0.0482796
-0.0742013
-0.1044860
-0.1359997
-0.1472847
-0.0824425
0.1221396
0.4722363
0.8700269
1.1477066
1.1716228
0.9347815
0.5571957
0.1949471
-0.0605452
-0.2118938
-0.3077343
-0.3796161
-0.4224725
-0.4196795
-0.3714618
-0.2969244
-0.2178017
-0.1477854
-0.0948553
-0.0651432
-0.0596260
-0.0697529
-0.0815719
-0.0862078
-0.0852644
-0.0855845
-0.0903232
-0.0962428
-0.0983005
-0.0946265
-0.0870103
-0.0787132
-0.0730200
-0.0723441
-0.0763838
-0.0809555
-0.0805352
-0.0733842
-0.0637178
-0.0576500
-0.0567543
-0.0563310
-0.0505976
-0.0394637
-0.0297079
-0.0290221
-0.0383802
-0.0497435
-0.0514223
-0.0370633
-0.0111099
0.0142652
0.0292602
0.0353867
0.0444725
0.0673370
0.1024793
0.1364116
0.1558975
0.1598419
0.1590028
0.1647234
0.1788037
0.1939091
0.2021092
0.2020476
0.1990711
0.2004986
0.2107894
0.2286093
0.2461823
0.2525750
0.2412802
0.2167148
0.1917392
0.1760716
0.1666790
0.1512127
0.1217073
0.0836951
0.0506864
0.0305030
0.0186516
0.0049854
-0.0151644
-0.0376142
-0.0553821
-0.0656151
-0.0705163
-0.0740670
-0.0796194
-0.0891076
-0.1016896
-0.1128316
-0.1173090
-0.1149318
-0.1120033
-0.1148186
-0.1217164
-0.1236716
-0.1139372
-0.0959773
-0.0804015
-0.0744314
-0.0757596
-0.0766283
-0.0719759
-0.0625778
-0.0521586
-0.0441947
-0.0412947
-0.0444111
-0.0506105
-0.0536293
-0.0499031
-0.0440356
-0.0450969
-0.0556128
-0.0662073
-0.0642616
-0.0481002
-0.0301158
-0.0244070
-0.0327762
-0.0446931
-0.0499221
-0.0482331
-0.0462307
-0.0480682
-0.0524209
-0.0570552
-0.0619066
-0.0662095
-0.0662382
-0.0598516
-0.0524409
-0.0540604
-0.0685126
-0.0875710
-0.0990942
-0.1004511
-0.1008713
-0.1093406
-0.1227333
-0.1288272
-0.1204026
-0.1032494
-0.0893070
-0.0846044
-0.0862552
-0.0893698
-0.0927985
-0.0971706
-0.1008237
-0.1010479
-0.0984547
-0.0967041
-0.0968026
-0.0942494
-0.0845046
-0.0705287
-0.0618217
-0.0645955
-0.0746650
-0.0821134
-0.0823048
-0.0800241
-0.0824419
-0.0903269
-0.0979537
-0.1004316
-0.0986544
-0.0966501
-0.0961396
-0.0955319
-0.0937594
-0.0930688
-0.0967802
-0.1049306
-0.1136530
-0.1194821
-0.1233549
-0.1290633
-0.1377182
-0.1452041
-0.1465470
-0.1424901
-0.1396670
-0.1424782
-0.1456292
-0.1378625
-0.1150811
-0.0879038
-0.0728628
-0.0765697
-0.0930060
-0.1169687
-0.1501474
-0.1797019
-0.1492815
0.0281246
0.3970334
0.8806455
1.2844104
1.4087572
1.1898150
0.7454300
0.2832046
-0.0463228
-0.2239090
-0.3164521
-0.3813321
-0.4199073
-0.4074611
-0.3436623
-0.2619265
-0.1971486
-0.1579198
-0.1329469
-0.1146476
-0.1070100
-0.1124966
-0.1214436
-0.1204086
-0.1076561
-0.0945490
-0.0915804
-0.0976759
-0.1049963
-0.1101345
-0.1160581
-0.1241293
-0.1294332
-0.1267104
-0.1181599
-0.1111661
-0.1080682
-0.1019878
-0.0856363
-0.0625897
-0.0459200
-0.0443256
-0.0519431
-0.0542386
-0.0433666
-0.0256292
-0.0134494
-0.0117220
-0.0132977
-0.0070972
0.0108235
0.0343254
0.0538199
0.0648073
0.0705465
0.0779475
0.0914790
0.1099655
0.1278648
0.1396777
0.1444462
0.1468567
0.1535414
0.1673687
0.1848407
0.1989938
0.2050174
0.2036081
0.1996186
0.1976655
0.1983677
0.1979429
0.1912796
0.1761918
0.1557661
0.1368530
0.1252603
0.1209244
0.1172539
0.1060151
0.0838923
0.0546483
0.0251213
-0.0002579
-0.0209238
-0.0376465
-0.0504351
-0.0592280
-0.0650948
-0.0693209
-0.0716795
-0.0711454
-0.0688624
-0.0689484
-0.0744649
-0.0827180
-0.0868516
-0.0837103
-0.0787372
-0.0803491
-0.0890739
-0.0948776
-0.0875322
-0.0688763
-0.0524731
-0.0503865
-0.0616240
-0.0746090
-0.0799442
-0.0788843
-0.0792761
-0.0854793
-0.0942257
-0.0994891
-0.0988467
-0.0943406
-0.0892759
-0.0861000
-0.0861578
-0.0886835
-0.0895544
-0.0836179
-0.0704624
-0.0570161
-0.0518166
-0.0555783
-0.0588387
-0.0509308
-0.0316106
-0.0125437
-0.0063532
-0.0145978
-0.0270927
-0.0323914
-0.0279321
-0.0204928
-0.0185556
-0.0247950
-0.0343802
-0.0390262
-0.0334594
-0.0200734
-0.0081243
-0.0070457
-0.0186202
-0.0349257
-0.0446112
-0.0423913
-0.0332414
-0.0274922
-0.0315364
-0.0427092
-0.0524391
-0.0540774
-0.0485247
-0.0435637
-0.0476374
-0.0624402
-0.0802495
-0.0895866
-0.0855903
-0.0751530
-0.0703003
-0.0756240
-0.0832810
-0.0816602
-0.0685811
-0.0544393
-0.0517936
-0.0629114
-0.0785599
-0.0881955
-0.0893953
-0.0870337
-0.0857555
-0.0858332
-0.0855874
-0.0844839
-0.0822605
-0.0771951
-0.0681144
-0.0579698
-0.0528308
-0.0557615
-0.0626674
-0.0659474
-0.0625643
-0.0574003
-0.0578239
-0.0654449
-0.0741971
-0.0765719
-0.0709629
-0.0628220
-0.0595561
-0.0645359
-0.0746694
-0.0826120
-0.0824624
-0.0755528
-0.0709357
-0.0779559
-0.0964007
-0.1144564
-0.1182489
-0.1044439
-0.0832001
-0.0683967
-0.0653200
-0.0681999
-0.0688055
-0.0655708
-0.0636065
-0.0673504
-0.0752533
-0.0816615
-0.0822926
-0.0774474
-0.0713719
-0.0693712
-0.0740885
-0.0827556
-0.0885118
-0.0864636
-0.0792381
-0.0752023
-0.0797405
-0.0886918
-0.0920333
-0.0846640
-0.0722736
-0.0651454
-0.0668214
-0.0709963
-0.0700972
-0.0646150
-0.0617537
-0.0659264
-0.0736072
-0.0784335
-0.0789214
-0.0786563
-0.0796215
-0.0785756
-0.0721656
-0.0643391
-0.0651168
-0.0796253
-0.0994871
-0.1083636
-0.0977248
-0.0757246
-0.0585729
-0.0537626
-0.0540756
-0.0484294
-0.0357171
-0.0249834
-0.0227604
-0.0244010
-0.0206244
-0.0101713
-0.0010902
0.0011224
0.0012806
0.0062075
0.0124143
0.0094796
-0.0043081
-0.0189823
-0.0308786
-0.0526526
-0.0856727
-0.0771203
0.0729579
0.4258726
0.9059922
1.3011752
1.3954379
1.1316057
0.6551379
0.1961151
-0.0998146
-0.2406836
-0.3176502
-0.3904808
-0.4449120
-0.4403086
-0.3723659
-0.2807664
-0.2078026
-0.1642127
-0.1356827
-0.1105992
-0.0923969
-0.0881342
-0.0945484
-0.0994669
-0.0935023
-0.0770134
-0.0574495
-0.0432032
-0.0392415
-0.0445905
-0.0518846
-0.0513146
-0.0382099
-0.0178354
-0.0015841
0.0029234
-0.0017456
-0.0065033
-0.0054376
-0.0010085
0.0003769
-0.0034429
-0.0077462
-0.0058174
0.0048160
0.0208046
0.0361451
0.0464981
0.0517267
0.0555679
0.0626933
0.0749670
0.0897960
0.1023180
0.1100285
0.1158345
0.1261227
0.1447555
0.1685889
0.1895952
0.2019976
0.2071122
0.2110914
0.2186372
0.2294602
0.2402651
0.2492397
0.2585036
0.2725079
0.2937392
0.3191978
0.3408084
0.3499570
0.3429428
0.3233204
0.2993164
0.2779280
0.2600664
0.2411041
0.2168601
0.1892251
0.1650617
0.1489339
0.1374092
0.1215855
0.0959315
0.0645792
0.0381179
0.0233085
0.0161304
0.0062454
-0.0111193
-0.0290158
-0.0358925
-0.0283686
-0.0153853
-0.0095332
-0.0156559
-0.0285227
-0.0400978
-0.0470808
-0.0513604
-0.0553790
-0.0593178
-0.0625682
-0.0653904
-0.0673724
-0.0657458
-0.0580231
-0.0464413
-0.0370492
-0.0328530
-0.0298276
-0.0222265
-0.0111364
-0.0046930
-0.0083012
-0.0163454
-0.0163711
-0.0024183
0.0172639
0.0276260
0.0219849
0.0083782
0.0003403
0.0029684
0.0096122
0.0112222
0.0064440
0.0018571
0.0040419
0.0129027
0.0222894
0.0259021
0.0222499
0.0145730
0.0069736
0.0011832
-0.0034247
-0.0079529
-0.0127383
-0.0172508
-0.0204472
-0.0216393
-0.0218686
-0.0243231
-0.0324398
-0.0467590
-0.0633591
-0.0757651
-0.0795508
-0.0761238
-0.0715466
-0.0701578
-0.0691488
-0.0611486
-0.0434701
-0.0238051
-0.0146976
-0.0214928
-0.0364023
-0.0454788
-0.0418711
-0.0319107
-0.0277012
-0.0340923
-0.0440751
-0.0471870
-0.0408076
-0.0317814
-0.0280809
-0.0312080
-0.0368778
-0.0407362
-0.0417749
-0.0413338
-0.0409746
-0.0418521
-0.0446608
-0.0485584
-0.0503392
-0.0467460
-0.0391959
-0.0350129
-0.0410823
-0.0554385
-0.0675182
-0.0690189
-0.0637139
-0.0642491
-0.0786706
-0.1013246
-0.1177604
-0.1181223
-0.1053420
-0.0908153
-0.0832199
-0.0821850
-0.0819705
-0.0791443
-0.0753606
-0.0739680
-0.0762494
-0.0810983
-0.0861997
-0.0884282
-0.0848114
-0.0754094
-0.0653649
-0.0621453
-0.0687381
-0.0791999
-0.0826013
-0.0736307
-0.0596144
-0.0548346
-0.0659304
-0.0836622
-0.0911090
-0.0803563
-0.0600712
-0.0466129
-0.0487558
-0.0611368
-0.0711094
-0.0708393
-0.0632647
-0.0577573
-0.0609073
-0.0710836
-0.0805256
-0.0819648
-0.0743855
-0.0641275
-0.0602113
-0.0666444
-0.0783938
-0.0858404
-0.0836917
-0.0747230
-0.0649657
-0.0574089
-0.0516893
-0.0479364
-0.0477741
-0.0509856
-0.0535378
-0.0512411
-0.0453543
-0.0425440
-0.0476371
-0.0571966
-0.0625650
-0.0597785
-0.0542243
-0.0539060
-0.0599001
-0.0659061
-0.0662569
-0.0614156
-0.0554052
-0.0508849
-0.0484633
-0.0487062
-0.0517916
-0.0551514
-0.0542515
-0.0479150
-0.0418644
-0.0437700
-0.0532668
-0.0593844
-0.0515036
-0.0327918
-0.0192608
-0.0237113
-0.0426402
-0.0608556
-0.0673481
-0.0642137
-0.0608608
-0.0625861
-0.0661440
-0.0648821
-0.0561113
-0.0431603
-0.0317482
-0.0258583
-0.0265826
-0.0324769
-0.0396183
-0.0431130
-0.0412353
-0.0380313
-0.0396939
-0.0476143
-0.0562138
-0.0582922
-0.0519452
-0.0421511
-0.0362692
-0.0379312
-0.0444512
-0.0498729
-0.0507971
-0.0491113
-0.0489753
-0.0518989
-0.0552564
-0.0548322
-0.0482596
-0.0371402
-0.0270885
-0.0247778
-0.0325717
-0.0448696
-0.0507786
-0.0427649
-0.0246847
-0.0109658
-0.0151143
-0.0373477
-0.0655304
-0.0894291
-0.1075552
-0.1093951
-0.0506043
0.1360915
0.4795278
0.9061295
1.2465751
1.3323609
1.1132336
0.6949229
0.2617941
-0.0483124
-0.2115214
-0.2852236
-0.3279116
-0.3531536
-0.3447152
-0.2948209
-0.2198970
-0.1472462
-0.0960389
-0.0706730
-0.0648875
-0.0676195
-0.0676763
-0.0591415
-0.0457157
-0.0377848
-0.0415193
-0.0506966
-0.0523641
-0.0416643
-0.0282973
-0.0260693
-0.0374413
-0.0505285
-0.0510069
-0.0358984
-0.0162455
-0.0070715
-0.0138218
-0.0274186
-0.0327545
-0.0226328
-0.0035305
0.0117390
0.0162036
0.0143218
0.0171160
0.0317491
0.0545285
0.0741603
0.0830135
0.0847877
0.0896703
0.1025255
0.1180311
0.1277789
0.1303296
0.1332277
0.1455646
0.1686712
0.1938815
0.2101076
0.2142528
0.2135506
0.2173992
0.2282472
0.2409632
0.2489912
0.2496151
0.2452057
0.2417684
0.2452841
0.2568791
0.2711319
0.2801980
0.2798852
0.2717652
0.2601969
0.2474958
0.2311772
0.2062533
0.1718167
0.1351089
0.1068027
0.0915616
0.0846737
0.0778620
0.0663695
0.0505279
0.0333889
0.0181359
0.0059844
-0.0045436
-0.0152524
-0.0248932
-0.0294880
-0.0265557
-0.0184407
-0.0115719
-0.0123690
-0.0220244
-0.0341740
-0.0398828
-0.0371301
-0.0337306
-0.0384990
-0.0508817
-0.0616797
-0.0627941
-0.0540334
-0.0417670
-0.0336238
-0.0336981
-0.0401910
-0.0473404
-0.0507949
-0.0510969
-0.0519286
-0.0560442
-0.0625911
-0.0665371
-0.0615302
-0.0468416
-0.0316954
-0.0285069
-0.0398262
-0.0545702
-0.0585536
-0.0467936
-0.0256546
-0.0066151
0.0012816
-0.0029821
-0.0114765
-0.0135774
-0.0048921
0.0099071
0.0218448
0.0241035
0.0165159
0.0067705
0.0047405
0.0115664
0.0162837
0.0076891
-0.0119257
-0.0292335
-0.0346998
-0.0306284
-0.0256830
-0.0260959
-0.0323177
-0.0408723
-0.0485789
-0.0551425
-0.0601827
-0.0594789
-0.0502357
-0.0404055
-0.0439123
-0.0619906
-0.0769075
-0.0712764
-0.0490646
-0.0313056
-0.0339460
-0.0539809
-0.0742058
-0.0789836
-0.0692059
-0.0628657
-0.0755930
-0.1006223
-0.1153153
-0.1071518
-0.0841161
-0.0603410
-0.0439214
-0.0393978
-0.0471371
-0.0561695
-0.0517013
-0.0346136
-0.0208685
-0.0195227
-0.0272029
-0.0452580
-0.0793411
-0.1150098
-0.1196387
-0.0845162
