0.0117984
-0.0323399
-0.1182541
-0.1502017
-0.1061203
-0.0386120
0.0130280
0.0469655
0.0556696
0.0245292
-0.0277593
-0.0587811
-0.0569899
-0.0501410
-0.0597855
-0.0800439
-0.0997315
-0.1151076
-0.1209504
-0.1139240
-0.1028286
-0.0950403
-0.0796840
-0.0462096
-0.0118853
-0.0060287
-0.0296156
-0.0522809
-0.0506267
-0.0348530
-0.0369525
-0.0797912
-0.1515101
-0.2043555
-0.1920170
-0.1203034
-0.0497959
-0.0351283
-0.0703950
-0.1057630
-0.1071646
-0.0844721
-0.0672306
-0.0690528
-0.0791746
-0.0821814
-0.0804514
-0.0908646
-0.1156586
-0.1281226
-0.1042891
-0.0634601
-0.0533267
-0.0901440
-0.1373633
-0.1570934
-0.1610115
-0.1806353
-0.1872473
-0.0720976
0.2583248
0.7510735
1.1849880
1.3162795
1.0751130
0.6207348
0.1952935
-0.0724416
-0.2196729
-0.3392526
-0.4587554
-0.5342764
-0.5284209
-0.4607008
-0.3808467
-0.3149450
-0.2542370
-0.1917953
-0.1490827
-0.1506278
-0.1808675
-0.1892418
-0.1462616
-0.0797184
-0.0433593
-0.0582113
-0.0961584
-0.1153975
-0.0996640
-0.0641381
-0.0347887
-0.0273457
-0.0418477
-0.0705944
-0.1058398
-0.1381551
-0.1530453
-0.1377103
-0.0928067
-0.0339078
0.0180335
0.0451897
0.0384345
0.0059190
-0.0236876
-0.0185276
0.0275604
0.0855043
0.1140021
0.0933599
0.0404762
-0.0043266
-0.0064242
0.0398870
0.1116213
0.1780607
0.2198298
0.2303240
0.2090686
0.1625571
0.1085636
0.0702327
0.0614726
0.0781899
0.1026987
0.1168304
0.1155100
0.1109772
0.1205882
0.1467037
0.1703196
0.1674778
0.1313899
0.0779021
0.0310511
0.0026300
-0.0178615
-0.0529637
-0.1116792
-0.1722461
-0.1954230
-0.1593220
-0.0808205
-0.0026689
0.0385747
0.0344040
0.0025349
-0.0311803
-0.0506822
-0.0546766
-0.0493244
-0.0413612
-0.0387850
-0.0503048
-0.0759396
-0.1005300
-0.1055841
-0.0903538
-0.0753091
-0.0794254
-0.0952203
-0.0917136
-0.0475103
0.0182764
0.0552137
0.0311333
-0.0280454
-0.0597862
-0.0328430
0.0153523
0.0212837
-0.0273395
-0.0713374
-0.0452485
0.0439421
0.1157874
0.0991309
0.0093375
-0.0669120
-0.0639680
-0.0031412
0.0401432
0.0239195
-0.0221452
-0.0443842
-0.0304843
-0.0136587
-0.0211295
-0.0377840
-0.0281405
0.0147565
0.0546284
0.0493754
-0.0025223
-0.0587308
-0.0742723
-0.0401174
0.0177581
0.0666562
0.0875993
0.0758887
0.0359769
-0.0192299
-0.0701727
-0.0987766
-0.0981023
-0.0765960
-0.0545096
-0.0530252
-0.0803038
-0.1238513
-0.1568395
-0.1553191
-0.1141523
-0.0501315
0.0100586
0.0468448
0.0541219
0.0322874
-0.0140021
-0.0588224
-0.0382365
0.1268310
0.4632178
0.8877117
1.2247467
1.3062270
1.0834173
0.6606394
0.2200355
-0.1018775
-0.2838298
-0.3858880
-0.4607152
-0.5034127
-0.4805509
-0.3915763
-0.2884670
-0.2329563
-0.2398026
-0.2670160
-0.2614729
-0.2092192
-0.1384208
-0.0799738
-0.0377102
-0.0002440
0.0307357
0.0385053
0.0170215
-0.0138606
-0.0268621
-0.0174775
-0.0085641
-0.0230788
-0.0564713
-0.0807124
-0.0752487
-0.0488113
-0.0274222
-0.0246647
-0.0295607
-0.0225569
0.0033177
0.0389143
0.0702758
0.0887965
0.0934811
0.0889039
0.0818759
0.0774186
0.0765584
0.0786285
0.0860446
0.1055220
0.1417546
0.1875838
0.2223395
0.2260723
0.1994359
0.1667898
0.1550618
0.1697968
0.1947257
0.2131114
0.2240927
0.2364604
0.2510113
0.2546942
0.2340698
0.1925611
0.1505059
0.1252509
0.1121457
0.0889408
0.0406163
-0.0220201
-0.0695649
-0.0785267
-0.0493238
-0.0044316
0.0282718
0.0331563
0.0136996
-0.0146229
-0.0375966
-0.0495878
-0.0509754
-0.0427787
-0.0261087
-0.0057497
0.0083082
0.0055640
-0.0160779
-0.0453589
-0.0646733
-0.0654983
-0.0560811
-0.0507316
-0.0520812
-0.0481500
-0.0286819
-0.0010855
0.0140628
0.0046801
-0.0171607
-0.0241680
-0.0012209
0.0361056
0.0534885
0.0309776
-0.0161551
-0.0506880
-0.0471811
-0.0131323
0.0200896
0.0251096
0.0000537
-0.0327750
-0.0476913
-0.0369173
-0.0141147
0.0009529
0.0006491
-0.0056242
-0.0020442
0.0179151
0.0437930
0.0555391
0.0409711
0.0075154
-0.0241388
-0.0384922
-0.0367029
-0.0307483
-0.0293896
-0.0314985
-0.0313116
-0.0274090
-0.0253150
-0.0314001
-0.0448617
-0.0565930
-0.0563479
-0.0408977
-0.0161586
0.0066840
0.0176298
0.0144393
0.0051583
0.0013533
0.0057227
0.0085380
0.0002222
-0.0143190
-0.0199789
-0.0115093
-0.0030577
-0.0116130
-0.0340825
-0.0512079
-0.0586323
-0.0816871
-0.1375563
-0.1752499
-0.0754659
0.2517162
0.7471635
1.1915463
1.3449298
1.1264707
0.6716269
0.2161842
-0.0818857
-0.2244461
-0.3069952
-0.3944916
-0.4659869
-0.4640188
-0.3750253
-0.2512894
-0.1621237
-0.1352553
-0.1455420
-0.1499320
-0.1261928
-0.0822788
-0.0388986
-0.0098628
0.0022251
-0.0012299
-0.0189773
-0.0461031
-0.0714119
-0.0837421
-0.0812546
-0.0725827
-0.0687385
-0.0744882
-0.0857222
-0.0920985
-0.0821789
-0.0497869
0.0004796
0.0527527
0.0871967
0.0921554
0.0725403
0.0468091
0.0342588
0.0433877
0.0694918
0.0990447
0.1153500
0.1066169
0.0773998
0.0522838
0.0587909
0.0990914
0.1417180
0.1496114
0.1189926
0.0855220
0.0875624
0.1259311
0.1660134
0.1798874
0.1779541
0.1912413
0.2266200
0.2527268
0.2367477
0.1867869
0.1456077
0.1419167
0.1582064
0.1533261
0.1115794
0.0603169
0.0375005
0.0489483
0.0640291
0.0517987
0.0140744
-0.0205836
-0.0305231
-0.0217137
-0.0154011
-0.0220637
-0.0320513
-0.0299624
-0.0146757
-0.0043361
-0.0209923
-0.0674131
-0.1173997
-0.1328513
-0.0972566
-0.0354935
0.0026902
-0.0151708
-0.0746508
-0.1267876
-0.1317585
-0.0913918
-0.0395328
-0.0042674
0.0151472
0.0346590
0.0577357
0.0695612
0.0573803
0.0282713
0.0021508
-0.0094707
-0.0128652
-0.0207358
-0.0360327
-0.0497523
-0.0527605
-0.0456190
-0.0353468
-0.0257549
-0.0150845
-0.0029848
0.0042900
-0.0015455
-0.0216806
-0.0465955
-0.0610468
-0.0535457
-0.0248524
0.0095909
0.0270879
0.0126610
-0.0287692
-0.0736590
-0.0953319
-0.0829473
-0.0497234
-0.0233458
-0.0249761
-0.0533063
-0.0869290
-0.1028075
-0.0946508
-0.0755670
-0.0635929
-0.0640933
-0.0663465
-0.0581496
-0.0425884
-0.0367873
-0.0524201
-0.0805210
-0.0990061
-0.0938735
-0.0700220
-0.0436276
-0.0300561
-0.0382104
-0.0633589
-0.0713701
0.0063134
0.2361290
0.6108882
1.0065001
1.2319850
1.1574336
0.8150326
0.3755202
0.0162872
-0.1975826
-0.3166445
-0.4131832
-0.4986865
-0.5300453
-0.4773959
-0.3681978
-0.2630480
-0.1993023
-0.1668660
-0.1351412
-0.0926145
-0.0555088
-0.0444481
-0.0614533
-0.0899977
-0.1110042
-0.1156257
-0.1066680
-0.0930948
-0.0835887
-0.0818233
-0.0851128
-0.0875320
-0.0853895
-0.0799351
-0.0742949
-0.0682577
-0.0581233
-0.0429241
-0.0285119
-0.0215381
-0.0190346
-0.0083382
0.0190360
0.0550711
0.0807057
0.0845224
0.0739604
0.0671049
0.0751914
0.0948223
0.1159917
0.1342024
0.1525830
0.1738290
0.1938871
0.2051091
0.2034913
0.1909997
0.1729347
0.1563308
0.1498436
0.1600147
0.1844361
0.2103205
0.2228865
0.2159706
0.1942475
0.1664282
0.1381403
0.1108489
0.0844676
0.0583520
0.0306432
0.0002104
-0.0288417
-0.0470366
-0.0478058
-0.0362725
-0.0265934
-0.0289041
-0.0408348
-0.0530138
-0.0597741
-0.0612394
-0.0574773
-0.0468427
-0.0320105
-0.0225617
-0.0258569
-0.0359552
-0.0375617
-0.0247990
-0.0127535
-0.0235993
-0.0592174
-0.0928167
-0.0934896
-0.0583715
-0.0157130
0.0047196
-0.0001958
-0.0105433
-0.0104061
-0.0048606
-0.0095270
-0.0289403
-0.0505120
-0.0592980
-0.0538636
-0.0445453
-0.0386507
-0.0326028
-0.0201884
-0.0044866
0.0029733
-0.0050393
-0.0226124
-0.0360489
-0.0369040
-0.0286818
-0.0213536
-0.0207124
-0.0238401
-0.0244099
-0.0205890
-0.0161269
-0.0145111
-0.0150859
-0.0165444
-0.0218236
-0.0353754
-0.0543227
-0.0654755
-0.0557745
-0.0277573
-0.0024873
-0.0029030
-0.0319997
-0.0687637
-0.0876378
-0.0815924
-0.0648303
-0.0545210
-0.0537261
-0.0531451
-0.0456725
-0.0348865
-0.0292347
-0.0314274
-0.0362997
-0.0386180
-0.0404400
-0.0488479
-0.0666998
-0.0874053
-0.1000287
-0.0991132
-0.0885152
-0.0755871
-0.0627852
-0.0466478
-0.0259772
-0.0094155
-0.0103035
-0.0302913
-0.0505097
-0.0463906
-0.0148494
0.0183610
0.0249277
0.0051985
-0.0161081
-0.0269968
-0.0463161
-0.0855101
-0.0913986
0.0459462
0.3917350
0.8574788
1.2121043
1.2385908
0.9077577
0.4047385
-0.0213307
-0.2435848
-0.3123836
-0.3517209
-0.4220493
-0.4840192
-0.4735476
-0.3863035
-0.2815341
-0.2173201
-0.1988709
-0.1908284
-0.1657884
-0.1292730
-0.1014772
-0.0884818
-0.0790902
-0.0647708
-0.0523889
-0.0527757
-0.0609656
-0.0553887
-0.0208826
0.0292780
0.0593278
0.0426368
-0.0121517
-0.0676205
-0.0907418
-0.0799691
-0.0606667
-0.0557004
-0.0623188
-0.0587722
-0.0325248
0.0014280
0.0137277
-0.0071090
-0.0378559
-0.0391059
0.0072410
0.0780871
0.1270210
0.1242210
0.0820100
0.0432584
0.0441199
0.0850924
0.1344694
0.1573030
0.1422065
0.1053800
0.0742688
0.0681774
0.0898096
0.1288839
0.1702603
0.1999235
0.2082488
0.1929773
0.1612187
0.1264774
0.1000729
0.0834898
0.0691887
0.0492503
0.0229853
-0.0039160
-0.0265780
-0.0454409
-0.0626975
-0.0758920
-0.0787608
-0.0706517
-0.0626752
-0.0694475
-0.0928350
-0.1172844
-0.1251880
-0.1159592
-0.1054663
-0.1050327
-0.1054587
-0.0879175
-0.0512244
-0.0217376
-0.0291064
-0.0723013
-0.1165507
-0.1288317
-0.1131808
-0.1043709
-0.1263560
-0.1639328
-0.1805414
-0.1601731
-0.1235888
-0.1014248
-0.0987292
-0.0937024
-0.0694141
-0.0368386
-0.0208678
-0.0295182
-0.0469753
-0.0575323
-0.0657787
-0.0849076
-0.1103551
-0.1177359
-0.0917869
-0.0496905
-0.0261479
-0.0351959
-0.0543459
-0.0510584
-0.0211739
0.0049955
-0.0048475
-0.0508206
-0.1006683
-0.1199986
-0.1004753
-0.0626179
-0.0373571
-0.0442269
-0.0792762
-0.1177812
-0.1313319
-0.1099936
-0.0717579
-0.0479759
-0.0557221
-0.0834116
-0.1041126
-0.1022149
-0.0855410
-0.0724655
-0.0715574
-0.0769266
-0.0808832
-0.0849501
-0.0955021
-0.1117587
-0.1228894
-0.1182332
-0.0987575
-0.0775809
-0.0694405
-0.0785372
-0.0944685
-0.0999997
-0.0860300
-0.0618045
-0.0491323
-0.0622553
-0.0910484
-0.1063559
-0.0861798
-0.0383915
0.0038349
0.0107358
-0.0191338
-0.0606403
-0.0855918
-0.0851720
-0.0753200
-0.0841003
-0.1262025
-0.1747888
-0.1544553
0.0188873
0.3611811
0.7686079
1.0565252
1.0792985
0.8338088
0.4510239
0.0850875
-0.1901201
-0.3846025
-0.5197600
-0.5813613
-0.5500522
-0.4538450
-0.3603319
-0.3111591
-0.2824738
-0.2245150
-0.1314869
-0.0531729
-0.0341623
-0.0586793
-0.0708637
-0.0439531
-0.0110791
-0.0208308
-0.0751848
-0.1260437
-0.1305601
-0.0951132
-0.0589952
-0.0462537
-0.0466422
-0.0407484
-0.0281251
-0.0221227
-0.0254739
-0.0249636
-0.0127562
-0.0025207
-0.0147198
-0.0478414
-0.0735666
-0.0654764
-0.0291194
0.0015730
-0.0018701
-0.0344504
-0.0628224
-0.0553839
-0.0074015
0.0589857
0.1152101
0.1474168
0.1621469
0.1750924
0.1946483
0.2147964
0.2229128
0.2145526
0.2005953
0.1989951
0.2183055
0.2487592
0.2695406
0.2648833
0.2338505
0.1870332
0.1371899
0.0942661
0.0664999
0.0609379
0.0786305
0.1086145
0.1294771
0.1215943
0.0817285
0.0263636
-0.0212298
-0.0491090
-0.0624747
-0.0723251
-0.0812806
-0.0840333
-0.0813565
-0.0877042
-0.1179676
-0.1655387
-0.1995705
-0.1908487
-0.1410257
-0.0819201
-0.0443900
-0.0320813
-0.0285177
-0.0238024
-0.0241600
-0.0342351
-0.0420072
-0.0331584
-0.0175083
-0.0261470
-0.0729595
-0.1265749
-0.1355328
-0.0853683
-0.0201002
0.0028196
-0.0254775
-0.0594135
-0.0552357
-0.0198515
0.0056099
0.0016364
-0.0082704
0.0036721
0.0246110
0.0112863
-0.0559098
-0.1432416
-0.1950345
-0.1865492
-0.1365855
-0.0743187
-0.0109253
0.0501959
0.0908223
0.0858231
0.0357613
-0.0239863
-0.0582461
-0.0699557
-0.0902530
-0.1306675
-0.1592530
-0.1347609
-0.0586982
0.0197955
0.0535242
0.0415231
0.0172852
0.0017501
-0.0170767
-0.0560937
-0.1038477
-0.1291587
-0.1197046
-0.0977986
-0.0916540
-0.0999605
-0.0960179
-0.0652474
-0.0267914
-0.0117595
-0.0270476
-0.0507419
-0.0626800
-0.0689016
-0.0890567
-0.1251763
-0.1532463
-0.1481884
-0.1111726
-0.0686477
-0.0491665
-0.0658231
-0.1142346
-0.1707062
-0.1828225
-0.0747513
0.2074488
0.6293371
1.0446525
1.2621889
1.1698805
0.8163343
0.3742209
0.0128611
-0.2093630
-0.3435351
-0.4568523
-0.5492794
-0.5613506
-0.4539923
-0.2681536
-0.0999917
-0.0206100
-0.0250313
-0.0571283
-0.0742956
-0.0806211
-0.1018617
-0.1414188
-0.1698507
-0.1549773
-0.0942717
-0.0153677
0.0493182
0.0827182
0.0816097
0.0463804
-0.0188710
-0.0971503
-0.1583162
-0.1765589
-0.1512276
-0.1085232
-0.0792435
-0.0725560
-0.0711600
-0.0524772
-0.0137835
0.0255634
0.0471454
0.0549834
0.0688148
0.0955895
0.1150068
0.1020201
0.0635193
0.0420926
0.0730554
0.1391037
0.1791429
0.1507838
0.0810765
0.0462494
0.0975959
0.2110211
0.3116447
0.3431448
0.3087813
0.2511509
0.2059442
0.1816292
0.1737488
0.1816881
0.2045734
0.2290556
0.2329694
0.2042515
0.1519822
0.0962949
0.0501102
0.0129765
-0.0202698
-0.0497193
-0.0695716
-0.0732411
-0.0574762
-0.0243577
0.0171452
0.0518350
0.0639724
0.0456626
0.0017840
-0.0515993
-0.0935176
-0.1067440
-0.0871613
-0.0487804
-0.0169876
-0.0106342
-0.0273488
-0.0475678
-0.0542941
-0.0473029
-0.0366979
-0.0261276
-0.0087064
0.0185264
0.0411248
0.0346258
-0.0124676
-0.0841641
-0.1454454
-0.1647639
-0.1319075
-0.0618503
0.0134721
0.0608661
0.0636606
0.0315329
-0.0071506
-0.0266013
-0.0204113
-0.0000776
0.0187666
0.0259318
0.0168431
-0.0075643
-0.0367030
-0.0518832
-0.0407847
-0.0114934
0.0138807
0.0220418
0.0195106
0.0168138
0.0084890
-0.0198240
-0.0638714
-0.0933457
-0.0823988
-0.0419833
-0.0085731
0.0000167
0.0025596
0.0183389
0.0256383
-0.0204971
-0.1229529
-0.2143053
-0.2157377
-0.1240754
-0.0226755
0.0034287
-0.0470734
-0.1023067
-0.1047347
-0.0683121
-0.0441798
-0.0504523
-0.0586907
-0.0458253
-0.0320621
-0.0498092
-0.0892480
-0.1032130
-0.0728595
-0.0431352
-0.0637649
-0.0956450
-0.0076769
0.3008354
0.7680498
1.1758494
1.3069892
1.1081523
0.7089704
0.2964602
-0.0195837
-0.2326340
-0.3712727
-0.4394696
-0.4266812
-0.3503931
-0.2617917
-0.2049490
-0.1826833
-0.1694568
-0.1493517
-0.1300953
-0.1222560
-0.1192750
-0.1072939
-0.0879910
-0.0784340
-0.0855032
-0.0913324
-0.0747455
-0.0441203
-0.0356491
-0.0708207
-0.1215702
-0.1302253
-0.0694592
0.0230950
0.0771217
0.0565473
-0.0097777
-0.0631661
-0.0730309
-0.0548062
-0.0365339
-0.0210870
0.0112328
0.0683895
0.1259791
0.1454138
0.1101464
0.0429417
-0.0086225
-0.0028861
0.0692864
0.1741106
0.2491860
0.2439139
0.1637201
0.0760485
0.0587077
0.1300612
0.2311048
0.2830847
0.2626234
0.2146539
0.1934905
0.2037402
0.2074755
0.1801933
0.1412723
0.1237317
0.1281816
0.1225892
0.0855705
0.0344025
0.0028694
0.0014912
0.0118637
0.0163015
0.0171432
0.0206699
0.0157481
-0.0136332
-0.0542465
-0.0593620
0.0067714
0.1224256
0.2176576
0.2342860
0.1720845
0.0749476
-0.0177644
-0.0949179
-0.1540251
-0.1786453
-0.1518072
-0.0885625
-0.0376493
-0.0386685
-0.0813918
-0.1181578
-0.1184912
-0.1020322
-0.1092185
-0.1438136
-0.1579080
-0.1026496
0.0095392
0.1029388
0.1045931
0.0126765
-0.1011588
-0.1550700
-0.1220828
-0.0395449
0.0333733
0.0609111
0.0417145
-0.0074961
-0.0669530
-0.1157378
-0.1325607
-0.1063161
-0.0479163
0.0127745
0.0461117
0.0415945
0.0115514
-0.0197223
-0.0310562
-0.0165644
0.0085491
0.0145383
-0.0209122
-0.0891804
-0.1518436
-0.1736746
-0.1550473
-0.1207807
-0.0687604
0.0600873
0.3356586
0.7441287
1.1440341
1.3395606
1.2207832
0.8437190
0.3768951
-0.0278753
-0.3165642
-0.5077957
-0.6189625
-0.6359507
-0.5475803
-0.3857187
-0.2157076
-0.0902924
-0.0218083
0.0027931
-0.0068333
-0.0491005
-0.1120966
-0.1642222
-0.1721762
-0.1290467
-0.0629207
-0.0173649
-0.0210168
-0.0691308
-0.1279341
-0.1580352
-0.1423999
-0.0992209
-0.0670948
-0.0716092
-0.1021759
-0.1222091
-0.1044519
-0.0571134
-0.0147747
-0.0037837
-0.0174742
-0.0252032
-0.0040440
0.0394413
0.0770651
0.0855948
0.0652637
0.0355441
0.0171105
0.0190734
0.0400737
0.0754702
0.1192308
0.1604579
0.1847881
0.1853331
0.1723695
0.1672285
0.1828049
0.2113991
0.2346214
0.2436170
0.2440329
0.2395824
0.2181646
0.1645493
0.0886073
0.0310587
0.0292939
0.0754317
0.1165079
0.1039808
0.0421308
-0.0180936
-0.0338703
-0.0137629
-0.0032649
-0.0318136
-0.0814005
-0.1089639
-0.0938727
-0.0577052
-0.0387867
-0.0537480
-0.0872883
-0.1153660
-0.1313382
-0.1472055
-0.1736465
-0.2042230
-0.2201516
-0.2080434
-0.1715859
-0.1275333
-0.0924558
-0.0729394
-0.0655690
-0.0633789
-0.0617581
-0.0599449
-0.0588240
-0.0576180
-0.0518883
-0.0347697
-0.0019575
0.0421504
0.0823624
0.0986193
0.0784496
0.0280770
-0.0280049
-0.0629755
-0.0694288
-0.0670791
-0.0844566
-0.1276746
-0.1677855
-0.1651300
-0.1109899
-0.0432334
-0.0146140
-0.0423700
-0.0917360
-0.1129401
-0.0936244
-0.0704264
-0.0870134
-0.1435723
-0.1911829
-0.1767573
-0.0939502
0.0073513
0.0599062
0.0323388
-0.0461810
-0.1089192
-0.1047687
-0.0392195
0.0324417
0.0552825
0.0216997
-0.0312002
-0.0693368
-0.0989050
-0.1478364
-0.2135711
-0.2457771
-0.1957741
-0.0811171
0.0145383
0.0176311
-0.0609662
-0.1351803
-0.1292002
-0.0505916
0.0218733
0.0183795
-0.0562623
-0.1317792
-0.1405835
-0.0780145
-0.0028300
0.0174031
-0.0340607
-0.1095303
-0.1398272
-0.0948549
-0.0065313
0.0652970
0.0862678
0.0648511
0.0230779
-0.0339249
-0.1076104
-0.1735218
-0.1827317
-0.1118229
-0.0045146
0.0562125
0.0270771
-0.0518601
-0.1013365
-0.0859429
-0.0415355
-0.0203460
-0.0256337
-0.0158252
0.0311466
0.0761302
0.0527490
-0.0594189
-0.1990983
-0.2559131
-0.1374872
0.1767890
0.6158179
1.0332501
1.2638022
1.2078796
0.8954406
0.4704386
0.0941844
-0.1553596
-0.3017879
-0.4014579
-0.4699087
-0.4791246
-0.4126343
-0.3021340
-0.2022458
-0.1400619
-0.1023452
-0.0697313
-0.0479477
-0.0553210
-0.0867786
-0.1064758
-0.0839807
-0.0315560
0.0040599
-0.0121587
-0.0713791
-0.1358725
-0.1781570
-0.1978007
-0.2026843
-0.1857145
-0.1292832
-0.0318243
0.0768966
0.1514743
0.1628999
0.1177922
0.0519714
0.0080577
0.0126536
0.0624854
0.1256015
0.1613076
0.1496232
0.1059929
0.0646027
0.0457135
0.0426812
0.0422894
0.0500668
0.0842132
0.1426672
0.1880661
0.1798084
0.1236974
0.0792416
0.1063916
0.2039341
0.3070849
0.3493637
0.3234935
0.2785403
0.2614861
0.2692058
0.2598479
0.2059950
0.1302519
0.0865207
0.1072615
0.1697120
0.2140008
0.1961110
0.1261254
0.0562156
0.0302207
0.0436149
0.0530074
0.0246452
-0.0297926
-0.0690536
-0.0714762
-0.0600517
-0.0732872
-0.1166737
-0.1538822
-0.1485237
-0.1051173
-0.0599410
-0.0361175
-0.0212882
0.0053230
0.0352666
0.0357773
-0.0056928
-0.0544139
-0.0572771
0.0028081
0.0893391
0.1491414
0.1587481
0.1319877
0.0931516
0.0557843
0.0257515
0.0093896
0.0081883
0.0116485
0.0072876
-0.0019890
-0.0011296
0.0123217
0.0180495
0.0001875
-0.0212220
-0.0076933
0.0376677
0.0448274
-0.0586905
-0.2481896
-0.3872154
-0.3403768
-0.1091964
0.1553443
0.2852715
0.2391841
0.1139008
0.0275548
0.0100775
0.0096196
-0.0186391
-0.0587731
-0.0696216
-0.0465960
-0.0243365
-0.0237090
-0.0222763
0.0083967
0.0499753
0.0461092
-0.0291863
-0.1275085
-0.1683147
-0.1259857
-0.0615540
-0.0589789
-0.1351262
-0.2219677
-0.2365503
-0.1595110
-0.0436548
0.0423187
0.0679396
0.0473181
0.0121041
-0.0118971
-0.0123043
0.0073209
0.0273482
0.0247077
-0.0040496
-0.0337268
-0.0325265
0.0040370
0.0449830
0.0515275
0.0104115
-0.0593483
-0.1245837
-0.1576925
-0.1475259
-0.1065253
-0.0698123
-0.0722194
-0.1125581
-0.1460705
-0.1281492
-0.0675151
-0.0177962
-0.0007704
0.0507535
0.2423097
0.5904870
0.9571497
1.1376217
1.0300611
0.7157710
0.3708364
0.1087196
-0.0835854
-0.2711092
-0.4653301
-0.6079516
-0.6435195
-0.5813348
-0.4783924
-0.3784339
-0.2851750
-0.1905792
-0.1079254
-0.0637279
-0.0645205
-0.0864761
-0.1008670
-0.1008552
-0.0981472
-0.1004595
-0.1021029
-0.0963382
-0.0874956
-0.0846031
-0.0870405
-0.0848094
-0.0749811
-0.0709064
-0.0873314
-0.1170676
-0.1310106
-0.1078194
-0.0606340
-0.0260684
-0.0232333
-0.0288193
-0.0003529
0.0740872
0.1545948
0.1841558
0.1460902
0.0831759
0.0560848
0.0841617
0.1311932
0.1491752
0.1296424
0.1066761
0.1126452
0.1401319
0.1528422
0.1303498
0.0937665
0.0829129
0.1113848
0.1504791
0.1596030
0.1287650
0.0871272
0.0710960
0.0885044
0.1151097
0.1222926
0.1049847
0.0841318
0.0851253
0.1132494
0.1459787
0.1473593
0.0947851
0.0003884
-0.0899207
-0.1249530
-0.0881381
-0.0160557
0.0271995
0.0039408
-0.0637486
-0.1165276
-0.1165993
-0.0833019
-0.0680922
-0.0958237
-0.1363854
-0.1383058
-0.0875929
-0.0264360
-0.0108462
-0.0543911
-0.1186974
-0.1558204
-0.1506127
-0.1195625
-0.0798185
-0.0336908
0.0155808
0.0468313
0.0337521
-0.0240660
-0.0917034
-0.1275428
-0.1204281
-0.0949995
-0.0824256
-0.0923158
-0.1143127
-0.1381314
-0.1619708
-0.1822480
-0.1861294
-0.1625538
-0.1183210
-0.0756826
-0.0508599
-0.0382770
-0.0198955
0.0110005
0.0402923
0.0498793
0.0404514
0.0309562
0.0333889
0.0335786
0.0045325
-0.0591673
-0.1251804
-0.1482190
-0.1141447
-0.0574076
-0.0300286
-0.0505617
-0.0855071
-0.0844292
-0.0330811
0.0316791
0.0600095
0.0370988
-0.0103608
-0.0508728
-0.0812261
-0.1179947
-0.1623989
-0.1863470
-0.1611511
-0.0964311
-0.0405216
-0.0366915
-0.0813638
-0.1290115
-0.1360740
-0.0963856
-0.0368415
0.0122968
0.0383601
0.0447354
0.0395539
0.0298158
0.0215636
0.0188533
0.0202671
0.0186558
0.0069127
-0.0149019
-0.0371698
-0.0447702
-0.0269036
0.0096771
0.0349831
0.0153436
-0.0424140
-0.0621334
0.0642633
0.3778796
0.7765313
1.0523994
1.0372694
0.7354712
0.3203525
-0.0069243
-0.1671574
-0.2286724
-0.3020110
-0.4206902
-0.5218838
-0.5270584
-0.4265897
-0.2867559
-0.1869483
-0.1567322
-0.1658949
-0.1628169
-0.1195559
-0.0486937
0.0128276
0.0334521
0.0069648
-0.0481814
-0.1047103
-0.1432472
-0.1585044
-0.1545975
-0.1384714
-0.1183157
-0.1033042
-0.0976798
-0.0932560
-0.0736375
-0.0323717
0.0137314
0.0356621
0.0208479
-0.0106805
-0.0226898
0.0026552
0.0474321
0.0767050
0.0740681
0.0558324
0.0488759
0.0586336
0.0654871
0.0539451
0.0386720
0.0536455
0.1138526
0.1923265
0.2402356
0.2312787
0.1852136
0.1474305
0.1474908
0.1789293
0.2152980
0.2374641
0.2416185
0.2280778
0.1945945
0.1456099
0.1019259
0.0914005
0.1243022
0.1772363
0.2041207
0.1684611
0.0719480
-0.0432584
-0.1204808
-0.1237962
-0.0590222
0.0314078
0.0948761
0.0998115
0.0524275
-0.0118231
-0.0556051
-0.0655614
-0.0581793
-0.0627053
-0.0945946
-0.1400446
-0.1656387
-0.1476779
-0.0957833
-0.0467086
-0.0325277
-0.0547004
-0.0892350
-0.1137577
-0.1248993
-0.1294922
-0.1259183
-0.1027982
-0.0583344
-0.0140697
0.0004734
-0.0200376
-0.0465372
-0.0459483
-0.0222348
-0.0187527
-0.0699840
-0.1472706
-0.1577548
-0.0104914
0.3001523
0.6667013
0.9269765
0.9659278
0.7806239
0.4631818
0.1292373
-0.1422490
-0.3201081
-0.3998896
-0.3890730
-0.3119893
-0.2142131
-0.1445755
-0.1231061
-0.1275081
-0.1172839
-0.0751661
-0.0246577
-0.0057143
-0.0333037
-0.0803242
-0.1017816
-0.0774298
-0.0322659
-0.0140036
-0.0474997
-0.1102780
-0.1537485
-0.1481659
-0.1057404
-0.0622143
-0.0416639
-0.0415948
-0.0467960
-0.0491953
-0.0513314
-0.0556653
-0.0579224
-0.0528906
-0.0419894
-0.0303242
-0.0181727
-0.0013280
0.0193615
0.0353807
0.0422152
0.0494094
0.0715346
0.1084914
0.1408439
0.1486529
0.1324867
0.1118138
0.1030156
0.1032926
0.0990879
0.0876295
0.0837367
0.1018842
0.1347486
0.1550279
0.1399535
0.0923467
0.0384224
0.0080376
0.0156759
0.0531476
0.0950189
0.1138983
0.0983116
0.0604244
0.0249640
0.0067557
-0.0025973
-0.0244014
-0.0674404
-0.1137899
-0.1331649
-0.1123969
-0.0682430
-0.0299809
-0.0127051
-0.0103048
-0.0106644
-0.0109250
-0.0166006
-0.0307158
-0.0478059
-0.0577119
-0.0531788
-0.0345022
-0.0093465
0.0111362
0.0184243
0.0122434
0.0003382
-0.0106048
-0.0251296
-0.0554182
-0.1020841
-0.1411221
-0.1392154
-0.0868589
-0.0121731
0.0428627
0.0579100
0.0429317
0.0160336
-0.0173662
-0.0591727
-0.1000322
-0.1185852
-0.1046945
-0.0772440
-0.0689418
-0.0914582
-0.1223300
-0.1305779
-0.1102347
-0.0826916
-0.0697883
-0.0734555
-0.0822239
-0.0879427
-0.0890958
-0.0827805
-0.0644075
-0.0397301
-0.0309905
-0.0611636
-0.1275057
-0.1943294
-0.2185501
-0.1856332
-0.1206995
-0.0659564
-0.0488711
-0.0680142
-0.1007290
-0.1207562
-0.1149011
-0.0911243
-0.0715034
-0.0727788
-0.0912334
-0.1075598
-0.1069992
-0.0932798
-0.0820471
-0.0823629
-0.0876446
-0.0858520
-0.0756775
-0.0685487
-0.0751367
-0.0952093
-0.1225443
-0.1530030
-0.1809901
-0.1926797
-0.1749991
-0.1357534
-0.1063324
-0.1143980
-0.1534675
-0.1862646
-0.1821254
-0.1483030
-0.1200270
-0.1208664
-0.1392303
-0.1467350
-0.1330453
-0.1137962
-0.1059397
-0.1066011
-0.1017251
-0.0878328
-0.0762171
-0.0780704
-0.0937298
-0.1170007
-0.1422401
-0.1632797
-0.1713968
-0.1625014
-0.1464957
-0.1418730
-0.1550679
-0.1682180
-0.1554963
-0.1138722
-0.0713518
-0.0596511
-0.0822040
-0.1138948
-0.1288247
-0.1226136
-0.1115196
-0.1184405
-0.1551535
-0.1992588
-0.1796253
-0.0052679
0.3542803
0.7975269
1.1157822
1.1275727
0.8191987
0.3579001
-0.0442547
-0.2888983
-0.4237657
-0.5371018
-0.6445637
-0.6871526
-0.6190999
-0.4701953
-0.3174284
-0.2137613
-0.1582166
-0.1264929
-0.1099166
-0.1152631
-0.1380987
-0.1553889
-0.1505908
-0.1352263
-0.1341180
-0.1524018
-0.1686186
-0.1623153
-0.1381678
-0.1162193
-0.1050613
-0.0947760
-0.0762740
-0.0583092
-0.0581305
-0.0770720
-0.0935492
-0.0863775
-0.0624148
-0.0524512
-0.0759866
-0.1161814
-0.1362517
-0.1177940
-0.0759733
-0.0378786
-0.0142888
0.0032395
0.0229617
0.0386324
0.0370303
0.0162948
-0.0085864
-0.0208211
-0.0189408
-0.0143463
-0.0135965
-0.0101806
0.0040469
0.0257466
0.0438997
0.0539027
0.0625370
0.0787901
0.1027505
0.1243442
0.1321620
0.1236773
0.1071376
0.0933685
0.0866870
0.0843941
0.0821915
0.0764500
0.0629224
0.0387119
0.0071349
-0.0223236
-0.0403919
-0.0435879
-0.0349788
-0.0223833
-0.0149372
-0.0175327
-0.0273867
-0.0375507
-0.0438777
-0.0479374
-0.0546566
-0.0680980
-0.0868166
-0.1014064
-0.1001937
-0.0815784
-0.0590200
-0.0494092
-0.0561996
-0.0666073
-0.0659574
-0.0534822
-0.0431336
-0.0477145
-0.0617939
-0.0640442
-0.0413626
-0.0083178
0.0055248
-0.0104983
-0.0344293
-0.0366892
-0.0135690
0.0107424
0.0136935
-0.0007358
-0.0095248
-0.0001216
0.0131745
0.0066227
-0.0213329
-0.0442825
-0.0382748
-0.0115313
0.0045376
-0.0087853
-0.0396870
-0.0643483
-0.0747199
-0.0831365
-0.1032311
-0.1315092
-0.1496210
-0.1445910
-0.1244445
-0.1100053
-0.1116706
-0.1204082
-0.1240524
-0.1252298
-0.1358764
-0.1570310
-0.1722374
-0.1640050
-0.1347682
-0.1089636
-0.1109106
-0.1376622
-0.1569777
-0.1393504
-0.0921403
-0.0542667
-0.0544836
-0.0814503
-0.0984692
-0.0818717
-0.0404485
-0.0019677
0.0131752
0.0059373
-0.0082261
-0.0159946
-0.0145226
-0.0067102
0.0037186
0.0095298
0.0008543
-0.0236594
-0.0525185
-0.0762233
-0.0977775
-0.1112246
-0.0701348
0.0991533
0.4277492
0.8388713
1.1613164
1.2306115
1.0040361
0.5922403
0.1759528
-0.1195523
-0.2819396
-0.3667738
-0.4188517
-0.4411573
-0.4186750
-0.3500805
-0.2558610
-0.1668511
-0.1072600
-0.0827571
-0.0810657
-0.0828965
-0.0727174
-0.0455301
-0.0115755
0.0085886
0.0049961
-0.0046913
0.0102079
0.0580080
0.1117361
0.1351789
0.1171858
0.0804932
0.0626371
0.0860777
0.1384551
0.1820979
0.1893354
0.1671831
0.1431173
0.1336217
0.1356302
0.1413804
0.1478826
0.1539191
0.1588994
0.1639422
0.1673105
0.1633859
0.1533828
0.1505569
0.1661548
0.1957423
0.2260254
0.2480823
0.2591197
0.2620645
0.2692871
0.2936251
0.3282472
0.3490010
0.3443987
0.3288874
0.3192635
0.3145888
0.3079272
0.3005158
0.2942555
0.2855415
0.2740924
0.2625933
0.2446126
0.2123054
0.1767903
0.1562518
0.1433936
0.1140461
0.0687793
0.0319262
0.0084834
-0.0178729
-0.0422590
-0.0428547
-0.0337795
-0.0557814
-0.0982336
-0.0953342
-0.0317980
