-0.0546960
0.0162204
-0.0726193
-0.1089504
-0.0502144
-0.0199383
-0.0560731
-0.0738642
-0.0471605
-0.0429001
-0.0785376
-0.0949276
-0.0755688
-0.0689316
-0.0877346
-0.0915874
-0.0724253
-0.0659284
-0.0778714
-0.0781655
-0.0642874
-0.0609934
-0.0650677
-0.0532186
-0.0337575
-0.0334761
-0.0466110
-0.0478024
-0.0392562
-0.0389463
-0.0419117
-0.0365421
-0.0372396
-0.0595434
-0.0850951
-0.0897317
-0.0835013
-0.0864451
-0.0873635
-0.0625974
-0.0182014
0.0167353
0.0250974
0.0099631
-0.0169944
-0.0434048
-0.0685528
-0.1037810
-0.1257436
-0.0346930
0.2759580
0.7700208
1.2233413
1.3742712
1.1284472
0.6210111
0.1010330
-0.2447771
-0.3933062
-0.4459156
-0.4963229
-0.5420078
-0.5258800
-0.4337259
-0.3150856
-0.2213583
-0.1631558
-0.1283895
-0.1074046
-0.0923789
-0.0762731
-0.0607216
-0.0520559
-0.0500258
-0.0510600
-0.0555191
-0.0599233
-0.0527374
-0.0316922
-0.0140971
-0.0161146
-0.0330807
-0.0523539
-0.0714464
-0.0897358
-0.0965933
-0.0835839
-0.0583737
-0.0345908
-0.0174901
-0.0074610
-0.0051742
-0.0054685
0.0011708
0.0142046
0.0223441
0.0217613
0.0217134
0.0287320
0.0395465
0.0525591
0.0712317
0.0926415
0.1068707
0.1111452
0.1124479
0.1147698
0.1152213
0.1123311
0.1072315
0.0990547
0.0901454
0.0912469
0.1089559
0.1324926
0.1454782
0.1463878
0.1454833
0.1467552
0.1450505
0.1364052
0.1200962
0.0949708
0.0634056
0.0341676
0.0133731
-0.0022005
-0.0173573
-0.0317329
-0.0456099
-0.0625122
-0.0800677
-0.0885202
-0.0848733
-0.0789835
-0.0795516
-0.0830878
-0.0820016
-0.0750449
-0.0655998
-0.0577160
-0.0561254
-0.0615158
-0.0648890
-0.0564017
-0.0404081
-0.0313884
-0.0342624
-0.0389546
-0.0351510
-0.0228024
-0.0076800
0.0044100
0.0088410
0.0054531
0.0001307
-0.0026861
-0.0058570
-0.0121927
-0.0169293
-0.0148907
-0.0091787
-0.0048635
-0.0005173
0.0052813
0.0056335
-0.0061812
-0.0241466
-0.0350151
-0.0346663
-0.0327495
-0.0423599
-0.0672320
-0.0952426
-0.1046203
-0.0845301
-0.0509555
-0.0330836
-0.0414616
-0.0587841
-0.0645032
-0.0578667
-0.0519924
-0.0546814
-0.0615095
-0.0623841
-0.0510628
-0.0323287
-0.0205724
-0.0262054
-0.0436999
-0.0581140
-0.0615968
-0.0577248
-0.0528367
-0.0506861
-0.0531566
-0.0585918
-0.0612046
-0.0583092
-0.0550095
-0.0559103
-0.0571770
-0.0540508
-0.0507202
-0.0534359
-0.0577756
-0.0530599
-0.0385450
-0.0263013
-0.0262940
-0.0349178
-0.0428626
-0.0528892
-0.0808577
-0.1233892
-0.1183803
0.0385141
0.3970665
0.8557135
1.1863578
1.1931104
0.8667040
0.3875888
-0.0207747
-0.2486818
-0.3363044
-0.3837720
-0.4404878
-0.4782959
-0.4531308
-0.3686501
-0.2712309
-0.1989497
-0.1542844
-0.1220753
-0.0947008
-0.0741235
-0.0615688
-0.0541290
-0.0486109
-0.0451152
-0.0471961
-0.0571130
-0.0693391
-0.0724660
-0.0610888
-0.0424944
-0.0283622
-0.0237263
-0.0267768
-0.0336742
-0.0390691
-0.0374097
-0.0293438
-0.0228402
-0.0231471
-0.0251645
-0.0200760
-0.0067580
0.0066617
0.0107292
0.0035694
-0.0048900
0.0013515
0.0286112
0.0637019
0.0863955
0.0919022
0.0936901
0.1031089
0.1146707
0.1155834
0.1040589
0.0929507
0.0962741
0.1136323
0.1282952
0.1235905
0.1030746
0.0897832
0.1011176
0.1290302
0.1509024
0.1557386
0.1519519
0.1515592
0.1548187
0.1516252
0.1335785
0.1039283
0.0771796
0.0667092
0.0706750
0.0730464
0.0607059
0.0363921
0.0133681
0.0018155
0.0023111
0.0073341
0.0061301
-0.0070712
-0.0258530
-0.0356624
-0.0275351
-0.0054608
0.0199104
0.0403353
0.0521901
0.0550877
0.0508724
0.0414192
0.0273299
0.0116441
0.0027079
0.0074623
0.0218834
0.0334060
0.0337517
0.0257358
0.0176556
0.0146954
0.0156380
0.0151333
0.0099946
0.0049615
0.0091262
0.0237347
0.0374473
0.0382425
0.0270904
0.0152488
0.0105426
0.0111017
0.0111590
0.0086908
0.0071472
0.0111064
0.0194243
0.0234320
0.0156370
-0.0000253
-0.0120925
-0.0168270
-0.0232898
-0.0399470
-0.0613864
-0.0730380
-0.0668720
-0.0493353
-0.0347535
-0.0319741
-0.0366100
-0.0370972
-0.0294643
-0.0228487
-0.0267118
-0.0362770
-0.0373663
-0.0246079
-0.0081790
-0.0016850
-0.0084814
-0.0210115
-0.0295233
-0.0302359
-0.0276376
-0.0293164
-0.0370064
-0.0436666
-0.0411082
-0.0291223
-0.0155977
-0.0093600
-0.0136311
-0.0236372
-0.0298878
-0.0274903
-0.0227035
-0.0251303
-0.0327077
-0.0321242
-0.0179880
-0.0036948
-0.0052667
-0.0188470
-0.0243057
-0.0122836
0.0009939
-0.0075635
-0.0381161
-0.0673702
-0.0822758
-0.1008108
-0.1353788
-0.1302660
0.0333895
0.4263833
0.9504223
1.3531955
1.4017191
1.0647583
0.5327616
0.0598547
-0.2203539
-0.3441543
-0.4161708
-0.4834557
-0.5110541
-0.4569322
-0.3397615
-0.2234850
-0.1525364
-0.1202696
-0.0965324
-0.0683267
-0.0464376
-0.0417604
-0.0470643
-0.0452727
-0.0312395
-0.0187014
-0.0227036
-0.0394483
-0.0502404
-0.0446918
-0.0325302
-0.0299497
-0.0406862
-0.0552775
-0.0648290
-0.0695092
-0.0736113
-0.0761721
-0.0693608
-0.0477217
-0.0185640
0.0010387
0.0015062
-0.0071919
-0.0055253
0.0142132
0.0407476
0.0574795
0.0588014
0.0526103
0.0510603
0.0605769
0.0785513
0.0980283
0.1151996
0.1309660
0.1452458
0.1537152
0.1530764
0.1468247
0.1423023
0.1434677
0.1490372
0.1558411
0.1611280
0.1627759
0.1597043
0.1518243
0.1392332
0.1231952
0.1077652
0.0969201
0.0888446
0.0764098
0.0553778
0.0299225
0.0086462
-0.0029359
-0.0054578
-0.0039601
-0.0039616
-0.0069382
-0.0089594
-0.0054974
0.0027341
0.0107641
0.0150659
0.0152065
0.0107332
0.0005316
-0.0138046
-0.0266638
-0.0317494
-0.0263472
-0.0135239
-0.0012494
0.0029250
-0.0011449
-0.0059581
-0.0051421
-0.0005133
0.0019011
0.0004639
-0.0008885
0.0012212
0.0057030
0.0092875
0.0105046
0.0103962
0.0089381
0.0007325
-0.0226925
-0.0616085
-0.0996206
-0.1129234
-0.0921132
-0.0524274
-0.0196243
-0.0071656
-0.0085213
-0.0090618
-0.0021860
0.0062617
0.0075856
0.0020436
-0.0013737
0.0027050
0.0078711
0.0037488
-0.0106168
-0.0261501
-0.0356484
-0.0410404
-0.0476870
-0.0557005
-0.0596676
-0.0555709
-0.0461361
-0.0388763
-0.0386540
-0.0429033
-0.0460215
-0.0478178
-0.0536152
-0.0647383
-0.0736733
-0.0727767
-0.0650788
-0.0616305
-0.0684447
-0.0797982
-0.0857358
-0.0844976
-0.0855253
-0.0985489
-0.1194759
-0.1303106
-0.1169974
-0.0861298
-0.0590443
-0.0488896
-0.0486215
-0.0435598
-0.0304899
-0.0193342
-0.0180709
-0.0218181
-0.0193116
-0.0076276
0.0038610
0.0053573
-0.0025544
-0.0161126
-0.0419095
-0.0859591
-0.1167277
-0.0504928
0.1957269
0.6115692
1.0519108
1.3071127
1.2421269
0.8901235
0.4209572
0.0146956
-0.2487164
-0.3976868
-0.4921125
-0.5520029
-0.5554987
-0.4863273
-0.3674002
-0.2486658
-0.1704930
-0.1404500
-0.1392263
-0.1433565
-0.1422451
-0.1376775
-0.1328369
-0.1256850
-0.1119553
-0.0909463
-0.0674226
-0.0493837
-0.0432298
-0.0481977
-0.0554103
-0.0551960
-0.0460336
-0.0344446
-0.0264287
-0.0217776
-0.0170022
-0.0106738
-0.0041060
0.0017807
0.0084975
0.0182096
0.0294983
0.0358607
0.0314553
0.0197096
0.0132360
0.0219681
0.0423890
0.0609371
0.0673589
0.0628680
0.0562310
0.0541539
0.0554561
0.0534057
0.0438495
0.0312082
0.0253309
0.0321274
0.0486625
0.0674599
0.0834111
0.0958910
0.1065436
0.1165365
0.1248162
0.1284701
0.1261078
0.1208740
0.1180445
0.1190504
0.1195348
0.1138089
0.0999717
0.0807552
0.0609457
0.0439389
0.0293711
0.0143127
-0.0020508
-0.0159063
-0.0228906
-0.0240113
-0.0253179
-0.0315817
-0.0416546
-0.0499829
-0.0519992
-0.0488998
-0.0477949
-0.0554448
-0.0702852
-0.0821093
-0.0817413
-0.0706337
-0.0597277
-0.0592967
-0.0702476
-0.0839757
-0.0899365
-0.0847057
-0.0745180
-0.0679688
-0.0661890
-0.0620431
-0.0493578
-0.0307079
-0.0149929
-0.0089199
-0.0117556
-0.0169775
-0.0180814
-0.0137087
-0.0077709
-0.0043429
-0.0032025
-0.0015526
0.0009127
0.0008948
-0.0045258
-0.0143551
-0.0241820
-0.0293883
-0.0288422
-0.0267857
-0.0298418
-0.0400181
-0.0512594
-0.0550586
-0.0496394
-0.0423871
-0.0433333
-0.0568140
-0.0784472
-0.0989710
-0.1115604
-0.1163159
-0.1173714
-0.1160856
-0.1092642
-0.0949540
-0.0777452
-0.0660784
-0.0646019
-0.0701560
-0.0750758
-0.0743271
-0.0698829
-0.0675415
-0.0686121
-0.0665346
-0.0547785
-0.0374460
-0.0277211
-0.0337717
-0.0488586
-0.0581372
-0.0542713
-0.0439662
-0.0389135
-0.0422818
-0.0460355
-0.0413706
-0.0290151
-0.0168012
-0.0092658
-0.0047919
-0.0031157
-0.0086388
-0.0223579
-0.0377161
-0.0535515
-0.0856817
-0.1458181
-0.1954916
-0.1325842
0.1433319
0.6216837
1.1316519
1.4259054
1.3490624
0.9490609
0.4310135
-0.0010556
-0.2687214
-0.4130798
-0.4983624
-0.5395321
-0.5142584
-0.4185623
-0.2911908
-0.1842487
-0.1218165
-0.0931426
-0.0792564
-0.0750048
-0.0833705
-0.0987349
-0.1065212
-0.0991354
-0.0847947
-0.0773647
-0.0809825
-0.0875585
-0.0875006
-0.0800976
-0.0733874
-0.0751630
-0.0845577
-0.0924128
-0.0900293
-0.0776478
-0.0646063
-0.0614682
-0.0710163
-0.0850915
-0.0903195
-0.0794047
-0.0579903
-0.0386657
-0.0271682
-0.0165869
0.0030575
0.0314358
0.0569055
0.0685801
0.0672049
0.0633229
0.0658105
0.0735493
0.0789589
0.0788085
0.0789671
0.0866891
0.0999762
0.1080504
0.1029942
0.0886159
0.0768164
0.0767327
0.0880973
0.1034208
0.1149705
0.1199692
0.1202992
0.1182969
0.1137750
0.1050612
0.0914133
0.0734773
0.0525402
0.0303770
0.0085866
-0.0131771
-0.0367492
-0.0610212
-0.0788866
-0.0817024
-0.0682396
-0.0482165
-0.0355424
-0.0370864
-0.0474089
-0.0546621
-0.0523938
-0.0453240
-0.0425500
-0.0457736
-0.0466609
-0.0366829
-0.0177028
-0.0013005
0.0017471
-0.0093112
-0.0254026
-0.0360988
-0.0384499
-0.0380927
-0.0416227
-0.0483993
-0.0509164
-0.0431153
-0.0271488
-0.0117032
-0.0044113
-0.0059397
-0.0108522
-0.0141992
-0.0171960
-0.0253027
-0.0401813
-0.0555026
-0.0630065
-0.0620017
-0.0601522
-0.0639575
-0.0701895
-0.0686728
-0.0540535
-0.0340039
-0.0239017
-0.0315930
-0.0478761
-0.0545399
-0.0428933
-0.0225648
-0.0105592
-0.0132493
-0.0215432
-0.0233566
-0.0179502
-0.0158128
-0.0249622
-0.0402226
-0.0487985
-0.0457305
-0.0393614
-0.0387703
-0.0398794
-0.0308250
-0.0111315
0.0024809
-0.0046659
-0.0241554
-0.0311665
-0.0140094
0.0100848
0.0145968
-0.0056274
-0.0339993
-0.0625126
-0.1038134
-0.1516244
-0.1324546
0.0686630
0.4954027
1.0231466
1.3987391
1.4127009
1.0573159
0.5252321
0.0539732
-0.2362898
-0.3756086
-0.4513542
-0.5062433
-0.5219892
-0.4737283
-0.3744571
-0.2649352
-0.1771204
-0.1181984
-0.0826864
-0.0663083
-0.0652269
-0.0706940
-0.0728645
-0.0699162
-0.0688591
-0.0753406
-0.0849444
-0.0873687
-0.0786354
-0.0659228
-0.0588037
-0.0580680
-0.0560986
-0.0476025
-0.0368622
-0.0330889
-0.0399712
-0.0510723
-0.0554524
-0.0476849
-0.0326283
-0.0202969
-0.0158659
-0.0150785
-0.0095086
0.0047809
0.0245522
0.0441338
0.0611766
0.0777134
0.0966137
0.1173888
0.1353471
0.1452836
0.1465707
0.1444203
0.1455065
0.1519511
0.1594077
0.1612787
0.1558758
0.1501084
0.1546105
0.1727491
0.1943696
0.2030508
0.1913627
0.1680318
0.1487345
0.1404623
0.1362892
0.1251771
0.1049442
0.0839419
0.0703071
0.0618896
0.0490604
0.0269854
0.0019994
-0.0161115
-0.0262314
-0.0371714
-0.0565187
-0.0805329
-0.0966928
-0.0959065
-0.0815557
-0.0664762
-0.0610604
-0.0642245
-0.0661298
-0.0595127
-0.0474207
-0.0393000
-0.0402439
-0.0452148
-0.0441321
-0.0323592
-0.0159380
-0.0061670
-0.0087690
-0.0188165
-0.0267564
-0.0284628
-0.0277452
-0.0292720
-0.0315419
-0.0286203
-0.0179975
-0.0048607
0.0022579
-0.0001257
-0.0068515
-0.0094407
-0.0052437
-0.0006309
-0.0042530
-0.0174711
-0.0326211
-0.0410321
-0.0418345
-0.0420108
-0.0478177
-0.0568782
-0.0598080
-0.0504670
-0.0340239
-0.0230252
-0.0245279
-0.0323811
-0.0338530
-0.0235513
-0.0092497
-0.0035926
-0.0111642
-0.0246225
-0.0331647
-0.0335316
-0.0315840
-0.0332761
-0.0360844
-0.0315837
-0.0165510
0.0006619
0.0066101
-0.0044937
-0.0252192
-0.0420100
-0.0473666
-0.0450408
-0.0438069
-0.0472888
-0.0513135
-0.0512887
-0.0496724
-0.0532391
-0.0632933
-0.0722377
-0.0724772
-0.0670693
-0.0675557
-0.0796377
-0.0936784
-0.0932237
-0.0733143
-0.0468662
-0.0304926
-0.0267184
-0.0246535
-0.0171305
-0.0104868
-0.0145509
-0.0296249
-0.0506817
-0.0786506
-0.1100425
-0.1057905
0.0144883
0.3143782
0.7526020
1.1576735
1.3198877
1.1408789
0.7093942
0.2309248
-0.1240646
-0.3164514
-0.4089189
-0.4670816
-0.4991591
-0.4778721
-0.3957329
-0.2849350
-0.1891984
-0.1292879
-0.0989037
-0.0844313
-0.0790761
-0.0798245
-0.0813900
-0.0799619
-0.0794702
-0.0872004
-0.1021732
-0.1126775
-0.1083999
-0.0925017
-0.0778113
-0.0712537
-0.0658828
-0.0508515
-0.0273999
-0.0107720
-0.0142579
-0.0332732
-0.0483586
-0.0444832
-0.0254158
-0.0080389
-0.0041758
-0.0099138
-0.0120069
-0.0021636
0.0161408
0.0333736
0.0439730
0.0499507
0.0560025
0.0632836
0.0690796
0.0717400
0.0742040
0.0817251
0.0962723
0.1135504
0.1257647
0.1277582
0.1210028
0.1117414
0.1051337
0.1013934
0.0977392
0.0933659
0.0913354
0.0953463
0.1055200
0.1180353
0.1284294
0.1342603
0.1343317
0.1265695
0.1087217
0.0823585
0.0552457
0.0373360
0.0326364
0.0351620
0.0339891
0.0228533
0.0048039
-0.0121844
-0.0233389
-0.0304695
-0.0378575
-0.0459558
-0.0502078
-0.0463806
-0.0363923
-0.0278188
-0.0271154
-0.0334874
-0.0397387
-0.0392399
-0.0320728
-0.0243258
-0.0212737
-0.0214196
-0.0179601
-0.0067779
0.0073817
0.0138941
0.0062358
-0.0111496
-0.0263692
-0.0303558
-0.0233659
-0.0118302
-0.0004517
0.0109637
0.0231694
0.0326406
0.0338402
0.0264644
0.0178585
0.0158531
0.0195863
0.0197358
0.0091050
-0.0081444
-0.0196284
-0.0174689
-0.0068035
-0.0007225
-0.0071356
-0.0215449
-0.0326747
-0.0339801
-0.0288985
-0.0258163
-0.0295345
-0.0378311
-0.0448199
-0.0464009
-0.0430059
-0.0385968
-0.0376262
-0.0421681
-0.0509602
-0.0610057
-0.0703513
-0.0791372
-0.0875009
-0.0928573
-0.0908230
-0.0801448
-0.0661050
-0.0569774
-0.0559617
-0.0577246
-0.0545716
-0.0456608
-0.0379205
-0.0369805
-0.0395229
-0.0376085
-0.0300209
-0.0251189
-0.0297746
-0.0384999
-0.0390599
-0.0293709
-0.0225187
-0.0296837
-0.0417572
-0.0371468
-0.0105700
0.0144524
0.0106431
-0.0197184
-0.0498642
-0.0695171
-0.1016917
-0.1544425
-0.1568626
0.0217509
0.4464811
0.9970758
1.3983547
1.4104403
1.0172783
0.4359092
-0.0615731
-0.3427199
-0.4552535
-0.5107434
-0.5564827
-0.5592868
-0.4834813
-0.3528662
-0.2308826
-0.1583154
-0.1260866
-0.1044360
-0.0825465
-0.0723708
-0.0823899
-0.1004790
-0.1058701
-0.0918499
-0.0713103
-0.0612954
-0.0661821
-0.0765012
-0.0808261
-0.0763460
-0.0690628
-0.0662960
-0.0696896
-0.0743135
-0.0736841
-0.0659518
-0.0556477
-0.0493781
-0.0498831
-0.0546865
-0.0604047
-0.0670750
-0.0767341
-0.0877097
-0.0923001
-0.0825469
-0.0589863
-0.0321006
-0.0131623
-0.0034499
0.0061720
0.0242968
0.0485288
0.0671990
0.0715566
0.0652748
0.0610795
0.0681845
0.0839024
0.0979806
0.1042425
0.1064088
0.1121336
0.1229962
0.1325082
0.1343139
0.1306136
0.1305159
0.1395512
0.1517972
0.1538001
0.1370679
0.1064527
0.0755456
0.0537361
0.0384070
0.0200635
-0.0057260
-0.0325847
-0.0496520
-0.0530139
-0.0501668
-0.0527666
-0.0650053
-0.0796301
-0.0857652
-0.0801102
-0.0694518
-0.0621958
-0.0589309
-0.0527607
-0.0386597
-0.0207475
-0.0087780
-0.0075233
-0.0112960
-0.0105859
-0.0037130
0.0004666
-0.0068859
-0.0225303
-0.0323553
-0.0257401
-0.0072841
0.0075071
0.0080844
-0.0010608
-0.0068049
-0.0026671
0.0041957
0.0016519
-0.0134904
-0.0320296
-0.0422363
-0.0409436
-0.0343178
-0.0300713
-0.0312621
-0.0368137
-0.0450069
-0.0549475
-0.0659861
-0.0775275
-0.0892329
-0.0998507
-0.1054869
-0.1010173
-0.0855786
-0.0664373
-0.0545194
-0.0539887
-0.0574945
-0.0542639
-0.0428129
-0.0330221
-0.0343310
-0.0437608
-0.0480360
-0.0375864
-0.0167876
0.0004346
0.0042650
-0.0027138
-0.0104097
-0.0126623
-0.0124470
-0.0161737
-0.0248285
-0.0323445
-0.0325036
-0.0260967
-0.0202849
-0.0209289
-0.0265088
-0.0308489
-0.0317447
-0.0345187
-0.0447833
-0.0593005
-0.0684737
-0.0690262
-0.0693440
-0.0779054
-0.0902593
-0.0960940
-0.0996511
-0.1191020
-0.1489002
-0.1235734
0.0558246
0.4269128
0.8848916
1.2133406
1.2285698
0.9189502
0.4503519
0.0321055
-0.2303633
-0.3679492
-0.4606566
-0.5386442
-0.5682820
-0.5146418
-0.3955806
-0.2693215
-0.1804571
-0.1294695
-0.0924102
-0.0574209
-0.0342626
-0.0337507
-0.0490521
-0.0615774
-0.0610051
-0.0544574
-0.0558442
-0.0691198
-0.0837413
-0.0859013
-0.0727689
-0.0552032
-0.0472389
-0.0537062
-0.0676790
-0.0786692
-0.0826567
-0.0845639
-0.0913327
-0.1025723
-0.1085145
-0.0982393
-0.0703177
-0.0349125
-0.0053224
0.0122728
0.0215295
0.0302876
0.0428954
0.0570280
0.0669735
0.0700619
0.0701414
0.0745399
0.0873241
0.1053550
0.1206465
0.1266799
0.1234147
0.1170847
0.1148463
0.1188437
0.1254009
0.1300516
0.1325582
0.1362504
0.1430535
0.1503610
0.1530019
0.1477285
0.1355915
0.1200908
0.1031455
0.0833679
0.0589828
0.0320647
0.0083804
-0.0077568
-0.0177573
-0.0272462
-0.0406177
-0.0570690
-0.0710350
-0.0761607
-0.0701122
-0.0569316
-0.0447025
-0.0398064
-0.0422170
-0.0455784
-0.0422007
-0.0296383
-0.0136395
-0.0037621
-0.0043373
-0.0097641
-0.0102197
-0.0024153
0.0065174
0.0066527
-0.0036107
-0.0145431
-0.0134128
0.0036151
0.0272689
0.0429116
0.0429798
0.0322180
0.0215614
0.0180682
0.0204876
0.0223815
0.0180810
0.0068632
-0.0067142
-0.0165758
-0.0204798
-0.0219598
-0.0263507
-0.0346835
-0.0418428
-0.0411486
-0.0312800
-0.0189404
-0.0137988
-0.0194271
-0.0292011
-0.0323380
-0.0243953
-0.0112501
-0.0029721
-0.0048531
-0.0143041
-0.0248939
-0.0324045
-0.0374556
-0.0429623
-0.0494020
-0.0532237
-0.0505269
-0.0419593
-0.0333130
-0.0312875
-0.0384166
-0.0507426
-0.0597299
-0.0582899
-0.0474096
-0.0367303
-0.0363144
-0.0465110
-0.0566470
-0.0550160
-0.0409357
-0.0269239
-0.0278841
-0.0466828
-0.0702349
-0.0809488
-0.0725753
-0.0545245
-0.0414462
-0.0402575
-0.0468382
-0.0522741
-0.0506098
-0.0424656
-0.0335908
-0.0295954
-0.0304546
-0.0302414
-0.0237563
-0.0137185
-0.0095413
-0.0168254
-0.0284411
-0.0295781
-0.0145573
0.0037887
0.0069709
-0.0071507
-0.0233368
-0.0341205
-0.0543306
-0.0907700
-0.0929339
0.0430080
0.3857182
0.8648750
1.2670935
1.3676719
1.0975898
0.5954669
0.0955053
-0.2429626
-0.4118913
-0.4910938
-0.5375353
-0.5433264
-0.4808798
-0.3601352
-0.2305186
-0.1372086
-0.0884161
-0.0647945
-0.0495021
-0.0415233
-0.0442977
-0.0525713
-0.0560537
-0.0516379
-0.0454254
-0.0427581
-0.0413305
-0.0361195
-0.0278316
-0.0233612
-0.0283692
-0.0409342
-0.0527092
-0.0562908
-0.0519888
-0.0472665
-0.0488076
-0.0552957
-0.0588431
-0.0534312
-0.0411438
-0.0300170
-0.0260750
-0.0272738
-0.0254507
-0.0153771
-0.0020184
0.0031863
-0.0051228
-0.0183554
-0.0203249
-0.0016285
0.0323715
0.0665875
0.0882422
0.0952200
0.0946865
0.0945694
0.0967564
0.0985461
0.0991060
0.1020320
0.1111554
0.1256927
0.1405183
0.1503638
0.1535716
0.1529289
0.1529544
0.1549258
0.1542142
0.1440038
0.1225261
0.0959580
0.0736823
0.0608087
0.0547445
0.0481031
0.0351986
0.0166584
-0.0021406
-0.0170699
-0.0286742
-0.0394004
-0.0493077
-0.0560825
-0.0582049
-0.0565210
-0.0533295
-0.0510148
-0.0505809
-0.0502180
-0.0463191
-0.0375304
-0.0272128
-0.0203162
-0.0178491
-0.0155084
-0.0080462
0.0052022
0.0190003
0.0266360
0.0262850
0.0226874
0.0218363
0.0248309
0.0282282
0.0292720
0.0283770
0.0269692
0.0257753
0.0256498
0.0272564
0.0286132
0.0251837
0.0145560
0.0004056
-0.0098332
-0.0118819
-0.0090824
-0.0093562
-0.0167686
-0.0263750
-0.0293620
-0.0239710
-0.0189635
-0.0241722
-0.0390589
-0.0530301
-0.0565854
-0.0502663
-0.0428654
-0.0424190
-0.0489972
-0.0552110
-0.0534796
-0.0430115
-0.0297197
-0.0202001
-0.0170574
-0.0190040
-0.0224771
-0.0227693
-0.0170873
-0.0088868
-0.0071124
-0.0179626
-0.0370850
-0.0515939
-0.0511185
-0.0375656
-0.0240465
-0.0230475
-0.0346500
-0.0470960
-0.0494820
-0.0421035
-0.0331229
-0.0281445
-0.0269116
-0.0284313
-0.0335547
-0.0409458
-0.0452709
-0.0435295
-0.0413500
-0.0481502
-0.0643334
-0.0767544
-0.0716255
-0.0517250
-0.0347689
-0.0313734
-0.0320035
-0.0259597
-0.0277576
-0.0610346
-0.0993892
-0.0380988
0.2355684
0.7125309
1.2040220
1.4436246
1.2827718
0.8068135
0.2622271
-0.1360896
-0.3382620
-0.4272780
-0.4873928
-0.5225391
-0.4907078
-0.3844388
-0.2550951
-0.1638376
-0.1269020
-0.1150906
-0.0967851
-0.0701012
-0.0536254
-0.0568407
-0.0689756
-0.0749294
-0.0727020
-0.0707295
-0.0737121
-0.0778336
-0.0784651
-0.0765670
-0.0762326
-0.0795314
-0.0852141
-0.0900520
-0.0898432
-0.0806007
-0.0610914
-0.0354287
-0.0127009
-0.0014685
-0.0017920
-0.0033136
0.0052441
0.0235892
0.0395858
0.0428693
0.0363262
0.0322461
0.0390061
0.0536206
0.0664228
0.0714083
0.0721179
0.0777885
0.0933810
0.1138461
0.1291481
0.1340848
0.1316797
0.1281899
0.1275084
0.1301557
0.1349095
0.1405559
0.1473851
0.1568601
0.1683848
0.1769732
0.1761664
0.1635992
0.1428655
0.1203225
0.1004727
0.0829517
0.0630966
0.0374923
0.0106063
-0.0062152
-0.0051967
0.0088636
0.0217403
0.0217886
0.0087009
-0.0077974
-0.0168900
-0.0161662
-0.0137718
-0.0199004
-0.0350908
-0.0483316
-0.0479142
-0.0332729
-0.0155149
-0.0069989
-0.0101651
-0.0154876
-0.0111411
0.0037669
0.0168734
0.0160525
0.0041697
-0.0032308
0.0048827
0.0234365
0.0375740
0.0376918
0.0268345
0.0150966
0.0085334
0.0038952
-0.0055752
-0.0199092
-0.0305845
-0.0303052
-0.0221692
-0.0162978
-0.0182921
-0.0234184
-0.0222296
-0.0110412
0.0026508
0.0054794
-0.0085752
-0.0295743
-0.0393288
-0.0297020
-0.0109583
-0.0000502
-0.0029967
-0.0113438
-0.0142891
-0.0111051
-0.0110250
-0.0219552
-0.0402478
-0.0531310
-0.0523876
-0.0438235
-0.0404595
-0.0474503
-0.0572410
-0.0595317
-0.0525632
-0.0438175
-0.0422349
-0.0504608
-0.0626293
-0.0692496
-0.0659761
-0.0579093
-0.0543258
-0.0598547
-0.0717228
-0.0837216
-0.0906398
-0.0903091
-0.0841366
-0.0754296
-0.0658260
-0.0544143
-0.0415100
-0.0313392
-0.0288150
-0.0345577
-0.0443034
-0.0521808
-0.0544166
-0.0521918
-0.0512642
-0.0555803
-0.0604192
-0.0561360
-0.0413374
-0.0284184
-0.0311801
-0.0480145
-0.0620816
-0.0600790
-0.0480955
-0.0444158
-0.0552930
-0.0632891
-0.0477441
-0.0160113
-0.0019235
-0.0253385
-0.0642695
-0.0838935
-0.0882207
-0.1148437
-0.1592212
-0.1210197
0.1319432
0.6142304
1.1398109
1.4202257
1.2813887
0.8022060
0.2419647
-0.1697162
-0.3776179
-0.4648104
-0.5149717
-0.5331443
-0.4837937
-0.3670348
-0.2354256
-0.1446416
-0.1060816
-0.0923797
-0.0783933
-0.0654544
-0.0670602
-0.0835753
-0.1001205
-0.1046640
-0.0982767
-0.0876640
-0.0766094
-0.0677511
-0.0653634
-0.0706217
-0.0775861
-0.0790235
-0.0754029
-0.0747270
-0.0828216
-0.0951360
-0.0994950
-0.0882880
-0.0677141
-0.0522935
-0.0493519
-0.0526374
-0.0534640
-0.0531351
-0.0584997
-0.0677511
-0.0680059
-0.0490547
-0.0158877
0.0146920
0.0292956
0.0297242
0.0297918
0.0396029
0.0538943
0.0591679
0.0521154
0.0455531
0.0532752
0.0732267
0.0898985
0.0915130
0.0815572
0.0740848
0.0795641
0.0950340
0.1079085
0.1101109
0.1068146
0.1086023
0.1169628
0.1223970
0.1165652
0.1010475
0.0827211
0.0648408
0.0451756
0.0208003
-0.0068244
-0.0308964
-0.0443247
-0.0475185
-0.0496064
-0.0592244
-0.0751704
-0.0883806
-0.0913882
-0.0835118
-0.0693677
-0.0558566
-0.0486211
-0.0474134
-0.0455876
-0.0369872
-0.0227808
-0.0099544
-0.0045178
-0.0072620
-0.0137320
-0.0170626
-0.0137560
-0.0082007
-0.0084047
-0.0156904
-0.0219703
-0.0191908
-0.0084629
0.0020764
0.0058328
0.0026337
-0.0026029
-0.0049563
-0.0049922
-0.0087603
-0.0198017
-0.0324650
-0.0373181
-0.0328658
-0.0277359
-0.0310249
-0.0439314
-0.0606315
-0.0737203
-0.0788903
-0.0777380
-0.0762771
-0.0784696
-0.0819215
-0.0817257
-0.0765536
-0.0686673
-0.0605605
-0.0545806
-0.0532090
-0.0561872
-0.0593750
-0.0594865
-0.0579001
-0.0571573
-0.0561839
-0.0520274
-0.0446962
-0.0381008
-0.0373141
-0.0449042
-0.0570637
-0.0638682
-0.0584153
-0.0466266
-0.0425111
-0.0514948
-0.0634032
-0.0649574
-0.0551586
-0.0447264
-0.0426956
-0.0469350
-0.0479949
-0.0412850
-0.0341295
-0.0385819
-0.0584278
-0.0889718
-0.1284669
-0.1740155
-0.1922375
-0.1051707
0.1624678
0.5968047
1.0550525
1.3311576
1.2880353
0.9502729
0.4803369
0.0604799
-0.2176620
-0.3691958
-0.4479677
-0.4800059
-0.4591418
-0.3835638
-0.2770412
-0.1760395
-0.1066449
-0.0745698
-0.0697179
-0.0766282
-0.0830698
-0.0827760
-0.0746999
-0.0632591
-0.0568932
-0.0605071
-0.0691867
-0.0742190
-0.0748963
-0.0785546
-0.0886250
-0.0988001
-0.1007305
-0.0929611
-0.0812317
-0.0738189
-0.0764902
-0.0875630
-0.0975731
-0.0974084
-0.0865937
-0.0710627
-0.0551290
-0.0395470
-0.0249175
-0.0120287
-0.0001057
0.0115534
0.0219394
0.0311824
0.0419977
0.0550335
0.0662535
0.0726101
0.0770195
0.0841999
0.0947223
0.1060207
0.1156757
0.1212348
0.1211766
0.1190145
0.1222086
0.1337448
0.1478605
0.1560889
0.1546718
0.1458156
0.1358188
0.1316254
0.1337055
0.1321452
0.1156265
0.0849544
0.0523194
0.0269475
0.0071190
-0.0132437
-0.0356497
-0.0556605
-0.0665522
-0.0648447
-0.0556435
-0.0503414
-0.0546179
-0.0610897
-0.0584926
-0.0455930
-0.0314555
-0.0248967
-0.0281819
-0.0375689
-0.0449141
-0.0418627
-0.0276224
-0.0106266
0.0005089
0.0044018
0.0032923
-0.0023605
-0.0117623
-0.0208922
-0.0255654
-0.0241453
-0.0160000
-0.0025536
0.0089760
0.0097845
0.0002601
-0.0092220
-0.0108945
-0.0081025
-0.0097521
-0.0211096
-0.0405394
-0.0601101
-0.0696523
-0.0659990
-0.0578899
-0.0562493
-0.0609278
-0.0630552
-0.0585694
-0.0523587
-0.0500473
-0.0520907
-0.0551735
-0.0544669
-0.0467216
-0.0359016
-0.0322729
-0.0404783
-0.0520910
-0.0552440
-0.0477658
-0.0360792
-0.0262383
-0.0216751
-0.0246887
-0.0334824
-0.0407141
-0.0398808
-0.0310753
-0.0188938
-0.0088867
-0.0065504
-0.0141004
-0.0289525
-0.0524140
-0.0943647
-0.1500087
-0.1657327
-0.0491706
0.2579731
0.7028023
1.1184805
1.3137376
1.1943608
0.8248742
0.3778511
0.0103269
-0.2245666
-0.3602748
-0.4370199
-0.4573347
-0.4101167
-0.3107412
-0.2035213
-0.1301504
-0.1008945
-0.0946036
-0.0859955
-0.0724609
-0.0697460
-0.0826809
-0.0929753
-0.0829192
-0.0600361
-0.0470831
-0.0540374
-0.0699661
-0.0784424
-0.0732214
-0.0619465
-0.0591648
-0.0714190
-0.0867728
-0.0857231
-0.0646762
-0.0408564
-0.0323054
-0.0418698
-0.0617747
-0.0825822
-0.0947154
-0.0923251
-0.0803157
-0.0694189
-0.0619943
-0.0504756
-0.0301830
-0.0051180
0.0185647
0.0365185
0.0456272
0.0483196
0.0543498
0.0688600
0.0828024
0.0855728
0.0825395
0.0884301
0.1067494
0.1266913
0.1378353
0.1390982
0.1366248
0.1396556
0.1528934
0.1671517
0.1658440
0.1470653
0.1291433
0.1267744
0.1321965
0.1282000
0.1093524
0.0819385
0.0527927
0.0264324
0.0049597
-0.0150563
-0.0377503
-0.0580784
-0.0675521
-0.0705049
-0.0807221
-0.0997501
-0.1128143
-0.1092057
-0.0937911
-0.0768215
-0.0650594
-0.0627412
-0.0677985
-0.0680024
-0.0541361
-0.0347547
-0.0247180
-0.0233578
-0.0184229
-0.0068349
0.0035456
0.0083059
0.0088014
0.0055909
0.0019357
0.0062274
0.0189603
0.0268276
0.0216022
0.0134709
0.0136019
0.0166119
0.0132173
0.0066532
0.0032874
0.0000520
-0.0067669
-0.0132876
-0.0183388
-0.0279958
-0.0424597
-0.0541961
-0.0642563
-0.0816341
-0.1018945
-0.1078379
-0.0966571
-0.0846512
-0.0803488
-0.0751765
-0.0644705
-0.0551809
-0.0500472
-0.0461046
-0.0489456
-0.0657309
-0.0859256
-0.0920242
-0.0854324
-0.0791702
-0.0730367
-0.0606104
-0.0502348
-0.0522980
-0.0571477
-0.0523489
-0.0480859
-0.0581851
-0.0718595
-0.0721850
-0.0654225
-0.0650539
-0.0662451
-0.0617749
-0.0604557
-0.0653522
-0.0608893
-0.0455979
-0.0458085
-0.0716565
-0.0940492
-0.0905010
-0.0772894
-0.0731558
-0.0712853
-0.0676138
-0.0718506
-0.0731455
-0.0466249
-0.0088629
-0.0069367
-0.0391968
-0.0568244
-0.0571613
-0.0906868
-0.1483224
-0.1241639
0.0754300
0.4456023
0.8981687
1.2703429
1.3444841
1.0157741
0.4650943
0.0132007
-0.2294401
-0.4046142
-0.5743773
-0.5787343
-0.3345764
