-0.0377302
-0.0367370
-0.0340585
-0.0296216
-0.0344700
-0.0740689
-0.1449841
-0.1680583
-0.0154433
0.3778155
0.9117728
1.3449054
1.4523881
1.1907392
0.7193773
0.2629031
-0.0504220
-0.2316637
-0.3496057
-0.4368910
-0.4758348
-0.4481771
-0.3726329
-0.2909485
-0.2304935
-0.1896122
-0.1554149
-0.1255474
-0.1079397
-0.1048526
-0.1062691
-0.1013758
-0.0909806
-0.0837484
-0.0823848
-0.0788185
-0.0645541
-0.0432867
-0.0306821
-0.0402610
-0.0686348
-0.0952702
-0.0992130
-0.0778042
-0.0484848
-0.0315308
-0.0317115
-0.0370042
-0.0332160
-0.0178534
-0.0003951
0.0085570
0.0070087
0.0014127
-0.0009968
0.0020885
0.0095392
0.0209884
0.0368899
0.0550689
0.0700426
0.0770982
0.0762934
0.0722013
0.0707053
0.0759397
0.0881710
0.1026164
0.1107165
0.1052044
0.0869162
0.0676495
0.0639012
0.0834072
0.1157536
0.1386437
0.1372426
0.1182849
0.1032854
0.1066428
0.1211647
0.1259342
0.1077115
0.0732820
0.0406883
0.0202043
0.0063735
-0.0110271
-0.0314013
-0.0423924
-0.0346937
-0.0147226
-0.0002211
-0.0037786
-0.0218114
-0.0392072
-0.0436357
-0.0356260
-0.0261108
-0.0249976
-0.0319565
-0.0378743
-0.0349507
-0.0250902
-0.0181752
-0.0219524
-0.0337041
-0.0424501
-0.0400122
-0.0296278
-0.0226458
-0.0267873
-0.0391985
-0.0515758
-0.0598439
-0.0662715
-0.0730719
-0.0776412
-0.0758744
-0.0679832
-0.0581330
-0.0486076
-0.0373220
-0.0228582
-0.0100113
-0.0067376
-0.0146270
-0.0252626
-0.0289360
-0.0259033
-0.0254920
-0.0333805
-0.0433270
-0.0445068
-0.0352784
-0.0255377
-0.0244796
-0.0294247
-0.0301014
-0.0231121
-0.0180677
-0.0266962
-0.0473821
-0.0641303
-0.0623256
-0.0437735
-0.0244999
-0.0189138
-0.0282485
-0.0437407
-0.0574957
-0.0679550
-0.0764706
-0.0822771
-0.0829519
-0.0791245
-0.0766399
-0.0823463
-0.0972087
-0.1140950
-0.1232035
-0.1201888
-0.1090782
-0.0973527
-0.0886485
-0.0808974
-0.0714514
-0.0621280
-0.0566088
-0.0528277
-0.0420045
-0.0194366
0.0051151
0.0137887
-0.0001388
-0.0247381
-0.0468651
-0.0717223
-0.1093206
-0.1318683
-0.0567524
0.1984924
0.6199978
1.0567168
1.2989248
1.2252917
0.8892117
0.4654008
0.1112605
-0.1263907
-0.2878425
-0.4119452
-0.4864241
-0.4779404
-0.3891575
-0.2708436
-0.1797274
-0.1345035
-0.1156190
-0.0992561
-0.0822369
-0.0751609
-0.0815008
-0.0910948
-0.0924814
-0.0854166
-0.0787668
-0.0787992
-0.0826167
-0.0829888
-0.0775872
-0.0722833
-0.0756628
-0.0907905
-0.1119821
-0.1287361
-0.1326190
-0.1217044
-0.1006012
-0.0774383
-0.0597808
-0.0508950
-0.0479824
-0.0441446
-0.0338641
-0.0180915
-0.0036098
0.0041308
0.0078831
0.0166989
0.0357617
0.0591720
0.0751102
0.0783859
0.0756754
0.0770584
0.0842916
0.0902599
0.0898314
0.0878825
0.0940007
0.1105499
0.1294092
0.1415666
0.1471301
0.1529523
0.1616329
0.1671878
0.1635062
0.1540002
0.1486210
0.1510360
0.1523040
0.1398871
0.1117587
0.0787893
0.0526059
0.0334578
0.0124012
-0.0152121
-0.0415624
-0.0537790
-0.0485690
-0.0370552
-0.0342379
-0.0449944
-0.0616560
-0.0743678
-0.0815025
-0.0887545
-0.0993049
-0.1074538
-0.1035366
-0.0845611
-0.0582582
-0.0358504
-0.0218649
-0.0123981
-0.0028766
0.0048984
0.0054110
-0.0013045
-0.0055968
0.0039120
0.0275055
0.0509857
0.0575986
0.0444448
0.0258841
0.0190727
0.0263776
0.0338751
0.0279292
0.0113798
0.0006761
0.0066863
0.0211169
0.0248671
0.0094175
-0.0135595
-0.0260358
-0.0247187
-0.0240009
-0.0369863
-0.0576596
-0.0663751
-0.0528058
-0.0292634
-0.0185115
-0.0301373
-0.0524031
-0.0676191
-0.0716693
-0.0748893
-0.0851074
-0.0951302
-0.0906394
-0.0689192
-0.0454648
-0.0399607
-0.0572646
-0.0843356
-0.1053663
-0.1171849
-0.1279938
-0.1424616
-0.1519159
-0.1421912
-0.1108018
-0.0735023
-0.0515981
-0.0529017
-0.0663719
-0.0751686
-0.0729008
-0.0658305
-0.0610500
-0.0565535
-0.0454651
-0.0284547
-0.0176212
-0.0249941
-0.0478525
-0.0683926
-0.0699094
-0.0530790
-0.0353363
-0.0340389
-0.0503410
-0.0689518
-0.0727720
-0.0579991
-0.0366246
-0.0258036
-0.0343714
-0.0569859
-0.0785295
-0.0842251
-0.0690941
-0.0417331
-0.0194216
-0.0159674
-0.0308505
-0.0510343
-0.0668062
-0.0851504
-0.1190009
-0.1532562
-0.1227759
0.0569569
0.4109017
0.8423321
1.1604018
1.1985407
0.9337294
0.5021170
0.0947360
-0.1743330
-0.3154833
-0.4025766
-0.4806612
-0.5329908
-0.5214861
-0.4400823
-0.3234068
-0.2143305
-0.1347828
-0.0858136
-0.0623526
-0.0589821
-0.0665930
-0.0747782
-0.0810719
-0.0916730
-0.1080393
-0.1169039
-0.1016654
-0.0650739
-0.0335486
-0.0324462
-0.0585813
-0.0833141
-0.0842828
-0.0688875
-0.0622943
-0.0756446
-0.0930485
-0.0914479
-0.0676476
-0.0405934
-0.0288296
-0.0314732
-0.0332331
-0.0239998
-0.0091415
-0.0013290
-0.0061612
-0.0170431
-0.0215584
-0.0113054
0.0116390
0.0342577
0.0398836
0.0217093
-0.0077604
-0.0239965
-0.0123680
0.0167403
0.0386004
0.0416371
0.0405789
0.0579655
0.0943536
0.1237855
0.1227991
0.0998521
0.0885332
0.1097314
0.1462183
0.1605349
0.1367927
0.0985432
0.0823432
0.0974647
0.1169211
0.1081633
0.0677924
0.0229997
0.0014101
0.0041927
0.0095878
-0.0012157
-0.0255423
-0.0452295
-0.0466476
-0.0325976
-0.0167206
-0.0098396
-0.0126507
-0.0193581
-0.0255424
-0.0315455
-0.0392731
-0.0474519
-0.0512670
-0.0469487
-0.0363005
-0.0261983
-0.0234004
-0.0296158
-0.0409783
-0.0514367
-0.0564545
-0.0544743
-0.0464212
-0.0345336
-0.0209969
-0.0067941
0.0078176
0.0207204
0.0263310
0.0192294
0.0016455
-0.0137968
-0.0126752
0.0071720
0.0310853
0.0398757
0.0280011
0.0085420
-0.0009015
0.0035746
0.0095352
0.0034860
-0.0134368
-0.0266924
-0.0242685
-0.0091086
0.0048552
0.0069484
-0.0019639
-0.0143712
-0.0257988
-0.0372020
-0.0488935
-0.0559240
-0.0527463
-0.0425287
-0.0388291
-0.0545060
-0.0876940
-0.1203169
-0.1329771
-0.1225356
-0.1045823
-0.0979563
-0.1071313
-0.1203451
-0.1241699
-0.1175528
-0.1099742
-0.1074288
-0.1041867
-0.0907439
-0.0679830
-0.0492835
-0.0467173
-0.0572180
-0.0654434
-0.0605912
-0.0479898
-0.0424061
-0.0510930
-0.0656755
-0.0709280
-0.0595827
-0.0376259
-0.0172074
-0.0069643
-0.0082157
-0.0162275
-0.0227902
-0.0206119
-0.0100215
-0.0015030
-0.0068927
-0.0256046
-0.0439980
-0.0537377
-0.0663713
-0.0950696
-0.1118670
-0.0335095
0.2215473
0.6370672
1.0592501
1.2767003
1.1701263
0.8014006
0.3586831
0.0094109
-0.2029162
-0.3359057
-0.4469721
-0.5279820
-0.5325290
-0.4464684
-0.3159577
-0.2077313
-0.1529567
-0.1341313
-0.1184592
-0.0936316
-0.0711335
-0.0645478
-0.0727985
-0.0834400
-0.0861176
-0.0801994
-0.0722294
-0.0691581
-0.0731533
-0.0798225
-0.0805904
-0.0691765
-0.0480761
-0.0282009
-0.0199298
-0.0233961
-0.0283187
-0.0243468
-0.0115281
-0.0001227
-0.0000365
-0.0104719
-0.0197338
-0.0152678
0.0051826
0.0312688
0.0488960
0.0525998
0.0499191
0.0530116
0.0653831
0.0777341
0.0783996
0.0677247
0.0597587
0.0677388
0.0888497
0.1061063
0.1061239
0.0926275
0.0802099
0.0764857
0.0747176
0.0657244
0.0536299
0.0548720
0.0802356
0.1205397
0.1528801
0.1610247
0.1483351
0.1309594
0.1204369
0.1140484
0.1007101
0.0742544
0.0409411
0.0154198
0.0093072
0.0214151
0.0373559
0.0399740
0.0232993
-0.0020437
-0.0181508
-0.0163431
-0.0051430
-0.0014827
-0.0136873
-0.0332664
-0.0434055
-0.0350709
-0.0148069
0.0021499
0.0052488
-0.0041913
-0.0166086
-0.0230137
-0.0208767
-0.0139295
-0.0081418
-0.0075047
-0.0117713
-0.0168475
-0.0177197
-0.0125385
-0.0048502
-0.0012718
-0.0056487
-0.0151325
-0.0230271
-0.0262740
-0.0291390
-0.0377279
-0.0508476
-0.0587223
-0.0530262
-0.0374434
-0.0252279
-0.0247062
-0.0293074
-0.0253755
-0.0102057
0.0012786
-0.0085926
-0.0389432
-0.0671918
-0.0695419
-0.0442858
-0.0135552
-0.0021174
-0.0152222
-0.0366355
-0.0462562
-0.0384461
-0.0244660
-0.0194312
-0.0277890
-0.0403807
-0.0443328
-0.0357693
-0.0235000
-0.0203423
-0.0304752
-0.0455708
-0.0540510
-0.0538474
-0.0543913
-0.0648655
-0.0815868
-0.0895548
-0.0780250
-0.0538680
-0.0376058
-0.0446592
-0.0700082
-0.0919704
-0.0924379
-0.0743971
-0.0590892
-0.0645357
-0.0865710
-0.1026976
-0.0959411
-0.0730970
-0.0560629
-0.0553325
-0.0573201
-0.0421056
-0.0102124
0.0160008
0.0181953
-0.0004853
-0.0303302
-0.0753703
-0.1343262
-0.1521739
-0.0164112
0.3532125
0.8852933
1.3426777
1.4696293
1.1882682
0.6604338
0.1516964
-0.1718315
-0.3251937
-0.4136698
-0.4934635
-0.5319692
-0.4817286
-0.3583378
-0.2318984
-0.1570589
-0.1309620
-0.1186149
-0.1010924
-0.0876940
-0.0902511
-0.1028187
-0.1113997
-0.1132305
-0.1164977
-0.1236444
-0.1247080
-0.1107412
-0.0879158
-0.0720082
-0.0700159
-0.0726626
-0.0666925
-0.0505264
-0.0341258
-0.0252162
-0.0204935
-0.0121338
0.0003751
0.0090604
0.0084425
0.0045844
0.0105012
0.0325678
0.0629786
0.0864942
0.0944750
0.0921826
0.0926652
0.1037043
0.1205692
0.1314743
0.1302809
0.1234453
0.1232507
0.1334549
0.1429580
0.1364347
0.1125166
0.0892660
0.0878734
0.1096929
0.1322210
0.1313889
0.1079701
0.0887362
0.0992298
0.1367828
0.1730446
0.1828312
0.1673106
0.1472618
0.1367243
0.1283697
0.1061276
0.0681646
0.0323852
0.0182901
0.0264594
0.0387033
0.0379187
0.0253116
0.0168207
0.0237020
0.0386673
0.0424743
0.0244200
-0.0043611
-0.0193543
-0.0059074
0.0253863
0.0473020
0.0410444
0.0129857
-0.0135531
-0.0220752
-0.0168471
-0.0136364
-0.0202709
-0.0301771
-0.0344972
-0.0351702
-0.0413621
-0.0544050
-0.0623467
-0.0532487
-0.0314532
-0.0154977
-0.0182708
-0.0323370
-0.0380425
-0.0253094
-0.0043504
0.0058809
-0.0027565
-0.0214653
-0.0358666
-0.0396968
-0.0366001
-0.0321970
-0.0285969
-0.0265573
-0.0286310
-0.0363145
-0.0446983
-0.0439845
-0.0294688
-0.0094663
-0.0001908
-0.0103889
-0.0314937
-0.0451981
-0.0419501
-0.0308043
-0.0292416
-0.0435974
-0.0621188
-0.0691528
-0.0645781
-0.0654365
-0.0864092
-0.1205908
-0.1429272
-0.1337813
-0.0977843
-0.0588729
-0.0385441
-0.0402276
-0.0521982
-0.0607485
-0.0592828
-0.0496378
-0.0404462
-0.0435691
-0.0652837
-0.0962542
-0.1134679
-0.0992152
-0.0605212
-0.0255981
-0.0172008
-0.0313610
-0.0460475
-0.0485934
-0.0474163
-0.0543680
-0.0632770
-0.0554439
-0.0257110
0.0065335
0.0169281
-0.0006523
-0.0377491
-0.0890142
-0.1443184
-0.1537743
-0.0228343
0.3163341
0.8027671
1.2276523
1.3553751
1.0992894
0.5927738
0.0845806
-0.2458461
-0.3873980
-0.4411323
-0.4917001
-0.5386148
-0.5327427
-0.4518452
-0.3291921
-0.2194135
-0.1522423
-0.1214452
-0.1069919
-0.0976713
-0.0938344
-0.0973288
-0.1046431
-0.1088153
-0.1050560
-0.0942197
-0.0819838
-0.0742808
-0.0719703
-0.0698084
-0.0621780
-0.0505978
-0.0441031
-0.0501164
-0.0646412
-0.0732122
-0.0635943
-0.0385258
-0.0156061
-0.0131531
-0.0339120
-0.0609569
-0.0702382
-0.0501907
-0.0117748
0.0209840
0.0329058
0.0318327
0.0401219
0.0705396
0.1111679
0.1362781
0.1326487
0.1131943
0.1031318
0.1142315
0.1352651
0.1472098
0.1438093
0.1346721
0.1311703
0.1349177
0.1413836
0.1495993
0.1624995
0.1782178
0.1870261
0.1809294
0.1640850
0.1491949
0.1430806
0.1395268
0.1284668
0.1092320
0.0904409
0.0772000
0.0634294
0.0402968
0.0099385
-0.0141231
-0.0216570
-0.0176586
-0.0165354
-0.0251608
-0.0348137
-0.0314051
-0.0124386
0.0078536
0.0106757
-0.0097690
-0.0396974
-0.0561637
-0.0459152
-0.0168000
0.0088888
0.0145907
0.0049567
0.0004153
0.0145933
0.0380771
0.0478769
0.0340302
0.0131291
0.0110826
0.0331949
0.0567247
0.0563121
0.0333483
0.0142591
0.0190495
0.0372844
0.0402216
0.0147909
-0.0205713
-0.0361429
-0.0228768
0.0000060
0.0075388
-0.0063745
-0.0282831
-0.0437059
-0.0502853
-0.0531999
-0.0542330
-0.0503535
-0.0410941
-0.0316608
-0.0265560
-0.0234030
-0.0168874
-0.0081488
-0.0061935
-0.0176474
-0.0369903
-0.0502954
-0.0494520
-0.0406371
-0.0369199
-0.0432230
-0.0507438
-0.0471759
-0.0313014
-0.0157390
-0.0146578
-0.0294270
-0.0471794
-0.0534893
-0.0457727
-0.0338951
-0.0284597
-0.0300763
-0.0309274
-0.0258177
-0.0195587
-0.0222774
-0.0381467
-0.0601356
-0.0761670
-0.0796382
-0.0736718
-0.0663277
-0.0630191
-0.0631415
-0.0621958
-0.0562877
-0.0457836
-0.0360604
-0.0340855
-0.0421231
-0.0538362
-0.0579587
-0.0477548
-0.0274385
-0.0088578
-0.0017164
-0.0067991
-0.0173296
-0.0255334
-0.0293037
-0.0360382
-0.0596202
-0.1049379
-0.1441937
-0.1084787
0.0790136
0.4350351
0.8666469
1.1977736
1.2708757
1.0493231
0.6359976
0.1952735
-0.1504037
-0.3659802
-0.4743645
-0.5044605
-0.4714741
-0.3915702
-0.2941327
-0.2099259
-0.1519390
-0.1147815
-0.0912283
-0.0820287
-0.0874369
-0.0964521
-0.0932548
-0.0751887
-0.0579910
-0.0583603
-0.0734522
-0.0827623
-0.0713715
-0.0474279
-0.0334031
-0.0416066
-0.0619607
-0.0743120
-0.0693139
-0.0546584
-0.0428512
-0.0372479
-0.0315933
-0.0204045
-0.0063174
0.0030354
0.0031318
-0.0034893
-0.0097295
-0.0086367
0.0034187
0.0252902
0.0510534
0.0727233
0.0855712
0.0918839
0.0985161
0.1095391
0.1216161
0.1279438
0.1270762
0.1262025
0.1335172
0.1471354
0.1541240
0.1436508
0.1215635
0.1089725
0.1228654
0.1576027
0.1882295
0.1944303
0.1804779
0.1691407
0.1756022
0.1901426
0.1889921
0.1610915
0.1206796
0.0921301
0.0848017
0.0856679
0.0760235
0.0519949
0.0268689
0.0154152
0.0190629
0.0265701
0.0264500
0.0169238
0.0051525
-0.0006526
0.0020337
0.0089708
0.0130043
0.0097332
0.0014188
-0.0038615
0.0019527
0.0200834
0.0427577
0.0578591
0.0568840
0.0402945
0.0167993
-0.0025563
-0.0114840
-0.0118527
-0.0104995
-0.0116086
-0.0118041
-0.0039604
0.0130231
0.0292739
0.0313146
0.0157602
-0.0054946
-0.0157447
-0.0095290
0.0028475
0.0072046
0.0006383
-0.0064134
-0.0025647
0.0118395
0.0249654
0.0251609
0.0114801
-0.0063279
-0.0165240
-0.0142918
-0.0045314
0.0021674
-0.0027251
-0.0190008
-0.0370630
-0.0450298
-0.0387020
-0.0253681
-0.0170724
-0.0195345
-0.0280024
-0.0341343
-0.0358737
-0.0391725
-0.0501181
-0.0670669
-0.0817943
-0.0876953
-0.0853254
-0.0799298
-0.0755720
-0.0732143
-0.0731657
-0.0761581
-0.0806349
-0.0813790
-0.0743678
-0.0634391
-0.0588774
-0.0663488
-0.0781372
-0.0789836
-0.0623817
-0.0390148
-0.0263836
-0.0308200
-0.0428963
-0.0511223
-0.0559764
-0.0660463
-0.0816921
-0.0890326
-0.0746656
-0.0441139
-0.0200097
-0.0198837
-0.0387462
-0.0563733
-0.0597774
-0.0544174
-0.0531821
-0.0589814
-0.0618802
-0.0521491
-0.0333123
-0.0228212
-0.0412175
-0.0952072
-0.1589915
-0.1658204
-0.0312314
0.2859526
0.7219529
1.1090394
1.2648107
1.1129136
0.7346187
0.3035494
-0.0384076
-0.2550956
-0.3881723
-0.4774306
-0.5180960
-0.4870201
-0.3908206
-0.2752007
-0.1891058
-0.1481821
-0.1345452
-0.1244943
-0.1102040
-0.0979557
-0.0944400
-0.0993298
-0.1077227
-0.1146484
-0.1168768
-0.1137757
-0.1082035
-0.1049776
-0.1067058
-0.1115826
-0.1162128
-0.1195767
-0.1223657
-0.1228005
-0.1160191
-0.0998633
-0.0804827
-0.0695531
-0.0740657
-0.0885451
-0.0977235
-0.0877880
-0.0570571
-0.0180238
0.0107967
0.0179499
0.0077446
-0.0030913
0.0004554
0.0186869
0.0381332
0.0460244
0.0431175
0.0409806
0.0475547
0.0585360
0.0646648
0.0650100
0.0687847
0.0829323
0.1012621
0.1096861
0.1023786
0.0899495
0.0897723
0.1090159
0.1382793
0.1608060
0.1659422
0.1541335
0.1325290
0.1089451
0.0890343
0.0748843
0.0633759
0.0474203
0.0225900
-0.0060788
-0.0262258
-0.0298994
-0.0228363
-0.0192638
-0.0262285
-0.0354639
-0.0338808
-0.0214605
-0.0143001
-0.0266503
-0.0518278
-0.0658971
-0.0525518
-0.0217052
0.0001603
-0.0022578
-0.0183942
-0.0260237
-0.0167660
-0.0034829
-0.0029106
-0.0156118
-0.0261758
-0.0211481
-0.0026681
0.0161182
0.0254484
0.0259455
0.0232229
0.0198594
0.0143341
0.0054145
-0.0054135
-0.0158496
-0.0248705
-0.0319211
-0.0355055
-0.0344158
-0.0302399
-0.0269945
-0.0272130
-0.0289587
-0.0279386
-0.0230757
-0.0193858
-0.0241408
-0.0391545
-0.0567316
-0.0643515
-0.0550975
-0.0344448
-0.0162276
-0.0106850
-0.0159775
-0.0218631
-0.0217261
-0.0198291
-0.0255268
-0.0408447
-0.0558915
-0.0581108
-0.0454549
-0.0285991
-0.0195829
-0.0197998
-0.0209084
-0.0170475
-0.0134149
-0.0204924
-0.0402617
-0.0608461
-0.0670856
-0.0564192
-0.0427360
-0.0434961
-0.0633787
-0.0909426
-0.1102293
-0.1139767
-0.1059786
-0.0940636
-0.0842092
-0.0805807
-0.0859555
-0.0976096
-0.1043208
-0.0936620
-0.0663268
-0.0405926
-0.0365804
-0.0540145
-0.0696492
-0.0612366
-0.0328548
-0.0115343
-0.0178330
-0.0453673
-0.0737201
-0.0949945
-0.1128166
-0.1077014
-0.0160988
0.2291712
0.6167522
1.0158923
1.2381525
1.1653022
0.8339478
0.4014869
0.0281168
-0.2176203
-0.3582606
-0.4389282
-0.4731481
-0.4490627
-0.3687458
-0.2658278
-0.1837044
-0.1439698
-0.1387581
-0.1475282
-0.1545047
-0.1519993
-0.1367243
-0.1105996
-0.0839113
-0.0708323
-0.0773641
-0.0946884
-0.1072637
-0.1079575
-0.1035042
-0.1043429
-0.1107572
-0.1112247
-0.0948339
-0.0640878
-0.0344266
-0.0211343
-0.0267212
-0.0401562
-0.0471466
-0.0412272
-0.0267042
-0.0129072
-0.0058764
-0.0039123
0.0005792
0.0147183
0.0386058
0.0635723
0.0777499
0.0757174
0.0639274
0.0557416
0.0596535
0.0723054
0.0839303
0.0902551
0.0968217
0.1099988
0.1253965
0.1291436
0.1130303
0.0868305
0.0721336
0.0823910
0.1102929
0.1360250
0.1467244
0.1458764
0.1445669
0.1474877
0.1500680
0.1469175
0.1381382
0.1258294
0.1083778
0.0829477
0.0533378
0.0305708
0.0224454
0.0244901
0.0250549
0.0192004
0.0134749
0.0150143
0.0197856
0.0169084
0.0042633
-0.0062254
-0.0028817
0.0095025
0.0141652
0.0041161
-0.0065696
0.0014159
0.0274741
0.0483467
0.0430964
0.0166677
-0.0060671
-0.0081619
0.0029988
0.0085245
0.0019941
-0.0048250
0.0009133
0.0162553
0.0259162
0.0199308
0.0038548
-0.0084825
-0.0091215
-0.0018439
0.0031435
-0.0022127
-0.0187665
-0.0396360
-0.0538299
-0.0541156
-0.0449613
-0.0417602
-0.0578898
-0.0899360
-0.1173398
-0.1199681
-0.0972984
-0.0689798
-0.0551412
-0.0566324
-0.0561099
-0.0389090
-0.0113133
0.0038597
-0.0093887
-0.0421109
-0.0671202
-0.0648542
-0.0425260
-0.0267382
-0.0365290
-0.0640920
-0.0827871
-0.0739233
-0.0446037
-0.0191056
-0.0145088
-0.0266358
-0.0388942
-0.0410705
-0.0367040
-0.0339004
-0.0339153
-0.0316051
-0.0247603
-0.0183590
-0.0180465
-0.0223354
-0.0247277
-0.0234164
-0.0257172
-0.0406679
-0.0679789
-0.0960228
-0.1110316
-0.1078251
-0.0924980
-0.0768029
-0.0704502
-0.0763432
-0.0900866
-0.1035218
-0.1106770
-0.1117865
-0.1111444
-0.1106896
-0.1071527
-0.0970587
-0.0832983
-0.0735345
-0.0711162
-0.0704384
-0.0640482
-0.0526413
-0.0439386
-0.0414695
-0.0394177
-0.0319527
-0.0238253
-0.0252786
-0.0372724
-0.0504218
-0.0625409
-0.0859240
-0.1189110
-0.1070417
0.0443656
0.3850990
0.8316893
1.1793392
1.2347250
0.9633084
0.5140786
0.0964076
-0.1740020
-0.3211325
-0.4260503
-0.5215449
-0.5720310
-0.5378869
-0.4349142
-0.3230507
-0.2490498
-0.2135749
-0.1914958
-0.1692090
-0.1533077
-0.1500868
-0.1503914
-0.1395500
-0.1159309
-0.0929067
-0.0833218
-0.0867430
-0.0926856
-0.0922408
-0.0839509
-0.0710587
-0.0574047
-0.0464581
-0.0409538
-0.0409707
-0.0431597
-0.0434172
-0.0399782
-0.0329926
-0.0222838
-0.0079647
0.0066077
0.0154408
0.0158946
0.0130261
0.0152966
0.0255943
0.0388002
0.0493491
0.0586805
0.0719724
0.0882534
0.0983929
0.0959902
0.0878224
0.0883181
0.1019994
0.1151102
0.1090139
0.0818297
0.0531523
0.0452233
0.0612016
0.0845031
0.0986052
0.1037580
0.1124605
0.1314824
0.1529423
0.1639931
0.1615399
0.1536543
0.1473064
0.1391397
0.1211684
0.0935952
0.0675843
0.0533210
0.0474417
0.0357800
0.0097038
-0.0222041
-0.0411260
-0.0370392
-0.0195048
-0.0086746
-0.0162520
-0.0362329
-0.0536782
-0.0604001
-0.0607017
-0.0629923
-0.0685815
-0.0703279
-0.0614676
-0.0440098
-0.0279350
-0.0229004
-0.0308450
-0.0452072
-0.0558534
-0.0554185
-0.0433131
-0.0252932
-0.0086959
0.0031327
0.0120240
0.0205880
0.0277519
0.0304083
0.0292723
0.0301166
0.0365711
0.0429947
0.0387033
0.0213011
0.0028219
-0.0018093
0.0075007
0.0143769
0.0052244
-0.0126944
-0.0180768
-0.0018289
0.0184082
0.0153570
-0.0166047
-0.0522614
-0.0609302
-0.0390716
-0.0138099
-0.0136260
-0.0389901
-0.0646223
-0.0690111
-0.0575715
-0.0550394
-0.0773970
-0.1143501
-0.1396351
-0.1363368
-0.1107699
-0.0830534
-0.0670153
-0.0607155
-0.0549293
-0.0471512
-0.0442585
-0.0515425
-0.0623975
-0.0626243
-0.0461223
-0.0242327
-0.0165337
-0.0314084
-0.0571849
-0.0739655
-0.0735679
-0.0660195
-0.0663201
-0.0771344
-0.0865552
-0.0821051
-0.0645229
-0.0470395
-0.0427012
-0.0534758
-0.0702508
-0.0812723
-0.0809140
-0.0728706
-0.0663018
-0.0675088
-0.0737497
-0.0761179
-0.0702725
-0.0631283
-0.0654598
-0.0778914
-0.0899314
-0.0968404
-0.1101195
-0.1355654
-0.1337888
-0.0175385
0.2817608
0.7232831
1.1362850
1.3150829
1.1629280
0.7600245
0.2957123
-0.0695837
-0.2898632
-0.4088968
-0.4778339
-0.5064043
-0.4806193
-0.4038074
-0.3068900
-0.2234193
-0.1657190
-0.1274851
-0.1014485
-0.0873809
-0.0853307
-0.0891755
-0.0910020
-0.0890453
-0.0873638
-0.0883383
-0.0893447
-0.0882412
-0.0890813
-0.0986076
-0.1167592
-0.1333295
-0.1361119
-0.1220319
-0.0991525
-0.0780530
-0.0627708
-0.0507512
-0.0399274
-0.0330289
-0.0335971
-0.0390427
-0.0401255
-0.0287209
-0.0058244
0.0188555
0.0352618
0.0407674
0.0404412
0.0412718
0.0471138
0.0583880
0.0744443
0.0944844
0.1163461
0.1358645
0.1485617
0.1521151
0.1472979
0.1373682
0.1272305
0.1222534
0.1256748
0.1357835
0.1464620
0.1523038
0.1537587
0.1561050
0.1623732
0.1681731
0.1655009
0.1522081
0.1357008
0.1248598
0.1186430
0.1059393
0.0792925
0.0474036
0.0297936
0.0363965
0.0541178
0.0576681
0.0357009
0.0041874
-0.0095198
0.0034325
0.0221780
0.0176010
-0.0153212
-0.0495566
-0.0524016
-0.0190270
0.0221174
0.0373421
0.0193235
-0.0099067
-0.0249019
-0.0217330
-0.0159045
-0.0191673
-0.0242464
-0.0153111
0.0093198
0.0304417
0.0266672
-0.0020008
-0.0326957
-0.0426593
-0.0315455
-0.0188324
-0.0201281
-0.0294853
-0.0273293
-0.0042444
0.0267963
0.0435100
0.0377193
0.0230531
0.0190379
0.0296993
0.0399028
0.0326356
0.0080761
-0.0157379
-0.0207933
-0.0064897
0.0111762
0.0168930
0.0112730
0.0084624
0.0193279
0.0382941
0.0478138
0.0360148
0.0093582
-0.0127597
-0.0159339
-0.0030467
0.0106197
0.0127156
0.0030719
-0.0108838
-0.0243329
-0.0382765
-0.0539469
-0.0678863
-0.0748920
-0.0743521
-0.0706057
-0.0665672
-0.0600231
-0.0488372
-0.0379955
-0.0367051
-0.0465290
-0.0560443
-0.0522686
-0.0373915
-0.0289426
-0.0394380
-0.0584122
-0.0608142
-0.0355374
-0.0012891
0.0113430
-0.0066026
-0.0320416
-0.0357871
-0.0153181
0.0037751
-0.0012746
-0.0243392
-0.0394560
-0.0322479
-0.0151046
-0.0096249
-0.0204733
-0.0330257
-0.0348156
-0.0310544
-0.0350187
-0.0486827
-0.0606030
-0.0622816
-0.0583223
-0.0566314
-0.0564179
-0.0556520
-0.0660008
-0.1009605
-0.1343153
-0.0797857
0.1572601
0.5797043
1.0459505
1.3369806
1.3041810
0.9727977
0.5112574
0.1008507
-0.1746909
-0.3362150
-0.4367243
-0.4965653
-0.5002534
-0.4349394
-0.3183602
-0.1919639
-0.0952524
-0.0468385
-0.0412187
-0.0567735
-0.0698564
-0.0697394
-0.0643668
-0.0693906
-0.0889684
-0.1091066
-0.1129235
-0.1010758
-0.0921234
-0.1007045
-0.1193901
-0.1271497
-0.1151725
-0.0986310
-0.0990561
-0.1175361
-0.1308085
-0.1158064
-0.0749922
-0.0341951
-0.0164922
-0.0216786
-0.0317186
-0.0319493
-0.0228724
-0.0127930
-0.0048668
0.0048937
0.0191595
0.0339367
0.0436647
0.0491877
0.0574262
0.0728644
0.0916231
0.1053529
0.1097718
0.1076479
0.1041170
0.1018194
0.1017759
0.1064599
0.1181723
0.1336220
0.1433630
0.1402416
0.1284287
0.1206780
0.1240205
0.1296990
0.1212326
0.0938810
0.0630292
0.0495153
0.0570101
0.0677036
0.0621225
0.0402407
0.0193866
0.0125460
0.0140423
0.0093405
-0.0049168
-0.0167605
-0.0154018
-0.0061179
-0.0035935
-0.0123636
-0.0202682
-0.0140580
0.0025989
0.0118200
0.0019338
-0.0190148
-0.0318641
-0.0255300
-0.0050905
0.0168248
0.0317300
0.0373924
0.0332941
0.0197859
0.0022001
-0.0089010
-0.0057190
0.0087670
0.0231278
0.0282164
0.0240780
0.0162662
0.0081226
-0.0010162
-0.0114008
-0.0202600
-0.0249923
-0.0267865
-0.0284906
-0.0293675
-0.0249315
-0.0135791
-0.0013711
0.0030174
-0.0014768
-0.0060123
-0.0021503
0.0068106
0.0081046
-0.0056572
-0.0259758
-0.0353436
-0.0248468
-0.0033480
0.0116111
0.0109821
0.0012221
-0.0048895
-0.0020747
0.0038639
0.0046649
-0.0006237
-0.0050143
-0.0013198
0.0103202
0.0218049
0.0232611
0.0111620
-0.0076595
-0.0200566
-0.0171421
-0.0033111
0.0054846
-0.0049690
-0.0333931
-0.0626765
-0.0748436
-0.0671558
-0.0529419
-0.0467922
-0.0508992
-0.0571911
-0.0604466
-0.0646397
-0.0746781
-0.0856963
-0.0859268
-0.0712921
-0.0532295
-0.0481849
-0.0599493
-0.0756626
-0.0799446
-0.0698583
-0.0541734
-0.0415676
-0.0345963
-0.0338744
-0.0406146
-0.0515056
-0.0581091
-0.0601640
-0.0750213
-0.1154412
-0.1450101
-0.0675204
0.2064454
0.6547205
1.1053491
1.3290204
1.2010625
0.7915078
0.3015381
-0.0902658
-0.3298921
-0.4631814
-0.5411878
-0.5654049
-0.5144428
-0.3976120
-0.2647486
-0.1665508
-0.1170531
-0.0971016
-0.0844419
-0.0720194
-0.0618074
-0.0537751
-0.0472992
-0.0474341
-0.0606114
-0.0828562
-0.0984237
-0.0947552
-0.0770528
-0.0639614
-0.0680561
-0.0830728
-0.0919102
-0.0856915
-0.0726424
-0.0681215
-0.0778923
-0.0925001
-0.0972052
-0.0859644
-0.0658840
-0.0495596
-0.0436800
-0.0439429
-0.0399074
-0.0252090
-0.0041803
0.0114338
0.0133694
0.0053477
0.0003538
0.0082695
0.0257067
0.0391525
0.0397412
0.0348030
0.0424387
0.0723858
0.1127318
0.1383552
0.1346011
0.1123100
0.0981355
0.1096197
0.1401011
0.1675425
0.1763417
0.1692543
0.1594276
0.1544716
0.1508779
0.1425325
0.1304436
0.1215186
0.1190872
0.1174585
0.1068146
0.0826447
0.0500695
0.0198399
0.0006270
-0.0059430
-0.0047589
-0.0029648
-0.0055220
-0.0130147
-0.0221269
-0.0280203
-0.0274031
-0.0208493
-0.0130989
-0.0108481
-0.0186851
-0.0352886
-0.0531744
-0.0637140
-0.0639406
-0.0579834
-0.0506198
-0.0403454
-0.0217162
0.0042129
0.0244744
0.0234412
-0.0006740
-0.0301524
-0.0412107
-0.0243277
0.0088190
0.0379853
0.0520729
0.0536716
0.0489865
0.0382740
0.0186167
-0.0064638
-0.0247717
-0.0249502
-0.0074700
0.0148723
0.0273652
0.0245556
0.0127941
0.0037138
0.0053130
0.0170096
0.0303651
0.0340646
0.0211756
-0.0047132
-0.0299544
-0.0405361
-0.0345825
-0.0253219
-0.0291254
-0.0484861
-0.0671941
-0.0647102
-0.0374141
-0.0052890
0.0050704
-0.0137148
-0.0412963
-0.0486670
-0.0263014
0.0075000
0.0259769
0.0193312
-0.0003887
-0.0170002
-0.0274982
-0.0391051
-0.0526976
-0.0565368
-0.0406053
-0.0138402
-0.0002292
-0.0151146
-0.0486804
-0.0760095
-0.0814865
-0.0699964
-0.0560687
-0.0481489
-0.0458199
-0.0472833
-0.0531303
-0.0628281
-0.0728667
-0.0807738
-0.0871435
-0.0909314
-0.0884835
-0.0855099
-0.1055620
-0.1660850
-0.2290335
-0.1854106
0.0753332
0.5477633
1.0585335
1.3563987
1.2864251
0.8983864
0.3946669
-0.0267761
-0.2897467
-0.4309452
-0.5096866
-0.5431888
-0.5176180
-0.4334616
-0.3219584
-0.2219743
-0.1541806
-0.1193960
-0.1107150
-0.1187394
-0.1297139
-0.1297103
-0.1157491
-0.0993963
-0.0949840
-0.1047678
-0.1186598
-0.1280667
-0.1352493
-0.1461857
-0.1579642
-0.1596424
-0.1466387
-0.1289989
-0.1211294
-0.1251554
-0.1286595
-0.1194724
-0.0996650
-0.0827807
-0.0782479
-0.0808950
-0.0770092
-0.0597588
-0.0366283
-0.0208317
-0.0166646
-0.0147740
-0.0016594
0.0267080
0.0597052
0.0796661
0.0767431
0.0590664
0.0475065
0.0570013
0.0818311
0.1013689
0.1016565
0.0896814
0.0845789
0.0957475
0.1125922
0.1176832
0.1084603
0.1016527
0.1135501
0.1387180
0.1537305
0.1426557
0.1136354
0.0874049
0.0741204
0.0670086
0.0564880
0.0429253
0.0323154
0.0239399
0.0089321
-0.0165414
-0.0402730
-0.0428367
-0.0208144
0.0030170
-0.0000993
-0.0336308
-0.0702667
-0.0801478
-0.0604862
-0.0344654
-0.0245838
-0.0312194
-0.0365028
-0.0267774
-0.0100914
-0.0085760
-0.0302805
-0.0530369
-0.0462168
-0.0090425
0.0244229
0.0239757
-0.0036704
-0.0292132
