-0.0114044
0.0145580
0.0065553
0.0069321
0.0246538
0.0331853
0.0260198
0.0242751
0.0330479
0.0324599
0.0153514
0.0011238
0.0063967
0.0250364
0.0401726
0.0389095
0.0175873
-0.0111665
-0.0220474
-0.0049361
0.0169470
0.0142263
-0.0098536
-0.0266245
-0.0226960
-0.0132375
-0.0154521
-0.0271558
-0.0358583
-0.0372728
-0.0397928
-0.0544732
-0.0802788
-0.0986134
-0.0894074
-0.0557468
-0.0235522
-0.0120499
-0.0146870
-0.0156296
-0.0136692
-0.0190900
-0.0346412
-0.0511465
-0.0589126
-0.0555120
-0.0445958
-0.0329828
-0.0274295
-0.0304234
-0.0394454
-0.0498716
-0.0561452
-0.0532917
-0.0435460
-0.0384725
-0.0453225
-0.0525911
-0.0403857
-0.0076478
0.0208802
0.0200726
-0.0092052
-0.0432246
-0.0603529
-0.0591162
-0.0540471
-0.0572406
-0.0657889
-0.0689386
-0.0656222
-0.0674497
-0.0807909
-0.0933409
-0.0866548
-0.0590834
-0.0291019
-0.0168518
-0.0271915
-0.0487047
-0.0636017
-0.0596952
-0.0388571
-0.0160295
-0.0077083
-0.0190259
-0.0396176
-0.0503438
-0.0379450
-0.0101936
0.0045118
-0.0169032
-0.0616036
-0.0848040
-0.0544995
0.0095218
0.0508626
0.0348480
-0.0138427
-0.0403937
-0.0272681
-0.0179575
-0.0527674
-0.0791972
0.0428621
0.4063126
0.9155269
1.3043490
1.3295776
0.9672974
0.4252821
-0.0348429
-0.2910186
-0.3983392
-0.4686348
-0.5398544
-0.5643129
-0.4969265
-0.3622609
-0.2287223
-0.1389198
-0.0844391
-0.0411133
-0.0072306
0.0006501
-0.0220015
-0.0543300
-0.0684479
-0.0561243
-0.0341451
-0.0243359
-0.0316090
-0.0432103
-0.0463091
-0.0415041
-0.0389470
-0.0451963
-0.0554372
-0.0571082
-0.0421904
-0.0188516
-0.0087104
-0.0257851
-0.0566633
-0.0683777
-0.0419528
0.0036144
0.0260732
0.0013267
-0.0498528
-0.0778278
-0.0494606
0.0200689
0.0803889
0.0911352
0.0541482
0.0039648
-0.0265373
-0.0280971
-0.0104849
0.0129918
0.0341852
0.0500772
0.0602553
0.0653149
0.0663578
0.0650362
0.0634765
0.0642366
0.0704999
0.0844705
0.1029981
0.1161055
0.1146926
0.1013246
0.0894918
0.0891584
0.0952190
0.0932115
0.0756019
0.0502210
0.0325156
0.0302523
0.0359576
0.0350426
0.0221495
0.0078985
0.0066481
0.0178498
0.0230497
0.0036971
-0.0386021
-0.0805056
-0.0962132
-0.0799230
-0.0502257
-0.0311776
-0.0286052
-0.0277070
-0.0153293
0.0000897
-0.0031733
-0.0323607
-0.0668134
-0.0762337
-0.0512014
-0.0130769
0.0069426
-0.0023081
-0.0235769
-0.0315262
-0.0185534
0.0013082
0.0111340
0.0085445
0.0041363
0.0077009
0.0191205
0.0301633
0.0320230
0.0222318
0.0066182
-0.0059408
-0.0120787
-0.0164722
-0.0244770
-0.0333273
-0.0334689
-0.0202273
-0.0028860
0.0014970
-0.0135291
-0.0330239
-0.0339319
-0.0122089
0.0075866
-0.0040448
-0.0485426
-0.0951140
-0.1114197
-0.0951632
-0.0728673
-0.0696894
-0.0841989
-0.0937764
-0.0822657
-0.0584754
-0.0454962
-0.0538636
-0.0694049
-0.0688475
-0.0447233
-0.0128204
0.0034633
-0.0055354
-0.0284218
-0.0443146
-0.0418565
-0.0281272
-0.0191105
-0.0216217
-0.0256582
-0.0147242
0.0172246
0.0584520
0.0868094
0.0849677
0.0529778
0.0095649
-0.0204120
-0.0245774
-0.0125263
-0.0063822
-0.0192899
-0.0419401
-0.0523734
-0.0413258
-0.0251098
-0.0276758
-0.0508868
-0.0724626
-0.0779761
-0.0806925
-0.0875888
-0.0442424
0.1552681
0.5626121
1.0648669
1.4051872
1.3584287
0.9179939
0.3125304
-0.1744513
-0.4140903
-0.4782383
-0.5043884
-0.5424213
-0.5377854
-0.4363504
-0.2698245
-0.1284361
-0.0687624
-0.0681701
-0.0673109
-0.0392862
-0.0069674
-0.0014763
-0.0199335
-0.0291349
-0.0025582
0.0534026
0.1060293
0.1225351
0.0933020
0.0390834
-0.0023708
-0.0050752
0.0225871
0.0462701
0.0420028
0.0227566
0.0224312
0.0523981
0.0823845
0.0737637
0.0304302
0.0046594
0.0431374
0.1314921
0.2044139
0.2145312
0.1823707
0.1702127
0.2114792
0.2765771
0.3092132
0.2860081
0.2332916
0.1915578
0.1756131
0.1725493
0.1680734
0.1619569
0.1571291
0.1459583
0.1180646
0.0790742
0.0511036
0.0504502
0.0702604
0.0899844
0.0982509
0.0999070
0.1009064
0.0939804
0.0659581
0.0185435
-0.0246833
-0.0375230
-0.0175002
0.0103339
0.0170246
-0.0051240
-0.0411781
-0.0720361
-0.0889990
-0.0923503
-0.0839403
-0.0664857
-0.0472956
-0.0360491
-0.0357554
-0.0382679
-0.0327718
-0.0195776
-0.0122792
-0.0229878
-0.0464896
-0.0630596
-0.0585559
-0.0394045
-0.0258065
-0.0314196
-0.0511309
-0.0673314
-0.0661942
-0.0488190
-0.0292914
-0.0227214
-0.0332260
-0.0512189
-0.0618168
-0.0572667
-0.0431761
-0.0332809
-0.0369383
-0.0505610
-0.0615530
-0.0608010
-0.0500878
-0.0371886
-0.0271613
-0.0217969
-0.0249867
-0.0413436
-0.0659524
-0.0802258
-0.0659184
-0.0263585
0.0101615
0.0140735
-0.0163783
-0.0522709
-0.0625320
-0.0436281
-0.0182038
-0.0068701
-0.0084453
-0.0106260
-0.0129989
-0.0297846
-0.0683446
-0.1123784
-0.1336330
-0.1206385
-0.0916413
-0.0764989
-0.0872254
-0.1087383
-0.1175545
-0.1055364
-0.0837158
-0.0670720
-0.0610126
-0.0621706
-0.0661416
-0.0702591
-0.0713434
-0.0659532
-0.0546601
-0.0440107
-0.0419727
-0.0509589
-0.0656980
-0.0778005
-0.0820874
-0.0795977
-0.0770657
-0.0840978
-0.1063366
-0.1355834
-0.1481943
-0.1232006
-0.0691362
-0.0271716
-0.0351629
-0.0849833
-0.1249918
-0.1140614
-0.0691568
-0.0475296
-0.0796379
-0.1330461
-0.1546867
-0.1389378
-0.1269340
-0.1254375
-0.0492623
0.2137614
0.6587951
1.1005482
1.2863708
1.0946733
0.6284119
0.1186131
-0.2560585
-0.4613211
-0.5547698
-0.5843189
-0.5535723
-0.4629837
-0.3466720
-0.2523795
-0.1985016
-0.1680532
-0.1422035
-0.1238836
-0.1232773
-0.1329602
-0.1312189
-0.1086252
-0.0800464
-0.0655616
-0.0664155
-0.0677333
-0.0626165
-0.0633068
-0.0828465
-0.1112534
-0.1195076
-0.0896459
-0.0354915
0.0103877
0.0273857
0.0208982
0.0088742
0.0017342
-0.0016700
-0.0034761
0.0001868
0.0130594
0.0291885
0.0346143
0.0207308
-0.0050527
-0.0229845
-0.0149997
0.0236173
0.0816159
0.1361518
0.1616385
0.1425547
0.0850703
0.0170653
-0.0278081
-0.0316786
-0.0024526
0.0351368
0.0583095
0.0590351
0.0434796
0.0239128
0.0124710
0.0184305
0.0444030
0.0817338
0.1127980
0.1232940
0.1142124
0.0999979
0.0938124
0.0958591
0.0973562
0.0946333
0.0961724
0.1134007
0.1447246
0.1710401
0.1695733
0.1332838
0.0769838
0.0253055
-0.0048324
-0.0122890
-0.0070960
-0.0004490
0.0026841
0.0048824
0.0120723
0.0271140
0.0459978
0.0599958
0.0626036
0.0556731
0.0485670
0.0494434
0.0561390
0.0569829
0.0429367
0.0190679
0.0019087
0.0040743
0.0222108
0.0410585
0.0486393
0.0458449
0.0410628
0.0380264
0.0325045
0.0217404
0.0133086
0.0192891
0.0404236
0.0601893
0.0591924
0.0357261
0.0092110
0.0016619
0.0166702
0.0376711
0.0460159
0.0388409
0.0285276
0.0264439
0.0303148
0.0289019
0.0169658
0.0022708
-0.0028538
0.0054013
0.0191361
0.0270625
0.0238923
0.0122442
-0.0012706
-0.0094449
-0.0060091
0.0106495
0.0314623
0.0370653
0.0117186
-0.0384962
-0.0844170
-0.0972020
-0.0752501
-0.0449679
-0.0330014
-0.0404858
-0.0476314
-0.0407870
-0.0278428
-0.0238823
-0.0275100
-0.0207448
0.0051847
0.0315147
0.0282679
-0.0108557
-0.0571610
-0.0750627
-0.0580950
-0.0319026
-0.0229934
-0.0310913
-0.0351714
-0.0218464
-0.0009434
0.0078084
-0.0020213
-0.0183952
-0.0271358
-0.0278135
-0.0309756
-0.0432614
-0.0601542
-0.0734581
-0.0815071
-0.0888431
-0.0970915
-0.0994797
-0.0864887
-0.0574063
-0.0258839
-0.0125257
-0.0292184
-0.0682027
-0.1059774
-0.1198153
-0.1039079
-0.0725488
-0.0484232
-0.0455878
-0.0601673
-0.0751502
-0.0745922
-0.0558521
-0.0307561
-0.0150141
-0.0140664
-0.0181092
-0.0141576
-0.0063251
-0.0191391
-0.0667611
-0.1090874
-0.0478098
0.2061549
0.6344207
1.0746498
1.3024296
1.1823281
0.7646260
0.2437799
-0.1826739
-0.4307870
-0.5345248
-0.5636246
-0.5514298
-0.4932667
-0.3899317
-0.2730275
-0.1863564
-0.1516722
-0.1567260
-0.1717003
-0.1726455
-0.1532386
-0.1234298
-0.1009766
-0.0990807
-0.1147222
-0.1281568
-0.1191348
-0.0871621
-0.0537458
-0.0416888
-0.0531100
-0.0701925
-0.0759984
-0.0700474
-0.0624348
-0.0577128
-0.0503420
-0.0359081
-0.0211050
-0.0177922
-0.0280947
-0.0399994
-0.0400067
-0.0276861
-0.0144658
-0.0088543
-0.0068861
0.0008486
0.0152218
0.0253425
0.0203383
0.0027745
-0.0114646
-0.0073147
0.0156217
0.0435087
0.0620203
0.0684666
0.0696015
0.0688385
0.0589358
0.0301510
-0.0141926
-0.0527037
-0.0597585
-0.0267435
0.0296248
0.0801939
0.1049981
0.1039843
0.0906924
0.0797266
0.0797916
0.0921577
0.1091425
0.1149220
0.0958239
0.0563015
0.0226729
0.0228791
0.0571333
0.0914575
0.0876361
0.0429463
-0.0036695
-0.0103045
0.0231029
0.0531973
0.0387385
-0.0152963
-0.0627321
-0.0641064
-0.0252157
0.0133453
0.0206686
0.0043719
-0.0045022
0.0108822
0.0359309
0.0434408
0.0234026
-0.0089688
-0.0309908
-0.0328923
-0.0212334
-0.0084680
-0.0033969
-0.0090520
-0.0235994
-0.0406221
-0.0515178
-0.0516577
-0.0444002
-0.0363934
-0.0283752
-0.0139369
0.0099049
0.0335895
0.0421365
0.0329483
0.0217129
0.0255763
0.0417170
0.0483251
0.0295224
-0.0040345
-0.0238521
-0.0129360
0.0169635
0.0389335
0.0389849
0.0273597
0.0229244
0.0310359
0.0397062
0.0354289
0.0187788
0.0035391
0.0025041
0.0149405
0.0263779
0.0200638
-0.0088835
-0.0476601
-0.0742711
-0.0749723
-0.0557427
-0.0363211
-0.0317858
-0.0400076
-0.0475759
-0.0465042
-0.0420714
-0.0434891
-0.0505113
-0.0536294
-0.0469876
-0.0360501
-0.0295272
-0.0269616
-0.0194386
-0.0026916
0.0153760
0.0232239
0.0188772
0.0101729
0.0023784
-0.0087896
-0.0278646
-0.0464901
-0.0467108
-0.0206685
0.0165662
0.0389070
0.0343001
0.0145387
-0.0007963
-0.0065190
-0.0144830
-0.0352894
-0.0617320
-0.0732936
-0.0566824
-0.0204583
0.0110245
0.0178639
-0.0003239
-0.0271875
-0.0454818
-0.0503960
-0.0494103
-0.0514102
-0.0571044
-0.0597800
-0.0540066
-0.0420085
-0.0311836
-0.0267540
-0.0280719
-0.0310829
-0.0322579
-0.0302588
-0.0265097
-0.0254593
-0.0317504
-0.0442679
-0.0542127
-0.0525531
-0.0395954
-0.0241099
-0.0133088
-0.0099369
-0.0222028
-0.0650412
-0.1305387
-0.1493230
-0.0039788
0.3774236
0.9138399
1.3672657
1.4849661
1.1850200
0.6204069
0.0598166
-0.3061591
-0.4629044
-0.5096417
-0.5286603
-0.5214863
-0.4525115
-0.3245801
-0.1952196
-0.1240002
-0.1178443
-0.1334480
-0.1274739
-0.0973812
-0.0737244
-0.0791625
-0.1007217
-0.1032154
-0.0675844
-0.0133321
0.0182772
0.0031192
-0.0439869
-0.0851802
-0.0949497
-0.0791247
-0.0619896
-0.0595808
-0.0673894
-0.0705346
-0.0605032
-0.0406957
-0.0199411
-0.0052805
-0.0003514
-0.0054295
-0.0155588
-0.0211869
-0.0156948
-0.0034972
0.0028155
-0.0035850
-0.0139201
-0.0112290
0.0112763
0.0412728
0.0588196
0.0565147
0.0464442
0.0463852
0.0604725
0.0753331
0.0754396
0.0606119
0.0468307
0.0497343
0.0682004
0.0849358
0.0836432
0.0657839
0.0500892
0.0547038
0.0793226
0.1053490
0.1141647
0.1048741
0.0933523
0.0941699
0.1049570
0.1096157
0.0961499
0.0693291
0.0447802
0.0320746
0.0263321
0.0172343
0.0036161
-0.0044758
0.0012348
0.0151780
0.0217229
0.0109601
-0.0111250
-0.0286802
-0.0306864
-0.0190941
-0.0048102
0.0011610
-0.0067684
-0.0266338
-0.0475547
-0.0526527
-0.0310419
0.0081845
0.0373945
0.0334156
0.0021068
-0.0239554
-0.0170427
0.0168567
0.0443987
0.0409820
0.0168948
0.0042540
0.0199327
0.0469064
0.0547745
0.0351067
0.0110889
0.0112637
0.0376267
0.0631698
0.0603104
0.0289176
-0.0046797
-0.0145504
0.0008976
0.0211457
0.0269493
0.0189059
0.0123237
0.0160719
0.0205022
0.0088820
-0.0204690
-0.0476018
-0.0496741
-0.0256748
0.0006899
0.0044559
-0.0159088
-0.0392454
-0.0456517
-0.0359022
-0.0260490
-0.0266778
-0.0319155
-0.0285004
-0.0116093
0.0100622
0.0223336
0.0166033
-0.0042928
-0.0269744
-0.0350111
-0.0213580
0.0030542
0.0163918
0.0069190
-0.0132818
-0.0206475
-0.0076383
0.0077252
0.0045845
-0.0131149
-0.0211185
-0.0081404
0.0055722
-0.0085107
-0.0505360
-0.0906735
-0.1041724
-0.0915707
-0.0500901
0.0646196
0.3163791
0.7025001
1.0933183
1.2859098
1.1483335
0.7262926
0.2097803
-0.2081916
-0.4493124
-0.5507413
-0.5795385
-0.5637488
-0.4983606
-0.3908576
-0.2778615
-0.1955614
-0.1479577
-0.1145970
-0.0850036
-0.0732082
-0.0935050
-0.1301214
-0.1432680
-0.1096720
-0.0513940
-0.0167188
-0.0308564
-0.0697504
-0.0860106
-0.0588393
-0.0140800
0.0055582
-0.0144546
-0.0488524
-0.0634420
-0.0511682
-0.0344230
-0.0354621
-0.0511079
-0.0588380
-0.0437815
-0.0146037
0.0075969
0.0118238
0.0053665
0.0013989
0.0034360
0.0047535
0.0006928
-0.0033922
0.0013348
0.0150030
0.0271584
0.0283946
0.0218845
0.0207110
0.0334837
0.0547558
0.0713172
0.0767021
0.0767285
0.0802567
0.0876159
0.0915239
0.0888869
0.0875270
0.0980126
0.1197841
0.1387068
0.1399689
0.1222225
0.0979246
0.0811518
0.0770071
0.0815997
0.0877720
0.0880319
0.0749391
0.0449665
0.0050254
-0.0277853
-0.0378686
-0.0245936
-0.0031938
0.0082909
0.0022626
-0.0172847
-0.0427041
-0.0678626
-0.0865119
-0.0914254
-0.0800853
-0.0605921
-0.0476840
-0.0503987
-0.0644932
-0.0777738
-0.0812007
-0.0735365
-0.0580463
-0.0396211
-0.0256685
-0.0239302
-0.0335522
-0.0398356
-0.0253059
0.0095588
0.0404512
0.0410249
0.0118974
-0.0175040
-0.0204550
-0.0035493
0.0003664
-0.0288424
-0.0720221
-0.0881642
-0.0572985
-0.0015592
0.0372742
0.0371497
0.0102277
-0.0177252
-0.0351344
-0.0495171
-0.0697240
-0.0901694
-0.0950798
-0.0762148
-0.0440857
-0.0214343
-0.0254214
-0.0541205
-0.0882498
-0.1065892
-0.1025292
-0.0877982
-0.0801833
-0.0869805
-0.1002273
-0.1073677
-0.1043951
-0.0967409
-0.0887300
-0.0765482
-0.0547494
-0.0282412
-0.0132032
-0.0227481
-0.0518653
-0.0787799
-0.0830125
-0.0630751
-0.0372457
-0.0273390
-0.0405039
-0.0645273
-0.0795670
-0.0754174
-0.0593661
-0.0483925
-0.0536912
-0.0722961
-0.0926018
-0.1057012
-0.1095312
-0.1039072
-0.0871814
-0.0617066
-0.0395768
-0.0356749
-0.0522702
-0.0760118
-0.0960009
-0.1198713
-0.1573480
-0.1793515
-0.1050118
0.1436478
0.5518585
0.9754038
1.2118264
1.1336152
0.7727960
0.2884805
-0.1451661
-0.4319718
-0.5665884
-0.5886534
-0.5390032
-0.4490707
-0.3478798
-0.2613782
-0.2027443
-0.1689544
-0.1491662
-0.1345006
-0.1199569
-0.1021636
-0.0806918
-0.0614461
-0.0542312
-0.0636288
-0.0827474
-0.0978683
-0.0998167
-0.0905088
-0.0790916
-0.0730400
-0.0728818
-0.0735334
-0.0691139
-0.0573392
-0.0417389
-0.0308140
-0.0334930
-0.0525752
-0.0810512
-0.1055381
-0.1152087
-0.1088843
-0.0940668
-0.0793532
-0.0680487
-0.0588042
-0.0508086
-0.0460149
-0.0453035
-0.0442742
-0.0360869
-0.0198536
-0.0040628
0.0016193
-0.0016218
-0.0009335
0.0143595
0.0392365
0.0565453
0.0548678
0.0401803
0.0279848
0.0266953
0.0331911
0.0439218
0.0630585
0.0935870
0.1234761
0.1305823
0.1069572
0.0734398
0.0610843
0.0760447
0.0897881
0.0706447
0.0227860
-0.0139324
-0.0061754
0.0354385
0.0663914
0.0545345
0.0109896
-0.0262296
-0.0336251
-0.0217010
-0.0155397
-0.0243003
-0.0348261
-0.0315575
-0.0152654
0.0001979
0.0050658
0.0027833
0.0030465
0.0105314
0.0225809
0.0349074
0.0453594
0.0519676
0.0512731
0.0418619
0.0286675
0.0205831
0.0225541
0.0316872
0.0424980
0.0541404
0.0690795
0.0841186
0.0867279
0.0652725
0.0241443
-0.0145488
-0.0283972
-0.0149231
0.0068177
0.0152677
0.0056058
-0.0104584
-0.0211629
-0.0268350
-0.0350132
-0.0476271
-0.0575373
-0.0578050
-0.0503928
-0.0428328
-0.0379585
-0.0307757
-0.0165989
0.0005772
0.0108247
0.0088889
-0.0007433
-0.0102326
-0.0173013
-0.0250925
-0.0340567
-0.0379447
-0.0307541
-0.0165984
-0.0090080
-0.0177872
-0.0370179
-0.0485932
-0.0396617
-0.0167643
-0.0016752
-0.0121486
-0.0457224
-0.0811918
-0.0952292
-0.0790281
-0.0427068
-0.0073357
0.0074333
-0.0069430
-0.0438136
-0.0842408
-0.1074272
-0.1043469
-0.0843960
-0.0673882
-0.0662236
-0.0764228
-0.0830559
-0.0771786
-0.0634991
-0.0517932
-0.0441475
-0.0344620
-0.0201474
-0.0094221
-0.0126697
-0.0274989
-0.0373879
-0.0283358
-0.0048130
0.0147072
0.0181102
0.0116576
0.0098318
0.0168848
0.0231144
0.0178376
-0.0009722
-0.0320916
-0.0757811
-0.1175715
-0.1039876
0.0468262
0.3798165
0.8290057
1.2150929
1.3439262
1.1378787
0.6899007
0.1941332
-0.1836642
-0.3876203
-0.4553875
-0.4471493
-0.3964645
-0.3139278
-0.2140342
-0.1239846
-0.0677813
-0.0493441
-0.0533280
-0.0590699
-0.0532379
-0.0348805
-0.0143309
-0.0062837
-0.0176756
-0.0388404
-0.0494482
-0.0376140
-0.0133006
0.0005978
-0.0078492
-0.0267080
-0.0333954
-0.0194841
0.0009708
0.0083668
-0.0006912
-0.0115027
-0.0092389
0.0057894
0.0219792
0.0312978
0.0357023
0.0394830
0.0406098
0.0337261
0.0203566
0.0114970
0.0173509
0.0358402
0.0539955
0.0611792
0.0590681
0.0575322
0.0623627
0.0695570
0.0717996
0.0680935
0.0648863
0.0682195
0.0769512
0.0848564
0.0882255
0.0892979
0.0917602
0.0950049
0.0955097
0.0939835
0.0981165
0.1151169
0.1414850
0.1629649
0.1670618
0.1555100
0.1427062
0.1410263
0.1485517
0.1522501
0.1426136
0.1234290
0.1066043
0.0990473
0.0965639
0.0903719
0.0774833
0.0634018
0.0554755
0.0550348
0.0562721
0.0522171
0.0417432
0.0312786
0.0296717
0.0403666
0.0575077
0.0697377
0.0690423
0.0571767
0.0437664
0.0376749
0.0398802
0.0445918
0.0464866
0.0455553
0.0448437
0.0455421
0.0464973
0.0480527
0.0533296
0.0635235
0.0732547
0.0741672
0.0650783
0.0564964
0.0609466
0.0771298
0.0865612
0.0704489
0.0312993
-0.0049884
-0.0118212
0.0125995
0.0434164
0.0528632
0.0352320
0.0088497
-0.0042921
0.0010428
0.0120194
0.0133187
0.0018624
-0.0127890
-0.0199348
-0.0186325
-0.0184551
-0.0303102
-0.0552927
-0.0812276
-0.0911248
-0.0773721
-0.0485855
-0.0218011
-0.0077219
-0.0043743
-0.0044781
-0.0055560
-0.0097726
-0.0153814
-0.0137892
0.0010951
0.0224310
0.0343804
0.0287564
0.0150574
0.0102542
0.0189002
0.0271372
0.0186458
-0.0054435
-0.0259019
-0.0255425
-0.0083162
0.0036519
-0.0072037
-0.0347268
-0.0541154
-0.0474464
-0.0234326
-0.0090115
-0.0197747
-0.0413715
-0.0446052
-0.0190639
0.0137570
0.0247711
0.0097543
-0.0122550
-0.0333264
-0.0728161
-0.1386682
-0.1719063
-0.0572753
0.2748309
0.7420484
1.1210633
1.1955601
0.9191483
0.4452490
0.0002585
-0.2779770
-0.3967632
-0.4379064
-0.4563911
-0.4476758
-0.3894011
-0.2889077
-0.1837338
-0.1079107
-0.0691696
-0.0562728
-0.0575161
-0.0669772
-0.0784503
-0.0823959
-0.0727455
-0.0545663
-0.0414265
-0.0434469
-0.0578176
-0.0712396
-0.0718300
-0.0591787
-0.0435945
-0.0359417
-0.0379320
-0.0418589
-0.0394456
-0.0303697
-0.0215516
-0.0186536
-0.0201218
-0.0206286
-0.0188413
-0.0190670
-0.0244438
-0.0304392
-0.0274324
-0.0103212
0.0153739
0.0379137
0.0499662
0.0544514
0.0596407
0.0690597
0.0772678
0.0759545
0.0634573
0.0475119
0.0388529
0.0426659
0.0557471
0.0701406
0.0779437
0.0733265
0.0535449
0.0222799
-0.0071238
-0.0160120
0.0057765
0.0477070
0.0827401
0.0884059
0.0664104
0.0411214
0.0372164
0.0575475
0.0820912
0.0879954
0.0704692
0.0446041
0.0281471
0.0240825
0.0205407
0.0064106
-0.0151248
-0.0295480
-0.0266931
-0.0119134
-0.0004924
-0.0012884
-0.0078405
-0.0073025
0.0031007
0.0121953
0.0091760
-0.0012010
-0.0025604
0.0129372
0.0324266
0.0347036
0.0146195
-0.0088557
-0.0117540
0.0091984
0.0332673
0.0382509
0.0228122
0.0041736
-0.0031840
-0.0011731
-0.0002852
-0.0042740
-0.0079419
-0.0082463
-0.0108655
-0.0221694
-0.0379667
-0.0458651
-0.0401274
-0.0302070
-0.0306148
-0.0434010
-0.0551997
-0.0535255
-0.0426090
-0.0387739
-0.0504050
-0.0667881
-0.0696206
-0.0539516
-0.0343394
-0.0292312
-0.0411814
-0.0547159
-0.0536326
-0.0381501
-0.0232615
-0.0213257
-0.0293165
-0.0346383
-0.0314901
-0.0282733
-0.0377354
-0.0612080
-0.0843892
-0.0893814
-0.0709021
-0.0410183
-0.0188270
-0.0157464
-0.0292147
-0.0476730
-0.0601376
-0.0629362
-0.0606112
-0.0611585
-0.0682584
-0.0767661
-0.0773417
-0.0673162
-0.0558531
-0.0556396
-0.0691066
-0.0854627
-0.0928033
-0.0904104
-0.0856010
-0.0808962
-0.0726653
-0.0660048
-0.0797203
-0.1171171
-0.1255690
-0.0054845
0.3060266
0.7403258
1.0964694
1.1667509
0.8934769
0.4158461
-0.0389689
-0.3212242
-0.4346211
-0.4738404
-0.5082591
-0.5297477
-0.4952603
-0.3951138
-0.2696745
-0.1697554
-0.1151506
-0.0925960
-0.0820063
-0.0750033
-0.0712804
-0.0684810
-0.0628250
-0.0566640
-0.0578824
-0.0687021
-0.0784998
-0.0722911
-0.0469550
-0.0167183
-0.0013126
-0.0093605
-0.0333999
-0.0592309
-0.0780541
-0.0894870
-0.0949650
-0.0913522
-0.0734329
-0.0428142
-0.0119285
0.0039467
0.0001777
-0.0122826
-0.0168271
-0.0070179
0.0074940
0.0114669
0.0006538
-0.0132071
-0.0151803
-0.0040000
0.0064875
0.0036172
-0.0090496
-0.0160217
-0.0083518
0.0063051
0.0142631
0.0133096
0.0141988
0.0234052
0.0301642
0.0184126
-0.0074000
-0.0164263
0.0197222
0.0915203
0.1518100
0.1572429
0.1090102
0.0497801
0.0211961
0.0276817
0.0417753
0.0391007
0.0220588
0.0099060
0.0128229
0.0218099
0.0225223
0.0124263
0.0009777
-0.0037486
-0.0038159
-0.0067559
-0.0154146
-0.0239445
-0.0228427
-0.0078562
0.0141204
0.0271171
0.0168630
-0.0160886
-0.0524817
-0.0667032
-0.0477955
-0.0101749
0.0183707
0.0216293
0.0078902
-0.0025127
-0.0002764
0.0056576
0.0032485
-0.0059264
-0.0095522
-0.0020817
0.0067677
0.0040288
-0.0092161
-0.0179654
-0.0122661
-0.0022326
-0.0093553
-0.0422772
-0.0847190
-0.1099256
-0.1055783
-0.0823284
-0.0595767
-0.0471679
-0.0421810
-0.0395268
-0.0403802
-0.0487412
-0.0626712
-0.0729348
-0.0718111
-0.0615375
-0.0517108
-0.0485518
-0.0492059
-0.0475745
-0.0430574
-0.0402210
-0.0403506
-0.0374814
-0.0258211
-0.0095138
-0.0008059
-0.0070065
-0.0227695
-0.0386972
-0.0528650
-0.0617243
-0.0339281
0.0927209
0.3602521
0.7179268
1.0093270
1.0619865
0.8187975
0.3912560
-0.0235479
-0.2904788
-0.4136851
-0.4821976
-0.5550294
-0.6077992
-0.5828324
-0.4703406
-0.3268565
-0.2203391
-0.1724571
-0.1579008
-0.1464934
-0.1318649
-0.1213134
-0.1136409
-0.0988657
-0.0762509
-0.0606830
-0.0656798
-0.0854356
-0.1003136
-0.0984051
-0.0851573
-0.0713741
-0.0594967
-0.0470133
-0.0380370
-0.0416407
-0.0565925
-0.0654555
-0.0515417
-0.0207627
0.0005734
-0.0060855
-0.0289242
-0.0371024
-0.0152318
0.0187225
0.0335447
0.0194719
-0.0026790
-0.0068527
0.0094699
0.0251625
0.0209966
0.0005064
-0.0150106
-0.0088235
0.0159186
0.0409882
0.0497206
0.0389250
0.0185359
0.0032219
0.0027081
0.0150136
0.0269383
0.0248510
0.0092801
-0.0020899
0.0097490
0.0446334
0.0809926
0.0964558
0.0897749
0.0797835
0.0823853
0.0916141
0.0865731
0.0564036
0.0143739
-0.0149125
-0.0195808
-0.0086994
0.0009579
0.0003252
-0.0105716
-0.0294279
-0.0526912
-0.0712198
-0.0729133
-0.0548141
-0.0299283
-0.0161984
-0.0174441
-0.0197863
-0.0105930
0.0024635
-0.0016391
-0.0298315
-0.0612059
-0.0670432
-0.0423637
-0.0106094
0.0043098
0.0040378
0.0085265
0.0262062
0.0400689
0.0280439
-0.0067001
-0.0333616
-0.0245555
0.0136245
0.0468316
0.0469877
0.0178126
-0.0140784
-0.0283605
-0.0275650
-0.0273583
-0.0362679
-0.0476320
-0.0495818
-0.0398565
-0.0292646
-0.0306086
-0.0449599
-0.0596708
-0.0603723
-0.0450404
-0.0261394
-0.0184128
-0.0241117
-0.0311670
-0.0277471
-0.0181745
-0.0205940
-0.0460254
-0.0823034
-0.1038946
-0.0983195
-0.0782058
-0.0639278
-0.0575338
-0.0404154
0.0003985
0.0476269
0.0624612
0.0220981
-0.0528131
-0.1122844
-0.1206744
-0.0862676
-0.0486154
-0.0395860
-0.0575725
-0.0759507
-0.0720087
-0.0472154
-0.0228951
-0.0192906
-0.0386353
-0.0657253
-0.0819486
-0.0786105
-0.0605003
-0.0410807
-0.0341168
-0.0447220
-0.0640325
-0.0738813
-0.0618295
-0.0347010
-0.0153401
-0.0215111
-0.0462141
-0.0622797
-0.0511277
-0.0262115
-0.0214080
-0.0520560
-0.0919934
-0.0970868
-0.0530982
0.0050948
0.0259160
-0.0083449
-0.0645116
-0.0898810
-0.0596447
0.0017927
0.0400216
0.0139466
-0.0640562
-0.1156509
-0.0297739
0.2603953
0.6995204
1.1026486
1.2540491
1.0545575
0.5970192
0.0987994
-0.2530302
-0.4111004
-0.4501300
-0.4628365
-0.4779533
-0.4653443
-0.3978905
-0.2935535
-0.1991165
-0.1447785
-0.1220288
-0.1024205
-0.0705491
-0.0367294
-0.0212998
-0.0302370
-0.0472454
-0.0501899
-0.0350398
-0.0209875
-0.0291108
-0.0573056
-0.0807376
-0.0785637
-0.0566551
-0.0403194
-0.0458237
-0.0636581
-0.0722480
-0.0651317
-0.0587391
-0.0709129
-0.0960831
-0.1082363
-0.0895297
-0.0509736
-0.0211782
-0.0170005
-0.0290690
-0.0353979
-0.0251000
-0.0068434
0.0037918
0.0018694
-0.0033303
-0.0007142
0.0097972
0.0185782
0.0187046
0.0140101
0.0143005
0.0245258
0.0395188
0.0482556
0.0429490
0.0254772
0.0060240
-0.0049548
-0.0039532
0.0058367
0.0203750
0.0385653
0.0603772
0.0830574
0.1006752
0.1080958
0.1059810
0.1016140
0.1032495
0.1127523
0.1245847
0.1320495
0.1323964
0.1250479
0.1083856
0.0825275
0.0546872
0.0372230
0.0373652
0.0497881
0.0616183
0.0652970
0.0647815
0.0675572
0.0726013
0.0713865
0.0626460
0.0600344
0.0769584
0.1042612
0.1124237
0.0828005
0.0332619
0.0049947
0.0212726
0.0627361
0.0865859
0.0692701
0.0277375
-0.0009691
0.0029912
0.0278158
0.0485019
0.0518072
0.0413249
0.0260840
0.0127410
0.0073279
0.0153678
0.0348973
0.0527032
0.0535443
0.0354592
0.0140937
0.0087639
0.0230279
0.0412876
0.0474086
0.0443562
0.0480092
0.0582916
0.0451908
-0.0206275
-0.1139612
-0.1386480
0.0138569
0.3657442
0.8009971
1.1199632
1.1673832
0.9301108
0.5271852
0.1149136
-0.2018709
-0.3907213
-0.4624620
-0.4444174
-0.3748961
-0.2978618
-0.2429426
-0.2086937
-0.1734608
-0.1262528
-0.0820364
-0.0622052
-0.0651378
-0.0664302
-0.0502649
-0.0307844
-0.0341141
-0.0637395
-0.0937071
-0.0971682
-0.0737884
-0.0450440
-0.0281751
-0.0217174
-0.0156957
-0.0084993
-0.0079392
-0.0173517
-0.0274834
-0.0261463
-0.0126206
0.0027239
0.0119183
0.0166627
0.0214625
0.0259417
0.0279052
0.0295215
0.0343294
0.0387821
0.0324342
0.0100982
-0.0172629
-0.0274690
-0.0067571
0.0342801
0.0671758
0.0716843
0.0554828
0.0453092
0.0578472
0.0811055
0.0856927
0.0548850
0.0047511
-0.0257354
-0.0086210
0.0451096
0.0929556
0.1002708
0.0728882
0.0488150
0.0584582
0.0956648
0.1271076
0.1260639
0.0951283
0.0585484
0.0368886
0.0317558
0.0329155
0.0332045
0.0313412
0.0245900
0.0089034
-0.0107532
-0.0182795
-0.0021364
0.0289373
0.0518990
0.0518966
0.0354852
0.0203830
0.0147620
0.0101084
-0.0042031
-0.0224175
-0.0247340
-0.0010133
0.0327080
0.0478554
0.0326308
0.0022493
-0.0201987
-0.0272362
-0.0288210
-0.0352110
-0.0434547
-0.0422538
-0.0282173
-0.0135992
-0.0144983
-0.0320619
-0.0500316
-0.0524664
-0.0392223
-0.0210482
-0.0048730
0.0094783
0.0203161
0.0197878
0.0019032
-0.0276534
-0.0525220
-0.0578062
-0.0425505
-0.0205853
-0.0081865
-0.0109651
-0.0229061
-0.0348219
-0.0400974
-0.0356376
-0.0247327
-0.0189653
-0.0290051
-0.0497795
-0.0607288
-0.0462736
-0.0138633
0.0120158
0.0129840
-0.0077555
-0.0315982
-0.0437810
-0.0453134
-0.0458558
-0.0480473
-0.0449879
-0.0342347
-0.0260838
-0.0310133
-0.0437404
-0.0488376
-0.0416750
-0.0358483
-0.0468061
-0.0717110
-0.0883789
-0.0750993
-0.0334581
0.0085268
0.0204493
-0.0006462
-0.0277640
-0.0335547
-0.0186242
-0.0076237
-0.0208638
-0.0530178
-0.0777683
-0.0725127
-0.0419104
-0.0170413
-0.0255831
-0.0613259
-0.0890726
-0.0822839
-0.0508725
-0.0290230
-0.0393735
-0.0712186
-0.0913041
-0.0759669
-0.0353972
-0.0045285
-0.0068314
-0.0314737
-0.0518471
-0.0601149
-0.0715889
-0.0966400
-0.1214905
-0.1220234
-0.0901833
-0.0427844
-0.0072050
-0.0003053
-0.0203951
-0.0570251
-0.0977534
-0.1104547
-0.0248973
0.2320656
0.6492632
1.0821879
1.3215222
1.2377893
0.8740340
0.4062642
0.0117182
-0.2414419
-0.3952095
-0.5074165
-0.5706159
-0.5359373
-0.4035877
-0.2545069
-0.1765083
-0.1779724
-0.1915907
-0.1533856
-0.0663552
0.0058279
0.0007610
-0.0790369
-0.1618989
-0.1767084
-0.1244552
-0.0659560
-0.0472714
-0.0635229
-0.0889832
-0.1041925
-0.0908354
-0.0433546
0.0017351
-0.0084509
-0.0680221
-0.1045232
-0.0720286
