-0.0665906
-0.0675779
-0.0686510
-0.0682580
-0.0714723
-0.0814219
-0.0907219
-0.0902404
-0.0840113
-0.0866175
-0.1043384
-0.1250766
-0.1299531
-0.1120821
-0.0824343
-0.0593807
-0.0533628
-0.0597135
-0.0649070
-0.0600448
-0.0484717
-0.0407393
-0.0438541
-0.0559505
-0.0689195
-0.0742278
-0.0682527
-0.0551283
-0.0441081
-0.0418942
-0.0472469
-0.0539091
-0.0577895
-0.0598087
-0.0628483
-0.0682588
-0.0753438
-0.0822719
-0.0866743
-0.0863816
-0.0807261
-0.0716612
-0.0637195
-0.0621026
-0.0692152
-0.0821474
-0.0940723
-0.0991271
-0.0967946
-0.0923653
-0.0930777
-0.1020310
-0.1143338
-0.1204665
-0.1156733
-0.1053315
-0.0983975
-0.0961315
-0.0914720
-0.0807953
-0.0711970
-0.0711929
-0.0775730
-0.0802859
-0.0817994
-0.0983230
-0.1241974
-0.0943223
0.0924018
0.4769006
0.9518187
1.2877601
1.2846157
0.9268673
0.3990819
-0.0570305
-0.3139209
-0.4094814
-0.4555474
-0.5138898
-0.5583181
-0.5348853
-0.4352953
-0.3064456
-0.2023453
-0.1412625
-0.1082026
-0.0848291
-0.0672490
-0.0593394
-0.0602163
-0.0634447
-0.0647647
-0.0654438
-0.0677324
-0.0702124
-0.0696042
-0.0659883
-0.0638529
-0.0671121
-0.0741908
-0.0792121
-0.0777987
-0.0708751
-0.0628349
-0.0566566
-0.0508306
-0.0405639
-0.0221984
0.0026695
0.0270781
0.0433020
0.0485335
0.0469120
0.0465534
0.0541300
0.0705960
0.0906868
0.1070154
0.1163839
0.1229616
0.1346324
0.1553657
0.1811493
0.2038037
0.2187855
0.2287740
0.2393305
0.2516490
0.2608112
0.2617095
0.2557791
0.2507761
0.2541822
0.2676278
0.2868965
0.3050717
0.3151096
0.3120452
0.2958597
0.2723152
0.2485199
0.2260827
0.1996057
0.1635532
0.1203706
0.0799737
0.0504296
0.0307631
0.0146958
0.0001041
-0.0088931
-0.0104039
-0.0117055
-0.0234056
-0.0468294
-0.0711067
-0.0848438
-0.0883001
-0.0909544
-0.0979870
-0.1033173
-0.0981885
-0.0840733
-0.0728856
-0.0736460
-0.0822123
-0.0869069
-0.0826594
-0.0758733
-0.0748214
-0.0787938
-0.0794751
-0.0713205
-0.0571163
-0.0431231
-0.0320359
-0.0228659
-0.0157286
-0.0131031
-0.0156692
-0.0197979
-0.0216662
-0.0225928
-0.0270719
-0.0351025
-0.0399758
-0.0365734
-0.0299565
-0.0312198
-0.0435699
-0.0560289
-0.0544755
-0.0381321
-0.0216700
-0.0197675
-0.0319027
-0.0445851
-0.0471789
-0.0420323
-0.0382203
-0.0389811
-0.0393910
-0.0357985
-0.0327749
-0.0375921
-0.0498096
-0.0603250
-0.0615543
-0.0557935
-0.0513810
-0.0519201
-0.0521768
-0.0454599
-0.0330449
-0.0239468
-0.0251454
-0.0335999
-0.0390339
-0.0341689
-0.0215719
-0.0110424
-0.0112547
-0.0232989
-0.0402173
-0.0517028
-0.0507690
-0.0385404
-0.0237460
-0.0164777
-0.0205948
-0.0313183
-0.0404972
-0.0445045
-0.0464291
-0.0500081
-0.0525570
-0.0464666
-0.0289232
-0.0081381
0.0030469
-0.0004640
-0.0134095
-0.0306855
-0.0535757
-0.0746126
-0.0531752
0.0800554
0.3689409
0.7632224
1.1071344
1.2212540
1.0260617
0.6035482
0.1391432
-0.2073219
-0.3914921
-0.4696069
-0.5141383
-0.5487518
-0.5523467
-0.5047774
-0.4157291
-0.3137655
-0.2210451
-0.1452605
-0.0892214
-0.0570847
-0.0483272
-0.0521753
-0.0545556
-0.0504814
-0.0461227
-0.0482424
-0.0546864
-0.0570492
-0.0506815
-0.0393566
-0.0304095
-0.0276886
-0.0298093
-0.0328705
-0.0328993
-0.0272250
-0.0167039
-0.0070060
-0.0045824
-0.0089316
-0.0103667
0.0012915
0.0250345
0.0477755
0.0568299
0.0527301
0.0484707
0.0563324
0.0764903
0.0984167
0.1120539
0.1170774
0.1225770
0.1389788
0.1692093
0.2052999
0.2332526
0.2440190
0.2423269
0.2437470
0.2599702
0.2861519
0.3052823
0.3070078
0.3003958
0.3048150
0.3277983
0.3549508
0.3642067
0.3489010
0.3238017
0.3077139
0.3026841
0.2927410
0.2623127
0.2132562
0.1630501
0.1281888
0.1107345
0.0995361
0.0819408
0.0541223
0.0224925
-0.0028864
-0.0167803
-0.0226490
-0.0289918
-0.0412639
-0.0567180
-0.0673142
-0.0679759
-0.0617457
-0.0565557
-0.0574231
-0.0626060
-0.0671330
-0.0686157
-0.0687295
-0.0701151
-0.0735944
-0.0783949
-0.0832482
-0.0861805
-0.0844614
-0.0766978
-0.0652300
-0.0550971
-0.0497105
-0.0480309
-0.0467053
-0.0445311
-0.0436662
-0.0462079
-0.0507420
-0.0534351
-0.0522983
-0.0492610
-0.0477414
-0.0490745
-0.0519396
-0.0545057
-0.0559403
-0.0558779
-0.0536942
-0.0491946
-0.0435651
-0.0386015
-0.0346169
-0.0297160
-0.0220132
-0.0127637
-0.0064925
-0.0069440
-0.0127255
-0.0179634
-0.0183176
-0.0161278
-0.0182714
-0.0280033
-0.0395685
-0.0425781
-0.0327242
-0.0175086
-0.0099342
-0.0159950
-0.0291297
-0.0376098
-0.0367270
-0.0326220
-0.0342492
-0.0429303
-0.0508163
-0.0494165
-0.0389838
-0.0292732
-0.0309553
-0.0457819
-0.0647617
-0.0764250
-0.0778139
-0.0775289
-0.0869243
-0.1072286
-0.1257513
-0.1265714
-0.1062932
-0.0787935
-0.0630334
-0.0657278
-0.0766895
-0.0813205
-0.0762135
-0.0709493
-0.0751045
-0.0859233
-0.0906479
-0.0805420
-0.0607331
-0.0452086
-0.0429675
-0.0504450
-0.0572990
-0.0576154
-0.0540134
-0.0520451
-0.0534031
-0.0555708
-0.0558659
-0.0532139
-0.0466280
-0.0354258
-0.0228189
-0.0167664
-0.0230949
-0.0370651
-0.0454027
-0.0398682
-0.0272495
-0.0219795
-0.0286711
-0.0365734
-0.0343751
-0.0267757
-0.0299230
-0.0498452
-0.0719745
-0.0771399
-0.0645394
-0.0516731
-0.0510415
-0.0546516
-0.0469657
-0.0278282
-0.0132107
-0.0138816
-0.0249024
-0.0418521
-0.0732663
-0.1140155
-0.1025662
0.0669989
0.4503326
0.9524562
1.3402290
1.3925583
1.0689163
0.5411242
0.0571451
-0.2362272
-0.3570506
-0.4074928
-0.4542623
-0.4867074
-0.4654054
-0.3836058
-0.2754602
-0.1802702
-0.1140920
-0.0736056
-0.0528615
-0.0478355
-0.0508115
-0.0514760
-0.0467406
-0.0441439
-0.0512178
-0.0638095
-0.0693314
-0.0613015
-0.0464442
-0.0356645
-0.0313563
-0.0272868
-0.0196994
-0.0137122
-0.0164132
-0.0262159
-0.0327633
-0.0278128
-0.0139172
-0.0011394
0.0034139
0.0013685
-0.0003841
0.0035035
0.0136683
0.0270454
0.0390051
0.0458534
0.0482085
0.0524592
0.0661711
0.0896865
0.1133905
0.1263295
0.1284055
0.1316650
0.1472016
0.1717341
0.1901713
0.1925424
0.1860363
0.1875955
0.2051358
0.2290342
0.2433604
0.2431603
0.2379667
0.2391442
0.2474036
0.2545622
0.2551582
0.2525897
0.2531425
0.2567783
0.2563910
0.2455587
0.2245600
0.1979058
0.1679195
0.1331191
0.0928902
0.0515605
0.0161606
-0.0095144
-0.0274731
-0.0421348
-0.0554815
-0.0662835
-0.0733959
-0.0782976
-0.0835892
-0.0896923
-0.0943890
-0.0960695
-0.0964585
-0.0989059
-0.1039611
-0.1077917
-0.1059182
-0.0983606
-0.0904281
-0.0881982
-0.0933785
-0.1024114
-0.1099384
-0.1128529
-0.1117485
-0.1096543
-0.1096899
-0.1129792
-0.1177109
-0.1201768
-0.1175120
-0.1098554
-0.0996857
-0.0892512
-0.0794934
-0.0716949
-0.0687089
-0.0725210
-0.0801909
-0.0839622
-0.0775286
-0.0628177
-0.0496892
-0.0478259
-0.0583938
-0.0734311
-0.0831517
-0.0839506
-0.0801512
-0.0789768
-0.0838813
-0.0917897
-0.0960560
-0.0924854
-0.0833634
-0.0757893
-0.0754861
-0.0817999
-0.0888104
-0.0913289
-0.0895523
-0.0879466
-0.0902595
-0.0960143
-0.1012950
-0.1022002
-0.0979127
-0.0916690
-0.0890926
-0.0941616
-0.1052148
-0.1152873
-0.1183527
-0.1161559
-0.1173964
-0.1282502
-0.1440139
-0.1521816
-0.1446965
-0.1259889
-0.1080813
-0.0991962
-0.0988867
-0.1030002
-0.1095106
-0.1175536
-0.1235308
-0.1226445
-0.1152898
-0.1088091
-0.1100930
-0.1173645
-0.1220212
-0.1189391
-0.1124287
-0.1104465
-0.1147772
-0.1196566
-0.1197883
-0.1167328
-0.1157729
-0.1182710
-0.1196870
-0.1151607
-0.1050687
-0.0942495
-0.0870981
-0.0845786
-0.0850379
-0.0860871
-0.0856326
-0.0828552
-0.0792506
-0.0777587
-0.0797166
-0.0832195
-0.0854933
-0.0859758
-0.0851211
-0.0808223
-0.0698536
-0.0550790
-0.0478232
-0.0575386
-0.0790667
-0.0965205
-0.1031584
-0.1090421
-0.1145369
-0.0733089
0.0991169
0.4496394
0.9033209
1.2654575
1.3385142
1.0672803
0.5831514
0.1041639
-0.2196584
-0.3811474
-0.4624755
-0.5275690
-0.5696264
-0.5474847
-0.4512498
-0.3226186
-0.2181128
-0.1637501
-0.1465583
-0.1403187
-0.1309510
-0.1194080
-0.1103181
-0.1049483
-0.1031605
-0.1055503
-0.1104230
-0.1111937
-0.1008642
-0.0802395
-0.0598147
-0.0513630
-0.0570436
-0.0672505
-0.0695579
-0.0599704
-0.0458976
-0.0387517
-0.0435938
-0.0550128
-0.0619856
-0.0566165
-0.0392560
-0.0167033
0.0036952
0.0187719
0.0301432
0.0414870
0.0550296
0.0694784
0.0808215
0.0860462
0.0872889
0.0920932
0.1077805
0.1340085
0.1611873
0.1779240
0.1812144
0.1790804
0.1825848
0.1955139
0.2124673
0.2263603
0.2359016
0.2448773
0.2558518
0.2671458
0.2761892
0.2831690
0.2890704
0.2912075
0.2840330
0.2659610
0.2433114
0.2243895
0.2094404
0.1893774
0.1567144
0.1163853
0.0824252
0.0628267
0.0499965
0.0287894
-0.0064022
-0.0450164
-0.0716638
-0.0822412
-0.0866897
-0.0962682
-0.1106294
-0.1189115
-0.1123442
-0.0938056
-0.0749972
-0.0660553
-0.0687023
-0.0777007
-0.0864005
-0.0905871
-0.0893412
-0.0846831
-0.0806849
-0.0812908
-0.0873252
-0.0951028
-0.0984412
-0.0930314
-0.0799929
-0.0658113
-0.0581297
-0.0597837
-0.0656577
-0.0661509
-0.0558806
-0.0400588
-0.0310011
-0.0362852
-0.0500538
-0.0576121
-0.0498589
-0.0326303
-0.0207611
-0.0232683
-0.0355978
-0.0463391
-0.0496392
-0.0496286
-0.0539253
-0.0654356
-0.0811619
-0.0965741
-0.1084631
-0.1140710
-0.1108825
-0.0998014
-0.0874775
-0.0824365
-0.0872923
-0.0956967
-0.0984478
-0.0927141
-0.0844806
-0.0819245
-0.0872859
-0.0955059
-0.0996481
-0.0964134
-0.0870255
-0.0750687
-0.0648105
-0.0600346
-0.0614492
-0.0642154
-0.0603514
-0.0465526
-0.0297766
-0.0223360
-0.0292023
-0.0410062
-0.0422693
-0.0277130
-0.0089307
-0.0031083
-0.0154688
-0.0345868
-0.0452969
-0.0442057
-0.0409109
-0.0455106
-0.0581709
-0.0716704
-0.0808345
-0.0859057
-0.0876534
-0.0841792
-0.0757127
-0.0698061
-0.0761176
-0.0941370
-0.1099297
-0.1093838
-0.0938650
-0.0785455
-0.0748005
-0.0797585
-0.0868927
-0.0997121
-0.1200234
-0.1155477
-0.0121741
0.2544456
0.6584105
1.0551196
1.2539699
1.1465221
0.7828295
0.3297460
-0.0487355
-0.2845487
-0.4052844
-0.4666391
-0.4945382
-0.4823753
-0.4236911
-0.3337027
-0.2404344
-0.1641697
-0.1099131
-0.0751520
-0.0578987
-0.0556724
-0.0611123
-0.0635099
-0.0561404
-0.0413557
-0.0281111
-0.0245510
-0.0320522
-0.0448145
-0.0547853
-0.0583078
-0.0592166
-0.0649106
-0.0780080
-0.0917286
-0.0948638
-0.0823183
-0.0602686
-0.0401132
-0.0277447
-0.0197781
-0.0099287
0.0029508
0.0144441
0.0208345
0.0234808
0.0266309
0.0328924
0.0424076
0.0554075
0.0731674
0.0956417
0.1196209
0.1408200
0.1577782
0.1728349
0.1891494
0.2074069
0.2255718
0.2411361
0.2532207
0.2632226
0.2742456
0.2893489
0.3087725
0.3281934
0.3408529
0.3430382
0.3377951
0.3322373
0.3303211
0.3283424
0.3180178
0.2942361
0.2600495
0.2246232
0.1964505
0.1774452
0.1618546
0.1404171
0.1073850
0.0660847
0.0283050
0.0062136
0.0022316
0.0061939
0.0039633
-0.0096396
-0.0264088
-0.0338690
-0.0287384
-0.0205441
-0.0216966
-0.0349308
-0.0513422
-0.0600857
-0.0585041
-0.0526011
-0.0495347
-0.0515675
-0.0566779
-0.0621420
-0.0655528
-0.0637290
-0.0539638
-0.0380780
-0.0238268
-0.0196633
-0.0269194
-0.0378245
-0.0422331
-0.0365821
-0.0263047
-0.0199995
-0.0217147
-0.0283472
-0.0332216
-0.0316973
-0.0245243
-0.0174167
-0.0173905
-0.0276695
-0.0444914
-0.0592176
-0.0652382
-0.0636975
-0.0617694
-0.0644631
-0.0685324
-0.0655682
-0.0513099
-0.0309900
-0.0149304
-0.0095828
-0.0136095
-0.0216514
-0.0295741
-0.0353198
-0.0371708
-0.0346022
-0.0312255
-0.0336765
-0.0445177
-0.0567847
-0.0587779
-0.0462390
-0.0286389
-0.0212087
-0.0302755
-0.0475493
-0.0591794
-0.0591958
-0.0532811
-0.0508073
-0.0554459
-0.0636731
-0.0699858
-0.0715837
-0.0690541
-0.0652974
-0.0646777
-0.0710290
-0.0839723
-0.0973537
-0.1036148
-0.1011314
-0.0963709
-0.0973700
-0.1052015
-0.1131252
-0.1143891
-0.1094909
-0.1046305
-0.1038495
-0.1045553
-0.1013214
-0.0927701
-0.0834381
-0.0792418
-0.0821929
-0.0893818
-0.0956485
-0.0965755
-0.0903777
-0.0791116
-0.0684256
-0.0642016
-0.0674742
-0.0727539
-0.0729645
-0.0669376
-0.0613193
-0.0640700
-0.0761527
-0.0902556
-0.0975051
-0.0946217
-0.0848218
-0.0737551
-0.0661035
-0.0647194
-0.0696424
-0.0764711
-0.0782358
-0.0723965
-0.0658433
-0.0691330
-0.0834112
-0.0957948
-0.0922728
-0.0751959
-0.0630393
-0.0700524
-0.0905525
-0.1091826
-0.1227796
-0.1372671
-0.1320252
-0.0371775
0.2245335
0.6462893
1.0847796
1.3229864
1.2187855
0.8149507
0.3085720
-0.0950580
-0.3142314
-0.4015588
-0.4488077
-0.4931325
-0.5076803
-0.4604039
-0.3625511
-0.2585382
-0.1818604
-0.1320929
-0.0923882
-0.0577279
-0.0387696
-0.0421062
-0.0562789
-0.0618797
-0.0522946
-0.0394246
-0.0383098
-0.0496506
-0.0600680
-0.0580741
-0.0463779
-0.0373846
-0.0388148
-0.0462473
-0.0495203
-0.0440271
-0.0343854
-0.0284570
-0.0300249
-0.0372831
-0.0457988
-0.0506236
-0.0464459
-0.0292135
-0.0001815
0.0324510
0.0587328
0.0753481
0.0879586
0.1038887
0.1230627
0.1381652
0.1444009
0.1471319
0.1574522
0.1802329
0.2087609
0.2324210
0.2480099
0.2610360
0.2762016
0.2899166
0.2947268
0.2898998
0.2843847
0.2881551
0.3025385
0.3206665
0.3357921
0.3461584
0.3517230
0.3499754
0.3383478
0.3195659
0.3005239
0.2840933
0.2646130
0.2347256
0.1962338
0.1607203
0.1374947
0.1228168
0.1039243
0.0737328
0.0390249
0.0127857
0.0001681
-0.0057023
-0.0144591
-0.0276149
-0.0380973
-0.0390001
-0.0307969
-0.0202135
-0.0139955
-0.0145462
-0.0200483
-0.0269533
-0.0325267
-0.0366225
-0.0416048
-0.0493224
-0.0570833
-0.0576119
-0.0452574
-0.0233177
-0.0040343
0.0007286
-0.0100550
-0.0254054
-0.0320176
-0.0256597
-0.0138289
-0.0079911
-0.0131987
-0.0242522
-0.0308980
-0.0268108
-0.0146865
-0.0036882
-0.0019182
-0.0103690
-0.0230743
-0.0326177
-0.0357779
-0.0347531
-0.0339978
-0.0363850
-0.0419608
-0.0493666
-0.0577239
-0.0670701
-0.0771594
-0.0859448
-0.0895355
-0.0845140
-0.0712783
-0.0552310
-0.0436987
-0.0404610
-0.0427883
-0.0440457
-0.0395634
-0.0303354
-0.0215621
-0.0181010
-0.0210637
-0.0277248
-0.0338811
-0.0366914
-0.0363691
-0.0356128
-0.0368274
-0.0393638
-0.0398746
-0.0361002
-0.0301548
-0.0271183
-0.0298679
-0.0358768
-0.0399276
-0.0399600
-0.0395484
-0.0442116
-0.0554447
-0.0685489
-0.0763086
-0.0751279
-0.0683483
-0.0638352
-0.0673980
-0.0774000
-0.0859944
-0.0870535
-0.0835334
-0.0857455
-0.1006150
-0.1227045
-0.1376695
-0.1358494
-0.1217835
-0.1091477
-0.1066370
-0.1102188
-0.1094494
-0.0997300
-0.0869479
-0.0808007
-0.0851682
-0.0949409
-0.1005239
-0.0949168
-0.0786135
-0.0600182
-0.0502621
-0.0541958
-0.0647942
-0.0686562
-0.0598821
-0.0477071
-0.0470753
-0.0613823
-0.0790661
-0.0900344
-0.0988909
-0.1090068
-0.0884965
0.0339795
0.3127555
0.7052623
1.0528715
1.1671331
0.9649070
0.5356215
0.0762100
-0.2504611
-0.4101030
-0.4734527
-0.5185287
-0.5611059
-0.5675064
-0.5131704
-0.4157861
-0.3164801
-0.2426859
-0.1951353
-0.1628752
-0.1394440
-0.1227852
-0.1083071
-0.0905158
-0.0710481
-0.0589685
-0.0599982
-0.0680613
-0.0708351
-0.0630811
-0.0515876
-0.0462351
-0.0484276
-0.0500606
-0.0428008
-0.0264495
-0.0083456
0.0036072
0.0067510
0.0043793
0.0024833
0.0052844
0.0120984
0.0179843
0.0186985
0.0160135
0.0174151
0.0291350
0.0492831
0.0688624
0.0801834
0.0838896
0.0874349
0.0973705
0.1138550
0.1321138
0.1478219
0.1606577
0.1737981
0.1910131
0.2135455
0.2381838
0.2581304
0.2675042
0.2667996
0.2638441
0.2679025
0.2818153
0.2999682
0.3139986
0.3199079
0.3195132
0.3163367
0.3117500
0.3049616
0.2947762
0.2800713
0.2596593
0.2336185
0.2047838
0.1770400
0.1512043
0.1242507
0.0946868
0.0679614
0.0531997
0.0524150
0.0545967
0.0441062
0.0165862
-0.0149322
-0.0318190
-0.0280556
-0.0159857
-0.0140941
-0.0300088
-0.0554019
-0.0756530
-0.0827767
-0.0797403
-0.0751001
-0.0754223
-0.0819582
-0.0920381
-0.1021391
-0.1101083
-0.1155768
-0.1186524
-0.1182455
-0.1122190
-0.0998838
-0.0840812
-0.0696361
-0.0591858
-0.0513498
-0.0438990
-0.0379815
-0.0373511
-0.0428191
-0.0491661
-0.0495849
-0.0430730
-0.0355444
-0.0327465
-0.0335294
-0.0318478
-0.0248663
-0.0168977
-0.0145105
-0.0193219
-0.0271098
-0.0330658
-0.0358562
-0.0365964
-0.0364046
-0.0366214
-0.0396929
-0.0468153
-0.0544264
-0.0558971
-0.0489437
-0.0401882
-0.0396540
-0.0501837
-0.0642486
-0.0724408
-0.0736700
-0.0750722
-0.0825372
-0.0938751
-0.1021425
-0.1034919
-0.0995734
-0.0933500
-0.0858351
-0.0781245
-0.0739647
-0.0769339
-0.0849609
-0.0905243
-0.0883540
-0.0819068
-0.0800423
-0.0870845
-0.0978591
-0.1033064
-0.0995997
-0.0905409
-0.0823709
-0.0786734
-0.0801004
-0.0855647
-0.0911956
-0.0903098
-0.0789715
-0.0628047
-0.0549509
-0.0644684
-0.0883368
-0.1166194
-0.1400054
-0.1415937
-0.0792237
0.1067437
0.4398060
0.8451857
1.1524548
1.1917755
0.9177341
0.4505826
-0.0090092
-0.3185386
-0.4656694
-0.5252278
-0.5635883
-0.5876568
-0.5702505
-0.5017070
-0.4061931
-0.3162484
-0.2458706
-0.1919461
-0.1524028
-0.1327711
-0.1349132
-0.1470850
-0.1508053
-0.1367050
-0.1107609
-0.0855549
-0.0686422
-0.0601925
-0.0581571
-0.0612059
-0.0663645
-0.0678750
-0.0621019
-0.0530947
-0.0498612
-0.0559459
-0.0630030
-0.0576032
-0.0356224
-0.0084764
0.0068865
0.0045408
-0.0047765
-0.0048940
0.0098291
0.0304479
0.0443967
0.0487008
0.0516888
0.0629927
0.0837036
0.1066461
0.1247730
0.1376845
0.1500241
0.1651717
0.1819558
0.1972227
0.2098815
0.2211408
0.2313845
0.2387559
0.2420682
0.2443635
0.2516770
0.2671368
0.2867323
0.3018531
0.3061200
0.2993786
0.2856626
0.2690281
0.2521716
0.2372591
0.2251222
0.2129110
0.1949953
0.1688501
0.1397827
0.1172940
0.1053402
0.0974191
0.0830439
0.0588760
0.0319831
0.0119660
0.0015558
-0.0040860
-0.0105145
-0.0189589
-0.0279111
-0.0366875
-0.0451000
-0.0507721
-0.0499427
-0.0424421
-0.0345569
-0.0349487
-0.0470808
-0.0659827
-0.0824354
-0.0901107
-0.0893645
-0.0856407
-0.0848564
-0.0891291
-0.0952253
-0.0968838
-0.0899874
-0.0766943
-0.0644198
-0.0599689
-0.0641712
-0.0720258
-0.0776455
-0.0788606
-0.0778507
-0.0785734
-0.0835587
-0.0915511
-0.0970221
-0.0930164
-0.0768125
-0.0537659
-0.0343789
-0.0261155
-0.0280283
-0.0338261
-0.0392599
-0.0447836
-0.0511710
-0.0554802
-0.0540970
-0.0490469
-0.0479167
-0.0555280
-0.0671527
-0.0725615
-0.0671604
-0.0573593
-0.0538890
-0.0608201
-0.0723593
-0.0798246
-0.0801425
-0.0772320
-0.0766054
-0.0799327
-0.0843401
-0.0855448
-0.0812999
-0.0728780
-0.0642042
-0.0592834
-0.0595282
-0.0631178
-0.0670280
-0.0696623
-0.0714097
-0.0731375
-0.0751581
-0.0780586
-0.0835594
-0.0930212
-0.1045917
-0.1129068
-0.1132956
-0.1069766
-0.1010868
-0.1018000
-0.1068387
-0.1063747
-0.0935052
-0.0738037
-0.0618909
-0.0667540
-0.0826206
-0.0979880
-0.1117803
-0.1305338
-0.1398708
-0.0827077
0.1133110
0.4623343
0.8654406
1.1429558
1.1478610
0.8701966
0.4407015
0.0320690
-0.2520904
-0.4100691
-0.4906985
-0.5274200
-0.5206491
-0.4654237
-0.3769040
-0.2842684
-0.2081935
-0.1518337
-0.1112269
-0.0865787
-0.0803181
-0.0885403
-0.0998570
-0.1035476
-0.0968396
-0.0841014
-0.0713735
-0.0630131
-0.0615592
-0.0675177
-0.0782242
-0.0885548
-0.0944904
-0.0959689
-0.0954019
-0.0935636
-0.0881836
-0.0772431
-0.0626833
-0.0492637
-0.0393578
-0.0301540
-0.0174597
-0.0020483
0.0097927
0.0137746
0.0149490
0.0246858
0.0482798
0.0768085
0.0946758
0.0968758
0.0967295
0.1132579
0.1502538
0.1902227
0.2111369
0.2086009
0.1996878
0.2048933
0.2281956
0.2556972
0.2718155
0.2740717
0.2721920
0.2760511
0.2871913
0.3009731
0.3132197
0.3224292
0.3268493
0.3226941
0.3072640
0.2832458
0.2579629
0.2369348
0.2181922
0.1939954
0.1590698
0.1171056
0.0784428
0.0509727
0.0336145
0.0189724
0.0018298
-0.0158374
-0.0280876
-0.0319191
-0.0301105
-0.0280501
-0.0293405
-0.0346427
-0.0428911
-0.0517310
-0.0571853
-0.0551923
-0.0451013
-0.0313101
-0.0203606
-0.0160556
-0.0174721
-0.0212011
-0.0247114
-0.0277471
-0.0316676
-0.0379856
-0.0465350
-0.0539143
-0.0543476
-0.0440992
-0.0261316
-0.0093826
-0.0017695
-0.0034972
-0.0078104
-0.0081575
-0.0036480
0.0023391
0.0067885
0.0086048
0.0068996
0.0009591
-0.0068195
-0.0103048
-0.0051301
0.0047765
0.0085757
-0.0014304
-0.0213015
-0.0382746
-0.0423257
-0.0343377
-0.0231938
-0.0166011
-0.0158620
-0.0180705
-0.0203769
-0.0209107
-0.0176228
-0.0093061
0.0014712
0.0084542
0.0069859
-0.0005694
-0.0062240
-0.0043967
0.0019178
0.0043290
-0.0012649
-0.0093934
-0.0107229
-0.0027633
0.0066848
0.0075971
-0.0017433
-0.0136083
-0.0198019
-0.0197899
-0.0188802
-0.0200811
-0.0207456
-0.0180254
-0.0149412
-0.0177534
-0.0271402
-0.0349824
-0.0324674
-0.0207742
-0.0112257
-0.0137288
-0.0263030
-0.0375674
-0.0393541
-0.0354533
-0.0372700
-0.0516110
-0.0735409
-0.0908253
-0.0943680
-0.0844181
-0.0683867
-0.0545003
-0.0474371
-0.0477410
-0.0528858
-0.0583768
-0.0596271
-0.0551082
-0.0484752
-0.0463757
-0.0522954
-0.0619195
-0.0656826
-0.0575135
-0.0415618
-0.0294688
-0.0300183
-0.0412838
-0.0532613
-0.0581710
-0.0576555
-0.0596740
-0.0690440
-0.0820796
-0.0906762
-0.0906214
-0.0849359
-0.0796657
-0.0781294
-0.0798891
-0.0835220
-0.0879215
-0.0908705
-0.0892709
-0.0834175
-0.0800978
-0.0876997
-0.1058963
-0.1220175
-0.1216444
-0.1044759
-0.0875147
-0.0895998
-0.1126140
-0.1399089
-0.1536984
-0.1517896
-0.1456769
-0.1445562
-0.1454935
-0.1401990
-0.1273072
-0.1135915
-0.1040624
-0.0962368
-0.0869480
-0.0807546
-0.0852589
-0.0976849
-0.1028441
-0.0901522
-0.0699659
-0.0653644
-0.0856722
-0.1151335
-0.1338776
-0.1433191
-0.1542196
-0.1416233
-0.0267523
0.2654843
0.7084741
1.1368535
1.3331385
1.1813452
0.7542495
0.2550524
-0.1314536
-0.3459952
-0.4419912
-0.4938156
-0.5266229
-0.5211176
-0.4615906
-0.3649650
-0.2678514
-0.1976511
-0.1597122
-0.1445128
-0.1391999
-0.1338003
-0.1245192
-0.1158278
-0.1167779
-0.1308233
-0.1489064
-0.1554818
-0.1429894
-0.1193872
-0.1003841
-0.0948435
-0.0983873
-0.1000048
-0.0929509
-0.0792830
-0.0661685
-0.0596111
-0.0608052
-0.0661385
-0.0698302
-0.0679737
-0.0616262
-0.0559295
-0.0551497
-0.0580224
-0.0581334
-0.0490493
-0.0293097
-0.0032597
0.0219861
0.0406941
0.0516576
0.0590897
0.0700857
0.0890498
0.1130874
0.1336037
0.1442845
0.1480988
0.1551708
0.1724481
0.1958324
0.2138438
0.2194224
0.2171006
0.2176919
0.2264286
0.2374423
0.2401832
0.2305969
0.2155769
0.2068790
0.2111087
0.2250122
0.2390506
0.2447366
0.2393574
0.2254051
0.2065910
0.1842932
0.1573305
0.1250758
0.0907251
0.0608185
0.0405342
0.0290935
0.0202742
0.0079885
-0.0085353
-0.0249703
-0.0367309
-0.0431834
-0.0474626
-0.0530638
-0.0609348
-0.0690816
-0.0740925
-0.0734738
-0.0680214
-0.0624740
-0.0623575
-0.0684006
-0.0744675
-0.0731945
-0.0644939
-0.0563101
-0.0543308
-0.0515946
-0.0322011
0.0116723
0.0678697
0.1138300
0.1410443
0.1687650
0.2297778
0.3403107
0.4841880
0.6267813
0.7424517
0.8256823
0.8760649
0.8777589
0.8003935
0.6239025
0.3623653
0.0621088
-0.2237660
-0.4589686
-0.6259464
-0.7130984
-0.7102461
-0.6221031
-0.4832897
-0.3513023
-0.2756925
-0.2684694
-0.3022001
-0.3364570
-0.3476929
-0.3379804
-0.3210578
-0.3041699
-0.2828430
-0.2492989
-0.2030289
-0.1536599
-0.1151139
-0.0963161
-0.0950005
-0.0993812
-0.0975485
-0.0874086
-0.0774386
-0.0763155
-0.0817612
-0.0814394
-0.0661721
-0.0411893
-0.0221331
-0.0193628
-0.0277159
-0.0330329
-0.0278718
-0.0187840
-0.0175501
-0.0266196
-0.0345042
-0.0254656
0.0065042
0.0523023
0.0949073
0.1223911
0.1360140
0.1470973
0.1656137
0.1907711
0.2126241
0.2234323
0.2271184
0.2361186
0.2579560
0.2857849
0.3040100
0.3038654
0.2922824
0.2842415
0.2869819
0.2932525
0.2903147
0.2740931
0.2532613
0.2399901
0.2380276
0.2400283
0.2353523
0.2195527
0.1969070
0.1752820
0.1592276
0.1470432
0.1330528
0.1126580
0.0867184
0.0621738
0.0474370
0.0449565
0.0473469
0.0422630
0.0232823
-0.0034122
-0.0244274
-0.0325141
-0.0341350
-0.0420924
-0.0600090
-0.0757344
-0.0723786
-0.0462541
-0.0123446
0.0090750
0.0105866
0.0018590
-0.0027727
0.0013707
0.0075894
0.0077521
0.0013046
-0.0054602
-0.0066615
-0.0018590
0.0049154
0.0089966
0.0079065
0.0025120
-0.0031535
-0.0043860
-0.0002399
0.0043836
0.0029329
-0.0053095
-0.0129502
-0.0114393
-0.0006110
0.0098939
0.0097230
-0.0018402
-0.0152468
-0.0204447
-0.0167781
-0.0130015
-0.0180085
-0.0320667
-0.0468692
-0.0534063
-0.0497508
-0.0421834
-0.0396242
-0.0466022
-0.0603914
-0.0740830
-0.0824642
-0.0854660
-0.0864787
-0.0876827
-0.0871339
-0.0804107
-0.0652825
-0.0450806
-0.0275207
-0.0196649
-0.0231221
-0.0333537
-0.0433189
-0.0482284
-0.0479273
-0.0458346
-0.0457638
-0.0488742
-0.0526929
-0.0529611
-0.0472438
-0.0376826
-0.0303535
-0.0309313
-0.0396725
-0.0503583
-0.0552302
-0.0521588
-0.0469626
-0.0477063
-0.0560699
-0.0646444
-0.0635533
-0.0504560
-0.0342828
-0.0285993
-0.0400208
-0.0619969
-0.0800754
-0.0845710
-0.0791753
-0.0768907
-0.0864734
-0.1027231
-0.1113845
-0.1045839
-0.0901803
-0.0834634
-0.0895228
-0.0970376
-0.0919090
-0.0745637
-0.0592720
-0.0570960
-0.0663050
-0.0825320
-0.1081536
-0.1346049
-0.1112383
0.0476473
0.3914077
0.8494459
1.2298191
1.3331635
1.0979557
0.6464003
0.1863601
-0.1392467
-0.3211647
-0.4283947
-0.5089742
-0.5511462
-0.5244507
-0.4338659
-0.3231338
-0.2340562
-0.1755812
-0.1332498
-0.0976351
-0.0749061
-0.0728118
-0.0857321
-0.0978320
-0.0978770
-0.0876597
-0.0773410
-0.0755663
-0.0837071
-0.0964976
-0.1067122
-0.1107732
-0.1115247
-0.1150478
-0.1233776
-0.1304398
-0.1266139
-0.1081567
-0.0815908
-0.0581591
-0.0442655
-0.0376703
-0.0319398
-0.0228591
-0.0105118
0.0026455
0.0139713
0.0219139
0.0273221
0.0338317
0.0453049
0.0618617
0.0792241
0.0928528
0.1022112
0.1101329
0.1186207
0.1268547
0.1336823
0.1404058
0.1493654
0.1601783
0.1694695
0.1752811
0.1801520
0.1878265
0.1973917
0.2031182
0.2011985
0.1950291
0.1919434
0.1950384
0.1998117
0.1992171
0.1909080
0.1788463
0.1686369
0.1623700
0.1577852
0.1511556
0.1402973
0.1256529
0.1097774
0.0957589
0.0848443
0.0749995
0.0628506
0.0481060
0.0353704
0.0300535
0.0322854
0.0360240
0.0347174
0.0271686
0.0175020
0.0104148
0.0075276
0.0077199
0.0091036
0.0097370
0.0077603
0.0030634
-0.0007220
0.0020692
0.0132314
0.0267108
0.0326847
0.0269426
0.0155345
0.0090965
0.0127074
0.0217334
0.0270463
0.0235076
0.0138317
0.0055694
0.0047693
0.0112962
0.0186521
0.0182094
0.0054936
-0.0153026
-0.0324453
-0.0343114
-0.0187608
0.0039921
0.0189465
0.0185785
0.0088123
0.0031246
0.0101572
0.0260366
0.0382649
0.0376315
0.0269975
0.0181747
0.0195449
0.0269742
0.0278818
0.0146808
-0.0062867
-0.0196609
-0.0150491
0.0034775
0.0210802
0.0249988
0.0145312
-0.0000296
-0.0069701
-0.0021793
0.0087875
0.0154422
0.0100432
-0.0062715
-0.0232973
-0.0292632
-0.0210593
-0.0076483
-0.0022817
-0.0105150
-0.0258278
-0.0368877
-0.0386672
-0.0363432
-0.0388993
-0.0496555
-0.0630952
-0.0699966
-0.0648032
-0.0488646
-0.0288731
-0.0132394
-0.0079596
-0.0129527
-0.0217886
-0.0268233
-0.0259799
-0.0240842
-0.0268641
-0.0339728
-0.0386015
-0.0341092
-0.0208495
-0.0064245
0.0006877
-0.0021805
-0.0108228
-0.0184279
-0.0202948
-0.0157820
-0.0080145
-0.0020815
-0.0013860
-0.0041269
-0.0043541
0.0018121
0.0111796
0.0159605
0.0114650
0.0005471
-0.0097502
-0.0151188
-0.0169598
-0.0191235
-0.0233156
-0.0287419
-0.0349871
-0.0423395
-0.0484038
-0.0475277
-0.0371150
-0.0235636
-0.0176936
-0.0226078
-0.0289943
-0.0255375
-0.0131550
-0.0056845
-0.0148147
-0.0356858
-0.0499998
-0.0446234
-0.0259276
-0.0138344
-0.0218304
-0.0446463
-0.0655545
-0.0729984
-0.0687597
-0.0627379
-0.0630198
-0.0700566
-0.0771893
-0.0761865
-0.0645320
-0.0487245
-0.0396662
-0.0435926
-0.0568154
-0.0690071
-0.0720446
-0.0666559
-0.0607080
-0.0606877
-0.0655236
-0.0694442
-0.0690764
-0.0653340
-0.0601070
-0.0555060
-0.0561352
-0.0665744
-0.0841429
-0.0983631
-0.1012069
-0.0954675
-0.0897909
-0.0871101
-0.0812244
-0.0647566
-0.0390908
-0.0163976
-0.0109272
-0.0258667
-0.0490063
-0.0643402
-0.0675977
