0.0939496
0.1194256
0.1086201
0.1026134
0.1139039
0.1240054
0.1249881
0.1273329
0.1325831
0.1294124
0.1164166
0.1046188
0.0976221
0.0893503
0.0802306
0.0772736
0.0791817
0.0778472
0.0734803
0.0732479
0.0759979
0.0723009
0.0595802
0.0457279
0.0380385
0.0376853
0.0433144
0.0515149
0.0558102
0.0526847
0.0462595
0.0412250
0.0353190
0.0248087
0.0126029
0.0044619
0.0014805
0.0020854
0.0067570
0.0148393
0.0209674
0.0205176
0.0155072
0.0108737
0.0083339
0.0072424
0.0074592
0.0079364
0.0060359
0.0011091
-0.0041723
-0.0074082
-0.0081586
-0.0062066
-0.0029178
-0.0040347
-0.0147348
-0.0306245
-0.0398237
-0.0366560
-0.0286682
-0.0272675
-0.0341960
-0.0390881
-0.0291502
-0.0019246
0.0295479
0.0461711
0.0407481
0.0251176
0.0164941
0.0191050
0.0231294
0.0190018
0.0071983
-0.0052188
-0.0123868
-0.0130424
-0.0096703
-0.0059126
-0.0041576
-0.0056502
-0.0119887
-0.0235132
-0.0359811
-0.0430243
-0.0437463
-0.0440502
-0.0479744
-0.0513226
-0.0472099
-0.0354796
-0.0233396
-0.0177908
-0.0195352
-0.0235061
-0.0241718
-0.0209897
-0.0187703
-0.0217272
-0.0282093
-0.0333421
-0.0354309
-0.0363827
-0.0366354
-0.0339241
-0.0278389
-0.0222639
-0.0219150
-0.0282451
-0.0390841
-0.0506100
-0.0598277
-0.0668310
-0.0742262
-0.0827266
-0.0881439
-0.0847360
-0.0712630
-0.0526616
-0.0366732
-0.0294495
-0.0320803
-0.0392685
-0.0430217
-0.0399972
-0.0345299
-0.0331374
-0.0372488
-0.0425034
-0.0436799
-0.0389882
-0.0309922
-0.0247645
-0.0240887
-0.0283956
-0.0340777
-0.0387729
-0.0428053
-0.0464835
-0.0482056
-0.0458620
-0.0384163
-0.0258862
-0.0097928
0.0059468
0.0167125
0.0209471
0.0213842
0.0221886
0.0252685
0.0284773
0.0263515
0.0141518
-0.0064299
-0.0262294
-0.0358443
-0.0344231
-0.0300913
-0.0319571
-0.0427777
-0.0584989
-0.0728904
-0.0824317
-0.0879571
-0.0921452
-0.0957154
-0.0968706
-0.0941629
-0.0882191
-0.0805777
-0.0730132
-0.0683742
-0.0691036
-0.0733085
-0.0750500
-0.0713464
-0.0672437
-0.0703767
-0.0801836
-0.0858008
-0.0777958
-0.0616636
-0.0549610
-0.0647431
-0.0662097
-0.0099613
0.1411564
0.3797144
0.6597564
0.9336388
1.1775636
1.3795546
1.5107599
1.5222235
1.3801117
1.1065728
0.7815479
0.4967550
0.3006703
0.1825819
0.1038732
0.0391618
-0.0118720
-0.0426455
-0.0582919
-0.0737782
-0.0986125
-0.1278997
-0.1486563
-0.1532827
-0.1462084
-0.1382553
-0.1363316
-0.1395919
-0.1439311
-0.1473470
-0.1508005
-0.1565616
-0.1668040
-0.1815478
-0.1962655
-0.2031969
-0.1975513
-0.1827695
-0.1687223
-0.1641870
-0.1705722
-0.1821537
-0.1921035
-0.1984270
-0.2038395
-0.2102358
-0.2152604
-0.2157612
-0.2130329
-0.2120006
-0.2152992
-0.2202914
-0.2224023
-0.2199308
-0.2151544
-0.2119214
-0.2126996
-0.2171236
-0.2226436
-0.2264829
-0.2271127
-0.2245390
-0.2203324
-0.2173876
-0.2181133
-0.2220154
-0.2259652
-0.2273451
-0.2258709
-0.2219826
-0.2151426
-0.2049186
-0.1925134
-0.1796854
-0.1665458
-0.1514655
-0.1330745
-0.1119531
-0.0906906
-0.0725122
-0.0593610
-0.0510269
-0.0462568
-0.0442912
-0.0446942
-0.0462206
-0.0470367
-0.0462338
-0.0446919
-0.0448210
-0.0496989
-0.0610131
-0.0763607
-0.0896712
-0.0965991
-0.0994558
-0.1046459
-0.1144572
-0.1230268
-0.1219681
-0.1097718
-0.0945983
-0.0870985
-0.0904536
-0.0980294
-0.1011228
-0.0980503
-0.0944391
-0.0954878
-0.1002917
-0.1040481
-0.1034159
-0.0984792
-0.0914438
-0.0852002
-0.0816363
-0.0789248
-0.0710584
-0.0529540
-0.0273423
-0.0049063
0.0048924
0.0035685
0.0022449
0.0088388
0.0182791
0.0192580
0.0106884
0.0052038
0.0108877
0.0138272
-0.0092649
-0.0537954
-0.0677486
0.0184117
0.2336058
0.5369612
0.8491149
1.1123555
1.3167777
1.4682057
1.5414488
1.4812425
1.2576921
0.9159724
0.5610951
0.2877844
0.1230179
0.0314199
-0.0333938
-0.0886807
-0.1265825
-0.1427562
-0.1497256
-0.1628307
-0.1826275
-0.1979514
-0.2032804
-0.2055847
-0.2125407
-0.2201552
-0.2174632
-0.2018806
-0.1847836
-0.1798724
-0.1880519
-0.1960955
-0.1903475
-0.1706392
-0.1503196
-0.1435231
-0.1533219
-0.1713809
-0.1867070
-0.1937908
-0.1944915
-0.1948045
-0.1997867
-0.2096404
-0.2199182
-0.2262447
-0.2289849
-0.2325955
-0.2404001
-0.2507841
-0.2587319
-0.2606687
-0.2577702
-0.2549223
-0.2564776
-0.2627673
-0.2705764
-0.2766582
-0.2803230
-0.2829035
-0.2856146
-0.2880074
-0.2875972
-0.2808791
-0.2659620
-0.2450666
-0.2238409
-0.2073543
-0.1964932
-0.1878562
-0.1764689
-0.1589150
-0.1352767
-0.1088846
-0.0836865
-0.0613075
-0.0408261
-0.0213731
-0.0042317
0.0081356
0.0149638
0.0187090
0.0232917
0.0303309
0.0371856
0.0395891
0.0366850
0.0327296
0.0331793
0.0396240
0.0489402
0.0563206
0.0581294
0.0529630
0.0421523
0.0297071
0.0201776
0.0151018
0.0115836
0.0052886
-0.0044889
-0.0129982
-0.0143753
-0.0085801
-0.0032051
-0.0068495
-0.0205108
-0.0367035
-0.0474286
-0.0519070
-0.0558726
-0.0642775
-0.0757858
-0.0842356
-0.0848227
-0.0787602
-0.0720899
-0.0700144
-0.0725120
-0.0754428
-0.0752234
-0.0717153
-0.0670111
-0.0626149
-0.0582670
-0.0529753
-0.0466654
-0.0406886
-0.0366726
-0.0350398
-0.0350257
-0.0359043
-0.0372642
-0.0380568
-0.0369231
-0.0344933
-0.0340401
-0.0377972
-0.0426411
-0.0414023
-0.0299147
-0.0124765
0.0007704
0.0026230
-0.0048074
-0.0124526
-0.0128250
-0.0061273
0.0012736
0.0027947
-0.0041688
-0.0174391
-0.0308624
-0.0371394
-0.0336319
-0.0263181
-0.0246240
-0.0299276
-0.0322738
-0.0235683
-0.0133311
-0.0229664
-0.0557649
-0.0729778
-0.0098422
0.1737511
0.4556501
0.7675328
1.0488728
1.2799789
1.4601055
1.5636072
1.5356481
1.3420144
1.0200385
0.6704109
0.3918013
0.2201501
0.1262876
0.0630227
0.0078211
-0.0355123
-0.0618941
-0.0792935
-0.0989028
-0.1208237
-0.1359598
-0.1397184
-0.1385891
-0.1424624
-0.1537283
-0.1657848
-0.1707540
-0.1667548
-0.1580233
-0.1499265
-0.1450456
-0.1432947
-0.1440516
-0.1473597
-0.1537938
-0.1639537
-0.1776866
-0.1931192
-0.2068861
-0.2162764
-0.2212415
-0.2238281
-0.2258754
-0.2277992
-0.2291220
-0.2290875
-0.2267755
-0.2218289
-0.2157144
-0.2115294
-0.2115126
-0.2145062
-0.2164554
-0.2141818
-0.2089523
-0.2058265
-0.2088067
-0.2167016
-0.2242696
-0.2271774
-0.2250369
-0.2199232
-0.2135783
-0.2068073
-0.2001158
-0.1930701
-0.1831944
-0.1673696
-0.1456679
-0.1233723
-0.1075458
-0.1001595
-0.0946439
-0.0807612
-0.0543050
-0.0218819
0.0047856
0.0193354
0.0250931
0.0296239
0.0366809
0.0442270
0.0490082
0.0509803
0.0524787
0.0541371
0.0534365
0.0480231
0.0393087
0.0311010
0.0247812
0.0178494
0.0084137
-0.0003746
-0.0026132
0.0034453
0.0123716
0.0164140
0.0129063
0.0062993
0.0031921
0.0060140
0.0115739
0.0149338
0.0138089
0.0094304
0.0045663
0.0016688
0.0019499
0.0044296
0.0057505
0.0027262
-0.0036471
-0.0074544
-0.0026156
0.0110390
0.0266706
0.0356567
0.0342138
0.0254822
0.0158557
0.0097648
0.0078510
0.0089812
0.0123170
0.0168791
0.0205146
0.0210605
0.0186111
0.0154275
0.0130702
0.0103292
0.0047414
-0.0039130
-0.0121950
-0.0156206
-0.0130073
-0.0081108
-0.0064850
-0.0104415
-0.0171837
-0.0218163
-0.0218371
-0.0187865
-0.0162354
-0.0165587
-0.0192010
-0.0215319
-0.0214829
-0.0197103
-0.0192720
-0.0230960
-0.0315032
-0.0416089
-0.0488099
-0.0497179
-0.0451226
-0.0403386
-0.0411769
-0.0481292
-0.0546568
-0.0524437
-0.0392259
-0.0214352
-0.0086603
-0.0051494
-0.0067248
-0.0060302
-0.0004127
0.0057629
0.0061477
-0.0012284
-0.0126379
-0.0225276
-0.0280295
-0.0304008
-0.0328794
-0.0369116
-0.0402750
-0.0398051
-0.0363883
-0.0352990
-0.0391341
-0.0415878
-0.0332038
-0.0162890
-0.0097164
-0.0295451
-0.0597103
-0.0472702
0.0618265
0.2753553
0.5449100
0.8069060
1.0309686
1.2217423
1.3744172
1.4419386
1.3620187
1.1222841
0.7928936
0.4861527
0.2788605
0.1703790
0.1091786
0.0513194
-0.0086270
-0.0533399
-0.0738726
-0.0792692
-0.0823989
-0.0863583
-0.0869562
-0.0828001
-0.0780040
-0.0763203
-0.0768963
-0.0771956
-0.0778067
-0.0822027
-0.0923631
-0.1065562
-0.1217652
-0.1366676
-0.1512112
-0.1646801
-0.1762755
-0.1873375
-0.2005377
-0.2155849
-0.2273684
-0.2306999
-0.2270555
-0.2248504
-0.2317175
-0.2467901
-0.2614830
-0.2680499
-0.2667429
-0.2641654
-0.2653711
-0.2690046
-0.2704689
-0.2681701
-0.2647561
-0.2625314
-0.2599322
-0.2540289
-0.2455306
-0.2391481
-0.2381095
-0.2395353
-0.2371617
-0.2290959
-0.2211475
-0.2203448
-0.2250895
-0.2238327
-0.2051881
-0.1689655
-0.1262594
-0.0892590
-0.0623360
-0.0426329
-0.0265868
-0.0135532
-0.0037449
0.0044450
0.0130967
0.0216469
0.0273715
0.0295720
0.0314210
0.0358766
0.0406709
0.0398838
0.0313008
0.0203758
0.0150671
0.0172078
0.0206489
0.0183084
0.0097866
0.0010401
-0.0026938
-0.0019418
-0.0005695
-0.0001004
0.0013190
0.0043539
0.0055666
0.0013347
-0.0061942
-0.0098937
-0.0056022
0.0023944
0.0058474
0.0021939
-0.0024197
-0.0008747
0.0056268
0.0083740
0.0015097
-0.0108432
-0.0199067
-0.0234266
-0.0281277
-0.0397633
-0.0533659
-0.0567256
-0.0437561
-0.0220099
-0.0055244
-0.0013061
-0.0042958
-0.0049440
0.0005431
0.0084255
0.0138651
0.0161507
0.0168516
0.0152386
0.0083757
-0.0040394
-0.0170179
-0.0240367
-0.0231730
-0.0186643
-0.0164671
-0.0189883
-0.0243373
-0.0298755
-0.0352490
-0.0414539
-0.0478439
-0.0516818
-0.0513089
-0.0487566
-0.0478310
-0.0494732
-0.0500308
-0.0449047
-0.0338271
-0.0221509
-0.0166871
-0.0199557
-0.0280643
-0.0340849
-0.0340016
-0.0300744
-0.0285418
-0.0333985
-0.0418513
-0.0464029
-0.0425344
-0.0341185
-0.0292217
-0.0295285
-0.0266199
-0.0127979
0.0049339
0.0085875
-0.0060370
-0.0086600
0.0534465
0.2146807
0.4602934
0.7381482
1.0004783
1.2291020
1.4169923
1.5326705
1.5186203
1.3378213
1.0235291
0.6756105
0.3986923
0.2366405
0.1603012
0.1114096
0.0550270
-0.0048407
-0.0480569
-0.0666532
-0.0711724
-0.0770982
-0.0911585
-0.1097691
-0.1257449
-0.1342611
-0.1349028
-0.1313311
-0.1291802
-0.1322051
-0.1393751
-0.1463511
-0.1502462
-0.1522913
-0.1554699
-0.1605997
-0.1660775
-0.1711394
-0.1774317
-0.1861789
-0.1950415
-0.1999778
-0.2003822
-0.2000824
-0.2015958
-0.2009465
-0.1911884
-0.1717404
-0.1519090
-0.1430064
-0.1473761
-0.1567142
-0.1611747
-0.1586057
-0.1543489
-0.1537743
-0.1571327
-0.1613783
-0.1643100
-0.1650063
-0.1615315
-0.1513102
-0.1349684
-0.1180196
-0.1066140
-0.1016775
-0.0986912
-0.0935635
-0.0873652
-0.0841734
-0.0849182
-0.0850362
-0.0790017
-0.0663814
-0.0521662
-0.0410572
-0.0326608
-0.0231637
-0.0107745
0.0022677
0.0132300
0.0224188
0.0314182
0.0385807
0.0389015
0.0300126
0.0172925
0.0107005
0.0154657
0.0268453
0.0352213
0.0358297
0.0320716
0.0295280
0.0291130
0.0277101
0.0239219
0.0201352
0.0183479
0.0166311
0.0121612
0.0068890
0.0071924
0.0163456
0.0287185
0.0337740
0.0265058
0.0128957
0.0043098
0.0070243
0.0176868
0.0279296
0.0317767
0.0287683
0.0222127
0.0162559
0.0138915
0.0155220
0.0183143
0.0178907
0.0121642
0.0039452
-0.0009667
0.0008702
0.0068738
0.0104273
0.0068775
-0.0022915
-0.0111126
-0.0147864
-0.0138820
-0.0134978
-0.0184565
-0.0286222
-0.0380837
-0.0391687
-0.0286288
-0.0110844
0.0036896
0.0080204
0.0021519
-0.0065297
-0.0101925
-0.0070621
-0.0018893
-0.0004641
-0.0040144
-0.0089416
-0.0112923
-0.0105166
-0.0087830
-0.0077625
-0.0072225
-0.0065341
-0.0061556
-0.0065925
-0.0062960
-0.0020111
0.0076843
0.0193491
0.0263298
0.0243788
0.0155423
0.0058459
-0.0009068
-0.0063696
-0.0144768
-0.0258663
-0.0364892
-0.0417666
-0.0411684
-0.0380720
-0.0357626
-0.0348027
-0.0344893
-0.0354026
-0.0389260
-0.0445507
-0.0495918
-0.0526821
-0.0563406
-0.0641463
-0.0753080
-0.0839286
-0.0850438
-0.0806565
-0.0781550
-0.0823798
-0.0903494
-0.0946076
-0.0910482
-0.0822234
-0.0731567
-0.0656447
-0.0578903
-0.0487658
-0.0403529
-0.0355682
-0.0345365
-0.0345665
-0.0332941
-0.0305883
-0.0271958
-0.0227799
-0.0164184
-0.0086977
-0.0020584
0.0015406
0.0026528
0.0031372
0.0030486
-0.0001430
-0.0084053
-0.0196116
-0.0282084
-0.0300162
-0.0263183
-0.0230670
-0.0260430
-0.0364330
-0.0502295
-0.0611622
-0.0644509
-0.0590924
-0.0481347
-0.0373396
-0.0325503
-0.0364114
-0.0463434
-0.0560248
-0.0602297
-0.0592638
-0.0585942
-0.0633437
-0.0725802
-0.0791715
-0.0758690
-0.0620317
-0.0445214
-0.0320539
-0.0286491
-0.0319393
-0.0364200
-0.0374026
-0.0329588
-0.0246087
-0.0170947
-0.0150806
-0.0168851
-0.0121340
0.0092047
0.0412614
0.0587724
0.0387341
-0.0067375
-0.0213105
0.0611075
0.2626843
0.5397416
0.8170219
1.0450155
1.2216063
1.3582277
1.4336452
1.3938550
1.2045779
0.9010552
0.5786279
0.3289479
0.1823663
0.1071637
0.0559736
0.0073674
-0.0325232
-0.0552603
-0.0664465
-0.0783902
-0.0953537
-0.1114837
-0.1207671
-0.1238589
-0.1245530
-0.1238531
-0.1207756
-0.1172258
-0.1179545
-0.1244145
-0.1312319
-0.1314056
-0.1246134
-0.1182857
-0.1198663
-0.1293222
-0.1400027
-0.1456324
-0.1450983
-0.1412022
-0.1370431
-0.1345097
-0.1345054
-0.1362668
-0.1363327
-0.1303502
-0.1177514
-0.1042836
-0.0982468
-0.1033558
-0.1157366
-0.1283332
-0.1377232
-0.1460155
-0.1566330
-0.1695672
-0.1813594
-0.1890405
-0.1931715
-0.1969729
-0.2030260
-0.2109347
-0.2176096
-0.2194015
-0.2145145
-0.2044951
-0.1938692
-0.1875101
-0.1869251
-0.1883324
-0.1847666
-0.1711056
-0.1479182
-0.1207360
-0.0954250
-0.0738627
-0.0537150
-0.0321764
-0.0098295
0.0092135
0.0209883
0.0254538
0.0266157
0.0290690
0.0346353
0.0422989
0.0507766
0.0602769
0.0713902
0.0827660
0.0907721
0.0919660
0.0859202
0.0756436
0.0655389
0.0589905
0.0570660
0.0581899
0.0585990
0.0542470
0.0439648
0.0312725
0.0220030
0.0187985
0.0177834
0.0116051
-0.0034177
-0.0231576
-0.0389573
-0.0450406
-0.0427182
-0.0380339
-0.0364210
-0.0397617
-0.0469334
-0.0550457
-0.0598944
-0.0574171
-0.0471262
-0.0342334
-0.0263583
-0.0264726
-0.0295280
-0.0275582
-0.0184599
-0.0084798
-0.0050362
-0.0079111
-0.0092521
-0.0026730
0.0091158
0.0171097
0.0159845
0.0098058
0.0074271
0.0134553
0.0247964
0.0351748
0.0409942
0.0422250
0.0396099
0.0335476
0.0258194
0.0199568
0.0177999
0.0162803
0.0098591
-0.0028640
-0.0163141
-0.0233715
-0.0234101
-0.0232212
-0.0291455
-0.0395368
-0.0466830
-0.0460386
-0.0418003
-0.0423332
-0.0511114
-0.0637066
-0.0734887
-0.0784622
-0.0815145
-0.0852963
-0.0889222
-0.0898271
-0.0869525
-0.0808552
-0.0719507
-0.0608005
-0.0501364
-0.0442765
-0.0449629
-0.0489298
-0.0513204
-0.0505729
-0.0473517
-0.0392978
-0.0223605
-0.0017607
0.0026454
-0.0262483
-0.0717199
-0.0740637
0.0333823
0.2680650
0.5777629
0.8812328
1.1298285
1.3245131
1.4726844
1.5407159
1.4660732
1.2237363
0.8743179
0.5355401
0.3000410
0.1786831
0.1183530
0.0651828
0.0061069
-0.0420509
-0.0673376
-0.0775364
-0.0864947
-0.0976606
-0.1057123
-0.1088246
-0.1122841
-0.1198912
-0.1272617
-0.1273324
-0.1209297
-0.1184007
-0.1297413
-0.1543907
-0.1813155
-0.1979522
-0.1984808
-0.1853703
-0.1660141
-0.1487869
-0.1399454
-0.1410585
-0.1483168
-0.1556241
-0.1598388
-0.1630823
-0.1692737
-0.1784807
-0.1856317
-0.1854772
-0.1784769
-0.1710123
-0.1695928
-0.1752547
-0.1836765
-0.1899131
-0.1921358
-0.1911697
-0.1880085
-0.1830162
-0.1771398
-0.1724132
-0.1703188
-0.1700039
-0.1690326
-0.1662565
-0.1634691
-0.1636031
-0.1672595
-0.1715351
-0.1726834
-0.1698260
-0.1657369
-0.1639462
-0.1652107
-0.1666548
-0.1639548
-0.1544392
-0.1390489
-0.1224388
-0.1111391
-0.1098972
-0.1176422
-0.1263886
-0.1257053
-0.1106573
-0.0864139
-0.0642778
-0.0520159
-0.0478241
-0.0440153
-0.0362356
-0.0281129
-0.0266045
-0.0337949
-0.0444924
-0.0519004
-0.0544684
-0.0562679
-0.0611969
-0.0682500
-0.0730617
-0.0730917
-0.0699804
-0.0669252
-0.0652044
-0.0641884
-0.0637753
-0.0648860
-0.0668727
-0.0658717
-0.0578166
-0.0436747
-0.0302671
-0.0241412
-0.0245047
-0.0236564
-0.0154161
-0.0024160
0.0063060
0.0050400
-0.0024666
-0.0073018
-0.0050142
0.0002310
0.0010452
-0.0049155
-0.0129236
-0.0167591
-0.0150463
-0.0118978
-0.0125557
-0.0193949
-0.0313143
-0.0449439
-0.0555793
-0.0585425
-0.0521963
-0.0406513
-0.0322741
-0.0335076
-0.0431224
-0.0529454
-0.0552194
-0.0498028
-0.0440556
-0.0454399
-0.0542857
-0.0638969
-0.0675041
-0.0647854
-0.0617309
-0.0646796
-0.0746999
-0.0872369
-0.0964439
-0.0996948
-0.0986325
-0.0968752
-0.0970506
-0.0992823
-0.1014261
-0.1005924
-0.0954849
-0.0882820
-0.0839307
-0.0863088
-0.0942983
-0.1021124
-0.1044316
-0.1015091
-0.0987417
-0.1008139
-0.1065752
-0.1103510
-0.1084345
-0.1036520
-0.1028957
-0.1102103
-0.1226410
-0.1326929
-0.1344478
-0.1277311
-0.1177140
-0.1113061
-0.1129844
-0.1221202
-0.1331897
-0.1391311
-0.1359780
-0.1253738
-0.1128910
-0.1036003
-0.0986574
-0.0954190
-0.0903086
-0.0818464
-0.0720112
-0.0653564
-0.0658265
-0.0726220
-0.0789729
-0.0770960
-0.0661840
-0.0543922
-0.0503243
-0.0525680
-0.0511661
-0.0418021
-0.0348960
-0.0428358
-0.0539641
-0.0239274
0.0969624
0.3206730
0.6056428
0.8866329
1.1200739
1.2976239
1.4175813
1.4536087
1.3640698
1.1372013
0.8227799
0.5117570
0.2792982
0.1433770
0.0722651
0.0246670
-0.0194227
-0.0590263
-0.0897790
-0.1138617
-0.1355163
-0.1542961
-0.1663609
-0.1703224
-0.1689925
-0.1658944
-0.1623809
-0.1586489
-0.1557574
-0.1552361
-0.1573576
-0.1610719
-0.1654796
-0.1701157
-0.1735958
-0.1736408
-0.1699665
-0.1664223
-0.1680964
-0.1754470
-0.1826834
-0.1834619
-0.1778342
-0.1722763
-0.1727509
-0.1788843
-0.1854256
-0.1882927
-0.1879488
-0.1873030
-0.1880440
-0.1899285
-0.1925656
-0.1962047
-0.2006991
-0.2053065
-0.2104683
-0.2185347
-0.2308219
-0.2439644
-0.2510973
-0.2480007
-0.2375250
-0.2269342
-0.2211246
-0.2193314
-0.2181481
-0.2159772
-0.2132237
-0.2090141
-0.2000169
-0.1837281
-0.1619585
-0.1394933
-0.1193172
-0.1005615
-0.0816075
-0.0636559
-0.0495848
-0.0397348
-0.0306766
-0.0188767
-0.0044160
0.0101133
0.0238126
0.0388020
0.0564416
0.0732155
0.0821826
0.0793442
0.0679543
0.0557552
0.0481600
0.0446365
0.0411428
0.0346852
0.0252288
0.0147540
0.0060582
0.0020351
0.0040606
0.0097367
0.0130062
0.0084494
-0.0034729
-0.0161260
-0.0228728
-0.0236376
-0.0243117
-0.0293078
-0.0360217
-0.0380630
-0.0333706
-0.0270982
-0.0255929
-0.0288491
-0.0305411
-0.0252696
-0.0141536
-0.0026765
0.0055095
0.0110489
0.0160483
0.0214607
0.0281321
0.0376693
0.0493372
0.0577395
0.0585162
0.0574929
0.0681726
0.0937151
0.1142718
0.1040959
0.0700546
0.0684146
0.1689148
0.3921969
0.6853539
0.9669892
1.1963038
1.3891101
1.5620478
1.6725850
1.6335463
1.3974190
1.0216824
0.6407577
0.3683063
0.2247175
0.1523288
0.0881527
0.0152125
-0.0471394
-0.0834715
-0.1016568
-0.1185245
-0.1397712
-0.1592095
-0.1715216
-0.1784208
-0.1830752
-0.1846333
-0.1809987
-0.1739004
-0.1677551
-0.1642121
-0.1606841
-0.1549706
-0.1493514
-0.1485180
-0.1541354
-0.1628945
-0.1699420
-0.1730911
-0.1734971
-0.1736061
-0.1753908
-0.1794596
-0.1841296
-0.1855390
-0.1805639
-0.1705712
-0.1611715
-0.1569505
-0.1567331
-0.1551674
-0.1491769
-0.1420153
-0.1403722
-0.1477431
-0.1610545
-0.1735783
-0.1805765
-0.1822074
-0.1821112
-0.1842714
-0.1906883
-0.2001395
-0.2080790
-0.2088729
-0.2001811
-0.1858901
-0.1738501
-0.1695597
-0.1715059
-0.1725887
-0.1662606
-0.1517226
-0.1336353
-0.1170152
-0.1025116
-0.0867616
-0.0672136
-0.0460548
-0.0288676
-0.0193709
-0.0158532
-0.0132061
-0.0085815
-0.0045639
-0.0059600
-0.0133240
-0.0207270
-0.0211273
-0.0138171
-0.0054449
-0.0032791
-0.0081408
-0.0142764
-0.0153163
-0.0095946
-0.0003704
0.0075559
0.0109229
0.0091541
0.0043907
0.0007115
0.0015832
0.0062590
0.0089978
0.0038121
-0.0089993
-0.0220802
-0.0279106
-0.0259350
-0.0217677
-0.0199387
-0.0193998
-0.0169825
-0.0137144
-0.0154383
-0.0263799
-0.0430074
-0.0554709
-0.0555520
-0.0431921
-0.0257318
-0.0117380
-0.0055642
-0.0061308
-0.0090188
-0.0098345
-0.0073849
-0.0047083
-0.0063414
-0.0137113
-0.0235498
-0.0315385
-0.0371705
-0.0439333
-0.0542449
-0.0649212
-0.0687793
-0.0613364
-0.0457683
-0.0308468
-0.0239345
-0.0260310
-0.0329667
-0.0401618
-0.0459233
-0.0514801
-0.0592386
-0.0706378
-0.0841533
-0.0948535
-0.0971136
-0.0893065
-0.0762151
-0.0659818
-0.0635847
-0.0669925
-0.0702949
-0.0708515
-0.0722410
-0.0788059
-0.0880056
-0.0909058
-0.0817558
-0.0651662
-0.0508798
-0.0419428
-0.0324002
-0.0196561
-0.0152747
-0.0342695
-0.0673363
-0.0674903
0.0242525
0.2308599
0.5164213
0.8145506
1.0785454
1.2983526
1.4684277
1.5509607
1.4877605
1.2574069
0.9169391
0.5773894
0.3306569
0.1955905
0.1289239
0.0796971
0.0289971
-0.0151710
-0.0458624
-0.0700689
-0.0976541
-0.1279433
-0.1522088
-0.1658527
-0.1731323
-0.1800100
-0.1864476
-0.1882886
-0.1851571
-0.1832793
-0.1892999
-0.2026859
-0.2157529
-0.2210095
-0.2176377
-0.2111404
-0.2078834
-0.2101451
-0.2152676
-0.2187629
-0.2186820
-0.2176010
-0.2201835
-0.2283636
-0.2389435
-0.2462134
-0.2471055
-0.2438676
-0.2416383
-0.2430973
-0.2453708
-0.2426795
-0.2325449
-0.2190473
-0.2091282
-0.2054867
-0.2037135
-0.1968957
-0.1828944
-0.1666808
-0.1552959
-0.1507161
-0.1482364
-0.1421530
-0.1323372
-0.1241580
-0.1220444
-0.1244081
-0.1254310
-0.1207518
-0.1104869
-0.0977103
-0.0857860
-0.0773114
-0.0737383
-0.0740817
-0.0739178
-0.0673584
-0.0518673
-0.0314699
-0.0140029
-0.0041699
0.0002601
0.0046180
0.0103955
0.0136358
0.0103795
0.0021338
-0.0053410
-0.0082529
-0.0086296
-0.0116023
-0.0194203
-0.0288645
-0.0347291
-0.0352612
-0.0334692
-0.0333068
-0.0355927
-0.0379577
-0.0377148
-0.0339334
-0.0275233
-0.0206284
-0.0158583
-0.0149008
-0.0173338
-0.0212682
-0.0253618
-0.0295811
-0.0335219
-0.0346940
-0.0300350
-0.0201019
-0.0109428
-0.0098084
-0.0180845
-0.0296285
-0.0370957
-0.0384004
-0.0349898
-0.0257875
-0.0083910
0.0115615
0.0183478
0.0035428
-0.0102655
0.0306334
0.1757439
0.4270017
0.7307362
1.0165562
1.2450916
1.4154572
1.5283067
1.5526693
1.4420885
1.1878173
0.8502220
0.5291353
0.2980090
0.1635242
0.0834603
0.0165356
-0.0470663
-0.0956643
-0.1226659
-0.1361500
-0.1467580
-0.1558411
-0.1593324
-0.1583097
-0.1596311
-0.1664062
-0.1727681
-0.1708060
-0.1607460
-0.1513943
-0.1504424
-0.1565086
-0.1620034
-0.1625281
-0.1611400
-0.1629622
-0.1677684
-0.1700191
-0.1658493
-0.1581759
-0.1542464
-0.1588865
-0.1703277
-0.1818288
-0.1871829
-0.1856586
-0.1824134
-0.1838483
-0.1919827
-0.2031099
-0.2117731
-0.2158994
-0.2182564
-0.2232333
-0.2321286
-0.2413335
-0.2452406
-0.2412311
-0.2319154
-0.2226017
-0.2167421
-0.2135415
-0.2093502
-0.2014342
-0.1911395
-0.1833038
-0.1813113
-0.1821560
-0.1776251
-0.1617816
-0.1371074
-0.1122854
-0.0938508
-0.0807323
-0.0671478
-0.0500052
-0.0323514
-0.0191213
-0.0102822
0.0002767
0.0182321
0.0418492
0.0623377
0.0709188
0.0652462
0.0500868
0.0334200
0.0216044
0.0161248
0.0135143
0.0089358
0.0009345
-0.0070608
-0.0102540
-0.0077468
-0.0043362
-0.0067464
-0.0174650
-0.0321072
-0.0432977
-0.0474162
-0.0472894
-0.0484101
-0.0532840
-0.0595813
-0.0628322
-0.0604927
-0.0544481
-0.0504353
-0.0541128
-0.0661166
-0.0806687
-0.0899195
-0.0904290
-0.0856904
-0.0824390
-0.0844245
-0.0895511
-0.0929583
-0.0925508
-0.0906107
-0.0894984
-0.0868760
-0.0768949
-0.0563831
-0.0288512
-0.0021286
0.0171174
0.0265025
0.0273309
0.0228360
0.0173930
0.0159831
0.0218880
0.0330980
0.0418604
0.0407839
0.0309653
0.0221095
0.0220386
0.0270292
0.0259998
0.0151137
0.0043309
0.0049904
0.0116937
0.0036112
-0.0285229
-0.0559618
-0.0201033
0.1236297
0.3667044
0.6539466
0.9285383
1.1656949
1.3596634
1.4856194
1.4899605
1.3304988
1.0283412
0.6740106
0.3740158
0.1838973
0.0864848
0.0280140
-0.0294524
-0.0875233
-0.1301930
-0.1505708
-0.1568895
-0.1595135
-0.1599268
-0.1540068
-0.1423308
-0.1332638
-0.1348857
-0.1456661
-0.1554176
-0.1558846
-0.1488775
-0.1430976
-0.1443289
-0.1504032
-0.1551794
-0.1554243
-0.1531049
-0.1521687
-0.1544799
-0.1591619
-0.1650292
-0.1722941
-0.1813335
-0.1910389
-0.2000917
-0.2094455
-0.2212962
-0.2348582
-0.2452210
-0.2483764
-0.2467794
-0.2481210
-0.2579846
-0.2742881
-0.2894036
-0.2976637
-0.3004525
-0.3036164
-0.3102131
-0.3168855
-0.3177553
-0.3106172
-0.2981803
-0.2843106
-0.2709090
-0.2581264
-0.2455453
-0.2324554
-0.2183449
-0.2040540
-0.1915733
-0.1814286
-0.1700500
-0.1505776
-0.1176942
-0.0729042
-0.0250562
0.0154195
0.0434550
0.0606259
0.0706155
0.0754298
0.0762778
0.0755045
0.0753189
0.0754161
0.0739725
0.0712031
0.0703511
0.0740370
0.0798563
0.0806636
0.0705948
0.0515714
0.0330162
0.0235773
0.0228214
0.0220275
0.0135098
-0.0014343
-0.0139264
-0.0164151
-0.0104889
-0.0062199
-0.0128324
-0.0289960
-0.0433823
-0.0465305
-0.0412420
-0.0383316
-0.0417022
-0.0415295
-0.0265477
-0.0026365
0.0072174
-0.0102416
-0.0283898
0.0169140
0.1835972
0.4736447
0.8254898
1.1572397
1.4175951
1.5959492
1.6909252
1.6821374
1.5421519
1.2761905
0.9429932
0.6284243
0.3930917
0.2424891
0.1439943
0.0671380
0.0051783
-0.0359141
-0.0579440
-0.0739362
-0.0946953
-0.1182851
-0.1346808
-0.1384035
-0.1344844
-0.1326153
-0.1376109
-0.1468364
-0.1555942
-0.1622492
-0.1675961
-0.1722556
-0.1772011
-0.1850021
-0.1969814
-0.2090638
-0.2136525
-0.2074924
-0.1965261
-0.1913619
-0.1977134
-0.2116730
-0.2244640
-0.2314912
-0.2359436
-0.2431604
-0.2529103
-0.2593448
-0.2581877
-0.2511930
-0.2425870
-0.2337608
-0.2236865
-0.2130071
-0.2048401
-0.2011249
-0.1997382
-0.1961868
-0.1880079
-0.1770187
-0.1666795
-0.1573038
-0.1451510
-0.1271839
-0.1054380
-0.0849413
-0.0682003
-0.0539506
-0.0408419
-0.0294533
-0.0198808
-0.0099148
0.0021875
0.0138280
0.0189798
0.0141791
0.0035478
-0.0035049
-0.0013328
0.0052230
0.0051754
-0.0067411
-0.0244363
-0.0377944
-0.0433475
-0.0453858
-0.0481957
-0.0506884
-0.0491964
-0.0431402
-0.0362665
-0.0327784
-0.0334611
-0.0363241
-0.0404356
-0.0469390
-0.0548603
-0.0581005
-0.0504332
-0.0338070
-0.0182176
-0.0115220
-0.0114757
-0.0096763
-0.0018499
0.0079246
0.0128332
0.0113502
0.0086409
0.0100292
0.0141791
0.0145878
0.0081191
-0.0004236
-0.0040730
-0.0020240
0.0006650
0.0005961
-0.0001750
0.0016236
0.0050664
0.0054234
-0.0006651
-0.0110686
-0.0195022
-0.0217248
-0.0204184
-0.0223186
-0.0298245
-0.0373522
-0.0375728
-0.0299660
-0.0214334
-0.0189867
-0.0231275
-0.0283743
-0.0297146
-0.0279292
-0.0269077
-0.0250357
-0.0134320
0.0109900
0.0313507
0.0195835
-0.0307297
-0.0797322
-0.0573378
0.0867056
0.3424497
0.6471845
0.9337815
1.1721669
1.3630481
1.4957986
1.5254566
1.4039517
1.1361503
0.7980374
0.4927349
0.2844298
0.1690347
0.1002506
0.0387313
-0.0214145
-0.0650552
-0.0843304
-0.0895380
-0.0956057
-0.1062093
-0.1149099
-0.1172935
-0.1166470
-0.1187990
-0.1254639
-0.1333001
-0.1377072
-0.1373099
-0.1353703
-0.1365195
-0.1424878
-0.1523285
-0.1656274
-0.1819836
-0.1971061
-0.2037385
-0.1992051
-0.1901890
-0.1878390
-0.1982652
-0.2175654
-0.2349335
-0.2416197
-0.2392711
-0.2389797
-0.2496823
-0.2681124
-0.2827049
-0.2863985
-0.2824165
-0.2782258
-0.2775996
-0.2790210
-0.2788463
-0.2749554
-0.2685164
-0.2621527
-0.2561315
-0.2482644
-0.2383142
-0.2292539
-0.2220161
-0.2122331
-0.1953862
-0.1729585
-0.1506494
-0.1324450
-0.1186479
-0.1072378
-0.0946020
-0.0771557
-0.0548123
-0.0314663
-0.0108729
0.0060037
0.0193526
0.0295641
0.0385749
0.0485901
0.0585847
0.0653866
0.0684823
0.0699161
0.0693434
0.0636209
0.0519255
0.0373707
0.0233384
0.0118178
0.0045568
0.0013811
-0.0019568
-0.0096283
-0.0198361
-0.0269437
-0.0282954
-0.0252995
-0.0201446
-0.0158300
-0.0166498
-0.0234563
-0.0306124
-0.0321710
-0.0286113
-0.0238435
-0.0195990
-0.0169583
-0.0185217
-0.0239032
-0.0275710
-0.0260949
-0.0231584
-0.0233878
-0.0264149
-0.0303631
-0.0345774
-0.0354498
-0.0273317
-0.0117530
0.0019826
0.0089109
0.0128252
0.0161615
0.0156471
0.0107935
0.0056277
-0.0005643
-0.0119951
-0.0240077
-0.0262479
-0.0204659
-0.0195488
-0.0268172
-0.0337448
-0.0394137
-0.0509729
-0.0628248
-0.0609006
-0.0517390
-0.0567285
-0.0681640
-0.0459112
0.0230388
