-0.1072013
-0.1087636
-0.1125945
-0.1021644
-0.0778680
-0.0557827
-0.0438728
-0.0376092
-0.0324050
-0.0186309
0.0353951
0.1739473
0.4158027
0.7286124
1.0394560
1.2656851
1.3460256
1.2648415
1.0590997
0.7979840
0.5477019
0.3475982
0.2068252
0.1126879
0.0442295
-0.0126635
-0.0595199
-0.0942135
-0.1204845
-0.1437944
-0.1622579
-0.1691539
-0.1636234
-0.1536225
-0.1485085
-0.1520262
-0.1614279
-0.1704708
-0.1745241
-0.1751938
-0.1786676
-0.1879866
-0.1989648
-0.2050547
-0.2038992
-0.1981467
-0.1928419
-0.1931008
-0.2007921
-0.2116963
-0.2190664
-0.2218395
-0.2263573
-0.2377874
-0.2520966
-0.2586949
-0.2500793
-0.2282888
-0.2033143
-0.1853261
-0.1766709
-0.1711186
-0.1618736
-0.1491686
-0.1380983
-0.1305536
-0.1225257
-0.1090503
-0.0891788
-0.0663793
-0.0464192
-0.0342822
-0.0303529
-0.0295084
-0.0263230
-0.0216039
-0.0220042
-0.0324458
-0.0496159
-0.0634029
-0.0655121
-0.0581121
-0.0536505
-0.0635046
-0.0859260
-0.1076830
-0.1188844
-0.1233834
-0.1321033
-0.1481562
-0.1619959
-0.1614526
-0.1445084
-0.1212618
-0.1038266
-0.0951341
-0.0885033
-0.0777507
-0.0647952
-0.0550246
-0.0478385
-0.0369584
-0.0204683
-0.0047280
0.0071172
0.0307560
0.1017286
0.2567410
0.5080073
0.8284131
1.1562038
1.4147223
1.5367456
1.4865229
1.2757703
0.9653445
0.6429134
0.3824357
0.2119285
0.1135967
0.0517921
0.0009823
-0.0469449
-0.0917646
-0.1331323
-0.1695069
-0.1945742
-0.2010226
-0.1900451
-0.1741749
-0.1668757
-0.1696541
-0.1728369
-0.1694896
-0.1645646
-0.1676527
-0.1793788
-0.1892158
-0.1873240
-0.1759278
-0.1670495
-0.1694183
-0.1793681
-0.1859953
-0.1845674
-0.1821476
-0.1884523
-0.2032632
-0.2160259
-0.2176816
-0.2099449
-0.2018057
-0.1989451
-0.1984939
-0.1936530
-0.1818326
-0.1673899
-0.1566212
-0.1511733
-0.1473936
-0.1413922
-0.1324639
-0.1209012
-0.1049504
-0.0824143
-0.0545982
-0.0266369
-0.0037854
0.0115151
0.0193151
0.0207288
0.0176062
0.0126278
0.0082254
0.0045411
-0.0012540
-0.0123678
-0.0284575
-0.0454499
-0.0605146
-0.0758467
-0.0948608
-0.1148907
-0.1271812
-0.1263226
-0.1179793
-0.1145536
-0.1229228
-0.1379543
-0.1487678
-0.1504647
-0.1483939
-0.1506255
-0.1576235
-0.1612514
-0.1541138
-0.1379506
-0.1215824
-0.1118265
-0.1078457
-0.1034134
-0.0929453
-0.0757599
-0.0559486
-0.0370101
-0.0128887
0.0380855
0.1483666
0.3442870
0.6260755
0.9578017
1.2745148
1.5032436
1.5874528
1.5056018
1.2796020
0.9705772
0.6585698
0.4095574
0.2473660
0.1519083
0.0859262
0.0263458
-0.0267809
-0.0659608
-0.0938786
-0.1224510
-0.1573488
-0.1895109
-0.2057472
-0.2060258
-0.2056426
-0.2187312
-0.2431168
-0.2648695
-0.2758041
-0.2814793
-0.2909309
-0.3031617
-0.3082574
-0.3010595
-0.2893551
-0.2858303
-0.2932721
-0.3008504
-0.2960077
-0.2777093
-0.2555579
-0.2372210
-0.2208433
-0.2012892
-0.1802174
-0.1655906
-0.1613039
-0.1610558
-0.1549436
-0.1408905
-0.1268121
-0.1205122
-0.1192030
-0.1116500
-0.0912552
-0.0647186
-0.0454260
-0.0390409
-0.0383222
-0.0326790
-0.0202696
-0.0087479
-0.0055552
-0.0102729
-0.0170478
-0.0223819
-0.0283735
-0.0384740
-0.0523437
-0.0667655
-0.0807424
-0.0968212
-0.1160834
-0.1338658
-0.1431507
-0.1422734
-0.1374379
-0.1368558
-0.1432124
-0.1522365
-0.1577715
-0.1575058
-0.1540968
-0.1515519
-0.1511067
-0.1506853
-0.1477679
-0.1419279
-0.1345219
-0.1268713
-0.1195261
-0.1130127
-0.1085008
-0.1071744
-0.1086414
-0.1101236
-0.1082297
-0.1025189
-0.0968355
-0.0957822
-0.0998830
-0.1057247
-0.1112792
-0.1191758
-0.1327839
-0.1496683
-0.1614185
-0.1616786
-0.1538367
-0.1489183
-0.1547448
-0.1679796
-0.1784520
-0.1811071
-0.1813184
-0.1870054
-0.1975238
-0.2036137
-0.1987442
-0.1877060
-0.1816626
-0.1855312
-0.1928382
-0.1941503
-0.1888227
-0.1855742
-0.1907979
-0.1989602
-0.1974936
-0.1804766
-0.1539612
-0.1267820
-0.1001269
-0.0705545
-0.0416609
-0.0252312
-0.0240798
-0.0134131
0.0551322
0.2235161
0.4948614
0.8248668
1.1400788
1.3643479
1.4380511
1.3325084
1.0656948
0.7090815
0.3663729
0.1247813
0.0105490
-0.0153065
-0.0176844
-0.0387977
-0.0792812
-0.1171086
-0.1384816
-0.1501240
-0.1668273
-0.1931880
-0.2197138
-0.2346171
-0.2366574
-0.2360295
-0.2437426
-0.2606024
-0.2764619
-0.2804320
-0.2718251
-0.2602718
-0.2546332
-0.2530556
-0.2457526
-0.2275186
-0.2053252
-0.1917332
-0.1913224
-0.1957692
-0.1934842
-0.1826532
-0.1721538
-0.1692513
-0.1694670
-0.1617349
-0.1427615
-0.1224427
-0.1131001
-0.1155408
-0.1188795
-0.1141028
-0.1048000
-0.1021753
-0.1103624
-0.1197414
-0.1167980
-0.0995158
-0.0801655
-0.0716772
-0.0732240
-0.0719862
-0.0592827
-0.0423831
-0.0379425
-0.0535603
-0.0774435
-0.0881060
-0.0750287
-0.0491727
-0.0322334
-0.0357445
-0.0517986
-0.0641527
-0.0662336
-0.0661404
-0.0745870
-0.0908021
-0.1024807
-0.0992870
-0.0844141
-0.0713766
-0.0698515
-0.0764130
-0.0800897
-0.0757009
-0.0694936
-0.0711473
-0.0819581
-0.0927933
-0.0939790
-0.0862069
-0.0805160
-0.0867935
-0.1024811
-0.1138869
-0.1098876
-0.0939254
-0.0805393
-0.0788052
-0.0804539
-0.0673541
-0.0328318
0.0056355
0.0195592
0.0007751
-0.0175734
0.0265528
0.1843398
0.4598109
0.8035848
1.1363510
1.3807708
1.4835605
1.4257450
1.2267181
0.9414725
0.6443662
0.3999610
0.2362244
0.1396143
0.0761977
0.0208776
-0.0292885
-0.0648790
-0.0822149
-0.0903060
-0.1020975
-0.1220586
-0.1437782
-0.1589479
-0.1670918
-0.1754846
-0.1898653
-0.2067205
-0.2160787
-0.2119381
-0.1989296
-0.1880646
-0.1862622
-0.1906311
-0.1929959
-0.1892770
-0.1833933
-0.1814338
-0.1828113
-0.1790497
-0.1625836
-0.1362157
-0.1123998
-0.1024684
-0.1068130
-0.1157231
-0.1192512
-0.1157120
-0.1108380
-0.1096985
-0.1105592
-0.1069641
-0.0950925
-0.0780953
-0.0630970
-0.0545723
-0.0509105
-0.0469694
-0.0396106
-0.0309083
-0.0260054
-0.0275093
-0.0321193
-0.0337102
-0.0304031
-0.0279686
-0.0349722
-0.0540323
-0.0784480
-0.0982379
-0.1095581
-0.1175405
-0.1295462
-0.1464253
-0.1615737
-0.1683840
-0.1669000
-0.1621239
-0.1571896
-0.1504762
-0.1396604
-0.1265371
-0.1161121
-0.1112824
-0.1096575
-0.1058943
-0.0964992
-0.0822167
-0.0667465
-0.0540264
-0.0459662
-0.0408547
-0.0334578
-0.0189437
0.0009406
0.0172150
0.0246267
0.0374546
0.0928888
0.2323921
0.4727316
0.7900939
1.1288162
1.4239234
1.6188010
1.6725769
1.5669785
1.3189031
0.9872057
0.6558538
0.3948541
0.2265276
0.1256850
0.0523403
-0.0143374
-0.0697287
-0.1032176
-0.1169852
-0.1243455
-0.1341969
-0.1428775
-0.1428406
-0.1357394
-0.1325838
-0.1407449
-0.1546729
-0.1626361
-0.1614602
-0.1608941
-0.1718526
-0.1926042
-0.2096671
-0.2126669
-0.2057945
-0.2024468
-0.2094610
-0.2196570
-0.2213952
-0.2132833
-0.2059273
-0.2085660
-0.2170457
-0.2179432
-0.2039659
-0.1823145
-0.1664488
-0.1614130
-0.1599296
-0.1531255
-0.1423037
-0.1372173
-0.1427466
-0.1500773
-0.1434573
-0.1154330
-0.0738097
-0.0333678
-0.0022933
0.0221614
0.0457903
0.0676960
0.0799532
0.0766872
0.0619986
0.0473956
0.0409159
0.0394569
0.0326539
0.0142418
-0.0112049
-0.0331331
-0.0458819
-0.0536026
-0.0639460
-0.0778375
-0.0874033
-0.0851180
-0.0739597
-0.0662794
-0.0716566
-0.0870326
-0.1002529
-0.1030379
-0.0990068
-0.0985032
-0.1069193
-0.1198212
-0.1296128
-0.1351052
-0.1424157
-0.1561983
-0.1718804
-0.1785927
-0.1699764
-0.1508307
-0.1323191
-0.1212354
-0.1148970
-0.1064434
-0.0939602
-0.0832256
-0.0812905
-0.0882337
-0.0963973
-0.0980893
-0.0933478
-0.0893977
-0.0926660
-0.1020742
-0.1103792
-0.1115407
-0.1062492
-0.1004092
-0.0989368
-0.1016764
-0.1052431
-0.1077549
-0.1105340
-0.1151128
-0.1199062
-0.1212166
-0.1176551
-0.1126646
-0.1118882
-0.1180217
-0.1287091
-0.1396589
-0.1490817
-0.1577208
-0.1640736
-0.1612938
-0.1417761
-0.1063581
-0.0675953
-0.0409606
-0.0310514
-0.0272847
-0.0152380
0.0071029
0.0264865
0.0314962
0.0351338
0.0794754
0.2129556
0.4552409
0.7760691
1.1029713
1.3510829
1.4559097
1.3936759
1.1851169
0.8861313
0.5697727
0.3033576
0.1265223
0.0393910
0.0086924
-0.0094647
-0.0432155
-0.0921607
-0.1363166
-0.1583145
-0.1597357
-0.1579488
-0.1679553
-0.1880537
-0.2037770
-0.2050134
-0.1971480
-0.1942573
-0.2028284
-0.2147942
-0.2173602
-0.2077580
-0.1960088
-0.1931292
-0.1988008
-0.2023883
-0.1953116
-0.1801807
-0.1670146
-0.1622378
-0.1633134
-0.1636605
-0.1604886
-0.1565234
-0.1551132
-0.1554172
-0.1529299
-0.1441467
-0.1303570
-0.1171463
-0.1102967
-0.1115106
-0.1172604
-0.1217118
-0.1215060
-0.1182044
-0.1156743
-0.1146709
-0.1107494
-0.0988843
-0.0802352
-0.0627109
-0.0534568
-0.0514170
-0.0490255
-0.0416476
-0.0338069
-0.0343814
-0.0456355
-0.0585371
-0.0603467
-0.0469963
-0.0272858
-0.0145475
-0.0145984
-0.0221052
-0.0278941
-0.0283863
-0.0273009
-0.0290456
-0.0321371
-0.0303741
-0.0204863
-0.0073040
0.0002925
-0.0011021
-0.0053792
-0.0038474
0.0045392
0.0123749
0.0143239
0.0160316
0.0285784
0.0530854
0.0751964
0.0817644
0.0867506
0.1376505
0.2881646
0.5555136
0.8980695
1.2321861
1.4736433
1.5724193
1.5222823
1.3504710
1.1027128
0.8310386
0.5820328
0.3842725
0.2413882
0.1380979
0.0565150
-0.0103094
-0.0585501
-0.0848442
-0.0952784
-0.1024408
-0.1144304
-0.1283145
-0.1353085
-0.1320473
-0.1256452
-0.1268623
-0.1386249
-0.1524532
-0.1569869
-0.1496788
-0.1393260
-0.1371015
-0.1458814
-0.1588075
-0.1677142
-0.1718821
-0.1779558
-0.1915730
-0.2099067
-0.2232216
-0.2241198
-0.2151408
-0.2069145
-0.2084784
-0.2191683
-0.2300127
-0.2332555
-0.2304249
-0.2304368
-0.2391394
-0.2509826
-0.2521248
-0.2327681
-0.1966605
-0.1582992
-0.1307958
-0.1163051
-0.1073338
-0.0958544
-0.0802810
-0.0643321
-0.0510900
-0.0397970
-0.0283470
-0.0173192
-0.0101734
-0.0095708
-0.0145665
-0.0219827
-0.0299871
-0.0394012
-0.0512599
-0.0638385
-0.0732684
-0.0777096
-0.0803267
-0.0867948
-0.0991679
-0.1129527
-0.1214138
-0.1227234
-0.1215601
-0.1229121
-0.1254493
-0.1229008
-0.1121641
-0.0979075
-0.0870871
-0.0797216
-0.0681578
-0.0467090
-0.0185918
0.0123939
0.0594463
0.1583328
0.3479760
0.6381820
0.9912407
1.3325386
1.5810607
1.6788227
1.6065067
1.3860559
1.0742052
0.7462487
0.4701203
0.2806458
0.1702953
0.1040633
0.0476732
-0.0119583
-0.0670869
-0.1054419
-0.1259700
-0.1407651
-0.1632562
-0.1947200
-0.2224075
-0.2318108
-0.2217160
-0.2069385
-0.2051568
-0.2206199
-0.2414482
-0.2532947
-0.2544757
-0.2559880
-0.2668153
-0.2817580
-0.2860883
-0.2716946
-0.2460723
-0.2242549
-0.2137683
-0.2098904
-0.2050246
-0.1991304
-0.1982891
-0.2043693
-0.2100357
-0.2061977
-0.1928054
-0.1792204
-0.1732757
-0.1724547
-0.1681275
-0.1573450
-0.1470266
-0.1449249
-0.1486266
-0.1467571
-0.1316547
-0.1085183
-0.0900785
-0.0832373
-0.0835369
-0.0833097
-0.0824930
-0.0883119
-0.1046202
-0.1250100
-0.1389057
-0.1431391
-0.1444810
-0.1502176
-0.1590778
-0.1641146
-0.1635211
-0.1647936
-0.1757699
-0.1930022
-0.2024886
-0.1936738
-0.1714403
-0.1521839
-0.1478143
-0.1549639
-0.1604292
-0.1557793
-0.1449909
-0.1380708
-0.1391776
-0.1424126
-0.1387843
-0.1259092
-0.1103540
-0.1011443
-0.1016005
-0.1070540
-0.1095473
-0.1045952
-0.0942061
-0.0839477
-0.0767460
-0.0692672
-0.0552472
-0.0334612
-0.0114158
0.0024004
0.0135028
0.0492258
0.1485530
0.3391402
0.6186864
0.9526534
1.2845908
1.5480355
1.6776034
1.6267861
1.3932605
1.0342752
0.6502999
0.3380492
0.1440141
0.0530981
0.0170154
-0.0061035
-0.0327325
-0.0615031
-0.0888190
-0.1147423
-0.1392100
-0.1593629
-0.1726713
-0.1803386
-0.1856781
-0.1902192
-0.1933165
-0.1952071
-0.1982653
-0.2043157
-0.2121223
-0.2190340
-0.2245084
-0.2302525
-0.2365603
-0.2402833
-0.2381930
-0.2320179
-0.2281932
-0.2313409
-0.2386865
-0.2424600
-0.2382393
-0.2299088
-0.2255068
-0.2287162
-0.2356611
-0.2402196
-0.2410881
-0.2422138
-0.2466039
-0.2515808
-0.2515054
-0.2444100
-0.2338736
-0.2235389
-0.2114931
-0.1924689
-0.1657470
-0.1384542
-0.1189543
-0.1077845
-0.0977224
-0.0837518
-0.0708278
-0.0690353
-0.0809848
-0.0966467
-0.1028490
-0.0972125
-0.0904401
-0.0941858
-0.1084800
-0.1228460
-0.1288800
-0.1290519
-0.1319652
-0.1407787
-0.1489908
-0.1482136
-0.1382662
-0.1277447
-0.1248158
-0.1291311
-0.1337929
-0.1342665
-0.1333472
-0.1364780
-0.1434086
-0.1466800
-0.1395094
-0.1243857
-0.1120731
-0.1111167
-0.1190438
-0.1253720
-0.1235414
-0.1182844
-0.1195898
-0.1299726
-0.1401875
-0.1390179
-0.1259359
-0.1116807
-0.1062521
-0.1089736
-0.1122463
-0.1130963
-0.1169228
-0.1285598
-0.1430519
-0.1495118
-0.1441701
-0.1357630
-0.1354807
-0.1436725
-0.1501419
-0.1475314
-0.1404389
-0.1386747
-0.1438384
-0.1468154
-0.1391063
-0.1229645
-0.1077302
-0.0984517
-0.0921863
-0.0849605
-0.0759663
-0.0587090
-0.0085954
0.1134071
0.3359352
0.6492530
0.9973540
1.2962727
1.4658065
1.4583963
1.2763593
0.9732246
0.6354259
0.3471813
0.1551505
0.0553480
0.0105929
-0.0173308
-0.0465517
-0.0765853
-0.1020509
-0.1216448
-0.1371082
-0.1495038
-0.1593466
-0.1683494
-0.1779598
-0.1862004
-0.1886391
-0.1840807
-0.1778850
-0.1773611
-0.1837795
-0.1910101
-0.1933729
-0.1934676
-0.1997301
-0.2155514
-0.2326217
-0.2371770
-0.2232679
-0.1990135
-0.1793539
-0.1730616
-0.1769111
-0.1814046
-0.1807290
-0.1768482
-0.1750511
-0.1769388
-0.1783486
-0.1738962
-0.1631010
-0.1516869
-0.1465192
-0.1491009
-0.1543079
-0.1558646
-0.1527542
-0.1493365
-0.1488635
-0.1480812
-0.1399751
-0.1221995
-0.1012709
-0.0867643
-0.0814391
-0.0786285
-0.0703496
-0.0571953
-0.0486621
-0.0531727
-0.0686047
-0.0836138
-0.0883328
-0.0832922
-0.0778130
-0.0801713
-0.0895828
-0.0974073
-0.0958064
-0.0855027
-0.0755299
-0.0750448
-0.0843400
-0.0934484
-0.0905421
-0.0731275
-0.0512608
-0.0387302
-0.0402510
-0.0477374
-0.0498173
-0.0443183
-0.0396883
-0.0436916
-0.0527305
-0.0549007
-0.0438220
-0.0271253
-0.0192455
-0.0263692
-0.0404737
-0.0487492
-0.0472538
-0.0437483
-0.0477738
-0.0599679
-0.0719374
-0.0754069
-0.0701577
-0.0633941
-0.0628098
-0.0707071
-0.0835627
-0.0957249
-0.1033006
-0.1055428
-0.1036725
-0.0989161
-0.0917269
-0.0826580
-0.0734058
-0.0663051
-0.0625714
-0.0614537
-0.0615005
-0.0623314
-0.0644426
-0.0671700
-0.0677209
-0.0632544
-0.0541446
-0.0446152
-0.0395310
-0.0403508
-0.0442537
-0.0472139
-0.0479119
-0.0487042
-0.0528236
-0.0606331
-0.0688052
-0.0736122
-0.0752232
-0.0782133
-0.0869031
-0.0999573
-0.1104876
-0.1125501
-0.1074687
-0.1026089
-0.1032069
-0.1061784
-0.1034426
-0.0917456
-0.0778697
-0.0722391
-0.0766622
-0.0796292
-0.0661431
-0.0339852
0.0003963
0.0156206
0.0095731
0.0125630
0.0747855
0.2351150
0.4948733
0.8151584
1.1345501
1.3886799
1.5203158
1.4874196
1.2808845
0.9448121
0.5737341
0.2722200
0.0987187
0.0383429
0.0284184
0.0131059
-0.0216510
-0.0579565
-0.0800102
-0.0929996
-0.1116282
-0.1386363
-0.1608224
-0.1654894
-0.1559606
-0.1480060
-0.1525247
-0.1648723
-0.1720887
-0.1686513
-0.1627545
-0.1665109
-0.1811496
-0.1934176
-0.1874390
-0.1601972
-0.1250564
-0.0999161
-0.0920061
-0.0941125
-0.0946230
-0.0896634
-0.0847168
-0.0855979
-0.0901468
-0.0901025
-0.0804415
-0.0652540
-0.0537209
-0.0509855
-0.0538701
-0.0554645
-0.0529970
-0.0505082
-0.0538800
-0.0636898
-0.0732622
-0.0739753
-0.0628759
-0.0454381
-0.0307902
-0.0238055
-0.0215122
-0.0171832
-0.0079291
0.0019180
0.0050765
-0.0012282
-0.0124300
-0.0212817
-0.0248079
-0.0259765
-0.0286030
-0.0317574
-0.0304320
-0.0217955
-0.0096834
-0.0018998
-0.0030810
-0.0107240
-0.0181620
-0.0207341
-0.0188470
-0.0160741
-0.0156919
-0.0191517
-0.0263416
-0.0357712
-0.0446859
-0.0505486
-0.0533264
-0.0556301
-0.0595115
-0.0632494
-0.0624797
-0.0551891
-0.0450055
-0.0385632
-0.0393982
-0.0449639
-0.0499381
-0.0519769
-0.0535396
-0.0581101
-0.0655033
-0.0717531
-0.0736265
-0.0724103
-0.0723407
-0.0751170
-0.0767228
-0.0708406
-0.0560537
-0.0391374
-0.0299059
-0.0319340
-0.0387134
-0.0398734
-0.0314288
-0.0193480
-0.0128567
-0.0151010
-0.0212447
-0.0250057
-0.0249652
-0.0233370
-0.0202684
-0.0127197
-0.0003589
0.0102946
0.0129548
0.0165449
0.0526021
0.1633125
0.3753912
0.6779394
1.0190176
1.3217228
1.5103399
1.5362680
1.3958797
1.1330992
0.8222396
0.5366046
0.3199311
0.1778689
0.0915636
0.0384765
0.0037258
-0.0211388
-0.0424215
-0.0637132
-0.0830353
-0.0946254
-0.0956556
-0.0905675
-0.0876166
-0.0911625
-0.0980668
-0.1017767
-0.0993371
-0.0940213
-0.0914588
-0.0937419
-0.0974084
-0.0969576
-0.0903641
-0.0814173
-0.0766358
-0.0794168
-0.0868193
-0.0921793
-0.0911729
-0.0854295
-0.0802266
-0.0788272
-0.0792694
-0.0766702
-0.0685682
-0.0580688
-0.0517506
-0.0540298
-0.0628889
-0.0709309
-0.0711583
-0.0624102
-0.0493890
-0.0373596
-0.0271389
-0.0158012
-0.0020980
0.0101741
0.0155827
0.0136977
0.0106834
0.0129456
0.0197013
0.0234443
0.0183787
0.0073391
-0.0008549
-0.0007553
0.0040319
0.0048354
-0.0032136
-0.0170187
-0.0297319
-0.0378962
-0.0438773
-0.0519864
-0.0632750
-0.0742659
-0.0801244
-0.0789125
-0.0735521
-0.0702164
-0.0739895
-0.0845760
-0.0958354
-0.1007482
-0.0982325
-0.0949947
-0.0992755
-0.1117582
-0.1231527
-0.1221111
-0.1062291
-0.0848453
-0.0704962
-0.0678309
-0.0711947
-0.0722911
-0.0686790
-0.0642152
-0.0624989
-0.0618650
-0.0575813
-0.0481452
-0.0382189
-0.0348911
-0.0412033
-0.0534066
-0.0643174
-0.0693058
-0.0695458
-0.0701061
-0.0748743
-0.0826706
-0.0879704
-0.0860531
-0.0782781
-0.0721082
-0.0747127
-0.0856097
-0.0959714
-0.0963015
-0.0853924
-0.0713623
-0.0634578
-0.0632726
-0.0647513
-0.0622837
-0.0567402
-0.0521853
-0.0482769
-0.0394641
-0.0230549
-0.0046167
0.0105947
0.0348525
0.1041247
0.2599399
0.5166733
0.8399859
1.1545337
1.3758549
1.4451748
1.3490272
1.1195246
0.8204124
0.5248236
0.2905573
0.1419352
0.0677173
0.0361644
0.0165159
-0.0073005
-0.0364756
-0.0652095
-0.0880062
-0.1027641
-0.1112894
-0.1186937
-0.1306758
-0.1487184
-0.1671936
-0.1767623
-0.1724758
-0.1589196
-0.1466547
-0.1430813
-0.1468597
-0.1512436
-0.1522290
-0.1525506
-0.1572774
-0.1659430
-0.1702036
-0.1605859
-0.1362377
-0.1076840
-0.0889411
-0.0859581
-0.0924071
-0.0968146
-0.0937151
-0.0874784
-0.0852586
-0.0872935
-0.0857966
-0.0740081
-0.0550739
-0.0401045
-0.0369344
-0.0418702
-0.0435499
-0.0346560
-0.0189100
-0.0064312
-0.0031319
-0.0054238
-0.0049575
0.0024882
0.0131559
0.0194168
0.0167824
0.0071554
-0.0036799
-0.0113121
-0.0163424
-0.0237648
-0.0383900
-0.0597015
-0.0808411
-0.0935836
-0.0953637
-0.0914206
-0.0893160
-0.0911538
-0.0919799
-0.0865261
-0.0767883
-0.0711150
-0.0748719
-0.0832312
-0.0852707
-0.0757234
-0.0611880
-0.0533204
-0.0563674
-0.0630326
-0.0632278
-0.0556907
-0.0493742
-0.0531787
-0.0656424
-0.0760743
-0.0757748
-0.0669997
-0.0602151
-0.0631541
-0.0735734
-0.0828322
-0.0856355
-0.0853100
-0.0893345
-0.1002716
-0.1120488
-0.1159619
-0.1103927
-0.1037365
-0.1066475
-0.1210216
-0.1371631
-0.1425757
-0.1338494
-0.1196926
-0.1120469
-0.1143778
-0.1190649
-0.1162365
-0.1044403
-0.0919702
-0.0879761
-0.0931874
-0.0997706
-0.0997339
-0.0927635
-0.0857753
-0.0852703
-0.0905613
-0.0946750
-0.0917996
-0.0833494
-0.0760302
-0.0738843
-0.0733087
-0.0672815
-0.0545107
-0.0424494
-0.0390530
-0.0418130
-0.0381987
-0.0199164
0.0047395
0.0185281
0.0203558
0.0424717
0.1370940
0.3387751
0.6337546
0.9612264
1.2417342
1.4078434
1.4204390
1.2744982
1.0033514
0.6768731
0.3806607
0.1779868
0.0795896
0.0474188
0.0302254
0.0001091
-0.0389101
-0.0698632
-0.0848615
-0.0899553
-0.0947977
-0.1027068
-0.1106890
-0.1155677
-0.1177745
-0.1201554
-0.1250767
-0.1327233
-0.1405972
-0.1442352
-0.1402585
-0.1304984
-0.1223936
-0.1230876
-0.1324152
-0.1431973
-0.1495831
-0.1537646
-0.1620493
-0.1740173
-0.1783646
-0.1627936
-0.1286003
-0.0929851
-0.0742563
-0.0745680
-0.0789277
-0.0718377
-0.0533755
-0.0374140
-0.0349452
-0.0416503
-0.0430403
-0.0304854
-0.0101699
0.0040463
0.0050313
-0.0016835
-0.0056626
-0.0031292
0.0005125
-0.0012465
-0.0075612
-0.0109529
-0.0058326
0.0048443
0.0117534
0.0076151
-0.0067489
-0.0242381
-0.0384849
-0.0486950
-0.0582170
-0.0696121
-0.0817404
-0.0909138
-0.0937488
-0.0889386
-0.0775782
-0.0628627
-0.0491871
-0.0403349
-0.0376042
-0.0395212
-0.0435499
-0.0480587
-0.0525116
-0.0561721
-0.0577454
-0.0571128
-0.0568421
-0.0605383
-0.0691123
-0.0795195
-0.0880042
-0.0940452
-0.0999787
-0.1067859
-0.1116953
-0.1111594
-0.1058370
-0.1011601
-0.1020271
-0.1074876
-0.1119335
-0.1117964
-0.1098228
-0.1115691
-0.1182987
-0.1251548
-0.1270652
-0.1250752
-0.1249403
-0.1291448
-0.1319167
-0.1241156
-0.1036837
-0.0801153
-0.0668424
-0.0684981
-0.0764081
-0.0774926
-0.0674401
-0.0544795
-0.0503696
-0.0586766
-0.0724153
-0.0824424
-0.0868227
-0.0912975
-0.1011758
-0.1141419
-0.1219772
-0.1190944
-0.1084354
-0.0985722
-0.0954820
-0.0976092
-0.0986831
-0.0947462
-0.0882050
-0.0851812
-0.0890722
-0.0967941
-0.1014960
-0.0992123
-0.0930873
-0.0910245
-0.0984370
-0.1120132
-0.1200873
-0.1106436
-0.0816540
-0.0448135
-0.0172046
-0.0051326
0.0075982
0.0563958
0.1778029
0.3875568
0.6676861
0.9685134
1.2227364
1.3653339
1.3544414
1.1885136
0.9118733
0.6007293
0.3316325
0.1488405
0.0513449
0.0069932
-0.0193055
-0.0452835
-0.0708459
-0.0908222
-0.1050709
-0.1173728
-0.1286471
-0.1351435
-0.1340792
-0.1290410
-0.1278303
-0.1348988
-0.1469266
-0.1562800
-0.1584054
-0.1554852
-0.1530753
-0.1536793
-0.1539829
-0.1484112
-0.1351709
-0.1186162
-0.1057222
-0.1002967
-0.1005261
-0.1020053
-0.1029684
-0.1060599
-0.1143887
-0.1260673
-0.1339736
-0.1320874
-0.1218596
-0.1113224
-0.1075760
-0.1105558
-0.1141601
-0.1127089
-0.1057839
-0.0972327
-0.0903289
-0.0842718
-0.0751940
-0.0603858
-0.0416842
-0.0248460
-0.0151280
-0.0127062
-0.0124648
-0.0094375
-0.0051875
-0.0076365
-0.0225580
-0.0449619
-0.0608687
-0.0594688
-0.0434871
-0.0266547
-0.0209910
-0.0271561
-0.0367681
-0.0423817
-0.0439101
-0.0459770
-0.0510160
-0.0563108
-0.0573442
-0.0528216
-0.0461445
-0.0427262
-0.0460539
-0.0553235
-0.0660777
-0.0737867
-0.0778681
-0.0820367
-0.0897853
-0.0995645
-0.1055033
-0.1033797
-0.0951542
-0.0869514
-0.0830321
-0.0825545
-0.0819340
-0.0789056
-0.0734079
-0.0658512
-0.0572202
-0.0515988
-0.0550323
-0.0659959
-0.0635925
-0.0074320
0.1437048
0.4039565
0.7425907
1.0893716
1.3604350
1.4903668
1.4553091
1.2788187
1.0201924
0.7504889
0.5253729
0.3667599
0.2632023
0.1884098
0.1237650
0.0674223
0.0253550
-0.0029778
-0.0278569
-0.0586618
-0.0927322
-0.1177189
-0.1257309
-0.1233390
-0.1255571
-0.1402955
-0.1609323
-0.1749870
-0.1781005
-0.1773524
-0.1815997
-0.1912892
-0.1989951
-0.1985087
-0.1915065
-0.1852167
-0.1848478
-0.1889936
-0.1916580
-0.1876525
-0.1762340
-0.1610113
-0.1472289
-0.1380970
-0.1320257
-0.1232821
-0.1068443
-0.0836534
-0.0606069
-0.0445186
-0.0360037
-0.0295823
-0.0196475
-0.0059492
0.0068480
0.0147198
0.0190173
0.0254042
0.0380742
0.0552296
0.0702616
0.0770167
0.0739733
0.0643123
0.0529449
0.0431256
0.0345532
0.0239722
0.0081412
-0.0128859
-0.0352311
-0.0545317
-0.0703660
-0.0869314
-0.1080034
-0.1306049
-0.1451299
-0.1441135
-0.1313923
-0.1206266
-0.1228766
-0.1359223
-0.1471119
-0.1466969
-0.1371112
-0.1287128
-0.1277199
-0.1300220
-0.1270890
-0.1164595
-0.1046777
-0.0997032
-0.1018195
-0.1032253
-0.0963288
-0.0816213
-0.0674168
-0.0623161
-0.0675689
-0.0759651
-0.0782368
-0.0714015
-0.0611365
-0.0555238
-0.0565260
-0.0585206
-0.0556710
-0.0498355
-0.0498226
-0.0623582
-0.0844578
-0.1055914
-0.1173648
-0.1201895
-0.1200864
-0.1202728
-0.1177979
-0.1085870
-0.0939721
-0.0808805
-0.0760355
-0.0806828
-0.0903356
-0.0985898
-0.1014555
-0.0993398
-0.0956261
-0.0930879
-0.0913069
-0.0876962
-0.0812456
-0.0749219
-0.0734812
-0.0782922
-0.0849264
-0.0872714
-0.0843809
-0.0817829
-0.0846412
-0.0905033
-0.0909975
-0.0814375
-0.0674522
-0.0608199
-0.0687557
-0.0877371
-0.1076573
-0.1213786
-0.1297681
-0.1375709
-0.1453958
-0.1472762
-0.1369082
-0.1156404
-0.0930569
-0.0791397
-0.0761416
-0.0784385
-0.0800129
-0.0810945
-0.0864651
-0.0974525
-0.1074999
-0.1075459
-0.0955246
-0.0787156
-0.0661273
-0.0599429
-0.0551732
-0.0460619
-0.0310975
-0.0128249
0.0044843
0.0165873
0.0226063
0.0319601
0.0698930
0.1720669
0.3654190
0.6460682
0.9707381
1.2684702
1.4647249
1.5056333
1.3761236
1.1088338
0.7772417
0.4683510
0.2448731
0.1205672
0.0662719
0.0400384
0.0158364
-0.0097974
-0.0311230
-0.0475309
-0.0643723
-0.0841006
-0.1017706
-0.1108577
-0.1113369
-0.1098528
-0.1123720
-0.1183324
-0.1224823
-0.1216425
-0.1187876
-0.1199336
-0.1268103
-0.1333259
-0.1308229
-0.1177037
-0.1030552
-0.0992807
-0.1105070
-0.1286398
-0.1414338
-0.1445337
-0.1449172
-0.1517010
-0.1639460
-0.1693376
-0.1562600
-0.1264697
-0.0943060
-0.0733016
-0.0646534
-0.0589100
-0.0475041
-0.0314301
-0.0188925
-0.0155197
-0.0177690
-0.0162832
-0.0053744
0.0115327
0.0258819
0.0324437
0.0332927
0.0342660
0.0387423
0.0451174
0.0496281
0.0507454
0.0500730
0.0488196
0.0445552
0.0331871
0.0144482
-0.0061488
-0.0221833
-0.0327620
-0.0429673
-0.0575091
-0.0742728
-0.0847001
-0.0812820
-0.0652732
-0.0467673
-0.0363685
-0.0364446
-0.0405976
-0.0412108
-0.0368039
-0.0322581
-0.0328058
-0.0380804
-0.0416964
-0.0368993
-0.0233707
-0.0084617
-0.0009458
-0.0032286
-0.0100141
-0.0146125
-0.0159640
-0.0189480
-0.0277548
-0.0395528
-0.0459903
-0.0419362
-0.0318286
-0.0252733
-0.0261495
-0.0286323
-0.0258244
-0.0203387
-0.0226241
-0.0378015
-0.0567281
-0.0631017
-0.0499878
-0.0276318
-0.0133142
-0.0139552
-0.0206099
-0.0202819
-0.0102229
0.0019955
0.0104381
0.0176756
0.0279295
0.0377572
0.0403341
0.0428545
0.0784953
0.1951672
0.4228299
0.7418078
1.0777811
1.3310312
1.4227859
1.3305414
1.0938225
0.7911350
0.5035259
0.2840896
0.1464977
0.0732494
0.0338701
0.0018329
-0.0356523
-0.0764363
-0.1103454
-0.1299843
-0.1371641
-0.1396310
-0.1422700
-0.1424709
-0.1344063
-0.1174550
-0.0997565
-0.0924417
-0.0993669
-0.1127123
-0.1198420
-0.1149575
-0.1035501
-0.0956664
-0.0960202
-0.1010265
-0.1042773
-0.1036798
-0.1029421
-0.1061460
-0.1113822
-0.1112587
-0.1009261
-0.0846758
-0.0726071
-0.0705567
-0.0748394
-0.0774258
-0.0749400
-0.0713535
-0.0720917
-0.0765170
-0.0772388
-0.0675115
-0.0489582
-0.0307525
-0.0208095
-0.0188650
-0.0186062
-0.0149784
-0.0080311
-0.0006794
0.0053611
0.0111111
0.0185906
0.0277255
0.0349937
0.0358220
0.0286779
0.0161872
0.0020495
-0.0122013
-0.0269298
-0.0418007
-0.0542431
-0.0605783
-0.0591802
-0.0533035
-0.0500603
-0.0547225
-0.0655511
-0.0754997
-0.0795717
-0.0796249
-0.0814778
-0.0879163
-0.0950175
-0.0956097
-0.0871980
-0.0767748
-0.0761123
-0.0904215
-0.1122267
-0.1281853
-0.1318346
-0.1282456
-0.1264476
-0.1292413
-0.1314475
-0.1274053
-0.1188768
-0.1142804
-0.1194055
-0.1299710
-0.1354703
-0.1303570
-0.1189925
-0.1088366
-0.1016287
-0.0936212
-0.0827758
-0.0726103
-0.0685389
-0.0721313
-0.0799840
-0.0879275
-0.0953648
-0.1042112
-0.1135147
-0.1176527
-0.1124642
-0.1020108
-0.0957463
-0.0982904
-0.1046804
-0.1070591
-0.1041745
-0.1025303
-0.1086167
-0.1209576
-0.1302031
-0.1276492
-0.1139374
-0.0985060
-0.0903095
-0.0907474
-0.0959441
-0.1024808
-0.1081468
-0.1098960
-0.1059071
-0.0996842
-0.0980115
-0.1028458
-0.1071611
-0.1011208
-0.0825682
-0.0599637
-0.0432055
-0.0318645
-0.0162172
0.0074199
0.0273758
0.0326108
0.0418011
0.1092223
0.2907068
0.5962025
0.9705192
1.3164483
1.5397379
1.5860738
1.4542257
1.1877523
0.8564722
0.5355682
0.2837441
0.1246381
0.0433025
0.0036965
-0.0257739
-0.0585418
-0.0926797
-0.1201744
-0.1351816
-0.1398870
-0.1440928
-0.1559272
-0.1727501
-0.1844939
-0.1862869
-0.1847135
-0.1905343
-0.2065251
-0.2228536
-0.2250035
-0.2086403
-0.1867228
-0.1778463
-0.1861628
-0.1974573
-0.1972920
-0.1876196
-0.1814837
-0.1859484
-0.1952514
-0.1980286
-0.1875202
-0.1671895
-0.1490261
-0.1435672
-0.1497776
-0.1575966
-0.1600351
-0.1573449
-0.1500260
-0.1363751
-0.1189988
-0.1055048
-0.0995697
-0.0979759
-0.0977349
-0.0983028
-0.0966276
-0.0900003
-0.0838134
-0.0843670
-0.0842599
-0.0710044
-0.0521930
-0.0524848
-0.0783434
-0.1053842
-0.1120686
