-0.1282171
-0.1392063
-0.1282187
-0.1192069
-0.1215720
-0.1268562
-0.1291272
-0.1304098
-0.1304520
-0.1274588
-0.1268429
-0.1349365
-0.1448907
-0.1416696
-0.1218465
-0.0984291
-0.0855222
-0.0863462
-0.0958629
-0.1070150
-0.1139290
-0.1154373
-0.1157129
-0.1168582
-0.1125432
-0.0942862
-0.0627759
-0.0283452
-0.0015134
0.0134707
0.0185175
0.0196922
0.0231018
0.0283440
0.0276378
0.0151069
-0.0047202
-0.0208750
-0.0269887
-0.0261508
-0.0268060
-0.0358487
-0.0533792
-0.0720461
-0.0835686
-0.0875774
-0.0918739
-0.1027054
-0.1172978
-0.1272798
-0.1270483
-0.1178606
-0.1066062
-0.1017526
-0.1074185
-0.1193292
-0.1283711
-0.1296144
-0.1267562
-0.1272823
-0.1345952
-0.1448637
-0.1501406
-0.1449010
-0.1309474
-0.1151531
-0.1011436
-0.0851883
-0.0627971
-0.0371365
-0.0164461
-0.0032914
0.0092562
0.0289950
0.0551301
0.0810742
0.1085033
0.1588370
0.2683534
0.4660455
0.7494062
1.0769322
1.3817049
1.5942955
1.6634345
1.5721775
1.3470086
1.0506962
0.7557583
0.5131960
0.3377792
0.2166943
0.1294366
0.0620146
0.0082776
-0.0359451
-0.0754325
-0.1118015
-0.1410402
-0.1591212
-0.1698424
-0.1834053
-0.2057295
-0.2312942
-0.2481794
-0.2494007
-0.2387056
-0.2261956
-0.2188941
-0.2152034
-0.2084852
-0.1959955
-0.1830472
-0.1773374
-0.1803297
-0.1859411
-0.1871873
-0.1824855
-0.1756438
-0.1712044
-0.1700910
-0.1690191
-0.1640328
-0.1547844
-0.1447796
-0.1372179
-0.1316714
-0.1255374
-0.1177918
-0.1104032
-0.1064871
-0.1073210
-0.1103600
-0.1101689
-0.1028387
-0.0902181
-0.0785924
-0.0723316
-0.0697381
-0.0659062
-0.0588823
-0.0521282
-0.0510327
-0.0570609
-0.0650112
-0.0665626
-0.0578111
-0.0436734
-0.0342284
-0.0364992
-0.0497599
-0.0676842
-0.0837145
-0.0949771
-0.1029300
-0.1108833
-0.1200861
-0.1278717
-0.1300465
-0.1251668
-0.1163296
-0.1091006
-0.1076264
-0.1116330
-0.1165380
-0.1174804
-0.1141906
-0.1111413
-0.1119436
-0.1143936
-0.1124922
-0.1033383
-0.0909511
-0.0827602
-0.0824761
-0.0866229
-0.0883122
-0.0843648
-0.0778244
-0.0728505
-0.0684704
-0.0592763
-0.0413274
-0.0134250
0.0303152
0.1082137
0.2478996
0.4708956
0.7742252
1.1206362
1.4439456
1.6686558
1.7367371
1.6309563
1.3839159
1.0659220
0.7546992
0.5029093
0.3237361
0.2015928
0.1144444
0.0479213
-0.0049262
-0.0487689
-0.0865079
-0.1166488
-0.1346742
-0.1396394
-0.1387991
-0.1433766
-0.1583532
-0.1774729
-0.1902495
-0.1937836
-0.1955803
-0.2039784
-0.2178761
-0.2279799
-0.2275798
-0.2200168
-0.2146852
-0.2165082
-0.2205811
-0.2178651
-0.2058251
-0.1920970
-0.1865785
-0.1905382
-0.1950676
-0.1905519
-0.1765719
-0.1620010
-0.1561500
-0.1603885
-0.1679365
-0.1710202
-0.1677148
-0.1616663
-0.1558898
-0.1485897
-0.1361300
-0.1189821
-0.1026620
-0.0921817
-0.0866160
-0.0801054
-0.0682412
-0.0529744
-0.0406591
-0.0350620
-0.0331939
-0.0294551
-0.0238418
-0.0240358
-0.0377764
-0.0638854
-0.0924978
-0.1143756
-0.1288028
-0.1415471
-0.1557723
-0.1666979
-0.1667221
-0.1556297
-0.1435980
-0.1420825
-0.1521504
-0.1638857
-0.1679205
-0.1658186
-0.1675048
-0.1790163
-0.1944861
-0.2011785
-0.1923627
-0.1747225
-0.1625792
-0.1646128
-0.1763247
-0.1852333
-0.1826693
-0.1703593
-0.1566104
-0.1470520
-0.1387088
-0.1225584
-0.0927514
-0.0544114
-0.0212273
-0.0020242
0.0133225
0.0556212
0.1626191
0.3591478
0.6433789
0.9840196
1.3255992
1.5989358
1.7382918
1.7054753
1.5108500
1.2137109
0.8947883
0.6173476
0.4054002
0.2517229
0.1406744
0.0617180
0.0066609
-0.0362449
-0.0784477
-0.1214564
-0.1556624
-0.1722704
-0.1755855
-0.1803066
-0.1957682
-0.2157032
-0.2263170
-0.2231545
-0.2162751
-0.2177664
-0.2273863
-0.2340035
-0.2307246
-0.2246859
-0.2288150
-0.2449396
-0.2591593
-0.2566570
-0.2392337
-0.2240224
-0.2238605
-0.2326411
-0.2335115
-0.2198436
-0.2032434
-0.1990796
-0.2076742
-0.2143115
-0.2079513
-0.1955468
-0.1939348
-0.2084784
-0.2243559
-0.2218897
-0.1984891
-0.1715820
-0.1593633
-0.1617686
-0.1624600
-0.1476741
-0.1200629
-0.0938537
-0.0792405
-0.0739477
-0.0695175
-0.0628609
-0.0590994
-0.0635068
-0.0736146
-0.0814748
-0.0828586
-0.0817999
-0.0853231
-0.0953619
-0.1075814
-0.1177370
-0.1270475
-0.1395944
-0.1549393
-0.1658024
-0.1650790
-0.1544667
-0.1437044
-0.1405009
-0.1432680
-0.1455136
-0.1456585
-0.1489991
-0.1591647
-0.1707977
-0.1742679
-0.1676989
-0.1610179
-0.1652727
-0.1788088
-0.1874310
-0.1798268
-0.1604868
-0.1443624
-0.1395135
-0.1388133
-0.1304023
-0.1133618
-0.0992526
-0.0982401
-0.1072424
-0.1142485
-0.1128484
-0.1089505
-0.1117966
-0.1209371
-0.1257986
-0.1186540
-0.1048823
-0.0976845
-0.1036929
-0.1167608
-0.1265453
-0.1305257
-0.1349885
-0.1448046
-0.1553796
-0.1571301
-0.1474070
-0.1352898
-0.1326026
-0.1410222
-0.1504788
-0.1510267
-0.1442866
-0.1410742
-0.1483186
-0.1608110
-0.1672399
-0.1632676
-0.1565462
-0.1579694
-0.1690836
-0.1798857
-0.1794376
-0.1673087
-0.1533943
-0.1472518
-0.1492779
-0.1523756
-0.1503814
-0.1434786
-0.1361301
-0.1314793
-0.1286393
-0.1250553
-0.1205569
-0.1180637
-0.1195518
-0.1214595
-0.1155184
-0.0963708
-0.0697689
-0.0517557
-0.0547758
-0.0688103
-0.0542534
0.0421195
0.2547881
0.5723486
0.9341517
1.2516714
1.4410308
1.4521135
1.2858610
0.9948421
0.6640378
0.3762917
0.1786828
0.0699665
0.0164828
-0.0173718
-0.0482004
-0.0747601
-0.0923070
-0.1021310
-0.1090128
-0.1146620
-0.1171981
-0.1162644
-0.1157534
-0.1200812
-0.1286785
-0.1357021
-0.1358265
-0.1299261
-0.1243866
-0.1247395
-0.1305550
-0.1369884
-0.1408104
-0.1439238
-0.1505347
-0.1613050
-0.1711187
-0.1734196
-0.1671730
-0.1590588
-0.1576017
-0.1645353
-0.1727075
-0.1735178
-0.1662197
-0.1587795
-0.1591032
-0.1662099
-0.1711346
-0.1667697
-0.1560357
-0.1493480
-0.1538429
-0.1659350
-0.1751739
-0.1747629
-0.1669533
-0.1581000
-0.1502183
-0.1390579
-0.1201930
-0.0953716
-0.0717763
-0.0552922
-0.0454090
-0.0372013
-0.0278218
-0.0200405
-0.0189158
-0.0255138
-0.0347399
-0.0396571
-0.0379190
-0.0341661
-0.0361874
-0.0481022
-0.0665075
-0.0833337
-0.0930962
-0.0974448
-0.1021084
-0.1094043
-0.1147569
-0.1115794
-0.0994548
-0.0863804
-0.0819490
-0.0883245
-0.0986013
-0.1040683
-0.1019702
-0.0954043
-0.0870221
-0.0753867
-0.0577382
-0.0326850
0.0045018
0.0705061
0.1941533
0.4010068
0.6902871
1.0216751
1.3241676
1.5236252
1.5732803
1.4710101
1.2564496
0.9917189
0.7360948
0.5265014
0.3721476
0.2631715
0.1844100
0.1240612
0.0745099
0.0305320
-0.0101042
-0.0449875
-0.0689335
-0.0797466
-0.0823256
-0.0859296
-0.0965118
-0.1119502
-0.1254387
-0.1334398
-0.1394865
-0.1499130
-0.1666570
-0.1850375
-0.1983517
-0.2039441
-0.2047050
-0.2051834
-0.2066389
-0.2059045
-0.1990380
-0.1860630
-0.1719567
-0.1626487
-0.1596748
-0.1584992
-0.1522289
-0.1376744
-0.1184917
-0.1023488
-0.0943008
-0.0924084
-0.0898865
-0.0817267
-0.0692285
-0.0581018
-0.0523142
-0.0498679
-0.0445786
-0.0321429
-0.0146428
0.0010819
0.0098809
0.0132065
0.0173629
0.0266857
0.0385554
0.0453989
0.0418701
0.0302089
0.0183999
0.0126953
0.0117068
0.0078114
-0.0057246
-0.0289188
-0.0553315
-0.0766973
-0.0872565
-0.0856424
-0.0749498
-0.0610666
-0.0486445
-0.0368084
-0.0197403
0.0057444
0.0321922
0.0442537
0.0352770
0.0251775
0.0605479
0.1909662
0.4369731
0.7730564
1.1354014
1.4450512
1.6319661
1.6539664
1.5105000
1.2466433
0.9385654
0.6608937
0.4538036
0.3131631
0.2101073
0.1213458
0.0439556
-0.0136503
-0.0490933
-0.0716775
-0.0930045
-0.1161243
-0.1357257
-0.1473979
-0.1542871
-0.1640356
-0.1803304
-0.1986018
-0.2100964
-0.2097342
-0.2001468
-0.1889434
-0.1825757
-0.1821269
-0.1837475
-0.1827868
-0.1782516
-0.1738116
-0.1740038
-0.1788759
-0.1827984
-0.1796771
-0.1698270
-0.1610018
-0.1615131
-0.1719251
-0.1841593
-0.1895807
-0.1878439
-0.1867980
-0.1931883
-0.2042487
-0.2095785
-0.2013634
-0.1819952
-0.1614658
-0.1479982
-0.1416132
-0.1360428
-0.1257204
-0.1107010
-0.0957912
-0.0859831
-0.0826993
-0.0834206
-0.0841989
-0.0830269
-0.0817711
-0.0847811
-0.0943775
-0.1069607
-0.1145146
-0.1116048
-0.1013907
-0.0936873
-0.0958484
-0.1053731
-0.1122710
-0.1093726
-0.1000692
-0.0951252
-0.1017094
-0.1164082
-0.1297017
-0.1364852
-0.1404937
-0.1479417
-0.1584519
-0.1642557
-0.1586275
-0.1437835
-0.1293556
-0.1232720
-0.1247556
-0.1258626
-0.1186028
-0.1004262
-0.0751144
-0.0511967
-0.0388263
-0.0425631
-0.0505169
-0.0287667
0.0681263
0.2713318
0.5729247
0.9207660
1.2374912
1.4505557
1.5158106
1.4267854
1.2127106
0.9295614
0.6438640
0.4100969
0.2510811
0.1548989
0.0918080
0.0379166
-0.0130289
-0.0559155
-0.0876260
-0.1125361
-0.1367507
-0.1605198
-0.1785557
-0.1872511
-0.1896162
-0.1922722
-0.1986591
-0.2065048
-0.2116767
-0.2130541
-0.2129121
-0.2133649
-0.2136625
-0.2112998
-0.2052614
-0.1976825
-0.1922340
-0.1909244
-0.1923898
-0.1931935
-0.1909958
-0.1869971
-0.1855316
-0.1905218
-0.2009441
-0.2092425
-0.2054627
-0.1851341
-0.1543742
-0.1267455
-0.1134428
-0.1149852
-0.1218545
-0.1235528
-0.1176930
-0.1106366
-0.1094040
-0.1133203
-0.1141386
-0.1045201
-0.0859535
-0.0678736
-0.0590354
-0.0600348
-0.0642202
-0.0653956
-0.0640950
-0.0662760
-0.0763664
-0.0921247
-0.1063378
-0.1131796
-0.1128424
-0.1105017
-0.1112729
-0.1159996
-0.1214322
-0.1243675
-0.1256809
-0.1298788
-0.1399475
-0.1526485
-0.1600102
-0.1565882
-0.1451991
-0.1345342
-0.1306353
-0.1313870
-0.1302259
-0.1248178
-0.1204676
-0.1240466
-0.1355332
-0.1471920
-0.1512406
-0.1469517
-0.1396221
-0.1340265
-0.1305446
-0.1270080
-0.1217425
-0.1135222
-0.1005037
-0.0823282
-0.0635808
-0.0512545
-0.0435307
-0.0189269
0.0604529
0.2283525
0.4896727
0.8099501
1.1258769
1.3682155
1.4836463
1.4487232
1.2759932
1.0119839
0.7238552
0.4749516
0.2994768
0.1924223
0.1229475
0.0614754
-0.0008094
-0.0540701
-0.0873521
-0.1022152
-0.1099819
-0.1187340
-0.1262148
-0.1261673
-0.1192676
-0.1147869
-0.1208627
-0.1353828
-0.1488161
-0.1556553
-0.1605005
-0.1713662
-0.1884624
-0.2022356
-0.2033228
-0.1929854
-0.1821981
-0.1806781
-0.1880764
-0.1962360
-0.1987329
-0.1967348
-0.1957806
-0.1985972
-0.2022577
-0.2016965
-0.1946656
-0.1832047
-0.1714964
-0.1628897
-0.1579691
-0.1541116
-0.1469937
-0.1340541
-0.1176347
-0.1041479
-0.0985172
-0.0985714
-0.0956886
-0.0823542
-0.0595669
-0.0362430
-0.0209482
-0.0146561
-0.0119996
-0.0088717
-0.0073577
-0.0125485
-0.0252819
-0.0393863
-0.0468820
-0.0458505
-0.0427374
-0.0465397
-0.0605053
-0.0793186
-0.0942534
-0.1012024
-0.1040610
-0.1104657
-0.1239629
-0.1400796
-0.1503825
-0.1509737
-0.1469438
-0.1476831
-0.1573403
-0.1704687
-0.1779321
-0.1769389
-0.1739835
-0.1769504
-0.1849998
-0.1881005
-0.1776914
-0.1570427
-0.1393718
-0.1350781
-0.1418193
-0.1481770
-0.1464572
-0.1401697
-0.1382822
-0.1435552
-0.1485890
-0.1438701
-0.1283235
-0.1104273
-0.0991193
-0.0951856
-0.0923781
-0.0855273
-0.0751983
-0.0640440
-0.0512156
-0.0333623
-0.0110196
0.0098252
0.0271280
0.0556363
0.1282099
0.2790154
0.5185912
0.8189784
1.1193701
1.3477564
1.4458771
1.3875437
1.1865978
0.8932636
0.5781953
0.3076903
0.1204715
0.0183831
-0.0244450
-0.0415937
-0.0571341
-0.0798592
-0.1074947
-0.1337443
-0.1531612
-0.1635829
-0.1671239
-0.1690049
-0.1736797
-0.1809525
-0.1863534
-0.1862585
-0.1825961
-0.1815134
-0.1866824
-0.1943309
-0.1959675
-0.1866474
-0.1702611
-0.1561209
-0.1503538
-0.1510961
-0.1521161
-0.1502668
-0.1483699
-0.1506226
-0.1560222
-0.1575349
-0.1486065
-0.1306006
-0.1131530
-0.1061760
-0.1108412
-0.1185453
-0.1193651
-0.1119215
-0.1046568
-0.1067911
-0.1177970
-0.1263277
-0.1203521
-0.0986887
-0.0722685
-0.0537985
-0.0464101
-0.0426429
-0.0339833
-0.0203300
-0.0096580
-0.0090721
-0.0172133
-0.0257535
-0.0278497
-0.0246768
-0.0239030
-0.0323543
-0.0502435
-0.0718033
-0.0906604
-0.1044787
-0.1150895
-0.1248976
-0.1335029
-0.1379120
-0.1361655
-0.1306488
-0.1271690
-0.1298873
-0.1369052
-0.1415492
-0.1389303
-0.1313092
-0.1261077
-0.1279058
-0.1329370
-0.1328505
-0.1244530
-0.1146104
-0.1139282
-0.1253699
-0.1404224
-0.1475935
-0.1442234
-0.1385771
-0.1397994
-0.1466764
-0.1474272
-0.1309240
-0.0980160
-0.0620515
-0.0383722
-0.0316175
-0.0293380
-0.0041241
0.0779195
0.2446408
0.5033851
0.8293305
1.1640505
1.4297485
1.5567406
1.5124199
1.3160631
1.0298959
0.7305182
0.4770931
0.2940181
0.1746525
0.0981213
0.0450798
0.0040369
-0.0301311
-0.0593498
-0.0840407
-0.1043471
-0.1217478
-0.1393091
-0.1590899
-0.1789247
-0.1927755
-0.1955535
-0.1881681
-0.1777091
-0.1722686
-0.1749773
-0.1823160
-0.1877446
-0.1872675
-0.1823067
-0.1776974
-0.1766852
-0.1774771
-0.1748499
-0.1657296
-0.1532590
-0.1445376
-0.1435391
-0.1466116
-0.1461408
-0.1390562
-0.1306066
-0.1284110
-0.1330147
-0.1360195
-0.1287272
-0.1119637
-0.0958345
-0.0894446
-0.0921433
-0.0959477
-0.0955675
-0.0936771
-0.0953504
-0.0992249
-0.0971860
-0.0838030
-0.0642633
-0.0506193
-0.0498391
-0.0571090
-0.0620441
-0.0606479
-0.0593667
-0.0668745
-0.0833229
-0.0994072
-0.1060932
-0.1038320
-0.1011904
-0.1051342
-0.1142438
-0.1219894
-0.1253282
-0.1280924
-0.1351738
-0.1446247
-0.1477432
-0.1383334
-0.1211961
-0.1093280
-0.1111786
-0.1213217
-0.1258380
-0.1178558
-0.1058897
-0.1038800
-0.1127516
-0.1156542
-0.0959105
-0.0596492
-0.0350202
-0.0422034
-0.0617529
-0.0357205
0.0941751
0.3434600
0.6728389
1.0117268
1.2911769
1.4613819
1.4942746
1.3867967
1.1686893
0.9002786
0.6489197
0.4563468
0.3237517
0.2269195
0.1450478
0.0758417
0.0270454
-0.0005471
-0.0182665
-0.0392290
-0.0661850
-0.0911005
-0.1056542
-0.1105750
-0.1145042
-0.1247454
-0.1400701
-0.1527139
-0.1569954
-0.1554662
-0.1563231
-0.1649858
-0.1788667
-0.1908265
-0.1971434
-0.2007757
-0.2063543
-0.2133287
-0.2159969
-0.2106525
-0.2010595
-0.1952000
-0.1968009
-0.2015279
-0.2020887
-0.1959192
-0.1865848
-0.1781224
-0.1698819
-0.1580127
-0.1411445
-0.1229509
-0.1085612
-0.0992316
-0.0913520
-0.0805335
-0.0659965
-0.0507014
-0.0375754
-0.0261430
-0.0131613
0.0033609
0.0209252
0.0337361
0.0375924
0.0335720
0.0263154
0.0184553
0.0076253
-0.0097354
-0.0315651
-0.0488666
-0.0531966
-0.0458618
-0.0383064
-0.0419621
-0.0576696
-0.0758933
-0.0873445
-0.0922514
-0.0984119
-0.1110914
-0.1267303
-0.1372642
-0.1392340
-0.1368458
-0.1360847
-0.1376229
-0.1367495
-0.1292212
-0.1151578
-0.0971053
-0.0768869
-0.0567605
-0.0422645
-0.0386281
-0.0391497
-0.0161736
0.0722285
0.2593314
0.5453539
0.8886249
1.2174644
1.4549298
1.5449777
1.4717210
1.2656055
0.9916159
0.7214618
0.5034337
0.3485495
0.2406229
0.1587908
0.0925946
0.0404984
0.0004504
-0.0334941
-0.0654508
-0.0924043
-0.1078997
-0.1111821
-0.1106500
-0.1167549
-0.1318665
-0.1483281
-0.1568091
-0.1557929
-0.1522434
-0.1534948
-0.1596994
-0.1647767
-0.1640203
-0.1595017
-0.1574656
-0.1610141
-0.1663538
-0.1667274
-0.1598089
-0.1507265
-0.1474582
-0.1530715
-0.1623285
-0.1658384
-0.1578410
-0.1406822
-0.1224543
-0.1103769
-0.1057034
-0.1039800
-0.0996869
-0.0908827
-0.0800002
-0.0705946
-0.0633691
-0.0552036
-0.0419725
-0.0224548
0.0002043
0.0205978
0.0346385
0.0415627
0.0431406
0.0413952
0.0369507
0.0290921
0.0171887
0.0023325
-0.0122109
-0.0226939
-0.0280003
-0.0314135
-0.0385125
-0.0522516
-0.0698939
-0.0853835
-0.0951136
-0.1010154
-0.1075805
-0.1162119
-0.1233394
-0.1243528
-0.1187812
-0.1110265
-0.1062764
-0.1063151
-0.1091735
-0.1118490
-0.1127044
-0.1117795
-0.1098060
-0.1071384
-0.1030331
-0.0957574
-0.0841794
-0.0700439
-0.0582725
-0.0536559
-0.0563842
-0.0613145
-0.0627060
-0.0599781
-0.0581060
-0.0617404
-0.0693689
-0.0742902
-0.0716997
-0.0640988
-0.0588558
-0.0604851
-0.0661722
-0.0694577
-0.0679015
-0.0662003
-0.0713607
-0.0852117
-0.1021184
-0.1138359
-0.1161549
-0.1112332
-0.1048221
-0.1020028
-0.1044714
-0.1098632
-0.1130785
-0.1098473
-0.1006652
-0.0907345
-0.0841985
-0.0782721
-0.0655159
-0.0438893
-0.0223413
-0.0106087
0.0008724
0.0492971
0.1807467
0.4147050
0.7207747
1.0274159
1.2551526
1.3494255
1.2955460
1.1165084
0.8625397
0.5962047
0.3727947
0.2212253
0.1369386
0.0929331
0.0607553
0.0256387
-0.0125438
-0.0473835
-0.0731762
-0.0875004
-0.0917846
-0.0916108
-0.0946500
-0.1053296
-0.1206230
-0.1324199
-0.1354549
-0.1329417
-0.1335745
-0.1425379
-0.1557578
-0.1634442
-0.1594028
-0.1468440
-0.1353105
-0.1322892
-0.1376853
-0.1455876
-0.1504305
-0.1512673
-0.1508537
-0.1515978
-0.1528265
-0.1516818
-0.1461537
-0.1370903
-0.1275526
-0.1204982
-0.1168888
-0.1154741
-0.1140389
-0.1110677
-0.1067463
-0.1026934
-0.1005288
-0.1001036
-0.0986887
-0.0922624
-0.0787325
-0.0607563
-0.0448983
-0.0364995
-0.0344774
-0.0318858
-0.0229421
-0.0097524
-0.0009522
-0.0026511
-0.0111220
-0.0158427
-0.0104929
-0.0002272
0.0030588
-0.0072031
-0.0256040
-0.0403321
-0.0446196
-0.0420711
-0.0412695
-0.0463949
-0.0536960
-0.0565438
-0.0530322
-0.0483207
-0.0497564
-0.0598629
-0.0739702
-0.0845364
-0.0878667
-0.0869291
-0.0879200
-0.0941124
-0.1027776
-0.1077958
-0.1052748
-0.0970273
-0.0890650
-0.0867761
-0.0910288
-0.0982390
-0.1039990
-0.1069923
-0.1096502
-0.1147972
-0.1215588
-0.1251617
-0.1215257
-0.1119164
-0.1021334
-0.0967085
-0.0946430
-0.0915653
-0.0854229
-0.0786191
-0.0742722
-0.0718957
-0.0683270
-0.0625036
-0.0573582
-0.0559975
-0.0573471
-0.0575379
-0.0555127
-0.0550979
-0.0600766
-0.0683997
-0.0735929
-0.0724325
-0.0694388
-0.0719695
-0.0811619
-0.0896001
-0.0891730
-0.0806170
-0.0737410
-0.0775151
-0.0906400
-0.1029123
-0.1059161
-0.1015050
-0.0992358
-0.1059696
-0.1188298
-0.1284431
-0.1283519
-0.1207202
-0.1133063
-0.1119240
-0.1162010
-0.1216167
-0.1241166
-0.1224593
-0.1174976
-0.1107472
-0.1036946
-0.0973233
-0.0916312
-0.0860815
-0.0810846
-0.0786729
-0.0809602
-0.0879289
-0.0975121
-0.1082564
-0.1211242
-0.1373594
-0.1541784
-0.1637223
-0.1581467
-0.1370184
-0.1097514
-0.0898425
-0.0852230
-0.0927107
-0.1012133
-0.1012434
-0.0930915
-0.0865759
-0.0918848
-0.1091632
-0.1267860
-0.1310069
-0.1185723
-0.1001339
-0.0907372
-0.0963990
-0.1096921
-0.1180639
-0.1158609
-0.1080258
-0.1029113
-0.1029172
-0.1027488
-0.0959906
-0.0822247
-0.0676500
-0.0595402
-0.0603521
-0.0664561
-0.0718841
-0.0736978
-0.0746747
-0.0809064
-0.0956564
-0.1143961
-0.1261658
-0.1216096
-0.1012894
-0.0760425
-0.0579173
-0.0499980
-0.0453344
-0.0357221
-0.0203023
-0.0046956
0.0069056
0.0159620
0.0250951
0.0325831
0.0368592
0.0501826
0.1065121
0.2493030
0.5020191
0.8412898
1.1933450
1.4588200
1.5535080
1.4450465
1.1684118
0.8119478
0.4784427
0.2398768
0.1110959
0.0576874
0.0302050
-0.0016671
-0.0388509
-0.0684376
-0.0855054
-0.0997676
-0.1235823
-0.1568525
-0.1857436
-0.1961348
-0.1871108
-0.1707115
-0.1593986
-0.1552866
-0.1519503
-0.1449764
-0.1380765
-0.1378490
-0.1443547
-0.1495728
-0.1458362
-0.1341101
-0.1225725
-0.1179180
-0.1197568
-0.1233456
-0.1255939
-0.1269171
-0.1283956
-0.1295237
-0.1294584
-0.1288146
-0.1284796
-0.1270904
-0.1216800
-0.1118155
-0.1019821
-0.0982739
-0.1025613
-0.1108300
-0.1175416
-0.1208817
-0.1232491
-0.1272145
-0.1319473
-0.1338311
-0.1301418
-0.1217300
-0.1120736
-0.1038609
-0.0966223
-0.0877282
-0.0756412
-0.0621441
-0.0513784
-0.0466079
-0.0476490
-0.0511764
-0.0535110
-0.0534333
-0.0528019
-0.0547704
-0.0611348
-0.0706578
-0.0796443
-0.0849071
-0.0872023
-0.0915034
-0.1023086
-0.1176423
-0.1286633
-0.1272459
-0.1148841
-0.1030960
-0.1033229
-0.1157264
-0.1286703
-0.1302946
-0.1206485
-0.1114556
-0.1133108
-0.1238614
-0.1299614
-0.1217808
-0.1037104
-0.0902926
-0.0916010
-0.1035426
-0.1126419
-0.1091624
-0.0945121
-0.0767614
-0.0615346
-0.0486865
-0.0358620
-0.0217451
-0.0051813
0.0153153
0.0378013
0.0545698
0.0600373
0.0659613
0.1076858
0.2290366
0.4537829
0.7660482
1.1139575
1.4297762
1.6498854
1.7275913
1.6441483
1.4200304
1.1152894
0.8075235
0.5556661
0.3759141
0.2485356
0.1464460
0.0582557
-0.0114022
-0.0567243
-0.0813989
-0.0959949
-0.1093154
-0.1245054
-0.1414474
-0.1594938
-0.1772769
-0.1923301
-0.2028767
-0.2092227
-0.2118234
-0.2085444
-0.1961647
-0.1757398
-0.1551462
-0.1441856
-0.1462492
-0.1551325
-0.1605647
-0.1571307
-0.1480703
-0.1407440
-0.1385662
-0.1372956
-0.1293167
-0.1120249
-0.0921732
-0.0810162
-0.0836850
-0.0931677
-0.0964758
-0.0882125
-0.0770259
-0.0762955
-0.0881346
-0.0991368
-0.0940710
-0.0726599
-0.0500661
-0.0402543
-0.0413199
-0.0393455
-0.0255073
-0.0061159
0.0055023
0.0046480
-0.0003108
0.0009476
0.0081497
0.0110423
0.0012764
-0.0187769
-0.0392321
-0.0525065
-0.0586078
-0.0621350
-0.0666603
-0.0728689
-0.0803957
-0.0890424
-0.0976897
-0.1038184
-0.1059576
-0.1062763
-0.1088640
-0.1147279
-0.1200361
-0.1209327
-0.1193003
-0.1213650
-0.1297536
-0.1388985
-0.1407188
-0.1346931
-0.1297692
-0.1346425
-0.1476009
-0.1586455
-0.1616843
-0.1615309
-0.1666889
-0.1772723
-0.1839197
-0.1792202
-0.1668484
-0.1569590
-0.1544540
-0.1550882
-0.1526372
-0.1456772
-0.1351306
-0.1189099
-0.0948505
-0.0690601
-0.0534874
-0.0462662
-0.0133929
0.1018537
0.3402355
0.6893853
1.0807949
1.4219831
1.6355612
1.6801562
1.5531912
1.2887882
0.9534130
0.6289781
0.3809967
0.2303164
0.1522099
0.1045017
0.0596103
0.0142657
-0.0240760
-0.0530933
-0.0771551
-0.0988996
-0.1154263
-0.1238515
-0.1273408
-0.1329322
-0.1439621
-0.1567752
-0.1656575
-0.1697886
-0.1739724
-0.1826851
-0.1946390
-0.2038333
-0.2054584
-0.2003801
-0.1943891
-0.1935808
-0.1997351
-0.2089327
-0.2145647
-0.2128801
-0.2064738
-0.2019177
-0.2030233
-0.2061880
-0.2029716
-0.1878938
-0.1637017
-0.1385768
-0.1182540
-0.1017184
-0.0850316
-0.0680173
-0.0549039
-0.0477388
-0.0411687
-0.0262886
-0.0002308
0.0294331
0.0511067
0.0599863
0.0618987
0.0662936
0.0760964
0.0852146
0.0859293
0.0776939
0.0677240
0.0630290
0.0626475
0.0582609
0.0425574
0.0170224
-0.0087240
-0.0259425
-0.0355057
-0.0469417
-0.0677357
-0.0938921
-0.1128836
-0.1171474
-0.1137385
-0.1185436
-0.1399416
-0.1691409
-0.1882515
-0.1881471
-0.1770085
-0.1702755
-0.1733906
-0.1767599
-0.1681701
-0.1479056
-0.1293334
-0.1249211
-0.1337745
-0.1438542
-0.1450778
-0.1383969
-0.1319327
-0.1301559
-0.1289967
-0.1218096
-0.1082649
-0.0954489
-0.0902467
-0.0921706
-0.0945427
-0.0920093
-0.0858359
-0.0817260
-0.0830859
-0.0869576
-0.0867475
-0.0790048
-0.0674825
-0.0603835
-0.0633739
-0.0749981
-0.0887212
-0.0995486
-0.1087735
-0.1217573
-0.1402157
-0.1569564
-0.1601885
-0.1449732
-0.1202645
-0.1027438
-0.1022878
-0.1136450
-0.1230016
-0.1224300
-0.1169317
-0.1170608
-0.1259229
-0.1353040
-0.1350510
-0.1245837
-0.1132581
-0.1097272
-0.1131809
-0.1162164
-0.1147517
-0.1126478
-0.1160092
-0.1245679
-0.1305363
-0.1263789
-0.1128243
-0.0982505
-0.0902324
-0.0886014
-0.0872577
-0.0819591
-0.0751893
-0.0734214
-0.0805709
-0.0944777
-0.1090631
-0.1192958
-0.1244369
-0.1273691
-0.1312865
-0.1367840
-0.1415050
-0.1423124
-0.1383475
-0.1326807
-0.1305169
-0.1343080
-0.1400946
-0.1400953
-0.1305366
-0.1165983
-0.1079679
-0.1089586
-0.1142072
-0.1151142
-0.1096339
-0.1038137
-0.1032121
-0.1047927
-0.0998431
-0.0850264
-0.0679472
-0.0596823
-0.0628458
-0.0694304
-0.0703769
-0.0646673
-0.0578125
-0.0537134
-0.0507070
-0.0448107
-0.0336535
-0.0163952
0.0066961
0.0306908
0.0434984
0.0344607
0.0131030
0.0200439
0.1117622
0.3237774
0.6400613
0.9933311
1.2941409
1.4658917
1.4673026
1.3009461
1.0127522
0.6804162
0.3863671
0.1834882
0.0754393
0.0276412
0.0000713
-0.0262521
-0.0489677
-0.0625338
-0.0708417
-0.0822219
-0.0979579
-0.1111878
-0.1170502
-0.1198449
-0.1275715
-0.1408655
-0.1505550
-0.1475097
-0.1334878
-0.1202090
-0.1175190
-0.1240293
-0.1302750
-0.1297739
-0.1252387
-0.1241950
-0.1302717
-0.1394843
-0.1440396
-0.1390434
-0.1262946
-0.1126412
-0.1045304
-0.1030998
-0.1038481
-0.1012989
-0.0946541
-0.0890681
-0.0906297
-0.0992766
-0.1070969
-0.1050864
-0.0922265
-0.0769896
-0.0690659
-0.0702014
-0.0739970
-0.0739945
-0.0702777
-0.0675387
-0.0677982
-0.0666256
-0.0572483
-0.0380039
-0.0149037
0.0034670
0.0130668
0.0161688
0.0170354
0.0172085
0.0150796
0.0088135
-0.0010514
-0.0113987
-0.0185926
-0.0215300
-0.0234489
-0.0302244
-0.0455109
-0.0666476
-0.0856200
-0.0952040
-0.0951358
-0.0920188
-0.0921788
-0.0945750
-0.0920954
-0.0805948
-0.0653041
-0.0564819
-0.0588861
-0.0672161
-0.0725653
-0.0721228
-0.0712185
-0.0760677
-0.0858896
-0.0932144
-0.0917576
-0.0829407
-0.0741168
-0.0711282
-0.0735224
-0.0764803
-0.0758690
-0.0711321
-0.0646483
-0.0591117
-0.0545963
-0.0472754
-0.0320534
-0.0083921
0.0161142
0.0301102
0.0300602
0.0307658
0.0651653
0.1704661
0.3675459
0.6456064
0.9602423
1.2449541
1.4313186
1.4723161
1.3614541
1.1374447
0.8679867
0.6191316
0.4282839
0.2969541
0.2047356
0.1311990
0.0690474
0.0215118
-0.0090743
-0.0284450
-0.0469345
-0.0706843
-0.0972089
-0.1190718
-0.1312281
-0.1351098
-0.1363494
-0.1389683
-0.1420835
-0.1424566
-0.1395380
-0.1366449
-0.1368873
-0.1392808
-0.1400858
-0.1375729
-0.1342763
-0.1340613
-0.1373649
-0.1400153
-0.1373151
-0.1292188
-0.1205639
-0.1154596
-0.1120609
-0.1041239
-0.0879174
-0.0667874
-0.0484432
-0.0378204
-0.0323877
-0.0242214
-0.0073695
0.0158576
0.0360986
0.0456002
0.0462247
0.0482313
0.0603037
0.0805634
0.0978195
0.1024388
0.0964270
0.0921002
0.0996059
0.1158278
0.1269656
0.1224143
0.1046073
0.0843495
0.0682313
0.0530176
0.0322900
0.0061036
-0.0179748
-0.0332338
-0.0415241
-0.0512461
-0.0679572
-0.0886190
-0.1059974
-0.1173417
-0.1268214
-0.1397135
-0.1560647
-0.1705271
-0.1770528
-0.1732642
-0.1617558
-0.1485027
-0.1393990
-0.1367086
-0.1379605
-0.1385099
-0.1359638
-0.1326006
-0.1329108
-0.1377695
-0.1414082
-0.1361024
-0.1209041
-0.1043359
-0.0967029
-0.1000955
-0.1072984
-0.1103161
-0.1084578
-0.1074682
-0.1116592
-0.1181727
-0.1197709
-0.1132816
-0.1042052
-0.1015324
-0.1079077
-0.1163235
-0.1174769
-0.1097582
-0.1009845
-0.1000871
-0.1073575
-0.1133332
-0.1080171
-0.0912039
-0.0721755
-0.0581551
-0.0451852
-0.0239508
0.0055291
0.0302164
0.0407406
0.0533131
0.1117377
0.2612229
0.5124615
0.8247748
1.1215529
1.3251054
1.3862498
1.2952612
1.0786374
0.7901266
0.4965121
0.2566637
0.1012430
0.0256685
0.0006099
-0.0084137
-0.0246774
-0.0541490
-0.0895403
-0.1198196
-0.1390192
-0.1497260
-0.1599616
-0.1756978
-0.1945948
-0.2073143
-0.2067754
-0.1962835
-0.1867619
-0.1854761
-0.1892812
-0.1899453
-0.1844470
-0.1781343
-0.1780288
-0.1845137
-0.1905384
-0.1891241
-0.1810365
-0.1737527
-0.1722781
-0.1723576
-0.1644260
-0.1439113
-0.1163155
-0.0923013
-0.0786833
-0.0735266
-0.0684847
-0.0560358
-0.0358986
-0.0149447
-0.0005475
0.0057009
0.0075745
0.0088511
0.0097348
0.0083044
0.0044341
0.0017776
0.0052585
0.0155983
0.0267411
0.0307234
0.0258475
0.0184099
0.0153008
0.0161590
0.0138999
0.0020857
-0.0189583
-0.0423240
-0.0600907
-0.0697947
-0.0763402
-0.0870901
-0.1046687
-0.1248632
-0.1413442
-0.1519055
-0.1605884
-0.1741166
-0.1947209
-0.2150710
-0.2222346
-0.2098713
-0.1863299
-0.1678000
-0.1626429
-0.1643435
-0.1606156
-0.1478089
-0.1349217
-0.1334714
-0.1441399
-0.1547686
-0.1529514
-0.1397265
-0.1279368
-0.1268032
-0.1319869
-0.1331735
-0.1280585
-0.1244704
-0.1293862
-0.1396740
-0.1451662
-0.1395709
-0.1270880
-0.1177673
-0.1164833
-0.1178752
-0.1131873
-0.1000983
-0.0832390
-0.0671241
-0.0532900
-0.0435676
-0.0388539
-0.0295272
0.0107334
0.1162514
0.3094945
0.5833466
0.8957637
1.1798437
1.3655355
1.4038373
1.2845296
1.0426093
0.7489474
0.4818460
0.2901884
0.1747132
0.1037326
0.0467355
-0.0061482
-0.0501204
-0.0813241
-0.1037796
-0.1243363
-0.1438955
-0.1555180
-0.1535079
-0.1437767
-0.1404914
-0.1506273
-0.1664350
-0.1760902
-0.1774819
-0.1778245
-0.1832372
-0.1925853
-0.1993942
-0.1976140
-0.1880121
-0.1795550
-0.1804821
-0.1879451
-0.1921750
-0.1909814
-0.1923873
-0.2011450
-0.2105564
-0.2104801
-0.1966074
-0.1704818
-0.1387354
-0.1136789
-0.1046701
-0.1061768
-0.1037161
-0.0927563
-0.0804049
-0.0685964
-0.0526016
-0.0400894
-0.0514774
-0.0899882
