-0.2156628
-0.2447645
-0.2285015
-0.2120729
-0.2113320
-0.2075595
-0.1941916
-0.1862590
-0.1885902
-0.1896553
-0.1859915
-0.1848223
-0.1839219
-0.1736198
-0.1574810
-0.1487028
-0.1469649
-0.1390679
-0.1221431
-0.1081670
-0.1050258
-0.1080436
-0.1101938
-0.1083095
-0.1004271
-0.0877192
-0.0768923
-0.0716530
-0.0657071
-0.0527536
-0.0380748
-0.0309907
-0.0310225
-0.0308798
-0.0286305
-0.0279742
-0.0300015
-0.0324392
-0.0343558
-0.0359510
-0.0366667
-0.0372254
-0.0393814
-0.0413447
-0.0397301
-0.0386235
-0.0485551
-0.0713857
-0.0930895
-0.0978822
-0.0857346
-0.0715893
-0.0701219
-0.0834537
-0.1004817
-0.1069170
-0.0991583
-0.0882150
-0.0864815
-0.0926158
-0.0950732
-0.0885675
-0.0793225
-0.0739858
-0.0710831
-0.0656698
-0.0567208
-0.0471603
-0.0398166
-0.0347948
-0.0288636
-0.0176356
-0.0002473
0.0189043
0.0338393
0.0399481
0.0340994
0.0206322
0.0241924
0.0908254
0.2631783
0.5455401
0.8890587
1.2087035
1.4189546
1.4683473
1.3572924
1.1314261
0.8566544
0.5931484
0.3801194
0.2304987
0.1332095
0.0648091
0.0061307
-0.0483838
-0.0938699
-0.1232025
-0.1328922
-0.1266014
-0.1151233
-0.1096311
-0.1130326
-0.1198009
-0.1244009
-0.1270910
-0.1313341
-0.1387686
-0.1477186
-0.1545518
-0.1561348
-0.1527004
-0.1482613
-0.1470503
-0.1505898
-0.1592798
-0.1742794
-0.1951007
-0.2172565
-0.2353406
-0.2472674
-0.2530646
-0.2511912
-0.2393095
-0.2183767
-0.1939128
-0.1733345
-0.1622309
-0.1607804
-0.1619670
-0.1553186
-0.1350862
-0.1048334
-0.0736490
-0.0487516
-0.0311744
-0.0161353
0.0025335
0.0254851
0.0447531
0.0505298
0.0423689
0.0312072
0.0286427
0.0356579
0.0428988
0.0408763
0.0293405
0.0174067
0.0141870
0.0185227
0.0193025
0.0076151
-0.0129314
-0.0304475
-0.0381556
-0.0406709
-0.0473583
-0.0621526
-0.0801765
-0.0923592
-0.0929058
-0.0834273
-0.0702225
-0.0578375
-0.0465880
-0.0362856
-0.0294528
-0.0287910
-0.0330840
-0.0376417
-0.0380845
-0.0326938
-0.0223444
-0.0094001
0.0042044
0.0185224
0.0342734
0.0497728
0.0607947
0.0640530
0.0595947
0.0499037
0.0385692
0.0296579
0.0254418
0.0234705
0.0181158
0.0069611
-0.0052458
-0.0106734
-0.0067880
0.0000203
0.0006311
-0.0056129
-0.0074688
0.0058034
0.0270818
0.0328251
0.0108721
-0.0109173
0.0304417
0.1913306
0.4767198
0.8285921
1.1533133
1.3640642
1.4109411
1.2895303
1.0362294
0.7185864
0.4177175
0.1993061
0.0858207
0.0522936
0.0512228
0.0453989
0.0231699
-0.0083515
-0.0378643
-0.0589067
-0.0710353
-0.0772638
-0.0815486
-0.0874149
-0.0968550
-0.1093009
-0.1223361
-0.1343540
-0.1457685
-0.1569222
-0.1667483
-0.1757249
-0.1884340
-0.2091529
-0.2341603
-0.2516970
-0.2522501
-0.2387704
-0.2259079
-0.2286852
-0.2505220
-0.2804210
-0.3014600
-0.3033906
-0.2887383
-0.2683662
-0.2521982
-0.2429598
-0.2357486
-0.2225134
-0.1993591
-0.1716026
-0.1504002
-0.1423687
-0.1429812
-0.1414922
-0.1317759
-0.1170901
-0.1047002
-0.0972234
-0.0895871
-0.0740820
-0.0482827
-0.0179831
0.0074398
0.0216135
0.0230585
0.0131352
-0.0047893
-0.0247174
-0.0402884
-0.0497364
-0.0573551
-0.0686452
-0.0844140
-0.1002689
-0.1115636
-0.1184415
-0.1258662
-0.1381598
-0.1533650
-0.1641142
-0.1649245
-0.1575998
-0.1482256
-0.1398119
-0.1297736
-0.1147175
-0.0961616
-0.0799966
-0.0684229
-0.0498225
0.0042132
0.1282776
0.3425885
0.6351202
0.9577400
1.2387095
1.4070378
1.4206786
1.2861835
1.0564308
0.8040138
0.5858347
0.4220546
0.3010775
0.2019085
0.1135853
0.0376169
-0.0227190
-0.0705031
-0.1118510
-0.1486473
-0.1788675
-0.2030405
-0.2256068
-0.2481419
-0.2647628
-0.2681931
-0.2604397
-0.2548197
-0.2652889
-0.2933268
-0.3260523
-0.3480720
-0.3551188
-0.3555933
-0.3596775
-0.3691197
-0.3779773
-0.3805289
-0.3759984
-0.3667000
-0.3544512
-0.3397312
-0.3231967
-0.3069191
-0.2935488
-0.2837134
-0.2743796
-0.2608129
-0.2405476
-0.2146285
-0.1848242
-0.1511405
-0.1133623
-0.0745214
-0.0415215
-0.0214207
-0.0162692
-0.0209699
-0.0267844
-0.0282993
-0.0273978
-0.0299092
-0.0384861
-0.0494692
-0.0566316
-0.0573638
-0.0553867
-0.0578184
-0.0687762
-0.0848849
-0.0979225
-0.1033768
-0.1057464
-0.1131666
-0.1263015
-0.1347436
-0.1267882
-0.1031567
-0.0795052
-0.0731435
-0.0859912
-0.1014831
-0.1002073
-0.0790098
-0.0533524
-0.0405064
-0.0421201
-0.0443254
-0.0334229
-0.0096518
0.0138266
0.0235504
0.0168864
0.0020906
-0.0108455
-0.0183939
-0.0231771
-0.0278725
-0.0318394
-0.0338015
-0.0356043
-0.0413093
-0.0521602
-0.0629574
-0.0646445
-0.0525850
-0.0334967
-0.0223921
-0.0293478
-0.0484185
-0.0619473
-0.0578764
-0.0419212
-0.0303552
-0.0304031
-0.0305799
-0.0140123
0.0188705
0.0469293
0.0549537
0.0649426
0.1339763
0.3122777
0.5988125
0.9362820
1.2462110
1.4664645
1.5610067
1.5107244
1.3142393
1.0056308
0.6623818
0.3772345
0.2064477
0.1394769
0.1195687
0.0950071
0.0525722
0.0086597
-0.0214286
-0.0403412
-0.0602846
-0.0866163
-0.1130607
-0.1301039
-0.1344688
-0.1304858
-0.1251011
-0.1233751
-0.1273976
-0.1366485
-0.1484821
-0.1599038
-0.1700150
-0.1796773
-0.1881681
-0.1922718
-0.1908191
-0.1885760
-0.1919185
-0.1997021
-0.2014040
-0.1873630
-0.1606763
-0.1365283
-0.1281129
-0.1338281
-0.1399086
-0.1356552
-0.1239045
-0.1151385
-0.1136505
-0.1135732
-0.1089525
-0.1032956
-0.1050083
-0.1141857
-0.1180919
-0.1025839
-0.0677716
-0.0307342
-0.0116674
-0.0171621
-0.0368982
-0.0553951
-0.0650235
-0.0675350
-0.0663050
-0.0611611
-0.0513804
-0.0407418
-0.0367389
-0.0442786
-0.0607836
-0.0778689
-0.0881280
-0.0907957
-0.0911455
-0.0944985
-0.1009026
-0.1053164
-0.1022012
-0.0897583
-0.0706768
-0.0497409
-0.0306968
-0.0150390
-0.0035563
0.0018923
-0.0003239
-0.0083365
-0.0166465
-0.0208844
-0.0221303
-0.0250445
-0.0317391
-0.0389178
-0.0419907
-0.0415031
-0.0441052
-0.0558654
-0.0743491
-0.0884401
-0.0875590
-0.0717197
-0.0523128
-0.0428065
-0.0482236
-0.0624006
-0.0744255
-0.0783519
-0.0779982
-0.0823205
-0.0952677
-0.1106404
-0.1183886
-0.1157372
-0.1097119
-0.1073675
-0.1057237
-0.0949903
-0.0723728
-0.0487974
-0.0373156
-0.0351020
-0.0230399
0.0113812
0.0532346
0.0711461
0.0553584
0.0426952
0.0971796
0.2617513
0.5268040
0.8402099
1.1386747
1.3656418
1.4698411
1.4095998
1.1790646
0.8341767
0.4799937
0.2144117
0.0719756
0.0171645
-0.0107389
-0.0471826
-0.0896580
-0.1217269
-0.1390921
-0.1518588
-0.1690574
-0.1881461
-0.2006022
-0.2040369
-0.2055192
-0.2131169
-0.2263004
-0.2357102
-0.2316257
-0.2122709
-0.1850364
-0.1607566
-0.1461467
-0.1401759
-0.1368949
-0.1316001
-0.1241312
-0.1168245
-0.1110904
-0.1071424
-0.1057189
-0.1076654
-0.1114392
-0.1130627
-0.1103298
-0.1065163
-0.1078392
-0.1160735
-0.1248721
-0.1256763
-0.1177818
-0.1103485
-0.1123155
-0.1213005
-0.1252764
-0.1158884
-0.0979333
-0.0842263
-0.0826333
-0.0902378
-0.0996035
-0.1078562
-0.1177960
-0.1312562
-0.1441024
-0.1492871
-0.1440381
-0.1326022
-0.1220696
-0.1168588
-0.1172159
-0.1208604
-0.1245162
-0.1251747
-0.1220976
-0.1175087
-0.1136283
-0.1090371
-0.1001574
-0.0875217
-0.0787436
-0.0823931
-0.0982053
-0.1152902
-0.1220572
-0.1175828
-0.1112618
-0.1109386
-0.1139072
-0.1117726
-0.1024481
-0.0934176
-0.0921788
-0.0966690
-0.0978890
-0.0906479
-0.0788024
-0.0700538
-0.0687003
-0.0747854
-0.0865748
-0.0975056
-0.0877251
-0.0226614
0.1310768
0.3797598
0.6874939
0.9859074
1.2018025
1.2842379
1.2188172
1.0288139
0.7663669
0.4949638
0.2668651
0.1055879
0.0039866
-0.0614618
-0.1115521
-0.1543172
-0.1886181
-0.2138796
-0.2351363
-0.2597568
-0.2909721
-0.3249223
-0.3532899
-0.3691553
-0.3721565
-0.3692179
-0.3695112
-0.3772977
-0.3893149
-0.3993469
-0.4049551
-0.4092035
-0.4162453
-0.4263318
-0.4355460
-0.4396723
-0.4374060
-0.4299683
-0.4190960
-0.4068819
-0.3971756
-0.3948512
-0.4018222
-0.4140319
-0.4235741
-0.4240415
-0.4136517
-0.3943923
-0.3702305
-0.3464964
-0.3286895
-0.3191906
-0.3144929
-0.3069711
-0.2909117
-0.2674174
-0.2432423
-0.2247669
-0.2134809
-0.2072998
-0.2049576
-0.2074500
-0.2152247
-0.2258012
-0.2354516
-0.2425585
-0.2482314
-0.2540240
-0.2602746
-0.2667161
-0.2732211
-0.2786752
-0.2796294
-0.2720552
-0.2559936
-0.2378473
-0.2257438
-0.2213326
-0.2176311
-0.2071136
-0.1912655
-0.1789953
-0.1742901
-0.1684967
-0.1491274
-0.1166500
-0.0878350
-0.0769499
-0.0721920
-0.0337786
0.0807598
0.2869351
0.5649402
0.8724397
1.1571609
1.3585253
1.4136743
1.2849555
0.9950608
0.6318752
0.3049971
0.0836824
-0.0322698
-0.0882991
-0.1276292
-0.1658484
-0.2004101
-0.2298275
-0.2565698
-0.2774353
-0.2825232
-0.2679941
-0.2448827
-0.2299536
-0.2290618
-0.2337440
-0.2339981
-0.2295517
-0.2259844
-0.2235978
-0.2159109
-0.1998352
-0.1824457
-0.1737317
-0.1744730
-0.1756903
-0.1703460
-0.1610807
-0.1538751
-0.1480964
-0.1385457
-0.1267688
-0.1235168
-0.1353607
-0.1519953
-0.1534146
-0.1317042
-0.1016620
-0.0857791
-0.0899751
-0.0985866
-0.0943232
-0.0787027
-0.0684038
-0.0731937
-0.0834992
-0.0824558
-0.0662869
-0.0476915
-0.0395829
-0.0406174
-0.0397220
-0.0320007
-0.0251702
-0.0291630
-0.0430286
-0.0557402
-0.0590999
-0.0558647
-0.0534838
-0.0530934
-0.0490012
-0.0388392
-0.0296465
-0.0304885
-0.0404203
-0.0473743
-0.0401769
-0.0197661
0.0030758
0.0197651
0.0310770
0.0421856
0.0538052
0.0612890
0.0615193
0.0567961
0.0502451
0.0403529
0.0237641
0.0029551
-0.0128745
-0.0166854
-0.0112548
-0.0051573
-0.0018801
0.0035549
0.0157506
0.0300065
0.0367049
0.0348204
0.0363339
0.0530523
0.0806519
0.1016358
0.1080977
0.1208491
0.1832737
0.3337550
0.5794724
0.8880313
1.1953265
1.4216688
1.4950086
1.3813084
1.1090316
0.7647509
0.4517507
0.2362085
0.1214986
0.0681524
0.0359847
0.0091477
-0.0106087
-0.0229660
-0.0349602
-0.0516519
-0.0691929
-0.0812696
-0.0894426
-0.1020045
-0.1217670
-0.1390861
-0.1409049
-0.1261073
-0.1083546
-0.1020990
-0.1077053
-0.1124496
-0.1052173
-0.0877057
-0.0708642
-0.0628433
-0.0625323
-0.0639043
-0.0636943
-0.0632133
-0.0641459
-0.0654501
-0.0654692
-0.0653458
-0.0679368
-0.0728607
-0.0740662
-0.0637983
-0.0395680
-0.0075244
0.0207254
0.0351510
0.0330310
0.0198718
0.0056362
-0.0007143
0.0048650
0.0203955
0.0391652
0.0528715
0.0559554
0.0490122
0.0382338
0.0301782
0.0258348
0.0200420
0.0080436
-0.0069053
-0.0139768
-0.0049897
0.0154887
0.0322192
0.0332326
0.0212542
0.0097862
0.0079798
0.0113833
0.0089757
-0.0019820
-0.0109119
-0.0050663
0.0155860
0.0368420
0.0441730
0.0366728
0.0260920
0.0235285
0.0299170
0.0403148
0.0545056
0.0791571
0.1180030
0.1623367
0.1956623
0.2114023
0.2272915
0.2810540
0.4084859
0.6203583
0.8939574
1.1813337
1.4248055
1.5708452
1.5812200
1.4439708
1.1825644
0.8555176
0.5395550
0.2993967
0.1598142
0.0989033
0.0691589
0.0322935
-0.0177264
-0.0596575
-0.0709159
-0.0505173
-0.0197686
-0.0030244
-0.0085182
-0.0265093
-0.0430834
-0.0533190
-0.0614285
-0.0712461
-0.0798286
-0.0811455
-0.0744269
-0.0668647
-0.0673757
-0.0784176
-0.0949088
-0.1109375
-0.1257916
-0.1419458
-0.1581376
-0.1676316
-0.1656348
-0.1572767
-0.1546316
-0.1634356
-0.1740342
-0.1690372
-0.1419899
-0.1070590
-0.0873844
-0.0928630
-0.1106635
-0.1183556
-0.1050394
-0.0784698
-0.0533684
-0.0364459
-0.0240240
-0.0111464
0.0011999
0.0085922
0.0097827
0.0079333
0.0057486
0.0021123
-0.0050158
-0.0137812
-0.0187220
-0.0163255
-0.0091666
-0.0036855
-0.0039096
-0.0073219
-0.0066136
0.0038823
0.0218830
0.0367543
0.0375475
0.0243155
0.0114072
0.0159769
0.0399311
0.0643822
0.0673511
0.0521481
0.0590756
0.1450823
0.3450075
0.6445943
0.9832284
1.2788429
1.4561042
1.4680016
1.3112377
1.0322800
0.7136494
0.4380870
0.2495572
0.1397103
0.0699438
0.0081817
-0.0516655
-0.0991551
-0.1281897
-0.1451475
-0.1595595
-0.1728028
-0.1788520
-0.1740022
-0.1625042
-0.1523284
-0.1477450
-0.1474742
-0.1488121
-0.1514329
-0.1567923
-0.1653409
-0.1756844
-0.1862014
-0.1962845
-0.2055027
-0.2122023
-0.2137443
-0.2083281
-0.1966195
-0.1819716
-0.1692280
-0.1624530
-0.1623213
-0.1648960
-0.1634832
-0.1529851
-0.1336520
-0.1112498
-0.0934541
-0.0850754
-0.0853717
-0.0891654
-0.0909144
-0.0887359
-0.0851308
-0.0835891
-0.0840370
-0.0818703
-0.0724298
-0.0569545
-0.0433162
-0.0394899
-0.0459243
-0.0552738
-0.0603766
-0.0618218
-0.0664336
-0.0783070
-0.0928975
-0.1014320
-0.1009520
-0.0983884
-0.1034403
-0.1176910
-0.1319192
-0.1346552
-0.1228277
-0.1036335
-0.0869164
-0.0771830
-0.0731007
-0.0727574
-0.0769153
-0.0862898
-0.0970220
-0.1012025
-0.0935759
-0.0778917
-0.0653819
-0.0652790
-0.0759174
-0.0856050
-0.0834169
-0.0697207
-0.0554887
-0.0504020
-0.0520581
-0.0486076
-0.0328967
-0.0121189
0.0001389
0.0036789
0.0229918
0.0967991
0.2539289
0.4952300
0.7914178
1.0902765
1.3247670
1.4256792
1.3468809
1.0957413
0.7431754
0.3944743
0.1346408
-0.0119877
-0.0784206
-0.1166439
-0.1597912
-0.2114796
-0.2591332
-0.2907546
-0.3020546
-0.2961388
-0.2817673
-0.2701345
-0.2683311
-0.2738121
-0.2770925
-0.2718849
-0.2620340
-0.2570107
-0.2611850
-0.2698256
-0.2763024
-0.2807101
-0.2884924
-0.3008940
-0.3101286
-0.3066080
-0.2902673
-0.2722304
-0.2642022
-0.2674746
-0.2737080
-0.2756095
-0.2744047
-0.2758382
-0.2808380
-0.2831499
-0.2770613
-0.2655605
-0.2585165
-0.2622475
-0.2718422
-0.2744832
-0.2602007
-0.2294758
-0.1915222
-0.1565471
-0.1296118
-0.1101772
-0.0956232
-0.0847231
-0.0785271
-0.0785347
-0.0838689
-0.0902045
-0.0923448
-0.0889206
-0.0844609
-0.0855682
-0.0940586
-0.1042146
-0.1078971
-0.1029104
-0.0959183
-0.0965065
-0.1082781
-0.1260081
-0.1414003
-0.1509775
-0.1578235
-0.1659499
-0.1740818
-0.1760110
-0.1672423
-0.1506834
-0.1351068
-0.1278900
-0.1295722
-0.1354478
-0.1414785
-0.1474108
-0.1541612
-0.1599526
-0.1610121
-0.1562360
-0.1495079
-0.1460098
-0.1466355
-0.1473476
-0.1442950
-0.1384441
-0.1343574
-0.1351164
-0.1396162
-0.1446679
-0.1483457
-0.1506584
-0.1522192
-0.1538908
-0.1575585
-0.1654454
-0.1774860
-0.1900070
-0.1980860
-0.1991096
-0.1933278
-0.1815205
-0.1640720
-0.1432834
-0.1249302
-0.1149162
-0.1137798
-0.1162648
-0.1176403
-0.1192043
-0.1253141
-0.1350590
-0.1397548
-0.1311212
-0.1110759
-0.0905665
-0.0777167
-0.0694588
-0.0575091
-0.0416824
-0.0331021
-0.0412214
-0.0592961
-0.0673548
-0.0523013
-0.0231951
-0.0022418
0.0022403
0.0138816
0.0779941
0.2310872
0.4755854
0.7759313
1.0710401
1.2901662
1.3691438
1.2720926
1.0145921
0.6692127
0.3376549
0.1002292
-0.0224862
-0.0671205
-0.0889702
-0.1210621
-0.1615350
-0.1913705
-0.1996295
-0.1933763
-0.1885756
-0.1950685
-0.2098511
-0.2222303
-0.2240668
-0.2158315
-0.2042036
-0.1945911
-0.1864005
-0.1760750
-0.1645058
-0.1596331
-0.1693908
-0.1915538
-0.2126996
-0.2199564
-0.2142892
-0.2102006
-0.2205356
-0.2423324
-0.2598838
-0.2622587
-0.2555274
-0.2554525
-0.2690829
-0.2869029
-0.2946106
-0.2899271
-0.2838405
-0.2849673
-0.2867918
-0.2742888
-0.2425180
-0.2045349
-0.1784204
-0.1683487
-0.1617118
-0.1449191
-0.1185943
-0.0948866
-0.0819006
-0.0749219
-0.0641950
-0.0483138
-0.0364319
-0.0371600
-0.0480259
-0.0578178
-0.0585250
-0.0531857
-0.0517892
-0.0608700
-0.0779252
-0.0949737
-0.1059515
-0.1104000
-0.1112761
-0.1106259
-0.1079728
-0.1027907
-0.0979389
-0.0993344
-0.1105154
-0.1268566
-0.1366262
-0.1303336
-0.1101919
-0.0886215
-0.0738653
-0.0542449
0.0035162
0.1371137
0.3632084
0.6603730
0.9703838
1.2167466
1.3326007
1.2877478
1.1031146
0.8427903
0.5840886
0.3815030
0.2472869
0.1601068
0.0916425
0.0284852
-0.0257216
-0.0636972
-0.0869984
-0.1057518
-0.1284596
-0.1540578
-0.1745056
-0.1845655
-0.1881397
-0.1943451
-0.2073569
-0.2210913
-0.2253864
-0.2179966
-0.2092318
-0.2128379
-0.2318542
-0.2548335
-0.2671297
-0.2650983
-0.2575746
-0.2535634
-0.2510247
-0.2401589
-0.2172097
-0.1919599
-0.1791636
-0.1830627
-0.1926022
-0.1929400
-0.1804301
-0.1648142
-0.1571869
-0.1577064
-0.1559496
-0.1421052
-0.1162412
-0.0867944
-0.0619177
-0.0438653
-0.0311615
-0.0236768
-0.0233474
-0.0299632
-0.0382584
-0.0411272
-0.0362398
-0.0289006
-0.0277128
-0.0370616
-0.0535903
-0.0697816
-0.0808391
-0.0880468
-0.0954701
-0.1036474
-0.1071678
-0.0993200
-0.0796564
-0.0565502
-0.0409686
-0.0366539
-0.0368415
-0.0320432
-0.0213390
-0.0141644
-0.0190791
-0.0316824
-0.0369245
-0.0253504
-0.0052800
0.0044705
-0.0052736
-0.0237854
-0.0325732
-0.0263376
-0.0181656
-0.0228119
-0.0383228
-0.0482180
-0.0410052
-0.0226160
-0.0071539
0.0006130
0.0077642
0.0187288
0.0261492
0.0241884
0.0314561
0.0936052
0.2543534
0.5178383
0.8356368
1.1276985
1.3169088
1.3536649
1.2261741
0.9645279
0.6379669
0.3343854
0.1219857
0.0165730
-0.0173636
-0.0307536
-0.0508482
-0.0724399
-0.0808771
-0.0771212
-0.0778549
-0.0947206
-0.1196322
-0.1332967
-0.1260341
-0.1072605
-0.0949794
-0.0988657
-0.1144695
-0.1309063
-0.1406172
-0.1419280
-0.1364060
-0.1276344
-0.1220202
-0.1265553
-0.1424468
-0.1616984
-0.1730811
-0.1728906
-0.1683395
-0.1688053
-0.1747656
-0.1777177
-0.1713661
-0.1603889
-0.1555862
-0.1606844
-0.1667141
-0.1614242
-0.1432104
-0.1231496
-0.1125513
-0.1106317
-0.1065320
-0.0925144
-0.0723189
-0.0557238
-0.0474099
-0.0437796
-0.0398784
-0.0359765
-0.0354260
-0.0379685
-0.0386207
-0.0341172
-0.0280041
-0.0267456
-0.0312572
-0.0349810
-0.0315816
-0.0228710
-0.0171035
-0.0198427
-0.0283894
-0.0355378
-0.0369727
-0.0336260
-0.0281171
-0.0216404
-0.0152551
-0.0120030
-0.0147494
-0.0215311
-0.0255907
-0.0222390
-0.0146734
-0.0101126
-0.0095143
-0.0042227
0.0136878
0.0381828
0.0511366
0.0429223
0.0336122
0.0717933
0.2067831
0.4539776
0.7786001
1.1068911
1.3542476
1.4545177
1.3814509
1.1583270
0.8509327
0.5419338
0.2965665
0.1394309
0.0561099
0.0144427
-0.0130881
-0.0400380
-0.0690875
-0.0979861
-0.1224727
-0.1380011
-0.1431499
-0.1424480
-0.1441901
-0.1538458
-0.1693422
-0.1831010
-0.1888728
-0.1870207
-0.1837719
-0.1851927
-0.1910124
-0.1943038
-0.1887069
-0.1770346
-0.1713037
-0.1813972
-0.2027435
-0.2174917
-0.2108604
-0.1867501
-0.1650820
-0.1622117
-0.1750225
-0.1858178
-0.1815524
-0.1650137
-0.1467825
-0.1307900
-0.1123923
-0.0892703
-0.0680387
-0.0565330
-0.0526308
-0.0458998
-0.0308898
-0.0145020
-0.0071160
-0.0087384
-0.0086484
0.0002196
0.0104433
0.0072806
-0.0142554
-0.0428171
-0.0618576
-0.0647991
-0.0579348
-0.0509367
-0.0475763
-0.0450964
-0.0393777
-0.0294407
-0.0189636
-0.0151543
-0.0244602
-0.0461181
-0.0692276
-0.0789126
-0.0682168
-0.0440697
-0.0202800
-0.0049759
0.0035633
0.0095628
0.0123486
0.0090395
0.0023172
0.0008137
0.0104347
0.0280939
0.0459353
0.0596276
0.0698787
0.0774989
0.0816431
0.0842658
0.0918136
0.1075607
0.1237901
0.1290723
0.1289350
0.1571787
0.2593240
0.4584782
0.7334926
1.0258597
1.2635532
1.3821423
1.3400573
1.1356301
0.8202290
0.4864970
0.2244003
0.0727066
0.0071217
-0.0246358
-0.0558300
-0.0854829
-0.1007352
-0.1027017
-0.1053380
-0.1151282
-0.1224170
-0.1161640
-0.1011631
-0.0938268
-0.1014892
-0.1119402
-0.1070042
-0.0839448
-0.0590534
-0.0496542
-0.0563144
-0.0655973
-0.0681989
-0.0694556
-0.0800709
-0.0998406
-0.1151886
-0.1137119
-0.0982833
-0.0841545
-0.0825564
-0.0894957
-0.0920236
-0.0842662
-0.0745396
-0.0752267
-0.0872049
-0.0973244
-0.0923846
-0.0735518
-0.0544401
-0.0452075
-0.0413747
-0.0304003
-0.0081458
0.0143801
0.0224210
0.0140090
0.0020853
-0.0005299
0.0046363
0.0054174
-0.0042747
-0.0158244
-0.0164151
-0.0058062
0.0015439
-0.0075676
-0.0293338
-0.0457853
-0.0434029
-0.0268977
-0.0134725
-0.0150187
-0.0281406
-0.0410382
-0.0466478
-0.0468035
-0.0457862
-0.0442267
-0.0408413
-0.0372635
-0.0375070
-0.0421745
-0.0458468
-0.0427273
-0.0345740
-0.0304474
-0.0368068
-0.0490030
-0.0550948
-0.0485289
-0.0348320
-0.0242190
-0.0193720
-0.0136941
-0.0019461
0.0110295
0.0160049
0.0133112
0.0160885
0.0348538
0.0598639
0.0660544
0.0429603
0.0211150
0.0637247
0.2248361
0.5084443
0.8610397
1.1976330
1.4357645
1.5174307
1.4203081
1.1667695
0.8257181
0.4922656
0.2450115
0.1077428
0.0475161
0.0113272
-0.0319882
-0.0800854
-0.1177797
-0.1412192
-0.1603778
-0.1835588
-0.2064431
-0.2185248
-0.2171969
-0.2116278
-0.2123424
-0.2197943
-0.2254097
-0.2227801
-0.2151483
-0.2113741
-0.2167453
-0.2293170
-0.2438435
-0.2567264
-0.2666863
-0.2728110
-0.2743735
-0.2728607
-0.2722533
-0.2751368
-0.2783257
-0.2742320
-0.2583330
-0.2349967
-0.2144630
-0.2035916
-0.2002342
-0.1967354
-0.1877973
-0.1741014
-0.1590485
-0.1437667
-0.1265476
-0.1068155
-0.0878685
-0.0739684
-0.0647911
-0.0546867
-0.0391300
-0.0216174
-0.0125548
-0.0200894
-0.0417475
-0.0653827
-0.0790566
-0.0809377
-0.0799850
-0.0866727
-0.1027454
-0.1200402
-0.1289832
-0.1275248
-0.1218840
-0.1199815
-0.1253666
-0.1369373
-0.1524257
-0.1702028
-0.1874560
-0.1984588
-0.1973473
-0.1839295
-0.1656551
-0.1520057
-0.1466255
-0.1458047
-0.1444326
-0.1417227
-0.1402095
-0.1405704
-0.1397867
-0.1352395
-0.1292304
-0.1272848
-0.1312359
-0.1356235
-0.1332699
-0.1244960
-0.1181884
-0.1216081
-0.1302577
-0.1307216
-0.1146177
-0.0881902
-0.0664591
-0.0583941
-0.0598238
-0.0616824
-0.0628878
-0.0711597
-0.0899098
-0.1081752
-0.1089932
-0.0887746
-0.0639955
-0.0546295
-0.0622621
-0.0691812
-0.0606739
-0.0441733
-0.0404228
-0.0532000
-0.0500358
0.0230222
0.2041472
0.4886213
0.8301821
1.1599081
1.4035142
1.4953075
1.3994011
1.1349490
0.7814280
0.4459217
0.2079091
0.0823008
0.0284216
-0.0071840
-0.0527716
-0.1053274
-0.1498440
-0.1781938
-0.1925562
-0.1992393
-0.2040923
-0.2110375
-0.2199008
-0.2253776
-0.2222009
-0.2134951
-0.2113358
-0.2251300
-0.2490337
-0.2641363
-0.2561432
-0.2306757
-0.2088091
-0.2068273
-0.2222395
-0.2405800
-0.2529032
-0.2626192
-0.2757934
-0.2900296
-0.2967033
-0.2923621
-0.2836113
-0.2793110
-0.2802379
-0.2788981
-0.2692016
-0.2538977
-0.2410001
-0.2341868
-0.2292066
-0.2201178
-0.2067280
-0.1940134
-0.1852997
-0.1783153
-0.1682832
-0.1533273
-0.1359939
-0.1203795
-0.1090223
-0.1027920
-0.1027443
-0.1102540
-0.1239715
-0.1372743
-0.1411751
-0.1318056
-0.1150701
-0.1027512
-0.1030722
-0.1144508
-0.1279657
-0.1359659
-0.1388955
-0.1440095
-0.1571636
-0.1760072
-0.1920017
-0.1993671
-0.2011965
-0.2057716
-0.2166331
-0.2268154
-0.2239727
-0.2023947
-0.1700598
-0.1424051
-0.1280001
-0.1211350
-0.1096926
-0.0894016
-0.0682687
-0.0570190
-0.0576509
-0.0629225
-0.0654699
-0.0646601
-0.0640044
-0.0644148
-0.0630376
-0.0589239
-0.0568212
-0.0625246
-0.0751937
-0.0872353
-0.0926527
-0.0933241
-0.0956870
-0.1031536
-0.1139706
-0.1253055
-0.1363030
-0.1464666
-0.1537816
-0.1571341
-0.1600792
-0.1691312
-0.1860364
-0.2028491
-0.2080105
-0.1988055
-0.1854445
-0.1798433
-0.1811547
-0.1761168
-0.1553810
-0.1269975
-0.1102654
-0.1153999
-0.1310874
-0.1343231
-0.1132962
-0.0795685
-0.0563383
-0.0551621
-0.0663122
-0.0724043
-0.0682377
-0.0637246
-0.0684128
-0.0782410
-0.0808850
-0.0719471
-0.0606333
-0.0570004
-0.0570058
-0.0463209
-0.0208449
0.0024470
0.0036322
-0.0085443
0.0118472
0.1184992
0.3317724
0.6237338
0.9367888
1.2098974
1.3887278
1.4258801
1.2930433
1.0073337
0.6440763
0.3091356
0.0818542
-0.0259252
-0.0601877
-0.0771680
-0.1030371
-0.1309699
-0.1455034
-0.1435904
-0.1353430
-0.1317267
-0.1353981
-0.1418953
-0.1461431
-0.1462455
-0.1426617
-0.1366354
-0.1304245
-0.1273626
-0.1297873
-0.1368523
-0.1451577
-0.1515761
-0.1553659
-0.1581386
-0.1621006
-0.1676320
-0.1722446
-0.1728741
-0.1698457
-0.1675836
-0.1702418
-0.1769510
-0.1822281
-0.1810292
-0.1731126
-0.1629550
-0.1560352
-0.1549592
-0.1583855
-0.1629568
-0.1657662
-0.1651816
-0.1605053
-0.1517528
-0.1391775
-0.1223561
-0.1008440
-0.0769757
-0.0565489
-0.0438738
-0.0360678
-0.0253775
-0.0091693
0.0042027
0.0027432
-0.0149313
-0.0345347
-0.0379859
-0.0213608
0.0004178
0.0085375
-0.0007234
-0.0140498
-0.0176630
-0.0122264
-0.0091849
-0.0150676
-0.0236271
-0.0239532
-0.0133340
-0.0000471
0.0056004
0.0010016
-0.0084518
-0.0171930
-0.0251632
-0.0347519
-0.0440821
-0.0465457
-0.0381293
-0.0237981
-0.0151148
-0.0209611
-0.0398045
-0.0601964
-0.0694682
-0.0636040
-0.0491295
-0.0348662
-0.0225270
-0.0068013
0.0160692
0.0426922
0.0666918
0.0862240
0.1043977
0.1222146
0.1348614
0.1402934
0.1542672
0.2139375
0.3589272
0.6010354
0.9075357
1.2113681
1.4380649
1.5309140
1.4665393
1.2621927
0.9725150
0.6705308
0.4176216
0.2403006
0.1295621
0.0604253
0.0130053
-0.0213658
-0.0475449
-0.0725886
-0.1017571
-0.1325775
-0.1583684
-0.1777733
-0.1963913
-0.2172727
-0.2336410
-0.2350971
-0.2204385
-0.2010825
-0.1904015
-0.1909285
-0.1936668
-0.1899035
-0.1816364
-0.1781939
-0.1832255
-0.1886441
-0.1838600
-0.1691214
-0.1562591
-0.1557700
-0.1653775
-0.1725092
-0.1671641
-0.1514280
-0.1364094
-0.1303879
-0.1309232
-0.1293262
-0.1216365
-0.1124459
-0.1073210
-0.1044965
-0.0969202
-0.0816756
-0.0646866
-0.0551221
-0.0559612
-0.0608102
-0.0602715
-0.0514339
-0.0405030
-0.0357145
-0.0388889
-0.0454850
-0.0518701
-0.0595727
-0.0716052
-0.0869470
-0.1005650
-0.1082754
-0.1103498
-0.1101197
-0.1092959
-0.1052561
-0.0942405
-0.0777164
-0.0637432
-0.0599036
-0.0653823
-0.0719282
-0.0726105
-0.0680058
-0.0634978
-0.0619274
-0.0601074
-0.0530712
-0.0418312
-0.0354794
-0.0427706
-0.0607759
-0.0747868
-0.0724848
-0.0574421
-0.0457360
-0.0483475
-0.0585749
-0.0587653
-0.0400731
-0.0139311
0.0000156
0.0008994
0.0209839
0.1089208
0.2946729
0.5671459
0.8794095
1.1679661
1.3674869
1.4212598
1.2989411
1.0198692
0.6604667
0.3264327
0.0990680
-0.0059682
-0.0331116
-0.0405345
-0.0566880
-0.0761732
-0.0869102
-0.0912194
-0.1001681
-0.1162038
-0.1291728
-0.1294599
-0.1202207
-0.1133569
-0.1147742
-0.1180831
-0.1154255
-0.1111354
-0.1184092
-0.1413142
-0.1658392
-0.1734696
-0.1614059
-0.1449590
-0.1404246
-0.1494052
-0.1608836
-0.1654059
-0.1638357
-0.1620963
-0.1606615
-0.1533642
-0.1371601
-0.1186782
-0.1071223
-0.1030643
-0.0997657
-0.0954569
-0.0978074
-0.1121374
-0.1285285
-0.1263883
-0.0939212
-0.0416989
0.0050499
0.0287468
0.0338493
0.0381596
0.0510216
0.0637187
0.0625017
0.0466461
0.0292321
0.0221105
0.0252066
0.0310129
0.0350412
0.0387903
0.0438107
0.0461319
0.0391348
0.0225294
0.0061139
0.0012833
0.0088826
0.0186293
0.0209557
0.0157268
0.0080708
0.0002662
-0.0081283
-0.0144820
-0.0126204
0.0003282
0.0188320
0.0331191
0.0392508
0.0435771
0.0541605
0.0678493
0.0724111
0.0688372
0.0905148
0.1912942
0.4060130
0.7178453
1.0598868
1.3459021
1.5054997
1.5052859
1.3533047
1.0928957
0.7906043
0.5169458
0.3203292
0.2070355
0.1460969
0.0992605
0.0496581
0.0039353
-0.0275117
-0.0467491
-0.0659990
-0.0940143
-0.1266459
-0.1502019
-0.1543339
-0.1420565
-0.1265737
-0.1191573
-0.1223206
-0.1334511
-0.1498085
-0.1679001
-0.1819616
-0.1867699
-0.1814184
-0.1697411
-0.1585797
-0.1551358
-0.1626553
-0.1776681
-0.1935136
-0.2064328
-0.2157771
-0.2193479
-0.2129624
-0.1957592
-0.1731879
-0.1537658
-0.1437966
-0.1436258
-0.1465442
-0.1430052
-0.1291140
-0.1099730
-0.0924324
-0.0769731
-0.0601175
-0.0424238
-0.0294584
-0.0253511
-0.0285715
-0.0337778
-0.0361756
-0.0352600
-0.0351038
-0.0387748
-0.0426627
-0.0409411
-0.0363787
-0.0401014
-0.0567462
-0.0751718
-0.0795358
-0.0674769
-0.0532605
-0.0534570
-0.0708280
-0.0912802
-0.0974012
-0.0874680
-0.0791325
-0.0898475
-0.1156706
-0.1355826
-0.1354234
-0.1202955
-0.1036410
-0.0922979
-0.0846198
-0.0770057
-0.0688562
-0.0635369
-0.0647102
-0.0699104
-0.0707421
-0.0631025
-0.0532779
-0.0489933
-0.0488361
-0.0466550
-0.0421915
-0.0404373
-0.0437560
-0.0507972
-0.0598141
-0.0677953
-0.0706391
-0.0690750
-0.0691597
-0.0724142
-0.0721860
-0.0648084
-0.0568834
-0.0559096
-0.0610966
-0.0685179
-0.0773786
-0.0866643
-0.0942805
-0.1031662
-0.1183777
-0.1355388
-0.1443241
-0.1458999
-0.1524605
-0.1659033
-0.1724403
-0.1625905
-0.1412415
-0.1156779
-0.0913113
-0.0798133
-0.0889962
-0.1026856
-0.0962594
-0.0747411
-0.0655638
-0.0703982
-0.0628923
-0.0453557
-0.0629987
-0.1358777
