-0.0296901
-0.0270707
-0.0261350
-0.0170218
-0.0008126
0.0103210
0.0113545
0.0101684
0.0140550
0.0199712
0.0199822
0.0097721
-0.0092082
-0.0311014
-0.0493856
-0.0633611
-0.0792051
-0.1002719
-0.1193025
-0.1263373
-0.1224408
-0.1189915
-0.1237764
-0.1336863
-0.1415618
-0.1448780
-0.1458814
-0.1467183
-0.1467307
-0.1436314
-0.1366303
-0.1282132
-0.1217721
-0.1177005
-0.1141866
-0.1118394
-0.1136031
-0.1186474
-0.1206868
-0.1156580
-0.1079019
-0.1047231
-0.1065080
-0.1059453
-0.0963528
-0.0776110
-0.0539488
-0.0289787
-0.0044856
0.0180002
0.0392227
0.0706312
0.1411492
0.2883642
0.5321666
0.8501163
1.1775805
1.4337647
1.5533243
1.5062276
1.3045210
0.9994269
0.6665960
0.3791773
0.1798403
0.0684801
0.0133154
-0.0230487
-0.0611903
-0.1005877
-0.1319785
-0.1513377
-0.1630679
-0.1738665
-0.1864744
-0.1983817
-0.2047233
-0.2031992
-0.1976208
-0.1955339
-0.2005279
-0.2077970
-0.2094928
-0.2041236
-0.1981913
-0.1976170
-0.1993809
-0.1940256
-0.1771320
-0.1567280
-0.1465692
-0.1509469
-0.1583635
-0.1530842
-0.1322355
-0.1083091
-0.0944395
-0.0906993
-0.0869479
-0.0764502
-0.0628307
-0.0534433
-0.0489819
-0.0421449
-0.0263415
-0.0036136
0.0176877
0.0322254
0.0421501
0.0516655
0.0600677
0.0631852
0.0607444
0.0587298
0.0628642
0.0712446
0.0751035
0.0669602
0.0475522
0.0245821
0.0047663
-0.0123109
-0.0317498
-0.0553079
-0.0778323
-0.0930445
-0.1018823
-0.1130551
-0.1342845
-0.1630812
-0.1868052
-0.1931220
-0.1817560
-0.1657225
-0.1593328
-0.1643220
-0.1689346
-0.1613265
-0.1425639
-0.1251044
-0.1192833
-0.1232380
-0.1267394
-0.1234478
-0.1171898
-0.1153892
-0.1182265
-0.1174126
-0.1064282
-0.0891153
-0.0753737
-0.0695500
-0.0663497
-0.0585175
-0.0452929
-0.0312059
-0.0186592
-0.0051824
0.0119101
0.0324497
0.0600613
0.1130830
0.2244431
0.4229920
0.7080010
1.0377151
1.3411504
1.5436935
1.5916405
1.4687932
1.2038231
0.8644220
0.5344341
0.2808241
0.1286205
0.0594016
0.0324711
0.0121941
-0.0165302
-0.0503240
-0.0790097
-0.0958571
-0.1015858
-0.1030456
-0.1082761
-0.1202674
-0.1344312
-0.1434765
-0.1455009
-0.1459955
-0.1508768
-0.1588362
-0.1626678
-0.1584196
-0.1513853
-0.1511812
-0.1609814
-0.1735972
-0.1798041
-0.1795356
-0.1820949
-0.1943382
-0.2109793
-0.2192293
-0.2126329
-0.1978989
-0.1871889
-0.1852952
-0.1860693
-0.1810027
-0.1693065
-0.1581246
-0.1534249
-0.1527150
-0.1479354
-0.1343890
-0.1148086
-0.0946324
-0.0755094
-0.0550297
-0.0318861
-0.0093233
0.0072790
0.0157698
0.0196291
0.0246574
0.0329185
0.0399919
0.0387959
0.0266367
0.0084431
-0.0073052
-0.0161547
-0.0213208
-0.0295526
-0.0431076
-0.0564540
-0.0622769
-0.0609114
-0.0619030
-0.0744659
-0.0972959
-0.1201629
-0.1358511
-0.1480248
-0.1651989
-0.1880069
-0.2056209
-0.2067242
-0.1929271
-0.1786766
-0.1768471
-0.1861435
-0.1947111
-0.1952104
-0.1931111
-0.1986788
-0.2129955
-0.2248850
-0.2220031
-0.2031883
-0.1788613
-0.1601290
-0.1488315
-0.1385090
-0.1240310
-0.1087493
-0.1013433
-0.1058516
-0.1155333
-0.1172449
-0.1027563
-0.0767320
-0.0534107
-0.0436483
-0.0438124
-0.0385548
-0.0169794
0.0136914
0.0336150
0.0332858
0.0325683
0.0754214
0.2021424
0.4217838
0.7057041
1.0021020
1.2543123
1.4102440
1.4281492
1.2902663
1.0209833
0.6894263
0.3828198
0.1639525
0.0441768
-0.0085911
-0.0374686
-0.0683056
-0.1044514
-0.1397493
-0.1713582
-0.2009533
-0.2285709
-0.2496750
-0.2588429
-0.2546173
-0.2402508
-0.2212651
-0.2034705
-0.1921983
-0.1908889
-0.1986844
-0.2095311
-0.2151970
-0.2110114
-0.1995275
-0.1880378
-0.1815554
-0.1781365
-0.1716482
-0.1591729
-0.1449850
-0.1366862
-0.1375044
-0.1426969
-0.1437349
-0.1362114
-0.1237722
-0.1142335
-0.1117655
-0.1128987
-0.1101094
-0.0992005
-0.0834399
-0.0709413
-0.0677655
-0.0725856
-0.0775771
-0.0752003
-0.0649885
-0.0536631
-0.0481006
-0.0482384
-0.0474079
-0.0398099
-0.0272653
-0.0180720
-0.0189156
-0.0279771
-0.0363741
-0.0366886
-0.0300378
-0.0247065
-0.0280823
-0.0399888
-0.0532406
-0.0600167
-0.0581442
-0.0524926
-0.0508955
-0.0579915
-0.0718557
-0.0860370
-0.0949974
-0.0980595
-0.0986288
-0.0999338
-0.1015824
-0.1002989
-0.0940866
-0.0853757
-0.0794464
-0.0795858
-0.0844528
-0.0906921
-0.0974248
-0.1068504
-0.1200521
-0.1333173
-0.1402526
-0.1383946
-0.1331077
-0.1333490
-0.1425855
-0.1546736
-0.1603173
-0.1578286
-0.1558377
-0.1638584
-0.1807158
-0.1940890
-0.1922557
-0.1752819
-0.1535204
-0.1358703
-0.1219287
-0.1069045
-0.0918882
-0.0848917
-0.0899799
-0.0984582
-0.0953406
-0.0754739
-0.0503105
-0.0363969
-0.0384578
-0.0464459
-0.0490404
-0.0466866
-0.0488441
-0.0600479
-0.0728464
-0.0763917
-0.0695836
-0.0623245
-0.0638885
-0.0732883
-0.0827377
-0.0880148
-0.0918862
-0.0975672
-0.1026480
-0.1022220
-0.0966554
-0.0928810
-0.0967139
-0.1058047
-0.1125416
-0.1136728
-0.1146744
-0.1233209
-0.1403741
-0.1584690
-0.1695057
-0.1708105
-0.1637907
-0.1496671
-0.1296781
-0.1088537
-0.0957072
-0.0951048
-0.1018613
-0.1041021
-0.0946910
-0.0785400
-0.0669892
-0.0650834
-0.0663437
-0.0612415
-0.0493859
-0.0408753
-0.0449957
-0.0592806
-0.0715311
-0.0726205
-0.0658649
-0.0627529
-0.0700944
-0.0831104
-0.0919332
-0.0933291
-0.0934581
-0.0986217
-0.1059255
-0.1060008
-0.0947301
-0.0791517
-0.0694809
-0.0667058
-0.0617654
-0.0485784
-0.0346730
-0.0330104
-0.0396731
-0.0211080
0.0716989
0.2710083
0.5681494
0.9136399
1.2352376
1.4586399
1.5254330
1.4118678
1.1451058
0.8016700
0.4777422
0.2444163
0.1186921
0.0705257
0.0556750
0.0447049
0.0290769
0.0106921
-0.0074167
-0.0222185
-0.0302768
-0.0313529
-0.0314152
-0.0385190
-0.0546270
-0.0733743
-0.0872864
-0.0959229
-0.1048785
-0.1171604
-0.1284185
-0.1325663
-0.1305584
-0.1305768
-0.1389037
-0.1529385
-0.1650411
-0.1718780
-0.1772131
-0.1851184
-0.1931130
-0.1944135
-0.1862114
-0.1729785
-0.1605645
-0.1492090
-0.1349935
-0.1175568
-0.1028750
-0.0963373
-0.0950038
-0.0899202
-0.0762629
-0.0584649
-0.0439595
-0.0341091
-0.0241000
-0.0110463
0.0014698
0.0088516
0.0131866
0.0218927
0.0382012
0.0559171
0.0658485
0.0659269
0.0620638
0.0592087
0.0551378
0.0453431
0.0318001
0.0228514
0.0235551
0.0290428
0.0298479
0.0226291
0.0127910
0.0061810
0.0011981
-0.0082158
-0.0229902
-0.0361452
-0.0412769
-0.0412726
-0.0450607
-0.0557352
-0.0653734
-0.0639715
-0.0518232
-0.0397936
-0.0368234
-0.0398746
-0.0384302
-0.0276961
-0.0143057
-0.0081513
-0.0111104
-0.0163583
-0.0177353
-0.0162816
-0.0162296
-0.0174649
-0.0155647
-0.0091723
-0.0039383
-0.0068993
-0.0182129
-0.0308851
-0.0388429
-0.0431853
-0.0491100
-0.0579592
-0.0646742
-0.0637069
-0.0558275
-0.0476732
-0.0452336
-0.0492583
-0.0568095
-0.0652358
-0.0733992
-0.0803930
-0.0853701
-0.0889921
-0.0931634
-0.0977829
-0.0986498
-0.0909998
-0.0762087
-0.0633474
-0.0614730
-0.0697365
-0.0769701
-0.0728010
-0.0585824
-0.0456328
-0.0427290
-0.0473935
-0.0506221
-0.0483066
-0.0450700
-0.0465776
-0.0511246
-0.0517784
-0.0462906
-0.0416137
-0.0466112
-0.0617715
-0.0786856
-0.0896326
-0.0951090
-0.1006452
-0.1084230
-0.1150241
-0.1172410
-0.1169562
-0.1183244
-0.1218616
-0.1243611
-0.1249456
-0.1282072
-0.1387415
-0.1536049
-0.1635935
-0.1635060
-0.1589665
-0.1602619
-0.1697976
-0.1786632
-0.1770568
-0.1659389
-0.1555087
-0.1525238
-0.1523606
-0.1455349
-0.1301722
-0.1147285
-0.1079439
-0.1090868
-0.1105015
-0.1081335
-0.1057235
-0.1076166
-0.1107195
-0.1069797
-0.0932242
-0.0754213
-0.0622782
-0.0569746
-0.0568479
-0.0590142
-0.0627521
-0.0664024
-0.0660022
-0.0600580
-0.0538711
-0.0550933
-0.0643169
-0.0735089
-0.0760033
-0.0752667
-0.0796274
-0.0891288
-0.0930135
-0.0829483
-0.0646450
-0.0508727
-0.0440801
-0.0330913
-0.0109295
0.0096722
0.0085956
-0.0094046
0.0007118
0.0995686
0.3177407
0.6304032
0.9708325
1.2634289
1.4474119
1.4848797
1.3663487
1.1192658
0.8069588
0.5066651
0.2763648
0.1339866
0.0619195
0.0280813
0.0056715
-0.0182003
-0.0438171
-0.0654999
-0.0796351
-0.0891564
-0.1004234
-0.1155011
-0.1292949
-0.1361709
-0.1381241
-0.1431072
-0.1545867
-0.1659663
-0.1681124
-0.1608283
-0.1532996
-0.1528719
-0.1568753
-0.1577748
-0.1539087
-0.1510861
-0.1534294
-0.1566010
-0.1528152
-0.1406331
-0.1264146
-0.1163203
-0.1103169
-0.1053508
-0.1011230
-0.0991739
-0.0975090
-0.0905940
-0.0763312
-0.0600256
-0.0484818
-0.0415780
-0.0331847
-0.0205853
-0.0091239
-0.0047876
-0.0044321
0.0022125
0.0198573
0.0402603
0.0501981
0.0455118
0.0344977
0.0277056
0.0274512
0.0284750
0.0259641
0.0197956
0.0119321
0.0033469
-0.0053234
-0.0129589
-0.0204262
-0.0324101
-0.0531050
-0.0789922
-0.0986209
-0.1024175
-0.0924889
-0.0808527
-0.0778898
-0.0842002
-0.0938061
-0.1023350
-0.1095040
-0.1151704
-0.1170974
-0.1143215
-0.1103967
-0.1106581
-0.1167473
-0.1258952
-0.1354421
-0.1454182
-0.1553287
-0.1607951
-0.1569385
-0.1455120
-0.1356665
-0.1352090
-0.1421025
-0.1470500
-0.1445214
-0.1387122
-0.1372312
-0.1408605
-0.1423819
-0.1355847
-0.1228982
-0.1125691
-0.1096958
-0.1122626
-0.1158094
-0.1193513
-0.1247915
-0.1317680
-0.1360932
-0.1345342
-0.1294020
-0.1262065
-0.1270058
-0.1282852
-0.1264454
-0.1236158
-0.1255268
-0.1334813
-0.1408792
-0.1398399
-0.1306639
-0.1222950
-0.1222701
-0.1278541
-0.1294518
-0.1225895
-0.1135368
-0.1106457
-0.1112859
-0.1012324
-0.0698120
-0.0248842
0.0107362
0.0214870
0.0200592
0.0468965
0.1471329
0.3429458
0.6201914
0.9332597
1.2191447
1.4126073
1.4624760
1.3502160
1.1032269
0.7896978
0.4909716
0.2656857
0.1290464
0.0595845
0.0241243
-0.0001665
-0.0201931
-0.0345314
-0.0422055
-0.0454651
-0.0481816
-0.0539428
-0.0647795
-0.0798391
-0.0952109
-0.1066551
-0.1135740
-0.1197035
-0.1288927
-0.1404097
-0.1495209
-0.1529424
-0.1524142
-0.1516526
-0.1504752
-0.1440414
-0.1289121
-0.1085943
-0.0912923
-0.0821040
-0.0787442
-0.0753041
-0.0687097
-0.0601204
-0.0509976
-0.0404206
-0.0274132
-0.0140877
-0.0039193
0.0031905
0.0117089
0.0247012
0.0387222
0.0472512
0.0497533
0.0548683
0.0721447
0.1009002
0.1294337
0.1463325
0.1515080
0.1548414
0.1645255
0.1784308
0.1873717
0.1851845
0.1737950
0.1588281
0.1426436
0.1233114
0.0994300
0.0735751
0.0499424
0.0297224
0.0104397
-0.0099059
-0.0292391
-0.0430147
-0.0493113
-0.0514029
-0.0546671
-0.0612596
-0.0685633
-0.0729781
-0.0743930
-0.0759993
-0.0798162
-0.0836395
-0.0835826
-0.0794447
-0.0760440
-0.0779705
-0.0836050
-0.0863276
-0.0825439
-0.0766239
-0.0749813
-0.0751824
-0.0649115
-0.0360583
0.0007473
0.0219818
0.0188413
0.0211618
0.0889008
0.2707976
0.5626882
0.9007492
1.1941582
1.3691324
1.3936744
1.2767097
1.0562055
0.7881537
0.5337036
0.3393454
0.2183977
0.1504842
0.1031665
0.0579865
0.0179334
-0.0072295
-0.0185752
-0.0289103
-0.0485705
-0.0748765
-0.0975204
-0.1117319
-0.1224216
-0.1352355
-0.1473795
-0.1507724
-0.1435992
-0.1350081
-0.1359985
-0.1471068
-0.1581248
-0.1605321
-0.1574417
-0.1586824
-0.1671529
-0.1738361
-0.1684320
-0.1529718
-0.1413583
-0.1444360
-0.1577846
-0.1664846
-0.1611565
-0.1467093
-0.1346053
-0.1290957
-0.1239353
-0.1121225
-0.0953825
-0.0817743
-0.0755645
-0.0727684
-0.0674155
-0.0594746
-0.0538387
-0.0521068
-0.0485770
-0.0364025
-0.0165110
0.0021176
0.0116881
0.0133601
0.0142676
0.0177007
0.0186868
0.0104094
-0.0065376
-0.0236210
-0.0335531
-0.0384153
-0.0470948
-0.0649304
-0.0874776
-0.1053793
-0.1145029
-0.1197476
-0.1285880
-0.1421547
-0.1538607
-0.1563893
-0.1486404
-0.1354164
-0.1216749
-0.1087457
-0.0961144
-0.0849907
-0.0781952
-0.0763120
-0.0752695
-0.0690685
-0.0552296
-0.0371371
-0.0206511
-0.0083509
0.0029077
0.0187234
0.0410596
0.0648729
0.0813301
0.0867999
0.0919663
0.1237713
0.2164306
0.3948135
0.6589451
0.9779810
1.2963651
1.5488128
1.6783364
1.6524769
1.4741110
1.1831255
0.8458806
0.5334858
0.2966527
0.1492855
0.0700734
0.0213587
-0.0263702
-0.0798061
-0.1263751
-0.1509717
-0.1513058
-0.1397723
-0.1322583
-0.1355668
-0.1448832
-0.1518799
-0.1538327
-0.1545582
-0.1577070
-0.1611199
-0.1589561
-0.1489133
-0.1358968
-0.1276515
-0.1271686
-0.1303197
-0.1310229
-0.1276459
-0.1233525
-0.1206648
-0.1174646
-0.1096402
-0.0971195
-0.0855260
-0.0808618
-0.0832956
-0.0875111
-0.0892002
-0.0897518
-0.0934244
-0.1006216
-0.1057516
-0.1025315
-0.0905225
-0.0753386
-0.0627364
-0.0538124
-0.0462834
-0.0387386
-0.0315089
-0.0233990
-0.0101087
0.0115787
0.0380276
0.0592804
0.0670628
0.0620484
0.0520870
0.0432766
0.0341736
0.0197031
-0.0003825
-0.0192642
-0.0303273
-0.0354578
-0.0440347
-0.0629786
-0.0889423
-0.1116612
-0.1247767
-0.1318689
-0.1410065
-0.1543797
-0.1651624
-0.1652974
-0.1552424
-0.1444471
-0.1419490
-0.1476480
-0.1537569
-0.1541370
-0.1505837
-0.1494088
-0.1532840
-0.1583486
-0.1595068
-0.1567031
-0.1541381
-0.1535896
-0.1507706
-0.1402342
-0.1235734
-0.1105250
-0.1099247
-0.1194807
-0.1261326
-0.1181772
-0.0972997
-0.0776382
-0.0720813
-0.0797289
-0.0877581
-0.0856482
-0.0759727
-0.0694947
-0.0703092
-0.0691511
-0.0542001
-0.0271421
-0.0030722
0.0106951
0.0361314
0.1202888
0.3031170
0.5834153
0.9114225
1.2112766
1.4122313
1.4685741
1.3670766
1.1306722
0.8177070
0.5061042
0.2612220
0.1069812
0.0241740
-0.0228688
-0.0566424
-0.0794024
-0.0880252
-0.0882231
-0.0917406
-0.1036769
-0.1180508
-0.1267742
-0.1294505
-0.1317665
-0.1363269
-0.1392841
-0.1371185
-0.1335799
-0.1365604
-0.1484153
-0.1623421
-0.1698378
-0.1700630
-0.1695951
-0.1733601
-0.1784953
-0.1786930
-0.1730259
-0.1677611
-0.1688918
-0.1749446
-0.1790888
-0.1776888
-0.1744326
-0.1749555
-0.1789186
-0.1796627
-0.1720681
-0.1590404
-0.1486995
-0.1456257
-0.1464857
-0.1446793
-0.1376602
-0.1279177
-0.1172291
-0.1025530
-0.0796534
-0.0501244
-0.0223163
-0.0037516
0.0064885
0.0160153
0.0294986
0.0423690
0.0455460
0.0359069
0.0202954
0.0084456
0.0031655
-0.0010880
-0.0105096
-0.0249624
-0.0395966
-0.0517016
-0.0633779
-0.0769976
-0.0903026
-0.0983139
-0.0998202
-0.0997591
-0.1039910
-0.1129729
-0.1223549
-0.1293720
-0.1361936
-0.1455539
-0.1547698
-0.1571671
-0.1504037
-0.1412311
-0.1394454
-0.1471791
-0.1564871
-0.1588423
-0.1553836
-0.1550822
-0.1624403
-0.1697049
-0.1640142
-0.1421352
-0.1157525
-0.1007018
-0.1019925
-0.1110531
-0.1171605
-0.1189850
-0.1233713
-0.1344535
-0.1471986
-0.1528882
-0.1491019
-0.1419950
-0.1389545
-0.1413390
-0.1457092
-0.1504315
-0.1580297
-0.1701704
-0.1826534
-0.1882527
-0.1848704
-0.1787513
-0.1779524
-0.1834832
-0.1889152
-0.1889254
-0.1859543
-0.1864884
-0.1918323
-0.1955393
-0.1911693
-0.1805279
-0.1717569
-0.1699071
-0.1723829
-0.1746318
-0.1770686
-0.1825350
-0.1877078
-0.1822893
-0.1605199
-0.1314758
-0.1129061
-0.1131101
-0.1220284
-0.1231208
-0.1119872
-0.0988010
-0.0922163
-0.0866848
-0.0708418
-0.0458964
-0.0269996
-0.0201081
0.0006914
0.0859892
0.2754672
0.5654881
0.9062304
1.2236828
1.4437047
1.5076427
1.3877184
1.1059546
0.7396060
0.3932991
0.1467325
0.0165297
-0.0365383
-0.0647385
-0.0955058
-0.1272887
-0.1504292
-0.1642521
-0.1758339
-0.1904151
-0.2081339
-0.2275840
-0.2473547
-0.2634321
-0.2693529
-0.2622270
-0.2473396
-0.2339084
-0.2262243
-0.2212474
-0.2152898
-0.2101227
-0.2100103
-0.2142474
-0.2162899
-0.2112998
-0.2019616
-0.1946559
-0.1913858
-0.1885794
-0.1840406
-0.1816891
-0.1866372
-0.1967836
-0.2027170
-0.1972845
-0.1833770
-0.1703567
-0.1637260
-0.1606564
-0.1557833
-0.1485453
-0.1424623
-0.1384863
-0.1326302
-0.1217026
-0.1091350
-0.1020288
-0.1023050
-0.1035689
-0.0986726
-0.0888459
-0.0822323
-0.0827622
-0.0833483
-0.0730956
-0.0508930
-0.0289916
-0.0216038
-0.0313990
-0.0489077
-0.0639721
-0.0747479
-0.0848816
-0.0952961
-0.1025201
-0.1047192
-0.1055195
-0.1095968
-0.1165428
-0.1223213
-0.1264617
-0.1341266
-0.1489172
-0.1659275
-0.1755759
-0.1745627
-0.1699546
-0.1706390
-0.1768182
-0.1808510
-0.1778731
-0.1720118
-0.1702756
-0.1726673
-0.1718285
-0.1627334
-0.1499546
-0.1434953
-0.1485926
-0.1612787
-0.1731009
-0.1778246
-0.1733104
-0.1597869
-0.1391575
-0.1156742
-0.0947960
-0.0798885
-0.0703246
-0.0629456
-0.0545288
-0.0429068
-0.0279525
-0.0133731
-0.0052062
-0.0024397
0.0151499
0.0873252
0.2532418
0.5219158
0.8567902
1.1873480
1.4379058
1.5533317
1.5116317
1.3272006
1.0484794
0.7452655
0.4826668
0.2936929
0.1712276
0.0865843
0.0174912
-0.0394582
-0.0786517
-0.1011252
-0.1173455
-0.1370269
-0.1609709
-0.1843099
-0.2044482
-0.2222928
-0.2366158
-0.2416813
-0.2333276
-0.2158838
-0.1997930
-0.1916341
-0.1886867
-0.1848511
-0.1800112
-0.1801830
-0.1879102
-0.1958946
-0.1935935
-0.1797630
-0.1652375
-0.1616176
-0.1691023
-0.1779358
-0.1809711
-0.1812530
-0.1856081
-0.1935819
-0.1968247
-0.1899058
-0.1782555
-0.1725473
-0.1764790
-0.1833126
-0.1848860
-0.1808597
-0.1766527
-0.1741333
-0.1683151
-0.1542836
-0.1344427
-0.1161908
-0.1035554
-0.0942897
-0.0858176
-0.0808971
-0.0843538
-0.0949839
-0.1040899
-0.1038017
-0.0953487
-0.0871747
-0.0855688
-0.0894184
-0.0944322
-0.0997431
-0.1077225
-0.1180600
-0.1252858
-0.1241365
-0.1162870
-0.1096021
-0.1102543
-0.1168341
-0.1229254
-0.1243198
-0.1221977
-0.1196313
-0.1171505
-0.1131664
-0.1077210
-0.1036797
-0.1035906
-0.1067146
-0.1103873
-0.1136591
-0.1178743
-0.1231428
-0.1257463
-0.1209562
-0.1087184
-0.0950936
-0.0866312
-0.0834019
-0.0788084
-0.0670101
-0.0498687
-0.0349609
-0.0250363
-0.0080211
0.0432310
0.1599357
0.3613772
0.6420754
0.9671421
1.2772498
1.5029232
1.5860399
1.5021695
1.2730904
0.9604500
0.6412893
0.3778069
0.1975424
0.0927184
0.0352109
-0.0040309
-0.0415939
-0.0789327
-0.1090084
-0.1264776
-0.1339816
-0.1398430
-0.1497724
-0.1614454
-0.1684304
-0.1694029
-0.1713502
-0.1816256
-0.1975840
-0.2071073
-0.2012299
-0.1849167
-0.1729283
-0.1748642
-0.1864462
-0.1966233
-0.2009479
-0.2045335
-0.2117028
-0.2167093
-0.2085804
-0.1847461
-0.1562610
-0.1374462
-0.1319856
-0.1315679
-0.1273760
-0.1194998
-0.1134692
-0.1101795
-0.1032571
-0.0872242
-0.0653607
-0.0467003
-0.0358596
-0.0285563
-0.0180858
-0.0039996
0.0080244
0.0142682
0.0180556
0.0253467
0.0368815
0.0470529
0.0506426
0.0485131
0.0450890
0.0413003
0.0325587
0.0148573
-0.0085161
-0.0284878
-0.0389806
-0.0431131
-0.0497954
-0.0647091
-0.0855718
-0.1058761
-0.1215259
-0.1326104
-0.1396374
-0.1405316
-0.1330956
-0.1198353
-0.1080879
-0.1036759
-0.1047799
-0.1036915
-0.0953881
-0.0833016
-0.0749951
-0.0720782
-0.0663829
-0.0483250
-0.0190817
0.0082725
0.0233921
0.0364267
0.0805018
0.1936059
0.3934319
0.6638358
0.9593324
1.2199255
1.3871609
1.4198441
1.3096883
1.0895009
0.8226352
0.5739341
0.3804851
0.2437699
0.1460448
0.0719164
0.0152663
-0.0282063
-0.0665020
-0.1054314
-0.1405768
-0.1610213
-0.1628756
-0.1558949
-0.1536385
-0.1584884
-0.1602910
-0.1508473
-0.1363341
-0.1317470
-0.1436889
-0.1625072
-0.1733614
-0.1725831
-0.1697794
-0.1743813
-0.1841744
-0.1894316
-0.1859370
-0.1798655
-0.1792393
-0.1840305
-0.1876005
-0.1865000
-0.1848370
-0.1873374
-0.1909118
-0.1870505
-0.1730747
-0.1577805
-0.1530839
-0.1608429
-0.1707733
-0.1722829
-0.1661666
-0.1623426
-0.1668009
-0.1737533
-0.1721678
-0.1582363
-0.1386025
-0.1212748
-0.1065511
-0.0895774
-0.0704937
-0.0578461
-0.0595872
-0.0725459
-0.0841725
-0.0854562
-0.0799152
-0.0782181
-0.0854400
-0.0964007
-0.1037567
-0.1075220
-0.1136574
-0.1241642
-0.1323676
-0.1301593
-0.1180933
-0.1053293
-0.0995950
-0.1000354
-0.1013696
-0.1025370
-0.1075386
-0.1175008
-0.1255389
-0.1227053
-0.1084110
-0.0920142
-0.0829531
-0.0811624
-0.0789520
-0.0709792
-0.0595311
-0.0497541
-0.0426234
-0.0342799
-0.0189883
0.0129286
0.0815655
0.2160919
0.4376039
0.7362655
1.0633325
1.3475188
1.5238312
1.5548123
1.4360976
1.1934917
0.8789543
0.5614673
0.3055984
0.1441344
0.0651991
0.0277277
-0.0054989
-0.0449551
-0.0789844
-0.0961428
-0.1003452
-0.1055752
-0.1203692
-0.1410368
-0.1591469
-0.1716036
-0.1811490
-0.1893867
-0.1936201
-0.1918362
-0.1879930
-0.1892607
-0.1981765
-0.2100289
-0.2191725
-0.2261864
-0.2364412
-0.2516939
-0.2655713
-0.2691771
-0.2603126
-0.2452667
-0.2315627
-0.2210944
-0.2115630
-0.2026718
-0.1976744
-0.1980627
-0.1992152
-0.1940175
-0.1808347
-0.1658758
-0.1565051
-0.1533122
-0.1503309
-0.1425809
-0.1311664
-0.1199803
-0.1093388
-0.0954966
-0.0764026
-0.0553771
-0.0375764
-0.0243590
-0.0134378
-0.0042543
-0.0004267
-0.0052196
-0.0161140
-0.0264548
-0.0327504
-0.0381846
-0.0475885
-0.0605409
-0.0718230
-0.0784187
-0.0833928
-0.0915630
-0.1032471
-0.1144499
-0.1222452
-0.1271527
-0.1297967
-0.1281687
-0.1205777
-0.1098962
-0.1017427
-0.0979747
-0.0946476
-0.0881209
-0.0811331
-0.0797290
-0.0846280
-0.0894322
-0.0892973
-0.0883949
-0.0947299
-0.1080792
-0.1176437
-0.1141980
-0.1019071
-0.0943203
-0.0990584
-0.1100715
-0.1162441
-0.1143740
-0.1103488
-0.1089621
-0.1072125
-0.0996024
-0.0870337
-0.0768200
-0.0744817
-0.0789423
-0.0865993
-0.0967177
-0.1100117
-0.1239843
-0.1339729
-0.1393893
-0.1451009
-0.1539757
-0.1604755
-0.1557635
-0.1390755
-0.1196185
-0.1047002
-0.0896041
-0.0649211
-0.0337287
-0.0136117
-0.0133147
-0.0067818
0.0623533
0.2417513
0.5297797
0.8689845
1.1755988
1.3764606
1.4285164
1.3219790
1.0810350
0.7638293
0.4492960
0.2062940
0.0627498
-0.0001924
-0.0242037
-0.0418198
-0.0623899
-0.0808466
-0.0931717
-0.1021719
-0.1124797
-0.1246294
-0.1351654
-0.1408609
-0.1415003
-0.1390913
-0.1357709
-0.1331312
-0.1329650
-0.1373852
-0.1471789
-0.1597811
-0.1693891
-0.1701114
-0.1601125
-0.1432496
-0.1264268
-0.1147617
-0.1089605
-0.1070757
-0.1080011
-0.1123307
-0.1199318
-0.1279896
-0.1325408
-0.1318145
-0.1274790
-0.1227439
-0.1198704
-0.1194178
-0.1207566
-0.1223032
-0.1215848
-0.1163840
-0.1066248
-0.0946919
-0.0832018
-0.0728056
-0.0630367
-0.0548135
-0.0500555
-0.0477875
-0.0425176
-0.0293418
-0.0108760
0.0035241
0.0072139
0.0033576
0.0000604
-0.0010516
-0.0077211
-0.0261111
-0.0490790
-0.0599402
-0.0498661
-0.0291060
-0.0177514
-0.0255120
-0.0431193
-0.0542021
-0.0528801
-0.0474291
-0.0483478
-0.0566078
-0.0648837
-0.0677950
-0.0679112
-0.0714685
-0.0803525
-0.0900229
-0.0949691
-0.0947195
-0.0937810
-0.0963981
-0.1024779
-0.1088437
-0.1135753
-0.1180139
-0.1241758
-0.1309785
-0.1343694
-0.1318643
-0.1261401
-0.1227067
-0.1239302
-0.1268852
-0.1279527
-0.1279121
-0.1301894
-0.1344063
-0.1346899
-0.1264270
-0.1131969
-0.1038950
-0.1020913
-0.1003976
-0.0875601
-0.0605619
-0.0275639
0.0012548
0.0229591
0.0401156
0.0529361
0.0599173
0.0706880
0.1159352
0.2371258
0.4582320
0.7613458
1.0860974
1.3524337
1.4900210
1.4596906
1.2644253
0.9518270
0.6039373
0.3087691
0.1216906
0.0413806
0.0209725
0.0071996
-0.0245322
-0.0659083
-0.0985191
-0.1165288
-0.1285603
-0.1435917
-0.1605552
-0.1721433
-0.1749606
-0.1729796
-0.1722997
-0.1756987
-0.1826724
-0.1915312
-0.1988228
-0.1982656
-0.1841607
-0.1576325
-0.1280302
-0.1062863
-0.0967643
-0.0960624
-0.0987586
-0.1023276
-0.1060943
-0.1078038
-0.1041856
-0.0953060
-0.0861689
-0.0822620
-0.0841774
-0.0879076
-0.0896828
-0.0885251
-0.0841833
-0.0754800
-0.0628465
-0.0509756
-0.0457412
-0.0476106
-0.0502483
-0.0474778
-0.0405429
-0.0360575
-0.0365939
-0.0360938
-0.0269987
-0.0107649
0.0019412
0.0024702
-0.0068676
-0.0171280
-0.0242586
-0.0328381
-0.0478287
-0.0658681
-0.0776756
-0.0782915
-0.0720465
-0.0665817
-0.0643902
-0.0626979
-0.0605629
-0.0621605
-0.0708635
-0.0823719
-0.0876923
-0.0836365
-0.0772008
-0.0770267
-0.0821374
-0.0826776
-0.0725399
-0.0582299
-0.0522394
-0.0582408
-0.0660517
-0.0630242
-0.0486495
-0.0350247
-0.0328678
-0.0401600
-0.0466388
-0.0473476
-0.0477710
-0.0547933
-0.0659615
-0.0710240
-0.0636265
-0.0484588
-0.0353025
-0.0276882
-0.0200415
-0.0062759
0.0115045
0.0259341
0.0370691
0.0618382
0.1309503
0.2757913
0.5131479
0.8319431
1.1843473
1.4886827
1.6531536
1.6168758
1.3854765
1.0338570
0.6691794
0.3776225
0.1908957
0.0907288
0.0388184
0.0048093
-0.0242632
-0.0496265
-0.0694516
-0.0835149
-0.0937370
-0.1024487
-0.1102255
-0.1157340
-0.1185904
-0.1220596
-0.1310428
-0.1460237
-0.1600195
-0.1639580
-0.1561625
-0.1451810
-0.1415757
-0.1473770
-0.1553284
-0.1582807
-0.1566933
-0.1555047
-0.1560641
-0.1546043
-0.1485594
-0.1409137
-0.1361329
-0.1335108
-0.1274357
-0.1145103
-0.0981298
-0.0844989
-0.0752845
-0.0662707
-0.0532965
-0.0374077
-0.0228762
-0.0116094
-0.0016624
0.0090932
0.0202136
0.0304365
0.0403326
0.0514890
0.0638352
0.0755201
0.0853456
0.0935367
0.0992454
0.0987176
0.0881232
0.0688500
0.0486022
0.0354919
0.0307042
0.0278457
0.0197549
0.0050209
-0.0125276
-0.0291467
-0.0441178
-0.0577654
-0.0687668
-0.0748329
-0.0754729
-0.0729222
-0.0701326
-0.0684593
-0.0677029
-0.0679604
-0.0703888
-0.0754982
-0.0812649
-0.0842522
-0.0832131
-0.0809923
-0.0821182
-0.0885044
-0.0977915
-0.1058282
-0.1105672
-0.1134926
-0.1171502
-0.1212950
-0.1221569
-0.1165266
-0.1065838
-0.0994210
-0.1007078
-0.1089967
-0.1169561
-0.1182234
-0.1126062
-0.1047279
-0.0987255
-0.0954796
-0.0948139
-0.0982836
-0.1075558
-0.1203100
-0.1304143
-0.1337769
-0.1323526
-0.1299967
-0.1252955
-0.1121178
-0.0888486
-0.0643778
-0.0512210
-0.0522584
-0.0569931
-0.0528007
-0.0382780
-0.0226318
-0.0123451
-0.0029762
0.0124084
0.0295046
0.0347235
0.0256578
0.0285274
0.0910975
0.2539220
0.5224005
0.8577025
1.1874085
1.4277101
1.5109052
1.4121243
1.1632298
0.8411973
0.5327311
0.2963708
0.1465227
0.0647189
0.0218234
-0.0067914
-0.0360844
-0.0697660
-0.1010940
-0.1201977
-0.1252326
-0.1260421
-0.1348227
-0.1536600
-0.1731903
-0.1833102
-0.1827093
-0.1767857
-0.1687874
-0.1567313
-0.1393840
-0.1215804
-0.1104463
-0.1076002
-0.1084355
-0.1091342
-0.1107082
-0.1143402
-0.1160943
-0.1104578
-0.0986513
-0.0893879
-0.0894264
-0.0955044
-0.0982329
-0.0933989
-0.0865884
-0.0853716
-0.0890437
-0.0891853
-0.0805596
-0.0684047
-0.0626590
-0.0664850
-0.0734254
-0.0757979
-0.0728596
-0.0691148
-0.0666492
-0.0620750
-0.0514526
-0.0363029
-0.0230328
-0.0165097
-0.0156491
-0.0162848
-0.0172516
-0.0213066
-0.0295309
-0.0373073
-0.0384559
-0.0329646
-0.0282048
-0.0313983
-0.0419960
-0.0527005
-0.0576427
-0.0581823
-0.0598780
-0.0646556
-0.0681087
-0.0656375
-0.0595442
-0.0572650
-0.0624122
-0.0703266
-0.0742303
-0.0740040
-0.0761798
-0.0852566
-0.0973756
-0.1041853
-0.1022508
-0.0968450
-0.0956932
-0.1003049
-0.1055158
-0.1074342
-0.1088725
-0.1146879
-0.1235637
-0.1281511
-0.1241726
-0.1166762
-0.1151531
-0.1234188
-0.1362592
-0.1461499
-0.1514659
-0.1563171
-0.1624549
-0.1638432
-0.1521289
-0.1277518
-0.1029676
-0.0916207
-0.0964965
-0.1082040
-0.1159364
-0.1174787
-0.1182753
-0.1223453
-0.1261868
-0.1227050
-0.1106091
-0.0978036
-0.0936666
-0.0988586
-0.1053736
-0.1070071
-0.1068271
-0.1120441
-0.1231122
-0.1312287
-0.1277621
-0.1145572
-0.1028474
-0.1014779
-0.1077292
-0.1117766
-0.1097784
-0.1091206
-0.1183352
-0.1341993
-0.1433130
-0.1373644
-0.1235815
-0.1173837
-0.1252579
-0.1367763
-0.1345162
-0.1118674
-0.0803042
-0.0579437
-0.0509778
-0.0482323
-0.0351475
-0.0111717
0.0100206
0.0194084
0.0320771
0.0873547
0.2262879
0.4617258
0.7626299
1.0634405
1.2901484
1.3853533
1.3230287
1.1155655
0.8142578
0.4963806
0.2361952
0.0732869
-0.0005185
-0.0260609
-0.0447483
-0.0730652
-0.1016408
-0.1158401
-0.1155519
-0.1146660
-0.1243447
-0.1414273
-0.1543599
-0.1575070
-0.1569757
-0.1624612
-0.1746417
-0.1822047
-0.1732677
-0.1497784
-0.1274271
-0.1191198
-0.1213282
-0.1204088
-0.1105514
-0.1004663
-0.1015205
-0.1131266
-0.1225752
-0.1186393
-0.1037862
-0.0917611
-0.0925481
-0.1014118
-0.1055532
-0.1002730
-0.0932741
-0.0918959
-0.0922607
-0.0855864
-0.0714109
-0.0588857
-0.0554931
-0.0581883
-0.0565862
-0.0442626
-0.0269780
-0.0178872
-0.0216177
-0.0252445
-0.0111591
0.0209920
0.0517007
0.0623424
0.0525466
0.0356210
0.0235849
0.0192038
0.0165072
0.0066783
-0.0109572
-0.0234408
-0.0179576
-0.0017489
0.0030963
-0.0118072
-0.0301856
-0.0348974
