-0.0607479
-0.1075113
-0.1593977
-0.1859297
-0.1917810
-0.1995655
-0.2164268
-0.2316231
-0.2368149
-0.2323043
-0.2177706
-0.1923093
-0.1638539
-0.1464649
-0.1454250
-0.1521965
-0.1555275
-0.1522810
-0.1472199
-0.1468968
-0.1537046
-0.1624704
-0.1641663
-0.1562270
-0.1469655
-0.1459891
-0.1525728
-0.1577065
-0.1556430
-0.1490103
-0.1436934
-0.1425498
-0.1435232
-0.1410180
-0.1300026
-0.1113091
-0.0920860
-0.0790652
-0.0723332
-0.0670657
-0.0597751
-0.0512751
-0.0449094
-0.0430470
-0.0437456
-0.0400799
-0.0250838
0.0009391
0.0292856
0.0499516
0.0588370
0.0582860
0.0532177
0.0475913
0.0422909
0.0350169
0.0236188
0.0102391
0.0005319
-0.0021924
-0.0009644
-0.0025863
-0.0114786
-0.0257332
-0.0384484
-0.0437024
-0.0424712
-0.0418910
-0.0472036
-0.0552779
-0.0580257
-0.0518670
-0.0419948
-0.0372502
-0.0420502
-0.0531644
-0.0632486
-0.0677547
-0.0693757
-0.0754132
-0.0898108
-0.1078673
-0.1193126
-0.1165146
-0.1000987
-0.0779864
-0.0594267
-0.0485910
-0.0429815
-0.0384805
-0.0354638
-0.0378547
-0.0456555
-0.0512612
-0.0461209
-0.0308078
-0.0162143
-0.0133807
-0.0223591
-0.0321463
-0.0324633
-0.0249828
-0.0207445
-0.0256405
-0.0313601
-0.0243897
-0.0031248
0.0193971
0.0343575
0.0587915
0.1350280
0.3034393
0.5690801
0.8885209
1.1861711
1.3866221
1.4415463
1.3407797
1.1114708
0.8105543
0.5090438
0.2679680
0.1163884
0.0457269
0.0234771
0.0151459
0.0002571
-0.0240554
-0.0494714
-0.0662941
-0.0705515
-0.0656488
-0.0592430
-0.0578485
-0.0626852
-0.0702318
-0.0773811
-0.0856491
-0.0989923
-0.1175210
-0.1351824
-0.1448897
-0.1454562
-0.1428073
-0.1444880
-0.1529204
-0.1634630
-0.1690460
-0.1673104
-0.1631331
-0.1633638
-0.1690475
-0.1737779
-0.1702332
-0.1579094
-0.1439604
-0.1364023
-0.1364837
-0.1376553
-0.1319627
-0.1170630
-0.0965788
-0.0744307
-0.0507610
-0.0240133
0.0048630
0.0322314
0.0553793
0.0747883
0.0925722
0.1095032
0.1237985
0.1323649
0.1332471
0.1274460
0.1186650
0.1109876
0.1060669
0.1017021
0.0929398
0.0756572
0.0504872
0.0232778
0.0005926
-0.0156885
-0.0287629
-0.0418685
-0.0537198
-0.0595452
-0.0564498
-0.0474911
-0.0403133
-0.0411685
-0.0496197
-0.0593691
-0.0649875
-0.0676179
-0.0730949
-0.0842062
-0.0956449
-0.0975252
-0.0843713
-0.0608688
-0.0385153
-0.0257526
-0.0207421
-0.0140986
0.0008054
0.0205023
0.0349561
0.0386847
0.0382140
0.0476694
0.0752931
0.1131490
0.1419220
0.1506564
0.1559838
0.2018436
0.3353096
0.5745503
0.8915847
1.2201656
1.4812371
1.6104781
1.5770619
1.3911195
1.1007633
0.7779994
0.4939610
0.2918955
0.1735989
0.1093974
0.0641570
0.0190316
-0.0255206
-0.0618389
-0.0870305
-0.1042444
-0.1161388
-0.1209228
-0.1161562
-0.1047584
-0.0945181
-0.0908453
-0.0917167
-0.0913183
-0.0877145
-0.0848112
-0.0864925
-0.0908114
-0.0918121
-0.0869401
-0.0810413
-0.0817022
-0.0907759
-0.1018595
-0.1070730
-0.1056087
-0.1041644
-0.1088899
-0.1182883
-0.1247417
-0.1220320
-0.1104106
-0.0950419
-0.0810462
-0.0704009
-0.0623158
-0.0549347
-0.0462486
-0.0346683
-0.0205418
-0.0074434
-0.0002663
-0.0002675
-0.0022149
0.0019464
0.0156939
0.0344800
0.0499316
0.0572494
0.0584716
0.0590359
0.0617009
0.0639782
0.0613460
0.0525591
0.0413039
0.0326194
0.0282511
0.0257446
0.0213922
0.0133477
0.0022907
-0.0097287
-0.0204728
-0.0282373
-0.0327328
-0.0360109
-0.0418388
-0.0525006
-0.0654127
-0.0741171
-0.0743777
-0.0691982
-0.0661507
-0.0692407
-0.0749649
-0.0775116
-0.0764636
-0.0771695
-0.0835856
-0.0932027
-0.1007733
-0.1057287
-0.1128926
-0.1246943
-0.1349554
-0.1336139
-0.1180799
-0.0975035
-0.0840894
-0.0813609
-0.0827131
-0.0806417
-0.0748573
-0.0707748
-0.0722923
-0.0780554
-0.0840880
-0.0879690
-0.0897890
-0.0905461
-0.0913247
-0.0939105
-0.1004464
-0.1112052
-0.1232595
-0.1326605
-0.1381464
-0.1418598
-0.1461153
-0.1502156
-0.1510762
-0.1468342
-0.1396373
-0.1348897
-0.1371675
-0.1457785
-0.1543471
-0.1564880
-0.1533250
-0.1544688
-0.1690364
-0.1943956
-0.2151100
-0.2154934
-0.1943767
-0.1666634
-0.1492028
-0.1454423
-0.1449717
-0.1375255
-0.1249484
-0.1178612
-0.1220415
-0.1308180
-0.1317290
-0.1193856
-0.1006780
-0.0876126
-0.0856905
-0.0894063
-0.0890342
-0.0817647
-0.0753058
-0.0781182
-0.0831227
-0.0599832
0.0334951
0.2253491
0.5063833
0.8265906
1.1127806
1.2944655
1.3242984
1.1899000
0.9199888
0.5818571
0.2616308
0.0284078
-0.0976243
-0.1479052
-0.1745483
-0.2103644
-0.2524849
-0.2794595
-0.2804254
-0.2665653
-0.2569275
-0.2580623
-0.2605069
-0.2535122
-0.2390071
-0.2290366
-0.2313263
-0.2405332
-0.2447579
-0.2390127
-0.2300759
-0.2276998
-0.2328381
-0.2366088
-0.2309940
-0.2187209
-0.2110073
-0.2159188
-0.2303711
-0.2440740
-0.2503365
-0.2517894
-0.2554890
-0.2637389
-0.2712227
-0.2713022
-0.2636562
-0.2543161
-0.2487244
-0.2466577
-0.2446044
-0.2412800
-0.2385333
-0.2369076
-0.2327522
-0.2218462
-0.2054620
-0.1904302
-0.1814183
-0.1739570
-0.1576387
-0.1276195
-0.0917902
-0.0645945
-0.0534513
-0.0524599
-0.0498739
-0.0404582
-0.0292716
-0.0240694
-0.0261947
-0.0302632
-0.0318277
-0.0330384
-0.0394813
-0.0524393
-0.0662696
-0.0741492
-0.0754979
-0.0768995
-0.0859782
-0.1046213
-0.1273244
-0.1451683
-0.1519603
-0.1482126
-0.1399425
-0.1326851
-0.1255884
-0.1118903
-0.0869187
-0.0562034
-0.0333706
-0.0257514
-0.0188906
0.0244492
0.1461249
0.3668727
0.6699364
1.0021336
1.2893858
1.4605039
1.4733178
1.3334298
1.0926969
0.8234376
0.5831858
0.3946024
0.2523117
0.1442028
0.0646242
0.0109420
-0.0246714
-0.0537626
-0.0821413
-0.1063355
-0.1217950
-0.1320445
-0.1461095
-0.1673117
-0.1885017
-0.2006390
-0.2041384
-0.2086085
-0.2212773
-0.2385186
-0.2507121
-0.2539121
-0.2536976
-0.2569596
-0.2627140
-0.2638292
-0.2572114
-0.2491393
-0.2487950
-0.2580267
-0.2698871
-0.2773713
-0.2813283
-0.2878518
-0.2984563
-0.3052734
-0.2978417
-0.2743746
-0.2446476
-0.2208330
-0.2062722
-0.1943513
-0.1778362
-0.1572925
-0.1391334
-0.1264925
-0.1143442
-0.0948989
-0.0671054
-0.0392772
-0.0217575
-0.0178462
-0.0227774
-0.0307567
-0.0408895
-0.0552324
-0.0725986
-0.0869175
-0.0928165
-0.0918183
-0.0915087
-0.0981031
-0.1103931
-0.1215992
-0.1269984
-0.1289163
-0.1336693
-0.1439941
-0.1554775
-0.1610168
-0.1585238
-0.1535986
-0.1541967
-0.1626033
-0.1728529
-0.1763052
-0.1697345
-0.1576018
-0.1464375
-0.1379778
-0.1288568
-0.1165841
-0.1038835
-0.0957673
-0.0931524
-0.0914497
-0.0862687
-0.0789587
-0.0744194
-0.0736315
-0.0710921
-0.0617286
-0.0487841
-0.0411564
-0.0419343
-0.0432363
-0.0363915
-0.0256899
-0.0250440
-0.0350367
-0.0240467
0.0611332
0.2582184
0.5568957
0.8977424
1.1989315
1.3857392
1.4075007
1.2485298
0.9410006
0.5677701
0.2349668
0.0192727
-0.0718075
-0.0906858
-0.0989285
-0.1219508
-0.1473501
-0.1578644
-0.1571791
-0.1625809
-0.1801798
-0.1962610
-0.1946335
-0.1769928
-0.1612985
-0.1614551
-0.1734694
-0.1832894
-0.1847463
-0.1856534
-0.1963630
-0.2160768
-0.2332974
-0.2389606
-0.2363031
-0.2364768
-0.2458905
-0.2599876
-0.2695393
-0.2709301
-0.2684407
-0.2670663
-0.2656065
-0.2586860
-0.2450328
-0.2313804
-0.2262272
-0.2300432
-0.2338495
-0.2291350
-0.2183016
-0.2128310
-0.2199339
-0.2323715
-0.2335317
-0.2129915
-0.1760862
-0.1378747
-0.1089850
-0.0884990
-0.0695470
-0.0489076
-0.0293533
-0.0141243
-0.0024092
0.0082719
0.0169619
0.0189957
0.0111296
-0.0045303
-0.0224391
-0.0384783
-0.0519658
-0.0635214
-0.0726304
-0.0781396
-0.0804221
-0.0818468
-0.0847943
-0.0898058
-0.0960582
-0.1030575
-0.1109264
-0.1189600
-0.1248793
-0.1265335
-0.1245851
-0.1231267
-0.1271029
-0.1385740
-0.1551128
-0.1718890
-0.1856090
-0.1963523
-0.2051226
-0.2097409
-0.2044728
-0.1853223
-0.1560343
-0.1275197
-0.1096103
-0.1028315
-0.0990555
-0.0908374
-0.0793517
-0.0719499
-0.0723290
-0.0754073
-0.0735786
-0.0668115
-0.0636481
-0.0710714
-0.0853870
-0.0957134
-0.0963770
-0.0931939
-0.0957020
-0.1046744
-0.1103786
-0.1039827
-0.0881432
-0.0737732
-0.0673302
-0.0646432
-0.0583257
-0.0480857
-0.0401729
-0.0375844
-0.0354740
-0.0287150
-0.0203599
-0.0157086
-0.0043414
0.0489824
0.1881115
0.4323113
0.7527653
1.0779186
1.3229468
1.4232932
1.3561563
1.1455993
0.8527225
0.5531551
0.3085585
0.1456920
0.0550859
0.0080734
-0.0223141
-0.0507249
-0.0808912
-0.1109322
-0.1363850
-0.1523602
-0.1576320
-0.1577713
-0.1619436
-0.1746295
-0.1910983
-0.2025554
-0.2055804
-0.2049438
-0.2067664
-0.2106933
-0.2106871
-0.2031825
-0.1923339
-0.1858656
-0.1866130
-0.1899153
-0.1896348
-0.1850904
-0.1804623
-0.1778054
-0.1727035
-0.1583301
-0.1335993
-0.1062095
-0.0868864
-0.0803762
-0.0818686
-0.0819587
-0.0750246
-0.0630323
-0.0517210
-0.0437928
-0.0363923
-0.0251985
-0.0102011
0.0034733
0.0106690
0.0114555
0.0104817
0.0111495
0.0115437
0.0072192
-0.0023092
-0.0114588
-0.0140601
-0.0103431
-0.0070346
-0.0100962
-0.0184140
-0.0257041
-0.0281798
-0.0287541
-0.0328304
-0.0410175
-0.0480077
-0.0493613
-0.0478265
-0.0507094
-0.0606057
-0.0706502
-0.0708974
-0.0591704
-0.0436560
-0.0336521
-0.0289605
-0.0206399
-0.0028089
0.0183550
0.0300148
0.0274835
0.0212773
0.0265545
0.0450727
0.0603208
0.0547097
0.0349000
0.0408135
0.1263510
0.3235029
0.6152345
0.9359192
1.1987385
1.3331897
1.3125861
1.1597849
0.9316052
0.6918773
0.4867822
0.3333386
0.2238777
0.1404746
0.0690611
0.0055419
-0.0471421
-0.0862691
-0.1143779
-0.1381911
-0.1627753
-0.1865829
-0.2026031
-0.2052833
-0.1968424
-0.1863579
-0.1818993
-0.1835392
-0.1847881
-0.1810099
-0.1751867
-0.1740267
-0.1788099
-0.1822439
-0.1760044
-0.1607297
-0.1465714
-0.1429568
-0.1488754
-0.1547189
-0.1535289
-0.1486769
-0.1491657
-0.1581196
-0.1679573
-0.1680521
-0.1563641
-0.1420028
-0.1358400
-0.1393930
-0.1438352
-0.1398823
-0.1277484
-0.1164871
-0.1134650
-0.1154264
-0.1112573
-0.0941677
-0.0704593
-0.0549373
-0.0568849
-0.0707862
-0.0814171
-0.0781312
-0.0638302
-0.0500940
-0.0445710
-0.0441808
-0.0403842
-0.0295001
-0.0165444
-0.0093486
-0.0103918
-0.0151099
-0.0174326
-0.0158922
-0.0142395
-0.0168568
-0.0241163
-0.0321090
-0.0366415
-0.0374691
-0.0386005
-0.0442000
-0.0540415
-0.0634028
-0.0680657
-0.0692871
-0.0727191
-0.0815692
-0.0915436
-0.0942202
-0.0859899
-0.0724119
-0.0624757
-0.0592331
-0.0578343
-0.0529194
-0.0456860
-0.0416374
-0.0422648
-0.0418443
-0.0334944
-0.0154971
0.0128042
0.0628061
0.1608511
0.3341717
0.5861229
0.8805236
1.1487088
1.3158471
1.3315848
1.1906082
0.9352553
0.6388111
0.3752530
0.1894163
0.0842749
0.0323921
0.0013063
-0.0270196
-0.0546747
-0.0786573
-0.0993325
-0.1189649
-0.1362062
-0.1460919
-0.1462997
-0.1414730
-0.1395532
-0.1440195
-0.1510850
-0.1550531
-0.1554182
-0.1573146
-0.1648264
-0.1751823
-0.1810069
-0.1784051
-0.1715735
-0.1682654
-0.1708830
-0.1732514
-0.1670185
-0.1508584
-0.1323352
-0.1202124
-0.1154862
-0.1109133
-0.0995720
-0.0830932
-0.0704686
-0.0685184
-0.0741455
-0.0767481
-0.0686034
-0.0527618
-0.0403482
-0.0396378
-0.0475016
-0.0517716
-0.0425675
-0.0217052
-0.0009061
0.0095089
0.0101519
0.0106944
0.0185738
0.0301127
0.0336095
0.0215586
-0.0006008
-0.0185138
-0.0219003
-0.0135394
-0.0056970
-0.0083821
-0.0213741
-0.0368415
-0.0481290
-0.0550522
-0.0611845
-0.0674547
-0.0695791
-0.0620945
-0.0446970
-0.0242754
-0.0102153
-0.0069709
-0.0106313
-0.0127510
-0.0079503
0.0021014
0.0123960
0.0219088
0.0357835
0.0587525
0.0869597
0.1096851
0.1234066
0.1461803
0.2162593
0.3712659
0.6216712
0.9377337
1.2579203
1.5111817
1.6396841
1.6143380
1.4424267
1.1669274
0.8544491
0.5717599
0.3601566
0.2226939
0.1329449
0.0589532
-0.0148647
-0.0824194
-0.1280981
-0.1441375
-0.1387597
-0.1298865
-0.1314855
-0.1447037
-0.1604673
-0.1697457
-0.1715405
-0.1718805
-0.1761476
-0.1831843
-0.1870901
-0.1842826
-0.1779593
-0.1751330
-0.1795141
-0.1879428
-0.1941438
-0.1956197
-0.1961144
-0.2009553
-0.2104805
-0.2189901
-0.2205823
-0.2154326
-0.2094112
-0.2073881
-0.2078140
-0.2048250
-0.1955555
-0.1842382
-0.1780696
-0.1790783
-0.1810282
-0.1751998
-0.1592278
-0.1396149
-0.1251355
-0.1180373
-0.1122735
-0.1004686
-0.0820727
-0.0640678
-0.0537188
-0.0514280
-0.0515065
-0.0497701
-0.0490302
-0.0557506
-0.0714015
-0.0888152
-0.0987608
-0.1000576
-0.1014898
-0.1122765
-0.1309960
-0.1455907
-0.1454259
-0.1328465
-0.1215929
-0.1233910
-0.1367753
-0.1496493
-0.1522282
-0.1463180
-0.1416758
-0.1444244
-0.1504197
-0.1502181
-0.1395581
-0.1238473
-0.1121707
-0.1076930
-0.1049265
-0.0966786
-0.0829911
-0.0722682
-0.0732153
-0.0859843
-0.1015181
-0.1092152
-0.1047675
-0.0911764
-0.0740990
-0.0577062
-0.0440689
-0.0335967
-0.0243108
-0.0124263
0.0030130
0.0156215
0.0160608
0.0067367
0.0143241
0.0840901
0.2542558
0.5274250
0.8597293
1.1738531
1.3859225
1.4331704
1.2956151
1.0073308
0.6492774
0.3185819
0.0854167
-0.0358106
-0.0801522
-0.0972518
-0.1175583
-0.1443255
-0.1690860
-0.1882899
-0.2048941
-0.2197296
-0.2278317
-0.2250548
-0.2154371
-0.2088664
-0.2113722
-0.2197559
-0.2267145
-0.2297094
-0.2327146
-0.2392629
-0.2460586
-0.2456573
-0.2354977
-0.2224854
-0.2170505
-0.2226948
-0.2325356
-0.2367977
-0.2330633
-0.2280475
-0.2291532
-0.2353990
-0.2378722
-0.2292151
-0.2117953
-0.1958663
-0.1899403
-0.1935950
-0.1996680
-0.2024785
-0.2027916
-0.2046666
-0.2086021
-0.2092213
-0.2002826
-0.1814291
-0.1590779
-0.1403551
-0.1267688
-0.1146405
-0.1015699
-0.0910435
-0.0892493
-0.0975441
-0.1099050
-0.1193512
-0.1262236
-0.1378172
-0.1584775
-0.1813580
-0.1926549
-0.1852786
-0.1671772
-0.1542782
-0.1548327
-0.1617992
-0.1612540
-0.1473437
-0.1277228
-0.1146291
-0.1123965
-0.1148261
-0.1137557
-0.1080091
-0.1029372
-0.1023753
-0.1031845
-0.0987672
-0.0872504
-0.0747035
-0.0694166
-0.0733437
-0.0801334
-0.0820164
-0.0779479
-0.0738625
-0.0748497
-0.0786270
-0.0784889
-0.0725025
-0.0673954
-0.0712543
-0.0831509
-0.0929070
-0.0925447
-0.0857597
-0.0827656
-0.0859740
-0.0852709
-0.0713485
-0.0516039
-0.0453097
-0.0564956
-0.0516897
0.0291375
0.2312809
0.5473614
0.9136523
1.2397595
1.4454505
1.4832858
1.3469164
1.0732259
0.7360265
0.4221183
0.1941309
0.0643213
0.0012255
-0.0368356
-0.0717168
-0.1024405
-0.1230384
-0.1363781
-0.1503544
-0.1667107
-0.1795592
-0.1849846
-0.1876915
-0.1953349
-0.2082570
-0.2186505
-0.2207020
-0.2187328
-0.2226289
-0.2358790
-0.2509146
-0.2575614
-0.2545234
-0.2503743
-0.2532611
-0.2616826
-0.2668599
-0.2633269
-0.2551982
-0.2513106
-0.2554315
-0.2626442
-0.2650131
-0.2590674
-0.2468525
-0.2310700
-0.2117004
-0.1883206
-0.1639979
-0.1443144
-0.1317962
-0.1228324
-0.1116917
-0.0971504
-0.0833412
-0.0734544
-0.0643853
-0.0498529
-0.0288275
-0.0086718
0.0017254
0.0011230
-0.0035954
-0.0062317
-0.0086254
-0.0176937
-0.0360117
-0.0574518
-0.0729060
-0.0791051
-0.0807645
-0.0849942
-0.0952859
-0.1107229
-0.1285305
-0.1454002
-0.1573918
-0.1615818
-0.1593492
-0.1565550
-0.1581235
-0.1621204
-0.1609364
-0.1496009
-0.1320706
-0.1176250
-0.1109411
-0.1073831
-0.0991912
-0.0851296
-0.0718698
-0.0656037
-0.0645744
-0.0619892
-0.0554368
-0.0503863
-0.0528030
-0.0601777
-0.0630010
-0.0558431
-0.0447271
-0.0414298
-0.0511321
-0.0677601
-0.0816446
-0.0893427
-0.0941742
-0.0988574
-0.1012511
-0.0986013
-0.0935038
-0.0927090
-0.1000220
-0.1125259
-0.1246154
-0.1340389
-0.1423596
-0.1505133
-0.1563822
-0.1573740
-0.1534802
-0.1461804
-0.1353972
-0.1198876
-0.1010944
-0.0845207
-0.0752370
-0.0721927
-0.0685176
-0.0582377
-0.0422703
-0.0273740
-0.0193635
-0.0174245
-0.0147588
-0.0049633
0.0112464
0.0254207
0.0298843
0.0310473
0.0564433
0.1457394
0.3276768
0.5977887
0.9126223
1.2033232
1.3982315
1.4434668
1.3187680
1.0487012
0.7024738
0.3723547
0.1336871
0.0097842
-0.0314130
-0.0452247
-0.0690846
-0.1052928
-0.1362797
-0.1508806
-0.1545530
-0.1582881
-0.1640885
-0.1646909
-0.1554034
-0.1416267
-0.1327893
-0.1311792
-0.1299852
-0.1225168
-0.1105596
-0.1017324
-0.1002024
-0.1030400
-0.1060046
-0.1096766
-0.1170880
-0.1267151
-0.1319036
-0.1289184
-0.1228659
-0.1222991
-0.1284520
-0.1333569
-0.1301974
-0.1227069
-0.1206417
-0.1262879
-0.1295234
-0.1189810
-0.0963089
-0.0758048
-0.0693591
-0.0745215
-0.0792081
-0.0760865
-0.0690167
-0.0653565
-0.0654698
-0.0623830
-0.0503136
-0.0304426
-0.0080247
0.0131749
0.0314173
0.0439002
0.0470777
0.0414701
0.0337047
0.0308210
0.0326354
0.0321358
0.0243898
0.0130484
0.0058234
0.0043801
0.0018487
-0.0081653
-0.0222449
-0.0299236
-0.0260391
-0.0176516
-0.0166252
-0.0265615
-0.0397701
-0.0473869
-0.0495062
-0.0528973
-0.0603058
-0.0660019
-0.0634315
-0.0545341
-0.0481270
-0.0494061
-0.0544445
-0.0568645
-0.0575315
-0.0638558
-0.0789336
-0.0945605
-0.0979480
-0.0848536
-0.0636345
-0.0458494
-0.0351784
-0.0273544
-0.0191884
-0.0138606
-0.0158715
-0.0232550
-0.0280980
-0.0251717
-0.0177382
-0.0132587
-0.0146773
-0.0182774
-0.0201603
-0.0221170
-0.0288219
-0.0401928
-0.0496177
-0.0513052
-0.0478523
-0.0481604
-0.0575854
-0.0718893
-0.0820340
-0.0838822
-0.0814178
-0.0803564
-0.0804508
-0.0757241
-0.0619894
-0.0426996
-0.0267451
-0.0210499
-0.0255859
-0.0345884
-0.0414133
-0.0425889
-0.0388782
-0.0331572
-0.0253937
-0.0064746
0.0445176
0.1545387
0.3422164
0.6020566
0.8973388
1.1672764
1.3458155
1.3840279
1.2678063
1.0248893
0.7176389
0.4216801
0.1972335
0.0666333
0.0111727
-0.0101869
-0.0324703
-0.0660742
-0.0996338
-0.1188145
-0.1229175
-0.1248109
-0.1364691
-0.1562760
-0.1714446
-0.1724245
-0.1634282
-0.1577468
-0.1632805
-0.1742723
-0.1780650
-0.1689922
-0.1540602
-0.1449589
-0.1463127
-0.1532233
-0.1592592
-0.1639860
-0.1710377
-0.1802432
-0.1846902
-0.1771644
-0.1585358
-0.1379090
-0.1239118
-0.1168605
-0.1104034
-0.1000792
-0.0883539
-0.0803726
-0.0760881
-0.0688391
-0.0526185
-0.0296530
-0.0091839
0.0015643
0.0041405
0.0058833
0.0110947
0.0169650
0.0187405
0.0170341
0.0174916
0.0229224
0.0281498
0.0249591
0.0116969
-0.0044600
-0.0159036
-0.0235672
-0.0352063
-0.0548359
-0.0764211
-0.0899365
-0.0926214
-0.0918179
-0.0963517
-0.1074158
-0.1195225
-0.1284657
-0.1348323
-0.1391863
-0.1374180
-0.1243622
-0.1012053
-0.0755441
-0.0527015
-0.0303206
-0.0055668
0.0137319
0.0127087
-0.0081695
-0.0135362
0.0567867
0.2470531
0.5451276
0.8771792
1.1436236
1.2695936
1.2360944
1.0777245
0.8569071
0.6339800
0.4472267
0.3076733
0.2066849
0.1297337
0.0672961
0.0166933
-0.0232980
-0.0570253
-0.0900955
-0.1239014
-0.1539350
-0.1746329
-0.1855836
-0.1923076
-0.2010065
-0.2130749
-0.2247490
-0.2312899
-0.2306989
-0.2236772
-0.2116027
-0.1962376
-0.1814074
-0.1729159
-0.1745135
-0.1835944
-0.1925232
-0.1957320
-0.1951787
-0.1974174
-0.2050847
-0.2129289
-0.2137603
-0.2075128
-0.2019624
-0.2034078
-0.2084750
-0.2076073
-0.1964365
-0.1809478
-0.1697880
-0.1633236
-0.1533692
-0.1340684
-0.1102256
-0.0924924
-0.0852772
-0.0823067
-0.0751775
-0.0641301
-0.0576763
-0.0616070
-0.0709014
-0.0743261
-0.0661980
-0.0517898
-0.0410659
-0.0387972
-0.0417176
-0.0438961
-0.0425934
-0.0384306
-0.0318456
-0.0218204
-0.0086128
0.0039113
0.0106915
0.0107526
0.0089609
0.0111730
0.0175624
0.0220942
0.0200227
0.0157780
0.0213901
0.0446831
0.0786509
0.1052329
0.1137272
0.1180219
0.1551810
0.2643194
0.4626653
0.7361710
1.0457824
1.3374950
1.5492207
1.6211877
1.5178976
1.2532153
0.8956760
0.5404510
0.2631240
0.0890314
-0.0012220
-0.0418827
-0.0575786
-0.0607889
-0.0615783
-0.0708297
-0.0928226
-0.1197581
-0.1386314
-0.1442576
-0.1434859
-0.1459210
-0.1526560
-0.1563392
-0.1514455
-0.1413629
-0.1339053
-0.1319242
-0.1312547
-0.1278382
-0.1238000
-0.1241848
-0.1288792
-0.1309527
-0.1245178
-0.1126897
-0.1053456
-0.1086045
-0.1182790
-0.1250544
-0.1251051
-0.1234502
-0.1264106
-0.1328423
-0.1351002
-0.1286418
-0.1185707
-0.1148708
-0.1213090
-0.1304987
-0.1308098
-0.1175496
-0.0962599
-0.0752405
-0.0566470
-0.0364601
-0.0124741
0.0101731
0.0230372
0.0232035
0.0163260
0.0103035
0.0071896
0.0028041
-0.0060092
-0.0158832
-0.0203379
-0.0179804
-0.0150039
-0.0182827
-0.0271868
-0.0342239
-0.0339153
-0.0290686
-0.0266989
-0.0286841
-0.0290025
-0.0214057
-0.0080438
0.0024021
0.0056094
0.0076057
0.0165900
0.0294636
0.0317494
0.0166675
0.0059618
0.0482816
0.1902813
0.4418250
0.7627513
1.0795571
1.3169247
1.4233734
1.3825646
1.2139243
0.9661271
0.7017183
0.4740434
0.3076840
0.1960262
0.1170107
0.0526493
-0.0031553
-0.0499223
-0.0879894
-0.1191221
-0.1429124
-0.1568438
-0.1613323
-0.1626699
-0.1684870
-0.1801963
-0.1917185
-0.1966540
-0.1956500
-0.1952827
-0.1999907
-0.2068203
-0.2091544
-0.2049383
-0.1998467
-0.2018015
-0.2129584
-0.2277571
-0.2385212
-0.2418584
-0.2391602
-0.2322053
-0.2204978
-0.2037451
-0.1854018
-0.1713925
-0.1644389
-0.1607865
-0.1541232
-0.1428962
-0.1323349
-0.1279707
-0.1277544
-0.1226097
-0.1059296
-0.0814703
-0.0600914
-0.0486241
-0.0435848
-0.0367440
-0.0254645
-0.0153883
-0.0127879
-0.0165545
-0.0198563
-0.0191517
-0.0189778
-0.0263976
-0.0422259
-0.0601781
-0.0746858
-0.0869400
-0.1014539
-0.1182399
-0.1313772
-0.1359130
-0.1337870
-0.1308673
-0.1292072
-0.1251532
-0.1160864
-0.1065511
-0.1045057
-0.1113573
-0.1187020
-0.1172421
-0.1076917
-0.0999799
-0.1012750
-0.1075598
-0.1091820
-0.1031975
-0.0968933
-0.0982632
-0.1056924
-0.1098095
-0.1049042
-0.0954985
-0.0903345
-0.0921216
-0.0960131
-0.0975153
-0.0981943
-0.1015094
-0.1053637
-0.1026939
-0.0902453
-0.0739957
-0.0633586
-0.0605674
-0.0581851
-0.0483500
-0.0334496
-0.0254232
-0.0322534
-0.0431337
-0.0258012
0.0599989
0.2405307
0.5100315
0.8258882
1.1191338
1.3157937
1.3612481
1.2398423
0.9833585
0.6632050
0.3648764
0.1526939
0.0434378
0.0068665
-0.0063228
-0.0300502
-0.0675591
-0.1029193
-0.1236432
-0.1324594
-0.1409690
-0.1563613
-0.1760498
-0.1933186
-0.2051024
-0.2133261
-0.2205080
-0.2262779
-0.2285032
-0.2265650
-0.2225662
-0.2194691
-0.2186399
-0.2195017
-0.2213670
-0.2249153
-0.2310980
-0.2384913
-0.2426168
-0.2389657
-0.2270440
-0.2111678
-0.1971483
-0.1882951
-0.1842627
-0.1826015
-0.1803329
-0.1743220
-0.1620491
-0.1440288
-0.1255984
-0.1143811
-0.1139913
-0.1200366
-0.1233834
-0.1179049
-0.1047364
-0.0891477
-0.0745026
-0.0602277
-0.0450826
-0.0308714
-0.0219876
-0.0214392
-0.0277907
-0.0361501
-0.0420731
-0.0446676
-0.0463849
-0.0501325
-0.0563622
-0.0625293
-0.0654472
-0.0646246
-0.0632756
-0.0653758
-0.0713233
-0.0769089
-0.0770168
-0.0702294
-0.0598256
-0.0510848
-0.0481892
-0.0526195
-0.0623282
-0.0715986
-0.0734558
-0.0649263
-0.0509140
-0.0415072
-0.0436268
-0.0550060
-0.0671632
-0.0741751
-0.0772178
-0.0802828
-0.0837583
-0.0847286
-0.0828132
-0.0822252
-0.0862601
-0.0919485
-0.0933757
-0.0902375
-0.0898387
-0.0982592
-0.1109224
-0.1152373
-0.1039394
-0.0840616
-0.0705896
-0.0715893
-0.0814622
-0.0889670
-0.0893958
-0.0869145
-0.0864254
-0.0866667
-0.0829744
-0.0751052
-0.0695546
-0.0732509
-0.0862010
-0.1016357
-0.1128398
-0.1179505
-0.1173907
-0.1089485
-0.0890183
-0.0596816
-0.0314566
-0.0150698
-0.0100231
-0.0046379
0.0096847
0.0259419
0.0288053
0.0189936
0.0297819
0.1137392
0.3062009
0.5957752
0.9249720
1.2151076
1.3928085
1.4065965
1.2402462
0.9272678
0.5524288
0.2225509
0.0142380
-0.0647011
-0.0673013
-0.0593794
-0.0734737
-0.1014408
-0.1222624
-0.1301666
-0.1362874
-0.1503004
-0.1677421
-0.1765859
-0.1725482
-0.1647150
-0.1663197
-0.1817559
-0.2030876
-0.2180355
-0.2202135
-0.2120607
-0.1997788
-0.1872567
-0.1750455
-0.1636279
-0.1557115
-0.1543415
-0.1590638
-0.1650245
-0.1668548
-0.1635478
-0.1587607
-0.1559757
-0.1543087
-0.1501805
-0.1425994
-0.1350457
-0.1314652
-0.1317289
-0.1325522
-0.1324713
-0.1339313
-0.1392124
-0.1452784
-0.1449367
-0.1342766
-0.1178057
-0.1042705
-0.0972512
-0.0917898
-0.0815443
-0.0678412
-0.0592013
-0.0615407
-0.0709133
-0.0777927
-0.0780066
-0.0773391
-0.0841394
-0.0984360
-0.1104583
-0.1106725
-0.0998938
-0.0879100
-0.0826347
-0.0826136
-0.0808619
-0.0742322
-0.0668392
-0.0643368
-0.0668883
-0.0694667
-0.0687016
-0.0673683
-0.0703435
-0.0765835
-0.0777644
-0.0671239
-0.0488095
-0.0351434
-0.0325784
-0.0323375
-0.0193570
0.0073427
0.0264212
0.0133554
-0.0264527
-0.0435893
0.0307959
0.2381445
0.5614797
0.9326444
1.2654570
1.4866800
1.5517115
1.4520611
1.2206405
0.9260607
0.6461925
0.4317524
0.2876287
0.1877080
0.1072076
0.0405929
-0.0077939
-0.0417044
-0.0744471
-0.1134342
-0.1502815
-0.1710252
-0.1742087
-0.1742258
-0.1857710
-0.2081305
-0.2274004
-0.2330467
-0.2293163
-0.2294398
-0.2407410
-0.2578311
-0.2700747
-0.2731695
-0.2719606
-0.2733555
-0.2787955
-0.2840054
-0.2845946
-0.2807243
-0.2763879
-0.2746613
-0.2741204
-0.2704757
-0.2619619
-0.2523282
-0.2472977
-0.2478990
-0.2483860
-0.2416899
-0.2265452
-0.2079959
-0.1903255
-0.1706883
-0.1418705
-0.1021709
-0.0608261
-0.0311451
-0.0178261
-0.0127386
-0.0042733
0.0102288
0.0226158
0.0237702
0.0135635
0.0004508
-0.0076923
-0.0109584
-0.0155891
-0.0261124
-0.0407336
-0.0545091
-0.0653779
-0.0754576
-0.0867304
-0.0972238
-0.1025725
-0.1009948
-0.0958679
-0.0929395
-0.0949712
-0.0993791
-0.1014847
-0.0999113
-0.0979939
-0.0995389
-0.1040833
-0.1074352
-0.1068050
-0.1043850
-0.1051736
-0.1112839
-0.1187231
-0.1203357
-0.1126265
-0.0998765
-0.0909346
-0.0913335
-0.0985374
-0.1050329
-0.1057919
-0.1024984
-0.1008280
-0.1041859
-0.1104915
-0.1151762
-0.1168136
-0.1185861
-0.1234427
-0.1288627
-0.1284865
-0.1196769
-0.1081702
-0.1036667
-0.1105054
-0.1232733
-0.1321060
-0.1324278
-0.1292355
-0.1314044
-0.1418522
-0.1540515
-0.1586716
-0.1530405
-0.1433819
-0.1382902
-0.1411699
-0.1491549
-0.1581357
-0.1673573
-0.1784101
-0.1901846
-0.1964631
-0.1904106
-0.1719927
-0.1497504
-0.1339771
-0.1281471
-0.1274859
-0.1255188
-0.1210881
-0.1186169
-0.1218712
-0.1281637
-0.1296578
-0.1211607
-0.1063278
-0.0949806
-0.0936623
-0.0993492
-0.1030712
-0.0995461
-0.0926694
-0.0911003
-0.0983839
-0.1080657
-0.1097246
-0.1000807
-0.0867129
-0.0796511
-0.0805820
-0.0824758
-0.0791968
-0.0721205
-0.0656609
-0.0592193
-0.0480747
-0.0327697
-0.0221536
-0.0196193
-0.0034022
0.0744111
0.2593417
0.5560204
0.9127121
1.2417005
1.4573346
1.5054793
1.3755592
1.1016660
0.7553663
0.4244227
0.1786401
0.0410874
-0.0136018
-0.0319409
-0.0481200
-0.0705556
-0.0927925
-0.1100968
-0.1237098
-0.1345708
-0.1403545
-0.1404682
-0.1398328
-0.1443059
-0.1537358
-0.1626341
-0.1679699
-0.1737413
-0.1858125
-0.2028564
-0.2149885
-0.2135027
-0.2016015
-0.1931658
-0.1995193
-0.2184303
-0.2373977
-0.2468732
-0.2486128
-0.2513788
-0.2602691
-0.2710119
-0.2739710
-0.2631502
-0.2414560
-0.2175059
-0.1977577
-0.1822461
-0.1675003
-0.1519838
-0.1376789
-0.1270512
-0.1195482
-0.1113666
-0.0988389
-0.0824414
-0.0669765
-0.0565762
-0.0495139
-0.0394168
-0.0223050
-0.0015281
0.0148771
0.0212036
0.0184893
0.0131016
0.0113790
0.0146236
0.0184419
0.0171177
0.0089449
-0.0025665
-0.0122433
-0.0177899
-0.0215961
-0.0284986
-0.0407062
-0.0542213
-0.0617393
-0.0606437
-0.0569493
-0.0589792
-0.0671676
-0.0722509
-0.0646564
-0.0450005
-0.0244462
-0.0142574
-0.0147814
-0.0153327
-0.0060283
0.0107185
0.0223895
0.0203324
0.0093720
0.0022109
0.0058958
0.0155881
0.0209865
0.0173282
0.0098556
0.0078645
0.0144459
0.0226816
0.0227265
0.0118806
-0.0037278
-0.0165611
-0.0244483
-0.0301052
-0.0364916
-0.0437576
-0.0495571
-0.0517291
-0.0511807
-0.0516388
-0.0556194
-0.0616464
-0.0669516
-0.0716695
-0.0778930
-0.0849033
-0.0876023
-0.0801719
-0.0606232
-0.0327256
-0.0046116
0.0161982
0.0289416
0.0406061
0.0589697
0.0840745
0.1068055
0.1166636
0.1148061
0.1247835
0.1894234
0.3472815
0.6019926
0.9111973
1.2050284
1.4150436
1.4913775
1.4088652
1.1751087
0.8396401
0.4880322
0.2108186
0.0591745
0.0180592
0.0233566
0.0147795
-0.0218228
-0.0618665
-0.0836082
-0.0924766
-0.1062254
-0.1295351
-0.1505047
-0.1563458
-0.1468080
-0.1339567
-0.1294516
-0.1294486
-0.1162086
-0.0830206
-0.0533863
