-0.1381237
-0.1358684
-0.1471797
-0.1519136
-0.1462723
-0.1384820
-0.1285105
-0.1102920
-0.0878430
-0.0694366
-0.0436583
0.0253409
0.1738716
0.4132154
0.7210952
1.0450553
1.3145476
1.4646700
1.4614922
1.3117240
1.0557817
0.7552294
0.4763242
0.2672112
0.1402268
0.0748097
0.0375316
0.0017664
-0.0426401
-0.0895450
-0.1263830
-0.1488777
-0.1661668
-0.1892766
-0.2172473
-0.2386836
-0.2454315
-0.2408887
-0.2355793
-0.2376641
-0.2476060
-0.2599395
-0.2696803
-0.2767951
-0.2835387
-0.2888986
-0.2891325
-0.2835829
-0.2757870
-0.2679401
-0.2585602
-0.2475524
-0.2394110
-0.2377557
-0.2387663
-0.2336499
-0.2178230
-0.1960488
-0.1779334
-0.1683736
-0.1627427
-0.1527294
-0.1371627
-0.1243102
-0.1211803
-0.1231029
-0.1181130
-0.1010686
-0.0792614
-0.0630939
-0.0545264
-0.0469185
-0.0348290
-0.0216488
-0.0164888
-0.0235890
-0.0362876
-0.0437306
-0.0434828
-0.0444284
-0.0557154
-0.0758105
-0.0954958
-0.1098326
-0.1230278
-0.1406998
-0.1601965
-0.1711804
-0.1662086
-0.1495900
-0.1340940
-0.1283565
-0.1292906
-0.1284810
-0.1237609
-0.1203836
-0.1210799
-0.1201815
-0.1108223
-0.0952560
-0.0838538
-0.0835760
-0.0901219
-0.0930937
-0.0879041
-0.0802960
-0.0779511
-0.0795580
-0.0759375
-0.0629058
-0.0489654
-0.0461101
-0.0545029
-0.0613301
-0.0564619
-0.0455267
-0.0434334
-0.0551021
-0.0663796
-0.0578973
-0.0284202
-0.0002515
0.0045835
-0.0039180
0.0216548
0.1355293
0.3589146
0.6646964
0.9928105
1.2753516
1.4525359
1.4812650
1.3473448
1.0799191
0.7509071
0.4470144
0.2275163
0.1001061
0.0340107
-0.0054454
-0.0345563
-0.0557146
-0.0721899
-0.0913017
-0.1154543
-0.1373745
-0.1483191
-0.1494182
-0.1513905
-0.1620563
-0.1766347
-0.1833332
-0.1780867
-0.1702515
-0.1719146
-0.1841667
-0.1971501
-0.2026297
-0.2026369
-0.2044328
-0.2097697
-0.2122702
-0.2056146
-0.1921960
-0.1815819
-0.1800059
-0.1829120
-0.1797698
-0.1661971
-0.1493883
-0.1404736
-0.1425916
-0.1477647
-0.1452165
-0.1319589
-0.1153280
-0.1055498
-0.1057548
-0.1093286
-0.1073625
-0.0981732
-0.0882706
-0.0839403
-0.0835150
-0.0791717
-0.0657921
-0.0468917
-0.0314299
-0.0250146
-0.0246431
-0.0225491
-0.0151428
-0.0071354
-0.0060808
-0.0136405
-0.0236056
-0.0286132
-0.0278379
-0.0276571
-0.0350291
-0.0502395
-0.0660990
-0.0747192
-0.0752235
-0.0739041
-0.0762748
-0.0803445
-0.0795870
-0.0722603
-0.0653497
-0.0672851
-0.0770873
-0.0829881
-0.0740392
-0.0532028
-0.0365831
-0.0374448
-0.0517273
-0.0620687
-0.0568513
-0.0428814
-0.0373260
-0.0484960
-0.0672835
-0.0779884
-0.0754002
-0.0691102
-0.0712315
-0.0822327
-0.0910465
-0.0886750
-0.0787682
-0.0727696
-0.0761560
-0.0826906
-0.0831008
-0.0770443
-0.0739448
-0.0818493
-0.0972162
-0.1074619
-0.1040254
-0.0918532
-0.0846073
-0.0906009
-0.1050133
-0.1166286
-0.1206178
-0.1227381
-0.1312550
-0.1466896
-0.1605551
-0.1635179
-0.1539050
-0.1382968
-0.1246797
-0.1157788
-0.1087133
-0.0995404
-0.0868981
-0.0721711
-0.0583065
-0.0486805
-0.0440354
-0.0366194
-0.0058512
0.0781806
0.2416685
0.4898397
0.7949581
1.0977917
1.3246311
1.4138543
1.3406381
1.1284546
0.8408403
0.5553020
0.3312527
0.1894370
0.1141164
0.0735143
0.0419654
0.0095554
-0.0221376
-0.0492040
-0.0704006
-0.0862871
-0.0971039
-0.1033389
-0.1074887
-0.1131107
-0.1214568
-0.1303978
-0.1376014
-0.1434982
-0.1493947
-0.1532225
-0.1496688
-0.1361872
-0.1181846
-0.1063074
-0.1073614
-0.1182109
-0.1295627
-0.1356548
-0.1388396
-0.1440268
-0.1505053
-0.1519560
-0.1447754
-0.1339013
-0.1284105
-0.1319466
-0.1391504
-0.1418897
-0.1379605
-0.1327317
-0.1323789
-0.1364595
-0.1379993
-0.1308425
-0.1161507
-0.1013058
-0.0929550
-0.0915619
-0.0921792
-0.0896405
-0.0828866
-0.0747265
-0.0677666
-0.0610255
-0.0512539
-0.0376699
-0.0242192
-0.0159138
-0.0131866
-0.0112527
-0.0058879
0.0006466
0.0005691
-0.0116503
-0.0323504
-0.0502573
-0.0560258
-0.0506129
-0.0439256
-0.0451001
-0.0543683
-0.0643325
-0.0684960
-0.0680326
-0.0702226
-0.0802975
-0.0948456
-0.1038305
-0.1000578
-0.0868710
-0.0757581
-0.0756566
-0.0845897
-0.0920473
-0.0895817
-0.0789364
-0.0696711
-0.0688074
-0.0732245
-0.0730372
-0.0627917
-0.0486045
-0.0432146
-0.0536715
-0.0741216
-0.0907400
-0.0936417
-0.0842667
-0.0718233
-0.0632617
-0.0573060
-0.0482958
-0.0347686
-0.0226528
-0.0195326
-0.0268842
-0.0390740
-0.0496320
-0.0573227
-0.0656679
-0.0773180
-0.0899738
-0.0983141
-0.0996460
-0.0970265
-0.0965058
-0.1014904
-0.1099175
-0.1165289
-0.1176029
-0.1139420
-0.1097969
-0.1085079
-0.1086336
-0.1050225
-0.0950067
-0.0833390
-0.0789624
-0.0854949
-0.0961036
-0.1001497
-0.0952386
-0.0901131
-0.0930434
-0.0984676
-0.0897209
-0.0580324
-0.0157056
0.0168940
0.0418880
0.0986373
0.2406557
0.4910698
0.8164907
1.1416447
1.3888569
1.5087827
1.4861406
1.3316378
1.0773908
0.7763324
0.4923850
0.2767806
0.1456044
0.0782565
0.0386709
0.0009595
-0.0398067
-0.0747593
-0.0951272
-0.1008971
-0.1002848
-0.1031326
-0.1139335
-0.1294158
-0.1424097
-0.1489547
-0.1523722
-0.1599765
-0.1749320
-0.1914332
-0.1990606
-0.1927008
-0.1777693
-0.1650037
-0.1603761
-0.1607777
-0.1593486
-0.1538898
-0.1492019
-0.1513057
-0.1601141
-0.1685837
-0.1695187
-0.1629531
-0.1560980
-0.1556951
-0.1609484
-0.1646149
-0.1608811
-0.1513949
-0.1430760
-0.1403161
-0.1401883
-0.1359821
-0.1251208
-0.1123799
-0.1045547
-0.1027998
-0.1017018
-0.0959120
-0.0859442
-0.0760931
-0.0675179
-0.0556643
-0.0358867
-0.0108560
0.0096329
0.0176018
0.0152765
0.0131838
0.0192712
0.0307120
0.0373839
0.0330199
0.0217346
0.0133014
0.0130156
0.0171207
0.0178932
0.0120020
0.0029247
-0.0045529
-0.0106700
-0.0200825
-0.0350625
-0.0509769
-0.0600702
-0.0597349
-0.0559082
-0.0574028
-0.0669202
-0.0782973
-0.0832022
-0.0804794
-0.0780486
-0.0847438
-0.1004364
-0.1152169
-0.1189544
-0.1113156
-0.1017784
-0.0997946
-0.1054095
-0.1098068
-0.1048230
-0.0913932
-0.0783627
-0.0734272
-0.0760741
-0.0795264
-0.0785104
-0.0740288
-0.0709702
-0.0726006
-0.0780920
-0.0844326
-0.0893601
-0.0923113
-0.0936358
-0.0937856
-0.0928711
-0.0899898
-0.0830742
-0.0709867
-0.0567484
-0.0469979
-0.0453147
-0.0459293
-0.0378504
-0.0186704
-0.0023286
-0.0065379
-0.0272177
-0.0261583
0.0503456
0.2345724
0.5143215
0.8415296
1.1579275
1.4103320
1.5493517
1.5320534
1.3447654
1.0296208
0.6798682
0.3933892
0.2177824
0.1335234
0.0869550
0.0389254
-0.0142811
-0.0575771
-0.0840781
-0.1025525
-0.1235069
-0.1456631
-0.1592087
-0.1595453
-0.1539798
-0.1544107
-0.1655460
-0.1814404
-0.1925450
-0.1949080
-0.1928015
-0.1936109
-0.2007483
-0.2110059
-0.2180336
-0.2183232
-0.2144162
-0.2126896
-0.2176611
-0.2278816
-0.2374052
-0.2415673
-0.2409368
-0.2388313
-0.2353454
-0.2258236
-0.2069162
-0.1834599
-0.1667532
-0.1640378
-0.1701521
-0.1716949
-0.1607264
-0.1434270
-0.1334044
-0.1362662
-0.1426907
-0.1382504
-0.1191260
-0.0959870
-0.0820511
-0.0793553
-0.0784784
-0.0708101
-0.0585036
-0.0511189
-0.0539051
-0.0617901
-0.0656398
-0.0628510
-0.0598940
-0.0645063
-0.0772499
-0.0920266
-0.1040149
-0.1150535
-0.1300803
-0.1488896
-0.1630890
-0.1628407
-0.1472875
-0.1275576
-0.1178432
-0.1225043
-0.1324163
-0.1349880
-0.1277235
-0.1207085
-0.1248647
-0.1385359
-0.1476016
-0.1399754
-0.1190276
-0.1007168
-0.0970302
-0.1040871
-0.1081434
-0.1018615
-0.0912139
-0.0851595
-0.0818406
-0.0699330
-0.0450462
-0.0205997
-0.0156658
-0.0276614
-0.0179104
0.0705788
0.2739792
0.5787115
0.9246549
1.2341451
1.4428370
1.5156046
1.4486297
1.2664507
1.0162031
0.7545876
0.5277280
0.3546902
0.2273026
0.1266217
0.0415123
-0.0263821
-0.0725324
-0.1007886
-0.1231075
-0.1489949
-0.1773147
-0.1997057
-0.2114796
-0.2176485
-0.2273829
-0.2432734
-0.2577845
-0.2613520
-0.2533408
-0.2435796
-0.2426633
-0.2517456
-0.2628282
-0.2685109
-0.2697536
-0.2730958
-0.2813240
-0.2891787
-0.2894620
-0.2820554
-0.2744087
-0.2723829
-0.2726631
-0.2666592
-0.2517022
-0.2356958
-0.2286764
-0.2306655
-0.2304406
-0.2175306
-0.1940465
-0.1725715
-0.1622700
-0.1591756
-0.1517694
-0.1349003
-0.1153903
-0.1030204
-0.0983006
-0.0919899
-0.0768156
-0.0571656
-0.0451374
-0.0475579
-0.0590332
-0.0687931
-0.0729888
-0.0780431
-0.0914955
-0.1115371
-0.1277044
-0.1318291
-0.1264435
-0.1212006
-0.1218631
-0.1245225
-0.1212065
-0.1100316
-0.0981939
-0.0942814
-0.0983280
-0.1007095
-0.0915809
-0.0712269
-0.0504838
-0.0404195
-0.0413044
-0.0418325
-0.0298255
-0.0043531
0.0232140
0.0422478
0.0594394
0.1033280
0.2105742
0.4034124
0.6747162
0.9893230
1.2967054
1.5444837
1.6879932
1.6986537
1.5732692
1.3392649
1.0481355
0.7569521
0.5082277
0.3198177
0.1875237
0.0944041
0.0207227
-0.0472397
-0.1110606
-0.1612064
-0.1873063
-0.1906134
-0.1863867
-0.1920495
-0.2120348
-0.2350553
-0.2468585
-0.2446345
-0.2377443
-0.2354522
-0.2369570
-0.2349041
-0.2265084
-0.2177890
-0.2161545
-0.2214176
-0.2265894
-0.2268906
-0.2252010
-0.2271581
-0.2324684
-0.2338689
-0.2255772
-0.2109651
-0.1996559
-0.1969799
-0.1982117
-0.1945607
-0.1839347
-0.1737406
-0.1722337
-0.1782985
-0.1815963
-0.1733906
-0.1561616
-0.1411268
-0.1361396
-0.1373121
-0.1336988
-0.1197732
-0.1017333
-0.0906916
-0.0904343
-0.0932457
-0.0882261
-0.0729937
-0.0562986
-0.0490619
-0.0536352
-0.0625738
-0.0675951
-0.0684096
-0.0717444
-0.0821501
-0.0953730
-0.1020518
-0.0978239
-0.0885694
-0.0846077
-0.0897901
-0.0974102
-0.0977372
-0.0891022
-0.0801195
-0.0801885
-0.0885914
-0.0944249
-0.0878881
-0.0709948
-0.0562606
-0.0546927
-0.0656329
-0.0787385
-0.0852965
-0.0863936
-0.0896017
-0.0988758
-0.1095474
-0.1138168
-0.1099272
-0.1043375
-0.1046223
-0.1113941
-0.1183407
-0.1200572
-0.1185875
-0.1211798
-0.1317153
-0.1453996
-0.1527600
-0.1488807
-0.1382970
-0.1306995
-0.1320454
-0.1399178
-0.1471886
-0.1495859
-0.1492116
-0.1507414
-0.1549693
-0.1570637
-0.1514817
-0.1380467
-0.1225952
-0.1116596
-0.1066395
-0.1026557
-0.0924299
-0.0718628
-0.0437622
-0.0172907
-0.0018407
0.0031090
0.0159065
0.0703792
0.2009977
0.4232289
0.7208179
1.0456830
1.3279073
1.4925988
1.4839371
1.2926197
0.9707489
0.6153894
0.3219378
0.1368447
0.0449580
-0.0014110
-0.0403900
-0.0810708
-0.1150960
-0.1375952
-0.1537293
-0.1696792
-0.1844148
-0.1927604
-0.1934816
-0.1911055
-0.1905277
-0.1927932
-0.1968964
-0.2031853
-0.2124999
-0.2224505
-0.2271311
-0.2222137
-0.2098994
-0.1976133
-0.1914434
-0.1913093
-0.1926506
-0.1920589
-0.1904697
-0.1910592
-0.1949588
-0.1995807
-0.2009073
-0.1971562
-0.1905584
-0.1860726
-0.1881361
-0.1976117
-0.2109666
-0.2225407
-0.2286157
-0.2300444
-0.2307230
-0.2329672
-0.2346570
-0.2318718
-0.2244161
-0.2171818
-0.2143869
-0.2128603
-0.2032975
-0.1797531
-0.1471108
-0.1173266
-0.0978448
-0.0850045
-0.0697603
-0.0488362
-0.0284602
-0.0170436
-0.0161036
-0.0198652
-0.0228361
-0.0255107
-0.0318490
-0.0426867
-0.0535246
-0.0590725
-0.0588855
-0.0576531
-0.0599579
-0.0652161
-0.0682249
-0.0649248
-0.0573005
-0.0516545
-0.0514121
-0.0524799
-0.0475408
-0.0355078
-0.0248128
-0.0249034
-0.0347119
-0.0424877
-0.0388490
-0.0277591
-0.0209092
-0.0216384
-0.0197240
-0.0060449
0.0112998
0.0148365
0.0079417
0.0345099
0.1589676
0.4167645
0.7779464
1.1561843
1.4542351
1.6081924
1.6027682
1.4605315
1.2248100
0.9477060
0.6801148
0.4593105
0.2988538
0.1893103
0.1105109
0.0463994
-0.0075590
-0.0473765
-0.0693349
-0.0770147
-0.0810330
-0.0915549
-0.1099917
-0.1281793
-0.1370883
-0.1370649
-0.1384978
-0.1510322
-0.1724075
-0.1897083
-0.1926922
-0.1849405
-0.1802998
-0.1883309
-0.2048133
-0.2175001
-0.2200767
-0.2184790
-0.2229925
-0.2357604
-0.2480552
-0.2501813
-0.2426340
-0.2359980
-0.2397439
-0.2521455
-0.2619681
-0.2597531
-0.2466659
-0.2320723
-0.2230746
-0.2172223
-0.2056960
-0.1831198
-0.1534797
-0.1261015
-0.1063176
-0.0909737
-0.0734389
-0.0522807
-0.0337002
-0.0247258
-0.0245835
-0.0241502
-0.0149322
0.0015367
0.0141007
0.0124337
-0.0029031
-0.0210878
-0.0316287
-0.0340031
-0.0367649
-0.0476716
-0.0654200
-0.0813415
-0.0887449
-0.0898080
-0.0929027
-0.1035678
-0.1189869
-0.1317219
-0.1381256
-0.1417394
-0.1478983
-0.1561439
-0.1598242
-0.1537156
-0.1402796
-0.1259549
-0.1110920
-0.0866297
-0.0443335
0.0097058
0.0565375
0.0853476
0.1155243
0.1947753
0.3685490
0.6440736
0.9790195
1.3027073
1.5497187
1.6798380
1.6775803
1.5454839
1.3052079
1.0026524
0.7014978
0.4591779
0.2999133
0.2072489
0.1434755
0.0798587
0.0129752
-0.0433876
-0.0788614
-0.0985328
-0.1166763
-0.1415740
-0.1683528
-0.1864868
-0.1925979
-0.1943959
-0.2021567
-0.2178386
-0.2339239
-0.2427995
-0.2458089
-0.2517999
-0.2668410
-0.2863965
-0.2983462
-0.2936473
-0.2739751
-0.2495855
-0.2306240
-0.2204912
-0.2162827
-0.2138794
-0.2117703
-0.2105576
-0.2101629
-0.2086355
-0.2039152
-0.1962594
-0.1882679
-0.1821666
-0.1772496
-0.1705799
-0.1606365
-0.1499273
-0.1429483
-0.1407616
-0.1380219
-0.1268197
-0.1046156
-0.0781786
-0.0585459
-0.0513239
-0.0522074
-0.0525757
-0.0491911
-0.0472791
-0.0534524
-0.0665141
-0.0770472
-0.0770926
-0.0695578
-0.0665107
-0.0772091
-0.0979678
-0.1144986
-0.1146594
-0.0990219
-0.0791393
-0.0659304
-0.0601498
-0.0540417
-0.0414956
-0.0256435
-0.0161348
-0.0193746
-0.0321387
-0.0450107
-0.0515491
-0.0533082
-0.0558657
-0.0611361
-0.0651398
-0.0636397
-0.0584818
-0.0564516
-0.0615283
-0.0698929
-0.0743280
-0.0733431
-0.0739193
-0.0836459
-0.1008146
-0.1144617
-0.1154322
-0.1064387
-0.0994421
-0.1028710
-0.1130337
-0.1194709
-0.1179033
-0.1155674
-0.1226143
-0.1395886
-0.1556278
-0.1595035
-0.1507525
-0.1384330
-0.1299128
-0.1235978
-0.1138898
-0.1010723
-0.0926936
-0.0941028
-0.1002179
-0.0997960
-0.0877796
-0.0704329
-0.0565253
-0.0458510
-0.0306020
-0.0084315
0.0114585
0.0224143
0.0426468
0.1182989
0.2952474
0.5799642
0.9236878
1.2436553
1.4622465
1.5340997
1.4502321
1.2313758
0.9239847
0.5955811
0.3173889
0.1353218
0.0493453
0.0205832
0.0024525
-0.0294981
-0.0715338
-0.1084831
-0.1330947
-0.1505995
-0.1691531
-0.1897608
-0.2060010
-0.2115887
-0.2066731
-0.1971803
-0.1893784
-0.1856225
-0.1846242
-0.1846780
-0.1859599
-0.1897309
-0.1957795
-0.2013056
-0.2028855
-0.1996845
-0.1943861
-0.1905789
-0.1893815
-0.1891648
-0.1886051
-0.1890203
-0.1925432
-0.1981028
-0.2008100
-0.1968410
-0.1886724
-0.1837304
-0.1867104
-0.1940950
-0.1979807
-0.1954791
-0.1924049
-0.1959485
-0.2045885
-0.2080240
-0.1985162
-0.1805892
-0.1667666
-0.1634638
-0.1637788
-0.1563832
-0.1400897
-0.1260002
-0.1238131
-0.1286475
-0.1250403
-0.1043617
-0.0753300
-0.0550805
-0.0512683
-0.0560624
-0.0581470
-0.0571687
-0.0628416
-0.0803713
-0.1008236
-0.1089488
-0.0996530
-0.0837770
-0.0764323
-0.0813500
-0.0886811
-0.0875958
-0.0783894
-0.0706310
-0.0708651
-0.0750444
-0.0741946
-0.0657158
-0.0565397
-0.0548082
-0.0606269
-0.0670231
-0.0692946
-0.0706266
-0.0768776
-0.0874400
-0.0944397
-0.0921711
-0.0852743
-0.0848013
-0.0959115
-0.1115999
-0.1200099
-0.1166386
-0.1072311
-0.0991048
-0.0927559
-0.0840892
-0.0730181
-0.0658730
-0.0678382
-0.0756124
-0.0807401
-0.0798968
-0.0786426
-0.0832969
-0.0914154
-0.0937777
-0.0859468
-0.0745690
-0.0699530
-0.0741898
-0.0798617
-0.0803711
-0.0776233
-0.0768244
-0.0763813
-0.0684167
-0.0506797
-0.0323363
-0.0201738
0.0033904
0.0833885
0.2647948
0.5546070
0.9064079
1.2396452
1.4753862
1.5623567
1.4850322
1.2634056
0.9512429
0.6257327
0.3607784
0.1941025
0.1128614
0.0719679
0.0309646
-0.0213046
-0.0717151
-0.1061873
-0.1255834
-0.1412057
-0.1600182
-0.1779995
-0.1875341
-0.1881587
-0.1877323
-0.1935284
-0.2042882
-0.2122728
-0.2124346
-0.2081346
-0.2074553
-0.2148523
-0.2273711
-0.2387123
-0.2456901
-0.2499386
-0.2540716
-0.2578254
-0.2588553
-0.2565914
-0.2538987
-0.2544878
-0.2595791
-0.2679193
-0.2783181
-0.2902976
-0.3013965
-0.3053287
-0.2954831
-0.2716712
-0.2425726
-0.2197369
-0.2083743
-0.2044322
-0.2007704
-0.1949902
-0.1899874
-0.1875298
-0.1837404
-0.1726120
-0.1532223
-0.1315411
-0.1145378
-0.1037641
-0.0957457
-0.0876903
-0.0808346
-0.0777280
-0.0780150
-0.0788154
-0.0790126
-0.0811234
-0.0876502
-0.0965626
-0.1022366
-0.1011899
-0.0953137
-0.0880148
-0.0778563
-0.0584648
-0.0267012
0.0094780
0.0341734
0.0385268
0.0358822
0.0630666
0.1641491
0.3664789
0.6634492
1.0121903
1.3452133
1.5904177
1.6934642
1.6358616
1.4410767
1.1641555
0.8691138
0.6062787
0.4009119
0.2552207
0.1573057
0.0899846
0.0372894
-0.0108550
-0.0567983
-0.0978353
-0.1315049
-0.1584473
-0.1805172
-0.1978328
-0.2094773
-0.2168660
-0.2243481
-0.2351590
-0.2477771
-0.2580254
-0.2646551
-0.2709004
-0.2794999
-0.2878832
-0.2907434
-0.2872456
-0.2828008
-0.2817043
-0.2797415
-0.2676232
-0.2427124
-0.2145974
-0.1962257
-0.1902481
-0.1871998
-0.1780884
-0.1657646
-0.1604952
-0.1651256
-0.1691312
-0.1602751
-0.1399938
-0.1228015
-0.1193192
-0.1232357
-0.1182351
-0.0966319
-0.0674627
-0.0452806
-0.0343574
-0.0271495
-0.0167980
-0.0063353
-0.0033220
-0.0084950
-0.0142568
-0.0147715
-0.0135837
-0.0183245
-0.0299404
-0.0415411
-0.0487770
-0.0573497
-0.0762266
-0.1042555
-0.1279456
-0.1350377
-0.1281600
-0.1215686
-0.1243529
-0.1304250
-0.1275298
-0.1139347
-0.1017265
-0.1022278
-0.1114383
-0.1136614
-0.0992938
-0.0757048
-0.0588820
-0.0565071
-0.0621319
-0.0654444
-0.0645378
-0.0655509
-0.0719188
-0.0779853
-0.0751918
-0.0628254
-0.0496742
-0.0441647
-0.0445183
-0.0406320
-0.0259887
-0.0061880
0.0067061
0.0106496
0.0259044
0.0901359
0.2374440
0.4758154
0.7780149
1.0891590
1.3428252
1.4774022
1.4518791
1.2623451
0.9523861
0.6040338
0.3050065
0.1087854
0.0150794
-0.0157565
-0.0285525
-0.0476071
-0.0747094
-0.1024169
-0.1249684
-0.1399482
-0.1467045
-0.1471433
-0.1462739
-0.1484963
-0.1529474
-0.1548051
-0.1522027
-0.1499253
-0.1541913
-0.1646740
-0.1745043
-0.1790083
-0.1819465
-0.1905541
-0.2054008
-0.2186323
-0.2236684
-0.2240612
-0.2294643
-0.2430605
-0.2564228
-0.2591926
-0.2523892
-0.2488131
-0.2590092
-0.2786644
-0.2920968
-0.2880011
-0.2698188
-0.2500173
-0.2362797
-0.2257266
-0.2121800
-0.1957783
-0.1828491
-0.1771384
-0.1741642
-0.1659024
-0.1497832
-0.1307302
-0.1139179
-0.0977169
-0.0761574
-0.0481540
-0.0216971
-0.0068542
-0.0052605
-0.0087311
-0.0091554
-0.0082299
-0.0152822
-0.0351909
-0.0603229
-0.0764754
-0.0770837
-0.0701811
-0.0701523
-0.0830661
-0.1014623
-0.1138162
-0.1175708
-0.1210522
-0.1324956
-0.1489612
-0.1578753
-0.1497041
-0.1278817
-0.1052814
-0.0915303
-0.0853539
-0.0796808
-0.0720886
-0.0673095
-0.0689911
-0.0719004
-0.0657722
-0.0474124
-0.0262101
-0.0148118
-0.0146827
-0.0139600
-0.0014653
0.0193039
0.0341317
0.0368025
0.0396036
0.0599300
0.0961723
0.1228633
0.1170207
0.0921274
0.1031562
0.2122475
0.4432633
0.7634603
1.1026989
1.3869033
1.5584717
1.5807199
1.4425607
1.1703235
0.8313841
0.5119364
0.2761414
0.1374869
0.0659067
0.0216737
-0.0159372
-0.0469984
-0.0681181
-0.0842123
-0.1033153
-0.1256557
-0.1433679
-0.1512020
-0.1537491
-0.1596224
-0.1701454
-0.1771001
-0.1726406
-0.1593936
-0.1485472
-0.1481482
-0.1552339
-0.1605068
-0.1594080
-0.1565172
-0.1588964
-0.1671834
-0.1751127
-0.1773634
-0.1759127
-0.1776325
-0.1865219
-0.1997201
-0.2113141
-0.2188321
-0.2248079
-0.2321959
-0.2397767
-0.2433697
-0.2412338
-0.2366108
-0.2336974
-0.2315861
-0.2239204
-0.2058788
-0.1812325
-0.1608263
-0.1524445
-0.1520451
-0.1464149
-0.1258419
-0.0940496
-0.0646145
-0.0474561
-0.0400015
-0.0323302
-0.0197087
-0.0077796
-0.0047125
-0.0101620
-0.0146028
-0.0100858
0.0004300
0.0064836
0.0021700
-0.0078186
-0.0153147
-0.0195771
-0.0278020
-0.0443758
-0.0628105
-0.0716532
-0.0682084
-0.0631849
-0.0694109
-0.0872592
-0.1044928
-0.1113909
-0.1128289
-0.1216107
-0.1401931
-0.1535020
-0.1435286
-0.1101045
-0.0735816
-0.0554222
-0.0581345
-0.0663842
-0.0663358
-0.0599922
-0.0589766
-0.0675076
-0.0763616
-0.0746738
-0.0639317
-0.0563941
-0.0601500
-0.0695240
-0.0723853
-0.0649995
-0.0564221
-0.0576516
-0.0688065
-0.0790841
-0.0787481
-0.0689565
-0.0589801
-0.0554779
-0.0567101
-0.0572586
-0.0561474
-0.0584142
-0.0689990
-0.0865416
-0.1037610
-0.1135033
-0.1144474
-0.1118131
-0.1129815
-0.1213894
-0.1330091
-0.1383967
-0.1297309
-0.1077278
-0.0817173
-0.0612140
-0.0463865
-0.0282686
-0.0005761
0.0292717
0.0451272
0.0428114
0.0472210
0.1058814
0.2599582
0.5152151
0.8349121
1.1557183
1.4098309
1.5397330
1.5083470
1.3131541
0.9993590
0.6532938
0.3665703
0.1899968
0.1126871
0.0837349
0.0565679
0.0175763
-0.0205986
-0.0455640
-0.0609651
-0.0787962
-0.1029629
-0.1254723
-0.1382368
-0.1442715
-0.1543316
-0.1736656
-0.1950234
-0.2058187
-0.2009242
-0.1871714
-0.1757456
-0.1715896
-0.1708323
-0.1675736
-0.1614708
-0.1577598
-0.1603937
-0.1664748
-0.1683162
-0.1610200
-0.1476368
-0.1364805
-0.1331367
-0.1352160
-0.1353429
-0.1293342
-0.1207045
-0.1163724
-0.1182990
-0.1206649
-0.1160969
-0.1041688
-0.0927100
-0.0902904
-0.0977614
-0.1076396
-0.1117504
-0.1089711
-0.1051443
-0.1057726
-0.1096085
-0.1098323
-0.1012868
-0.0862549
-0.0731336
-0.0692988
-0.0746511
-0.0816182
-0.0816503
-0.0723527
-0.0587684
-0.0479746
-0.0426403
-0.0397711
-0.0351232
-0.0280956
-0.0220750
-0.0204024
-0.0226420
-0.0252066
-0.0254752
-0.0246223
-0.0258235
-0.0298582
-0.0332818
-0.0315873
-0.0242058
-0.0159625
-0.0130481
-0.0172152
-0.0241664
-0.0282586
-0.0288335
-0.0309388
-0.0389173
-0.0499099
-0.0554624
-0.0505602
-0.0403093
-0.0361898
-0.0451119
-0.0627827
-0.0785900
-0.0867380
-0.0914289
-0.1004490
-0.1145281
-0.1246282
-0.1203958
-0.1007156
-0.0754503
-0.0571702
-0.0514137
-0.0541088
-0.0570908
-0.0557649
-0.0522931
-0.0523114
-0.0586809
-0.0680247
-0.0732463
-0.0698816
-0.0603751
-0.0518203
-0.0488947
-0.0491946
-0.0464067
-0.0379876
-0.0278679
-0.0201561
-0.0119219
0.0039453
0.0274812
0.0474359
0.0550413
0.0654613
0.1225162
0.2742685
0.5354075
0.8675126
1.1934613
1.4328880
1.5320306
1.4742971
1.2779613
0.9909519
0.6812643
0.4164296
0.2368997
0.1411764
0.0957111
0.0623305
0.0215306
-0.0238875
-0.0615871
-0.0837980
-0.0920648
-0.0937008
-0.0964558
-0.1047695
-0.1175634
-0.1286394
-0.1314521
-0.1256704
-0.1186720
-0.1188068
-0.1265976
-0.1336822
-0.1316151
-0.1216095
-0.1144714
-0.1200203
-0.1367670
-0.1529298
-0.1580447
-0.1530253
-0.1482211
-0.1520289
-0.1624343
-0.1700283
-0.1685456
-0.1614936
-0.1581697
-0.1636299
-0.1732889
-0.1776810
-0.1719411
-0.1596626
-0.1474973
-0.1374489
-0.1258827
-0.1097523
-0.0920034
-0.0794499
-0.0754294
-0.0756050
-0.0718574
-0.0603344
-0.0451205
-0.0336891
-0.0291508
-0.0274774
-0.0221457
-0.0109358
0.0017460
0.0085409
0.0050087
-0.0072112
-0.0221979
-0.0347789
-0.0443192
-0.0537231
-0.0646989
-0.0744607
-0.0780081
-0.0742913
-0.0696885
-0.0738037
-0.0902562
-0.1117082
-0.1258030
-0.1274413
-0.1244962
-0.1296627
-0.1463023
-0.1637211
-0.1675033
-0.1538971
-0.1328383
-0.1170293
-0.1097752
-0.1046236
-0.0953254
-0.0828103
-0.0711282
-0.0597106
-0.0443066
-0.0259632
-0.0133920
-0.0093453
0.0076503
0.0836691
0.2631445
0.5530120
0.9056159
1.2349116
1.4553052
1.5181110
1.4262453
1.2243741
0.9747044
0.7318937
0.5273884
0.3677497
0.2442569
0.1451817
0.0626859
-0.0068301
-0.0645345
-0.1100570
-0.1426272
-0.1637165
-0.1787951
-0.1949645
-0.2156186
-0.2375822
-0.2543693
-0.2625211
-0.2641080
-0.2627044
-0.2581451
-0.2471446
-0.2293538
-0.2108972
-0.2000459
-0.1994892
-0.2041122
-0.2067533
-0.2053938
-0.2041778
-0.2078526
-0.2160712
-0.2235505
-0.2255293
-0.2224763
-0.2192173
-0.2198472
-0.2239197
-0.2273561
-0.2265476
-0.2216598
-0.2164198
-0.2145666
-0.2158836
-0.2156928
-0.2089975
-0.1954915
-0.1799813
-0.1674143
-0.1578362
-0.1468700
-0.1312584
-0.1134436
-0.1000690
-0.0956923
-0.0982378
-0.1010494
-0.0992435
-0.0934193
-0.0872474
-0.0826816
-0.0785434
-0.0732697
-0.0677245
-0.0647287
-0.0660838
-0.0702888
-0.0733025
-0.0720073
-0.0673834
-0.0640347
-0.0658505
-0.0718123
-0.0765340
-0.0756824
-0.0711116
-0.0699183
-0.0772374
-0.0897553
-0.0977421
-0.0949576
-0.0861162
-0.0828567
-0.0918315
-0.1080240
-0.1206488
-0.1246018
-0.1246399
-0.1284956
-0.1375830
-0.1457852
-0.1470817
-0.1429811
-0.1414621
-0.1488939
-0.1638578
-0.1788709
-0.1871841
-0.1875631
-0.1835528
-0.1792463
-0.1756306
-0.1704421
-0.1617653
-0.1519589
-0.1469415
-0.1501513
-0.1575473
-0.1605801
-0.1552495
-0.1470322
-0.1448746
-0.1501717
-0.1538676
-0.1464711
-0.1300459
-0.1171875
-0.1168560
-0.1239247
-0.1258531
-0.1181557
-0.1082328
-0.1023415
-0.0941259
-0.0726221
-0.0410626
-0.0191648
-0.0178578
-0.0104343
0.0641546
0.2595047
0.5757229
0.9501648
1.2906882
1.5191986
1.5931156
1.5039050
1.2729942
0.9533257
0.6224686
0.3549820
0.1871822
0.1035638
0.0583870
0.0138125
-0.0381103
-0.0839740
-0.1124192
-0.1266712
-0.1377440
-0.1516375
-0.1660683
-0.1771909
-0.1855457
-0.1945401
-0.2052075
-0.2144238
-0.2184819
-0.2176360
-0.2164360
-0.2194100
-0.2267607
-0.2346568
-0.2394759
-0.2411693
-0.2424800
-0.2454230
-0.2487109
-0.2484290
-0.2415256
-0.2292907
-0.2173425
-0.2114241
-0.2128143
-0.2179464
-0.2221807
-0.2232555
-0.2211796
-0.2159727
-0.2067420
-0.1933865
-0.1787784
-0.1681247
-0.1648675
-0.1669459
-0.1681929
-0.1643388
-0.1571299
-0.1516239
-0.1496901
-0.1472057
-0.1380664
-0.1206472
-0.1000412
-0.0838358
-0.0756017
-0.0727475
-0.0710122
-0.0703253
-0.0747561
-0.0863237
-0.1004062
-0.1089789
-0.1084935
-0.1035150
-0.1019008
-0.1066839
-0.1135960
-0.1171620
-0.1183582
-0.1241017
-0.1381005
-0.1540068
-0.1603242
-0.1522356
-0.1363186
-0.1225419
-0.1134966
-0.1037668
-0.0894797
-0.0756143
-0.0713734
-0.0784421
-0.0864248
-0.0824471
-0.0651085
-0.0465567
-0.0395990
-0.0444556
-0.0501011
-0.0477140
-0.0401906
-0.0374803
-0.0440867
-0.0531407
-0.0535391
-0.0422521
-0.0279882
-0.0214660
-0.0227197
-0.0202597
-0.0041511
0.0210943
0.0388829
0.0378451
0.0287395
0.0454992
0.1284387
0.3018173
0.5607032
0.8719989
1.1830504
1.4312908
1.5573206
1.5255622
1.3446929
1.0699647
0.7787143
0.5330036
0.3557112
0.2350052
0.1480392
0.0809057
0.0304525
-0.0057614
-0.0348314
-0.0629543
-0.0887506
-0.1059981
-0.1124697
-0.1134044
-0.1159649
-0.1224356
-0.1299339
-0.1353939
-0.1390499
-0.1428361
-0.1466780
-0.1479852
-0.1453439
-0.1415045
-0.1411345
-0.1458175
-0.1528524
-0.1592793
-0.1654719
-0.1737201
-0.1841047
-0.1927904
-0.1944271
-0.1864682
-0.1719850
-0.1582230
-0.1512004
-0.1511144
-0.1534737
-0.1545106
-0.1542495
-0.1539860
-0.1522958
-0.1453005
-0.1314330
-0.1152940
-0.1052226
-0.1053525
-0.1100928
-0.1085390
-0.0956484
-0.0776393
-0.0647218
-0.0597096
-0.0561265
-0.0472798
-0.0347328
-0.0266297
-0.0287654
-0.0387278
-0.0491835
-0.0562293
-0.0631081
-0.0748495
-0.0905816
-0.1035607
-0.1088792
-0.1084936
-0.1072011
-0.1056039
-0.0994578
-0.0857857
-0.0680098
-0.0541768
-0.0499082
-0.0530524
-0.0559141
-0.0534266
-0.0483445
-0.0471668
-0.0518089
-0.0574225
-0.0584919
-0.0550611
-0.0521148
-0.0539033
-0.0594371
-0.0630466
-0.0595631
-0.0497451
-0.0403169
-0.0378836
-0.0432253
-0.0520643
-0.0601749
-0.0663915
-0.0716130
-0.0767020
-0.0813533
-0.0842223
-0.0846831
-0.0849516
-0.0891955
-0.0993848
-0.1128530
-0.1247387
-0.1318265
-0.1334921
-0.1305803
-0.1246438
-0.1172400
-0.1090638
-0.1006800
-0.0943805
-0.0936743
-0.1000976
-0.1116115
-0.1244585
-0.1354998
-0.1431152
-0.1477134
-0.1512342
-0.1541867
-0.1535997
-0.1465582
-0.1358045
-0.1287865
-0.1299443
-0.1358459
-0.1390858
-0.1360855
-0.1306282
-0.1298948
-0.1361943
-0.1425743
-0.1391272
-0.1248102
-0.1097224
-0.1031777
-0.1030499
-0.1009599
-0.0948720
-0.0902814
-0.0889422
-0.0823093
-0.0600118
-0.0238042
0.0106258
0.0313454
0.0546304
0.1295079
0.3076276
0.5992138
0.9555795
1.2929588
1.5317041
1.6204592
1.5428487
1.3187253
1.0012070
0.6634026
0.3760329
0.1833686
0.0869242
0.0498323
0.0260813
-0.0073609
-0.0459243
-0.0785988
-0.1033465
-0.1225165
-0.1361161
-0.1449219
-0.1519175
-0.1573545
-0.1604965
-0.1669561
-0.1823568
-0.1967369
-0.1905997
-0.1629101
