-0.1038567
-0.3162641
-0.0576693
0.0729256
-0.0587224
-0.1225168
-0.0102827
0.0526513
-0.0090614
-0.0162920
0.1020429
0.2387626
0.3969731
0.7066337
1.1403686
1.4952004
1.6652203
1.7002583
1.6158872
1.3733184
1.0349366
0.7370626
0.5149465
0.3148313
0.1445335
0.0566922
0.0227949
-0.0295609
-0.0916450
-0.1110978
-0.1058303
-0.1249538
-0.1496914
-0.1401854
-0.1250474
-0.1467234
-0.1756818
-0.1673542
-0.1452097
-0.1486761
-0.1598669
-0.1518318
-0.1462686
-0.1615184
-0.1680864
-0.1500458
-0.1442675
-0.1708593
-0.1915046
-0.1787282
-0.1604249
-0.1606228
-0.1619868
-0.1558193
-0.1632938
-0.1833080
-0.1837827
-0.1630910
-0.1576032
-0.1761085
-0.1881191
-0.1836847
-0.1841086
-0.1914798
-0.1871256
-0.1778702
-0.1857854
-0.1980978
-0.1837561
-0.1507335
-0.1326957
-0.1303253
-0.1170241
-0.0889008
-0.0620350
-0.0374463
-0.0118566
-0.0016603
-0.0156732
-0.0287142
-0.0198000
-0.0087152
-0.0196811
-0.0398780
-0.0478799
-0.0506772
-0.0601616
-0.0656525
-0.0597010
-0.0589440
-0.0731508
-0.0855025
-0.0850951
-0.0862165
-0.0980659
-0.1091541
-0.1149648
-0.1258354
-0.1378469
-0.1333762
-0.1183661
-0.1206780
-0.1446678
-0.1649050
-0.1697612
-0.1745713
-0.1883265
-0.2018895
-0.2100629
-0.2136605
-0.2035680
-0.1740683
-0.1449007
-0.1391024
-0.1481289
-0.1482618
-0.1388875
-0.1350651
-0.1368826
-0.1358022
-0.1363893
-0.1438086
-0.1455453
-0.1313643
-0.1147598
-0.1113877
-0.1140601
-0.1092782
-0.0985004
-0.0852909
-0.0644117
-0.0408886
-0.0347196
-0.0467506
-0.0394466
0.0346191
0.2027803
0.4713662
0.8196916
1.1801853
1.4522996
1.5559198
1.4651053
1.2021160
0.8316752
0.4574449
0.1796044
0.0332171
-0.0190954
-0.0348053
-0.0497752
-0.0769211
-0.1127536
-0.1418111
-0.1558390
-0.1671781
-0.1875288
-0.2047911
-0.2015937
-0.1845262
-0.1727839
-0.1698518
-0.1681809
-0.1693458
-0.1778108
-0.1862194
-0.1864673
-0.1842581
-0.1867333
-0.1887305
-0.1850831
-0.1816010
-0.1816435
-0.1782451
-0.1702246
-0.1680407
-0.1740202
-0.1760842
-0.1699741
-0.1674858
-0.1740551
-0.1784210
-0.1729589
-0.1656030
-0.1651063
-0.1718296
-0.1861432
-0.2076143
-0.2247518
-0.2247542
-0.2137586
-0.2088278
-0.2114090
-0.2074563
-0.1909453
-0.1685179
-0.1446607
-0.1204743
-0.1021904
-0.0933650
-0.0845724
-0.0672050
-0.0497556
-0.0443758
-0.0462874
-0.0426375
-0.0329510
-0.0261734
-0.0265501
-0.0345973
-0.0510095
-0.0687889
-0.0746555
-0.0688230
-0.0690309
-0.0844942
-0.1006480
-0.1000693
-0.0844243
-0.0668973
-0.0569666
-0.0596970
-0.0753009
-0.0931322
-0.1003600
-0.1007820
-0.1104569
-0.1324623
-0.1517548
-0.1567988
-0.1507250
-0.1405220
-0.1307744
-0.1275958
-0.1332280
-0.1379454
-0.1317947
-0.1211359
-0.1189292
-0.1234352
-0.1221075
-0.1119885
-0.1012754
-0.0952434
-0.0939250
-0.0980183
-0.1050003
-0.1064676
-0.1004719
-0.0979400
-0.1062626
-0.1164044
-0.1169198
-0.1105625
-0.1069706
-0.1091779
-0.1161354
-0.1276485
-0.1390649
-0.1425935
-0.1406285
-0.1456657
-0.1612132
-0.1755041
-0.1794157
-0.1779424
-0.1794476
-0.1857639
-0.1956729
-0.2056571
-0.2061489
-0.1908138
-0.1704388
-0.1636316
-0.1727194
-0.1816422
-0.1774728
-0.1618624
-0.1429914
-0.1285256
-0.1241189
-0.1272005
-0.1256380
-0.1132289
-0.1010396
-0.1022545
-0.1123692
-0.1163760
-0.1094781
-0.0993671
-0.0938098
-0.0956694
-0.1037043
-0.1102324
-0.1059321
-0.0937783
-0.0881439
-0.0931770
-0.0939532
-0.0774575
-0.0499549
-0.0215727
0.0201023
0.1130272
0.2990164
0.5934426
0.9591726
1.3056952
1.5296274
1.5701799
1.4304083
1.1580520
0.8226540
0.5028743
0.2641066
0.1286817
0.0714810
0.0484756
0.0268896
-0.0048459
-0.0410513
-0.0696577
-0.0866927
-0.0996237
-0.1131091
-0.1203572
-0.1171399
-0.1142330
-0.1231756
-0.1373682
-0.1410799
-0.1323573
-0.1246977
-0.1289866
-0.1429888
-0.1556410
-0.1557167
-0.1413857
-0.1258125
-0.1263738
-0.1445180
-0.1644850
-0.1744532
-0.1781032
-0.1820941
-0.1848530
-0.1833776
-0.1797056
-0.1746920
-0.1653826
-0.1536789
-0.1482286
-0.1527819
-0.1600141
-0.1598448
-0.1480534
-0.1274361
-0.1075218
-0.1001333
-0.1060610
-0.1095156
-0.0959974
-0.0721664
-0.0572458
-0.0583788
-0.0658488
-0.0693172
-0.0667605
-0.0590595
-0.0467863
-0.0325828
-0.0195723
-0.0084889
-0.0003632
0.0025792
0.0023507
0.0043251
0.0067466
0.0001433
-0.0174582
-0.0346574
-0.0427948
-0.0484316
-0.0619686
-0.0817614
-0.0970518
-0.1007546
-0.0942430
-0.0853621
-0.0847639
-0.0972343
-0.1141972
-0.1218760
-0.1182981
-0.1149815
-0.1214836
-0.1356340
-0.1478063
-0.1467753
-0.1244259
-0.0853792
-0.0497697
-0.0345360
-0.0322584
-0.0198037
0.0111735
0.0426474
0.0528038
0.0469477
0.0679619
0.1779912
0.4187886
0.7747044
1.1707546
1.5105922
1.7191134
1.7595087
1.6337979
1.3831279
1.0776707
0.7867951
0.5512141
0.3805840
0.2671684
0.1950234
0.1447765
0.1012919
0.0585092
0.0166818
-0.0207038
-0.0481617
-0.0643604
-0.0777135
-0.0977921
-0.1210644
-0.1345151
-0.1343205
-0.1314811
-0.1373744
-0.1522577
-0.1690295
-0.1799267
-0.1787893
-0.1652239
-0.1481670
-0.1388545
-0.1395468
-0.1436357
-0.1446038
-0.1398229
-0.1295185
-0.1184058
-0.1143400
-0.1187293
-0.1223395
-0.1168259
-0.1058043
-0.0983294
-0.0964855
-0.0956999
-0.0921888
-0.0839178
-0.0693442
-0.0513587
-0.0379310
-0.0334095
-0.0329292
-0.0289095
-0.0187045
-0.0039137
0.0119641
0.0235360
0.0279934
0.0312155
0.0421365
0.0593310
0.0705383
0.0672803
0.0531741
0.0368771
0.0238576
0.0156855
0.0102558
0.0020402
-0.0115549
-0.0244815
-0.0289675
-0.0269067
-0.0277730
-0.0365336
-0.0498704
-0.0625567
-0.0714816
-0.0754903
-0.0770612
-0.0819248
-0.0920809
-0.1020495
-0.1060386
-0.1046433
-0.1008197
-0.0951955
-0.0900895
-0.0915486
-0.1010007
-0.1100446
-0.1097880
-0.1017216
-0.0947690
-0.0950513
-0.1015523
-0.1078116
-0.1060669
-0.0947774
-0.0834313
-0.0841735
-0.0974290
-0.1116252
-0.1176453
-0.1170394
-0.1155572
-0.1156127
-0.1160338
-0.1128754
-0.1002385
-0.0768302
-0.0519659
-0.0388768
-0.0416408
-0.0532084
-0.0645154
-0.0702689
-0.0686563
-0.0624566
-0.0592500
-0.0644595
-0.0747680
-0.0823581
-0.0836427
-0.0808115
-0.0786471
-0.0830946
-0.0977197
-0.1171990
-0.1296963
-0.1307620
-0.1299581
-0.1384466
-0.1541457
-0.1641103
-0.1587106
-0.1404289
-0.1218035
-0.1159619
-0.1245869
-0.1343711
-0.1309062
-0.1165646
-0.1076756
-0.1126682
-0.1207015
-0.1153477
-0.0934794
-0.0655796
-0.0376921
0.0079929
0.1156128
0.3303865
0.6569294
1.0369890
1.3722634
1.5739586
1.5983594
1.4527867
1.1851463
0.8671135
0.5704764
0.3436164
0.2012071
0.1290325
0.0967530
0.0745729
0.0479895
0.0188032
-0.0082280
-0.0349639
-0.0642274
-0.0916598
-0.1094844
-0.1155905
-0.1152124
-0.1163116
-0.1249251
-0.1405858
-0.1545981
-0.1580611
-0.1535967
-0.1536206
-0.1646777
-0.1789433
-0.1841165
-0.1774919
-0.1680683
-0.1679385
-0.1818331
-0.2012427
-0.2094849
-0.1974391
-0.1739357
-0.1561517
-0.1508978
-0.1500524
-0.1424477
-0.1244366
-0.1001961
-0.0777342
-0.0641597
-0.0597728
-0.0570395
-0.0489770
-0.0371772
-0.0284589
-0.0260847
-0.0275682
-0.0282183
-0.0236218
-0.0120299
0.0023577
0.0119392
0.0145775
0.0162144
0.0219546
0.0288678
0.0306933
0.0255747
0.0162570
0.0065564
-0.0000006
-0.0023112
-0.0050065
-0.0157201
-0.0365487
-0.0610181
-0.0807215
-0.0925359
-0.0999162
-0.1104131
-0.1300611
-0.1551360
-0.1710951
-0.1660844
-0.1454088
-0.1269411
-0.1219605
-0.1254008
-0.1248903
-0.1146199
-0.0999626
-0.0919156
-0.0965815
-0.1075261
-0.1103316
-0.0976056
-0.0772442
-0.0631561
-0.0608795
-0.0653044
-0.0688836
-0.0682469
-0.0657084
-0.0676560
-0.0786107
-0.0941815
-0.1033590
-0.1006936
-0.0930311
-0.0916940
-0.1009760
-0.1159433
-0.1279363
-0.1307886
-0.1257155
-0.1218862
-0.1285143
-0.1447789
-0.1604850
-0.1670885
-0.1649881
-0.1607515
-0.1614051
-0.1705158
-0.1845028
-0.1926234
-0.1857093
-0.1660377
-0.1450877
-0.1312338
-0.1223582
-0.1097920
-0.0868772
-0.0551476
-0.0244872
-0.0046188
0.0060881
0.0192857
0.0403291
0.0588847
0.0651387
0.0770120
0.1454811
0.3258115
0.6346320
1.0245284
1.3967053
1.6471651
1.7155380
1.6029215
1.3551971
1.0373508
0.7171667
0.4522089
0.2731296
0.1743296
0.1240706
0.0874073
0.0449640
-0.0025328
-0.0438617
-0.0727105
-0.0946845
-0.1189245
-0.1460151
-0.1683287
-0.1802187
-0.1826418
-0.1788879
-0.1715514
-0.1640053
-0.1597589
-0.1590361
-0.1591773
-0.1588747
-0.1594542
-0.1620140
-0.1651393
-0.1649232
-0.1568776
-0.1407382
-0.1244151
-0.1185245
-0.1237901
-0.1279228
-0.1192005
-0.1002772
-0.0844481
-0.0802169
-0.0830713
-0.0812582
-0.0673121
-0.0450874
-0.0266494
-0.0205961
-0.0231472
-0.0231283
-0.0152738
-0.0047897
0.0012238
0.0022448
0.0031197
0.0082702
0.0181643
0.0281572
0.0302575
0.0197006
0.0008922
-0.0157247
-0.0230491
-0.0217387
-0.0168408
-0.0135554
-0.0154832
-0.0232523
-0.0344416
-0.0466549
-0.0596179
-0.0727752
-0.0835923
-0.0910957
-0.0983465
-0.1076852
-0.1155776
-0.1161728
-0.1091397
-0.1010174
-0.0991752
-0.1057193
-0.1159196
-0.1218753
-0.1201202
-0.1163313
-0.1193485
-0.1295810
-0.1372175
-0.1338520
-0.1224086
-0.1131336
-0.1122764
-0.1168511
-0.1189920
-0.1144060
-0.1075846
-0.1077941
-0.1175970
-0.1271217
-0.1242283
-0.1101035
-0.0999364
-0.1065889
-0.1266673
-0.1440725
-0.1455334
-0.1324000
-0.1186152
-0.1166895
-0.1248797
-0.1300802
-0.1242963
-0.1143816
-0.1123311
-0.1197087
-0.1270616
-0.1273550
-0.1246091
-0.1279940
-0.1401560
-0.1529830
-0.1550830
-0.1440229
-0.1302985
-0.1266959
-0.1342019
-0.1421778
-0.1426016
-0.1390343
-0.1392862
-0.1437479
-0.1449420
-0.1366678
-0.1206935
-0.1051429
-0.0972954
-0.0965893
-0.0941889
-0.0812745
-0.0587242
-0.0379342
-0.0317916
-0.0427059
-0.0527071
-0.0201305
0.1079071
0.3646460
0.7325150
1.1378544
1.4780196
1.6626933
1.6472125
1.4463873
1.1259853
0.7755456
0.4743246
0.2654367
0.1480280
0.0895509
0.0516537
0.0131446
-0.0266018
-0.0618041
-0.0919823
-0.1191421
-0.1407825
-0.1524239
-0.1555120
-0.1577626
-0.1650127
-0.1754322
-0.1827856
-0.1843792
-0.1845959
-0.1892754
-0.1965149
-0.1962565
-0.1822347
-0.1620580
-0.1503447
-0.1520273
-0.1575324
-0.1558683
-0.1480281
-0.1443977
-0.1509477
-0.1607614
-0.1597393
-0.1407467
-0.1119656
-0.0894645
-0.0804704
-0.0764589
-0.0650222
-0.0458601
-0.0308462
-0.0288973
-0.0346421
-0.0333819
-0.0159575
0.0117984
0.0343860
0.0422898
0.0419227
0.0475964
0.0637759
0.0795369
0.0826055
0.0748310
0.0696498
0.0759859
0.0886616
0.0950057
0.0883800
0.0737062
0.0599527
0.0487898
0.0334691
0.0099600
-0.0146112
-0.0292157
-0.0331383
-0.0374246
-0.0512047
-0.0713474
-0.0882758
-0.0987330
-0.1089306
-0.1251491
-0.1435441
-0.1513991
-0.1400171
-0.1160121
-0.0971091
-0.0953100
-0.1064643
-0.1180854
-0.1242459
-0.1289890
-0.1368753
-0.1451171
-0.1464730
-0.1376441
-0.1233586
-0.1123889
-0.1095588
-0.1118638
-0.1131701
-0.1117935
-0.1110448
-0.1126776
-0.1135989
-0.1106580
-0.1056081
-0.1027799
-0.1036105
-0.1058421
-0.1073275
-0.1088242
-0.1129175
-0.1205051
-0.1282029
-0.1301619
-0.1239119
-0.1137520
-0.1066055
-0.1051679
-0.1071134
-0.1101017
-0.1144112
-0.1199804
-0.1229669
-0.1163639
-0.0940871
-0.0562691
-0.0126642
0.0207740
0.0333982
0.0317123
0.0415606
0.0991206
0.2366712
0.4683380
0.7788316
1.1196174
1.4170207
1.5927316
1.5922964
1.4114966
1.1045273
0.7621086
0.4684203
0.2654308
0.1476398
0.0837941
0.0433330
0.0095734
-0.0223116
-0.0532289
-0.0841927
-0.1145180
-0.1404513
-0.1589590
-0.1719079
-0.1835757
-0.1945007
-0.2011727
-0.2023795
-0.2024794
-0.2062671
-0.2124912
-0.2150689
-0.2109236
-0.2050330
-0.2057844
-0.2141180
-0.2185693
-0.2047065
-0.1712821
-0.1344211
-0.1127117
-0.1090359
-0.1096348
-0.1004108
-0.0812698
-0.0638714
-0.0574431
-0.0585072
-0.0546529
-0.0379047
-0.0134327
0.0058489
0.0125695
0.0110436
0.0105642
0.0153233
0.0221278
0.0260289
0.0263036
0.0273616
0.0344081
0.0475341
0.0600991
0.0644424
0.0596365
0.0521379
0.0481026
0.0464215
0.0404735
0.0262100
0.0075383
-0.0068662
-0.0126125
-0.0152012
-0.0249643
-0.0456093
-0.0696599
-0.0870519
-0.0964938
-0.1051945
-0.1176078
-0.1277889
-0.1248916
-0.1054008
-0.0785699
-0.0592804
-0.0553902
-0.0621833
-0.0693473
-0.0723553
-0.0752700
-0.0827005
-0.0919060
-0.0948170
-0.0868750
-0.0724565
-0.0618826
-0.0633395
-0.0763345
-0.0919531
-0.1004346
-0.0998162
-0.0971124
-0.1004931
-0.1104036
-0.1185289
-0.1155583
-0.1006849
-0.0840569
-0.0787823
-0.0888023
-0.1047967
-0.1135131
-0.1111708
-0.1063408
-0.1095983
-0.1219696
-0.1344018
-0.1377709
-0.1324464
-0.1277316
-0.1318433
-0.1428194
-0.1502246
-0.1459959
-0.1324720
-0.1192236
-0.1133303
-0.1138697
-0.1147785
-0.1113895
-0.1044014
-0.0988313
-0.0994191
-0.1064971
-0.1162085
-0.1247694
-0.1319740
-0.1401535
-0.1501572
-0.1589207
-0.1612387
-0.1544904
-0.1421923
-0.1322368
-0.1302310
-0.1344311
-0.1383332
-0.1383730
-0.1377374
-0.1418673
-0.1511250
-0.1591149
-0.1587259
-0.1499101
-0.1411523
-0.1421935
-0.1545660
-0.1700179
-0.1791937
-0.1811062
-0.1825067
-0.1880722
-0.1931034
-0.1872055
-0.1648982
-0.1319204
-0.1009456
-0.0811325
-0.0715057
-0.0635972
-0.0495101
-0.0278076
-0.0041239
0.0119471
0.0133848
0.0064279
0.0197579
0.0999249
0.2875443
0.5868675
0.9514566
1.2981308
1.5399369
1.6173401
1.5138545
1.2570188
0.9112325
0.5625209
0.2911829
0.1387052
0.0902398
0.0903770
0.0837632
0.0489299
-0.0000499
-0.0392638
-0.0603376
-0.0736798
-0.0926950
-0.1191192
-0.1437981
-0.1584312
-0.1635559
-0.1654578
-0.1681685
-0.1701593
-0.1676063
-0.1590114
-0.1467948
-0.1358443
-0.1307435
-0.1329243
-0.1391853
-0.1432686
-0.1403546
-0.1312810
-0.1223936
-0.1201169
-0.1245739
-0.1287097
-0.1248499
-0.1127967
-0.1009503
-0.0985090
-0.1060870
-0.1141080
-0.1109256
-0.0933434
-0.0698638
-0.0535742
-0.0510638
-0.0574716
-0.0619583
-0.0579837
-0.0485099
-0.0416888
-0.0418875
-0.0449598
-0.0421925
-0.0290784
-0.0105910
0.0021541
0.0010105
-0.0125160
-0.0289675
-0.0392868
-0.0421337
-0.0435823
-0.0496981
-0.0592600
-0.0640590
-0.0570173
-0.0403133
-0.0250549
-0.0222132
-0.0334161
-0.0504320
-0.0633998
-0.0693449
-0.0730005
-0.0802568
-0.0914999
-0.1010094
-0.1020681
-0.0928090
-0.0782994
-0.0674724
-0.0666379
-0.0740169
-0.0805046
-0.0776580
-0.0663524
-0.0568382
-0.0586114
-0.0700126
-0.0793142
-0.0771768
-0.0671591
-0.0622466
-0.0709145
-0.0882925
-0.1019253
-0.1045739
-0.0992674
-0.0926232
-0.0867272
-0.0797356
-0.0723158
-0.0684458
-0.0655215
-0.0424574
0.0397565
0.2190422
0.5041763
0.8565506
1.1965280
1.4343156
1.5096013
1.4176614
1.2068410
0.9499387
0.7087742
0.5138832
0.3672037
0.2577898
0.1750379
0.1124161
0.0651652
0.0281303
-0.0036529
-0.0326783
-0.0574837
-0.0740186
-0.0797468
-0.0774506
-0.0748429
-0.0791207
-0.0906684
-0.1024063
-0.1069007
-0.1047904
-0.1047814
-0.1138008
-0.1280243
-0.1359357
-0.1308782
-0.1190393
-0.1138230
-0.1227537
-0.1405042
-0.1543976
-0.1562666
-0.1493720
-0.1445762
-0.1499957
-0.1637202
-0.1755663
-0.1755557
-0.1617619
-0.1414711
-0.1247435
-0.1152903
-0.1068651
-0.0897317
-0.0617681
-0.0324929
-0.0148061
-0.0124653
-0.0160117
-0.0110497
0.0090977
0.0377504
0.0610579
0.0704383
0.0697948
0.0705099
0.0792486
0.0910782
0.0946954
0.0839232
0.0638888
0.0463074
0.0387876
0.0383280
0.0350260
0.0219886
0.0012257
-0.0198499
-0.0361319
-0.0481883
-0.0595623
-0.0727490
-0.0873215
-0.0999580
-0.1060597
-0.1032833
-0.0948718
-0.0889663
-0.0932714
-0.1092261
-0.1307066
-0.1486935
-0.1582449
-0.1613581
-0.1626382
-0.1626693
-0.1573431
-0.1441992
-0.1275925
-0.1158717
-0.1137748
-0.1184773
-0.1228983
-0.1225497
-0.1196793
-0.1209739
-0.1304899
-0.1444440
-0.1535517
-0.1510217
-0.1384195
-0.1243463
-0.1178445
-0.1217839
-0.1306627
-0.1349008
-0.1291773
-0.1174728
-0.1092348
-0.1101742
-0.1170327
-0.1209612
-0.1155776
-0.1027295
-0.0916576
-0.0917887
-0.1044706
-0.1213691
-0.1320107
-0.1334860
-0.1327278
-0.1393788
-0.1559680
-0.1738940
-0.1791880
-0.1644110
-0.1362283
-0.1098983
-0.0948121
-0.0864298
-0.0739853
-0.0552675
-0.0409009
-0.0409155
-0.0445384
-0.0129708
0.1031806
0.3303369
0.6469939
0.9873440
1.2698487
1.4290146
1.4334493
1.2897049
1.0380727
0.7416322
0.4673772
0.2637095
0.1446265
0.0901984
0.0642976
0.0382870
0.0038542
-0.0322507
-0.0621062
-0.0845148
-0.1029281
-0.1201936
-0.1362273
-0.1489584
-0.1567742
-0.1607006
-0.1642168
-0.1705513
-0.1804254
-0.1921062
-0.2021355
-0.2059936
-0.2008294
-0.1895041
-0.1801954
-0.1792909
-0.1844968
-0.1863664
-0.1773569
-0.1597235
-0.1447273
-0.1428794
-0.1531206
-0.1621108
-0.1566691
-0.1374476
-0.1183321
-0.1116315
-0.1154657
-0.1163700
-0.1029554
-0.0766288
-0.0503133
-0.0371396
-0.0392764
-0.0472807
-0.0505232
-0.0474603
-0.0450496
-0.0495969
-0.0599080
-0.0685715
-0.0684829
-0.0592401
-0.0489339
-0.0485299
-0.0620409
-0.0821358
-0.0967743
-0.1001003
-0.0963621
-0.0943180
-0.0988467
-0.1069782
-0.1110876
-0.1068690
-0.0987679
-0.0962396
-0.1039503
-0.1170560
-0.1268023
-0.1293627
-0.1286224
-0.1317035
-0.1420020
-0.1548457
-0.1598287
-0.1498563
-0.1291319
-0.1107921
-0.1055246
-0.1126731
-0.1217779
-0.1217034
-0.1096705
-0.0939972
-0.0875897
-0.0959559
-0.1110210
-0.1185193
-0.1119305
-0.0982124
-0.0903919
-0.0957671
-0.1104536
-0.1237305
-0.1280711
-0.1259395
-0.1259498
-0.1318037
-0.1370572
-0.1324871
-0.1170468
-0.0996822
-0.0913374
-0.0963237
-0.1099925
-0.1233075
-0.1307174
-0.1345718
-0.1408901
-0.1508203
-0.1585177
-0.1581324
-0.1505588
-0.1421162
-0.1383868
-0.1402786
-0.1444335
-0.1466612
-0.1462538
-0.1470008
-0.1523007
-0.1595237
-0.1615227
-0.1541479
-0.1405331
-0.1276352
-0.1196316
-0.1144099
-0.1060307
-0.0924975
-0.0819800
-0.0865856
-0.1031195
-0.0987386
-0.0207261
0.1724626
0.4815036
0.8573995
1.2167594
1.4721095
1.5631967
1.4759478
1.2434243
0.9322495
0.6201472
0.3696593
0.2079670
0.1248874
0.0892390
0.0691870
0.0440760
0.0077856
-0.0329210
-0.0659992
-0.0855074
-0.0970660
-0.1115819
-0.1341636
-0.1593975
-0.1765182
-0.1795352
-0.1737202
-0.1714866
-0.1800370
-0.1939304
-0.2019082
-0.1997509
-0.1936408
-0.1921196
-0.1981885
-0.2086664
-0.2176839
-0.2205817
-0.2172907
-0.2123838
-0.2099253
-0.2084322
-0.2025804
-0.1894751
-0.1719854
-0.1566321
-0.1487268
-0.1476133
-0.1456930
-0.1345938
-0.1138165
-0.0910155
-0.0726669
-0.0576983
-0.0421662
-0.0265155
-0.0145719
-0.0071302
0.0001373
0.0124452
0.0307980
0.0506806
0.0657036
0.0735063
0.0773762
0.0806076
0.0811459
0.0749954
0.0633334
0.0517403
0.0427340
0.0337032
0.0228176
0.0125069
0.0052168
-0.0012506
-0.0120499
-0.0300877
-0.0533483
-0.0771064
-0.0991987
-0.1225367
-0.1495047
-0.1735026
-0.1812779
-0.1676407
-0.1441597
-0.1276203
-0.1209084
-0.1104220
-0.0836560
-0.0464864
-0.0201128
-0.0175659
-0.0192253
0.0281140
0.1807713
0.4578033
0.8238939
1.2059237
1.5236360
1.7130674
1.7401695
1.6091391
1.3620086
1.0645905
0.7830137
0.5609456
0.4071951
0.3012729
0.2154720
0.1367649
0.0698631
0.0226711
-0.0069321
-0.0302673
-0.0575531
-0.0891608
-0.1156248
-0.1276133
-0.1278931
-0.1311709
-0.1490304
-0.1771395
-0.2008379
-0.2113073
-0.2121334
-0.2113844
-0.2118917
-0.2100303
-0.2016486
-0.1885016
-0.1786684
-0.1787051
-0.1853778
-0.1887359
-0.1844537
-0.1789612
-0.1800754
-0.1863093
-0.1885345
-0.1798501
-0.1615996
-0.1417085
-0.1284835
-0.1238373
-0.1216949
-0.1150885
-0.1044670
-0.0958637
-0.0913846
-0.0857765
-0.0730159
-0.0527710
-0.0299667
-0.0111189
-0.0007890
0.0020638
0.0043459
0.0121725
0.0237867
0.0315837
0.0305730
0.0226010
0.0135978
0.0090551
0.0103301
0.0127695
0.0095143
-0.0004765
-0.0109761
-0.0176186
-0.0247334
-0.0388755
-0.0582466
-0.0733908
-0.0778842
-0.0753465
-0.0759270
-0.0866704
-0.1042030
-0.1174115
-0.1200325
-0.1193428
-0.1273001
-0.1432510
-0.1522021
-0.1429575
-0.1225860
-0.1089252
-0.1116992
-0.1241298
-0.1317036
-0.1275508
-0.1194817
-0.1207668
-0.1329754
-0.1417344
-0.1337604
-0.1147340
-0.1035574
-0.1097846
-0.1235743
-0.1294460
-0.1246811
-0.1206611
-0.1270067
-0.1361314
-0.1263970
-0.0851423
-0.0277656
0.0156782
0.0405764
0.0904444
0.2302377
0.4920117
0.8431837
1.2007254
1.4725945
1.5945438
1.5448435
1.3398449
1.0249374
0.6688465
0.3511994
0.1328465
0.0251424
-0.0100840
-0.0253747
-0.0504232
-0.0836570
-0.1095651
-0.1191511
-0.1181664
-0.1206130
-0.1343540
-0.1532097
-0.1650243
-0.1660744
-0.1640189
-0.1678167
-0.1787100
-0.1904228
-0.1949944
-0.1899559
-0.1828492
-0.1858080
-0.2014057
-0.2166951
-0.2162838
-0.1991854
-0.1779847
-0.1634755
-0.1551471
-0.1455374
-0.1295470
-0.1097855
-0.0949479
-0.0913615
-0.0949248
-0.0946415
-0.0856886
-0.0749640
-0.0716209
-0.0762192
-0.0815322
-0.0802971
-0.0703663
-0.0561254
-0.0462432
-0.0459552
-0.0505981
-0.0509899
-0.0452600
-0.0397775
-0.0377258
-0.0331378
-0.0189428
0.0032144
0.0232052
0.0300423
0.0197588
-0.0009492
-0.0199302
-0.0319628
-0.0443061
-0.0661147
-0.0946728
-0.1167807
-0.1219778
-0.1104684
-0.0908422
-0.0746587
-0.0703907
-0.0771307
-0.0853808
-0.0875903
-0.0859193
-0.0869700
-0.0923016
-0.0974838
-0.0973859
-0.0897630
-0.0772704
-0.0680121
-0.0692449
-0.0777076
-0.0810499
-0.0722282
-0.0584626
-0.0529288
-0.0607494
-0.0748474
-0.0823563
-0.0747718
-0.0560823
-0.0411666
-0.0417858
-0.0543888
-0.0660224
-0.0705090
-0.0728199
-0.0791301
-0.0899847
-0.1032396
-0.1166597
-0.1264737
-0.1291440
-0.1262558
-0.1241768
-0.1283919
-0.1397726
-0.1539929
-0.1624126
-0.1578864
-0.1436554
-0.1322527
-0.1311428
-0.1336195
-0.1286101
-0.1153321
-0.1031727
-0.1003275
-0.1067431
-0.1151409
-0.1160161
-0.1057336
-0.0926147
-0.0905024
-0.1031546
-0.1189530
-0.1233316
-0.1126050
-0.0947425
-0.0817334
-0.0820040
-0.0942219
-0.1066936
-0.1078571
-0.0984781
-0.0891034
-0.0860431
-0.0852955
-0.0794306
-0.0645341
-0.0415510
-0.0173697
-0.0031901
-0.0030677
-0.0008411
0.0381172
0.1502054
0.3553590
0.6438787
0.9702429
1.2624089
1.4487794
1.4854518
1.3667720
1.1233466
0.8160100
0.5193242
0.2916571
0.1515276
0.0801940
0.0436287
0.0135376
-0.0216443
-0.0565567
-0.0802997
-0.0909232
-0.0970331
-0.1063328
-0.1188841
-0.1318836
-0.1435268
-0.1507855
-0.1511666
-0.1490100
-0.1528854
-0.1640956
-0.1739108
-0.1745026
-0.1675214
-0.1605812
-0.1596805
-0.1650038
-0.1700762
-0.1668484
-0.1562427
-0.1503741
-0.1582464
-0.1727168
-0.1787675
-0.1719447
-0.1615832
-0.1581062
-0.1634652
-0.1715360
-0.1720479
-0.1570426
-0.1293327
-0.1022930
-0.0868971
-0.0816100
-0.0775142
-0.0684089
-0.0531820
-0.0347411
-0.0204717
-0.0173833
-0.0226130
-0.0245199
-0.0167388
-0.0054329
0.0001691
-0.0016701
-0.0064832
-0.0092218
-0.0065696
0.0003530
0.0042396
-0.0016748
-0.0148995
-0.0275586
-0.0376628
-0.0493001
-0.0632307
-0.0759078
-0.0873185
-0.1012444
-0.1171565
-0.1289876
-0.1327979
-0.1309962
-0.1300197
-0.1370041
-0.1542298
-0.1721979
-0.1743853
-0.1559489
-0.1326151
-0.1237093
-0.1306189
-0.1384596
-0.1344808
-0.1187129
-0.1010327
-0.0934361
-0.1008839
-0.1150506
-0.1214056
-0.1156123
-0.1076685
-0.1078258
-0.1152800
-0.1228851
-0.1253321
-0.1201955
-0.1087588
-0.0985469
-0.0978201
-0.1054047
-0.1124331
-0.1144082
-0.1141628
-0.1136371
-0.1117348
-0.1103549
-0.1133914
-0.1188284
-0.1198020
-0.1144071
-0.1082241
-0.1075113
-0.1146138
-0.1269544
-0.1353475
-0.1286421
-0.1072223
-0.0867395
-0.0807580
-0.0846723
-0.0843109
-0.0750100
-0.0640939
-0.0592482
-0.0621430
-0.0696641
-0.0753765
-0.0739026
-0.0683747
-0.0685898
-0.0785586
-0.0920284
-0.1025309
-0.1100008
-0.1153231
-0.1176592
-0.1202672
-0.1295886
-0.1449024
-0.1573248
-0.1619746
-0.1630857
-0.1652526
-0.1679654
-0.1701943
-0.1722278
-0.1722511
-0.1688987
-0.1668704
-0.1722543
-0.1834139
-0.1938255
-0.2012742
-0.2065516
-0.2069453
-0.1996312
-0.1875182
-0.1732711
-0.1524143
-0.1214512
-0.0878485
-0.0623090
-0.0450805
-0.0286671
-0.0106543
0.0038179
0.0107037
0.0165878
0.0471058
0.1471663
0.3573420
0.6755438
1.0425894
1.3685317
1.5714027
1.6006541
1.4497341
1.1628525
0.8210851
0.5060747
0.2684261
0.1201050
0.0427786
0.0030516
-0.0260343
-0.0508718
-0.0671912
-0.0791585
-0.0977039
-0.1231430
-0.1434327
-0.1508151
-0.1498260
-0.1490116
-0.1538763
-0.1661382
-0.1806752
-0.1856487
-0.1744207
-0.1544790
-0.1374778
-0.1257057
-0.1155483
-0.1070169
-0.1012527
-0.0957775
-0.0906042
-0.0914540
-0.0988738
-0.1025904
-0.0952439
-0.0838987
-0.0800580
-0.0856387
-0.0951123
-0.1034907
-0.1068634
-0.1035666
-0.0993493
-0.1028482
-0.1129954
-0.1199889
-0.1198508
-0.1173697
-0.1144718
-0.1081988
-0.1007342
-0.0980372
-0.0972188
-0.0883496
-0.0705471
-0.0544324
-0.0473238
-0.0461974
-0.0448854
-0.0388958
-0.0257675
-0.0102945
-0.0051787
-0.0162717
-0.0319882
-0.0372781
-0.0322720
-0.0276004
-0.0286730
-0.0346213
-0.0446326
-0.0548650
-0.0572610
-0.0515070
-0.0498715
-0.0608657
-0.0768061
-0.0860902
-0.0885375
-0.0905401
-0.0942850
-0.0988998
-0.1033299
-0.1028549
-0.0920493
-0.0742461
-0.0578386
-0.0428963
-0.0246267
-0.0089766
-0.0058794
-0.0014998
0.0480967
0.1886751
0.4384928
0.7787777
1.1532805
1.4770928
1.6679205
1.6839387
1.5350051
1.2680828
0.9513900
0.6570944
0.4321302
0.2790254
0.1724242
0.0901707
0.0224368
-0.0354852
-0.0828461
-0.1128170
-0.1248137
-0.1303547
-0.1373714
-0.1395661
-0.1317833
-0.1240295
-0.1284175
-0.1423960
-0.1549547
-0.1596550
-0.1544510
-0.1405911
-0.1282317
-0.1303611
-0.1452950
-0.1577437
-0.1606438
-0.1617929
-0.1669658
-0.1727971
-0.1784711
-0.1873049
-0.1943924
-0.1896213
-0.1752256
-0.1646723
-0.1633512
-0.1651650
-0.1666227
-0.1689028
-0.1688179
-0.1633341
-0.1592458
-0.1631997
-0.1672589
-0.1592297
-0.1411045
-0.1233284
-0.1088320
-0.0961955
-0.0884151
-0.0843791
-0.0724915
-0.0466540
-0.0174270
0.0049727
0.0255968
0.0505503
0.0722377
0.0814033
0.0803763
0.0737228
0.0600378
0.0420573
0.0293298
0.0223685
0.0095831
-0.0134215
-0.0370790
-0.0541776
-0.0660253
-0.0710490
-0.0668111
-0.0641323
-0.0777838
-0.1016540
-0.1142341
-0.1097731
-0.1036228
-0.1069321
-0.1159289
-0.1247655
-0.1299892
-0.1257036
-0.1126578
-0.1066212
-0.1198311
-0.1416104
-0.1545021
-0.1592588
-0.1661680
-0.1738810
-0.1753798
-0.1724122
-0.1665761
-0.1500462
-0.1218946
-0.0984010
-0.0910336
-0.0897811
-0.0820841
-0.0703055
-0.0576491
-0.0373118
-0.0095038
0.0110557
0.0188419
0.0324202
0.0784174
0.1794685
0.3591273
0.6287832
0.9575375
1.2747211
1.5080704
1.6053507
1.5329099
1.2938802
0.9544357
0.6191493
0.3652552
0.2105581
0.1333945
0.0967230
0.0618355
0.0117817
-0.0373058
-0.0675174
-0.0911680
-0.1294610
-0.1749851
-0.2030815
-0.2076884
-0.2006194
-0.1892809
-0.1784633
-0.1782491
-0.1884713
-0.1929375
-0.1872484
-0.1898199
-0.2075570
-0.2174189
-0.2020641
-0.1770190
-0.1632086
-0.1594256
-0.1591524
-0.1663462
-0.1783738
-0.1810789
-0.1738533
-0.1718978
-0.1754981
-0.1674937
-0.1463233
-0.1288756
-0.1180447
-0.1018862
-0.0843701
-0.0798613
-0.0794319
-0.0617853
-0.0344936
-0.0248112
-0.0335818
-0.0367681
-0.0267152
-0.0152276
-0.0051599
0.0059137
0.0076599
-0.0030995
-0.0030334
0.0229133
0.0499202
0.0505358
0.0371791
0.0334159
0.0326754
0.0202582
0.0050417
-0.0041548
-0.0207643
-0.0488073
-0.0655402
-0.0635459
-0.0701882
-0.0991731
-0.1252360
-0.1301912
-0.1291174
-0.1314868
-0.1251945
-0.1154038
-0.1264654
-0.1512380
-0.1536748
-0.1325698
-0.1252458
-0.1405981
-0.1480563
-0.1368967
-0.1261140
-0.1167877
-0.0965600
-0.0841927
-0.1054491
-0.1370500
-0.1399154
-0.1289420
-0.1419025
-0.1645551
-0.1581879
-0.1325593
-0.1197440
-0.1097922
-0.0835879
-0.0685139
-0.0897595
-0.1128841
-0.1041842
-0.0936415
-0.1109951
-0.1242666
-0.1085467
-0.1013020
-0.1230310
-0.1272244
-0.0947773
-0.0836644
-0.1194652
-0.1404141
-0.1151468
-0.1016271
-0.1280375
-0.1387243
-0.1147678
-0.1129348
-0.1358015
-0.1142824
-0.0607624
-0.0686885
-0.1248947
-0.1163447
-0.0525330
-0.0588918
-0.1232803
-0.1047356
-0.0212530
-0.0355608
-0.1219441
-0.0812446
0.0767278
0.1621750
0.2677806
0.7020785
1.3063978
1.3972434
0.7090230
