-0.1727508
-0.1763985
-0.1498852
-0.1453135
-0.1656126
-0.1753864
-0.1656696
-0.1593283
-0.1630395
-0.1589725
-0.1429031
-0.1333414
-0.1394528
-0.1489125
-0.1514747
-0.1519823
-0.1573619
-0.1684078
-0.1844610
-0.2014838
-0.2086700
-0.2012622
-0.1919262
-0.1951453
-0.2060952
-0.2098556
-0.2058312
-0.2068275
-0.2167564
-0.2240725
-0.2174198
-0.1974682
-0.1737090
-0.1564990
-0.1499518
-0.1476113
-0.1392362
-0.1251846
-0.1167102
-0.1177950
-0.1162837
-0.1003471
-0.0756649
-0.0578830
-0.0536489
-0.0565270
-0.0576420
-0.0543883
-0.0511689
-0.0546530
-0.0654068
-0.0737056
-0.0687619
-0.0524352
-0.0375813
-0.0324584
-0.0337999
-0.0359555
-0.0387305
-0.0434076
-0.0476970
-0.0484414
-0.0456374
-0.0417090
-0.0390344
-0.0378628
-0.0345383
-0.0244859
-0.0103794
-0.0029061
-0.0069565
-0.0102900
0.0054095
0.0412663
0.0751510
0.0821782
0.0618966
0.0488170
0.0983012
0.2548639
0.5213750
0.8501339
1.1611629
1.3730471
1.4307246
1.3252756
1.0995542
0.8289254
0.5825763
0.3936692
0.2598175
0.1641837
0.0928288
0.0381968
-0.0047319
-0.0412517
-0.0755519
-0.1073454
-0.1326749
-0.1506236
-0.1667398
-0.1855863
-0.2020738
-0.2064932
-0.1983222
-0.1889863
-0.1889684
-0.1967657
-0.2031703
-0.2033748
-0.2019287
-0.2063162
-0.2168890
-0.2241197
-0.2176602
-0.1982711
-0.1773962
-0.1633019
-0.1518444
-0.1347062
-0.1132258
-0.0982649
-0.0967891
-0.1031529
-0.1051048
-0.0966925
-0.0845710
-0.0816445
-0.0936609
-0.1125671
-0.1253040
-0.1285562
-0.1308179
-0.1391496
-0.1487134
-0.1485774
-0.1348914
-0.1148521
-0.0989594
-0.0921156
-0.0921088
-0.0948770
-0.0997502
-0.1082964
-0.1184681
-0.1237239
-0.1211662
-0.1179061
-0.1242982
-0.1412245
-0.1588135
-0.1686350
-0.1728723
-0.1789884
-0.1878225
-0.1901703
-0.1760071
-0.1466572
-0.1164729
-0.1002145
-0.0983443
-0.0972946
-0.0852928
-0.0647741
-0.0468929
-0.0369379
-0.0293035
-0.0158197
0.0048409
0.0267142
0.0429510
0.0510049
0.0519154
0.0468682
0.0394240
0.0458437
0.1014374
0.2473179
0.5003140
0.8294311
1.1593728
1.3997454
1.4823891
1.3885384
1.1541515
0.8513254
0.5561314
0.3205252
0.1607085
0.0628395
-0.0003745
-0.0516239
-0.0993632
-0.1406383
-0.1701579
-0.1863218
-0.1919615
-0.1928279
-0.1946720
-0.1990727
-0.2023047
-0.2003594
-0.1946378
-0.1904883
-0.1902745
-0.1902079
-0.1850286
-0.1749563
-0.1671330
-0.1694339
-0.1820686
-0.1960506
-0.2019450
-0.1999679
-0.1988346
-0.2042146
-0.2118068
-0.2141514
-0.2117757
-0.2138415
-0.2273349
-0.2476175
-0.2612110
-0.2586069
-0.2443010
-0.2328496
-0.2338673
-0.2422653
-0.2453260
-0.2380574
-0.2278802
-0.2234150
-0.2217799
-0.2095261
-0.1759520
-0.1249140
-0.0736495
-0.0393431
-0.0255556
-0.0215393
-0.0149442
-0.0041551
0.0025414
-0.0017204
-0.0139958
-0.0242087
-0.0250542
-0.0194491
-0.0183932
-0.0301845
-0.0511854
-0.0690381
-0.0761041
-0.0775331
-0.0837338
-0.0964395
-0.1058243
-0.1023607
-0.0890571
-0.0790557
-0.0804233
-0.0855744
-0.0792425
-0.0574425
-0.0340517
-0.0242170
-0.0238090
-0.0126616
0.0195301
0.0572690
0.0775830
0.0863274
0.1317569
0.2751518
0.5411448
0.8909401
1.2403340
1.5041003
1.6298699
1.6041287
1.4434136
1.1885744
0.8999082
0.6402438
0.4485110
0.3246585
0.2406707
0.1681741
0.0986334
0.0413331
0.0058750
-0.0112013
-0.0232402
-0.0402726
-0.0619809
-0.0829327
-0.1007120
-0.1166936
-0.1311498
-0.1410279
-0.1432528
-0.1391354
-0.1349477
-0.1376800
-0.1491669
-0.1640543
-0.1744345
-0.1768294
-0.1739035
-0.1694440
-0.1631939
-0.1515841
-0.1330711
-0.1121046
-0.0972845
-0.0943113
-0.0998125
-0.1033486
-0.0974965
-0.0857552
-0.0787922
-0.0828205
-0.0932649
-0.1002528
-0.0989390
-0.0935387
-0.0917871
-0.0963135
-0.1019690
-0.1017116
-0.0941356
-0.0836608
-0.0736224
-0.0618795
-0.0449559
-0.0248535
-0.0092333
-0.0047296
-0.0114796
-0.0245313
-0.0396889
-0.0571095
-0.0786549
-0.1018485
-0.1181001
-0.1191337
-0.1054228
-0.0865061
-0.0722017
-0.0647678
-0.0603168
-0.0561638
-0.0545670
-0.0588175
-0.0668071
-0.0702101
-0.0616853
-0.0431185
-0.0248968
-0.0154291
-0.0125725
-0.0076223
0.0029095
0.0128342
0.0152551
0.0138787
0.0217070
0.0464270
0.0785172
0.0988144
0.1036517
0.1241565
0.2157243
0.4196707
0.7270444
1.0744310
1.3736212
1.5512067
1.5733605
1.4485831
1.2163695
0.9321507
0.6528527
0.4227224
0.2613167
0.1606017
0.0959694
0.0448785
-0.0010071
-0.0381670
-0.0623761
-0.0767402
-0.0901647
-0.1091467
-0.1311839
-0.1467161
-0.1486889
-0.1403981
-0.1329396
-0.1346075
-0.1436082
-0.1515043
-0.1529692
-0.1513691
-0.1547877
-0.1670601
-0.1835543
-0.1965300
-0.2039172
-0.2106287
-0.2205538
-0.2299221
-0.2315229
-0.2247496
-0.2180599
-0.2198125
-0.2282994
-0.2333115
-0.2281678
-0.2184912
-0.2165823
-0.2263033
-0.2358322
-0.2286105
-0.2017286
-0.1705490
-0.1531300
-0.1514300
-0.1500685
-0.1334483
-0.1022041
-0.0717443
-0.0552916
-0.0500116
-0.0412711
-0.0203354
0.0044541
0.0161394
0.0079414
-0.0089434
-0.0171481
-0.0110726
-0.0016436
-0.0039027
-0.0214882
-0.0441729
-0.0599944
-0.0678365
-0.0763395
-0.0912596
-0.1073050
-0.1146925
-0.1119794
-0.1088813
-0.1154539
-0.1305649
-0.1429633
-0.1435013
-0.1348183
-0.1278398
-0.1289059
-0.1319957
-0.1253946
-0.1058750
-0.0843666
-0.0763885
-0.0873169
-0.1073621
-0.1201387
-0.1158658
-0.0978164
-0.0778497
-0.0659652
-0.0631434
-0.0631830
-0.0606026
-0.0562914
-0.0557954
-0.0627126
-0.0737789
-0.0803898
-0.0759424
-0.0627854
-0.0513566
-0.0508931
-0.0607550
-0.0720133
-0.0776939
-0.0798907
-0.0856424
-0.0966936
-0.1054788
-0.1028589
-0.0897181
-0.0789327
-0.0836689
-0.1036804
-0.1250723
-0.1342948
-0.1304319
-0.1222022
-0.1149956
-0.1047991
-0.0860884
-0.0629347
-0.0485930
-0.0525941
-0.0694680
-0.0825657
-0.0802193
-0.0672651
-0.0593684
-0.0664927
-0.0834706
-0.0966449
-0.0977437
-0.0903105
-0.0841520
-0.0854189
-0.0920558
-0.0974687
-0.0975251
-0.0938494
-0.0909333
-0.0910322
-0.0923520
-0.0916111
-0.0876552
-0.0828125
-0.0811886
-0.0851929
-0.0932136
-0.1013684
-0.1083091
-0.1172644
-0.1313894
-0.1469713
-0.1534175
-0.1420966
-0.1154175
-0.0860115
-0.0659779
-0.0570220
-0.0517090
-0.0436791
-0.0341846
-0.0272082
-0.0208687
-0.0082856
0.0127999
0.0375199
0.0677093
0.1280420
0.2604449
0.4920020
0.8008157
1.1115015
1.3284991
1.3840497
1.2678515
1.0235587
0.7227870
0.4364985
0.2149523
0.0775440
0.0128559
-0.0100327
-0.0232998
-0.0454956
-0.0777905
-0.1104123
-0.1327416
-0.1411011
-0.1409583
-0.1427435
-0.1538076
-0.1723219
-0.1885536
-0.1933577
-0.1866466
-0.1771371
-0.1726223
-0.1709267
-0.1625525
-0.1431614
-0.1216053
-0.1133324
-0.1256941
-0.1508458
-0.1731400
-0.1825327
-0.1807708
-0.1761540
-0.1741980
-0.1739304
-0.1718500
-0.1671373
-0.1619107
-0.1577732
-0.1543024
-0.1512081
-0.1502660
-0.1538519
-0.1619406
-0.1713473
-0.1781611
-0.1810770
-0.1826086
-0.1867645
-0.1948946
-0.2038879
-0.2092220
-0.2098770
-0.2091413
-0.2094512
-0.2066192
-0.1908557
-0.1558150
-0.1078285
-0.0648083
-0.0429779
-0.0429945
-0.0501720
-0.0497907
-0.0415766
-0.0376803
-0.0469349
-0.0635147
-0.0726256
-0.0664911
-0.0528079
-0.0466626
-0.0551604
-0.0715337
-0.0841759
-0.0890599
-0.0912611
-0.0956091
-0.0995582
-0.0971447
-0.0880142
-0.0793927
-0.0782445
-0.0830509
-0.0851736
-0.0787373
-0.0679996
-0.0633903
-0.0699940
-0.0814585
-0.0867699
-0.0824379
-0.0759423
-0.0763211
-0.0828177
-0.0848228
-0.0734612
-0.0517918
-0.0316987
-0.0204635
-0.0126307
0.0022810
0.0249099
0.0440831
0.0550893
0.0805329
0.1678680
0.3581291
0.6491243
0.9838842
1.2746205
1.4444629
1.4588698
1.3315529
1.1100385
0.8546148
0.6190658
0.4353716
0.3061930
0.2112364
0.1264330
0.0428580
-0.0296867
-0.0765105
-0.0955457
-0.1017644
-0.1144700
-0.1399748
-0.1667966
-0.1781643
-0.1691671
-0.1513443
-0.1407880
-0.1426421
-0.1476779
-0.1435305
-0.1283765
-0.1129561
-0.1092636
-0.1182849
-0.1300291
-0.1352679
-0.1351966
-0.1382471
-0.1488587
-0.1620246
-0.1694564
-0.1691545
-0.1671631
-0.1704700
-0.1800435
-0.1914634
-0.2006932
-0.2069345
-0.2098456
-0.2070038
-0.1970500
-0.1846192
-0.1785806
-0.1833444
-0.1934976
-0.1994792
-0.1983763
-0.1967429
-0.2013965
-0.2086941
-0.2053568
-0.1811633
-0.1401084
-0.0976682
-0.0670429
-0.0494291
-0.0380715
-0.0293512
-0.0266622
-0.0331508
-0.0438776
-0.0484067
-0.0413930
-0.0285097
-0.0203513
-0.0212320
-0.0260125
-0.0283691
-0.0294611
-0.0350211
-0.0441551
-0.0456157
-0.0292211
0.0001879
0.0248185
0.0321413
0.0282515
0.0291580
0.0394000
0.0454517
0.0368373
0.0343267
0.0906917
0.2548094
0.5290468
0.8589674
1.1626851
1.3708325
1.4465003
1.3832993
1.2001281
0.9412808
0.6701814
0.4459634
0.2948814
0.2024472
0.1355647
0.0734419
0.0177273
-0.0230489
-0.0513301
-0.0788628
-0.1109263
-0.1391357
-0.1522930
-0.1507143
-0.1459768
-0.1475156
-0.1534412
-0.1560256
-0.1532893
-0.1515061
-0.1563519
-0.1652329
-0.1709856
-0.1714317
-0.1715495
-0.1756677
-0.1812392
-0.1835557
-0.1849726
-0.1947622
-0.2175506
-0.2443486
-0.2590651
-0.2551457
-0.2434411
-0.2408891
-0.2516041
-0.2618778
-0.2554642
-0.2319976
-0.2074474
-0.1964131
-0.1968940
-0.1942824
-0.1784567
-0.1538066
-0.1320951
-0.1184082
-0.1069707
-0.0903427
-0.0695083
-0.0524700
-0.0439716
-0.0398377
-0.0328635
-0.0222039
-0.0142331
-0.0143792
-0.0208436
-0.0279262
-0.0339686
-0.0433013
-0.0595858
-0.0790719
-0.0927595
-0.0956114
-0.0919056
-0.0899830
-0.0925664
-0.0945353
-0.0908895
-0.0848290
-0.0856195
-0.0983836
-0.1174480
-0.1303462
-0.1276498
-0.1088080
-0.0803703
-0.0510931
-0.0285060
-0.0152498
-0.0017063
0.0408541
0.1548200
0.3727868
0.6883356
1.0443107
1.3517264
1.5290820
1.5370357
1.3891549
1.1378801
0.8491772
0.5804494
0.3680996
0.2237273
0.1367976
0.0834069
0.0395057
-0.0073292
-0.0547182
-0.0926968
-0.1151899
-0.1263312
-0.1367535
-0.1537976
-0.1751389
-0.1920005
-0.1984344
-0.1970156
-0.1956444
-0.1999539
-0.2096168
-0.2209936
-0.2312106
-0.2386893
-0.2411263
-0.2355527
-0.2218430
-0.2053808
-0.1942962
-0.1929872
-0.1988834
-0.2062089
-0.2120957
-0.2175941
-0.2229966
-0.2245544
-0.2178924
-0.2044253
-0.1924442
-0.1902826
-0.1983337
-0.2086898
-0.2131533
-0.2109965
-0.2078707
-0.2073366
-0.2052800
-0.1941962
-0.1723704
-0.1467926
-0.1260516
-0.1116257
-0.0980725
-0.0818778
-0.0678621
-0.0644213
-0.0725371
-0.0823340
-0.0830815
-0.0759154
-0.0735676
-0.0859110
-0.1075737
-0.1224673
-0.1205787
-0.1080996
-0.0999550
-0.1040620
-0.1151052
-0.1232384
-0.1257205
-0.1276696
-0.1327351
-0.1366513
-0.1316394
-0.1151298
-0.0915400
-0.0661714
-0.0407177
-0.0161383
0.0035255
0.0161317
0.0337739
0.0886225
0.2203794
0.4495497
0.7553976
1.0762849
1.3339471
1.4665094
1.4510892
1.3063459
1.0784102
0.8208407
0.5784224
0.3790574
0.2324821
0.1327378
0.0633273
0.0055932
-0.0516312
-0.1069666
-0.1506803
-0.1752236
-0.1827752
-0.1829628
-0.1837247
-0.1852075
-0.1829585
-0.1760572
-0.1700590
-0.1707700
-0.1762008
-0.1769679
-0.1658192
-0.1460328
-0.1292479
-0.1248781
-0.1322296
-0.1430580
-0.1509948
-0.1575144
-0.1685935
-0.1864805
-0.2058698
-0.2184387
-0.2206120
-0.2166077
-0.2144573
-0.2195928
-0.2317081
-0.2464754
-0.2595945
-0.2697396
-0.2785564
-0.2881336
-0.2981033
-0.3048427
-0.3037245
-0.2927657
-0.2743432
-0.2529270
-0.2307907
-0.2065556
-0.1789435
-0.1516827
-0.1327578
-0.1270057
-0.1297117
-0.1294555
-0.1187738
-0.1017737
-0.0900578
-0.0906823
-0.0988516
-0.1032041
-0.0977043
-0.0868699
-0.0789265
-0.0755136
-0.0702065
-0.0572092
-0.0394975
-0.0267591
-0.0256667
-0.0335279
-0.0419027
-0.0455587
-0.0469783
-0.0523316
-0.0641108
-0.0783853
-0.0888831
-0.0929610
-0.0934133
-0.0949407
-0.0991297
-0.1026216
-0.1001345
-0.0898869
-0.0765545
-0.0684077
-0.0705014
-0.0802347
-0.0899575
-0.0942647
-0.0945601
-0.0963199
-0.1023780
-0.1097577
-0.1133907
-0.1122239
-0.1106188
-0.1134756
-0.1206648
-0.1268659
-0.1266902
-0.1196025
-0.1102092
-0.1043708
-0.1047233
-0.1088934
-0.1117926
-0.1106926
-0.1087903
-0.1127287
-0.1248745
-0.1381614
-0.1409814
-0.1292356
-0.1126452
-0.1061892
-0.1139082
-0.1230827
-0.1169860
-0.0929492
-0.0649354
-0.0473841
-0.0397617
-0.0304737
-0.0140243
0.0029261
0.0183190
0.0560243
0.1625382
0.3732177
0.6751132
0.9998080
1.2533481
1.3601235
1.2923858
1.0750685
0.7724917
0.4653579
0.2226093
0.0762157
0.0130020
-0.0085185
-0.0270666
-0.0566221
-0.0881830
-0.1080455
-0.1129364
-0.1102448
-0.1084641
-0.1103219
-0.1141562
-0.1189670
-0.1264326
-0.1384573
-0.1535859
-0.1658355
-0.1673094
-0.1536483
-0.1288793
-0.1048783
-0.0938045
-0.0987890
-0.1116724
-0.1208713
-0.1220711
-0.1208536
-0.1246515
-0.1331491
-0.1381984
-0.1336210
-0.1235465
-0.1189023
-0.1250973
-0.1348862
-0.1356381
-0.1240555
-0.1118389
-0.1146298
-0.1351206
-0.1589045
-0.1686689
-0.1619744
-0.1530554
-0.1564603
-0.1709278
-0.1816857
-0.1779274
-0.1646016
-0.1549350
-0.1535819
-0.1514979
-0.1389432
-0.1203592
-0.1119055
-0.1230783
-0.1434721
-0.1508586
-0.1328253
-0.0989185
-0.0707976
-0.0616309
-0.0661790
-0.0698760
-0.0650072
-0.0567122
-0.0545392
-0.0606779
-0.0677607
-0.0674018
-0.0591870
-0.0503479
-0.0470795
-0.0473970
-0.0433792
-0.0303463
-0.0130393
-0.0019371
-0.0031692
-0.0123874
-0.0191919
-0.0178236
-0.0129988
-0.0145227
-0.0262269
-0.0412002
-0.0487924
-0.0459879
-0.0405962
-0.0424481
-0.0521488
-0.0599716
-0.0563278
-0.0421896
-0.0278091
-0.0213867
-0.0207230
-0.0169976
-0.0051647
0.0127109
0.0368389
0.0822843
0.1796979
0.3589784
0.6255954
0.9458337
1.2516901
1.4647548
1.5283950
1.4324985
1.2170301
0.9511091
0.6995031
0.4974327
0.3479727
0.2380751
0.1557887
0.0951299
0.0506939
0.0139255
-0.0225653
-0.0585034
-0.0866403
-0.1011851
-0.1048570
-0.1067861
-0.1139222
-0.1256121
-0.1367801
-0.1452458
-0.1545693
-0.1694382
-0.1890473
-0.2060078
-0.2124273
-0.2073959
-0.1984893
-0.1954312
-0.2015106
-0.2107422
-0.2135650
-0.2056898
-0.1915479
-0.1792118
-0.1724158
-0.1681629
-0.1620714
-0.1549313
-0.1526632
-0.1595291
-0.1723411
-0.1825023
-0.1840312
-0.1790832
-0.1751679
-0.1770497
-0.1816628
-0.1809942
-0.1698031
-0.1505158
-0.1307142
-0.1159204
-0.1048551
-0.0918855
-0.0742400
-0.0564798
-0.0470256
-0.0496582
-0.0588525
-0.0645958
-0.0622899
-0.0571153
-0.0576729
-0.0657773
-0.0742378
-0.0756045
-0.0716801
-0.0718661
-0.0813088
-0.0927047
-0.0926084
-0.0764806
-0.0556194
-0.0472234
-0.0575502
-0.0760691
-0.0865046
-0.0825494
-0.0720326
-0.0668198
-0.0705306
-0.0764639
-0.0757911
-0.0660855
-0.0523201
-0.0415849
-0.0378917
-0.0408457
-0.0472423
-0.0533750
-0.0571385
-0.0592629
-0.0623576
-0.0677835
-0.0733516
-0.0750608
-0.0716646
-0.0667116
-0.0648868
-0.0664738
-0.0669826
-0.0633358
-0.0594402
-0.0633535
-0.0777861
-0.0946814
-0.1015287
-0.0940388
-0.0815614
-0.0784861
-0.0899871
-0.1070547
-0.1161591
-0.1133867
-0.1081843
-0.1128872
-0.1291211
-0.1452812
-0.1476457
-0.1337317
-0.1146076
-0.1043939
-0.1077347
-0.1170923
-0.1212861
-0.1159983
-0.1062589
-0.0997044
-0.0982740
-0.0966351
-0.0883409
-0.0731362
-0.0579978
-0.0507421
-0.0523346
-0.0556660
-0.0526417
-0.0429408
-0.0351197
-0.0378876
-0.0502194
-0.0615170
-0.0627320
-0.0565695
-0.0548153
-0.0651050
-0.0821302
-0.0937538
-0.0950578
-0.0935448
-0.0990632
-0.1107370
-0.1173136
-0.1109882
-0.0976276
-0.0901559
-0.0927857
-0.0958926
-0.0887117
-0.0743607
-0.0668646
-0.0698725
-0.0589613
0.0116129
0.1800163
0.4483366
0.7747584
1.0881159
1.3126347
1.3916248
1.3056490
1.0815569
0.7858670
0.4999668
0.2869625
0.1687015
0.1258427
0.1180049
0.1090372
0.0828291
0.0441576
0.0081701
-0.0133917
-0.0208674
-0.0251370
-0.0373719
-0.0586164
-0.0787907
-0.0866222
-0.0811870
-0.0734525
-0.0759698
-0.0910016
-0.1090291
-0.1189363
-0.1193688
-0.1198069
-0.1304475
-0.1512283
-0.1710313
-0.1776974
-0.1686717
-0.1519858
-0.1376469
-0.1290791
-0.1230207
-0.1163044
-0.1106363
-0.1097324
-0.1128242
-0.1132604
-0.1050021
-0.0899598
-0.0772478
-0.0743951
-0.0800688
-0.0864004
-0.0880287
-0.0874141
-0.0906403
-0.0990645
-0.1067807
-0.1068669
-0.0990940
-0.0900530
-0.0854695
-0.0836751
-0.0780194
-0.0655971
-0.0520770
-0.0465715
-0.0517479
-0.0600397
-0.0605764
-0.0500783
-0.0365195
-0.0315716
-0.0393596
-0.0528897
-0.0614388
-0.0607088
-0.0551138
-0.0507211
-0.0476761
-0.0408877
-0.0278141
-0.0138339
-0.0082846
-0.0148648
-0.0269223
-0.0333506
-0.0293102
-0.0204869
-0.0164669
-0.0205269
-0.0266946
-0.0267322
-0.0191563
-0.0107746
-0.0095207
-0.0164298
-0.0251688
-0.0293078
-0.0291765
-0.0306767
-0.0375108
-0.0459799
-0.0488085
-0.0439617
-0.0380663
-0.0396667
-0.0494175
-0.0588395
-0.0601232
-0.0560943
-0.0578457
-0.0714234
-0.0889363
-0.0957435
-0.0865508
-0.0716553
-0.0654211
-0.0702268
-0.0748647
-0.0691570
-0.0569869
-0.0518448
-0.0602439
-0.0732093
-0.0763061
-0.0661641
-0.0537608
-0.0511483
-0.0582002
-0.0648148
-0.0642647
-0.0604007
-0.0606575
-0.0651834
-0.0665303
-0.0600652
-0.0513680
-0.0506774
-0.0608067
-0.0734519
-0.0788017
-0.0770155
-0.0775608
-0.0869974
-0.0998212
-0.1034610
-0.0918711
-0.0723042
-0.0579578
-0.0552209
-0.0597427
-0.0647547
-0.0707709
-0.0844387
-0.1075252
-0.1294418
-0.1335386
-0.1119723
-0.0740307
-0.0394145
-0.0228295
-0.0228716
-0.0215089
0.0093387
0.0994287
0.2701308
0.5207303
0.8157124
1.0853190
1.2481124
1.2480208
1.0836062
0.8096369
0.5099033
0.2591229
0.0957859
0.0170202
-0.0076792
-0.0149009
-0.0290829
-0.0547603
-0.0813508
-0.0965214
-0.0985164
-0.0974525
-0.1042967
-0.1184594
-0.1276089
-0.1209763
-0.1020521
-0.0861285
-0.0846828
-0.0938735
-0.1003242
-0.0976413
-0.0942792
-0.1030461
-0.1243077
-0.1430496
-0.1439177
-0.1270321
-0.1067712
-0.0963717
-0.0971131
-0.1029101
-0.1110746
-0.1240159
-0.1410237
-0.1536370
-0.1531795
-0.1417219
-0.1315131
-0.1319472
-0.1396310
-0.1439831
-0.1410889
-0.1377789
-0.1407371
-0.1453962
-0.1399919
-0.1203315
-0.0964539
-0.0821414
-0.0796514
-0.0780252
-0.0666925
-0.0476800
-0.0320431
-0.0258404
-0.0234311
-0.0158810
-0.0029773
0.0065321
0.0060167
-0.0014043
-0.0078574
-0.0106199
-0.0137671
-0.0206097
-0.0283749
-0.0326241
-0.0347236
-0.0410474
-0.0541341
-0.0680763
-0.0756804
-0.0785884
-0.0859831
-0.1020671
-0.1186129
-0.1237017
-0.1165116
-0.1089254
-0.1110562
-0.1187799
-0.1193102
-0.1079603
-0.0948166
-0.0926263
-0.1008980
-0.1061442
-0.0981046
-0.0819546
-0.0718182
-0.0742933
-0.0823326
-0.0856617
-0.0832493
-0.0824389
-0.0874957
-0.0930509
-0.0902409
-0.0770906
-0.0605166
-0.0485112
-0.0423417
-0.0369266
-0.0271296
-0.0123406
0.0036177
0.0145338
0.0149913
0.0080545
0.0161630
0.0830101
0.2538633
0.5401585
0.8949428
1.2241678
1.4316310
1.4669920
1.3439808
1.1213671
0.8673949
0.6338035
0.4483268
0.3173084
0.2299529
0.1654642
0.1057244
0.0467542
-0.0021798
-0.0321338
-0.0466328
-0.0590324
-0.0784945
-0.1012864
-0.1175989
-0.1250033
-0.1313417
-0.1433104
-0.1558677
-0.1573284
-0.1448530
-0.1307024
-0.1303388
-0.1460678
-0.1656509
-0.1770176
-0.1809741
-0.1871388
-0.1993481
-0.2094219
-0.2072869
-0.1946847
-0.1848078
-0.1875366
-0.1980639
-0.2027621
-0.1950101
-0.1818654
-0.1742913
-0.1736681
-0.1709227
-0.1585474
-0.1403487
-0.1271143
-0.1237367
-0.1236663
-0.1174918
-0.1048868
-0.0948099
-0.0935362
-0.0956206
-0.0894867
-0.0711531
-0.0495101
-0.0368724
-0.0361255
-0.0393578
-0.0387282
-0.0357852
-0.0378761
-0.0467045
-0.0543066
-0.0523892
-0.0432865
-0.0378710
-0.0424581
-0.0515329
-0.0557926
-0.0545182
-0.0550509
-0.0595255
-0.0576968
-0.0386590
-0.0082645
0.0140381
0.0241487
0.0585344
0.1808010
0.4318696
0.7874438
1.1637932
1.4665047
1.6376634
1.6662029
1.5682842
1.3695903
1.1056777
0.8261238
0.5824481
0.4035124
0.2829806
0.1937383
0.1151156
0.0458242
-0.0062024
-0.0399608
-0.0638397
-0.0851379
-0.1028835
-0.1129710
-0.1172051
-0.1233120
-0.1356348
-0.1488444
-0.1536083
-0.1480864
-0.1412476
-0.1435895
-0.1562596
-0.1713177
-0.1817969
-0.1885952
-0.1965516
-0.2062786
-0.2127985
-0.2122179
-0.2072395
-0.2042620
-0.2058625
-0.2084051
-0.2078528
-0.2058936
-0.2076521
-0.2135218
-0.2164460
-0.2096512
-0.1958167
-0.1856972
-0.1868817
-0.1955691
-0.2006835
-0.1952758
-0.1824135
-0.1698474
-0.1605263
-0.1499753
-0.1329084
-0.1106908
-0.0908892
-0.0799375
-0.0775579
-0.0783674
-0.0775473
-0.0742314
-0.0703216
-0.0672689
-0.0643476
-0.0599474
-0.0545218
-0.0518538
-0.0564526
-0.0691353
-0.0855591
-0.0997156
-0.1089398
-0.1152574
-0.1218527
-0.1286939
-0.1323325
-0.1303274
-0.1251302
-0.1223065
-0.1246484
-0.1291904
-0.1307033
-0.1269192
-0.1188221
-0.1064759
-0.0870327
-0.0584558
-0.0246006
0.0052745
0.0240271
0.0355272
0.0576881
0.1172666
0.2398885
0.4396030
0.7091799
1.0122754
1.2836975
1.4459940
1.4413370
1.2626944
0.9628510
0.6318255
0.3544528
0.1739387
0.0829057
0.0434721
0.0178847
-0.0123768
-0.0469955
-0.0782562
-0.1010244
-0.1159400
-0.1276674
-0.1413379
-0.1589587
-0.1774418
-0.1902191
-0.1925116
-0.1864115
-0.1802037
-0.1808758
-0.1868070
-0.1894179
-0.1832273
-0.1730485
-0.1692551
-0.1760050
-0.1860181
-0.1879843
-0.1781984
-0.1636564
-0.1538391
-0.1508775
-0.1490372
-0.1434079
-0.1369115
-0.1369874
-0.1462286
-0.1588706
-0.1675459
-0.1717125
-0.1772255
-0.1876008
-0.1975723
-0.1970283
-0.1817883
-0.1596371
-0.1441212
-0.1413816
-0.1436898
-0.1371887
-0.1160872
-0.0883326
-0.0672825
-0.0590522
-0.0588526
-0.0588356
-0.0576386
-0.0609091
-0.0727374
-0.0885013
-0.0982991
-0.0976366
-0.0927398
-0.0937494
-0.1035870
-0.1153831
-0.1208643
-0.1194209
-0.1176512
-0.1205794
-0.1248878
-0.1220311
-0.1081669
-0.0898725
-0.0784880
-0.0784364
-0.0823245
-0.0788082
-0.0651309
-0.0503850
-0.0440373
-0.0385621
-0.0022751
0.1076911
0.3180223
0.6161462
0.9482652
1.2396646
1.4237956
1.4650571
1.3681058
1.1731145
0.9390793
0.7208357
0.5500815
0.4302507
0.3466460
0.2826950
0.2297929
0.1855923
0.1471924
0.1094175
0.0699475
0.0330148
0.0049804
-0.0138136
-0.0310367
-0.0555416
-0.0891356
-0.1253374
-0.1558047
-0.1778461
-0.1959181
-0.2159238
-0.2382602
-0.2570484
-0.2665391
-0.2679035
-0.2692495
-0.2788339
-0.2979515
-0.3198587
-0.3355280
-0.3409188
-0.3388534
-0.3339046
-0.3264941
-0.3134689
-0.2943614
-0.2751519
-0.2642304
-0.2646193
-0.2707897
-0.2733935
-0.2672174
-0.2545367
-0.2405574
-0.2260190
-0.2057767
-0.1756521
-0.1393682
-0.1063310
-0.0820917
-0.0628779
-0.0411191
-0.0156587
0.0056402
0.0147495
0.0140514
0.0155254
0.0275625
0.0437293
0.0475764
0.0295683
-0.0028013
-0.0331911
-0.0529398
-0.0671029
-0.0847612
-0.1064023
-0.1226751
-0.1246472
-0.1133868
-0.0987510
-0.0897209
-0.0873062
-0.0868325
-0.0851137
-0.0834849
-0.0843784
-0.0870050
-0.0872003
-0.0808052
-0.0671757
-0.0504319
-0.0374293
-0.0332444
-0.0376930
-0.0463405
-0.0547951
-0.0614194
-0.0661324
-0.0680638
-0.0656603
-0.0591814
-0.0523543
-0.0504941
-0.0560722
-0.0662856
-0.0761208
-0.0841427
-0.0940388
-0.1095911
-0.1291842
-0.1466623
-0.1572508
-0.1613666
-0.1624604
-0.1621681
-0.1586119
-0.1499606
-0.1393074
-0.1342928
-0.1398243
-0.1512138
-0.1569438
-0.1500156
-0.1357283
-0.1265596
-0.1292948
-0.1384054
-0.1426985
-0.1376458
-0.1295520
-0.1267470
-0.1282101
-0.1241118
-0.1088464
-0.0905796
-0.0840477
-0.0940673
-0.1097014
-0.1163604
-0.1112924
-0.1044580
-0.1049575
-0.1099967
-0.1094235
-0.0998182
-0.0904852
-0.0934054
-0.1092561
-0.1270742
-0.1378611
-0.1441674
-0.1531908
-0.1633107
-0.1629855
-0.1445097
-0.1153855
-0.0924848
-0.0850498
-0.0860934
-0.0820649
-0.0690878
-0.0560596
-0.0510685
-0.0491663
-0.0384218
-0.0166000
0.0056827
0.0241791
0.0618451
0.1637628
0.3639913
0.6512604
0.9629786
1.2127985
1.3308407
1.2903881
1.1108898
0.8450067
0.5603627
0.3191799
0.1576726
0.0744782
0.0383971
0.0123574
-0.0237263
-0.0671616
-0.1045246
-0.1284463
-0.1443968
-0.1631113
-0.1879662
-0.2111973
-0.2228268
-0.2218648
-0.2172357
-0.2179739
-0.2237586
-0.2256252
-0.2158579
-0.1969575
-0.1802021
-0.1746357
-0.1780645
-0.1802654
-0.1746657
-0.1646840
-0.1579993
-0.1569466
-0.1566995
-0.1521279
-0.1442670
-0.1391466
-0.1408865
-0.1470411
-0.1515347
-0.1517413
-0.1508313
-0.1521774
-0.1534932
-0.1494979
-0.1403632
-0.1345212
-0.1409077
-0.1588787
-0.1773275
-0.1847741
-0.1804879
-0.1746566
-0.1760993
-0.1802696
-0.1724109
-0.1445581
-0.1073889
-0.0817521
-0.0778974
-0.0852694
-0.0842132
-0.0669319
-0.0454197
-0.0381229
-0.0495880
-0.0651953
-0.0670571
-0.0533245
-0.0389287
-0.0376544
-0.0472736
-0.0543986
-0.0513414
-0.0444197
-0.0452418
-0.0563763
-0.0680147
-0.0692150
-0.0608141
-0.0547064
-0.0597286
-0.0710555
-0.0765535
-0.0723763
-0.0679977
-0.0741426
-0.0885392
-0.0969183
-0.0883025
-0.0670566
-0.0477306
-0.0380955
-0.0301654
-0.0110753
0.0186784
0.0446032
0.0614239
0.0954609
0.1967534
0.4014821
0.6964352
1.0163580
1.2760683
1.4122770
1.4070366
1.2834959
1.0860271
0.8621220
0.6520612
0.4818127
0.3576151
0.2679476
0.1951229
0.1282716
0.0675179
0.0182761
-0.0169644
-0.0418399
-0.0622616
-0.0800438
-0.0916170
-0.0942157
-0.0920963
-0.0939687
-0.1039771
-0.1175899
-0.1276653
-0.1331366
-0.1400193
-0.1537296
-0.1712173
-0.1819229
-0.1779536
-0.1633616
-0.1514453
-0.1518138
-0.1617664
-0.1716565
-0.1764518
-0.1791605
-0.1840357
-0.1901485
-0.1930396
-0.1908597
-0.1868736
-0.1855328
-0.1870701
-0.1878034
-0.1866797
-0.1892089
-0.2011686
-0.2183864
-0.2271253
-0.2175046
-0.1944568
-0.1723323
-0.1592316
-0.1494332
-0.1323664
-0.1075911
-0.0882914
-0.0878263
-0.1033685
-0.1165437
-0.1129423
-0.0986040
-0.0929434
-0.1058168
-0.1261527
-0.1349763
-0.1262690
-0.1117059
-0.1057660
-0.1094178
-0.1104696
-0.0992966
-0.0811284
-0.0698663
-0.0708707
-0.0745836
-0.0691808
-0.0554730
-0.0449309
-0.0446821
-0.0493346
-0.0486356
-0.0399883
-0.0310920
-0.0310620
-0.0409326
-0.0540086
-0.0645816
-0.0732016
-0.0815599
-0.0855645
-0.0790478
-0.0644206
-0.0538045
-0.0562963
-0.0676672
-0.0768052
-0.0806691
-0.0881002
-0.1071587
-0.1312183
-0.1414050
-0.1250274
-0.0903269
-0.0589055
-0.0409285
-0.0190475
0.0419985
0.1717404
0.3786577
0.6475332
0.9384164
1.1863059
1.3157209
1.2751304
1.0709238
0.7715490
0.4727862
0.2467648
0.1117507
0.0422110
0.0032753
-0.0243130
-0.0446660
-0.0589136
-0.0703021
-0.0815001
-0.0933803
-0.1064833
-0.1201981
-0.1306962
-0.1330678
-0.1270549
-0.1195572
-0.1198804
-0.1312833
-0.1471780
-0.1577091
-0.1614249
-0.1676367
-0.1838093
-0.2030599
-0.2099948
-0.1992688
-0.1827436
-0.1757303
-0.1800635
-0.1842281
-0.1784015
-0.1659369
-0.1589913
-0.1637973
-0.1723020
-0.1706908
-0.1556549
-0.1381622
-0.1295466
-0.1285695
-0.1264488
-0.1210142
-0.1192305
-0.1255796
-0.1333776
-0.1305886
-0.1129366
-0.0895592
-0.0747607
-0.0735125
-0.0763253
-0.0706842
-0.0560526
-0.0430853
-0.0383648
-0.0363279
-0.0290967
-0.0188936
-0.0158231
-0.0259688
-0.0459836
-0.0683229
-0.0880681
-0.1036283
-0.1123540
-0.1082452
-0.0877051
-0.0585508
-0.0380319
-0.0360264
-0.0422351
-0.0364689
-0.0118409
0.0177912
0.0350508
0.0407618
0.0592562
0.1263155
0.2707323
0.4995045
0.7925425
1.1067770
1.3845980
1.5657675
1.6071823
1.5046050
1.2967393
1.0431886
0.7952063
0.5825010
0.4161226
0.2936079
0.2026937
0.1283286
0.0609927
-0.0002111
-0.0505949
-0.0862364
-0.1105460
-0.1341673
-0.1639551
-0.1927345
-0.2065399
-0.2029799
-0.1955009
-0.1970506
-0.2058122
-0.2103497
-0.2038639
-0.1901267
-0.1786292
-0.1756954
-0.1781613
-0.1765491
-0.1673281
-0.1589539
-0.1604586
-0.1672782
-0.1657551
-0.1502163
-0.1288003
-0.1134840
-0.1101258
-0.1163166
-0.1232742
-0.1223706
-0.1151465
-0.1132767
-0.1233161
-0.1365976
-0.1407531
-0.1359030
-0.1319860
-0.1346619
-0.1411595
-0.1464864
-0.1481999
-0.1486022
-0.1544963
-0.1679170
-0.1759266
-0.1609883
-0.1253539
-0.0927437
-0.0803175
-0.0815485
-0.0826937
-0.0822411
-0.0858043
-0.0938778
-0.1026188
-0.1071097
-0.1003063
-0.0805126
-0.0604862
-0.0537776
-0.0530856
-0.0417218
-0.0245101
-0.0220320
-0.0347020
-0.0426487
-0.0428831
-0.0514020
-0.0638080
-0.0560225
-0.0366340
-0.0520620
-0.1152403
