-0.1849252
-0.1873891
-0.1729598
-0.1650975
-0.1679912
-0.1687210
-0.1617130
-0.1529349
-0.1450465
-0.1354999
-0.1276230
-0.1289144
-0.1380760
-0.1453336
-0.1459671
-0.1440986
-0.1436313
-0.1444402
-0.1471315
-0.1529385
-0.1582980
-0.1568010
-0.1478695
-0.1385382
-0.1359124
-0.1408552
-0.1480855
-0.1501180
-0.1438022
-0.1356751
-0.1369301
-0.1492601
-0.1597356
-0.1545991
-0.1350225
-0.1145027
-0.1038307
-0.1041431
-0.1122469
-0.1250265
-0.1356841
-0.1288777
-0.0835467
0.0168216
0.1753647
0.3838826
0.6330956
0.9135844
1.1968048
1.4162076
1.4830002
1.3396541
1.0088192
0.5918619
0.2148189
-0.0373693
-0.1528893
-0.1759006
-0.1619466
-0.1441183
-0.1308324
-0.1226055
-0.1220675
-0.1300056
-0.1410141
-0.1484246
-0.1516377
-0.1557161
-0.1641136
-0.1733638
-0.1757842
-0.1679630
-0.1561290
-0.1512116
-0.1577931
-0.1696491
-0.1768828
-0.1749662
-0.1655367
-0.1518633
-0.1371729
-0.1255132
-0.1197298
-0.1178311
-0.1140759
-0.1051011
-0.0941219
-0.0882240
-0.0912532
-0.0991807
-0.1029941
-0.0971619
-0.0849568
-0.0742032
-0.0682541
-0.0630219
-0.0527714
-0.0366308
-0.0188600
-0.0045017
0.0046646
0.0114561
0.0211141
0.0363774
0.0543506
0.0697095
0.0813647
0.0944642
0.1151354
0.1441713
0.1761849
0.2040643
0.2240447
0.2373110
0.2471595
0.2545375
0.2564854
0.2487607
0.2292872
0.1995524
0.1646740
0.1324788
0.1095628
0.0955703
0.0824480
0.0620185
0.0346696
0.0092116
-0.0061207
-0.0117580
-0.0158810
-0.0258241
-0.0402202
-0.0496480
-0.0457027
-0.0297057
-0.0120888
-0.0033666
-0.0061944
-0.0153085
-0.0232815
-0.0261496
-0.0253376
-0.0253091
-0.0287435
-0.0335363
-0.0349996
-0.0309714
-0.0239977
-0.0186155
-0.0174189
-0.0196589
-0.0225108
-0.0234515
-0.0223787
-0.0219367
-0.0252799
-0.0329443
-0.0415992
-0.0457960
-0.0418379
-0.0315289
-0.0222096
-0.0210157
-0.0277173
-0.0346006
-0.0351059
-0.0316157
-0.0325790
-0.0419376
-0.0533211
-0.0558276
-0.0450725
-0.0278323
-0.0157056
-0.0144670
-0.0198286
-0.0231863
-0.0203355
-0.0141058
-0.0099717
-0.0108169
-0.0152712
-0.0190349
-0.0178097
-0.0111700
-0.0044003
-0.0046415
-0.0136277
-0.0250983
-0.0309377
-0.0298965
-0.0292634
-0.0374003
-0.0546749
-0.0719130
-0.0780591
-0.0698403
-0.0545967
-0.0444183
-0.0473973
-0.0624603
-0.0799826
-0.0876494
-0.0794728
-0.0620544
-0.0507279
-0.0562996
-0.0745150
-0.0896633
-0.0890454
-0.0735259
-0.0546125
-0.0430697
-0.0411084
-0.0440622
-0.0471217
-0.0492432
-0.0516578
-0.0548967
-0.0582503
-0.0608161
-0.0616891
-0.0600362
-0.0567903
-0.0558486
-0.0613090
-0.0727549
-0.0848351
-0.0925338
-0.0958461
-0.0983244
-0.1019954
-0.1052429
-0.1057400
-0.1041606
-0.1038320
-0.1065818
-0.1097561
-0.1084071
-0.1007241
-0.0907440
-0.0853223
-0.0885019
-0.0982297
-0.1072449
-0.1073088
-0.0951611
-0.0766271
-0.0638363
-0.0651924
-0.0765104
-0.0836263
-0.0765634
-0.0623817
-0.0622484
-0.0916040
-0.1396381
-0.1686938
-0.1379387
-0.0313310
0.1369542
0.3446435
0.5857873
0.8669428
1.1734972
1.4402048
1.5648573
1.4680913
1.1560086
0.7308172
0.3344248
0.0670702
-0.0566625
-0.0878117
-0.0874568
-0.0861837
-0.0839618
-0.0749978
-0.0653204
-0.0675448
-0.0846331
-0.1041051
-0.1095803
-0.0966303
-0.0764280
-0.0648007
-0.0685824
-0.0816915
-0.0927757
-0.0961572
-0.0960429
-0.1008003
-0.1135578
-0.1286658
-0.1370132
-0.1339770
-0.1222784
-0.1086932
-0.0992806
-0.0968697
-0.1007550
-0.1073901
-0.1121006
-0.1119976
-0.1083755
-0.1056285
-0.1062472
-0.1065882
-0.0993857
-0.0820759
-0.0615751
-0.0482344
-0.0444316
-0.0411440
-0.0274216
-0.0023595
0.0241370
0.0426629
0.0548373
0.0711386
0.0983584
0.1307089
0.1549369
0.1643986
0.1668541
0.1773140
0.2032064
0.2367561
0.2615246
0.2663286
0.2537389
0.2359663
0.2223096
0.2101317
0.1884130
0.1505646
0.1030910
0.0605149
0.0317086
0.0122721
-0.0089042
-0.0360899
-0.0608878
-0.0705633
-0.0617054
-0.0445338
-0.0334039
-0.0341225
-0.0413563
-0.0471027
-0.0492983
-0.0517229
-0.0576497
-0.0656011
-0.0710552
-0.0708539
-0.0654748
-0.0578662
-0.0510437
-0.0468210
-0.0458242
-0.0475763
-0.0505458
-0.0532383
-0.0558988
-0.0603018
-0.0668235
-0.0722802
-0.0723341
-0.0667416
-0.0611605
-0.0622036
-0.0701809
-0.0776324
-0.0765300
-0.0674909
-0.0606555
-0.0656878
-0.0807735
-0.0931234
-0.0914323
-0.0771374
-0.0625327
-0.0584965
-0.0652513
-0.0746991
-0.0798727
-0.0809669
-0.0830213
-0.0894123
-0.0981194
-0.1033167
-0.0997787
-0.0867928
-0.0697904
-0.0582429
-0.0593006
-0.0711337
-0.0834005
-0.0868478
-0.0829579
-0.0821943
-0.0917067
-0.1063324
-0.1134730
-0.1062120
-0.0897918
-0.0751460
-0.0682326
-0.0671720
-0.0681119
-0.0704383
-0.0751584
-0.0810957
-0.0860592
-0.0910970
-0.0996667
-0.1107926
-0.1160012
-0.1070191
-0.0867265
-0.0693854
-0.0678589
-0.0813183
-0.0970083
-0.1038133
-0.1024711
-0.1019239
-0.1073654
-0.1143019
-0.1148394
-0.1077436
-0.1001070
-0.0992587
-0.1049631
-0.1106154
-0.1111366
-0.1082050
-0.1074350
-0.1113031
-0.1158962
-0.1149952
-0.1068040
-0.0957468
-0.0876131
-0.0841889
-0.0837679
-0.0862738
-0.0958109
-0.1163910
-0.1443064
-0.1644035
-0.1542643
-0.0937255
0.0274467
0.2097440
0.4504139
0.7461720
1.0824123
1.4130629
1.6524544
1.7013119
1.5035920
1.0965639
0.6083373
0.1928810
-0.0539605
-0.1345656
-0.1203617
-0.0869914
-0.0702708
-0.0684661
-0.0701069
-0.0723237
-0.0780269
-0.0867939
-0.0949430
-0.1020000
-0.1113118
-0.1229894
-0.1303404
-0.1269557
-0.1161380
-0.1095943
-0.1155665
-0.1301793
-0.1418720
-0.1430792
-0.1359443
-0.1274492
-0.1215169
-0.1169743
-0.1115041
-0.1050662
-0.0989880
-0.0936005
-0.0884616
-0.0842340
-0.0823833
-0.0825990
-0.0821641
-0.0791491
-0.0753255
-0.0741938
-0.0758402
-0.0749471
-0.0649902
-0.0446295
-0.0197479
0.0011445
0.0140525
0.0226422
0.0344435
0.0535852
0.0769015
0.0972252
0.1109555
0.1227015
0.1419757
0.1741140
0.2137376
0.2477258
0.2657008
0.2679710
0.2630757
0.2579295
0.2510207
0.2350626
0.2053882
0.1655186
0.1253104
0.0940319
0.0741482
0.0602538
0.0437422
0.0198647
-0.0081667
-0.0317705
-0.0448022
-0.0497235
-0.0554326
-0.0678053
-0.0826153
-0.0894339
-0.0832903
-0.0712159
-0.0657567
-0.0723186
-0.0843665
-0.0914682
-0.0907410
-0.0889841
-0.0936647
-0.1032493
-0.1077821
-0.0992324
-0.0805598
-0.0638934
-0.0596529
-0.0674325
-0.0771604
-0.0788346
-0.0714554
-0.0631201
-0.0625944
-0.0705444
-0.0789294
-0.0790583
-0.0700689
-0.0593952
-0.0554621
-0.0605707
-0.0704661
-0.0793692
-0.0845992
-0.0872035
-0.0897487
-0.0940649
-0.1001010
-0.1056939
-0.1075785
-0.1040946
-0.0978136
-0.0944632
-0.0974898
-0.1035894
-0.1053873
-0.0996648
-0.0917770
-0.0900943
-0.0960803
-0.1016524
-0.0976245
-0.0841764
-0.0715804
-0.0700637
-0.0795669
-0.0900958
-0.0917802
-0.0837816
-0.0734772
-0.0682470
-0.0689980
-0.0709360
-0.0691058
-0.0628382
-0.0559081
-0.0532519
-0.0571247
-0.0655099
-0.0739083
-0.0789888
-0.0809812
-0.0828781
-0.0873764
-0.0942358
-0.1001204
-0.1010030
-0.0953781
-0.0858851
-0.0779083
-0.0758539
-0.0797859
-0.0853810
-0.0878503
-0.0866305
-0.0859289
-0.0897900
-0.0967047
-0.1003135
-0.0962027
-0.0872633
-0.0811913
-0.0826945
-0.0890563
-0.0936967
-0.0933563
-0.0909125
-0.0910956
-0.0942190
-0.0950466
-0.0882779
-0.0749469
-0.0628261
-0.0599306
-0.0672562
-0.0779157
-0.0837951
-0.0834110
-0.0829962
-0.0893285
-0.1016406
-0.1115598
-0.1114947
-0.1022921
-0.0918718
-0.0871221
-0.0885583
-0.0925918
-0.0967125
-0.1008320
-0.1047147
-0.1066545
-0.1055982
-0.1030881
-0.1014866
-0.1007016
-0.0983478
-0.0935228
-0.0888064
-0.0872335
-0.0883397
-0.0890936
-0.0883847
-0.0880212
-0.0881432
-0.0842298
-0.0724441
-0.0585464
-0.0578086
-0.0812216
-0.1195349
-0.1424099
-0.1166643
-0.0277349
0.1165994
0.3038689
0.5357351
0.8228222
1.1532540
1.4636311
1.6485347
1.6155174
1.3494794
0.9338938
0.5067615
0.1826505
-0.0002868
-0.0740974
-0.0936015
-0.0947401
-0.0878210
-0.0754481
-0.0663271
-0.0711543
-0.0912325
-0.1162394
-0.1333989
-0.1369677
-0.1292816
-0.1159816
-0.1027438
-0.0950557
-0.0969446
-0.1074196
-0.1193692
-0.1246374
-0.1213224
-0.1153945
-0.1143511
-0.1193894
-0.1242191
-0.1215228
-0.1102440
-0.0965073
-0.0878182
-0.0866662
-0.0893671
-0.0902268
-0.0864640
-0.0797884
-0.0741516
-0.0720177
-0.0720814
-0.0701629
-0.0626186
-0.0493498
-0.0336194
-0.0188716
-0.0056668
0.0084325
0.0261415
0.0474990
0.0692740
0.0873628
0.1004863
0.1122124
0.1290560
0.1552585
0.1882141
0.2192900
0.2407867
0.2532356
0.2649632
0.2825531
0.3012966
0.3068083
0.2880020
0.2486311
0.2050029
0.1718860
0.1510186
0.1331255
0.1095461
0.0803659
0.0516842
0.0273729
0.0056259
-0.0166398
-0.0380873
-0.0532191
-0.0580295
-0.0543112
-0.0480734
-0.0443092
-0.0437235
-0.0442454
-0.0450026
-0.0480804
-0.0558437
-0.0666552
-0.0743749
-0.0735301
-0.0653387
-0.0575694
-0.0572845
-0.0637921
-0.0697787
-0.0698520
-0.0670720
-0.0697926
-0.0820052
-0.0980393
-0.1076724
-0.1058041
-0.0960219
-0.0852114
-0.0767489
-0.0700622
-0.0652442
-0.0652869
-0.0726186
-0.0846620
-0.0945956
-0.0970922
-0.0928123
-0.0868639
-0.0832107
-0.0812114
-0.0776674
-0.0715395
-0.0658903
-0.0650741
-0.0703977
-0.0787733
-0.0853847
-0.0872549
-0.0842238
-0.0773333
-0.0676997
-0.0576792
-0.0520599
-0.0560872
-0.0714479
-0.0948343
-0.1202112
-0.1397033
-0.1394846
-0.0963798
0.0154505
0.2089808
0.4739479
0.7813442
1.0935777
1.3637033
1.5266071
1.5084368
1.2702314
0.8578569
0.4033020
0.0558207
-0.1091593
-0.1254607
-0.0871532
-0.0660134
-0.0715706
-0.0771845
-0.0679376
-0.0562589
-0.0593635
-0.0755864
-0.0883934
-0.0877112
-0.0798926
-0.0771022
-0.0830356
-0.0920455
-0.0986577
-0.1032574
-0.1087639
-0.1156908
-0.1222546
-0.1271378
-0.1298966
-0.1296557
-0.1258482
-0.1204710
-0.1174931
-0.1187084
-0.1213054
-0.1211572
-0.1180538
-0.1156485
-0.1154722
-0.1127878
-0.1006582
-0.0783059
-0.0537096
-0.0366141
-0.0292503
-0.0246169
-0.0136646
0.0064231
0.0307157
0.0521353
0.0680981
0.0822791
0.1006392
0.1257252
0.1543009
0.1802764
0.2002491
0.2165143
0.2344962
0.2568078
0.2797745
0.2961632
0.3014635
0.2970631
0.2869342
0.2717616
0.2474474
0.2100298
0.1617877
0.1117736
0.0696769
0.0386906
0.0142055
-0.0103348
-0.0360645
-0.0572216
-0.0673190
-0.0667275
-0.0634298
-0.0655840
-0.0735630
-0.0802811
-0.0797687
-0.0744808
-0.0728390
-0.0796272
-0.0903956
-0.0964712
-0.0946289
-0.0901896
-0.0906146
-0.0978250
-0.1077242
-0.1157480
-0.1209021
-0.1247600
-0.1288881
-0.1343702
-0.1420835
-0.1511190
-0.1572532
-0.1556597
-0.1467676
-0.1380360
-0.1374995
-0.1452582
-0.1532006
-0.1541488
-0.1498351
-0.1480342
-0.1523789
-0.1574248
-0.1550451
-0.1444619
-0.1340177
-0.1325945
-0.1402832
-0.1483944
-0.1486053
-0.1415623
-0.1360554
-0.1395197
-0.1494850
-0.1551128
-0.1481494
-0.1324947
-0.1217227
-0.1258326
-0.1408389
-0.1531481
-0.1545979
-0.1510119
-0.1538617
-0.1649691
-0.1734225
-0.1690754
-0.1556707
-0.1463999
-0.1471277
-0.1491888
-0.1422300
-0.1315696
-0.1370800
-0.1719959
-0.2242703
-0.2606796
-0.2484943
-0.1719930
-0.0302812
0.1750748
0.4448614
0.7718447
1.1228497
1.4285260
1.5948386
1.5411161
1.2505879
0.7994180
0.3322869
-0.0113900
-0.1717809
-0.1872982
-0.1464359
-0.1183458
-0.1196735
-0.1329012
-0.1426643
-0.1506876
-0.1640915
-0.1809971
-0.1918816
-0.1908504
-0.1809795
-0.1695375
-0.1616556
-0.1590567
-0.1614411
-0.1665649
-0.1704570
-0.1704300
-0.1681077
-0.1674094
-0.1687934
-0.1674563
-0.1591534
-0.1469330
-0.1396004
-0.1426737
-0.1524343
-0.1602695
-0.1619709
-0.1609848
-0.1625100
-0.1662024
-0.1659100
-0.1560214
-0.1371859
-0.1161584
-0.1008940
-0.0953013
-0.0968482
-0.0978957
-0.0901199
-0.0698149
-0.0404493
-0.0099678
0.0154249
0.0356874
0.0556727
0.0797422
0.1076567
0.1354008
0.1594705
0.1799448
0.1991209
0.2169873
0.2283692
0.2257326
0.2061469
0.1755058
0.1444045
0.1186704
0.0945733
0.0647287
0.0284876
-0.0055694
-0.0287227
-0.0422884
-0.0563204
-0.0779437
-0.1033226
-0.1228984
-0.1329927
-0.1391759
-0.1478193
-0.1575217
-0.1616912
-0.1584097
-0.1540906
-0.1558111
-0.1620615
-0.1635888
-0.1532360
-0.1331086
-0.1116946
-0.0957669
-0.0864570
-0.0819138
-0.0811050
-0.0840739
-0.0901435
-0.0978638
-0.1067454
-0.1175270
-0.1297709
-0.1397730
-0.1421785
-0.1346824
-0.1214851
-0.1116353
-0.1126012
-0.1239940
-0.1374499
-0.1440972
-0.1434175
-0.1441942
-0.1550692
-0.1738359
-0.1878560
-0.1868457
-0.1746818
-0.1663434
-0.1722328
-0.1870348
-0.1958047
-0.1904358
-0.1779150
-0.1716756
-0.1766943
-0.1849010
-0.1844845
-0.1716843
-0.1533328
-0.1399324
-0.1374070
-0.1438748
-0.1520584
-0.1550747
-0.1522393
-0.1499499
-0.1545906
-0.1627551
-0.1609144
-0.1397401
-0.1104423
-0.1024921
-0.1384756
-0.2081213
-0.2688795
-0.2749477
-0.2068482
-0.0733031
0.1126105
0.3533722
0.6578538
1.0090578
1.3405232
1.5495247
1.5464161
1.3096552
0.9077792
0.4694640
0.1182639
-0.0855082
-0.1585010
-0.1607488
-0.1470843
-0.1410098
-0.1415039
-0.1432728
-0.1467764
-0.1539259
-0.1622422
-0.1670956
-0.1678696
-0.1689561
-0.1743968
-0.1829846
-0.1890269
-0.1871590
-0.1766355
-0.1624684
-0.1528821
-0.1537010
-0.1629540
-0.1713637
-0.1706205
-0.1622514
-0.1564900
-0.1603676
-0.1678828
-0.1649636
-0.1454189
-0.1200126
-0.1072307
-0.1149258
-0.1326677
-0.1427204
-0.1372654
-0.1239145
-0.1154933
-0.1164125
-0.1193822
-0.1138673
-0.0963472
-0.0726409
-0.0514429
-0.0361016
-0.0223084
-0.0034705
0.0216635
0.0469629
0.0650932
0.0758558
0.0874703
0.1085582
0.1389524
0.1692538
0.1894529
0.1968426
0.1948911
0.1858740
0.1672214
0.1361874
0.0966388
0.0589045
0.0318789
0.0156515
0.0023466
-0.0159558
-0.0401607
-0.0641871
-0.0812126
-0.0900812
-0.0963191
-0.1069682
-0.1237285
-0.1408088
-0.1501450
-0.1494693
-0.1449676
-0.1451375
-0.1519866
-0.1592446
-0.1597373
-0.1535772
-0.1478551
-0.1484688
-0.1536069
-0.1557751
-0.1491830
-0.1344144
-0.1171164
-0.1039459
-0.0992547
-0.1027604
-0.1086572
-0.1089238
-0.1006396
-0.0898662
-0.0848216
-0.0837801
-0.0739593
-0.0482543
-0.0227514
-0.0293235
-0.0818827
-0.1487947
-0.1652791
-0.0797308
0.1107626
0.3708133
0.6671351
0.9885653
1.3198001
1.6010015
1.7300190
1.6232178
1.2863373
0.8283195
0.4000820
0.1073922
-0.0337909
-0.0744219
-0.0756016
-0.0702542
-0.0647570
-0.0605783
-0.0651308
-0.0837394
-0.1095504
-0.1279526
-0.1314625
-0.1271540
-0.1277588
-0.1372139
-0.1475213
-0.1496471
-0.1446277
-0.1417997
-0.1471678
-0.1563356
-0.1600754
-0.1553323
-0.1487223
-0.1489990
-0.1573245
-0.1656801
-0.1644618
-0.1514005
-0.1336886
-0.1218895
-0.1210257
-0.1263284
-0.1274739
-0.1179636
-0.1010358
-0.0858952
-0.0775721
-0.0711294
-0.0570644
-0.0324528
-0.0053381
0.0129992
0.0195816
0.0224621
0.0321108
0.0513888
0.0745634
0.0949194
0.1116491
0.1292048
0.1513578
0.1769068
0.2006758
0.2177098
0.2264459
0.2284736
0.2254803
0.2161816
0.1964531
0.1634290
0.1200571
0.0749374
0.0365100
0.0071351
-0.0166131
-0.0381065
-0.0565877
-0.0697285
-0.0788143
-0.0888451
-0.1026125
-0.1162941
-0.1227950
-0.1193622
-0.1105682
-0.1035480
-0.1015410
-0.1027212
-0.1039793
-0.1041046
-0.1035760
-0.1032932
-0.1045209
-0.1086454
-0.1151424
-0.1201801
-0.1194109
-0.1132088
-0.1077745
-0.1092641
-0.1169812
-0.1239523
-0.1247659
-0.1215469
-0.1209202
-0.1255946
-0.1305639
-0.1284423
-0.1180144
-0.1066363
-0.1037459
-0.1117025
-0.1226637
-0.1246882
-0.1121618
-0.0916751
-0.0778189
-0.0816233
-0.1007673
-0.1191450
-0.1148880
-0.0688620
0.0327111
0.1997814
0.4372438
0.7371293
1.0678172
1.3687834
1.5593890
1.5655301
1.3575265
0.9787174
0.5393069
0.1676549
-0.0548846
-0.1296348
-0.1204175
-0.0973596
-0.0931024
-0.1019425
-0.1084733
-0.1094996
-0.1113786
-0.1167557
-0.1217109
-0.1242814
-0.1291142
-0.1409898
-0.1572059
-0.1698898
-0.1743825
-0.1718127
-0.1639565
-0.1504058
-0.1335449
-0.1227405
-0.1276934
-0.1463831
-0.1638182
-0.1663843
-0.1560326
-0.1467500
-0.1471132
-0.1503865
-0.1442591
-0.1275338
-0.1125916
-0.1107254
-0.1186880
-0.1225444
-0.1133556
-0.0958880
-0.0814961
-0.0752167
-0.0718581
-0.0633073
-0.0468176
-0.0256947
-0.0043641
0.0150060
0.0317733
0.0454342
0.0566170
0.0688767
0.0879109
0.1177223
0.1567051
0.1969282
0.2274577
0.2398164
0.2322375
0.2099206
0.1810693
0.1516493
0.1228928
0.0931966
0.0620876
0.0321404
0.0069671
-0.0124883
-0.0292732
-0.0476258
-0.0685621
-0.0883103
-0.1016145
-0.1070971
-0.1092104
-0.1140070
-0.1223418
-0.1278535
-0.1230738
-0.1081131
-0.0923068
-0.0858953
-0.0899777
-0.0957871
-0.0944996
-0.0868992
-0.0820854
-0.0867256
-0.0971562
-0.1033718
-0.1002786
-0.0933670
-0.0926315
-0.1020786
-0.1166847
-0.1294063
-0.1391951
-0.1504557
-0.1649881
-0.1765522
-0.1754493
-0.1590813
-0.1369584
-0.1235916
-0.1254543
-0.1352759
-0.1400427
-0.1346734
-0.1268210
-0.1275036
-0.1378715
-0.1470579
-0.1438553
-0.1291834
-0.1151345
-0.1116994
-0.1165021
-0.1191418
-0.1143796
-0.1082632
-0.1103261
-0.1217242
-0.1333024
-0.1351921
-0.1265795
-0.1155731
-0.1109963
-0.1154705
-0.1253860
-0.1353968
-0.1423689
-0.1465818
-0.1506934
-0.1572631
-0.1661187
-0.1741653
-0.1788925
-0.1821726
-0.1890014
-0.2012754
-0.2138313
-0.2185570
-0.2125804
-0.2007705
-0.1894593
-0.1793257
-0.1663195
-0.1490101
-0.1325538
-0.1240284
-0.1248303
-0.1290882
-0.1293094
-0.1223571
-0.1100767
-0.0962292
-0.0847172
-0.0802381
-0.0879286
-0.1093444
-0.1367073
-0.1504717
-0.1241525
-0.0354253
0.1237179
0.3465545
0.6209596
0.9346874
1.2620943
1.5401962
1.6674875
1.5512822
1.1816184
0.6671355
0.1857877
-0.1224945
-0.2346994
-0.2306499
-0.2075249
-0.2066402
-0.2115246
-0.1976719
-0.1694210
-0.1497940
-0.1488001
-0.1537668
-0.1496131
-0.1390016
-0.1371107
-0.1505045
-0.1679488
-0.1733938
-0.1637860
-0.1507680
-0.1463776
-0.1506927
-0.1544640
-0.1515052
-0.1460447
-0.1476085
-0.1596601
-0.1740392
-0.1772510
-0.1632636
-0.1406389
-0.1261082
-0.1295509
-0.1448699
-0.1564679
-0.1550788
-0.1462717
-0.1424702
-0.1474454
-0.1507468
-0.1384341
-0.1081878
-0.0722082
-0.0452242
-0.0310723
-0.0216241
-0.0073954
0.0127706
0.0326509
0.0475300
0.0606512
0.0805831
0.1124919
0.1521294
0.1885357
0.2130052
0.2256394
0.2330586
0.2398645
0.2430434
0.2352428
0.2130239
0.1808173
0.1465606
0.1145003
0.0831177
0.0492422
0.0124606
-0.0246146
-0.0583068
-0.0846422
-0.1000388
-0.1046949
-0.1058822
-0.1143583
-0.1339113
-0.1549633
-0.1620891
-0.1498704
-0.1297768
-0.1191304
-0.1235720
-0.1324562
-0.1318918
-0.1200249
-0.1075341
-0.1043316
-0.1088234
-0.1112521
-0.1055006
-0.0954207
-0.0899394
-0.0936120
-0.1021648
-0.1061479
-0.0989512
-0.0828702
-0.0680134
-0.0635671
-0.0684987
-0.0722943
-0.0679283
-0.0638482
-0.0777123
-0.1124781
-0.1389390
-0.1081399
0.0136714
0.2228202
0.4921098
0.8008332
1.1377932
1.4662003
1.6944024
1.7060454
1.4446625
0.9796227
0.4821742
0.1197735
-0.0447704
-0.0672618
-0.0494923
-0.0551839
-0.0847852
-0.1106318
-0.1195940
-0.1207899
-0.1252012
-0.1311397
-0.1313986
-0.1267825
-0.1260687
-0.1341014
-0.1456350
-0.1530639
-0.1565301
-0.1620207
-0.1701196
-0.1716555
-0.1580924
-0.1347141
-0.1192704
-0.1254142
-0.1487291
-0.1708737
-0.1771729
-0.1687008
-0.1573620
-0.1517172
-0.1498576
-0.1451934
-0.1357105
-0.1252642
-0.1171984
-0.1099254
-0.0999471
-0.0873184
-0.0759448
-0.0686238
-0.0634213
-0.0555658
-0.0419840
-0.0232511
-0.0018875
0.0198322
0.0401740
0.0575371
0.0714806
0.0845488
0.1019750
0.1280484
0.1617368
0.1955949
0.2195598
0.2273618
0.2208321
0.2080190
0.1954506
0.1809980
0.1553194
0.1123464
0.0586108
0.0102037
-0.0212546
-0.0391571
-0.0569948
-0.0828427
-0.1102600
-0.1256036
-0.1233523
-0.1124720
-0.1075548
-0.1152658
-0.1302502
-0.1427293
-0.1480094
-0.1487656
-0.1502529
-0.1546257
-0.1591684
-0.1591569
-0.1530007
-0.1452489
-0.1434292
-0.1501027
-0.1582444
-0.1568983
-0.1430212
-0.1264115
-0.1204535
-0.1277056
-0.1368212
-0.1351393
-0.1228096
-0.1121703
-0.1135904
-0.1246988
-0.1346569
-0.1365711
-0.1330183
-0.1303562
-0.1309861
-0.1323181
-0.1308558
-0.1250097
-0.1151076
-0.1035521
-0.0954263
-0.0962044
-0.1063983
-0.1191299
-0.1254596
-0.1230769
-0.1184630
-0.1194499
-0.1266102
-0.1333385
-0.1338513
-0.1293355
-0.1259624
-0.1284789
-0.1366140
-0.1463670
-0.1532193
-0.1548197
-0.1526801
-0.1517596
-0.1564660
-0.1653014
-0.1702508
-0.1639734
-0.1488783
-0.1377298
-0.1428772
-0.1638510
-0.1862837
-0.1939780
-0.1823736
-0.1607788
-0.1428150
-0.1355184
-0.1365350
-0.1394276
-0.1402442
-0.1395153
-0.1394339
-0.1402436
-0.1397050
-0.1357778
-0.1291498
-0.1225942
-0.1179500
-0.1143634
-0.1099836
-0.1052877
-0.1041151
-0.1104310
-0.1227785
-0.1307084
-0.1163739
-0.0608771
0.0486491
0.2162509
0.4401736
0.7160829
1.0307955
1.3447383
1.5795957
1.6367079
1.4517631
1.0517129
0.5614264
0.1403897
-0.1089026
-0.1895959
-0.1809545
-0.1639832
-0.1690194
-0.1808642
-0.1787355
-0.1636202
-0.1519392
-0.1539333
-0.1644573
-0.1719230
-0.1705574
-0.1632430
-0.1563679
-0.1543775
-0.1573957
-0.1612299
-0.1598450
-0.1503537
-0.1368620
-0.1281189
-0.1296169
-0.1379034
-0.1437056
-0.1409739
-0.1322048
-0.1248370
-0.1236472
-0.1274823
-0.1322364
-0.1350643
-0.1355300
-0.1343549
-0.1321247
-0.1284562
-0.1216157
-0.1097790
-0.0939091
-0.0788595
-0.0696126
-0.0653789
-0.0586151
-0.0418357
-0.0158795
0.0098071
0.0262427
0.0339912
0.0423320
0.0595234
0.0849344
0.1110791
0.1322410
0.1499995
0.1706015
0.1977105
0.2274573
0.2497506
0.2547790
0.2399046
0.2114698
0.1796796
0.1508339
0.1239812
0.0947718
0.0619191
0.0293077
0.0020808
-0.0181861
-0.0337362
-0.0469225
-0.0578723
-0.0662510
-0.0738264
-0.0835776
-0.0962572
-0.1088971
-0.1169193
-0.1171492
-0.1093102
-0.0964350
-0.0845346
-0.0799156
-0.0842594
-0.0921229
-0.0952483
-0.0906289
-0.0834629
-0.0808771
-0.0833731
-0.0844657
-0.0792247
-0.0709611
-0.0673638
-0.0711408
-0.0774191
-0.0806463
-0.0806895
-0.0799678
-0.0775601
-0.0708485
-0.0625885
-0.0604195
-0.0654557
-0.0653990
-0.0470304
-0.0178884
-0.0083809
-0.0426996
-0.1052484
-0.1419105
-0.1005698
0.0302946
0.2262848
0.4659946
0.7525249
1.0850313
1.4101050
1.6159726
1.5942684
1.3227297
0.8939966
0.4615649
0.1475056
-0.0144215
-0.0657052
-0.0682508
-0.0613310
-0.0566772
-0.0562871
-0.0642632
-0.0832049
-0.1076117
-0.1271272
-0.1365988
-0.1402047
-0.1445523
-0.1496896
-0.1493953
-0.1401600
-0.1272891
-0.1203392
-0.1233234
-0.1310396
-0.1350666
-0.1321498
-0.1263173
-0.1237406
-0.1263514
-0.1301992
-0.1293679
-0.1214777
-0.1099943
-0.1015754
-0.1007168
-0.1060177
-0.1111849
-0.1101282
-0.1017308
-0.0897342
-0.0779314
-0.0660527
-0.0509398
-0.0311950
-0.0094540
0.0101425
0.0257480
0.0385479
0.0504186
0.0617190
0.0714596
0.0794051
0.0881286
0.1029379
0.1287209
0.1652207
0.2047191
0.2355871
0.2503422
0.2512915
0.2471585
0.2426636
0.2320369
0.2050651
0.1602147
0.1095198
0.0681740
0.0400288
0.0159346
-0.0131131
-0.0438845
-0.0645473
-0.0697811
-0.0691226
-0.0777926
-0.0996856
-0.1218784
-0.1274860
-0.1130916
-0.0919622
-0.0802940
-0.0820072
-0.0878195
-0.0878157
-0.0826857
-0.0815340
-0.0893429
-0.0986363
-0.0958214
-0.0766461
-0.0537671
-0.0462498
-0.0604006
-0.0822890
-0.0910425
-0.0798050
-0.0625455
-0.0595707
-0.0768902
-0.1007008
-0.1119096
-0.1046527
-0.0897684
-0.0815943
-0.0839731
-0.0897836
-0.0916410
-0.0900812
-0.0909167
-0.0966566
-0.1025958
-0.1019565
-0.0942863
-0.0875708
-0.0908889
-0.1048203
-0.1200807
-0.1264022
-0.1222291
-0.1147681
-0.1109729
-0.1102855
-0.1073112
-0.1003079
-0.0942806
-0.0944366
-0.0985421
-0.0988953
-0.0922478
-0.0846781
-0.0841663
-0.0900432
-0.0933848
-0.0882438
-0.0792002
-0.0756622
-0.0807360
-0.0888683
-0.0941052
-0.0970517
-0.1014680
-0.1061797
-0.1045409
-0.0932901
-0.0791516
-0.0733744
-0.0798699
-0.0913574
-0.0980554
-0.0979559
-0.0967665
-0.0992440
-0.1033092
-0.1030240
-0.0954365
-0.0833529
-0.0722537
-0.0657322
-0.0639861
-0.0658422
-0.0712808
-0.0813635
-0.0954635
-0.1088861
-0.1143118
-0.1072884
-0.0914621
-0.0776282
-0.0753418
-0.0841678
-0.0942690
-0.0969731
-0.0938550
-0.0935041
-0.0998670
-0.1067894
-0.1056639
-0.0964255
-0.0879464
-0.0873340
-0.0915166
-0.0916526
-0.0850251
-0.0795650
-0.0847535
-0.0993906
-0.1111683
-0.1091823
-0.0951723
-0.0811435
-0.0770778
-0.0826718
-0.0905215
-0.0949299
-0.0961171
-0.0967768
-0.0968243
-0.0932805
-0.0852095
-0.0767708
-0.0732915
-0.0745409
-0.0745653
-0.0703250
-0.0692825
-0.0844602
-0.1185832
-0.1531798
-0.1569329
-0.1087282
-0.0127488
0.1129760
0.2659034
0.4734429
0.7682698
1.1387120
1.4995915
1.7187538
1.6894661
1.3990016
0.9433151
0.4762340
0.1279937
-0.0528853
-0.1012398
-0.0897283
-0.0755981
-0.0762171
-0.0810256
-0.0789256
-0.0736375
-0.0770204
-0.0933845
-0.1141478
-0.1274486
-0.1299138
-0.1274626
-0.1265385
-0.1272817
-0.1253777
-0.1184624
-0.1092593
-0.1028444
-0.1019062
-0.1051662
-0.1100591
-0.1160102
-0.1242740
-0.1346402
-0.1431258
-0.1437219
-0.1330855
-0.1142207
-0.0956324
-0.0856709
-0.0862395
-0.0917045
-0.0942573
-0.0900523
-0.0800191
-0.0663169
-0.0501476
-0.0328469
-0.0166306
-0.0027312
0.0100775
0.0233930
0.0358709
0.0439105
0.0469378
0.0510639
0.0650248
0.0910730
0.1212146
0.1448155
0.1600101
0.1753559
0.1992667
0.2298618
0.2571910
0.2741054
0.2819100
0.2846567
0.2805072
0.2618577
0.2248905
0.1773277
0.1341698
0.1046027
0.0842582
0.0619637
0.0336074
0.0072922
-0.0058145
-0.0041022
0.0023031
0.0012535
-0.0107963
-0.0276737
-0.0413122
-0.0490020
-0.0527507
-0.0536789
-0.0501248
-0.0418883
-0.0334564
-0.0302925
-0.0329516
-0.0376718
-0.0426353
-0.0502899
-0.0616366
-0.0707507
-0.0690572
-0.0561045
-0.0431901
-0.0428441
-0.0546497
-0.0647437
-0.0614354
-0.0489168
-0.0418359
-0.0472323
-0.0568361
-0.0590748
-0.0540623
-0.0517664
-0.0571131
-0.0631487
-0.0614445
-0.0549641
-0.0550322
-0.0653946
-0.0746035
-0.0687024
-0.0498059
-0.0364525
-0.0432140
-0.0638457
-0.0788619
-0.0779431
-0.0696396
-0.0683198
-0.0767962
-0.0856846
-0.0871922
-0.0840781
-0.0837213
-0.0873775
-0.0895704
-0.0876445
-0.0872597
-0.0950439
-0.1079031
-0.1145139
-0.1085015
-0.0962006
-0.0886770
-0.0890302
-0.0917302
-0.0931874
-0.0974118
-0.1086043
-0.1215631
-0.1245407
-0.1129125
-0.0968630
-0.0918738
-0.1015816
-0.1134126
-0.1131231
-0.1009788
-0.0899192
-0.0889828
-0.0935857
-0.0938533
-0.0883070
-0.0849592
-0.0899187
-0.0992390
-0.1040570
-0.1018090
-0.0991629
-0.1028498
-0.1098663
-0.1100082
-0.0985063
-0.0831412
-0.0767123
-0.0842455
-0.1000037
-0.1154924
-0.1266788
-0.1331462
-0.1341506
-0.1287236
-0.1189758
-0.1106762
-0.1090116
-0.1140210
-0.1212441
-0.1269691
-0.1312657
-0.1347891
-0.1348184
-0.1278952
-0.1158221
-0.1047321
-0.0970010
-0.0888121
-0.0797333
-0.0812325
-0.1078423
-0.1559387
-0.1942019
-0.1808611
-0.0938836
0.0564132
0.2465448
0.4697095
0.7391213
1.0539076
1.3611670
1.5600397
1.5559914
1.3247291
0.9347436
0.5115861
0.1709996
-0.0329652
-0.1147550
-0.1249779
-0.1112615
-0.0996977
-0.0977908
-0.1031869
-0.1091090
-0.1092364
-0.1035771
-0.0996918
-0.1055851
-0.1203164
-0.1328828
-0.1327234
-0.1221523
-0.1156782
-0.1236036
-0.1377736
-0.1390493
-0.1204666
-0.0979051
-0.0935822
-0.1114551
-0.1333792
-0.1392525
-0.1274541
-0.1141100
-0.1138614
-0.1235481
-0.1263149
-0.1114257
-0.0870348
-0.0709149
-0.0705421
-0.0761238
-0.0728180
-0.0560687
-0.0343083
-0.0195477
-0.0161214
-0.0164997
-0.0078335
0.0154402
0.0454184
0.0684876
0.0783433
0.0798227
0.0820403
0.0910437
0.1080260
0.1308951
0.1568028
0.1845106
0.2137657
0.2418087
0.2628523
0.2724748
0.2700380
0.2556513
0.2286744
0.1915682
0.1511826
0.1129215
0.0768575
0.0424358
0.0132541
-0.0064722
-0.0175309
-0.0250349
-0.0343785
-0.0487814
-0.0669062
-0.0818933
-0.0874623
-0.0860507
-0.0859116
-0.0898513
-0.0931476
-0.0928279
-0.0913435
-0.0903839
-0.0894969
-0.0915223
-0.0997403
-0.1086708
-0.1086430
-0.1009398
-0.0963173
-0.0972698
-0.0969574
-0.0987614
-0.1179643
-0.1549939
