-0.1025363
-0.0946160
-0.0748823
-0.0681033
-0.0794617
-0.0930015
-0.0963541
-0.0913605
-0.0837265
-0.0765460
-0.0733121
-0.0757102
-0.0782659
-0.0741008
-0.0654095
-0.0606708
-0.0629897
-0.0683712
-0.0733854
-0.0770081
-0.0768322
-0.0714788
-0.0661856
-0.0687186
-0.0789876
-0.0879602
-0.0874366
-0.0773781
-0.0643673
-0.0563794
-0.0579994
-0.0671436
-0.0767088
-0.0814571
-0.0823022
-0.0829708
-0.0852000
-0.0886414
-0.0919751
-0.0919306
-0.0849621
-0.0730630
-0.0647936
-0.0667425
-0.0756297
-0.0818868
-0.0800059
-0.0732190
-0.0689312
-0.0711579
-0.0768014
-0.0786495
-0.0727913
-0.0629410
-0.0562941
-0.0560597
-0.0600771
-0.0652994
-0.0699578
-0.0717526
-0.0684437
-0.0618487
-0.0579316
-0.0604107
-0.0657517
-0.0665382
-0.0596616
-0.0501912
-0.0465398
-0.0515820
-0.0596957
-0.0644288
-0.0674195
-0.0737410
-0.0753902
-0.0449392
0.0463715
0.2032245
0.4033285
0.6197774
0.8381231
1.0427181
1.1873369
1.1932982
0.9970765
0.6146410
0.1590687
-0.2178127
-0.4172276
-0.4421175
-0.3683784
-0.2763539
-0.2054830
-0.1571284
-0.1218226
-0.0966886
-0.0830593
-0.0780451
-0.0746679
-0.0695753
-0.0664596
-0.0696766
-0.0766419
-0.0796017
-0.0745297
-0.0656187
-0.0604669
-0.0626328
-0.0693965
-0.0752377
-0.0767152
-0.0748647
-0.0734681
-0.0747289
-0.0767023
-0.0752068
-0.0677675
-0.0554622
-0.0419815
-0.0315469
-0.0263515
-0.0244889
-0.0210667
-0.0128852
-0.0019529
0.0065298
0.0095660
0.0093945
0.0118381
0.0221268
0.0412228
0.0648404
0.0862015
0.1009511
0.1103785
0.1203759
0.1369770
0.1613281
0.1876248
0.2070283
0.2160532
0.2214741
0.2349610
0.2617707
0.2956521
0.3252555
0.3441597
0.3538306
0.3582839
0.3579586
0.3493072
0.3293665
0.2995084
0.2643073
0.2276224
0.1910538
0.1557748
0.1235100
0.0945196
0.0664923
0.0376492
0.0102888
-0.0108846
-0.0241783
-0.0331251
-0.0427283
-0.0543733
-0.0649300
-0.0703227
-0.0694979
-0.0651715
-0.0614460
-0.0613193
-0.0660608
-0.0751497
-0.0854069
-0.0915077
-0.0901731
-0.0844265
-0.0814488
-0.0847458
-0.0898073
-0.0892337
-0.0815944
-0.0735218
-0.0726865
-0.0797264
-0.0879122
-0.0905174
-0.0875728
-0.0847499
-0.0862980
-0.0905919
-0.0928534
-0.0905354
-0.0848894
-0.0787048
-0.0744250
-0.0736819
-0.0761928
-0.0786346
-0.0766797
-0.0696746
-0.0625091
-0.0612896
-0.0667591
-0.0727663
-0.0721011
-0.0639483
-0.0549569
-0.0526012
-0.0581722
-0.0668720
-0.0735920
-0.0767441
-0.0769726
-0.0750564
-0.0725302
-0.0722489
-0.0756513
-0.0797090
-0.0788465
-0.0709763
-0.0607670
-0.0558627
-0.0597963
-0.0691084
-0.0774209
-0.0814774
-0.0824732
-0.0824120
-0.0813735
-0.0790717
-0.0769453
-0.0764432
-0.0761083
-0.0730162
-0.0675840
-0.0646736
-0.0682924
-0.0762695
-0.0821059
-0.0823559
-0.0807783
-0.0839290
-0.0928741
-0.1007127
-0.0993950
-0.0884902
-0.0760037
-0.0705830
-0.0740881
-0.0817568
-0.0877058
-0.0890833
-0.0863936
-0.0821457
-0.0794170
-0.0799729
-0.0824821
-0.0829223
-0.0778913
-0.0682896
-0.0595704
-0.0574317
-0.0625367
-0.0697526
-0.0732220
-0.0720358
-0.0703692
-0.0723609
-0.0777733
-0.0826935
-0.0835659
-0.0802195
-0.0757004
-0.0737094
-0.0758226
-0.0805508
-0.0848056
-0.0863395
-0.0852161
-0.0835654
-0.0838318
-0.0861569
-0.0869792
-0.0817850
-0.0714421
-0.0655283
-0.0757665
-0.1017979
-0.1218871
-0.1004182
-0.0097833
0.1511740
0.3594537
0.5878657
0.8186545
1.0316390
1.1794694
1.1869794
0.9945001
0.6169240
0.1621159
-0.2199867
-0.4245241
-0.4466972
-0.3635036
-0.2652186
-0.1981889
-0.1592289
-0.1284358
-0.0982227
-0.0747175
-0.0631064
-0.0600105
-0.0590055
-0.0578478
-0.0579471
-0.0595882
-0.0610655
-0.0622106
-0.0655604
-0.0721337
-0.0777895
-0.0767615
-0.0690338
-0.0614610
-0.0598163
-0.0614159
-0.0581442
-0.0464781
-0.0320595
-0.0234064
-0.0227540
-0.0246413
-0.0226826
-0.0157016
-0.0068022
0.0015812
0.0095963
0.0175294
0.0242867
0.0298900
0.0376207
0.0507981
0.0674944
0.0813291
0.0891031
0.0959223
0.1104572
0.1353474
0.1641187
0.1880652
0.2048177
0.2191929
0.2366736
0.2579386
0.2800958
0.3013633
0.3225495
0.3443437
0.3653759
0.3838521
0.3993528
0.4111600
0.4155525
0.4070676
0.3833604
0.3478762
0.3069725
0.2648729
0.2219657
0.1775896
0.1335143
0.0940853
0.0628784
0.0394108
0.0194325
-0.0012401
-0.0228543
-0.0413633
-0.0520532
-0.0542490
-0.0529170
-0.0550428
-0.0634347
-0.0740152
-0.0798674
-0.0780151
-0.0717504
-0.0667426
-0.0662219
-0.0701665
-0.0772656
-0.0857084
-0.0925198
-0.0945347
-0.0916438
-0.0883133
-0.0898740
-0.0963367
-0.1009096
-0.0962844
-0.0825875
-0.0678357
-0.0598081
-0.0583932
-0.0569746
-0.0507425
-0.0422007
-0.0382201
-0.0426172
-0.0521399
-0.0592499
-0.0584858
-0.0507064
-0.0420809
-0.0392296
-0.0445928
-0.0552419
-0.0654451
-0.0709161
-0.0718173
-0.0722453
-0.0763674
-0.0845045
-0.0928982
-0.0972630
-0.0963439
-0.0922147
-0.0879300
-0.0854182
-0.0851937
-0.0871633
-0.0911103
-0.0963309
-0.1010663
-0.1027447
-0.0992018
-0.0899455
-0.0766002
-0.0625706
-0.0520170
-0.0478199
-0.0493177
-0.0523747
-0.0530353
-0.0516270
-0.0523964
-0.0582738
-0.0663991
-0.0699472
-0.0649914
-0.0551994
-0.0489771
-0.0516590
-0.0608473
-0.0695969
-0.0734631
-0.0736508
-0.0739155
-0.0761336
-0.0795154
-0.0826534
-0.0846921
-0.0848633
-0.0826298
-0.0791194
-0.0775425
-0.0809419
-0.0891870
-0.0986561
-0.1052910
-0.1078782
-0.1081176
-0.1077373
-0.1061660
-0.1012061
-0.0915225
-0.0782946
-0.0649974
-0.0557313
-0.0526161
-0.0536814
-0.0540048
-0.0505512
-0.0458010
-0.0446744
-0.0473041
-0.0475150
-0.0413921
-0.0359435
-0.0434665
-0.0627946
-0.0680423
-0.0224100
0.0930947
0.2668400
0.4741686
0.7009431
0.9364403
1.1373040
1.2116657
1.0653739
0.6857818
0.1838408
-0.2590207
-0.5044457
-0.5363291
-0.4432181
-0.3320318
-0.2561181
-0.2101422
-0.1716830
-0.1344502
-0.1064501
-0.0919014
-0.0852742
-0.0804032
-0.0775488
-0.0790923
-0.0825810
-0.0820962
-0.0756323
-0.0677558
-0.0638307
-0.0634800
-0.0614749
-0.0544096
-0.0447941
-0.0383202
-0.0382620
-0.0429433
-0.0476174
-0.0481831
-0.0441338
-0.0390747
-0.0377025
-0.0406762
-0.0423698
-0.0353967
-0.0185919
0.0002474
0.0111806
0.0122333
0.0119071
0.0207520
0.0406127
0.0630379
0.0784433
0.0858960
0.0931787
0.1080369
0.1307967
0.1556288
0.1774857
0.1965786
0.2166213
0.2401468
0.2661661
0.2918438
0.3156456
0.3385830
0.3626360
0.3881313
0.4122489
0.4293954
0.4331377
0.4192110
0.3883335
0.3464543
0.3011816
0.2568715
0.2130554
0.1679339
0.1230704
0.0836537
0.0534989
0.0304494
0.0082732
-0.0161766
-0.0389132
-0.0536542
-0.0604356
-0.0669661
-0.0797302
-0.0951683
-0.1026230
-0.0969138
-0.0858752
-0.0830630
-0.0931361
-0.1066327
-0.1105269
-0.1027459
-0.0940654
-0.0953569
-0.1050772
-0.1112720
-0.1052520
-0.0910369
-0.0804851
-0.0806237
-0.0874105
-0.0916103
-0.0890577
-0.0841046
-0.0836191
-0.0890299
-0.0950708
-0.0959014
-0.0913682
-0.0866325
-0.0860040
-0.0879129
-0.0863918
-0.0775800
-0.0647203
-0.0564073
-0.0591156
-0.0707563
-0.0817037
-0.0829696
-0.0741356
-0.0635549
-0.0606593
-0.0676883
-0.0784565
-0.0848904
-0.0847202
-0.0828593
-0.0854714
-0.0931545
-0.1003330
-0.1010836
-0.0949093
-0.0867399
-0.0820730
-0.0826916
-0.0865336
-0.0905278
-0.0930606
-0.0943360
-0.0953036
-0.0965033
-0.0974120
-0.0964257
-0.0918328
-0.0836777
-0.0749089
-0.0699224
-0.0711885
-0.0773768
-0.0851019
-0.0920839
-0.0979475
-0.1024000
-0.1041543
-0.1025206
-0.0992805
-0.0976316
-0.0989779
-0.1016103
-0.1031808
-0.1038890
-0.1061008
-0.1106974
-0.1150088
-0.1153889
-0.1113463
-0.1059716
-0.1023862
-0.1011060
-0.1012661
-0.1027700
-0.1055642
-0.1075897
-0.1059163
-0.1008651
-0.0971504
-0.0986336
-0.1022317
-0.0996919
-0.0871702
-0.0716497
-0.0650507
-0.0713384
-0.0816109
-0.0836331
-0.0749671
-0.0645589
-0.0620758
-0.0687505
-0.0794594
-0.0897291
-0.0956302
-0.0865303
-0.0430065
0.0532164
0.2068096
0.4074369
0.6373194
0.8716000
1.0657464
1.1496905
1.0536947
0.7599643
0.3370946
-0.0826345
-0.3750615
-0.4906933
-0.4656060
-0.3764820
-0.2848080
-0.2136252
-0.1611094
-0.1230884
-0.1001509
-0.0908324
-0.0873800
-0.0816805
-0.0729567
-0.0668467
-0.0672760
-0.0713088
-0.0727202
-0.0694026
-0.0658244
-0.0679513
-0.0764126
-0.0852762
-0.0876351
-0.0822212
-0.0744945
-0.0713672
-0.0748263
-0.0804413
-0.0819206
-0.0772039
-0.0701047
-0.0657487
-0.0643836
-0.0602770
-0.0474144
-0.0262723
-0.0042852
0.0108978
0.0185311
0.0249237
0.0365936
0.0537164
0.0707451
0.0833385
0.0938489
0.1091398
0.1329963
0.1615166
0.1866854
0.2043586
0.2181639
0.2353515
0.2592080
0.2860341
0.3095765
0.3278133
0.3446539
0.3648611
0.3879251
0.4074226
0.4160207
0.4104766
0.3921138
0.3638642
0.3278936
0.2856374
0.2388471
0.1900337
0.1424349
0.1000129
0.0666653
0.0437850
0.0278885
0.0119080
-0.0091607
-0.0332772
-0.0531641
-0.0641512
-0.0696334
-0.0773531
-0.0901396
-0.1018156
-0.1036069
-0.0942911
-0.0826478
-0.0791575
-0.0858522
-0.0951833
-0.0986919
-0.0957142
-0.0930462
-0.0969062
-0.1064080
-0.1149021
-0.1166538
-0.1117149
-0.1050443
-0.1017553
-0.1029543
-0.1052490
-0.1040025
-0.0977096
-0.0897448
-0.0854623
-0.0867699
-0.0894311
-0.0865915
-0.0758903
-0.0629885
-0.0571155
-0.0625233
-0.0746052
-0.0847512
-0.0885555
-0.0886106
-0.0896677
-0.0924700
-0.0932830
-0.0889772
-0.0813251
-0.0756805
-0.0758319
-0.0807446
-0.0862314
-0.0891324
-0.0896313
-0.0902453
-0.0934385
-0.0999678
-0.1082998
-0.1149623
-0.1163146
-0.1113946
-0.1034261
-0.0977086
-0.0971560
-0.0998480
-0.1013552
-0.0995110
-0.0964783
-0.0958748
-0.0982541
-0.1000738
-0.0973170
-0.0898073
-0.0817371
-0.0781006
-0.0805506
-0.0861570
-0.0898610
-0.0888334
-0.0854690
-0.0859459
-0.0943552
-0.1072251
-0.1147204
-0.1092011
-0.0935097
-0.0798918
-0.0793040
-0.0914148
-0.1056818
-0.1122919
-0.1111103
-0.1094476
-0.1123737
-0.1171343
-0.1171405
-0.1094939
-0.0972877
-0.0856833
-0.0775775
-0.0727569
-0.0690931
-0.0639350
-0.0567228
-0.0523052
-0.0592758
-0.0792705
-0.0950025
-0.0728275
0.0157261
0.1718488
0.3708624
0.5862687
0.8059225
1.0154061
1.1657213
1.1726743
0.9701865
0.5783918
0.1179785
-0.2551777
-0.4454643
-0.4636641
-0.3918811
-0.3095853
-0.2485247
-0.2025652
-0.1622300
-0.1314544
-0.1174002
-0.1164395
-0.1163092
-0.1091687
-0.0978092
-0.0890791
-0.0848728
-0.0813443
-0.0748088
-0.0657299
-0.0572442
-0.0521318
-0.0518907
-0.0565871
-0.0634808
-0.0666511
-0.0608323
-0.0470892
-0.0334957
-0.0283508
-0.0323590
-0.0382104
-0.0380008
-0.0304306
-0.0206164
-0.0138539
-0.0105641
-0.0070329
0.0002137
0.0115259
0.0249035
0.0384017
0.0513933
0.0641210
0.0767331
0.0888885
0.1002330
0.1114680
0.1250569
0.1442808
0.1706284
0.2017573
0.2326140
0.2593630
0.2824620
0.3055973
0.3313473
0.3579690
0.3806521
0.3959084
0.4044061
0.4091569
0.4109053
0.4056437
0.3871639
0.3525995
0.3059492
0.2562289
0.2114867
0.1735234
0.1378467
0.0991485
0.0576435
0.0203645
-0.0043206
-0.0144060
-0.0170140
-0.0230758
-0.0381823
-0.0579452
-0.0726162
-0.0770179
-0.0761599
-0.0805044
-0.0950705
-0.1132955
-0.1223500
-0.1151240
-0.0970758
-0.0811233
-0.0758404
-0.0788411
-0.0814424
-0.0787927
-0.0744811
-0.0754221
-0.0834737
-0.0929989
-0.0963331
-0.0908492
-0.0807394
-0.0728527
-0.0712951
-0.0752610
-0.0807492
-0.0839475
-0.0837754
-0.0821045
-0.0815245
-0.0823100
-0.0815885
-0.0763465
-0.0677270
-0.0614543
-0.0625980
-0.0697644
-0.0758084
-0.0753539
-0.0709451
-0.0702422
-0.0768065
-0.0850617
-0.0858146
-0.0765385
-0.0647201
-0.0602501
-0.0653221
-0.0729869
-0.0753975
-0.0720060
-0.0689379
-0.0713941
-0.0781600
-0.0835377
-0.0833082
-0.0781930
-0.0726362
-0.0715916
-0.0779947
-0.0911137
-0.1058129
-0.1144737
-0.1123347
-0.1025141
-0.0947968
-0.0973319
-0.1085934
-0.1183685
-0.1177756
-0.1082926
-0.1001689
-0.1017234
-0.1108274
-0.1174987
-0.1146404
-0.1054783
-0.1000372
-0.1046135
-0.1152367
-0.1215534
-0.1167834
-0.1037230
-0.0914642
-0.0868846
-0.0893865
-0.0931829
-0.0937585
-0.0916674
-0.0903426
-0.0909793
-0.0903879
-0.0843274
-0.0727844
-0.0612528
-0.0560772
-0.0585219
-0.0642880
-0.0695709
-0.0765672
-0.0900906
-0.1061822
-0.1046286
-0.0565148
0.0570025
0.2322433
0.4491882
0.6871374
0.9276148
1.1369414
1.2506418
1.1910813
0.9202984
0.4876592
0.0235946
-0.3275713
-0.4879663
-0.4785385
-0.3840646
-0.2871040
-0.2247011
-0.1910074
-0.1668409
-0.1431672
-0.1235043
-0.1137441
-0.1141385
-0.1190705
-0.1212629
-0.1161715
-0.1047839
-0.0934066
-0.0891911
-0.0937045
-0.1006980
-0.1017534
-0.0951251
-0.0882267
-0.0900006
-0.1006191
-0.1098631
-0.1067559
-0.0907265
-0.0724709
-0.0635261
-0.0655807
-0.0704513
-0.0697240
-0.0628448
-0.0552297
-0.0499330
-0.0434354
-0.0304148
-0.0112875
0.0069170
0.0177019
0.0221242
0.0277373
0.0407649
0.0601529
0.0794576
0.0937127
0.1037812
0.1145798
0.1302681
0.1514461
0.1759520
0.2012512
0.2261630
0.2512413
0.2778408
0.3060384
0.3326937
0.3520020
0.3592954
0.3549962
0.3441701
0.3311740
0.3147505
0.2893212
0.2516017
0.2053207
0.1586233
0.1170210
0.0797837
0.0434738
0.0080285
-0.0217953
-0.0410815
-0.0501143
-0.0546990
-0.0614188
-0.0726631
-0.0856519
-0.0955600
-0.0997772
-0.1001486
-0.1016417
-0.1081941
-0.1188934
-0.1282400
-0.1311019
-0.1279488
-0.1246453
-0.1263187
-0.1316293
-0.1340240
-0.1290311
-0.1196137
-0.1134115
-0.1146485
-0.1194506
-0.1195870
-0.1106031
-0.0960069
-0.0837915
-0.0794428
-0.0823104
-0.0879028
-0.0926997
-0.0964386
-0.1002483
-0.1033956
-0.1025817
-0.0949105
-0.0816828
-0.0688697
-0.0629987
-0.0657983
-0.0727295
-0.0772246
-0.0768569
-0.0754036
-0.0785664
-0.0875270
-0.0969873
-0.0999845
-0.0947791
-0.0867626
-0.0833318
-0.0869845
-0.0937831
-0.0985953
-0.1011658
-0.1061199
-0.1167408
-0.1295718
-0.1364140
-0.1322235
-0.1205573
-0.1104627
-0.1079183
-0.1109053
-0.1131226
-0.1117515
-0.1103730
-0.1139131
-0.1216655
-0.1266195
-0.1222141
-0.1093663
-0.0962792
-0.0911805
-0.0953290
-0.1029525
-0.1075374
-0.1078117
-0.1077145
-0.1110420
-0.1166765
-0.1193804
-0.1153002
-0.1064676
-0.0995173
-0.0996634
-0.1058709
-0.1121098
-0.1134892
-0.1110777
-0.1104661
-0.1154658
-0.1233681
-0.1268006
-0.1206881
-0.1075996
-0.0960680
-0.0932567
-0.0990418
-0.1073347
-0.1130816
-0.1172852
-0.1244389
-0.1353795
-0.1442789
-0.1440837
-0.1345214
-0.1229515
-0.1164334
-0.1142749
-0.1102686
-0.1019286
-0.0948685
-0.0962299
-0.1051416
-0.1124310
-0.1101823
-0.0992464
-0.0861785
-0.0756648
-0.0697384
-0.0730385
-0.0914916
-0.1195295
-0.1303636
-0.0868486
0.0323780
0.2183407
0.4445898
0.6888582
0.9312831
1.1276888
1.1974677
1.0616609
0.7120694
0.2459982
-0.1780281
-0.4351006
-0.5013803
-0.4430208
-0.3486395
-0.2706551
-0.2165683
-0.1760604
-0.1443602
-0.1231530
-0.1115890
-0.1049266
-0.1005596
-0.0999086
-0.1030988
-0.1054863
-0.1024465
-0.0960853
-0.0936920
-0.0987083
-0.1057447
-0.1067516
-0.1011330
-0.0969333
-0.1009412
-0.1095230
-0.1117185
-0.1015874
-0.0855048
-0.0757507
-0.0776208
-0.0845674
-0.0862380
-0.0794795
-0.0697981
-0.0627715
-0.0566806
-0.0453314
-0.0270652
-0.0083159
0.0031511
0.0074494
0.0131496
0.0282506
0.0518348
0.0758190
0.0944914
0.1107807
0.1323019
0.1620142
0.1942485
0.2205682
0.2388332
0.2553280
0.2775432
0.3055196
0.3313090
0.3473453
0.3547595
0.3623714
0.3767465
0.3933461
0.3983114
0.3799445
0.3389933
0.2877276
0.2388953
0.1956749
0.1523386
0.1040342
0.0547773
0.0150539
-0.0083723
-0.0196348
-0.0303145
-0.0488029
-0.0732422
-0.0949060
-0.1079546
-0.1150347
-0.1229911
-0.1338754
-0.1416736
-0.1388672
-0.1257666
-0.1119144
-0.1072933
-0.1126162
-0.1194342
-0.1199056
-0.1150705
-0.1124006
-0.1161884
-0.1225890
-0.1248058
-0.1212222
-0.1163306
-0.1143454
-0.1146569
-0.1146303
-0.1144817
-0.1165701
-0.1205582
-0.1226023
-0.1203849
-0.1157679
-0.1097450
-0.0978656
-0.0770811
-0.0579599
-0.0614994
-0.0936475
-0.1223932
-0.0896106
0.0457445
0.2761299
0.5590011
0.8546439
1.1356683
1.3536118
1.4146180
1.2228627
0.7740277
0.2053474
-0.2686224
-0.4949411
-0.4757150
-0.3365889
-0.2108925
-0.1511335
-0.1336062
-0.1214319
-0.1076122
-0.1051750
-0.1173700
-0.1312442
-0.1360151
-0.1357145
-0.1397725
-0.1477563
-0.1500795
-0.1422027
-0.1317748
-0.1292795
-0.1352152
-0.1403525
-0.1377376
-0.1306939
-0.1275387
-0.1306424
-0.1332373
-0.1268848
-0.1102805
-0.0900689
-0.0741865
-0.0654078
-0.0606681
-0.0551263
-0.0464295
-0.0359598
-0.0268293
-0.0205080
-0.0148669
-0.0056500
0.0094676
0.0280368
0.0445373
0.0555143
0.0630367
0.0726001
0.0873377
0.1045846
0.1186485
0.1271247
0.1342091
0.1475007
0.1714594
0.2038275
0.2379121
0.2677998
0.2914322
0.3094043
0.3216238
0.3254937
0.3173776
0.2959923
0.2646282
0.2299270
0.1977262
0.1691347
0.1402781
0.1063518
0.0667248
0.0264373
-0.0075535
-0.0319992
-0.0494877
-0.0651185
-0.0812095
-0.0952968
-0.1031600
-0.1036465
-0.1005373
-0.0996607
-0.1039122
-0.1108425
-0.1152448
-0.1144719
-0.1113106
-0.1112783
-0.1167337
-0.1238142
-0.1258105
-0.1200617
-0.1113930
-0.1081864
-0.1146780
-0.1271597
-0.1377686
-0.1416521
-0.1401180
-0.1372430
-0.1345399
-0.1297764
-0.1208076
-0.1096149
-0.1017209
-0.1013457
-0.1073076
-0.1139524
-0.1162628
-0.1141525
-0.1119367
-0.1137933
-0.1196762
-0.1253146
-0.1260012
-0.1206877
-0.1129463
-0.1081278
-0.1091624
-0.1144747
-0.1196794
-0.1215748
-0.1209866
-0.1218544
-0.1271043
-0.1349955
-0.1398475
-0.1372642
-0.1290544
-0.1223250
-0.1227122
-0.1284067
-0.1318048
-0.1278706
-0.1204542
-0.1190174
-0.1282966
-0.1418191
-0.1470014
-0.1372945
-0.1187990
-0.1043915
-0.1017422
-0.1076715
-0.1135713
-0.1146092
-0.1127829
-0.1122866
-0.1140981
-0.1157982
-0.1152286
-0.1125730
-0.1089636
-0.1048410
-0.1008228
-0.0990564
-0.1015860
-0.1069251
-0.1100639
-0.1075713
-0.1020128
-0.0992488
-0.1009852
-0.1023060
-0.0986663
-0.0937014
-0.0953185
-0.1007779
-0.0875535
-0.0241368
0.1069801
0.2976218
0.5245326
0.7650409
0.9930538
1.1583805
1.1836813
1.0045058
0.6297167
0.1644727
-0.2382343
-0.4663527
-0.5068913
-0.4303919
-0.3252567
-0.2426502
-0.1888972
-0.1515848
-0.1226949
-0.1011963
-0.0858679
-0.0738513
-0.0650541
-0.0627847
-0.0681244
-0.0759885
-0.0791333
-0.0756637
-0.0707512
-0.0703214
-0.0740806
-0.0757754
-0.0701353
-0.0587725
-0.0489725
-0.0469320
-0.0522281
-0.0585720
-0.0597585
-0.0550179
-0.0487413
-0.0450793
-0.0430703
-0.0373931
-0.0238501
-0.0036950
0.0175331
0.0349681
0.0479315
0.0591644
0.0716098
0.0862204
0.1020857
0.1176764
0.1318786
0.1447482
0.1580927
0.1749929
0.1975577
0.2244503
0.2511822
0.2738859
0.2930681
0.3130324
0.3370721
0.3634478
0.3866810
0.4029611
0.4136998
0.4229339
0.4309915
0.4314802
0.4157270
0.3808583
0.3333543
0.2842931
0.2409833
0.2029773
0.1654325
0.1255417
0.0858224
0.0521587
0.0293168
0.0177729
0.0135710
0.0106777
0.0044128
-0.0058257
-0.0165495
-0.0235648
-0.0262283
-0.0281796
-0.0331412
-0.0400421
-0.0432675
-0.0384552
-0.0278006
-0.0189819
-0.0185296
-0.0261629
-0.0354263
-0.0397251
-0.0380288
-0.0351711
-0.0366455
-0.0426550
-0.0470575
-0.0428472
-0.0296676
-0.0158265
-0.0114493
-0.0185048
-0.0282780
-0.0301100
-0.0223483
-0.0128354
-0.0085165
-0.0078826
-0.0066468
-0.0082473
-0.0212033
-0.0410716
-0.0383424
0.0274183
0.1766913
0.3950123
0.6498225
0.9147441
1.1650079
1.3469499
1.3700949
1.1585971
0.7301552
0.2215882
-0.1825667
-0.3679917
-0.3537542
-0.2499859
-0.1590289
-0.1131227
-0.0903904
-0.0685265
-0.0513591
-0.0512927
-0.0641593
-0.0717762
-0.0647536
-0.0529899
-0.0512833
-0.0605212
-0.0680118
-0.0641270
-0.0531288
-0.0462363
-0.0478552
-0.0520349
-0.0511593
-0.0442984
-0.0358482
-0.0287636
-0.0220824
-0.0145953
-0.0080759
-0.0054153
-0.0067353
-0.0088274
-0.0082127
-0.0037699
0.0035400
0.0124145
0.0221088
0.0321805
0.0421021
0.0512801
0.0593752
0.0668460
0.0754446
0.0877028
0.1048439
0.1247739
0.1432208
0.1583768
0.1743310
0.1979638
0.2309054
0.2654066
0.2904089
0.3026893
0.3108536
0.3267423
0.3526505
0.3778366
0.3880669
0.3782087
0.3551672
0.3292629
0.3041273
0.2754588
0.2383241
0.1938872
0.1487637
0.1092189
0.0770430
0.0503074
0.0265410
0.0047524
-0.0145204
-0.0299675
-0.0404184
-0.0460317
-0.0491416
-0.0532914
-0.0603078
-0.0680771
-0.0721343
-0.0703659
-0.0658978
-0.0643584
-0.0678902
-0.0724118
-0.0714413
-0.0627572
-0.0511428
-0.0444076
-0.0463812
-0.0533955
-0.0576432
-0.0545568
-0.0474300
-0.0446592
-0.0517313
-0.0653318
-0.0754862
-0.0743400
-0.0636199
-0.0534957
-0.0535426
-0.0643433
-0.0777278
-0.0848613
-0.0837442
-0.0793481
-0.0778504
-0.0815234
-0.0882660
-0.0943820
-0.0973008
-0.0967189
-0.0943898
-0.0929198
-0.0939385
-0.0968487
-0.0995734
-0.1009349
-0.1020831
-0.1049480
-0.1092728
-0.1120870
-0.1108384
-0.1066357
-0.1035455
-0.1046699
-0.1095235
-0.1152059
-0.1192700
-0.1211078
-0.1214735
-0.1217144
-0.1232410
-0.1265159
-0.1299079
-0.1303225
-0.1263016
-0.1208014
-0.1197040
-0.1261767
-0.1364855
-0.1426686
-0.1402982
-0.1332521
-0.1300008
-0.1350749
-0.1446742
-0.1508752
-0.1498636
-0.1457407
-0.1462682
-0.1550507
-0.1679691
-0.1770785
-0.1776191
-0.1711957
-0.1629208
-0.1565111
-0.1522189
-0.1483521
-0.1437002
-0.1385955
-0.1344594
-0.1326229
-0.1330835
-0.1340470
-0.1332390
-0.1306150
-0.1297847
-0.1353453
-0.1473640
-0.1588995
-0.1610582
-0.1519023
-0.1395671
-0.1349751
-0.1412155
-0.1510167
-0.1548816
-0.1507563
-0.1451460
-0.1454929
-0.1523839
-0.1590342
-0.1576049
-0.1460472
-0.1297475
-0.1171209
-0.1131142
-0.1162815
-0.1221403
-0.1289611
-0.1378121
-0.1437875
-0.1277206
-0.0623091
0.0677038
0.2516590
0.4634826
0.6850989
0.9093021
1.1095970
1.2122164
1.1203360
0.7912324
0.2999419
-0.1825069
-0.4931458
-0.5782075
-0.5059249
-0.3899459
-0.3022694
-0.2491696
-0.2088259
-0.1727891
-0.1494440
-0.1424362
-0.1412106
-0.1346294
-0.1251280
-0.1230445
-0.1299251
-0.1343900
-0.1264248
-0.1110460
-0.1030539
-0.1091910
-0.1201506
-0.1222305
-0.1138862
-0.1070068
-0.1120420
-0.1252827
-0.1329307
-0.1263041
-0.1104245
-0.0972222
-0.0924677
-0.0913703
-0.0862220
-0.0754763
-0.0637102
-0.0543837
-0.0456541
-0.0339668
-0.0194362
-0.0054931
0.0061955
0.0181780
0.0336402
0.0517429
0.0683829
0.0817093
0.0951212
0.1132715
0.1357938
0.1572122
0.1740825
0.1907021
0.2155892
0.2520477
0.2936629
0.3300048
0.3560716
0.3751481
0.3926326
0.4082948
0.4154251
0.4072239
0.3831045
0.3485501
0.3097863
0.2695751
0.2277674
0.1843900
0.1412818
0.1012882
0.0667398
0.0386115
0.0163563
-0.0018195
-0.0180365
-0.0332238
-0.0459923
-0.0534211
-0.0540944
-0.0509714
-0.0503596
-0.0565078
-0.0668917
-0.0740466
-0.0731095
-0.0671744
-0.0641240
-0.0679011
-0.0737668
-0.0731779
-0.0633754
-0.0511493
-0.0462419
-0.0513897
-0.0599752
-0.0636378
-0.0609767
-0.0579500
-0.0606909
-0.0694241
-0.0793513
-0.0860286
-0.0890382
-0.0910967
-0.0946454
-0.0994659
-0.1029981
-0.1025693
-0.0976905
-0.0908773
-0.0862295
-0.0862377
-0.0891831
-0.0902102
-0.0861236
-0.0792012
-0.0751980
-0.0771401
-0.0820700
-0.0848053
-0.0842486
-0.0845396
-0.0895385
-0.0971874
-0.1006541
-0.0955051
-0.0851321
-0.0782036
-0.0805294
-0.0898553
-0.0987727
-0.1021711
-0.1015304
-0.1025807
-0.1094357
-0.1205860
-0.1298541
-0.1316552
-0.1265246
-0.1217100
-0.1250896
-0.1373187
-0.1501810
-0.1538802
-0.1467329
-0.1372551
-0.1356594
-0.1430434
-0.1500308
-0.1470730
-0.1352891
-0.1252473
-0.1247562
-0.1300276
-0.1308793
-0.1237741
-0.1168814
-0.1207694
-0.1354285
-0.1487920
-0.1487116
-0.1350702
-0.1190769
-0.1118148
-0.1153698
-0.1243938
-0.1326429
-0.1359295
-0.1317762
-0.1210147
-0.1098616
-0.1057764
-0.1088382
-0.1109093
-0.1074726
-0.1070499
-0.1200581
-0.1347436
-0.1119018
-0.0145309
0.1560516
0.3626702
0.5749042
0.7967711
1.0328765
1.2250463
1.2473094
0.9972533
0.5082402
-0.0377600
-0.4278178
-0.5643831
-0.5085231
-0.3939672
-0.3096043
-0.2596729
-0.2125906
-0.1606959
-0.1252911
-0.1201401
-0.1304564
-0.1315976
-0.1175670
-0.1029704
-0.1010278
-0.1082230
-0.1119568
-0.1071618
-0.1006132
-0.1006810
-0.1074157
-0.1139765
-0.1150498
-0.1113904
-0.1070629
-0.1048699
-0.1049802
-0.1058315
-0.1047828
-0.0991435
-0.0886972
-0.0772156
-0.0697287
-0.0674659
-0.0663952
-0.0617182
-0.0535129
-0.0468875
-0.0458430
-0.0472042
-0.0417543
-0.0226188
0.0072540
0.0367783
0.0565545
0.0669966
0.0767457
0.0936362
0.1175820
0.1417884
0.1601015
0.1728996
0.1860485
0.2045447
0.2277230
0.2508165
0.2703555
0.2868177
0.3018383
0.3139124
0.3178769
0.3088396
0.2865233
0.2557195
0.2223130
0.1886901
0.1531625
0.1138430
0.0723747
0.0332453
-0.0001008
-0.0275965
-0.0511302
-0.0716759
-0.0881654
-0.0987728
-0.1030006
-0.1026271
-0.1007474
-0.0998382
-0.1005316
-0.1017720
-0.1018076
-0.0996054
-0.0963605
-0.0954985
-0.0996561
-0.1067942
-0.1104670
-0.1056188
-0.0942356
-0.0841191
-0.0814194
-0.0848307
-0.0878484
-0.0866752
-0.0848221
-0.0886829
-0.0987164
-0.1068390
-0.1041202
-0.0905558
-0.0757430
-0.0698057
-0.0747553
-0.0847066
-0.0928350
-0.0969748
-0.0993213
-0.1023449
-0.1056524
-0.1063836
-0.1020875
-0.0931691
-0.0830061
-0.0759517
-0.0745095
-0.0772888
-0.0797196
-0.0781236
-0.0737908
-0.0719948
-0.0758709
-0.0818852
-0.0827532
-0.0751281
-0.0636605
-0.0569306
-0.0592704
-0.0665348
-0.0701431
-0.0657957
-0.0581963
-0.0564412
-0.0643812
-0.0761078
-0.0815427
-0.0763856
-0.0663270
-0.0615499
-0.0670819
-0.0783565
-0.0862424
-0.0863686
-0.0829921
-0.0835335
-0.0903022
-0.0985661
-0.1020909
-0.0992122
-0.0936205
-0.0905670
-0.0925662
-0.0975560
-0.1005340
-0.0978366
-0.0908787
-0.0856255
-0.0874300
-0.0955180
-0.1025600
-0.1007450
-0.0894216
-0.0765330
-0.0712857
-0.0751496
-0.0811203
-0.0820155
-0.0779853
-0.0750205
-0.0775202
-0.0839705
-0.0893325
-0.0899282
-0.0857268
-0.0792612
-0.0734775
-0.0703454
-0.0702215
-0.0714395
-0.0709094
-0.0668221
-0.0614617
-0.0595342
-0.0618102
-0.0618865
-0.0529046
-0.0382942
-0.0318695
-0.0423383
-0.0564656
-0.0404554
0.0379988
0.1866538
0.3866493
0.6109623
0.8388096
1.0455324
1.1804752
1.1697556
0.9611608
0.5793126
0.1358958
-0.2260161
-0.4142723
-0.4320461
-0.3538770
-0.2615253
-0.1954572
-0.1530862
-0.1181968
-0.0848610
-0.0580218
-0.0421804
-0.0359448
-0.0352143
-0.0368154
-0.0385693
-0.0389307
-0.0383303
-0.0396106
-0.0450665
-0.0523442
-0.0543771
-0.0453360
-0.0274520
-0.0105818
-0.0033309
-0.0049080
-0.0069666
-0.0029709
0.0058920
0.0138188
0.0172704
0.0179532
0.0203547
0.0275476
0.0390378
0.0517197
0.0623368
0.0691264
0.0722901
0.0744324
0.0801611
0.0926704
0.1093849
0.1230353
0.1294437
0.1334830
0.1449642
0.1682366
0.1972853
0.2217771
0.2374157
0.2499426
0.2690011
0.2982756
0.3321475
0.3620926
0.3849618
0.4036288
0.4208861
0.4355270
0.4443851
0.4451305
0.4356992
0.4134559
0.3775596
0.3318394
0.2836639
0.2392271
0.1997822
0.1623337
0.1242787
0.0875354
0.0573441
0.0365781
0.0224813
0.0100117
-0.0029301
-0.0149865
-0.0245660
-0.0314303
-0.0359203
-0.0389275
-0.0424974
-0.0484454
-0.0558723
-0.0611143
-0.0605775
-0.0536936
-0.0439426
-0.0371882
-0.0374320
-0.0430401
-0.0480212
-0.0478078
-0.0430878
-0.0379701
-0.0359074
-0.0374862
-0.0401140
-0.0394002
-0.0331758
-0.0251643
-0.0225699
-0.0286452
-0.0390047
-0.0461862
-0.0466726
-0.0430518
-0.0406956
-0.0426621
-0.0466479
-0.0470227
-0.0410115
-0.0321905
-0.0265116
-0.0261483
-0.0291679
-0.0334832
-0.0380500
-0.0413748
-0.0425144
-0.0435177
-0.0478516
-0.0558847
-0.0637150
-0.0665231
-0.0623737
-0.0541724
-0.0488508
-0.0520515
-0.0615569
-0.0683272
-0.0663166
-0.0591481
-0.0552247
-0.0587664
-0.0673065
-0.0747271
-0.0747594
-0.0653159
-0.0522850
-0.0459168
-0.0507278
-0.0613991
-0.0698690
-0.0729719
-0.0722804
-0.0711228
-0.0730138
-0.0781472
-0.0805703
-0.0743955
-0.0632609
-0.0568850
-0.0576858
-0.0586333
-0.0551876
-0.0505343
-0.0478572
-0.0472603
-0.0515545
-0.0634764
-0.0752118
-0.0745856
-0.0657899
-0.0683041
-0.0875499
