-0.1010940
-0.1020413
-0.0822024
-0.0737942
-0.0797812
-0.0779528
-0.0627299
-0.0509673
-0.0507851
-0.0519445
-0.0470869
-0.0407424
-0.0361750
-0.0307290
-0.0249194
-0.0217693
-0.0175886
-0.0061368
0.0094232
0.0205490
0.0274506
0.0380294
0.0545554
0.0720261
0.0884962
0.1074572
0.1305292
0.1553554
0.1797635
0.2023135
0.2212748
0.2383971
0.2600981
0.2891975
0.3190121
0.3412369
0.3563759
0.3711034
0.3880934
0.4027312
0.4071146
0.3943063
0.3625829
0.3188780
0.2743803
0.2338430
0.1929399
0.1482940
0.1051931
0.0718716
0.0498193
0.0331028
0.0149960
-0.0065745
-0.0279414
-0.0432144
-0.0511039
-0.0576298
-0.0687281
-0.0813399
-0.0867041
-0.0823550
-0.0757238
-0.0747996
-0.0795041
-0.0838482
-0.0835475
-0.0800766
-0.0787480
-0.0828760
-0.0888846
-0.0888987
-0.0800504
-0.0689254
-0.0640020
-0.0658298
-0.0679858
-0.0659674
-0.0614523
-0.0585780
-0.0592034
-0.0618383
-0.0634456
-0.0626092
-0.0615565
-0.0635549
-0.0678255
-0.0696203
-0.0666257
-0.0626961
-0.0633833
-0.0696617
-0.0775639
-0.0823623
-0.0821610
-0.0792755
-0.0789423
-0.0847395
-0.0944674
-0.1022254
-0.1048341
-0.1042669
-0.1037096
-0.1036940
-0.1027479
-0.0998706
-0.0957083
-0.0925162
-0.0927212
-0.0960770
-0.0989498
-0.0983567
-0.0960993
-0.0967326
-0.1016468
-0.1069861
-0.1074147
-0.1009272
-0.0907075
-0.0832444
-0.0832409
-0.0888698
-0.0932920
-0.0923561
-0.0893844
-0.0905524
-0.0968170
-0.1026343
-0.1023357
-0.0962181
-0.0902106
-0.0899699
-0.0950207
-0.0990344
-0.0969324
-0.0910458
-0.0882023
-0.0910635
-0.0952007
-0.0953929
-0.0919921
-0.0893997
-0.0901577
-0.0925007
-0.0931075
-0.0910862
-0.0892403
-0.0912881
-0.0972536
-0.1021036
-0.1001544
-0.0908581
-0.0796464
-0.0735284
-0.0761117
-0.0852794
-0.0943927
-0.0973252
-0.0943082
-0.0918168
-0.0948461
-0.1004871
-0.1014899
-0.0952721
-0.0863974
-0.0800612
-0.0765821
-0.0746825
-0.0780420
-0.0931557
-0.1161568
-0.1222170
-0.0737679
0.0549544
0.2604740
0.5170607
0.7946513
1.0594273
1.2556190
1.3029646
1.1365979
0.7659485
0.2953679
-0.1242348
-0.3806399
-0.4554861
-0.4102919
-0.3258447
-0.2515503
-0.1983691
-0.1609968
-0.1356557
-0.1208959
-0.1134731
-0.1099175
-0.1095409
-0.1123401
-0.1151548
-0.1130252
-0.1049694
-0.0966603
-0.0956347
-0.1034043
-0.1132279
-0.1168830
-0.1133449
-0.1091970
-0.1102106
-0.1143249
-0.1139772
-0.1041039
-0.0868689
-0.0697145
-0.0597784
-0.0588800
-0.0622725
-0.0626346
-0.0564399
-0.0464785
-0.0379394
-0.0326855
-0.0277915
-0.0189914
-0.0049355
0.0116777
0.0269581
0.0399210
0.0533071
0.0698375
0.0885646
0.1063672
0.1226798
0.1410223
0.1654238
0.1963341
0.2302446
0.2625022
0.2905793
0.3156253
0.3409606
0.3681774
0.3943724
0.4135006
0.4204336
0.4138293
0.3960523
0.3710134
0.3413493
0.3068263
0.2658964
0.2193064
0.1714216
0.1272758
0.0889840
0.0557606
0.0267151
0.0026085
-0.0149530
-0.0255111
-0.0311839
-0.0362895
-0.0448583
-0.0578483
-0.0727942
-0.0861158
-0.0956246
-0.1015105
-0.1059015
-0.1110369
-0.1166070
-0.1191855
-0.1159771
-0.1093761
-0.1060036
-0.1099751
-0.1179115
-0.1218674
-0.1173885
-0.1081874
-0.1023938
-0.1039682
-0.1082895
-0.1072001
-0.0983938
-0.0883400
-0.0851533
-0.0899251
-0.0964291
-0.0983501
-0.0950032
-0.0903133
-0.0881366
-0.0892353
-0.0915642
-0.0923016
-0.0897561
-0.0843949
-0.0790339
-0.0778563
-0.0835450
-0.0938675
-0.1019862
-0.1025201
-0.0978298
-0.0963376
-0.1032522
-0.1139864
-0.1181845
-0.1101413
-0.0945613
-0.0821989
-0.0802460
-0.0867757
-0.0940705
-0.0968980
-0.0969668
-0.0991978
-0.1046956
-0.1086790
-0.1054104
-0.0945040
-0.0822877
-0.0770264
-0.0819673
-0.0921510
-0.0984797
-0.0959867
-0.0882134
-0.0829809
-0.0841535
-0.0882017
-0.0886403
-0.0831949
-0.0766167
-0.0766227
-0.0864974
-0.1010948
-0.1106055
-0.1092742
-0.1008231
-0.0951270
-0.0991707
-0.1106143
-0.1197678
-0.1184767
-0.1080958
-0.0985494
-0.0984729
-0.1063637
-0.1126924
-0.1107626
-0.1037882
-0.1004711
-0.1050831
-0.1133380
-0.1171630
-0.1117990
-0.0984973
-0.0826303
-0.0706413
-0.0670578
-0.0710379
-0.0753094
-0.0726458
-0.0668955
-0.0735357
-0.0998426
-0.1212007
-0.0860683
0.0436730
0.2562387
0.5020658
0.7445370
0.9859496
1.2274568
1.4055740
1.3941615
1.1006605
0.5739854
0.0070934
-0.3875551
-0.5219981
-0.4671908
-0.3601351
-0.2868403
-0.2474426
-0.2078868
-0.1591232
-0.1221504
-0.1131474
-0.1218012
-0.1255955
-0.1152266
-0.0995916
-0.0902725
-0.0888588
-0.0900427
-0.0905542
-0.0906033
-0.0896669
-0.0862541
-0.0818742
-0.0808317
-0.0841806
-0.0867480
-0.0829866
-0.0746308
-0.0695604
-0.0724121
-0.0784702
-0.0788604
-0.0712777
-0.0632519
-0.0634641
-0.0711105
-0.0759777
-0.0690261
-0.0509759
-0.0299716
-0.0130265
-0.0015025
0.0067420
0.0140862
0.0227990
0.0354993
0.0534759
0.0745957
0.0948957
0.1137252
0.1364435
0.1696023
0.2123648
0.2545336
0.2856358
0.3059377
0.3261623
0.3551318
0.3890213
0.4143022
0.4207997
0.4104169
0.3927917
0.3737631
0.3497228
0.3136219
0.2650875
0.2127119
0.1661284
0.1275443
0.0922858
0.0564471
0.0219202
-0.0062013
-0.0253781
-0.0377487
-0.0473998
-0.0568039
-0.0660160
-0.0742422
-0.0809916
-0.0856472
-0.0872961
-0.0863547
-0.0858809
-0.0893737
-0.0963900
-0.1014849
-0.0989342
-0.0886453
-0.0768998
-0.0711698
-0.0741223
-0.0820779
-0.0888064
-0.0910307
-0.0906901
-0.0920170
-0.0965599
-0.1013374
-0.1018742
-0.0968186
-0.0895853
-0.0855580
-0.0873637
-0.0925110
-0.0958996
-0.0950403
-0.0925059
-0.0926708
-0.0962642
-0.0989656
-0.0957421
-0.0863667
-0.0764834
-0.0730101
-0.0779251
-0.0862661
-0.0907463
-0.0889116
-0.0854798
-0.0870573
-0.0946874
-0.1022206
-0.1022842
-0.0937325
-0.0831201
-0.0786931
-0.0827062
-0.0897200
-0.0926685
-0.0902120
-0.0873490
-0.0889519
-0.0939825
-0.0968813
-0.0939474
-0.0872157
-0.0819680
-0.0812996
-0.0838119
-0.0863468
-0.0878182
-0.0893553
-0.0911972
-0.0913474
-0.0883597
-0.0841343
-0.0819893
-0.0821822
-0.0814479
-0.0778787
-0.0745706
-0.0763575
-0.0831092
-0.0884667
-0.0868513
-0.0808599
-0.0792230
-0.0863246
-0.0957120
-0.0967518
-0.0874311
-0.0773179
-0.0761809
-0.0822730
-0.0852119
-0.0795984
-0.0716323
-0.0705310
-0.0766187
-0.0816847
-0.0800980
-0.0749510
-0.0718076
-0.0712745
-0.0725882
-0.0806636
-0.0989224
-0.1106337
-0.0766291
0.0354122
0.2186954
0.4353932
0.6611204
0.9060928
1.1707380
1.3797327
1.3889422
1.0946608
0.5520152
-0.0267577
-0.4143718
-0.5265010
-0.4519605
-0.3414590
-0.2774271
-0.2447795
-0.1996732
-0.1378707
-0.0922606
-0.0845969
-0.1002221
-0.1102561
-0.1046613
-0.0957591
-0.0959717
-0.1025542
-0.1051159
-0.1001456
-0.0926303
-0.0867475
-0.0813090
-0.0749315
-0.0706676
-0.0723760
-0.0788091
-0.0846535
-0.0870072
-0.0879838
-0.0900406
-0.0907962
-0.0846107
-0.0693049
-0.0499308
-0.0349077
-0.0284865
-0.0274069
-0.0248154
-0.0169083
-0.0056952
0.0039874
0.0096385
0.0137888
0.0222711
0.0395170
0.0646485
0.0918816
0.1151688
0.1328634
0.1481654
0.1654976
0.1866570
0.2099595
0.2324451
0.2529556
0.2734781
0.2973335
0.3253702
0.3535701
0.3746595
0.3826120
0.3760906
0.3579007
0.3313740
0.2976047
0.2566035
0.2109774
0.1671739
0.1314880
0.1044947
0.0804841
0.0533477
0.0229451
-0.0047156
-0.0234583
-0.0328786
-0.0386286
-0.0472195
-0.0604286
-0.0742422
-0.0827664
-0.0832466
-0.0781168
-0.0731264
-0.0733436
-0.0796012
-0.0878110
-0.0923888
-0.0916350
-0.0897647
-0.0924706
-0.0999894
-0.1055506
-0.1019423
-0.0897126
-0.0778741
-0.0755408
-0.0828977
-0.0912712
-0.0925732
-0.0879264
-0.0858853
-0.0923325
-0.1035412
-0.1099897
-0.1062252
-0.0959133
-0.0873770
-0.0852267
-0.0868734
-0.0867145
-0.0827604
-0.0784736
-0.0781715
-0.0814602
-0.0831344
-0.0787698
-0.0699008
-0.0631522
-0.0640392
-0.0715299
-0.0788224
-0.0799435
-0.0759231
-0.0740757
-0.0804792
-0.0930822
-0.1028322
-0.1020970
-0.0920267
-0.0815971
-0.0794260
-0.0863471
-0.0956623
-0.1003901
-0.1000447
-0.1001650
-0.1054387
-0.1139371
-0.1185612
-0.1141147
-0.1028664
-0.0932549
-0.0928541
-0.1017852
-0.1125428
-0.1168135
-0.1133008
-0.1088992
-0.1115083
-0.1212936
-0.1294596
-0.1265114
-0.1121703
-0.0966221
-0.0910528
-0.0968925
-0.1053899
-0.1081007
-0.1060710
-0.1067218
-0.1126174
-0.1169122
-0.1119513
-0.1000828
-0.0920673
-0.0943274
-0.1013757
-0.1034960
-0.0993824
-0.0963659
-0.0982161
-0.0992478
-0.0953603
-0.0957800
-0.1125277
-0.1339372
-0.1171742
-0.0182074
0.1700185
0.4160321
0.6848752
0.9588735
1.2090876
1.3545076
1.2816652
0.9367255
0.4060860
-0.1108728
-0.4316298
-0.5091109
-0.4335922
-0.3304872
-0.2626793
-0.2203227
-0.1771949
-0.1340222
-0.1086936
-0.1049004
-0.1063806
-0.0993757
-0.0886760
-0.0870224
-0.0955891
-0.1024084
-0.0987065
-0.0899000
-0.0876452
-0.0949687
-0.1035038
-0.1043652
-0.0978156
-0.0911226
-0.0895372
-0.0916580
-0.0929123
-0.0914694
-0.0898156
-0.0909792
-0.0938397
-0.0926214
-0.0817214
-0.0617734
-0.0408504
-0.0285082
-0.0273293
-0.0300784
-0.0260296
-0.0108664
0.0097179
0.0264039
0.0356931
0.0425279
0.0543302
0.0740028
0.0990704
0.1259506
0.1532228
0.1809105
0.2084413
0.2346918
0.2596542
0.2847607
0.3109548
0.3370184
0.3604999
0.3798572
0.3944281
0.4019618
0.3976216
0.3771749
0.3413605
0.2960852
0.2479655
0.2004885
0.1548654
0.1131377
0.0782143
0.0502611
0.0248310
-0.0031497
-0.0331663
-0.0585749
-0.0737024
-0.0807247
-0.0875640
-0.0986196
-0.1094272
-0.1120571
-0.1050360
-0.0960467
-0.0943004
-0.1013297
-0.1100923
-0.1125755
-0.1074228
-0.1002891
-0.0977075
-0.1010603
-0.1059539
-0.1067657
-0.1019252
-0.0953342
-0.0926303
-0.0956375
-0.1007688
-0.1036748
-0.1048864
-0.1086128
-0.1150527
-0.1167669
-0.1065133
-0.0881402
-0.0746571
-0.0726245
-0.0727337
-0.0626826
-0.0490106
-0.0562809
-0.0948633
-0.1307415
-0.0980541
0.0500834
0.3040648
0.6127780
0.9275670
1.2162915
1.4307604
1.4817127
1.2809119
0.8307786
0.2686701
-0.1994660
-0.4321681
-0.4360426
-0.3297905
-0.2336843
-0.1907338
-0.1763769
-0.1590540
-0.1378289
-0.1295389
-0.1388941
-0.1521372
-0.1551787
-0.1480316
-0.1395180
-0.1342508
-0.1298812
-0.1246552
-0.1217358
-0.1242294
-0.1295105
-0.1319562
-0.1302680
-0.1285840
-0.1295224
-0.1291904
-0.1219294
-0.1089835
-0.0991424
-0.0994245
-0.1069087
-0.1118207
-0.1082787
-0.0999934
-0.0946101
-0.0939491
-0.0917622
-0.0812033
-0.0628260
-0.0439414
-0.0307072
-0.0222851
-0.0129855
0.0011158
0.0186861
0.0357307
0.0505706
0.0658545
0.0858770
0.1119909
0.1405788
0.1658610
0.1853756
0.2028912
0.2251395
0.2545064
0.2845410
0.3035310
0.3038043
0.2880040
0.2657256
0.2436298
0.2193354
0.1855119
0.1394077
0.0872422
0.0390527
0.0002665
-0.0308334
-0.0580132
-0.0811932
-0.0966873
-0.1027807
-0.1035334
-0.1059080
-0.1132486
-0.1224307
-0.1277668
-0.1271888
-0.1241343
-0.1237610
-0.1279960
-0.1341951
-0.1377587
-0.1355574
-0.1275406
-0.1164096
-0.1063108
-0.1008472
-0.1007410
-0.1029907
-0.1034717
-0.1014646
-0.1010559
-0.1066037
-0.1166495
-0.1239199
-0.1227241
-0.1157503
-0.1118776
-0.1167355
-0.1265514
-0.1324116
-0.1301329
-0.1245552
-0.1236907
-0.1297669
-0.1371449
-0.1385954
-0.1322824
-0.1224558
-0.1148590
-0.1126679
-0.1159169
-0.1226406
-0.1296559
-0.1335572
-0.1328350
-0.1294971
-0.1276195
-0.1293232
-0.1322831
-0.1320209
-0.1270314
-0.1210426
-0.1193544
-0.1228928
-0.1267046
-0.1250463
-0.1178202
-0.1112956
-0.1119921
-0.1198752
-0.1278784
-0.1284297
-0.1206569
-0.1112735
-0.1083633
-0.1140865
-0.1230820
-0.1277087
-0.1250592
-0.1194588
-0.1183502
-0.1251776
-0.1356561
-0.1412521
-0.1372190
-0.1275919
-0.1217092
-0.1251666
-0.1342941
-0.1400331
-0.1372780
-0.1299246
-0.1265294
-0.1314401
-0.1406143
-0.1458545
-0.1425726
-0.1336293
-0.1265321
-0.1270730
-0.1343751
-0.1409295
-0.1383847
-0.1254516
-0.1104103
-0.1035250
-0.1054977
-0.1057285
-0.0956004
-0.0827539
-0.0859810
-0.1101774
-0.1272029
-0.0878636
0.0421891
0.2576991
0.5228271
0.7964923
1.0391372
1.1962499
1.1945983
0.9813532
0.5824601
0.1180261
-0.2573138
-0.4475951
-0.4638899
-0.3910954
-0.3121047
-0.2590318
-0.2218402
-0.1857597
-0.1523772
-0.1312884
-0.1240501
-0.1226019
-0.1201003
-0.1176267
-0.1194923
-0.1255847
-0.1309742
-0.1319830
-0.1301408
-0.1293945
-0.1306519
-0.1303894
-0.1247471
-0.1142981
-0.1042181
-0.0996680
-0.1010990
-0.1040791
-0.1036291
-0.0987373
-0.0928163
-0.0899861
-0.0909718
-0.0923625
-0.0894954
-0.0801178
-0.0659621
-0.0514471
-0.0404820
-0.0332656
-0.0255507
-0.0119980
0.0083206
0.0297934
0.0452440
0.0542021
0.0653757
0.0889611
0.1256869
0.1645255
0.1926951
0.2081781
0.2216414
0.2457114
0.2829210
0.3244902
0.3599488
0.3864402
0.4082611
0.4285907
0.4432961
0.4434236
0.4233832
0.3862856
0.3412647
0.2957598
0.2505355
0.2021481
0.1497460
0.0985274
0.0559332
0.0248553
0.0015652
-0.0194800
-0.0398542
-0.0570961
-0.0695788
-0.0793499
-0.0891770
-0.0983673
-0.1038860
-0.1057164
-0.1085659
-0.1161668
-0.1249263
-0.1261519
-0.1158282
-0.1005187
-0.0914703
-0.0930461
-0.0988455
-0.0998841
-0.0947939
-0.0898984
-0.0897960
-0.0908493
-0.0860705
-0.0751485
-0.0663650
-0.0671320
-0.0746543
-0.0788035
-0.0740488
-0.0652971
-0.0600762
-0.0580663
-0.0537079
-0.0494954
-0.0590030
-0.0876583
-0.1100988
-0.0762566
0.0504523
0.2610425
0.5128583
0.7721102
1.0312156
1.2717533
1.4177549
1.3543064
1.0218716
0.5007992
-0.0119283
-0.3316169
-0.4085439
-0.3350880
-0.2427255
-0.1967133
-0.1804128
-0.1568118
-0.1232281
-0.1053789
-0.1164795
-0.1391017
-0.1472264
-0.1349765
-0.1177931
-0.1110243
-0.1152691
-0.1222011
-0.1271560
-0.1313681
-0.1353088
-0.1360056
-0.1321257
-0.1276432
-0.1272064
-0.1291521
-0.1263623
-0.1148996
-0.0998043
-0.0905667
-0.0912732
-0.0966019
-0.0978315
-0.0918882
-0.0838317
-0.0808250
-0.0843083
-0.0881051
-0.0838238
-0.0682264
-0.0460430
-0.0260808
-0.0141238
-0.0085775
-0.0024256
0.0102502
0.0289612
0.0476407
0.0610791
0.0709530
0.0853053
0.1113650
0.1483252
0.1871675
0.2178110
0.2365720
0.2469361
0.2538784
0.2583236
0.2570094
0.2464245
0.2258167
0.1970183
0.1630988
0.1278149
0.0948348
0.0655498
0.0376973
0.0080059
-0.0227690
-0.0487851
-0.0650035
-0.0739217
-0.0841532
-0.1008721
-0.1189468
-0.1278081
-0.1233627
-0.1131642
-0.1085690
-0.1130414
-0.1200857
-0.1222642
-0.1196842
-0.1182994
-0.1218008
-0.1280206
-0.1332390
-0.1368668
-0.1395934
-0.1386170
-0.1286635
-0.1094398
-0.0898111
-0.0812371
-0.0863659
-0.0961496
-0.0997597
-0.0961927
-0.0939601
-0.0994497
-0.1083101
-0.1104110
-0.1021293
-0.0907986
-0.0861410
-0.0895224
-0.0937891
-0.0926104
-0.0871773
-0.0835748
-0.0870638
-0.1011971
-0.1286594
-0.1651681
-0.1888172
-0.1601630
-0.0415409
0.1780849
0.4750165
0.8024489
1.1021641
1.3036865
1.3281196
1.1220441
0.7107016
0.2179887
-0.1870787
-0.3899730
-0.3954582
-0.3020318
-0.2137726
-0.1715502
-0.1556991
-0.1366520
-0.1118086
-0.0982709
-0.1048561
-0.1212189
-0.1315809
-0.1307699
-0.1243712
-0.1185417
-0.1148586
-0.1135889
-0.1163544
-0.1230389
-0.1289398
-0.1287382
-0.1233302
-0.1199303
-0.1238945
-0.1318101
-0.1345894
-0.1273666
-0.1148720
-0.1063113
-0.1057006
-0.1081987
-0.1058518
-0.0960258
-0.0835425
-0.0747121
-0.0699726
-0.0630173
-0.0473604
-0.0235341
0.0006126
0.0170436
0.0249740
0.0311003
0.0425587
0.0601313
0.0787204
0.0939665
0.1072536
0.1237629
0.1465886
0.1740599
0.2026980
0.2311304
0.2598073
0.2875256
0.3100562
0.3230130
0.3250822
0.3172170
0.2992323
0.2693376
0.2283297
0.1829958
0.1427259
0.1114208
0.0837473
0.0510848
0.0115433
-0.0268404
-0.0535021
-0.0655092
-0.0697131
-0.0749650
-0.0830579
-0.0879353
-0.0835130
-0.0714762
-0.0609308
-0.0604865
-0.0707665
-0.0843743
-0.0929020
-0.0942128
-0.0934745
-0.0973827
-0.1071869
-0.1171366
-0.1198378
-0.1133856
-0.1033596
-0.0977510
-0.0997726
-0.1054658
-0.1081777
-0.1052601
-0.1003518
-0.0991981
-0.1034657
-0.1088796
-0.1094550
-0.1034366
-0.0950898
-0.0908711
-0.0938950
-0.1017643
-0.1092438
-0.1128807
-0.1134701
-0.1146760
-0.1194327
-0.1271000
-0.1333465
-0.1328669
-0.1234208
-0.1084907
-0.0959282
-0.0925817
-0.0988790
-0.1084616
-0.1137386
-0.1123303
-0.1083173
-0.1075072
-0.1118331
-0.1182063
-0.1220311
-0.1211961
-0.1170127
-0.1123671
-0.1095072
-0.1088949
-0.1091187
-0.1079323
-0.1044715
-0.1010254
-0.1017158
-0.1081440
-0.1163476
-0.1193388
-0.1136918
-0.1035181
-0.0972707
-0.1002826
-0.1104034
-0.1206760
-0.1257437
-0.1254944
-0.1231982
-0.1212866
-0.1194950
-0.1164748
-0.1120951
-0.1077715
-0.1050961
-0.1046888
-0.1061122
-0.1081939
-0.1093222
-0.1082942
-0.1058140
-0.1048629
-0.1079600
-0.1128637
-0.1122455
-0.1007779
-0.0841170
-0.0780980
-0.0936595
-0.1194394
-0.1209429
-0.0609239
0.0767400
0.2816586
0.5306860
0.7986834
1.0492501
1.2187649
1.2262611
1.0206434
0.6323725
0.1784347
-0.1960718
-0.3992515
-0.4338851
-0.3717971
-0.2911077
-0.2304976
-0.1884810
-0.1518116
-0.1184315
-0.0971781
-0.0938471
-0.1029076
-0.1124715
-0.1147495
-0.1109559
-0.1076160
-0.1094877
-0.1156508
-0.1211426
-0.1217374
-0.1174862
-0.1122517
-0.1101124
-0.1120069
-0.1152538
-0.1158267
-0.1113101
-0.1024916
-0.0926563
-0.0849747
-0.0797306
-0.0737817
-0.0633173
-0.0479456
-0.0321325
-0.0218250
-0.0188859
-0.0189133
-0.0151064
-0.0044122
0.0105037
0.0253022
0.0391543
0.0553132
0.0769270
0.1030358
0.1288733
0.1498789
0.1655896
0.1800828
0.1985151
0.2224173
0.2479195
0.2692735
0.2852027
0.3017336
0.3272022
0.3628670
0.3986075
0.4196808
0.4191693
0.4035263
0.3849462
0.3684537
0.3476112
0.3131775
0.2647321
0.2125358
0.1681931
0.1346110
0.1054725
0.0736076
0.0387726
0.0072648
-0.0149526
-0.0278405
-0.0364926
-0.0459545
-0.0571620
-0.0670660
-0.0718028
-0.0700218
-0.0642502
-0.0595776
-0.0603683
-0.0671143
-0.0759470
-0.0816888
-0.0823302
-0.0809285
-0.0824925
-0.0881364
-0.0924997
-0.0882396
-0.0739781
-0.0571833
-0.0478286
-0.0487454
-0.0530622
-0.0519880
-0.0446862
-0.0391162
-0.0425012
-0.0521067
-0.0573705
-0.0517039
-0.0406438
-0.0365161
-0.0451082
-0.0592725
-0.0666706
-0.0629849
-0.0561187
-0.0572566
-0.0689432
-0.0829277
-0.0894407
-0.0874301
-0.0849694
-0.0901218
-0.1024991
-0.1141291
-0.1178482
-0.1140653
-0.1094796
-0.1099183
-0.1147371
-0.1179159
-0.1143056
-0.1048239
-0.0957432
-0.0929976
-0.0970302
-0.1028132
-0.1046577
-0.1013452
-0.0972009
-0.0981984
-0.1062309
-0.1165365
-0.1211232
-0.1157827
-0.1043374
-0.0955911
-0.0952808
-0.1007281
-0.1039070
-0.1002650
-0.0940465
-0.0938021
-0.1024257
-0.1129175
-0.1152730
-0.1071662
-0.0964550
-0.0928618
-0.0982455
-0.1055394
-0.1061824
-0.0977254
-0.0853603
-0.0780165
-0.0824195
-0.0968739
-0.1067295
-0.0862269
-0.0095315
0.1353589
0.3418214
0.5917226
0.8611740
1.1118370
1.2776897
1.2760306
1.0548620
0.6457066
0.1695971
-0.2230016
-0.4372220
-0.4769077
-0.4163498
-0.3340754
-0.2677345
-0.2172789
-0.1743532
-0.1403965
-0.1212479
-0.1152175
-0.1128537
-0.1069296
-0.0987911
-0.0943394
-0.0961722
-0.1011332
-0.1044599
-0.1044754
-0.1028304
-0.1013452
-0.0998597
-0.0972433
-0.0935781
-0.0905225
-0.0894758
-0.0898211
-0.0893657
-0.0866799
-0.0828737
-0.0805484
-0.0805226
-0.0799003
-0.0742882
-0.0622698
-0.0470308
-0.0330262
-0.0215632
-0.0104533
0.0022596
0.0153606
0.0258099
0.0325240
0.0381373
0.0470099
0.0619470
0.0828843
0.1079002
0.1345025
0.1601217
0.1828669
0.2029771
0.2229733
0.2450472
0.2681784
0.2889598
0.3056742
0.3202534
0.3347391
0.3460466
0.3459728
0.3278265
0.2930304
0.2502668
0.2077319
0.1669296
0.1247571
0.0808784
0.0411062
0.0125021
-0.0039660
-0.0146214
-0.0270342
-0.0435887
-0.0608547
-0.0740056
-0.0810313
-0.0833531
-0.0838703
-0.0851883
-0.0889544
-0.0952439
-0.1017195
-0.1043301
-0.1006249
-0.0930344
-0.0877933
-0.0892518
-0.0951654
-0.0986620
-0.0956829
-0.0900479
-0.0898085
-0.0977729
-0.1066329
-0.1055597
-0.0923203
-0.0770285
-0.0719301
-0.0783485
-0.0864052
-0.0879033
-0.0860817
-0.0897883
-0.0999723
-0.1066971
-0.1009099
-0.0852211
-0.0694071
-0.0580247
-0.0488559
-0.0437321
-0.0510106
-0.0674767
-0.0609241
0.0150270
0.1798228
0.4057849
0.6488058
0.8940858
1.1512093
1.3914325
1.5054412
1.3593918
0.9209034
0.3299665
-0.1753943
-0.4254424
-0.4261086
-0.3150583
-0.2251004
-0.1924401
-0.1784224
-0.1487601
-0.1135101
-0.1001306
-0.1121944
-0.1273301
-0.1278228
-0.1195878
-0.1188706
-0.1293925
-0.1395132
-0.1386129
-0.1289397
-0.1200844
-0.1171750
-0.1181773
-0.1198503
-0.1214769
-0.1226420
-0.1214082
-0.1168966
-0.1116066
-0.1085424
-0.1064907
-0.1005149
-0.0880230
-0.0729253
-0.0622187
-0.0586183
-0.0578064
-0.0533275
-0.0431647
-0.0306679
-0.0197867
-0.0107915
-0.0007288
0.0131803
0.0312105
0.0513675
0.0711758
0.0896202
0.1079796
0.1286311
0.1526040
0.1783764
0.2033627
0.2264534
0.2486905
0.2712651
0.2928950
0.3092188
0.3148856
0.3066101
0.2848724
0.2534472
0.2175717
0.1816551
0.1471815
0.1122969
0.0745920
0.0354454
0.0010345
-0.0225186
-0.0354660
-0.0449097
-0.0580281
-0.0749883
-0.0893543
-0.0958341
-0.0969863
-0.1011015
-0.1129193
-0.1273349
-0.1337857
-0.1272410
-0.1138382
-0.1048870
-0.1058482
-0.1120261
-0.1147752
-0.1108219
-0.1049673
-0.1041994
-0.1100812
-0.1172869
-0.1191441
-0.1139278
-0.1058597
-0.1009510
-0.1023123
-0.1083988
-0.1144139
-0.1157022
-0.1113990
-0.1055187
-0.1035324
-0.1068076
-0.1105734
-0.1082422
-0.0981841
-0.0860169
-0.0798121
-0.0829042
-0.0915528
-0.0995823
-0.1045502
-0.1085851
-0.1136886
-0.1179224
-0.1172193
-0.1102206
-0.1002515
-0.0926361
-0.0906936
-0.0940115
-0.0994924
-0.1036319
-0.1045655
-0.1030361
-0.1017798
-0.1033106
-0.1072281
-0.1094503
-0.1052536
-0.0944084
-0.0831299
-0.0794622
-0.0858135
-0.0964949
-0.1033218
-0.1035854
-0.1021214
-0.1054800
-0.1143188
-0.1219298
-0.1207271
-0.1103206
-0.0986922
-0.0948904
-0.1007109
-0.1098396
-0.1146622
-0.1131011
-0.1089414
-0.1066313
-0.1066693
-0.1059687
-0.1019850
-0.0957571
-0.0906873
-0.0888420
-0.0891206
-0.0889323
-0.0869074
-0.0838513
-0.0818537
-0.0827657
-0.0866167
-0.0907707
-0.0913889
-0.0869912
-0.0806420
-0.0775767
-0.0799901
-0.0845546
-0.0858971
-0.0827461
-0.0798520
-0.0827349
-0.0905620
-0.0957137
-0.0916399
-0.0805111
-0.0716073
-0.0719904
-0.0798874
-0.0875437
-0.0894059
-0.0866530
-0.0844564
-0.0861142
-0.0901644
-0.0924241
-0.0900084
-0.0834319
-0.0757759
-0.0705933
-0.0700080
-0.0733662
-0.0773540
-0.0787032
-0.0776993
-0.0781210
-0.0825006
-0.0880335
-0.0889254
-0.0833115
-0.0765270
-0.0760479
-0.0831527
-0.0908169
-0.0909216
-0.0832004
-0.0756472
-0.0754846
-0.0809365
-0.0831814
-0.0757139
-0.0604212
-0.0454389
-0.0396537
-0.0489129
-0.0723154
-0.0966858
-0.0950136
-0.0365512
0.0951038
0.2915308
0.5266660
0.7713996
0.9952552
1.1524642
1.1776207
1.0159769
0.6749493
0.2470980
-0.1304796
-0.3561226
-0.4172130
-0.3752418
-0.3044294
-0.2431210
-0.1928878
-0.1478150
-0.1134305
-0.0988181
-0.1010679
-0.1061612
-0.1046260
-0.1004902
-0.1025005
-0.1103276
-0.1137141
-0.1048005
-0.0878658
-0.0752071
-0.0744934
-0.0815027
-0.0851771
-0.0789345
-0.0666195
-0.0578019
-0.0579946
-0.0636086
-0.0657633
-0.0585372
-0.0441776
-0.0312036
-0.0271672
-0.0321597
-0.0389403
-0.0397218
-0.0328822
-0.0229394
-0.0146339
-0.0080483
0.0004945
0.0137198
0.0301768
0.0455314
0.0568858
0.0657774
0.0766656
0.0923825
0.1115237
0.1305809
0.1481209
0.1663262
0.1886200
0.2161081
0.2462009
0.2746987
0.2996935
0.3234505
0.3495785
0.3777320
0.4016348
0.4131992
0.4088757
0.3919721
0.3689083
0.3432018
0.3129452
0.2743030
0.2275702
0.1790689
0.1361894
0.1009326
0.0695387
0.0385844
0.0101639
-0.0098555
-0.0183318
-0.0189786
-0.0198780
-0.0267848
-0.0386547
-0.0496885
-0.0555577
-0.0570601
-0.0576609
-0.0585938
-0.0574459
-0.0512497
-0.0400937
-0.0276552
-0.0185679
-0.0149857
-0.0151809
-0.0155692
-0.0143512
-0.0129644
-0.0139108
-0.0177228
-0.0223301
-0.0248382
-0.0236134
-0.0193270
-0.0146702
-0.0127694
-0.0151645
-0.0209202
-0.0274758
-0.0323945
-0.0349973
-0.0369665
-0.0407894
-0.0465599
-0.0507100
-0.0494446
-0.0437501
-0.0395546
-0.0418590
-0.0493346
-0.0558288
-0.0573449
-0.0567799
-0.0608752
-0.0721401
-0.0845587
-0.0886719
-0.0811942
-0.0683695
-0.0591824
-0.0565735
-0.0565668
-0.0548112
-0.0516809
-0.0506489
-0.0534097
-0.0578394
-0.0602933
-0.0589745
-0.0549316
-0.0505652
-0.0481244
-0.0494801
-0.0555291
-0.0642255
-0.0702805
-0.0695119
-0.0641131
-0.0613496
-0.0653672
-0.0715822
-0.0713103
-0.0619889
-0.0511602
-0.0492237
-0.0585891
-0.0710981
-0.0768558
-0.0748757
-0.0733227
-0.0789076
-0.0881793
-0.0913816
-0.0840476
-0.0722892
-0.0661122
-0.0692658
-0.0767137
-0.0810718
-0.0801681
-0.0781120
-0.0796863
-0.0846260
-0.0879485
-0.0853849
-0.0773614
-0.0676742
-0.0597659
-0.0550296
-0.0533799
-0.0539297
-0.0553768
-0.0567817
-0.0580888
-0.0595815
-0.0610994
-0.0620105
-0.0615955
-0.0594884
-0.0564111
-0.0543723
-0.0550027
-0.0573749
-0.0586743
-0.0578308
-0.0575832
-0.0616159
-0.0694438
-0.0750069
-0.0716183
-0.0592164
-0.0461028
-0.0416193
-0.0465873
-0.0529481
-0.0538911
-0.0515649
-0.0518784
-0.0543266
-0.0530620
-0.0488979
-0.0525870
-0.0676910
-0.0704679
-0.0160108
0.1266681
0.3448203
0.5914107
0.8233927
1.0210034
1.1624452
1.1908289
1.0331137
0.6730234
0.2041623
-0.2070348
-0.4292252
-0.4489961
-0.3563125
-0.2566635
-0.1975198
-0.1663475
-0.1377692
-0.1080455
-0.0882312
-0.0812838
-0.0780298
-0.0719685
-0.0673966
-0.0701359
-0.0769106
-0.0790853
-0.0742217
-0.0688538
-0.0693808
-0.0735380
-0.0729496
-0.0631855
-0.0493076
-0.0406458
-0.0410638
-0.0458524
-0.0479745
-0.0453578
-0.0411563
-0.0385632
-0.0370872
-0.0333073
-0.0241699
-0.0101786
0.0038994
0.0126588
0.0156916
0.0186914
0.0273860
0.0408411
0.0523725
0.0573695
0.0592729
0.0670944
0.0866773
0.1143406
0.1399314
0.1569833
0.1690612
0.1847115
0.2070910
0.2311297
0.2511186
0.2683668
0.2896522
0.3191946
0.3532607
0.3820485
0.3963842
0.3935388
0.3776185
0.3547327
0.3280949
0.2975418
0.2622898
0.2231064
0.1828335
0.1458798
0.1159118
0.0923392
0.0699597
0.0439859
0.0151920
-0.0112079
-0.0312018
-0.0450334
-0.0551262
-0.0627876
-0.0675840
-0.0693001
-0.0697799
-0.0719189
-0.0760976
-0.0787213
-0.0765090
-0.0720286
-0.0721308
-0.0797540
-0.0895417
-0.0933281
-0.0887000
-0.0807602
-0.0763644
-0.0777546
-0.0813494
-0.0821334
-0.0793550
-0.0774045
-0.0801234
-0.0849427
-0.0844802
-0.0742318
-0.0576825
-0.0438784
-0.0404093
-0.0474923
-0.0575430
-0.0617788
-0.0590243
-0.0568593
-0.0620897
-0.0714681
-0.0748613
-0.0674114
-0.0557027
-0.0508381
-0.0568662
-0.0671573
-0.0721049
-0.0698890
-0.0683653
-0.0750480
-0.0866761
-0.0921483
-0.0861151
-0.0757992
-0.0722875
-0.0780267
-0.0858085
-0.0884000
-0.0861391
-0.0850159
-0.0889180
-0.0945046
-0.0942505
-0.0850709
-0.0726832
-0.0655770
-0.0657293
-0.0680107
-0.0682241
-0.0683558
-0.0730575
-0.0832125
-0.0937915
-0.0969928
-0.0883518
-0.0718802
-0.0584168
-0.0562867
-0.0636398
-0.0717601
-0.0750360
-0.0753619
-0.0773868
-0.0819262
-0.0844254
-0.0792168
-0.0661959
-0.0534768
-0.0508284
-0.0591779
-0.0694142
-0.0733307
-0.0726243
-0.0744809
-0.0811578
-0.0875032
-0.0875657
-0.0810297
-0.0735710
-0.0718443
-0.0770729
-0.0835261
-0.0851735
-0.0832199
-0.0839633
-0.0896512
-0.0954408
-0.0956721
-0.0892764
-0.0788245
-0.0685131
-0.0634858
-0.0664385
-0.0734525
-0.0768326
-0.0732715
-0.0663328
-0.0606114
-0.0568504
-0.0538271
-0.0527291
-0.0578343
-0.0703684
-0.0773028
-0.0471393
0.0533964
0.2314169
0.4611396
0.7088563
0.9539425
1.1715581
1.3003055
1.2515390
0.9737530
0.5171158
0.0304457
-0.3213428
-0.4592776
-0.4273335
-0.3338269
-0.2574802
-0.2086677
-0.1655827
-0.1218211
-0.0902715
-0.0790639
-0.0815823
-0.0863089
-0.0866821
-0.0835555
-0.0829024
-0.0880014
-0.0929026
-0.0896655
-0.0810822
-0.0768038
-0.0782851
-0.0797219
-0.0819826
-0.0899705
-0.0975423
-0.0941139
-0.0859557
-0.0881175
-0.0937978
-0.0799547
-0.0503350
-0.0412712
-0.0690289
