-0.0990752
-0.1139056
-0.0800544
-0.0686095
-0.0938204
-0.1083723
-0.0944680
-0.0830280
-0.0896640
-0.0959679
-0.0945476
-0.0998195
-0.1119964
-0.1143696
-0.1080328
-0.1115919
-0.1257141
-0.1310982
-0.1217601
-0.1117204
-0.1098674
-0.1129414
-0.1199902
-0.1310750
-0.1365834
-0.1291442
-0.1205487
-0.1271004
-0.1442947
-0.1543009
-0.1519404
-0.1460009
-0.1412807
-0.1355939
-0.1294450
-0.1251892
-0.1211991
-0.1162688
-0.1131897
-0.1114369
-0.1067552
-0.1047964
-0.1215193
-0.1590140
-0.1911625
-0.1834469
-0.1189438
0.0024241
0.1805173
0.4208767
0.7261822
1.0798757
1.4262002
1.6667144
1.6989640
1.4817847
1.0713933
0.5958448
0.1909894
-0.0596198
-0.1531916
-0.1512077
-0.1264436
-0.1149647
-0.1130330
-0.1082561
-0.1006985
-0.0972327
-0.1002794
-0.1068496
-0.1121917
-0.1130223
-0.1113735
-0.1133880
-0.1200177
-0.1229621
-0.1154302
-0.1025575
-0.0948862
-0.0955475
-0.0999290
-0.1038570
-0.1058667
-0.1049761
-0.1021844
-0.1016809
-0.1062199
-0.1135946
-0.1199025
-0.1226631
-0.1196168
-0.1099974
-0.0986286
-0.0925513
-0.0914424
-0.0875262
-0.0770268
-0.0651829
-0.0573342
-0.0513337
-0.0420521
-0.0283606
-0.0126674
0.0026902
0.0166086
0.0297194
0.0444091
0.0619250
0.0804184
0.0984112
0.1176500
0.1391402
0.1602063
0.1805431
0.2070223
0.2450573
0.2869555
0.3160055
0.3224815
0.3109734
0.2923572
0.2726132
0.2491490
0.2150977
0.1679240
0.1155528
0.0721114
0.0459437
0.0337317
0.0265058
0.0174012
0.0031314
-0.0161078
-0.0352962
-0.0479887
-0.0542909
-0.0616308
-0.0748085
-0.0887496
-0.0938213
-0.0858214
-0.0692668
-0.0536145
-0.0471782
-0.0515504
-0.0605508
-0.0664991
-0.0674985
-0.0668298
-0.0670260
-0.0679089
-0.0688018
-0.0686781
-0.0655042
-0.0596396
-0.0566145
-0.0618755
-0.0731298
-0.0819993
-0.0834674
-0.0807466
-0.0808827
-0.0875561
-0.0974151
-0.1020538
-0.0954198
-0.0809636
-0.0694065
-0.0678989
-0.0737381
-0.0798051
-0.0825152
-0.0823883
-0.0807205
-0.0790781
-0.0795058
-0.0819932
-0.0831100
-0.0793749
-0.0712129
-0.0628725
-0.0595461
-0.0639443
-0.0732101
-0.0797966
-0.0787089
-0.0738498
-0.0739713
-0.0823683
-0.0938013
-0.1014392
-0.1033195
-0.1018893
-0.1008791
-0.1034427
-0.1103381
-0.1187139
-0.1243974
-0.1259783
-0.1258966
-0.1281225
-0.1351845
-0.1454187
-0.1521487
-0.1487449
-0.1370631
-0.1282698
-0.1319859
-0.1457859
-0.1575295
-0.1565639
-0.1413071
-0.1188753
-0.1002318
-0.0933780
-0.0972907
-0.1024017
-0.0991704
-0.0867780
-0.0732600
-0.0676000
-0.0712275
-0.0761243
-0.0724313
-0.0602472
-0.0529787
-0.0658496
-0.1006595
-0.1429080
-0.1711356
-0.1653350
-0.1096197
0.0047925
0.1767703
0.4009313
0.6775131
1.0061908
1.3564311
1.6421594
1.7420962
1.5722462
1.1599968
0.6492908
0.2171655
-0.0350157
-0.1237501
-0.1318471
-0.1262353
-0.1237753
-0.1163628
-0.1049705
-0.1021964
-0.1132372
-0.1275876
-0.1316339
-0.1238241
-0.1136215
-0.1080285
-0.1047201
-0.0998007
-0.0965695
-0.1007803
-0.1097187
-0.1134123
-0.1080895
-0.1024060
-0.1067614
-0.1200721
-0.1310090
-0.1308259
-0.1220326
-0.1147820
-0.1165554
-0.1256224
-0.1338200
-0.1349245
-0.1293644
-0.1210905
-0.1124335
-0.1035822
-0.0946436
-0.0853231
-0.0739303
-0.0596186
-0.0447836
-0.0323281
-0.0207546
-0.0046625
0.0191083
0.0470623
0.0712245
0.0858425
0.0930955
0.1024621
0.1226192
0.1529897
0.1848062
0.2110860
0.2333025
0.2571008
0.2839610
0.3091882
0.3263672
0.3313857
0.3228818
0.3012896
0.2687368
0.2297259
0.1906551
0.1561865
0.1246864
0.0894500
0.0473384
0.0049640
-0.0271952
-0.0465559
-0.0607518
-0.0776224
-0.0962203
-0.1093435
-0.1125002
-0.1080937
-0.1017923
-0.0970549
-0.0939839
-0.0923439
-0.0932725
-0.0964713
-0.0977133
-0.0931239
-0.0861036
-0.0852355
-0.0926352
-0.0983524
-0.0911992
-0.0738008
-0.0619964
-0.0679678
-0.0866847
-0.1009151
-0.0987885
-0.0850849
-0.0751186
-0.0786821
-0.0916046
-0.1029396
-0.1073813
-0.1081701
-0.1102283
-0.1149692
-0.1216023
-0.1287506
-0.1330492
-0.1302104
-0.1210239
-0.1143627
-0.1199937
-0.1369619
-0.1509406
-0.1459209
-0.1203812
-0.0912910
-0.0794898
-0.0897439
-0.1068269
-0.1123875
-0.1034548
-0.0923247
-0.0907851
-0.0985668
-0.1069366
-0.1094099
-0.1067007
-0.1030642
-0.1007187
-0.0989754
-0.0977267
-0.0991814
-0.1044110
-0.1099341
-0.1112955
-0.1102080
-0.1142217
-0.1270537
-0.1419142
-0.1476620
-0.1409305
-0.1297437
-0.1249050
-0.1292887
-0.1362693
-0.1381465
-0.1350876
-0.1345980
-0.1419998
-0.1531262
-0.1578863
-0.1499579
-0.1314983
-0.1099489
-0.0929923
-0.0856611
-0.0882797
-0.0955157
-0.0997268
-0.0975555
-0.0931129
-0.0937883
-0.1026796
-0.1150160
-0.1220492
-0.1191116
-0.1101681
-0.1038562
-0.1050720
-0.1114889
-0.1179564
-0.1219379
-0.1239782
-0.1257258
-0.1297280
-0.1390089
-0.1533395
-0.1659903
-0.1672904
-0.1536436
-0.1329485
-0.1197392
-0.1232050
-0.1388669
-0.1526288
-0.1541612
-0.1459063
-0.1380475
-0.1360017
-0.1351971
-0.1275332
-0.1101736
-0.0880617
-0.0712325
-0.0704822
-0.0905583
-0.1213909
-0.1355691
-0.1004282
0.0008222
0.1591295
0.3556356
0.5901860
0.8849555
1.2427328
1.5934561
1.7955558
1.7182195
1.3457861
0.8084503
0.3036742
-0.0274892
-0.1675861
-0.1909038
-0.1801462
-0.1715614
-0.1618244
-0.1442238
-0.1261014
-0.1178249
-0.1195241
-0.1246578
-0.1305772
-0.1392298
-0.1497038
-0.1561814
-0.1545747
-0.1476847
-0.1414979
-0.1377408
-0.1324247
-0.1222289
-0.1106992
-0.1060910
-0.1127242
-0.1260223
-0.1371025
-0.1411400
-0.1401845
-0.1391918
-0.1411440
-0.1451500
-0.1471350
-0.1426163
-0.1308531
-0.1165685
-0.1059671
-0.1005121
-0.0957191
-0.0865451
-0.0731296
-0.0605404
-0.0528258
-0.0474467
-0.0362346
-0.0131015
0.0188519
0.0490399
0.0690806
0.0804339
0.0921919
0.1119463
0.1388482
0.1646912
0.1818555
0.1915807
0.2045746
0.2314975
0.2714313
0.3104713
0.3326500
0.3321040
0.3149000
0.2908062
0.2646266
0.2347283
0.1980988
0.1555887
0.1121163
0.0727087
0.0395734
0.0127282
-0.0086748
-0.0267422
-0.0444747
-0.0626192
-0.0777786
-0.0862025
-0.0894175
-0.0935544
-0.1019595
-0.1101296
-0.1099208
-0.0990052
-0.0850856
-0.0794470
-0.0857476
-0.0960306
-0.0992143
-0.0933309
-0.0876444
-0.0921340
-0.1064370
-0.1201771
-0.1231064
-0.1139552
-0.1003535
-0.0914633
-0.0904559
-0.0931262
-0.0933264
-0.0894987
-0.0857300
-0.0870297
-0.0944259
-0.1041868
-0.1105418
-0.1094049
-0.1012866
-0.0914819
-0.0864607
-0.0889677
-0.0963707
-0.1035458
-0.1070445
-0.1068671
-0.1050327
-0.1027302
-0.0989868
-0.0926355
-0.0854091
-0.0815470
-0.0833603
-0.0883379
-0.0920737
-0.0934445
-0.0955028
-0.1015371
-0.1115350
-0.1224989
-0.1310160
-0.1350552
-0.1340738
-0.1285216
-0.1200151
-0.1118661
-0.1080359
-0.1100710
-0.1153597
-0.1198806
-0.1227035
-0.1261860
-0.1313667
-0.1350968
-0.1333695
-0.1268856
-0.1217783
-0.1240569
-0.1332440
-0.1418456
-0.1421320
-0.1343038
-0.1272943
-0.1300701
-0.1419983
-0.1529052
-0.1530813
-0.1426577
-0.1309488
-0.1271345
-0.1319658
-0.1385426
-0.1408570
-0.1403953
-0.1427880
-0.1483755
-0.1493472
-0.1392122
-0.1243323
-0.1222318
-0.1449416
-0.1826589
-0.2046975
-0.1790820
-0.0938066
0.0409726
0.2135011
0.4326152
0.7231010
1.0886987
1.4722173
1.7546263
1.8087769
1.5778430
1.1217471
0.5923370
0.1505654
-0.1154993
-0.2154594
-0.2172851
-0.1870770
-0.1565855
-0.1306098
-0.1096421
-0.0995930
-0.1044879
-0.1187955
-0.1324367
-0.1420390
-0.1527150
-0.1675558
-0.1795540
-0.1782212
-0.1632348
-0.1471006
-0.1423720
-0.1484757
-0.1536971
-0.1496475
-0.1411854
-0.1404406
-0.1519567
-0.1661851
-0.1690576
-0.1567994
-0.1392630
-0.1288646
-0.1284893
-0.1310437
-0.1287623
-0.1209045
-0.1129965
-0.1104109
-0.1130931
-0.1156272
-0.1119042
-0.0999982
-0.0830071
-0.0656505
-0.0502943
-0.0358695
-0.0200014
-0.0020521
0.0159274
0.0317839
0.0469888
0.0665466
0.0937528
0.1254657
0.1542665
0.1758452
0.1933003
0.2134882
0.2393956
0.2662389
0.2848088
0.2887704
0.2791505
0.2618243
0.2407352
0.2142062
0.1783242
0.1333356
0.0857185
0.0435868
0.0101722
-0.0179740
-0.0459453
-0.0735072
-0.0941142
-0.1021827
-0.1007722
-0.0996834
-0.1049454
-0.1121386
-0.1123088
-0.1038384
-0.0958564
-0.0985219
-0.1110461
-0.1214453
-0.1191104
-0.1065434
-0.0968118
-0.0992195
-0.1095500
-0.1159733
-0.1130088
-0.1067831
-0.1062304
-0.1118505
-0.1154885
-0.1107464
-0.1014445
-0.0981625
-0.1064293
-0.1198869
-0.1269080
-0.1238521
-0.1194147
-0.1240377
-0.1363711
-0.1434275
-0.1354466
-0.1185244
-0.1092956
-0.1160743
-0.1278320
-0.1260827
-0.1090833
-0.0999867
-0.1240607
-0.1748124
-0.2062339
-0.1642979
-0.0284785
0.1787442
0.4227516
0.6916326
0.9924369
1.3083640
1.5643344
1.6494247
1.4913340
1.1213062
0.6680559
0.2806812
0.0434076
-0.0522939
-0.0687671
-0.0630345
-0.0585067
-0.0567810
-0.0596843
-0.0730704
-0.0953208
-0.1135823
-0.1170220
-0.1104923
-0.1096998
-0.1228845
-0.1416825
-0.1521462
-0.1517286
-0.1514117
-0.1610562
-0.1762914
-0.1828691
-0.1732508
-0.1557383
-0.1455975
-0.1489832
-0.1581524
-0.1618984
-0.1574319
-0.1505284
-0.1463665
-0.1432981
-0.1358190
-0.1216039
-0.1042920
-0.0897938
-0.0807491
-0.0747153
-0.0671271
-0.0554084
-0.0404840
-0.0253525
-0.0126572
-0.0027122
0.0070968
0.0204297
0.0383108
0.0574778
0.0736536
0.0866447
0.1007960
0.1194251
0.1397834
0.1554866
0.1648048
0.1752334
0.1971350
0.2310979
0.2627805
0.2733687
0.2567338
0.2249516
0.1953148
0.1728464
0.1477993
0.1104220
0.0654743
0.0295503
0.0140257
0.0126966
0.0079829
-0.0110572
-0.0386088
-0.0602581
-0.0690419
-0.0710846
-0.0760540
-0.0852920
-0.0913965
-0.0883202
-0.0794743
-0.0748971
-0.0810229
-0.0941189
-0.1043173
-0.1061028
-0.1041261
-0.1077907
-0.1201031
-0.1329752
-0.1347608
-0.1227445
-0.1074045
-0.1030655
-0.1137323
-0.1290141
-0.1353456
-0.1308405
-0.1269003
-0.1340737
-0.1482267
-0.1534206
-0.1387883
-0.1106995
-0.0871132
-0.0807351
-0.0887566
-0.0985324
-0.1014212
-0.0998017
-0.1013477
-0.1087055
-0.1162564
-0.1162929
-0.1068820
-0.0936476
-0.0850331
-0.0859105
-0.0942617
-0.1030016
-0.1057965
-0.1024061
-0.0985031
-0.0996546
-0.1053934
-0.1098020
-0.1083553
-0.1038110
-0.1042971
-0.1147295
-0.1304983
-0.1411157
-0.1410072
-0.1358891
-0.1370960
-0.1494398
-0.1655407
-0.1724946
-0.1636872
-0.1440200
-0.1245153
-0.1128619
-0.1091437
-0.1092269
-0.1102145
-0.1117946
-0.1137908
-0.1147595
-0.1135017
-0.1103626
-0.1060854
-0.1006732
-0.0948347
-0.0915103
-0.0933066
-0.0975005
-0.0958356
-0.0825755
-0.0639735
-0.0577657
-0.0796055
-0.1271207
-0.1765244
-0.1955559
-0.1610742
-0.0661523
0.0870171
0.2983482
0.5717978
0.9024870
1.2560550
1.5576390
1.7083190
1.6309148
1.3208387
0.8637801
0.3995521
0.0515912
-0.1300552
-0.1750908
-0.1524968
-0.1208954
-0.1051498
-0.1040224
-0.1084960
-0.1120808
-0.1119040
-0.1083129
-0.1051417
-0.1070654
-0.1145043
-0.1224009
-0.1258241
-0.1262059
-0.1299312
-0.1399334
-0.1502465
-0.1511228
-0.1401429
-0.1268680
-0.1249742
-0.1395825
-0.1626656
-0.1803509
-0.1838737
-0.1741035
-0.1577349
-0.1408535
-0.1258270
-0.1126639
-0.1017578
-0.0944694
-0.0910090
-0.0885402
-0.0825404
-0.0707507
-0.0556612
-0.0425006
-0.0341942
-0.0280408
-0.0175913
0.0015911
0.0275649
0.0532948
0.0724048
0.0839501
0.0922100
0.1025817
0.1176130
0.1360329
0.1549551
0.1733707
0.1938279
0.2199022
0.2508696
0.2789364
0.2931234
0.2872861
0.2647449
0.2347368
0.2040512
0.1722680
0.1353560
0.0934544
0.0539053
0.0256172
0.0105042
0.0012580
-0.0118866
-0.0320110
-0.0528099
-0.0648013
-0.0647065
-0.0593177
-0.0597880
-0.0710319
-0.0862720
-0.0927365
-0.0837332
-0.0654539
-0.0516329
-0.0511676
-0.0607566
-0.0694435
-0.0699454
-0.0649760
-0.0623766
-0.0650242
-0.0670871
-0.0609144
-0.0467708
-0.0344218
-0.0345700
-0.0489999
-0.0693289
-0.0850968
-0.0926206
-0.0960340
-0.1006744
-0.1068119
-0.1101734
-0.1072396
-0.0984626
-0.0867530
-0.0750289
-0.0662289
-0.0635656
-0.0676028
-0.0728498
-0.0707938
-0.0600053
-0.0527101
-0.0662593
-0.1028587
-0.1370669
-0.1271086
-0.0422019
0.1207296
0.3470756
0.6260390
0.9524001
1.2993067
1.5916752
1.7207811
1.6054783
1.2560057
0.7837883
0.3422117
0.0418400
-0.0965188
-0.1237787
-0.1075364
-0.0897713
-0.0818319
-0.0824190
-0.0910548
-0.1068064
-0.1230399
-0.1303730
-0.1256961
-0.1158453
-0.1110093
-0.1152944
-0.1244262
-0.1315264
-0.1334893
-0.1319450
-0.1299472
-0.1289239
-0.1280505
-0.1252766
-0.1189863
-0.1097168
-0.1006693
-0.0956920
-0.0957094
-0.0971170
-0.0946717
-0.0867846
-0.0776917
-0.0734351
-0.0752960
-0.0777944
-0.0738462
-0.0617381
-0.0465053
-0.0346103
-0.0280363
-0.0238128
-0.0183927
-0.0112545
-0.0039514
0.0033939
0.0134666
0.0294519
0.0520627
0.0792032
0.1078153
0.1352343
0.1594763
0.1802017
0.2002485
0.2244420
0.2542090
0.2828185
0.2982113
0.2931638
0.2729687
0.2511730
0.2361527
0.2224757
0.1972066
0.1550312
0.1054908
0.0639173
0.0361289
0.0140722
-0.0131870
-0.0462421
-0.0747710
-0.0892823
-0.0912110
-0.0906207
-0.0955355
-0.1054050
-0.1146906
-0.1204325
-0.1244803
-0.1291289
-0.1329646
-0.1322319
-0.1253706
-0.1148860
-0.1048568
-0.0976817
-0.0935252
-0.0918136
-0.0920515
-0.0933015
-0.0941925
-0.0944582
-0.0959566
-0.1005829
-0.1063128
-0.1064766
-0.0953019
-0.0753964
-0.0585511
-0.0567193
-0.0708604
-0.0892842
-0.0982764
-0.0947465
-0.0879653
-0.0888501
-0.0984910
-0.1079371
-0.1085304
-0.1009879
-0.0940693
-0.0956333
-0.1059105
-0.1184842
-0.1261172
-0.1257100
-0.1196460
-0.1137748
-0.1131309
-0.1176312
-0.1215420
-0.1186142
-0.1088802
-0.0997521
-0.0991701
-0.1076771
-0.1182952
-0.1243477
-0.1260055
-0.1280721
-0.1323738
-0.1344928
-0.1287300
-0.1150397
-0.0998996
-0.0908031
-0.0907950
-0.0977666
-0.1072056
-0.1148704
-0.1183269
-0.1180043
-0.1170366
-0.1185393
-0.1219938
-0.1231361
-0.1187692
-0.1114598
-0.1077542
-0.1107300
-0.1153610
-0.1130984
-0.1015104
-0.0881714
-0.0837684
-0.0913382
-0.1029382
-0.1070484
-0.0989464
-0.0841471
-0.0728381
-0.0716009
-0.0794969
-0.0902244
-0.0973000
-0.0984854
-0.0971246
-0.0995478
-0.1097179
-0.1249226
-0.1367395
-0.1374612
-0.1266177
-0.1113645
-0.1002086
-0.0961901
-0.0960109
-0.0952420
-0.0935597
-0.0944270
-0.0999155
-0.1066686
-0.1079561
-0.1004183
-0.0887083
-0.0824255
-0.0871808
-0.0984207
-0.1051020
-0.1004978
-0.0890830
-0.0816372
-0.0833828
-0.0882963
-0.0863084
-0.0753685
-0.0643812
-0.0633898
-0.0722624
-0.0809068
-0.0805800
-0.0732569
-0.0689186
-0.0747134
-0.0882121
-0.1008465
-0.1060991
-0.1036990
-0.0975942
-0.0920378
-0.0896459
-0.0910740
-0.0947778
-0.0975535
-0.0971013
-0.0947972
-0.0948387
-0.0993121
-0.1043480
-0.1027537
-0.0915467
-0.0763549
-0.0670406
-0.0683510
-0.0753208
-0.0785039
-0.0737298
-0.0662340
-0.0648938
-0.0725934
-0.0826813
-0.0851958
-0.0767009
-0.0641206
-0.0588763
-0.0667196
-0.0824391
-0.0942075
-0.0939249
-0.0845025
-0.0772413
-0.0810868
-0.0934963
-0.1020727
-0.0962808
-0.0783273
-0.0622358
-0.0613064
-0.0758015
-0.0928632
-0.0986981
-0.0909338
-0.0792703
-0.0747717
-0.0793785
-0.0858270
-0.0865506
-0.0813149
-0.0761054
-0.0757519
-0.0787729
-0.0795036
-0.0745832
-0.0668856
-0.0632234
-0.0683573
-0.0807821
-0.0936176
-0.0996944
-0.0969858
-0.0901395
-0.0863004
-0.0882242
-0.0913649
-0.0889865
-0.0807243
-0.0744891
-0.0776114
-0.0861351
-0.0859555
-0.0678991
-0.0418811
-0.0327039
-0.0575119
-0.1051759
-0.1384715
-0.1184711
-0.0287651
0.1223147
0.3209618
0.5665444
0.8675097
1.2139339
1.5503665
1.7786046
1.8002872
1.5764050
1.1611878
0.6812532
0.2706643
0.0064479
-0.1128198
-0.1388878
-0.1270794
-0.1081740
-0.0907263
-0.0771656
-0.0721409
-0.0785580
-0.0923199
-0.1049724
-0.1112058
-0.1123057
-0.1125092
-0.1135446
-0.1136037
-0.1110598
-0.1078698
-0.1082362
-0.1136385
-0.1199112
-0.1205542
-0.1137857
-0.1058975
-0.1062750
-0.1179990
-0.1334260
-0.1400657
-0.1317928
-0.1144862
-0.1003913
-0.0968987
-0.1008361
-0.1030466
-0.0974590
-0.0856333
-0.0738504
-0.0669814
-0.0646446
-0.0618277
-0.0528282
-0.0356741
-0.0137762
0.0068717
0.0229054
0.0363680
0.0520218
0.0717671
0.0923273
0.1092590
0.1231160
0.1403596
0.1670218
0.2016908
0.2358795
0.2618840
0.2799026
0.2970465
0.3195655
0.3462947
0.3694693
0.3814496
0.3803478
0.3692013
0.3504213
0.3224822
0.2832072
0.2358767
0.1900686
0.1544508
0.1283828
0.1020511
0.0667038
0.0253077
-0.0080307
-0.0207630
-0.0144932
-0.0043049
-0.0050921
-0.0187521
-0.0347615
-0.0421746
-0.0398810
-0.0355165
-0.0361316
-0.0413015
-0.0451093
-0.0434562
-0.0382509
-0.0345024
-0.0344914
-0.0358866
-0.0354286
-0.0333318
-0.0332688
-0.0382209
-0.0469015
-0.0544870
-0.0568799
-0.0544053
-0.0515628
-0.0532211
-0.0607328
-0.0709645
-0.0783587
-0.0783166
-0.0702566
-0.0587066
-0.0507257
-0.0503455
-0.0547124
-0.0566162
-0.0517857
-0.0433237
-0.0380405
-0.0386116
-0.0408224
-0.0396237
-0.0369500
-0.0410201
-0.0563076
-0.0754349
-0.0838454
-0.0739528
-0.0537113
-0.0398555
-0.0427388
-0.0583437
-0.0744152
-0.0827676
-0.0850537
-0.0878761
-0.0942158
-0.1004686
-0.1012107
-0.0957560
-0.0896571
-0.0901310
-0.0999914
-0.1151561
-0.1274525
-0.1307032
-0.1255757
-0.1187942
-0.1166007
-0.1183851
-0.1173622
-0.1082443
-0.0939460
-0.0838084
-0.0847646
-0.0946291
-0.1047623
-0.1094314
-0.1116029
-0.1183302
-0.1306229
-0.1398265
-0.1359499
-0.1195475
-0.1036104
-0.1020678
-0.1161049
-0.1326266
-0.1371395
-0.1281976
-0.1181128
-0.1186187
-0.1269945
-0.1290514
-0.1172471
-0.1038957
-0.1123130
-0.1515298
-0.1990493
-0.2103791
-0.1484538
-0.0059727
0.1998812
0.4524577
0.7501805
1.0893747
1.4290869
1.6777405
1.7286729
1.5274916
1.1195124
0.6351475
0.2195260
-0.0423591
-0.1524471
-0.1684675
-0.1507567
-0.1308105
-0.1147537
-0.1020457
-0.0953924
-0.0972414
-0.1045520
-0.1112221
-0.1149916
-0.1196554
-0.1296229
-0.1433601
-0.1535706
-0.1540425
-0.1456713
-0.1356284
-0.1311882
-0.1343206
-0.1411149
-0.1454443
-0.1435251
-0.1360806
-0.1268982
-0.1194498
-0.1145555
-0.1105390
-0.1050291
-0.0969804
-0.0879115
-0.0812937
-0.0797281
-0.0820189
-0.0835191
-0.0801700
-0.0722132
-0.0633490
-0.0559794
-0.0478180
-0.0342025
-0.0142477
0.0062643
0.0199123
0.0260587
0.0326290
0.0478041
0.0705170
0.0911984
0.1026031
0.1085642
0.1207733
0.1471980
0.1845836
0.2222563
0.2519429
0.2726187
0.2862616
0.2913138
0.2826425
0.2578894
0.2219684
0.1841445
0.1511500
0.1234823
0.0973990
0.0694697
0.0396121
0.0108815
-0.0132887
-0.0320713
-0.0478956
-0.0641173
-0.0817428
-0.0980488
-0.1083567
-0.1098081
-0.1042072
-0.0971992
-0.0940618
-0.0959156
-0.0999210
-0.1027360
-0.1033764
-0.1031557
-0.1037797
-0.1058003
-0.1084658
-0.1106372
-0.1116557
-0.1112151
-0.1088028
-0.1043001
-0.0996026
-0.0986567
-0.1044731
-0.1157733
-0.1271194
-0.1326785
-0.1300065
-0.1207834
-0.1087277
-0.0971215
-0.0879687
-0.0826568
-0.0821966
-0.0859976
-0.0910446
-0.0939183
-0.0943816
-0.0960931
-0.1026252
-0.1126748
-0.1198628
-0.1179625
-0.1068956
-0.0937184
-0.0870530
-0.0897222
-0.0968193
-0.1013305
-0.1012178
-0.1002774
-0.1025541
-0.1073511
-0.1102326
-0.1080140
-0.1019725
-0.0964638
-0.0950486
-0.0980354
-0.1032365
-0.1083585
-0.1123430
-0.1150751
-0.1169211
-0.1185955
-0.1202650
-0.1202158
-0.1155863
-0.1057447
-0.0946384
-0.0885480
-0.0908731
-0.0990937
-0.1067519
-0.1085926
-0.1046355
-0.0999266
-0.0999799
-0.1056482
-0.1120721
-0.1127737
-0.1052197
-0.0931546
-0.0839963
-0.0833157
-0.0905487
-0.0995581
-0.1038881
-0.1020215
-0.0978141
-0.0962880
-0.0992280
-0.1041091
-0.1064881
-0.1040169
-0.0992963
-0.0984879
-0.1055009
-0.1169591
-0.1241522
-0.1212599
-0.1115459
-0.1044920
-0.1062636
-0.1131579
-0.1149345
-0.1049313
-0.0871232
-0.0739053
-0.0775942
-0.1022836
-0.1386770
-0.1625246
-0.1411104
-0.0503466
0.1091386
0.3168466
0.5589912
0.8455079
1.1851193
1.5321096
1.7655343
1.7470383
1.4267194
0.9039932
0.3772606
0.0164590
-0.1341355
-0.1470608
-0.1233030
-0.1154007
-0.1201267
-0.1192907
-0.1111554
-0.1067896
-0.1118815
-0.1217083
-0.1305593
-0.1383524
-0.1463539
-0.1515190
-0.1494706
-0.1415586
-0.1346296
-0.1328748
-0.1329344
-0.1288294
-0.1196154
-0.1099584
-0.1044788
-0.1039344
-0.1063365
-0.1091905
-0.1102688
-0.1086117
-0.1062755
-0.1075297
-0.1138974
-0.1198873
-0.1161479
-0.0992403
-0.0778061
-0.0661296
-0.0697504
-0.0788894
-0.0784303
-0.0640257
-0.0461084
-0.0377719
-0.0408863
-0.0450474
-0.0381801
-0.0164464
0.0148528
0.0471957
0.0746911
0.0959644
0.1129983
0.1293849
0.1486469
0.1721101
0.1975181
0.2207838
0.2400751
0.2574780
0.2755357
0.2923792
0.3011313
0.2943338
0.2693040
0.2304082
0.1867498
0.1462742
0.1103688
0.0743058
0.0341125
-0.0069902
-0.0399940
-0.0583538
-0.0644196
-0.0673155
-0.0745111
-0.0857228
-0.0952519
-0.0997975
-0.1026652
-0.1095941
-0.1215871
-0.1333743
-0.1385606
-0.1349226
-0.1251238
-0.1142494
-0.1069491
-0.1048970
-0.1056053
-0.1046429
-0.1002529
-0.0954442
-0.0946953
-0.0988223
-0.1039304
-0.1055895
-0.1033180
-0.1001791
-0.0982847
-0.0963733
-0.0929901
-0.0904862
-0.0928507
-0.0993367
-0.1036060
-0.1014483
-0.0970405
-0.0980517
-0.1049797
-0.1089868
-0.1021875
-0.0883217
-0.0806054
-0.0883012
-0.1065201
-0.1204838
-0.1197757
-0.1073240
-0.0943066
-0.0884023
-0.0892460
-0.0942248
-0.1045240
-0.1222488
-0.1415908
-0.1445121
-0.1066685
-0.0088804
0.1558973
0.3846967
0.6681004
0.9829971
1.2764076
1.4630129
1.4574195
1.2295793
0.8395716
0.4153815
0.0835245
-0.0963089
-0.1455686
-0.1283015
-0.1000090
-0.0843513
-0.0824469
-0.0899757
-0.1025164
-0.1133592
-0.1161999
-0.1119940
-0.1093238
-0.1157135
-0.1296982
-0.1424873
-0.1467016
-0.1427534
-0.1372132
-0.1359155
-0.1389810
-0.1419059
-0.1403385
-0.1334592
-0.1239958
-0.1162574
-0.1133801
-0.1146611
-0.1155261
-0.1116866
-0.1037634
-0.0966375
-0.0938025
-0.0932815
-0.0895429
-0.0789244
-0.0632089
-0.0484078
-0.0394957
-0.0352066
-0.0283745
-0.0130054
0.0085893
0.0269606
0.0348537
0.0352843
0.0397841
0.0580331
0.0886982
0.1206713
0.1440240
0.1596077
0.1770430
0.2037660
0.2377795
0.2709756
0.2967085
0.3126006
0.3185093
0.3151555
0.3046617
0.2897352
0.2708383
0.2450057
0.2088528
0.1633614
0.1153089
0.0729436
0.0396811
0.0127065
-0.0117511
-0.0330542
-0.0475134
-0.0542328
-0.0575523
-0.0634087
-0.0743273
-0.0875833
-0.0969183
-0.0969098
-0.0884319
-0.0805811
-0.0846834
-0.1037607
-0.1278050
-0.1410561
-0.1355059
-0.1179847
-0.1037267
-0.1023016
-0.1098520
-0.1153440
-0.1130910
-0.1070494
-0.1035148
-0.1033246
-0.1030279
-0.1007767
-0.0976312
-0.0939793
-0.0881212
-0.0794387
-0.0709744
-0.0670538
-0.0684629
-0.0711816
-0.0708494
-0.0681839
-0.0683940
-0.0742907
-0.0814298
-0.0821584
-0.0742122
-0.0635749
-0.0588491
-0.0641480
-0.0769257
-0.0905081
-0.0986081
-0.0999438
-0.0998678
-0.1058586
-0.1194359
-0.1326603
-0.1341378
-0.1197951
-0.0981270
-0.0839428
-0.0854546
-0.0972836
-0.1072359
-0.1096684
-0.1099276
-0.1150885
-0.1234819
-0.1262432
-0.1178791
-0.1023048
-0.0883685
-0.0816346
-0.0811626
-0.0825583
-0.0825189
-0.0805187
-0.0776922
-0.0759845
-0.0784819
-0.0878178
-0.1015828
-0.1107438
-0.1067940
-0.0919245
-0.0794464
-0.0817261
-0.0981837
-0.1161740
-0.1231660
-0.1176569
-0.1091069
-0.1080486
-0.1160431
-0.1248624
-0.1250785
-0.1147194
-0.0996773
-0.0875483
-0.0823063
-0.0831430
-0.0857689
-0.0849922
-0.0785046
-0.0697065
-0.0666796
-0.0773351
-0.1029032
-0.1323727
-0.1424598
-0.1073463
-0.0133362
0.1360591
0.3322594
0.5773664
0.8796912
1.2235001
1.5393348
1.7132426
1.6463815
1.3279520
0.8596693
0.4021746
0.0809770
-0.0739629
-0.1141036
-0.1103413
-0.1028229
-0.0959210
-0.0838723
-0.0714585
-0.0709249
-0.0860071
-0.1055893
-0.1145970
-0.1083869
-0.0947026
-0.0840026
-0.0808657
-0.0833646
-0.0867854
-0.0870766
-0.0833583
-0.0787652
-0.0779047
-0.0823792
-0.0887346
-0.0909353
-0.0853811
-0.0746451
-0.0662816
-0.0661381
-0.0719869
-0.0753698
-0.0708411
-0.0618667
-0.0562511
-0.0570122
-0.0592036
-0.0549308
-0.0406230
-0.0204783
-0.0036551
0.0032834
0.0026999
0.0043773
0.0167414
0.0392687
0.0632290
0.0796529
0.0876489
0.0960714
0.1158436
0.1486137
0.1836455
0.2081634
0.2205338
0.2311115
0.2503347
0.2783613
0.3064758
0.3259473
0.3341835
0.3337891
0.3273555
0.3136439
0.2890271
0.2524737
0.2081364
0.1628417
0.1222359
0.0892663
0.0637661
0.0420301
0.0190301
-0.0065052
-0.0300265
-0.0457884
-0.0528929
-0.0557503
-0.0594970
-0.0657633
-0.0717950
-0.0729652
-0.0673884
-0.0587104
-0.0529291
-0.0517312
-0.0504081
-0.0433130
-0.0304757
-0.0182949
-0.0142371
-0.0203563
-0.0307580
-0.0360475
-0.0320911
-0.0242239
-0.0213862
-0.0267285
-0.0355517
-0.0412844
-0.0409500
-0.0355472
-0.0283998
-0.0239440
-0.0257638
-0.0341120
-0.0455440
-0.0552963
-0.0605654
-0.0628681
-0.0672926
-0.0771653
-0.0885240
-0.0926060
-0.0860762
-0.0767499
-0.0761216
-0.0866341
-0.0985833
-0.1001334
-0.0897789
-0.0786981
-0.0798945
-0.0937140
-0.1053660
-0.0999221
-0.0797782
-0.0636080
-0.0665101
-0.0839966
-0.0976722
-0.0949619
-0.0812349
-0.0731290
-0.0811256
-0.0988005
-0.1094510
-0.1033926
-0.0873221
-0.0759502
-0.0770233
-0.0869494
-0.0984149
-0.1075666
-0.1138871
-0.1173715
-0.1178519
-0.1154990
-0.1108193
-0.1044126
-0.0964067
-0.0860132
-0.0731538
-0.0610977
-0.0551694
-0.0571798
-0.0629550
-0.0670996
-0.0686678
-0.0706718
-0.0755703
-0.0825522
-0.0877855
-0.0866960
-0.0783930
-0.0689731
-0.0677239
-0.0778434
-0.0923056
-0.1004945
-0.0982005
-0.0907171
-0.0873090
-0.0925680
-0.1017473
-0.1051358
-0.0988557
-0.0902997
-0.0902692
-0.1006680
-0.1132074
-0.1197706
-0.1203704
-0.1202930
-0.1224750
-0.1241571
-0.1199043
-0.1076423
-0.0921405
-0.0812731
-0.0779143
-0.0774861
-0.0747842
-0.0704464
-0.0683452
-0.0693117
-0.0707355
-0.0706195
-0.0688339
-0.0654964
-0.0610425
-0.0574958
-0.0575612
-0.0623073
-0.0702051
-0.0778849
-0.0824272
-0.0845866
-0.0886131
-0.0959334
-0.1004216
-0.0948733
-0.0821830
-0.0741607
-0.0767735
-0.0814435
-0.0755225
-0.0599342
-0.0527160
-0.0727223
-0.1175496
-0.1563546
-0.1476297
-0.0688995
0.0705623
0.2482719
0.4574214
0.7114215
1.0155046
1.3317736
1.5721045
1.6333713
1.4589789
1.0853729
0.6330078
0.2408663
-0.0074432
-0.1118140
-0.1275339
-0.1149825
-0.1064397
-0.1047557
-0.1026425
-0.0995105
-0.1008618
-0.1073143
-0.1117758
-0.1086255
-0.1003676
-0.0931727
-0.0903694
-0.0925132
-0.0993302
-0.1083277
-0.1145235
-0.1145798
-0.1099106
-0.1047966
-0.1030292
-0.1058569
-0.1104715
-0.1112294
-0.1055668
-0.0977471
-0.0932877
-0.0911273
-0.0856114
-0.0751400
-0.0642758
-0.0576949
-0.0558163
-0.0556790
-0.0528931
-0.0442297
-0.0316553
-0.0219143
-0.0185581
-0.0163533
-0.0071451
0.0105629
0.0309390
0.0477385
0.0594958
0.0703227
0.0873970
0.1143206
0.1451774
0.1691454
0.1828822
0.1940543
0.2110135
0.2342129
0.2598676
0.2859694
0.3106318
0.3288136
0.3349142
0.3270519
0.3077437
0.2825206
0.2568325
0.2304444
0.1964809
0.1512069
0.1031214
0.0659394
0.0431328
0.0254136
0.0029595
-0.0254316
-0.0540388
-0.0749424
-0.0821200
-0.0768994
-0.0689831
-0.0674874
-0.0720886
-0.0763422
-0.0765631
-0.0735011
-0.0693214
-0.0674197
-0.0708229
-0.0761314
-0.0738304
-0.0596392
-0.0412994
-0.0300295
-0.0298074
-0.0377860
-0.0486099
-0.0547463
-0.0499987
-0.0377055
-0.0294343
-0.0313512
-0.0372364
-0.0375751
-0.0297098
-0.0176728
-0.0087507
-0.0107150
-0.0245961
-0.0399031
-0.0452819
-0.0436110
-0.0476220
-0.0613425
-0.0755538
-0.0809462
-0.0761578
-0.0640220
-0.0498385
-0.0421983
-0.0459952
-0.0557631
-0.0633164
-0.0679433
-0.0716033
-0.0712844
-0.0662191
-0.0651633
-0.0748130
-0.0873738
-0.0905756
-0.0836284
-0.0738780
-0.0658034
-0.0621983
-0.0662427
-0.0733435
-0.0720742
-0.0618025
-0.0565514
-0.0630484
-0.0697333
-0.0662618
-0.0579990
-0.0528105
-0.0507361
-0.0541548
-0.0684412
-0.0851151
-0.0860585
-0.0719300
-0.0634863
-0.0687694
-0.0745135
-0.0744500
-0.0765999
-0.0786502
-0.0694471
-0.0577417
-0.0615680
-0.0689423
-0.0561116
-0.0444142
-0.0770266
-0.1304987
-0.1243926
-0.0465041
0.0085617
-0.0280397
