-0.1027801
-0.0864295
-0.0825528
-0.0762222
-0.0686594
-0.0692901
-0.0708861
-0.0570744
-0.0311259
-0.0158762
-0.0232999
-0.0398546
-0.0443173
-0.0285057
0.0001869
0.0253834
0.0293128
0.0042960
-0.0382660
-0.0729684
-0.0736298
-0.0200457
0.1003523
0.2873499
0.5258013
0.7950262
1.0765463
1.3426635
1.5377936
1.5838232
1.4189917
1.0451867
0.5477992
0.0672099
-0.2693222
-0.4132440
-0.4079023
-0.3400489
-0.2754402
-0.2319992
-0.1985215
-0.1654320
-0.1364376
-0.1184365
-0.1078598
-0.0916673
-0.0635153
-0.0353771
-0.0269667
-0.0430203
-0.0665617
-0.0769633
-0.0703762
-0.0596264
-0.0577310
-0.0653913
-0.0731481
-0.0724307
-0.0636360
-0.0540623
-0.0490662
-0.0475692
-0.0472346
-0.0504913
-0.0610168
-0.0753163
-0.0825080
-0.0740265
-0.0518324
-0.0271026
-0.0123778
-0.0136226
-0.0266477
-0.0407597
-0.0478043
-0.0480021
-0.0461942
-0.0436559
-0.0357381
-0.0174216
0.0101801
0.0389008
0.0590190
0.0670573
0.0688583
0.0737776
0.0856099
0.1009474
0.1162616
0.1330691
0.1541654
0.1774091
0.1962280
0.2055282
0.2050307
0.1969940
0.1822828
0.1596348
0.1291860
0.0963940
0.0703900
0.0562027
0.0492518
0.0399379
0.0238101
0.0051766
-0.0095282
-0.0197415
-0.0310348
-0.0483196
-0.0694277
-0.0855104
-0.0888834
-0.0815231
-0.0745913
-0.0775823
-0.0883072
-0.0954359
-0.0910387
-0.0790905
-0.0709888
-0.0733536
-0.0809424
-0.0822885
-0.0728302
-0.0611912
-0.0599589
-0.0702351
-0.0788166
-0.0730762
-0.0564809
-0.0457952
-0.0525379
-0.0695341
-0.0774687
-0.0646473
-0.0394024
-0.0220468
-0.0244824
-0.0390863
-0.0486781
-0.0456692
-0.0385517
-0.0397720
-0.0506316
-0.0603102
-0.0585674
-0.0473488
-0.0392500
-0.0448454
-0.0620983
-0.0790957
-0.0871515
-0.0893459
-0.0947570
-0.1060494
-0.1159084
-0.1161458
-0.1077737
-0.1001099
-0.1003840
-0.1057337
-0.1064609
-0.0971478
-0.0833341
-0.0757920
-0.0785430
-0.0844603
-0.0833917
-0.0730659
-0.0609333
-0.0564385
-0.0625605
-0.0738687
-0.0815392
-0.0809239
-0.0755465
-0.0735516
-0.0792434
-0.0879661
-0.0899501
-0.0798059
-0.0626705
-0.0509242
-0.0537329
-0.0686162
-0.0835534
-0.0884168
-0.0843150
-0.0811083
-0.0864642
-0.0986935
-0.1098457
-0.1138172
-0.1107619
-0.1050699
-0.1005884
-0.0979868
-0.0961042
-0.0948131
-0.0953456
-0.0975636
-0.0983330
-0.0941324
-0.0852035
-0.0761700
-0.0721930
-0.0744107
-0.0786449
-0.0786021
-0.0715330
-0.0615553
-0.0565198
-0.0603416
-0.0685066
-0.0720144
-0.0661058
-0.0550446
-0.0483090
-0.0518527
-0.0627474
-0.0726158
-0.0765796
-0.0779117
-0.0827184
-0.0909752
-0.0954425
-0.0904351
-0.0797625
-0.0738275
-0.0788853
-0.0905327
-0.0985260
-0.0975670
-0.0923949
-0.0917703
-0.0982088
-0.1051436
-0.1045039
-0.0955316
-0.0849117
-0.0792172
-0.0788396
-0.0790722
-0.0756541
-0.0688901
-0.0631545
-0.0625378
-0.0663085
-0.0684673
-0.0624000
-0.0466619
-0.0268433
-0.0125284
-0.0123662
-0.0300252
-0.0612578
-0.0916203
-0.0966236
-0.0479970
0.0735624
0.2671183
0.5130093
0.7869336
1.0690134
1.3316166
1.5171024
1.5404196
1.3359241
0.9198754
0.4101842
-0.0279265
-0.2770343
-0.3298730
-0.2713204
-0.2017121
-0.1696749
-0.1639726
-0.1541145
-0.1305086
-0.1090794
-0.1074355
-0.1239653
-0.1403230
-0.1408218
-0.1271573
-0.1145348
-0.1151291
-0.1267112
-0.1371254
-0.1379126
-0.1319037
-0.1279592
-0.1302253
-0.1338872
-0.1312567
-0.1208716
-0.1095044
-0.1050417
-0.1083698
-0.1132355
-0.1136033
-0.1097624
-0.1068965
-0.1086874
-0.1129576
-0.1132368
-0.1046645
-0.0892335
-0.0753372
-0.0708306
-0.0754796
-0.0807364
-0.0778614
-0.0661575
-0.0525303
-0.0430559
-0.0361339
-0.0250855
-0.0072789
0.0112462
0.0221799
0.0255220
0.0310193
0.0472450
0.0708103
0.0894207
0.0962678
0.0991259
0.1129044
0.1430540
0.1777354
0.1976170
0.1935201
0.1736767
0.1533578
0.1386352
0.1220730
0.0941306
0.0562772
0.0209012
-0.0010208
-0.0102759
-0.0171450
-0.0301354
-0.0480424
-0.0628829
-0.0694063
-0.0705753
-0.0737062
-0.0824214
-0.0933418
-0.1001484
-0.0997620
-0.0945319
-0.0892883
-0.0864996
-0.0838097
-0.0764966
-0.0632879
-0.0497729
-0.0445729
-0.0507227
-0.0610307
-0.0633695
-0.0518306
-0.0329608
-0.0203757
-0.0224534
-0.0351644
-0.0471112
-0.0509514
-0.0488118
-0.0469564
-0.0475637
-0.0475881
-0.0447070
-0.0418019
-0.0443159
-0.0540033
-0.0665741
-0.0759442
-0.0804177
-0.0840248
-0.0914894
-0.1023787
-0.1110135
-0.1122675
-0.1068641
-0.1006589
-0.0990421
-0.1022865
-0.1061438
-0.1066919
-0.1043468
-0.1027157
-0.1034356
-0.1030972
-0.0965327
-0.0832297
-0.0693848
-0.0627768
-0.0656872
-0.0731043
-0.0777506
-0.0767687
-0.0736388
-0.0737251
-0.0781307
-0.0822828
-0.0807573
-0.0732120
-0.0652075
-0.0632000
-0.0687898
-0.0776632
-0.0840305
-0.0862137
-0.0877175
-0.0923717
-0.0987517
-0.1007920
-0.0948716
-0.0855192
-0.0824526
-0.0911925
-0.1070888
-0.1194619
-0.1219920
-0.1186750
-0.1188523
-0.1262707
-0.1340307
-0.1314407
-0.1156550
-0.0953175
-0.0822113
-0.0801382
-0.0828013
-0.0820700
-0.0768632
-0.0729740
-0.0747258
-0.0787254
-0.0776241
-0.0697620
-0.0626711
-0.0650981
-0.0764722
-0.0868829
-0.0884512
-0.0848710
-0.0873189
-0.1007186
-0.1161121
-0.1187695
-0.1040278
-0.0833392
-0.0730169
-0.0773686
-0.0847617
-0.0813919
-0.0683167
-0.0636530
-0.0865648
-0.1367071
-0.1867390
-0.1951463
-0.1309335
0.0084653
0.2011626
0.4237976
0.6709876
0.9475743
1.2348846
1.4637517
1.5317739
1.3666795
0.9896435
0.5208495
0.1138316
-0.1326204
-0.2169026
-0.2061733
-0.1727789
-0.1513858
-0.1405347
-0.1287551
-0.1130185
-0.0979613
-0.0874071
-0.0816995
-0.0809762
-0.0864915
-0.0976218
-0.1101078
-0.1193343
-0.1246144
-0.1286335
-0.1328487
-0.1350106
-0.1319860
-0.1242870
-0.1167677
-0.1144546
-0.1178915
-0.1229808
-0.1255227
-0.1253864
-0.1255030
-0.1269851
-0.1265820
-0.1199883
-0.1072152
-0.0934224
-0.0839004
-0.0788666
-0.0740297
-0.0660881
-0.0563908
-0.0481913
-0.0411286
-0.0306507
-0.0140001
0.0047609
0.0180319
0.0232763
0.0266013
0.0364985
0.0546365
0.0740635
0.0866757
0.0917397
0.0966548
0.1096863
0.1324121
0.1590570
0.1822671
0.1987760
0.2097906
0.2170211
0.2191247
0.2120087
0.1925823
0.1625750
0.1286548
0.0979428
0.0726144
0.0490142
0.0225357
-0.0066832
-0.0331827
-0.0511174
-0.0594076
-0.0619977
-0.0633357
-0.0638873
-0.0603357
-0.0503922
-0.0372791
-0.0288331
-0.0313145
-0.0434911
-0.0569048
-0.0628389
-0.0600215
-0.0555075
-0.0570522
-0.0642808
-0.0685756
-0.0629170
-0.0510583
-0.0447856
-0.0512447
-0.0645851
-0.0721533
-0.0688517
-0.0632487
-0.0677725
-0.0835290
-0.0972693
-0.0950754
-0.0782749
-0.0636866
-0.0671553
-0.0877232
-0.1089645
-0.1153868
-0.1064786
-0.0948360
-0.0919371
-0.0968976
-0.0989921
-0.0900525
-0.0733027
-0.0598346
-0.0572150
-0.0624892
-0.0664065
-0.0636503
-0.0581617
-0.0584408
-0.0681172
-0.0816059
-0.0892729
-0.0867860
-0.0790177
-0.0746559
-0.0775692
-0.0840910
-0.0883621
-0.0889953
-0.0896134
-0.0933345
-0.0981058
-0.0985759
-0.0926484
-0.0852141
-0.0841563
-0.0922636
-0.1038620
-0.1104189
-0.1095580
-0.1077974
-0.1137013
-0.1282435
-0.1423899
-0.1448771
-0.1327566
-0.1139879
-0.0992933
-0.0920725
-0.0874899
-0.0811578
-0.0760642
-0.0783363
-0.0868299
-0.0907987
-0.0811520
-0.0631493
-0.0537214
-0.0632663
-0.0818781
-0.0881180
-0.0731422
-0.0527430
-0.0511464
-0.0731403
-0.0967009
-0.0960044
-0.0693994
-0.0405990
-0.0321798
-0.0422638
-0.0508036
-0.0468742
-0.0438607
-0.0634949
-0.1055022
-0.1362129
-0.1092417
0.0017899
0.1887395
0.4223889
0.6764175
0.9369176
1.1884339
1.3911600
1.4759518
1.3733834
1.0643622
0.6140152
0.1537876
-0.1855491
-0.3440278
-0.3528266
-0.2927562
-0.2311470
-0.1902835
-0.1626816
-0.1419902
-0.1323144
-0.1339797
-0.1339016
-0.1182518
-0.0915712
-0.0752475
-0.0838754
-0.1070834
-0.1195379
-0.1085337
-0.0874595
-0.0799074
-0.0932365
-0.1116370
-0.1149871
-0.1004432
-0.0829470
-0.0770285
-0.0826034
-0.0893571
-0.0908658
-0.0900014
-0.0907015
-0.0889907
-0.0763720
-0.0521722
-0.0289212
-0.0220111
-0.0337380
-0.0498954
-0.0538509
-0.0431584
-0.0304261
-0.0277136
-0.0322469
-0.0296001
-0.0106090
0.0173592
0.0378653
0.0434242
0.0438007
0.0552447
0.0829126
0.1159858
0.1399742
0.1515309
0.1598300
0.1749154
0.1972089
0.2187303
0.2322148
0.2367407
0.2348671
0.2270532
0.2111432
0.1868426
0.1582788
0.1305828
0.1046850
0.0771928
0.0459420
0.0146646
-0.0090919
-0.0211584
-0.0256214
-0.0319100
-0.0462719
-0.0656922
-0.0804864
-0.0835044
-0.0770907
-0.0708300
-0.0722388
-0.0797422
-0.0850697
-0.0826207
-0.0759593
-0.0741581
-0.0813525
-0.0908502
-0.0911784
-0.0785405
-0.0622063
-0.0561677
-0.0653205
-0.0808149
-0.0893947
-0.0862369
-0.0773467
-0.0700417
-0.0640568
-0.0544453
-0.0418830
-0.0354666
-0.0420612
-0.0546457
-0.0560385
-0.0367469
-0.0073198
0.0099260
0.0019455
-0.0228717
-0.0414214
-0.0301279
0.0289442
0.1499047
0.3404700
0.5918762
0.8744948
1.1492219
1.3827113
1.5454743
1.5951344
1.4760810
1.1576445
0.6854125
0.1885437
-0.1835847
-0.3524377
-0.3514942
-0.2823627
-0.2293292
-0.2097478
-0.1944604
-0.1617788
-0.1245006
-0.1096333
-0.1236391
-0.1449418
-0.1486213
-0.1324282
-0.1160258
-0.1173992
-0.1336558
-0.1454590
-0.1379631
-0.1155018
-0.0962872
-0.0945026
-0.1081404
-0.1229377
-0.1264546
-0.1181350
-0.1070576
-0.1014660
-0.1010909
-0.0991801
-0.0908942
-0.0786837
-0.0692649
-0.0661350
-0.0659740
-0.0623902
-0.0523494
-0.0383664
-0.0249602
-0.0141991
-0.0052534
0.0027719
0.0095216
0.0156734
0.0250409
0.0419593
0.0656550
0.0886100
0.1025656
0.1068977
0.1104039
0.1239733
0.1511063
0.1852909
0.2159580
0.2363557
0.2459229
0.2465431
0.2383835
0.2202247
0.1931169
0.1622392
0.1340794
0.1113592
0.0907583
0.0661141
0.0347076
0.0008890
-0.0269792
-0.0440683
-0.0537904
-0.0643573
-0.0801982
-0.0972367
-0.1074015
-0.1077072
-0.1038784
-0.1043175
-0.1111149
-0.1183344
-0.1194759
-0.1152646
-0.1125897
-0.1161072
-0.1227212
-0.1252545
-0.1203011
-0.1107998
-0.1012881
-0.0929393
-0.0847044
-0.0779040
-0.0766444
-0.0821884
-0.0884559
-0.0859356
-0.0712601
-0.0517060
-0.0386379
-0.0365858
-0.0400085
-0.0410392
-0.0389340
-0.0403606
-0.0505605
-0.0658576
-0.0762546
-0.0754357
-0.0672859
-0.0618312
-0.0649149
-0.0725643
-0.0758851
-0.0711119
-0.0641130
-0.0646158
-0.0761545
-0.0921034
-0.1018221
-0.1005339
-0.0928453
-0.0867908
-0.0855368
-0.0860241
-0.0852982
-0.0859972
-0.0935843
-0.1082226
-0.1213064
-0.1218989
-0.1071020
-0.0855629
-0.0702728
-0.0677472
-0.0738896
-0.0795602
-0.0794353
-0.0757267
-0.0744419
-0.0788166
-0.0860077
-0.0894319
-0.0844808
-0.0729222
-0.0621927
-0.0596910
-0.0666933
-0.0774627
-0.0846398
-0.0858680
-0.0851752
-0.0878326
-0.0941030
-0.0984955
-0.0954286
-0.0854037
-0.0751034
-0.0711663
-0.0740692
-0.0784116
-0.0790856
-0.0766128
-0.0758935
-0.0797409
-0.0844698
-0.0830609
-0.0732756
-0.0619145
-0.0595523
-0.0702054
-0.0866523
-0.0968454
-0.0951215
-0.0866612
-0.0808896
-0.0812724
-0.0823764
-0.0767819
-0.0639103
-0.0513319
-0.0475564
-0.0540630
-0.0644151
-0.0706854
-0.0705322
-0.0683814
-0.0700266
-0.0759214
-0.0797663
-0.0744738
-0.0603031
-0.0465061
-0.0432434
-0.0510810
-0.0596663
-0.0583687
-0.0478870
-0.0392211
-0.0400569
-0.0440969
-0.0373487
-0.0163852
0.0021062
-0.0056019
-0.0444735
-0.0875159
-0.0902399
-0.0215414
0.1163696
0.2968182
0.4976152
0.7213648
0.9830867
1.2698813
1.5086497
1.5821623
1.3985387
0.9680268
0.4212836
-0.0573368
-0.3371662
-0.4072945
-0.3539781
-0.2784776
-0.2297985
-0.2004640
-0.1682777
-0.1311241
-0.1045358
-0.0980385
-0.1036119
-0.1069104
-0.1033601
-0.0996843
-0.1022873
-0.1086322
-0.1110076
-0.1061395
-0.0987832
-0.0961863
-0.1005020
-0.1069769
-0.1088808
-0.1040677
-0.0973465
-0.0964619
-0.1046635
-0.1164426
-0.1213686
-0.1136078
-0.0980258
-0.0859775
-0.0843980
-0.0895025
-0.0918345
-0.0869657
-0.0799572
-0.0789498
-0.0854856
-0.0922776
-0.0902150
-0.0765210
-0.0561403
-0.0366774
-0.0228680
-0.0145775
-0.0078654
0.0023087
0.0182206
0.0363043
0.0488444
0.0513209
0.0490068
0.0543634
0.0754957
0.1070505
0.1343161
0.1473159
0.1498059
0.1531425
0.1621532
0.1693539
0.1639201
0.1445585
0.1213461
0.1049419
0.0958784
0.0854984
0.0663096
0.0398341
0.0143784
-0.0033487
-0.0135295
-0.0211805
-0.0303215
-0.0403285
-0.0469516
-0.0462989
-0.0385494
-0.0287139
-0.0234384
-0.0257600
-0.0323503
-0.0366012
-0.0352810
-0.0319240
-0.0327638
-0.0391959
-0.0453004
-0.0438468
-0.0345618
-0.0253577
-0.0247131
-0.0332501
-0.0435318
-0.0480616
-0.0466694
-0.0456360
-0.0501519
-0.0584691
-0.0635481
-0.0599783
-0.0492056
-0.0385121
-0.0351224
-0.0405629
-0.0496646
-0.0548789
-0.0526100
-0.0464441
-0.0440885
-0.0500377
-0.0605791
-0.0666423
-0.0626420
-0.0526434
-0.0469629
-0.0521425
-0.0646828
-0.0751190
-0.0777750
-0.0756117
-0.0755993
-0.0805598
-0.0863646
-0.0864792
-0.0782200
-0.0649211
-0.0535000
-0.0503224
-0.0575522
-0.0712469
-0.0831309
-0.0866731
-0.0831510
-0.0807813
-0.0859712
-0.0954625
-0.0990223
-0.0908216
-0.0766345
-0.0679399
-0.0694087
-0.0744687
-0.0740458
-0.0677130
-0.0638532
-0.0690912
-0.0800810
-0.0872700
-0.0855965
-0.0794377
-0.0768678
-0.0807620
-0.0866564
-0.0884367
-0.0846150
-0.0789353
-0.0760178
-0.0770735
-0.0792409
-0.0783821
-0.0729437
-0.0660100
-0.0634176
-0.0684575
-0.0775479
-0.0821721
-0.0770684
-0.0670425
-0.0639061
-0.0744585
-0.0912857
-0.0974478
-0.0823520
-0.0532736
-0.0300001
-0.0270709
-0.0412105
-0.0563175
-0.0601396
-0.0550466
-0.0523774
-0.0575874
-0.0628320
-0.0553382
-0.0331900
-0.0119714
-0.0136386
-0.0453322
-0.0860591
-0.0942858
-0.0326201
0.1096910
0.3152801
0.5580288
0.8213963
1.0927062
1.3363974
1.4787368
1.4349446
1.1701955
0.7445276
0.2944679
-0.0437424
-0.2108463
-0.2414664
-0.2150471
-0.1903448
-0.1780779
-0.1620545
-0.1343680
-0.1072113
-0.0967800
-0.1039362
-0.1139799
-0.1133172
-0.1033198
-0.0972636
-0.1050897
-0.1222868
-0.1336925
-0.1279393
-0.1084535
-0.0906606
-0.0881051
-0.1004155
-0.1141573
-0.1155021
-0.1027273
-0.0871053
-0.0819603
-0.0905778
-0.1040118
-0.1099749
-0.1038161
-0.0915066
-0.0827890
-0.0818421
-0.0844166
-0.0834932
-0.0771223
-0.0703262
-0.0692687
-0.0739178
-0.0770781
-0.0711996
-0.0562270
-0.0402610
-0.0317831
-0.0309248
-0.0288465
-0.0165733
0.0052061
0.0257593
0.0348130
0.0339194
0.0366339
0.0561567
0.0922379
0.1306927
0.1562590
0.1657075
0.1680487
0.1726233
0.1785242
0.1764002
0.1595367
0.1314332
0.1021980
0.0789215
0.0607715
0.0426995
0.0218682
-0.0004325
-0.0217009
-0.0408410
-0.0574998
-0.0705198
-0.0787653
-0.0833060
-0.0871848
-0.0920929
-0.0960830
-0.0959307
-0.0917966
-0.0881266
-0.0888582
-0.0924632
-0.0934764
-0.0894519
-0.0848019
-0.0857499
-0.0916076
-0.0935452
-0.0842299
-0.0679750
-0.0582936
-0.0634609
-0.0760167
-0.0798019
-0.0684355
-0.0543184
-0.0562235
-0.0778741
-0.1016023
-0.1053412
-0.0850280
-0.0581518
-0.0452221
-0.0500834
-0.0597725
-0.0615610
-0.0565407
-0.0556591
-0.0653863
-0.0804363
-0.0903243
-0.0903214
-0.0846269
-0.0805375
-0.0817857
-0.0872233
-0.0934055
-0.0969277
-0.0956802
-0.0903522
-0.0851841
-0.0852470
-0.0911496
-0.0969243
-0.0950383
-0.0842810
-0.0716839
-0.0656085
-0.0674673
-0.0714892
-0.0724983
-0.0720624
-0.0754944
-0.0836144
-0.0899023
-0.0872883
-0.0769728
-0.0686818
-0.0712965
-0.0836570
-0.0952080
-0.0957719
-0.0848002
-0.0716387
-0.0670410
-0.0736355
-0.0836191
-0.0859790
-0.0773177
-0.0660799
-0.0647378
-0.0763471
-0.0896596
-0.0900418
-0.0761034
-0.0631487
-0.0672065
-0.0858400
-0.0979669
-0.0849611
-0.0510232
-0.0209376
-0.0181310
-0.0459565
-0.0878089
-0.1191477
-0.1158600
-0.0558852
0.0770413
0.2847868
0.5508471
0.8466780
1.1377153
1.3768493
1.4958375
1.4225272
1.1307401
0.6846314
0.2253732
-0.1059476
-0.2510956
-0.2538204
-0.2046778
-0.1681662
-0.1549007
-0.1468226
-0.1330336
-0.1184714
-0.1094169
-0.1037485
-0.0975523
-0.0934183
-0.0958048
-0.1007455
-0.0972884
-0.0817829
-0.0665123
-0.0689739
-0.0922277
-0.1193144
-0.1293780
-0.1182034
-0.1009514
-0.0950120
-0.1023334
-0.1096863
-0.1047647
-0.0894982
-0.0767205
-0.0753957
-0.0813804
-0.0832632
-0.0757352
-0.0652737
-0.0622360
-0.0686207
-0.0750692
-0.0701004
-0.0513356
-0.0270472
-0.0074944
0.0039103
0.0109654
0.0183135
0.0267074
0.0344863
0.0418208
0.0518781
0.0677131
0.0886709
0.1100720
0.1264237
0.1356221
0.1411361
0.1501325
0.1677794
0.1915224
0.2110930
0.2162587
0.2061784
0.1904512
0.1792744
0.1724925
0.1599903
0.1336129
0.0969736
0.0614797
0.0334939
0.0086524
-0.0194534
-0.0474542
-0.0632664
-0.0602797
-0.0475831
-0.0424388
-0.0523218
-0.0672886
-0.0720939
-0.0642560
-0.0570503
-0.0639647
-0.0825954
-0.0962374
-0.0910580
-0.0698337
-0.0482513
-0.0392946
-0.0427987
-0.0495619
-0.0530885
-0.0553894
-0.0617925
-0.0722504
-0.0795249
-0.0762429
-0.0631542
-0.0497748
-0.0463381
-0.0546325
-0.0665853
-0.0720337
-0.0680101
-0.0603304
-0.0563548
-0.0571424
-0.0575205
-0.0534283
-0.0476960
-0.0474920
-0.0563589
-0.0698551
-0.0796745
-0.0818400
-0.0804924
-0.0836666
-0.0952917
-0.1105938
-0.1186961
-0.1107187
-0.0878293
-0.0627606
-0.0515861
-0.0603721
-0.0783610
-0.0864357
-0.0754274
-0.0565104
-0.0511296
-0.0687341
-0.0953880
-0.1067229
-0.0927556
-0.0682348
-0.0572363
-0.0688093
-0.0897684
-0.1006620
-0.0953017
-0.0826819
-0.0726913
-0.0652280
-0.0551084
-0.0437819
-0.0408629
-0.0527875
-0.0731946
-0.0879598
-0.0897340
-0.0850714
-0.0860080
-0.0961413
-0.1069781
-0.1076975
-0.0964473
-0.0810572
-0.0701255
-0.0655864
-0.0643545
-0.0652206
-0.0714534
-0.0854447
-0.1019869
-0.1095584
-0.1005366
-0.0803521
-0.0647386
-0.0658535
-0.0804869
-0.0928551
-0.0900264
-0.0745682
-0.0613374
-0.0617931
-0.0724304
-0.0793410
-0.0733076
-0.0587732
-0.0477040
-0.0464882
-0.0508545
-0.0533587
-0.0533943
-0.0577046
-0.0711648
-0.0888830
-0.0989816
-0.0934398
-0.0756832
-0.0573099
-0.0477627
-0.0474063
-0.0499185
-0.0500416
-0.0482037
-0.0480311
-0.0505006
-0.0514763
-0.0455293
-0.0326319
-0.0212962
-0.0241286
-0.0473469
-0.0807871
-0.0965070
-0.0603848
0.0481309
0.2226247
0.4364072
0.6660659
0.9079260
1.1638276
1.4031064
1.5418434
1.4770134
1.1635222
0.6707883
0.1600734
-0.2098445
-0.3742925
-0.3787701
-0.3169670
-0.2558283
-0.2108329
-0.1734106
-0.1431173
-0.1286810
-0.1293289
-0.1298821
-0.1182749
-0.1007541
-0.0928008
-0.0972777
-0.0996171
-0.0878599
-0.0714427
-0.0720990
-0.0957727
-0.1210051
-0.1212126
-0.0962112
-0.0747003
-0.0827484
-0.1141155
-0.1369504
-0.1290908
-0.1012967
-0.0829555
-0.0889051
-0.1061936
-0.1134507
-0.1067459
-0.1009988
-0.1081106
-0.1206444
-0.1206119
-0.1012449
-0.0751949
-0.0605475
-0.0620400
-0.0682955
-0.0658086
-0.0524705
-0.0369535
-0.0276646
-0.0247547
-0.0220864
-0.0142397
-0.0004924
0.0164154
0.0335478
0.0500331
0.0674905
0.0884187
0.1128499
0.1357879
0.1491165
0.1481634
0.1372384
0.1273676
0.1264640
0.1310021
0.1285203
0.1097170
0.0781062
0.0468366
0.0257714
0.0125694
-0.0028787
-0.0259154
-0.0502841
-0.0642048
-0.0625838
-0.0524075
-0.0460150
-0.0496178
-0.0586802
-0.0639195
-0.0609298
-0.0539039
-0.0508033
-0.0554245
-0.0637549
-0.0676259
-0.0623859
-0.0517153
-0.0447042
-0.0473803
-0.0570902
-0.0661056
-0.0708634
-0.0759315
-0.0869765
-0.1004946
-0.1039495
-0.0890174
-0.0638143
-0.0481184
-0.0539539
-0.0723733
-0.0824410
-0.0736036
-0.0566646
-0.0512534
-0.0643832
-0.0838805
-0.0923286
-0.0844028
-0.0691995
-0.0581049
-0.0538539
-0.0515289
-0.0466249
-0.0390705
-0.0306248
-0.0225644
-0.0180545
-0.0239230
-0.0446202
-0.0711557
-0.0774139
-0.0321797
0.0803339
0.2497856
0.4505669
0.6649529
0.8933483
1.1349912
1.3534057
1.4654975
1.3807866
1.0708469
0.6111910
0.1513670
-0.1712493
-0.3074132
-0.3038728
-0.2464899
-0.1953106
-0.1633823
-0.1401254
-0.1204396
-0.1094182
-0.1090593
-0.1116077
-0.1085222
-0.1011034
-0.0980212
-0.1034062
-0.1110409
-0.1116826
-0.1042481
-0.0975930
-0.1010944
-0.1145212
-0.1275283
-0.1287933
-0.1160716
-0.0984515
-0.0889044
-0.0931317
-0.1044485
-0.1101910
-0.1043420
-0.0935262
-0.0892348
-0.0942805
-0.0990227
-0.0923852
-0.0752275
-0.0601609
-0.0574656
-0.0632856
-0.0638499
-0.0507299
-0.0294609
-0.0122843
-0.0045335
-0.0003654
0.0091482
0.0268210
0.0489111
0.0707665
0.0898903
0.1043635
0.1121261
0.1141451
0.1167133
0.1273271
0.1469154
0.1675278
0.1794919
0.1806824
0.1771134
0.1739016
0.1674588
0.1488034
0.1147102
0.0737616
0.0398430
0.0197085
0.0077367
-0.0069042
-0.0285544
-0.0509745
-0.0645473
-0.0666582
-0.0644214
-0.0675413
-0.0791766
-0.0936803
-0.1023611
-0.1011101
-0.0933424
-0.0865557
-0.0857907
-0.0893798
-0.0906764
-0.0845528
-0.0727567
-0.0626409
-0.0601082
-0.0638876
-0.0673724
-0.0662906
-0.0637439
-0.0666252
-0.0771596
-0.0892728
-0.0941418
-0.0886802
-0.0777427
-0.0687239
-0.0654709
-0.0672486
-0.0713848
-0.0752989
-0.0770245
-0.0761293
-0.0748571
-0.0767783
-0.0826091
-0.0877104
-0.0857036
-0.0757925
-0.0655305
-0.0643670
-0.0738005
-0.0850297
-0.0874717
-0.0794377
-0.0696974
-0.0684482
-0.0770768
-0.0867321
-0.0867268
-0.0746453
-0.0587911
-0.0507587
-0.0551010
-0.0659144
-0.0734916
-0.0741265
-0.0729865
-0.0772919
-0.0873387
-0.0952643
-0.0931520
-0.0817505
-0.0701182
-0.0664715
-0.0704215
-0.0750069
-0.0754930
-0.0745036
-0.0781298
-0.0882268
-0.0995935
-0.1044609
-0.0991386
-0.0865934
-0.0735580
-0.0655755
-0.0640716
-0.0667626
-0.0699883
-0.0711165
-0.0699941
-0.0687032
-0.0692624
-0.0707494
-0.0689440
-0.0597656
-0.0434904
-0.0253325
-0.0119572
-0.0082007
-0.0173530
-0.0422937
-0.0815568
-0.1204342
-0.1275250
-0.0674980
0.0751552
0.2837080
0.5243619
0.7749351
1.0318240
1.2798727
1.4566549
1.4626288
1.2289987
0.7901119
0.2879313
-0.1082916
-0.3048535
-0.3248505
-0.2621436
-0.2000362
-0.1663280
-0.1474831
-0.1272857
-0.1065535
-0.0949882
-0.0963648
-0.1054723
-0.1148686
-0.1202294
-0.1205048
-0.1172287
-0.1150706
-0.1200082
-0.1335287
-0.1487812
-0.1552842
-0.1490930
-0.1373238
-0.1312013
-0.1347996
-0.1414944
-0.1413164
-0.1308727
-0.1159318
-0.1052078
-0.1024172
-0.1042765
-0.1054004
-0.1042020
-0.1035855
-0.1063212
-0.1106930
-0.1113016
-0.1041598
-0.0908417
-0.0774757
-0.0693310
-0.0660702
-0.0624622
-0.0541328
-0.0425271
-0.0336841
-0.0318160
-0.0341946
-0.0326003
-0.0203031
0.0014797
0.0234792
0.0354500
0.0349921
0.0302405
0.0331992
0.0491206
0.0716270
0.0883047
0.0916797
0.0852782
0.0790232
0.0785436
0.0791967
0.0709725
0.0490748
0.0190392
-0.0084719
-0.0269485
-0.0378959
-0.0468402
-0.0569875
-0.0667330
-0.0721859
-0.0714716
-0.0669801
-0.0639662
-0.0667571
-0.0755055
-0.0860096
-0.0929027
-0.0938043
-0.0907584
-0.0873266
-0.0842830
-0.0790969
-0.0702996
-0.0613215
-0.0582171
-0.0632234
-0.0718167
-0.0769956
-0.0758871
-0.0714198
-0.0680318
-0.0668115
-0.0647856
-0.0576786
-0.0429014
-0.0219163
-0.0026215
0.0014222
-0.0190889
-0.0522881
-0.0577246
0.0152984
0.1916962
0.4496641
0.7383323
1.0163598
1.2671065
1.4714715
1.5739401
1.4957808
1.2010997
0.7546252
0.3034736
-0.0140764
-0.1541585
-0.1723808
-0.1542110
-0.1454862
-0.1430587
-0.1330611
-0.1204218
-0.1200429
-0.1331779
-0.1453498
-0.1469192
-0.1458170
-0.1544040
-0.1690470
-0.1716511
-0.1529543
-0.1273014
-0.1182428
-0.1316224
-0.1493450
-0.1514333
-0.1391724
-0.1315970
-0.1406804
-0.1558851
-0.1564788
-0.1364810
-0.1125670
-0.1059236
-0.1194632
-0.1361652
-0.1388410
-0.1276930
-0.1170268
-0.1176307
-0.1257606
-0.1291732
-0.1210421
-0.1062378
-0.0949568
-0.0920221
-0.0929693
-0.0897060
-0.0788985
-0.0646690
-0.0538680
-0.0492404
-0.0466996
-0.0385585
-0.0197458
0.0080973
0.0381489
0.0642020
0.0849936
0.1026948
0.1177565
0.1265218
0.1246298
0.1123579
0.0956775
0.0812200
0.0698388
0.0556701
0.0327014
0.0026088
-0.0251137
-0.0420406
-0.0493420
-0.0559663
-0.0680571
-0.0816666
-0.0874752
-0.0824451
-0.0748703
-0.0762312
-0.0885464
-0.1020773
-0.1067740
-0.1040733
-0.1043893
-0.1130045
-0.1219877
-0.1188123
-0.1017439
-0.0835423
-0.0788399
-0.0894515
-0.1037353
-0.1098808
-0.1077982
-0.1068367
-0.1131558
-0.1219775
-0.1233318
-0.1138084
-0.1005961
-0.0940173
-0.0976082
-0.1059865
-0.1113306
-0.1109648
-0.1087014
-0.1092885
-0.1120795
-0.1109534
-0.1011401
-0.0858397
-0.0749987
-0.0766432
-0.0892489
-0.1030527
-0.1094611
-0.1092675
-0.1107904
-0.1192183
-0.1288851
-0.1283791
-0.1139253
-0.0955624
-0.0878331
-0.0948311
-0.1065858
-0.1108568
-0.1066889
-0.1042830
-0.1117183
-0.1244198
-0.1301460
-0.1237051
-0.1133552
-0.1106547
-0.1163078
-0.1199746
-0.1143280
-0.1052736
-0.1050188
-0.1164380
-0.1282633
-0.1274858
-0.1143824
-0.1020974
-0.1009807
-0.1064944
-0.1057443
-0.0949079
-0.0855221
-0.0906337
-0.1071369
-0.1164627
-0.1042325
-0.0767632
-0.0554814
-0.0549282
-0.0680202
-0.0746576
-0.0652068
-0.0539739
-0.0664667
-0.1104065
-0.1584130
-0.1612989
-0.0825538
0.0762847
0.2826578
0.5053488
0.7383325
0.9871914
1.2276895
1.3828891
1.3567521
1.1074306
0.6961151
0.2614891
-0.0637734
-0.2260348
-0.2587034
-0.2324288
-0.2002467
-0.1796700
-0.1683406
-0.1622993
-0.1589182
-0.1532128
-0.1408214
-0.1245050
-0.1128239
-0.1113650
-0.1182885
-0.1291026
-0.1419332
-0.1551981
-0.1627624
-0.1568653
-0.1379707
-0.1186199
-0.1131889
-0.1230988
-0.1351548
-0.1365786
-0.1295101
-0.1272563
-0.1369900
-0.1506715
-0.1550461
-0.1471856
-0.1362841
-0.1313187
-0.1314554
-0.1303399
-0.1266191
-0.1259514
-0.1319793
-0.1387212
-0.1354942
-0.1192437
-0.0987334
-0.0847966
-0.0787797
-0.0734326
-0.0637719
-0.0528627
-0.0457206
-0.0409684
-0.0318918
-0.0150607
0.0051522
0.0219582
0.0344098
0.0478714
0.0659171
0.0841973
0.0949556
0.0969838
0.0977006
0.1036977
0.1115158
0.1106039
0.0948900
0.0689117
0.0418807
0.0175690
-0.0081215
-0.0395405
-0.0727245
-0.0964153
-0.1027707
-0.0961831
-0.0895274
-0.0913697
-0.0985757
-0.1022930
-0.0993227
-0.0953073
-0.0968537
-0.1027918
-0.1052776
-0.0996162
-0.0908657
-0.0882278
-0.0931885
-0.0967678
-0.0909709
-0.0804544
-0.0782767
-0.0895901
-0.1035272
-0.1040436
-0.0872339
-0.0651951
-0.0529644
-0.0542494
-0.0614078
-0.0672785
-0.0728152
-0.0813874
-0.0891854
-0.0866680
-0.0702943
-0.0487750
-0.0356189
-0.0384496
-0.0571400
-0.0861288
-0.1097030
-0.0951396
-0.0020750
0.1888691
0.4543020
0.7411363
1.0053557
1.2319719
1.4080785
1.4811740
1.3676111
1.0274737
0.5362654
0.0656021
-0.2283753
-0.3097418
-0.2639649
-0.2040856
-0.1808038
-0.1754936
-0.1584025
-0.1333722
-0.1247625
-0.1384167
-0.1529892
-0.1495527
-0.1358087
-0.1328582
-0.1456070
-0.1578537
-0.1562212
-0.1480994
-0.1498172
-0.1627151
-0.1696813
-0.1566427
-0.1314172
-0.1159662
-0.1211756
-0.1349324
-0.1379662
-0.1274449
-0.1189765
-0.1256202
-0.1412060
-0.1477922
-0.1358355
-0.1125455
-0.0918994
-0.0811673
-0.0782498
-0.0783959
-0.0793551
-0.0793365
-0.0733907
-0.0565970
-0.0321171
-0.0120231
-0.0056657
-0.0083114
-0.0058701
0.0083199
0.0253963
0.0320333
0.0273179
0.0254652
0.0412303
0.0738226
0.1064284
0.1221143
0.1191900
0.1091450
0.1004667
0.0889280
0.0660542
0.0332197
0.0022881
-0.0172034
-0.0274183
-0.0377619
-0.0535844
-0.0711313
-0.0833371
-0.0892721
-0.0957783
-0.1081637
-0.1210927
-0.1228821
-0.1096306
-0.0912466
-0.0812207
-0.0831446
-0.0898704
-0.0938520
-0.0948530
-0.0970910
-0.1007298
-0.0985476
-0.0836105
-0.0608338
-0.0468906
-0.0539681
-0.0749984
-0.0902217
-0.0888704
-0.0796852
-0.0784279
-0.0889704
-0.0996270
-0.0966507
-0.0793079
-0.0612731
-0.0567848
-0.0655958
-0.0735818
-0.0688343
-0.0544277
-0.0444650
-0.0512563
-0.0765948
-0.1070988
-0.1114945
-0.0494064
0.1037955
0.3360663
0.6064801
0.8757325
1.1252287
1.3421322
1.4862928
1.4810925
1.2566862
0.8228128
0.3016673
-0.1296373
-0.3512849
-0.3697279
-0.2865339
-0.2082163
-0.1803852
-0.1861131
-0.1877030
-0.1684124
-0.1423465
-0.1307785
-0.1357320
-0.1424118
-0.1420332
-0.1402178
-0.1437762
-0.1520436
-0.1624498
-0.1718322
-0.1713004
-0.1549918
-0.1360665
-0.1359791
-0.1524086
-0.1570442
-0.1342651
