-0.1113899
-0.0990634
-0.1289657
-0.1486320
-0.1533872
-0.1682535
-0.1877926
-0.1804770
-0.1431220
-0.1093898
-0.1037322
-0.1177701
-0.1331135
-0.1416766
-0.1417791
-0.1353587
-0.1308366
-0.1331004
-0.1325219
-0.1180949
-0.0968733
-0.0853950
-0.0866252
-0.0905683
-0.0933070
-0.0997612
-0.1097090
-0.1151887
-0.1118884
-0.1030548
-0.0929470
-0.0841049
-0.0791350
-0.0792504
-0.0838799
-0.0948291
-0.1139641
-0.1326883
-0.1335404
-0.1107071
-0.0818173
-0.0702185
-0.0797859
-0.0946125
-0.1000230
-0.0969709
-0.0968992
-0.1065128
-0.1176761
-0.1132388
-0.0862706
-0.0514603
-0.0310803
-0.0313127
-0.0410904
-0.0536977
-0.0774019
-0.1186179
-0.1616994
-0.1725948
-0.1214439
-0.0000787
0.1794172
0.3999866
0.6508181
0.9175784
1.1576465
1.2932449
1.2464411
0.9949377
0.6000792
0.1819047
-0.1407603
-0.3066608
-0.3325122
-0.2862984
-0.2338349
-0.2009087
-0.1774677
-0.1482061
-0.1136323
-0.0860188
-0.0732506
-0.0701742
-0.0655400
-0.0570866
-0.0568610
-0.0764184
-0.1072020
-0.1235050
-0.1095948
-0.0791106
-0.0618073
-0.0725189
-0.0971326
-0.1087421
-0.0950312
-0.0693322
-0.0555879
-0.0634647
-0.0803317
-0.0879855
-0.0824011
-0.0726884
-0.0650838
-0.0566507
-0.0449969
-0.0355314
-0.0340478
-0.0363025
-0.0306104
-0.0110676
0.0148343
0.0340545
0.0435403
0.0550730
0.0808145
0.1151173
0.1373828
0.1363541
0.1261814
0.1323180
0.1637214
0.2047761
0.2342190
0.2465570
0.2528382
0.2636781
0.2752494
0.2731767
0.2491402
0.2107573
0.1729812
0.1420117
0.1119829
0.0768737
0.0400279
0.0095007
-0.0119268
-0.0283935
-0.0442949
-0.0589459
-0.0678659
-0.0680537
-0.0614641
-0.0527621
-0.0438235
-0.0328830
-0.0207852
-0.0148825
-0.0220292
-0.0383598
-0.0508905
-0.0509407
-0.0429981
-0.0384170
-0.0422395
-0.0485949
-0.0492776
-0.0452316
-0.0467463
-0.0600642
-0.0756766
-0.0753469
-0.0530557
-0.0248510
-0.0136024
-0.0256285
-0.0463161
-0.0582347
-0.0594435
-0.0620970
-0.0750645
-0.0911809
-0.0939499
-0.0767753
-0.0524339
-0.0403411
-0.0457624
-0.0558524
-0.0566035
-0.0489289
-0.0448900
-0.0508328
-0.0588099
-0.0559020
-0.0402262
-0.0252652
-0.0264555
-0.0437915
-0.0608471
-0.0632086
-0.0552043
-0.0540537
-0.0679692
-0.0849910
-0.0862038
-0.0677483
-0.0463788
-0.0422861
-0.0577057
-0.0746912
-0.0753085
-0.0622117
-0.0555626
-0.0692166
-0.0943262
-0.1095856
-0.1048316
-0.0901439
-0.0822713
-0.0863740
-0.0929756
-0.0906182
-0.0785324
-0.0659672
-0.0606449
-0.0607813
-0.0597382
-0.0558348
-0.0537046
-0.0563547
-0.0602110
-0.0601008
-0.0564614
-0.0546858
-0.0578730
-0.0623185
-0.0610816
-0.0519442
-0.0412626
-0.0384833
-0.0459296
-0.0555630
-0.0579440
-0.0534814
-0.0519067
-0.0600774
-0.0728038
-0.0777850
-0.0693345
-0.0558869
-0.0526384
-0.0660196
-0.0863480
-0.0976973
-0.0945660
-0.0855491
-0.0796078
-0.0731694
-0.0554416
-0.0248232
0.0057193
0.0215794
0.0206926
0.0105836
-0.0065454
-0.0373113
-0.0785570
-0.0979341
-0.0453393
0.1059845
0.3318023
0.5789275
0.8145036
1.0404138
1.2489494
1.3737643
1.3101522
1.0059593
0.5367130
0.0788088
-0.2086213
-0.2889743
-0.2470085
-0.1931343
-0.1731378
-0.1628448
-0.1296818
-0.0809308
-0.0515447
-0.0595131
-0.0854514
-0.0953448
-0.0757167
-0.0427714
-0.0203778
-0.0147535
-0.0128232
-0.0019764
0.0140268
0.0205226
0.0101967
-0.0075077
-0.0154323
-0.0057237
0.0126493
0.0231603
0.0184509
0.0072260
0.0036818
0.0112185
0.0194391
0.0179253
0.0099431
0.0094623
0.0250135
0.0490101
0.0645515
0.0624521
0.0501880
0.0427780
0.0454401
0.0482077
0.0398056
0.0245808
0.0208784
0.0408171
0.0745178
0.0979976
0.0974715
0.0841654
0.0832397
0.1077556
0.1452379
0.1717421
0.1780580
0.1782485
0.1907456
0.2145080
0.2282710
0.2131352
0.1720694
0.1253049
0.0889037
0.0612683
0.0312926
-0.0033706
-0.0306050
-0.0380589
-0.0301507
-0.0262854
-0.0409347
-0.0683273
-0.0891819
-0.0913371
-0.0814088
-0.0760839
-0.0838441
-0.0968148
-0.1007750
-0.0918883
-0.0812795
-0.0819331
-0.0930121
-0.1004591
-0.0938020
-0.0795990
-0.0754231
-0.0903759
-0.1133821
-0.1226551
-0.1074793
-0.0797287
-0.0622379
-0.0657739
-0.0794724
-0.0848499
-0.0767758
-0.0676970
-0.0718151
-0.0883605
-0.1021552
-0.0994869
-0.0817908
-0.0634918
-0.0573383
-0.0630006
-0.0703208
-0.0721488
-0.0715341
-0.0757416
-0.0853244
-0.0913932
-0.0840227
-0.0626450
-0.0377850
-0.0223725
-0.0211809
-0.0290659
-0.0393101
-0.0514010
-0.0679591
-0.0850298
-0.0904860
-0.0762333
-0.0511217
-0.0371490
-0.0491052
-0.0780200
-0.0979411
-0.0919210
-0.0705184
-0.0611377
-0.0778039
-0.1047198
-0.1131322
-0.0929449
-0.0631508
-0.0499715
-0.0587087
-0.0709135
-0.0679452
-0.0523750
-0.0431345
-0.0516709
-0.0679027
-0.0721860
-0.0583611
-0.0405060
-0.0364541
-0.0483313
-0.0617850
-0.0626516
-0.0517765
-0.0434783
-0.0506081
-0.0706965
-0.0861403
-0.0799208
-0.0542629
-0.0337833
-0.0456235
-0.0909361
-0.1343760
-0.1251308
-0.0330336
0.1338456
0.3459224
0.5805784
0.8246666
1.0453971
1.1700933
1.1163153
0.8590641
0.4712735
0.0900107
-0.1686005
-0.2730545
-0.2694885
-0.2236536
-0.1726069
-0.1227822
-0.0762746
-0.0443812
-0.0354647
-0.0410264
-0.0431909
-0.0350458
-0.0274082
-0.0335824
-0.0514886
-0.0648077
-0.0611589
-0.0457374
-0.0351041
-0.0388626
-0.0501322
-0.0547836
-0.0477239
-0.0374475
-0.0349428
-0.0408978
-0.0453388
-0.0387583
-0.0221830
-0.0063218
-0.0012340
-0.0066142
-0.0121525
-0.0079618
0.0053083
0.0175162
0.0205939
0.0183816
0.0238372
0.0459685
0.0799034
0.1108122
0.1282024
0.1356997
0.1457340
0.1652504
0.1887715
0.2059599
0.2134435
0.2170482
0.2239775
0.2359411
0.2500344
0.2631254
0.2731315
0.2773928
0.2727840
0.2586119
0.2381063
0.2154669
0.1916857
0.1648123
0.1345110
0.1042191
0.0771935
0.0520778
0.0251994
-0.0030658
-0.0273063
-0.0433941
-0.0529520
-0.0593205
-0.0612891
-0.0547660
-0.0409937
-0.0292356
-0.0279683
-0.0344777
-0.0370451
-0.0289926
-0.0175007
-0.0147679
-0.0216493
-0.0255975
-0.0174968
-0.0061297
-0.0096649
-0.0326135
-0.0571130
-0.0614596
-0.0453586
-0.0318898
-0.0425628
-0.0729321
-0.0960782
-0.0903331
-0.0611110
-0.0341142
-0.0290990
-0.0429965
-0.0578061
-0.0607691
-0.0543521
-0.0488622
-0.0495547
-0.0525355
-0.0515038
-0.0459995
-0.0418323
-0.0437818
-0.0492978
-0.0507890
-0.0442763
-0.0346337
-0.0311071
-0.0374399
-0.0471334
-0.0496637
-0.0422832
-0.0350184
-0.0417557
-0.0649220
-0.0903394
-0.0998623
-0.0897216
-0.0746464
-0.0725978
-0.0863150
-0.1014084
-0.1026090
-0.0903059
-0.0797324
-0.0843555
-0.1020842
-0.1189759
-0.1248258
-0.1221687
-0.1196892
-0.1201644
-0.1180118
-0.1078827
-0.0923245
-0.0792414
-0.0730451
-0.0703398
-0.0648833
-0.0556464
-0.0482811
-0.0478837
-0.0513965
-0.0495231
-0.0379787
-0.0264881
-0.0336679
-0.0685310
-0.1140753
-0.1307891
-0.0817470
0.0421381
0.2230360
0.4432154
0.7039084
1.0034164
1.2893784
1.4445677
1.3473816
0.9722132
0.4384700
-0.0505766
-0.3381074
-0.4041375
-0.3437125
-0.2667518
-0.2190781
-0.1857778
-0.1464402
-0.1094391
-0.0951214
-0.1030846
-0.1098206
-0.0975527
-0.0756172
-0.0678414
-0.0824056
-0.1007966
-0.0982269
-0.0709996
-0.0400408
-0.0285499
-0.0397676
-0.0575357
-0.0655975
-0.0632240
-0.0620082
-0.0698196
-0.0803099
-0.0793199
-0.0612486
-0.0372950
-0.0255521
-0.0327979
-0.0478217
-0.0538966
-0.0465136
-0.0363616
-0.0343563
-0.0364639
-0.0269535
0.0025228
0.0402707
0.0647681
0.0676735
0.0631779
0.0721723
0.0993065
0.1293845
0.1462622
0.1510922
0.1589809
0.1797484
0.2066621
0.2258429
0.2333405
0.2380140
0.2468380
0.2521215
0.2384220
0.2018678
0.1575657
0.1243160
0.1040192
0.0807401
0.0413037
-0.0068038
-0.0421545
-0.0540872
-0.0568407
-0.0751519
-0.1157535
-0.1568276
-0.1688831
-0.1455442
-0.1111261
-0.0970464
-0.1122480
-0.1374401
-0.1465423
-0.1318138
-0.1086119
-0.0980949
-0.1067759
-0.1220158
-0.1254869
-0.1103751
-0.0867530
-0.0717580
-0.0745160
-0.0893247
-0.1026052
-0.1063512
-0.1044975
-0.1061087
-0.1140836
-0.1229978
-0.1273801
-0.1277362
-0.1259745
-0.1193953
-0.1065869
-0.0994795
-0.1191751
-0.1680605
-0.2053808
-0.1622644
0.0064855
0.2832987
0.6051920
0.9193194
1.2105383
1.4656238
1.6203011
1.5688587
1.2509958
0.7347587
0.2012803
-0.1698938
-0.3152972
-0.3027668
-0.2471952
-0.2163858
-0.2080296
-0.1945192
-0.1700230
-0.1525174
-0.1549807
-0.1689674
-0.1771439
-0.1732468
-0.1646828
-0.1594715
-0.1570929
-0.1531521
-0.1484610
-0.1492982
-0.1588946
-0.1716725
-0.1777018
-0.1720102
-0.1582536
-0.1439360
-0.1338499
-0.1283844
-0.1261814
-0.1264644
-0.1287976
-0.1318049
-0.1329869
-0.1301157
-0.1230889
-0.1143513
-0.1067468
-0.1003116
-0.0916854
-0.0780078
-0.0619998
-0.0519546
-0.0542816
-0.0647244
-0.0685079
-0.0525008
-0.0188956
0.0148346
0.0321026
0.0334759
0.0351006
0.0505973
0.0767255
0.0988784
0.1092440
0.1154954
0.1291944
0.1478768
0.1535692
0.1315492
0.0879373
0.0442895
0.0143864
-0.0091479
-0.0417877
-0.0836633
-0.1157564
-0.1222127
-0.1119833
-0.1115244
-0.1345178
-0.1641270
-0.1710008
-0.1481444
-0.1217240
-0.1233978
-0.1551124
-0.1869502
-0.1900641
-0.1663067
-0.1420842
-0.1370750
-0.1455680
-0.1490336
-0.1403736
-0.1299552
-0.1296429
-0.1377965
-0.1433157
-0.1404342
-0.1337821
-0.1290686
-0.1246568
-0.1161871
-0.1064915
-0.1051586
-0.1167678
-0.1329073
-0.1387724
-0.1271630
-0.1048804
-0.0869594
-0.0870711
-0.1118684
-0.1576810
-0.2059084
-0.2219593
-0.1666730
-0.0176074
0.2173607
0.5074422
0.8171012
1.1108052
1.3383635
1.4268946
1.3090108
0.9785266
0.5237299
0.0947504
-0.1815440
-0.2731813
-0.2432932
-0.1848646
-0.1523505
-0.1456711
-0.1440029
-0.1414961
-0.1485503
-0.1688255
-0.1875920
-0.1869158
-0.1675332
-0.1495948
-0.1509885
-0.1687264
-0.1843645
-0.1856968
-0.1789329
-0.1785520
-0.1886978
-0.1983047
-0.1942609
-0.1760847
-0.1557708
-0.1447725
-0.1438042
-0.1457729
-0.1460694
-0.1468260
-0.1505269
-0.1522575
-0.1419841
-0.1158574
-0.0835528
-0.0618864
-0.0600637
-0.0715290
-0.0806207
-0.0768675
-0.0625938
-0.0476383
-0.0387512
-0.0353618
-0.0341490
-0.0342239
-0.0358573
-0.0361246
-0.0297388
-0.0156039
-0.0000907
0.0092187
0.0129880
0.0205757
0.0390017
0.0623930
0.0750171
0.0660557
0.0401375
0.0116577
-0.0106206
-0.0309504
-0.0580336
-0.0916464
-0.1207605
-0.1349631
-0.1351977
-0.1316122
-0.1320924
-0.1352187
-0.1347618
-0.1288604
-0.1225518
-0.1214659
-0.1250712
-0.1273068
-0.1229208
-0.1120059
-0.0991422
-0.0900340
-0.0890183
-0.0973103
-0.1114800
-0.1243678
-0.1298968
-0.1279918
-0.1237483
-0.1210313
-0.1181115
-0.1113440
-0.1027218
-0.1009387
-0.1125557
-0.1326646
-0.1468405
-0.1437323
-0.1250225
-0.1024942
-0.0867693
-0.0803615
-0.0802390
-0.0835463
-0.0891384
-0.0956893
-0.1014565
-0.1062632
-0.1114319
-0.1163533
-0.1166579
-0.1083206
-0.0938283
-0.0819908
-0.0798610
-0.0857582
-0.0921488
-0.0950482
-0.0980456
-0.1058102
-0.1156615
-0.1185633
-0.1090599
-0.0923907
-0.0802627
-0.0799878
-0.0887618
-0.0982238
-0.1029392
-0.1034525
-0.1022481
-0.0991502
-0.0919919
-0.0810010
-0.0709104
-0.0678926
-0.0743089
-0.0863296
-0.0966917
-0.1005327
-0.0995093
-0.1001369
-0.1069552
-0.1166928
-0.1200715
-0.1108093
-0.0930532
-0.0786457
-0.0759043
-0.0815799
-0.0853688
-0.0825577
-0.0800929
-0.0877953
-0.1040247
-0.1133993
-0.1016121
-0.0720998
-0.0452964
-0.0395584
-0.0534179
-0.0681464
-0.0679691
-0.0563242
-0.0509642
-0.0635517
-0.0858964
-0.0975128
-0.0862693
-0.0604424
-0.0402843
-0.0387242
-0.0510431
-0.0627414
-0.0657636
-0.0655951
-0.0725019
-0.0874956
-0.0992045
-0.0957030
-0.0784078
-0.0621271
-0.0602768
-0.0710997
-0.0804083
-0.0783494
-0.0714218
-0.0751828
-0.0945616
-0.1141518
-0.1116692
-0.0820735
-0.0460222
-0.0315863
-0.0471798
-0.0741058
-0.0864611
-0.0768782
-0.0610621
-0.0579447
-0.0685117
-0.0761341
-0.0661086
-0.0413141
-0.0174805
-0.0062449
-0.0070698
-0.0156535
-0.0344134
-0.0678608
-0.1059740
-0.1169102
-0.0629382
0.0728359
0.2758018
0.5155895
0.7680288
1.0147458
1.2192914
1.3130516
1.2230307
0.9308129
0.5105901
0.1021396
-0.1693943
-0.2647625
-0.2370690
-0.1749466
-0.1362645
-0.1251100
-0.1177090
-0.1002935
-0.0820186
-0.0792648
-0.0950677
-0.1152682
-0.1218495
-0.1085179
-0.0851127
-0.0688783
-0.0705396
-0.0860015
-0.1001374
-0.0999178
-0.0858027
-0.0706534
-0.0664826
-0.0719323
-0.0737890
-0.0616229
-0.0400635
-0.0249796
-0.0271171
-0.0406757
-0.0491230
-0.0419684
-0.0247297
-0.0120138
-0.0115572
-0.0161137
-0.0113406
0.0089538
0.0362085
0.0558212
0.0618391
0.0623762
0.0705967
0.0911957
0.1164405
0.1351420
0.1443704
0.1517473
0.1670430
0.1929158
0.2240119
0.2534129
0.2782204
0.2992968
0.3178689
0.3337964
0.3460205
0.3527611
0.3513332
0.3398268
0.3201629
0.2980095
0.2773125
0.2548260
0.2226367
0.1782646
0.1312219
0.0964217
0.0795466
0.0706563
0.0547305
0.0284185
0.0039646
-0.0046304
0.0025338
0.0116265
0.0108174
0.0025230
-0.0019637
0.0020051
0.0064462
0.0019270
-0.0081554
-0.0089332
0.0088724
0.0359147
0.0516087
0.0450470
0.0264380
0.0161482
0.0233045
0.0373016
0.0409390
0.0300923
0.0182135
0.0211737
0.0394650
0.0571646
0.0584961
0.0439911
0.0292052
0.0278460
0.0374493
0.0425597
0.0317849
0.0107780
-0.0023214
0.0057323
0.0307320
0.0555034
0.0660199
0.0625113
0.0553518
0.0518858
0.0489600
0.0384120
0.0183094
-0.0028437
-0.0132551
-0.0083411
0.0061976
0.0206949
0.0295290
0.0330021
0.0333620
0.0312256
0.0262117
0.0192589
0.0124472
0.0065848
0.0005393
-0.0061685
-0.0112047
-0.0116476
-0.0085711
-0.0075813
-0.0130393
-0.0222573
-0.0276173
-0.0255179
-0.0216313
-0.0248628
-0.0358918
-0.0442163
-0.0389843
-0.0223176
-0.0092069
-0.0124685
-0.0289103
-0.0425882
-0.0419241
-0.0313053
-0.0240081
-0.0252103
-0.0256968
-0.0141777
0.0064268
0.0189548
0.0098888
-0.0144640
-0.0321902
-0.0267811
-0.0030906
0.0176483
0.0173774
-0.0043366
-0.0324270
-0.0492654
-0.0458425
-0.0251966
0.0004663
0.0169742
0.0179485
0.0104817
0.0080711
0.0135062
0.0105463
-0.0195062
-0.0677499
-0.0883442
-0.0284270
0.1283275
0.3509777
0.5954029
0.8410382
1.0821229
1.2824681
1.3569825
1.2226629
0.8810596
0.4459514
0.0766298
-0.1274857
-0.1763037
-0.1475501
-0.1086169
-0.0786693
-0.0496080
-0.0209603
-0.0042319
-0.0022042
0.0002336
0.0185912
0.0480890
0.0676057
0.0639388
0.0468170
0.0373690
0.0446555
0.0572063
0.0574272
0.0414224
0.0232826
0.0211344
0.0400793
0.0678855
0.0860653
0.0857258
0.0744219
0.0681570
0.0755270
0.0888220
0.0916912
0.0771289
0.0575970
0.0550722
0.0792432
0.1160847
0.1398823
0.1374261
0.1196701
0.1091148
0.1168804
0.1337600
0.1434565
0.1420142
0.1418232
0.1567928
0.1862424
0.2155219
0.2317940
0.2365563
0.2412765
0.2526643
0.2657846
0.2729130
0.2762928
0.2875749
0.3126272
0.3391204
0.3433226
0.3116674
0.2550125
0.1996035
0.1630037
0.1394723
0.1095186
0.0628817
0.0104188
-0.0271193
-0.0405715
-0.0409005
-0.0463862
-0.0633554
-0.0815767
-0.0883179
-0.0841513
-0.0824195
-0.0936821
-0.1136592
-0.1283954
-0.1299150
-0.1239883
-0.1219223
-0.1272071
-0.1327597
-0.1308118
-0.1227258
-0.1174443
-0.1214461
-0.1321524
-0.1411406
-0.1421825
-0.1357889
-0.1278900
-0.1257120
-0.1333921
-0.1482750
-0.1606554
-0.1603273
-0.1469665
-0.1337489
-0.1369507
-0.1591753
-0.1838450
-0.1891666
-0.1688259
-0.1380803
-0.1190196
-0.1210031
-0.1361165
-0.1512900
-0.1609307
-0.1668783
-0.1699495
-0.1663976
-0.1535731
-0.1359074
-0.1223067
-0.1177084
-0.1189644
-0.1196237
-0.1176976
-0.1178049
-0.1259702
-0.1427906
-0.1613146
-0.1711644
-0.1657480
-0.1475381
-0.1272263
-0.1162907
-0.1182470
-0.1265345
-0.1316384
-0.1303641
-0.1272989
-0.1272967
-0.1285139
-0.1246331
-0.1130986
-0.0984130
-0.0860142
-0.0748474
-0.0592207
-0.0391801
-0.0271090
-0.0406340
-0.0858633
-0.1453278
-0.1815874
-0.1548553
-0.0427429
0.1507230
0.4015407
0.6798986
0.9566365
1.1937704
1.3315424
1.2981167
1.0524294
0.6326960
0.1619853
-0.2102769
-0.3941759
-0.4048407
-0.3317941
-0.2629136
-0.2296852
-0.2122783
-0.1838816
-0.1442360
-0.1151105
-0.1129122
-0.1309273
-0.1463012
-0.1406828
-0.1143088
-0.0832845
-0.0648874
-0.0639154
-0.0709711
-0.0734284
-0.0685037
-0.0652130
-0.0727046
-0.0875424
-0.0952186
-0.0859061
-0.0670134
-0.0568613
-0.0651234
-0.0821146
-0.0897406
-0.0817108
-0.0696231
-0.0683118
-0.0781740
-0.0849907
-0.0765220
-0.0559216
-0.0370031
-0.0281621
-0.0239919
-0.0131481
0.0080443
0.0318490
0.0480499
0.0545153
0.0587033
0.0704970
0.0944309
0.1273240
0.1613122
0.1890702
0.2078751
0.2198700
0.2279870
0.2309782
0.2231817
0.2006366
0.1675149
0.1346253
0.1097213
0.0896821
0.0641657
0.0275111
-0.0147585
-0.0525577
-0.0825502
-0.1096957
-0.1372508
-0.1590142
-0.1654646
-0.1573256
-0.1489743
-0.1551972
-0.1754722
-0.1944920
-0.1992214
-0.1930426
-0.1906866
-0.2003289
-0.2140517
-0.2172560
-0.2052241
-0.1878329
-0.1783402
-0.1798593
-0.1837907
-0.1802050
-0.1684311
-0.1577753
-0.1586756
-0.1726766
-0.1898087
-0.1958694
-0.1842532
-0.1623738
-0.1458699
-0.1444957
-0.1530754
-0.1576247
-0.1509754
-0.1405562
-0.1388454
-0.1474153
-0.1540608
-0.1473505
-0.1315582
-0.1236681
-0.1351178
-0.1590231
-0.1772899
-0.1791890
-0.1706360
-0.1651906
-0.1686966
-0.1750141
-0.1756201
-0.1699510
-0.1646411
-0.1644762
-0.1670167
-0.1667101
-0.1622933
-0.1580879
-0.1580079
-0.1601564
-0.1591951
-0.1540218
-0.1508762
-0.1564056
-0.1677143
-0.1722532
-0.1605079
-0.1384744
-0.1242586
-0.1297040
-0.1463839
-0.1531634
-0.1393142
-0.1179922
-0.1134363
-0.1344519
-0.1636412
-0.1751840
-0.1616509
-0.1401600
-0.1323157
-0.1419367
-0.1549499
-0.1584558
-0.1547273
-0.1547969
-0.1620632
-0.1672403
-0.1604626
-0.1449105
-0.1349037
-0.1404593
-0.1560890
-0.1660132
-0.1593062
-0.1389131
-0.1169409
-0.1031847
-0.0987329
-0.0991549
-0.1017844
-0.1085650
-0.1215271
-0.1363365
-0.1423551
-0.1317196
-0.1099584
-0.0964524
-0.1102259
-0.1502879
-0.1876142
-0.1784607
-0.0902365
0.0812190
0.3160621
0.5873683
0.8686074
1.1226008
1.2888953
1.2956951
1.1006742
0.7318075
0.2898969
-0.0976132
-0.3408882
-0.4242966
-0.3944426
-0.3179808
-0.2444284
-0.1939993
-0.1656395
-0.1503215
-0.1405622
-0.1346529
-0.1356234
-0.1454689
-0.1591777
-0.1655551
-0.1561859
-0.1341093
-0.1120788
-0.1011136
-0.1015995
-0.1064781
-0.1112780
-0.1176421
-0.1265820
-0.1322853
-0.1268628
-0.1110027
-0.0959356
-0.0920792
-0.0971265
-0.0985566
-0.0885825
-0.0737459
-0.0668324
-0.0700659
-0.0700387
-0.0516516
-0.0156144
0.0207290
0.0403984
0.0427024
0.0413899
0.0487644
0.0639709
0.0771210
0.0827155
0.0865261
0.0986823
0.1215425
0.1463822
0.1625109
0.1683919
0.1725995
0.1842819
0.2040641
0.2245658
0.2381242
0.2418692
0.2352012
0.2153424
0.1793054
0.1311869
0.0840674
0.0502771
0.0290905
0.0072396
-0.0259645
-0.0654466
-0.0948991
-0.1041615
-0.0992187
-0.0938354
-0.0941960
-0.0954151
-0.0924354
-0.0890500
-0.0921634
-0.0995873
-0.0999237
-0.0871621
-0.0710300
-0.0673836
-0.0790498
-0.0919625
-0.0929357
-0.0867231
-0.0894112
-0.1053743
-0.1177699
-0.1072610
-0.0776867
-0.0559944
-0.0634865
-0.0913283
-0.1102265
-0.1038694
-0.0868464
-0.0862498
-0.1095501
-0.1366077
-0.1434873
-0.1284269
-0.1103649
-0.1048270
-0.1075763
-0.1041596
-0.0909987
-0.0809140
-0.0867485
-0.1040812
-0.1145048
-0.1053817
-0.0826857
-0.0631625
-0.0567749
-0.0597289
-0.0633723
-0.0654785
-0.0700859
-0.0781312
-0.0827039
-0.0761253
-0.0601537
-0.0457078
-0.0412985
-0.0440620
-0.0447627
-0.0408189
-0.0410017
-0.0553431
-0.0818244
-0.1056729
-0.1127792
-0.1028365
-0.0882922
-0.0809888
-0.0814870
-0.0819894
-0.0777348
-0.0726158
-0.0728500
-0.0772972
-0.0766518
-0.0629083
-0.0386442
-0.0157819
-0.0045602
-0.0039927
-0.0046485
-0.0022126
-0.0067981
-0.0337288
-0.0803271
-0.1126814
-0.0821750
0.0382570
0.2336800
0.4662209
0.7133843
0.9771275
1.2436453
1.4374218
1.4379893
1.1704095
0.6922329
0.1825317
-0.1738583
-0.3079226
-0.2866317
-0.2254394
-0.1883496
-0.1667047
-0.1329020
-0.0910275
-0.0693003
-0.0782188
-0.0945593
-0.0895759
-0.0619681
-0.0350690
-0.0265609
-0.0306178
-0.0306756
-0.0212619
-0.0111009
-0.0083814
-0.0107440
-0.0116063
-0.0106824
-0.0129170
-0.0186752
-0.0210668
-0.0155854
-0.0084916
-0.0106096
-0.0230260
-0.0335034
-0.0297498
-0.0140874
-0.0014643
-0.0024360
-0.0105472
-0.0087919
0.0114145
0.0394046
0.0550901
0.0500561
0.0377756
0.0412734
0.0700232
0.1096743
0.1356203
0.1372807
0.1288569
0.1354379
0.1679401
0.2121245
0.2431129
0.2503642
0.2468221
0.2530597
0.2743660
0.2954028
0.2965095
0.2724258
0.2340229
0.1943062
0.1564641
0.1164591
0.0739528
0.0361134
0.0094667
-0.0087494
-0.0274854
-0.0505554
-0.0718818
-0.0836651
-0.0869077
-0.0906746
-0.1009284
-0.1128650
-0.1163057
-0.1079103
-0.0958752
-0.0916048
-0.0980150
-0.1078087
-0.1129374
-0.1132879
-0.1144994
-0.1187933
-0.1207796
-0.1130899
-0.0947186
-0.0727861
-0.0566713
-0.0511393
-0.0546177
-0.0625921
-0.0713658
-0.0785156
-0.0813276
-0.0771108
-0.0662188
-0.0539553
-0.0478146
-0.0516740
-0.0623626
-0.0722440
-0.0759875
-0.0753946
-0.0770404
-0.0842726
-0.0921342
-0.0920818
-0.0822862
-0.0712977
-0.0694126
-0.0769201
-0.0833107
-0.0793862
-0.0687119
-0.0644600
-0.0739470
-0.0881912
-0.0896044
-0.0705622
-0.0422183
-0.0235172
-0.0232087
-0.0349306
-0.0483747
-0.0603629
-0.0723441
-0.0803793
-0.0740551
-0.0487451
-0.0165752
0.0002230
-0.0098716
-0.0349421
-0.0511531
-0.0477298
-0.0377216
-0.0419029
-0.0640750
-0.0862307
-0.0889998
-0.0736272
-0.0602876
-0.0649280
-0.0814616
-0.0899623
-0.0812241
-0.0683204
-0.0706640
-0.0893037
-0.1037494
-0.0950443
-0.0676987
-0.0443428
-0.0401721
-0.0481430
-0.0512932
-0.0446075
-0.0383593
-0.0407294
-0.0458528
-0.0456877
-0.0484331
-0.0716135
-0.1101661
-0.1200160
-0.0474395
0.1218373
0.3508503
0.5921668
0.8289114
1.0592911
1.2411250
1.2757162
1.0766231
0.6667844
0.1967367
-0.1524830
-0.2969417
-0.2883285
-0.2369022
-0.2081590
-0.1937270
-0.1627501
-0.1168058
-0.0873262
-0.0932161
-0.1180172
-0.1313110
-0.1227113
-0.1076232
-0.1037358
-0.1107735
-0.1154148
-0.1094915
-0.0973032
-0.0869703
-0.0807260
-0.0755129
-0.0693807
-0.0642724
-0.0637456
-0.0699431
-0.0818906
-0.0947712
-0.1013984
-0.0970879
-0.0845322
-0.0725870
-0.0682101
-0.0694283
-0.0679492
-0.0595277
-0.0497827
-0.0471682
-0.0508764
-0.0495101
-0.0338368
-0.0084882
0.0123248
0.0204619
0.0224214
0.0314157
0.0530189
0.0806051
0.1042219
0.1214716
0.1381836
0.1594974
0.1829005
0.2012366
0.2108405
0.2142820
0.2152983
0.2135038
0.2052622
0.1882163
0.1633109
0.1329746
0.0990629
0.0632178
0.0283520
-0.0016343
-0.0245736
-0.0423055
-0.0590409
-0.0766284
-0.0920246
-0.1003277
-0.0998879
-0.0934970
-0.0849705
-0.0759578
-0.0664649
-0.0574341
-0.0516441
-0.0514308
-0.0552156
-0.0567998
-0.0497803
-0.0341527
-0.0182951
-0.0129751
-0.0222799
-0.0400070
-0.0548629
-0.0596590
-0.0563660
-0.0527047
-0.0537783
-0.0574222
-0.0582534
-0.0552537
-0.0531056
-0.0554784
-0.0593672
-0.0586735
-0.0531961
-0.0515135
-0.0626784
-0.0848656
-0.1041857
-0.1072142
-0.0952388
-0.0840432
-0.0876857
-0.1034649
-0.1151013
-0.1103656
-0.0928021
-0.0751957
-0.0643906
-0.0559160
-0.0433960
-0.0296118
-0.0247792
-0.0339315
-0.0495048
-0.0594718
-0.0615766
-0.0653664
-0.0787569
-0.0962607
-0.1044313
-0.0979615
-0.0863000
-0.0828629
-0.0903074
-0.0992093
-0.1006608
-0.0969934
-0.0978202
-0.1067135
-0.1154373
-0.1133780
-0.1006004
-0.0882066
-0.0858075
-0.0917468
-0.0969259
-0.0956175
-0.0898364
-0.0840609
-0.0787561
-0.0705573
-0.0577147
-0.0434832
-0.0333241
-0.0294815
-0.0295936
-0.0306660
-0.0328393
-0.0382200
-0.0470752
-0.0566298
-0.0633507
-0.0656022
-0.0647175
-0.0644738
-0.0686998
-0.0778101
-0.0878668
-0.0943896
-0.0970092
-0.0990339
-0.1024295
-0.1050653
-0.1041965
-0.1016082
-0.1028425
-0.1099076
-0.1161866
-0.1119085
-0.0961063
-0.0802941
-0.0764358
-0.0818081
-0.0802604
-0.0607252
-0.0317006
-0.0138779
-0.0184223
-0.0345523
-0.0394472
-0.0205926
0.0104263
0.0252517
0.0019907
-0.0533258
-0.1035978
-0.0993223
-0.0069420
0.1730227
0.4112163
0.6715735
0.9263798
1.1466591
1.2815324
1.2625374
1.0478491
0.6723442
0.2498929
-0.0861606
-0.2591095
-0.2809587
-0.2221701
-0.1539773
-0.1111347
-0.0925663
-0.0824012
-0.0674838
-0.0441736
-0.0190565
-0.0046831
-0.0089318
-0.0255728
-0.0384731
-0.0378399
-0.0299478
-0.0279356
-0.0350784
-0.0414298
-0.0371119
-0.0246417
-0.0151035
-0.0139734
-0.0150485
-0.0101451
-0.0017111
-0.0010945
-0.0135643
-0.0293676
-0.0333833
-0.0219749
-0.0062251
0.0017291
0.0018756
0.0039108
0.0138232
0.0260422
0.0301460
0.0245630
0.0214767
0.0357134
0.0683147
0.1034742
0.1238891
0.1281291
0.1304905
0.1438803
0.1655806
0.1817802
0.1851348
0.1849126
0.1973619
0.2265125
0.2579298
0.2738968
0.2723759
0.2664909
0.2655561
0.2622239
0.2418357
0.2012171
0.1532653
0.1129781
0.0830278
0.0553254
0.0243999
-0.0050289
-0.0252281
-0.0369076
-0.0486603
-0.0642773
-0.0754913
-0.0718348
-0.0560834
-0.0448989
-0.0526346
-0.0771422
-0.1030585
-0.1171830
-0.1187265
-0.1154219
-0.1123400
-0.1068158
-0.0946501
-0.0789083
-0.0692407
-0.0718552
-0.0828136
-0.0929714
-0.0976595
-0.0993342
-0.1020205
-0.1060670
-0.1088401
-0.1086447
-0.1063998
-0.1034206
-0.0987440
-0.0905761
-0.0811134
-0.0774336
-0.0840976
-0.0951005
-0.0970418
-0.0824634
-0.0583236
-0.0394775
-0.0346905
-0.0402854
-0.0465207
-0.0481983
-0.0481074
-0.0507078
-0.0545687
-0.0536470
-0.0461122
-0.0384307
-0.0380596
-0.0443477
-0.0504910
-0.0537823
-0.0595087
-0.0728685
-0.0898015
-0.0991567
-0.0945465
-0.0824562
-0.0765301
-0.0829822
-0.0933611
-0.0941979
-0.0829916
-0.0709367
-0.0689495
-0.0749610
-0.0779717
-0.0720184
-0.0619817
-0.0558048
-0.0544679
-0.0516050
-0.0421572
-0.0294629
-0.0221112
-0.0236854
-0.0279735
-0.0265911
-0.0198176
-0.0160980
-0.0201575
-0.0250339
-0.0190536
-0.0012407
0.0112768
-0.0055419
-0.0578218
-0.1156291
-0.1230324
-0.0349874
0.1506289
0.3982883
0.6713993
0.9572791
1.2480205
1.4959645
1.5999123
1.4575083
1.0529660
0.5008950
-0.0067464
-0.3171358
-0.4014195
-0.3427282
-0.2521156
-0.1924416
-0.1638255
-0.1394645
-0.1051601
-0.0696962
-0.0484701
-0.0448956
-0.0486316
-0.0477833
-0.0389275
-0.0262708
-0.0152355
-0.0082785
-0.0045892
-0.0023049
-0.0015701
-0.0048304
-0.0126807
-0.0210228
-0.0255118
-0.0278243
-0.0331319
-0.0406772
-0.0412114
-0.0267142
-0.0009784
0.0218884
0.0297701
0.0229322
0.0120495
0.0060269
0.0035366
-0.0007289
-0.0030614
0.0091934
0.0410695
0.0789710
0.1031702
0.1100434
0.1156235
0.1357194
0.1670670
0.1914636
0.1972235
0.1932929
0.1999944
0.2265086
0.2611432
0.2859098
0.2963637
0.3010547
0.3038662
0.2964970
0.2718654
0.2375313
0.2087033
0.1900008
0.1698290
0.1339528
0.0822481
0.0303734
-0.0055542
-0.0251714
-0.0425291
-0.0680707
-0.0959608
-0.1125990
-0.1140093
-0.1092027
-0.1080795
-0.1121938
-0.1177524
-0.1221361
-0.1251203
-0.1267213
-0.1263375
-0.1239054
-0.1215436
-0.1227969
-0.1278120
-0.1303487
-0.1247715
-0.1166636
-0.1193854
-0.1360597
-0.1513751
-0.1481538
-0.1288221
-0.1136195
-0.1181608
-0.1381235
-0.1571624
-0.1664245
-0.1730159
-0.1878855
-0.2074541
-0.2140200
-0.1987890
-0.1779694
-0.1758127
-0.1937037
-0.2079330
-0.2008176
-0.1833626
-0.1802831
-0.1988117
-0.2200768
-0.2206936
-0.1987429
-0.1764236
-0.1761837
-0.1957128
-0.2116354
-0.2089024
-0.1982463
-0.1990532
-0.2134230
-0.2271530
-0.2309358
-0.2287224
-0.2264986
-0.2236092
-0.2174202
-0.2100034
-0.2074187
-0.2135223
-0.2232308
-0.2230348
-0.2049738
-0.1810154
-0.1740099
-0.1906999
-0.2135301
-0.2238378
-0.2221396
-0.2187304
-0.2151392
-0.2045188
-0.1839317
-0.1598263
-0.1465825
-0.1600153
-0.2004075
-0.2386878
-0.2316988
-0.1552777
-0.0121958
0.1898361
0.4473166
0.7413442
1.0229192
1.2218379
1.2630598
1.0927626
0.7270684
0.2788287
-0.1014661
-0.3296662
-0.4169049
-0.4045018
-0.3182999
-0.1977626
