-0.0893599
-0.0876954
-0.0747241
-0.0957851
-0.1462113
-0.1806312
-0.1704179
-0.1133441
-0.0012246
0.1807919
0.4260376
0.7095381
1.0137558
1.3148785
1.5403193
1.5779434
1.3566916
0.9197234
0.4155126
0.0137429
-0.1913884
-0.2242273
-0.1850450
-0.1579288
-0.1562360
-0.1508204
-0.1289507
-0.1085103
-0.1071522
-0.1210396
-0.1351973
-0.1402035
-0.1359655
-0.1281831
-0.1233338
-0.1227397
-0.1222377
-0.1197213
-0.1186569
-0.1214672
-0.1253197
-0.1279127
-0.1310506
-0.1346345
-0.1338861
-0.1273036
-0.1213991
-0.1225724
-0.1289127
-0.1338847
-0.1338484
-0.1291471
-0.1223050
-0.1175294
-0.1174521
-0.1182212
-0.1120225
-0.0962479
-0.0767063
-0.0611361
-0.0528920
-0.0502699
-0.0476755
-0.0383517
-0.0208893
-0.0023765
0.0098493
0.0188776
0.0354595
0.0645868
0.0993854
0.1287068
0.1473889
0.1591805
0.1722636
0.1911606
0.2109402
0.2210134
0.2165321
0.2034297
0.1899521
0.1764882
0.1569974
0.1277099
0.0909691
0.0525146
0.0178849
-0.0103030
-0.0339885
-0.0571314
-0.0800469
-0.0981080
-0.1070729
-0.1075230
-0.1035298
-0.0997234
-0.1000172
-0.1055843
-0.1127912
-0.1161622
-0.1147089
-0.1129256
-0.1147902
-0.1191490
-0.1215026
-0.1182742
-0.1096392
-0.1007587
-0.0997533
-0.1110661
-0.1299622
-0.1455642
-0.1498399
-0.1430210
-0.1318158
-0.1241150
-0.1235542
-0.1264545
-0.1250866
-0.1162495
-0.1056074
-0.1015554
-0.1060540
-0.1134481
-0.1169275
-0.1141937
-0.1081597
-0.1040787
-0.1048976
-0.1078135
-0.1064558
-0.0977075
-0.0853192
-0.0760383
-0.0734869
-0.0762296
-0.0800696
-0.0817515
-0.0821224
-0.0856959
-0.0949142
-0.1049699
-0.1074383
-0.1001327
-0.0909318
-0.0903672
-0.1016019
-0.1181348
-0.1300186
-0.1322699
-0.1287064
-0.1276890
-0.1330555
-0.1397327
-0.1394201
-0.1296296
-0.1156482
-0.1047433
-0.1002660
-0.1003943
-0.1005878
-0.0978761
-0.0943316
-0.0954019
-0.1031417
-0.1121111
-0.1140597
-0.1065297
-0.0956444
-0.0906329
-0.0959443
-0.1075852
-0.1165852
-0.1173952
-0.1136225
-0.1141964
-0.1232533
-0.1352826
-0.1410650
-0.1371900
-0.1290928
-0.1256790
-0.1310599
-0.1404860
-0.1448744
-0.1409535
-0.1360748
-0.1401378
-0.1526431
-0.1609984
-0.1533815
-0.1313821
-0.1079209
-0.0933022
-0.0852198
-0.0739010
-0.0572973
-0.0489749
-0.0665193
-0.1092299
-0.1489697
-0.1466804
-0.0792906
0.0499255
0.2262509
0.4454621
0.7165848
1.0364351
1.3554627
1.5718627
1.5764580
1.3265655
0.8908132
0.4207803
0.0643370
-0.1146969
-0.1524136
-0.1331058
-0.1200303
-0.1246822
-0.1280385
-0.1190199
-0.1083452
-0.1115834
-0.1290592
-0.1463184
-0.1504619
-0.1421297
-0.1324956
-0.1312545
-0.1379465
-0.1438541
-0.1416610
-0.1328893
-0.1257415
-0.1263994
-0.1332026
-0.1387492
-0.1368212
-0.1279312
-0.1191534
-0.1179450
-0.1250616
-0.1339835
-0.1379953
-0.1368752
-0.1356528
-0.1379717
-0.1422323
-0.1436058
-0.1383790
-0.1266957
-0.1123603
-0.0999575
-0.0913242
-0.0846507
-0.0769831
-0.0670667
-0.0558382
-0.0450839
-0.0356164
-0.0256421
-0.0110600
0.0108711
0.0376322
0.0627914
0.0822154
0.0979384
0.1150938
0.1358478
0.1571291
0.1738661
0.1838074
0.1889048
0.1915293
0.1894047
0.1759173
0.1471039
0.1077219
0.0685608
0.0373984
0.0134419
-0.0095443
-0.0356458
-0.0621776
-0.0817781
-0.0893622
-0.0877379
-0.0859159
-0.0910878
-0.1026296
-0.1144149
-0.1219539
-0.1260468
-0.1300798
-0.1353816
-0.1398392
-0.1405643
-0.1372356
-0.1321855
-0.1271877
-0.1215577
-0.1147077
-0.1091811
-0.1083666
-0.1113003
-0.1129097
-0.1105930
-0.1074283
-0.1061341
-0.1023901
-0.0896453
-0.0722806
-0.0688800
-0.0943745
-0.1351279
-0.1457549
-0.0779975
0.0845570
0.3228451
0.6111827
0.9372100
1.2796079
1.5680671
1.6870165
1.5462647
1.1636276
0.6764726
0.2594793
0.0153314
-0.0696828
-0.0778478
-0.0782834
-0.0882895
-0.0956438
-0.0962247
-0.1013057
-0.1179422
-0.1368944
-0.1441036
-0.1380047
-0.1302065
-0.1307017
-0.1369917
-0.1391817
-0.1330310
-0.1248492
-0.1236023
-0.1309705
-0.1407741
-0.1464433
-0.1467626
-0.1450233
-0.1450032
-0.1479653
-0.1515679
-0.1512476
-0.1445605
-0.1349916
-0.1297014
-0.1318986
-0.1363412
-0.1343319
-0.1236565
-0.1122281
-0.1101108
-0.1173991
-0.1215253
-0.1087995
-0.0788914
-0.0459824
-0.0245581
-0.0155217
-0.0075765
0.0092423
0.0336887
0.0564440
0.0707481
0.0790109
0.0900324
0.1107777
0.1406295
0.1725648
0.1988348
0.2154062
0.2223502
0.2216714
0.2147897
0.2008766
0.1775303
0.1443354
0.1059278
0.0698622
0.0402619
0.0143493
-0.0135610
-0.0446876
-0.0731426
-0.0911777
-0.0973167
-0.0990417
-0.1064530
-0.1225567
-0.1402999
-0.1498254
-0.1481231
-0.1409274
-0.1360519
-0.1362371
-0.1381621
-0.1368923
-0.1308446
-0.1232728
-0.1193072
-0.1210015
-0.1249279
-0.1249342
-0.1177313
-0.1062041
-0.0974434
-0.0969633
-0.1038427
-0.1114013
-0.1134260
-0.1099217
-0.1061149
-0.1060175
-0.1082579
-0.1085100
-0.1045526
-0.0979850
-0.0919931
-0.0887463
-0.0887461
-0.0916604
-0.0973663
-0.1062601
-0.1184577
-0.1324982
-0.1448049
-0.1506747
-0.1467764
-0.1342398
-0.1197621
-0.1119513
-0.1144034
-0.1221836
-0.1264348
-0.1230190
-0.1161897
-0.1137823
-0.1193387
-0.1288358
-0.1344837
-0.1317677
-0.1234918
-0.1172513
-0.1186175
-0.1263037
-0.1335286
-0.1339905
-0.1273605
-0.1200680
-0.1202689
-0.1300843
-0.1419885
-0.1445401
-0.1335568
-0.1172701
-0.1088066
-0.1130895
-0.1222172
-0.1249671
-0.1210623
-0.1247782
-0.1517820
-0.1996394
-0.2403895
-0.2338268
-0.1508878
0.0129021
0.2436595
0.5251064
0.8444351
1.1778753
1.4683068
1.6237971
1.5566381
1.2461741
0.7754086
0.3001369
-0.0370070
-0.1842770
-0.1910896
-0.1498221
-0.1245638
-0.1240876
-0.1271052
-0.1206859
-0.1124238
-0.1147297
-0.1284317
-0.1442781
-0.1545042
-0.1579759
-0.1565264
-0.1519980
-0.1479495
-0.1498573
-0.1597943
-0.1718236
-0.1761971
-0.1697920
-0.1607519
-0.1603338
-0.1700207
-0.1789189
-0.1753720
-0.1598984
-0.1447844
-0.1413935
-0.1497734
-0.1606284
-0.1650572
-0.1610585
-0.1523169
-0.1432783
-0.1358853
-0.1294235
-0.1218756
-0.1113486
-0.0974816
-0.0825824
-0.0708823
-0.0650341
-0.0626879
-0.0576869
-0.0458390
-0.0291342
-0.0133329
-0.0015101
0.0093897
0.0257756
0.0516892
0.0853477
0.1203282
0.1499544
0.1712012
0.1849947
0.1930913
0.1949024
0.1873501
0.1677320
0.1370759
0.1011518
0.0677450
0.0416491
0.0215758
0.0022802
-0.0197884
-0.0427408
-0.0608161
-0.0695353
-0.0699892
-0.0688321
-0.0734882
-0.0857857
-0.0996478
-0.1059746
-0.1009699
-0.0900467
-0.0834261
-0.0875574
-0.1001068
-0.1125881
-0.1179393
-0.1162964
-0.1139786
-0.1168512
-0.1243316
-0.1295498
-0.1255767
-0.1123876
-0.0981092
-0.0919656
-0.0941126
-0.0935186
-0.0800253
-0.0605844
-0.0593683
-0.0941829
-0.1488314
-0.1717352
-0.1079806
0.0631868
0.3207782
0.6277274
0.9558056
1.2777172
1.5376214
1.6466121
1.5299779
1.1934696
0.7431548
0.3299100
0.0602720
-0.0538025
-0.0728358
-0.0671292
-0.0714118
-0.0845884
-0.0958073
-0.1027118
-0.1094221
-0.1174905
-0.1245641
-0.1294333
-0.1337408
-0.1382859
-0.1407112
-0.1385374
-0.1331467
-0.1290226
-0.1290959
-0.1319288
-0.1340150
-0.1343977
-0.1361149
-0.1425145
-0.1524337
-0.1598853
-0.1590677
-0.1497130
-0.1375834
-0.1298927
-0.1297488
-0.1339584
-0.1357925
-0.1306652
-0.1201067
-0.1103694
-0.1066855
-0.1083240
-0.1088799
-0.1016199
-0.0855573
-0.0670801
-0.0549486
-0.0521982
-0.0525251
-0.0456555
-0.0272080
-0.0031504
0.0159689
0.0253637
0.0307352
0.0429643
0.0680501
0.1017435
0.1334075
0.1547010
0.1646128
0.1669564
0.1641847
0.1540920
0.1321993
0.0974083
0.0558915
0.0189376
-0.0050889
-0.0180775
-0.0304665
-0.0502821
-0.0738529
-0.0893010
-0.0901421
-0.0836166
-0.0829567
-0.0914039
-0.0973157
-0.0887174
-0.0722061
-0.0724668
-0.1081867
-0.1679261
-0.2122962
-0.2007752
-0.1146228
0.0459576
0.2794517
0.5851724
0.9385515
1.2657432
1.4564680
1.4225772
1.1619218
0.7720213
0.3957184
0.1384649
0.0196781
-0.0116497
-0.0211172
-0.0428902
-0.0736690
-0.0970972
-0.1075941
-0.1133936
-0.1238930
-0.1393712
-0.1528587
-0.1586483
-0.1571418
-0.1529005
-0.1502505
-0.1509152
-0.1541756
-0.1579682
-0.1599932
-0.1588764
-0.1552506
-0.1517868
-0.1512452
-0.1536425
-0.1557891
-0.1548554
-0.1524950
-0.1538738
-0.1613248
-0.1697365
-0.1702978
-0.1598660
-0.1456110
-0.1385253
-0.1417444
-0.1466451
-0.1420963
-0.1271550
-0.1125082
-0.1084021
-0.1127415
-0.1129725
-0.0991880
-0.0735454
-0.0467314
-0.0271198
-0.0142915
-0.0013621
0.0185846
0.0479001
0.0832556
0.1171895
0.1420763
0.1553298
0.1613597
0.1663692
0.1698947
0.1634787
0.1405351
0.1067002
0.0763930
0.0575004
0.0430618
0.0221640
-0.0027634
-0.0161378
-0.0102416
-0.0015838
-0.0177032
-0.0632333
-0.1020507
-0.0785405
0.0417175
0.2530794
0.5271902
0.8376597
1.1573844
1.4338589
1.5836002
1.5313897
1.2683129
0.8740236
0.4769945
0.1823277
0.0230832
-0.0344611
-0.0481632
-0.0595271
-0.0803208
-0.1028621
-0.1165338
-0.1179604
-0.1122781
-0.1081987
-0.1113034
-0.1205453
-0.1305297
-0.1369619
-0.1398591
-0.1419991
-0.1450944
-0.1478558
-0.1475718
-0.1433251
-0.1376407
-0.1349277
-0.1380209
-0.1458211
-0.1539953
-0.1580914
-0.1565713
-0.1514436
-0.1461473
-0.1427580
-0.1411875
-0.1407015
-0.1412871
-0.1429915
-0.1446525
-0.1445384
-0.1424631
-0.1403670
-0.1401105
-0.1408540
-0.1389815
-0.1307208
-0.1151193
-0.0950711
-0.0757107
-0.0611594
-0.0516828
-0.0433946
-0.0312171
-0.0131646
0.0079297
0.0275978
0.0449831
0.0636302
0.0853161
0.1036417
0.1068329
0.0892096
0.0587190
0.0302437
0.0107855
-0.0064624
-0.0315535
-0.0629426
-0.0867116
-0.0919768
-0.0845363
-0.0816490
-0.0929820
-0.1100103
-0.1167169
-0.1089270
-0.0991428
-0.1013170
-0.1139741
-0.1215092
-0.1117067
-0.0892080
-0.0704176
-0.0666658
-0.0744019
-0.0817022
-0.0819730
-0.0793183
-0.0812351
-0.0887162
-0.0952308
-0.0946768
-0.0885539
-0.0845674
-0.0886536
-0.0989208
-0.1074994
-0.1082646
-0.1026874
-0.0980163
-0.0997697
-0.1063194
-0.1110053
-0.1092272
-0.1029618
-0.0982375
-0.0986067
-0.1017068
-0.1025563
-0.0997927
-0.0974823
-0.0998998
-0.1051663
-0.1058952
-0.0973268
-0.0841243
-0.0773129
-0.0833961
-0.0969820
-0.1055010
-0.1018962
-0.0919390
-0.0878270
-0.0946172
-0.1044958
-0.1055060
-0.0949795
-0.0825300
-0.0795094
-0.0871005
-0.0961261
-0.0979820
-0.0940474
-0.0934986
-0.1026150
-0.1175083
-0.1277642
-0.1265698
-0.1166447
-0.1065593
-0.1020815
-0.1013875
-0.0982634
-0.0895426
-0.0792558
-0.0751256
-0.0805017
-0.0900561
-0.0945675
-0.0904521
-0.0835595
-0.0823883
-0.0881227
-0.0933127
-0.0912853
-0.0852639
-0.0856261
-0.0974836
-0.1130743
-0.1189286
-0.1104895
-0.0972179
-0.0917997
-0.0960003
-0.0999028
-0.0950990
-0.0855185
-0.0826571
-0.0910790
-0.1018928
-0.1023641
-0.0905423
-0.0776675
-0.0753587
-0.0824598
-0.0868478
-0.0798909
-0.0664463
-0.0588537
-0.0624101
-0.0694937
-0.0688243
-0.0586352
-0.0485598
-0.0485733
-0.0580621
-0.0673135
-0.0690574
-0.0663661
-0.0680533
-0.0775229
-0.0882760
-0.0909637
-0.0835074
-0.0730060
-0.0680618
-0.0705037
-0.0750988
-0.0765193
-0.0753760
-0.0769233
-0.0842920
-0.0938471
-0.0978041
-0.0915944
-0.0787004
-0.0682378
-0.0673993
-0.0754803
-0.0848227
-0.0879586
-0.0844748
-0.0809482
-0.0837587
-0.0919630
-0.0978065
-0.0946391
-0.0839837
-0.0741793
-0.0720030
-0.0763170
-0.0805541
-0.0808961
-0.0804387
-0.0844143
-0.0924946
-0.0980394
-0.0955805
-0.0872230
-0.0797163
-0.0758738
-0.0716133
-0.0629162
-0.0537892
-0.0538786
-0.0669101
-0.0837179
-0.0898792
-0.0808134
-0.0670680
-0.0629034
-0.0708395
-0.0798388
-0.0786403
-0.0680266
-0.0581793
-0.0562320
-0.0604848
-0.0674020
-0.0792722
-0.0985598
-0.1132057
-0.0925369
-0.0042875
0.1620857
0.3908022
0.6579764
0.9476327
1.2406887
1.4867981
1.5991686
1.4977183
1.1745569
0.7218019
0.2870209
-0.0135459
-0.1539081
-0.1858395
-0.1773948
-0.1632690
-0.1438530
-0.1155767
-0.0899863
-0.0833011
-0.0964988
-0.1136463
-0.1200199
-0.1171204
-0.1174298
-0.1273231
-0.1395766
-0.1432679
-0.1373890
-0.1314512
-0.1335369
-0.1411759
-0.1455939
-0.1430040
-0.1387824
-0.1398780
-0.1450792
-0.1450459
-0.1324960
-0.1112143
-0.0936362
-0.0891691
-0.0954775
-0.1018182
-0.1006577
-0.0950841
-0.0942054
-0.1017526
-0.1105960
-0.1096578
-0.0960564
-0.0789682
-0.0702955
-0.0720369
-0.0745127
-0.0675994
-0.0521358
-0.0383604
-0.0334202
-0.0328284
-0.0259082
-0.0085189
0.0122102
0.0265784
0.0336531
0.0415551
0.0568700
0.0767757
0.0937336
0.1064855
0.1230135
0.1512473
0.1887729
0.2241467
0.2481841
0.2616611
0.2707590
0.2768005
0.2735177
0.2553551
0.2263607
0.1981696
0.1786740
0.1643422
0.1451522
0.1165996
0.0853042
0.0621950
0.0510706
0.0449840
0.0339847
0.0156345
-0.0027322
-0.0119343
-0.0104176
-0.0055650
-0.0060895
-0.0138641
-0.0233555
-0.0282817
-0.0278378
-0.0262693
-0.0273140
-0.0302499
-0.0316732
-0.0302368
-0.0284183
-0.0293210
-0.0326487
-0.0349733
-0.0341362
-0.0324783
-0.0347263
-0.0425032
-0.0515623
-0.0552456
-0.0510192
-0.0433226
-0.0395074
-0.0429372
-0.0505275
-0.0571545
-0.0615118
-0.0663461
-0.0729893
-0.0775874
-0.0748082
-0.0652828
-0.0572211
-0.0587071
-0.0687753
-0.0781268
-0.0795611
-0.0761389
-0.0769787
-0.0852598
-0.0929256
-0.0890886
-0.0727517
-0.0550089
-0.0480555
-0.0534503
-0.0623353
-0.0661630
-0.0651051
-0.0653798
-0.0701409
-0.0752249
-0.0742591
-0.0665632
-0.0587010
-0.0581900
-0.0662606
-0.0769154
-0.0827180
-0.0813558
-0.0768734
-0.0749068
-0.0769297
-0.0793033
-0.0780028
-0.0739382
-0.0729380
-0.0800160
-0.0937958
-0.1070668
-0.1131066
-0.1114777
-0.1077278
-0.1076591
-0.1118813
-0.1155410
-0.1130598
-0.1034513
-0.0915578
-0.0839372
-0.0826460
-0.0826145
-0.0761036
-0.0613778
-0.0475200
-0.0493345
-0.0751077
-0.1172562
-0.1537988
-0.1590017
-0.1140922
-0.0103707
0.1551013
0.3841866
0.6747218
1.0075867
1.3316079
1.5627147
1.6108634
1.4287465
1.0518445
0.5945827
0.1953696
-0.0550172
-0.1507414
-0.1505460
-0.1235779
-0.1075609
-0.1049093
-0.1046702
-0.1016823
-0.0986819
-0.0989018
-0.1019390
-0.1055486
-0.1080882
-0.1088615
-0.1083725
-0.1091073
-0.1139798
-0.1220109
-0.1266613
-0.1213482
-0.1075271
-0.0951877
-0.0931448
-0.0993744
-0.1031755
-0.0975335
-0.0874754
-0.0843638
-0.0925997
-0.1042362
-0.1076669
-0.1002191
-0.0904761
-0.0884237
-0.0949563
-0.1017942
-0.1005917
-0.0907896
-0.0788140
-0.0710480
-0.0682446
-0.0657943
-0.0581687
-0.0433029
-0.0241006
-0.0064861
0.0049002
0.0105663
0.0160600
0.0269789
0.0433086
0.0593443
0.0704275
0.0797990
0.0972652
0.1294326
0.1709880
0.2066599
0.2228624
0.2177753
0.2001689
0.1791144
0.1558460
0.1257160
0.0867780
0.0448941
0.0099845
-0.0121854
-0.0242329
-0.0338486
-0.0468642
-0.0630963
-0.0777921
-0.0864929
-0.0889827
-0.0893130
-0.0919792
-0.0973656
-0.1007437
-0.0966466
-0.0851982
-0.0738035
-0.0712107
-0.0790979
-0.0901506
-0.0954281
-0.0934741
-0.0910605
-0.0945666
-0.1018189
-0.1039899
-0.0956557
-0.0815622
-0.0722803
-0.0735500
-0.0810085
-0.0855215
-0.0826162
-0.0760659
-0.0731610
-0.0777569
-0.0876610
-0.0970999
-0.1008691
-0.0974203
-0.0899859
-0.0849671
-0.0873486
-0.0959677
-0.1037027
-0.1040329
-0.0979795
-0.0932667
-0.0954532
-0.1007785
-0.0997982
-0.0886101
-0.0747298
-0.0700216
-0.0781035
-0.0905105
-0.0960910
-0.0929867
-0.0897377
-0.0945924
-0.1053324
-0.1109986
-0.1034802
-0.0863511
-0.0718081
-0.0693250
-0.0776093
-0.0871060
-0.0895138
-0.0848277
-0.0800227
-0.0817537
-0.0902839
-0.0996895
-0.1032576
-0.0988213
-0.0897747
-0.0818299
-0.0788420
-0.0808795
-0.0853051
-0.0893801
-0.0921984
-0.0946336
-0.0976972
-0.1009888
-0.1027323
-0.1014232
-0.0977021
-0.0947698
-0.0965932
-0.1048105
-0.1166753
-0.1261826
-0.1281033
-0.1217626
-0.1110792
-0.1006625
-0.0916952
-0.0816649
-0.0680502
-0.0520387
-0.0388328
-0.0351017
-0.0461461
-0.0730231
-0.1081680
-0.1316942
-0.1148528
-0.0327861
0.1227922
0.3437638
0.6173259
0.9307341
1.2552205
1.5238126
1.6382142
1.5202897
1.1754912
0.7100584
0.2764152
-0.0144466
-0.1439891
-0.1665355
-0.1493660
-0.1298467
-0.1156327
-0.1067349
-0.1065113
-0.1151983
-0.1242980
-0.1241786
-0.1150684
-0.1057452
-0.1013389
-0.0968749
-0.0854719
-0.0701524
-0.0629273
-0.0712022
-0.0881381
-0.0991405
-0.0971711
-0.0893424
-0.0879080
-0.0965436
-0.1070724
-0.1091633
-0.1014892
-0.0925334
-0.0913302
-0.0987319
-0.1078272
-0.1116861
-0.1096566
-0.1064083
-0.1060246
-0.1077364
-0.1070391
-0.1001262
-0.0869076
-0.0702443
-0.0531255
-0.0368427
-0.0211089
-0.0048842
0.0129833
0.0329361
0.0538757
0.0737934
0.0922311
0.1119072
0.1365258
0.1661269
0.1954243
0.2182900
0.2341682
0.2484958
0.2651197
0.2787513
0.2773903
0.2541185
0.2158538
0.1783532
0.1516558
0.1313444
0.1049060
0.0659054
0.0207608
-0.0180021
-0.0434807
-0.0588109
-0.0715241
-0.0855868
-0.0990853
-0.1076802
-0.1086327
-0.1022305
-0.0915143
-0.0813457
-0.0759911
-0.0757054
-0.0759662
-0.0717734
-0.0633149
-0.0562603
-0.0554594
-0.0589815
-0.0597985
-0.0537174
-0.0445750
-0.0405190
-0.0454108
-0.0549998
-0.0618962
-0.0633122
-0.0630004
-0.0661810
-0.0739221
-0.0826765
-0.0880844
-0.0884583
-0.0854564
-0.0826409
-0.0831773
-0.0875001
-0.0925372
-0.0942125
-0.0919807
-0.0905631
-0.0954076
-0.1053692
-0.1111366
-0.1032711
-0.0826122
-0.0612675
-0.0517072
-0.0550548
-0.0611689
-0.0600489
-0.0517522
-0.0446269
-0.0452448
-0.0517733
-0.0571793
-0.0573545
-0.0549331
-0.0555996
-0.0619161
-0.0711875
-0.0785599
-0.0814166
-0.0811134
-0.0813651
-0.0850789
-0.0919730
-0.0987822
-0.1021354
-0.1016244
-0.0998902
-0.0995747
-0.1006536
-0.1011854
-0.1002641
-0.0993697
-0.1005319
-0.1036504
-0.1060895
-0.1048068
-0.0986057
-0.0886224
-0.0775148
-0.0685795
-0.0646415
-0.0661478
-0.0699785
-0.0715565
-0.0694691
-0.0674906
-0.0705418
-0.0783835
-0.0846110
-0.0829591
-0.0742156
-0.0659304
-0.0650923
-0.0715972
-0.0791005
-0.0817366
-0.0795417
-0.0777099
-0.0812451
-0.0899390
-0.0971895
-0.0937252
-0.0754522
-0.0510452
-0.0409325
-0.0627902
-0.1120404
-0.1562248
-0.1530955
-0.0779697
0.0669835
0.2707200
0.5344234
0.8624744
1.2229977
1.5212657
1.6309488
1.4751850
1.0921684
0.6226046
0.2236330
-0.0202290
-0.1205654
-0.1392732
-0.1285612
-0.1087561
-0.0853510
-0.0687900
-0.0712106
-0.0909298
-0.1106814
-0.1149909
-0.1060357
-0.0991182
-0.1040325
-0.1145697
-0.1170889
-0.1066102
-0.0920325
-0.0861164
-0.0924858
-0.1032466
-0.1081116
-0.1044004
-0.0982413
-0.0974331
-0.1039857
-0.1127948
-0.1162438
-0.1101605
-0.0967942
-0.0830719
-0.0754508
-0.0752499
-0.0783661
-0.0796026
-0.0773935
-0.0742863
-0.0729083
-0.0718618
-0.0662074
-0.0524699
-0.0329678
-0.0143749
-0.0015032
0.0070185
0.0163040
0.0289577
0.0424656
0.0532361
0.0622946
0.0756695
0.0986501
0.1301295
0.1633254
0.1922205
0.2166532
0.2403739
0.2643242
0.2828721
0.2873636
0.2732941
0.2440150
0.2081112
0.1736129
0.1439249
0.1177429
0.0918862
0.0644227
0.0360123
0.0090979
-0.0140081
-0.0327352
-0.0484511
-0.0628616
-0.0757609
-0.0845926
-0.0870036
-0.0840284
-0.0800661
-0.0791256
-0.0813031
-0.0834533
-0.0833097
-0.0823742
-0.0841534
-0.0894679
-0.0941745
-0.0924932
-0.0829003
-0.0701540
-0.0610041
-0.0582432
-0.0593848
-0.0605876
-0.0607916
-0.0618439
-0.0655062
-0.0711375
-0.0761658
-0.0782765
-0.0770730
-0.0742140
-0.0725386
-0.0747408
-0.0816378
-0.0909227
-0.0984627
-0.1023291
-0.1054514
-0.1124379
-0.1227130
-0.1283219
-0.1210425
-0.1023675
-0.0848272
-0.0815029
-0.0937534
-0.1100349
-0.1172993
-0.1129736
-0.1051060
-0.1016464
-0.1016984
-0.0981431
-0.0870692
-0.0722962
-0.0607051
-0.0552367
-0.0535569
-0.0522811
-0.0507823
-0.0509035
-0.0542993
-0.0607421
-0.0683033
-0.0742908
-0.0764199
-0.0745592
-0.0719897
-0.0736368
-0.0813264
-0.0910595
-0.0968887
-0.0980337
-0.1001463
-0.1077470
-0.1166934
-0.1171381
-0.1048989
-0.0877690
-0.0781947
-0.0799750
-0.0845751
-0.0819563
-0.0734517
-0.0710020
-0.0828726
-0.1024937
-0.1139875
-0.1084313
-0.0925154
-0.0805989
-0.0800354
-0.0856489
-0.0874364
-0.0815011
-0.0728984
-0.0691954
-0.0727361
-0.0792243
-0.0826998
-0.0810306
-0.0770187
-0.0753385
-0.0787184
-0.0861111
-0.0935732
-0.0970043
-0.0947215
-0.0880207
-0.0801677
-0.0758491
-0.0808296
-0.0985310
-0.1228162
-0.1331587
-0.0998378
0.0020345
0.1809425
0.4292585
0.7308354
1.0612385
1.3748510
1.5950899
1.6330857
1.4379571
1.0445101
0.5726011
0.1670114
-0.0811992
-0.1726978
-0.1730783
-0.1515218
-0.1380005
-0.1261361
-0.1041842
-0.0769824
-0.0606958
-0.0638637
-0.0787071
-0.0902528
-0.0907699
-0.0846174
-0.0813075
-0.0857110
-0.0944150
-0.0999646
-0.0980271
-0.0909750
-0.0851578
-0.0847943
-0.0882120
-0.0898696
-0.0863430
-0.0805451
-0.0794200
-0.0864867
-0.0968339
-0.1009765
-0.0946086
-0.0837517
-0.0789836
-0.0844965
-0.0936791
-0.0958600
-0.0869595
-0.0729469
-0.0627585
-0.0583737
-0.0526908
-0.0374106
-0.0122249
0.0146315
0.0346128
0.0467377
0.0573621
0.0731724
0.0948900
0.1173503
0.1352588
0.1489491
0.1645431
0.1881606
0.2197748
0.2527485
0.2791183
0.2948903
0.3003398
0.2962214
0.2811345
0.2535734
0.2162698
0.1767816
0.1419582
0.1118301
0.0807060
0.0452327
0.0100479
-0.0162189
-0.0302165
-0.0375027
-0.0462898
-0.0584509
-0.0676974
-0.0667085
-0.0554919
-0.0422782
-0.0362939
-0.0400680
-0.0486986
-0.0556413
-0.0584303
-0.0594117
-0.0622573
-0.0680420
-0.0739451
-0.0756154
-0.0715791
-0.0655235
-0.0633098
-0.0670685
-0.0728146
-0.0748096
-0.0723141
-0.0711918
-0.0779171
-0.0917974
-0.1040046
-0.1055807
-0.0966208
-0.0864637
-0.0841574
-0.0896231
-0.0951612
-0.0947945
-0.0903273
-0.0878495
-0.0897969
-0.0919912
-0.0885965
-0.0789343
-0.0684049
-0.0627235
-0.0622787
-0.0628507
-0.0610385
-0.0576410
-0.0559258
-0.0581234
-0.0639653
-0.0710852
-0.0758446
-0.0751538
-0.0694868
-0.0640023
-0.0646727
-0.0719226
-0.0789084
-0.0781046
-0.0704464
-0.0663539
-0.0751983
-0.0934527
-0.1059073
-0.1009774
-0.0839199
-0.0722878
-0.0777019
-0.0939245
-0.1040960
-0.0985776
-0.0840257
-0.0750746
-0.0788537
-0.0889725
-0.0939822
-0.0894981
-0.0807026
-0.0745044
-0.0722006
-0.0705491
-0.0675455
-0.0647656
-0.0646631
-0.0676552
-0.0721938
-0.0761769
-0.0775185
-0.0745582
-0.0676159
-0.0602682
-0.0573554
-0.0599552
-0.0627418
-0.0588236
-0.0488169
-0.0435714
-0.0548994
-0.0824051
-0.1100616
-0.1154654
-0.0809143
0.0045561
0.1508673
0.3700019
0.6686565
1.0316956
1.4062302
1.7007869
1.8110202
1.6687284
1.2892417
0.7812307
0.3004086
-0.0300458
-0.1777007
-0.1958121
-0.1655291
-0.1387296
-0.1248324
-0.1157504
-0.1102100
-0.1132471
-0.1227910
-0.1276504
-0.1207260
-0.1090094
-0.1060767
-0.1157619
-0.1272887
-0.1278963
-0.1173806
-0.1072927
-0.1070407
-0.1141802
-0.1188729
-0.1149000
-0.1043958
-0.0935630
-0.0863624
-0.0824024
-0.0790921
-0.0747775
-0.0702819
-0.0681772
-0.0705394
-0.0765906
-0.0818443
-0.0801877
-0.0686275
-0.0510609
-0.0363776
-0.0311466
-0.0337190
-0.0360104
-0.0311170
-0.0189858
-0.0051515
0.0053494
0.0129006
0.0226576
0.0389377
0.0602218
0.0804067
0.0954126
0.1077891
0.1240303
0.1477919
0.1764156
0.2035871
0.2243680
0.2376551
0.2448109
0.2468940
0.2434366
0.2332944
0.2157197
0.1905034
0.1583567
0.1221231
0.0864683
0.0545256
0.0251847
-0.0042318
-0.0321602
-0.0517437
-0.0573547
-0.0516720
-0.0448344
-0.0459659
-0.0556048
-0.0664543
-0.0713685
-0.0703566
-0.0696801
-0.0746671
-0.0843939
-0.0934017
-0.0973360
-0.0962410
-0.0934837
-0.0926856
-0.0951973
-0.0993968
-0.1024037
-0.1029711
-0.1024357
-0.1024904
-0.1026842
-0.1008495
-0.0956022
-0.0877427
-0.0794855
-0.0729745
-0.0694412
-0.0691215
-0.0714329
-0.0749678
-0.0776413
-0.0779715
-0.0769398
-0.0775602
-0.0810990
-0.0842369
-0.0820473
-0.0743783
-0.0676373
-0.0688803
-0.0785441
-0.0898537
-0.0953802
-0.0938845
-0.0907950
-0.0922169
-0.0987824
-0.1056096
-0.1077041
-0.1042014
-0.0974965
-0.0904514
-0.0859199
-0.0872184
-0.0960501
-0.1094578
-0.1207925
-0.1251346
-0.1234482
-0.1206919
-0.1198783
-0.1186636
-0.1125256
-0.1012400
-0.0908135
-0.0876043
-0.0911341
-0.0945711
-0.0924849
-0.0863107
-0.0814756
-0.0808219
-0.0821886
-0.0814940
-0.0768421
-0.0699778
-0.0647843
-0.0642791
-0.0681491
-0.0727064
-0.0735683
-0.0693292
-0.0635231
-0.0625818
-0.0700643
-0.0820152
-0.0895792
-0.0879706
-0.0821457
-0.0817822
-0.0907460
-0.1029871
-0.1088971
-0.1044953
-0.0943429
-0.0868017
-0.0869155
-0.0928206
-0.0980076
-0.0971188
-0.0904180
-0.0836088
-0.0833942
-0.0917343
-0.1028763
-0.1068525
-0.0984756
-0.0836189
-0.0746188
-0.0780756
-0.0882430
-0.0934248
-0.0878029
-0.0759385
-0.0668321
-0.0653331
-0.0692476
-0.0732600
-0.0745302
-0.0744724
-0.0759763
-0.0799967
-0.0848699
-0.0876162
-0.0853618
-0.0772722
-0.0668386
-0.0609956
-0.0642834
-0.0735191
-0.0800886
-0.0783805
-0.0712313
-0.0668210
-0.0707839
-0.0811968
-0.0904735
-0.0921609
-0.0865202
-0.0795941
-0.0768015
-0.0779827
-0.0788625
-0.0764361
-0.0722542
-0.0708595
-0.0751630
-0.0826761
-0.0865006
-0.0815628
-0.0703804
-0.0612928
-0.0601790
-0.0648961
-0.0684210
-0.0662849
-0.0601451
-0.0551238
-0.0547386
-0.0580461
-0.0610135
-0.0606036
-0.0574608
-0.0545903
-0.0542552
-0.0568612
-0.0617759
-0.0676614
-0.0725788
-0.0756560
-0.0787920
-0.0851099
-0.0950115
-0.1044346
-0.1075301
-0.1014435
-0.0894456
-0.0795866
-0.0785374
-0.0851465
-0.0908074
-0.0875836
-0.0756284
-0.0618935
-0.0528344
-0.0503459
-0.0545158
-0.0675977
-0.0919544
-0.1215613
-0.1353589
-0.1025771
0.0002735
0.1757081
0.4093597
0.6855358
0.9910173
1.2965190
1.5366469
1.6212994
1.4854333
1.1432954
0.6986096
0.2926960
0.0252533
-0.0912429
-0.1120238
-0.1022426
-0.0953834
-0.0942161
-0.0945130
-0.0984779
-0.1089539
-0.1206686
-0.1238528
-0.1162294
-0.1071660
-0.1070033
-0.1141042
-0.1168321
-0.1089997
-0.0987350
-0.0985833
-0.1095304
-0.1194702
-0.1174668
-0.1058947
-0.0969716
-0.0991983
-0.1090870
-0.1160453
-0.1138707
-0.1059158
-0.0991043
-0.0955412
-0.0923666
-0.0880004
-0.0843163
-0.0822141
-0.0790102
-0.0723932
-0.0645076
-0.0596237
-0.0588234
-0.0589474
-0.0565962
-0.0519701
-0.0481971
-0.0465171
-0.0422957
-0.0275120
0.0011566
0.0375129
0.0707327
0.0947711
0.1121192
0.1297613
0.1532682
0.1834886
0.2162008
0.2448331
0.2652713
0.2783248
0.2869459
0.2918729
0.2907522
0.2802455
0.2580976
0.2249481
0.1857310
0.1477285
0.1151218
0.0860170
0.0561607
0.0249789
-0.0030458
-0.0225391
-0.0325101
-0.0381713
-0.0469877
-0.0613162
-0.0754675
-0.0821703
-0.0814066
-0.0800146
-0.0826321
-0.0863919
-0.0855272
-0.0783336
-0.0680361
-0.0587966
-0.0524965
-0.0485207
-0.0456349
-0.0439110
-0.0442032
-0.0456787
-0.0459562
-0.0450102
-0.0464480
-0.0522346
-0.0580527
-0.0574360
-0.0500634
-0.0430752
-0.0438400
-0.0528739
-0.0636260
-0.0684226
-0.0656581
-0.0617850
-0.0645711
-0.0738211
-0.0811266
-0.0796829
-0.0714836
-0.0633538
-0.0589102
-0.0567443
-0.0541977
-0.0503492
-0.0464382
-0.0449797
-0.0475832
-0.0528951
-0.0575556
-0.0589840
-0.0561645
-0.0493716
-0.0418808
-0.0402724
-0.0486203
-0.0623627
-0.0718490
-0.0726441
-0.0694725
-0.0699232
-0.0770279
-0.0877008
-0.0955177
-0.0953374
-0.0881689
-0.0815402
-0.0828332
-0.0923414
-0.1039173
-0.1108567
-0.1100304
-0.1031697
-0.0963733
-0.0955196
-0.0994921
-0.1004390
-0.0930357
-0.0806822
-0.0704580
-0.0654538
-0.0646826
-0.0668851
-0.0709897
-0.0753865
-0.0795729
-0.0844664
-0.0893417
-0.0907821
-0.0858394
-0.0741729
-0.0578245
-0.0429449
-0.0409571
-0.0615532
-0.1014824
-0.1424509
-0.1601258
-0.1333353
-0.0482723
0.0994477
0.3066478
0.5690519
0.8789235
1.2042021
1.4704589
1.5797008
1.4653904
1.1418859
0.7079372
0.2991924
0.0186063
-0.1101927
-0.1338314
-0.1166447
-0.0961264
-0.0807083
-0.0711050
-0.0700039
-0.0771671
-0.0877634
-0.0966274
-0.1003702
-0.0989421
-0.0983113
-0.1055857
-0.1179224
-0.1234955
-0.1171759
-0.1071752
-0.1026828
-0.1041911
-0.1093881
-0.1177852
-0.1254019
-0.1261022
-0.1222607
-0.1226588
-0.1270067
-0.1256252
-0.1165874
-0.1081900
-0.1027530
-0.0950460
-0.0878693
-0.0891442
-0.0923667
-0.0832638
-0.0672959
-0.0628456
-0.0645681
-0.0479430
-0.0183724
-0.0160211
-0.0537157
