-0.0678314
-0.0395864
-0.0212915
-0.0256447
-0.0307459
-0.0100721
0.0305212
0.0621747
0.0719108
0.0746573
0.0881770
0.1118944
0.1342023
0.1496322
0.1628039
0.1802026
0.2016576
0.2186259
0.2215361
0.2107161
0.1972142
0.1893054
0.1814807
0.1619238
0.1288154
0.0938387
0.0700596
0.0602846
0.0567241
0.0487533
0.0317086
0.0109621
-0.0032384
-0.0069192
-0.0070329
-0.0130014
-0.0253003
-0.0348468
-0.0326577
-0.0184091
-0.0007704
0.0091866
0.0064492
-0.0041230
-0.0129902
-0.0155412
-0.0154154
-0.0183759
-0.0253237
-0.0322611
-0.0350083
-0.0328231
-0.0290709
-0.0291272
-0.0357586
-0.0455742
-0.0516141
-0.0504346
-0.0454855
-0.0428473
-0.0446958
-0.0475090
-0.0460518
-0.0390453
-0.0312850
-0.0293516
-0.0344133
-0.0406390
-0.0424050
-0.0417568
-0.0460369
-0.0581663
-0.0716742
-0.0763858
-0.0682306
-0.0532232
-0.0423338
-0.0421116
-0.0495134
-0.0559345
-0.0564043
-0.0541174
-0.0558203
-0.0640384
-0.0744668
-0.0798267
-0.0756972
-0.0641508
-0.0529907
-0.0502544
-0.0575921
-0.0688140
-0.0756187
-0.0749280
-0.0708092
-0.0698015
-0.0742793
-0.0796981
-0.0786268
-0.0685622
-0.0555710
-0.0487990
-0.0511389
-0.0566136
-0.0574723
-0.0528090
-0.0493926
-0.0542800
-0.0668301
-0.0779646
-0.0779694
-0.0658923
-0.0509480
-0.0437996
-0.0466205
-0.0523886
-0.0534341
-0.0494513
-0.0468730
-0.0511160
-0.0600293
-0.0654241
-0.0616141
-0.0521351
-0.0466109
-0.0503695
-0.0584591
-0.0611938
-0.0549413
-0.0460271
-0.0438504
-0.0509481
-0.0602986
-0.0624962
-0.0555588
-0.0470867
-0.0460028
-0.0526324
-0.0583968
-0.0556271
-0.0462793
-0.0398774
-0.0434128
-0.0542138
-0.0627616
-0.0620241
-0.0538615
-0.0465125
-0.0463780
-0.0528518
-0.0606896
-0.0656984
-0.0673150
-0.0673716
-0.0685117
-0.0732282
-0.0818523
-0.0904951
-0.0927563
-0.0855557
-0.0735052
-0.0662502
-0.0701392
-0.0820359
-0.0919887
-0.0929385
-0.0876572
-0.0850761
-0.0897128
-0.0962636
-0.0957710
-0.0862514
-0.0755655
-0.0733010
-0.0805525
-0.0885929
-0.0880825
-0.0792376
-0.0716260
-0.0730136
-0.0796229
-0.0798335
-0.0680240
-0.0524788
-0.0474792
-0.0581626
-0.0752342
-0.0852162
-0.0843941
-0.0810222
-0.0840845
-0.0920277
-0.0943287
-0.0836646
-0.0648743
-0.0518204
-0.0565728
-0.0802286
-0.1091729
-0.1167335
-0.0720044
0.0446963
0.2295249
0.4576929
0.6978547
0.9198285
1.0851165
1.1367556
1.0168322
0.7133543
0.2965814
-0.1010480
-0.3595726
-0.4423651
-0.4027536
-0.3257869
-0.2636126
-0.2193386
-0.1777516
-0.1377342
-0.1130748
-0.1113852
-0.1224414
-0.1291756
-0.1254759
-0.1195685
-0.1215578
-0.1315792
-0.1409956
-0.1421342
-0.1344736
-0.1230161
-0.1138043
-0.1109909
-0.1150627
-0.1219499
-0.1253975
-0.1225660
-0.1173008
-0.1160484
-0.1196373
-0.1203697
-0.1092676
-0.0867316
-0.0644629
-0.0549851
-0.0592488
-0.0659741
-0.0635516
-0.0511651
-0.0373934
-0.0294365
-0.0258188
-0.0195339
-0.0062973
0.0115564
0.0284650
0.0413030
0.0512481
0.0610785
0.0719818
0.0832554
0.0940110
0.1041563
0.1142043
0.1253064
0.1393666
0.1576793
0.1787280
0.1982971
0.2129922
0.2236684
0.2345487
0.2484129
0.2627432
0.2710718
0.2686426
0.2569474
0.2424392
0.2304953
0.2206684
0.2078344
0.1876794
0.1610362
0.1333828
0.1103008
0.0927596
0.0764539
0.0566575
0.0347377
0.0191788
0.0181924
0.0303543
0.0436586
0.0456886
0.0354837
0.0246228
0.0255053
0.0384760
0.0514337
0.0525584
0.0423760
0.0321078
0.0308559
0.0364570
0.0395398
0.0347492
0.0260762
0.0215183
0.0243470
0.0305179
0.0337700
0.0319185
0.0279054
0.0257362
0.0265336
0.0284615
0.0292822
0.0282686
0.0263439
0.0253358
0.0267556
0.0301299
0.0322852
0.0293607
0.0206219
0.0103321
0.0050300
0.0079328
0.0154589
0.0196954
0.0154362
0.0053814
-0.0022980
-0.0025446
0.0004731
-0.0031586
-0.0186846
-0.0398841
-0.0535925
-0.0519996
-0.0407246
-0.0339846
-0.0409424
-0.0569327
-0.0688200
-0.0688934
-0.0624903
-0.0615450
-0.0715746
-0.0860856
-0.0936277
-0.0892896
-0.0786365
-0.0708549
-0.0692230
-0.0691192
-0.0648770
-0.0570220
-0.0517025
-0.0535656
-0.0604967
-0.0656960
-0.0641608
-0.0566975
-0.0482542
-0.0432682
-0.0427311
-0.0449042
-0.0478208
-0.0508020
-0.0543157
-0.0592694
-0.0662099
-0.0740813
-0.0795189
-0.0787809
-0.0718342
-0.0641599
-0.0627920
-0.0694908
-0.0783061
-0.0810432
-0.0758667
-0.0704964
-0.0763070
-0.0981326
-0.1281501
-0.1478054
-0.1347521
-0.0695777
0.0595337
0.2527400
0.4941022
0.7481534
0.9606076
1.0675751
1.0166692
0.7956843
0.4521061
0.0831866
-0.2068593
-0.3582600
-0.3794323
-0.3265307
-0.2582280
-0.2033240
-0.1618669
-0.1271034
-0.1004352
-0.0872289
-0.0857890
-0.0865223
-0.0818833
-0.0736768
-0.0691708
-0.0720118
-0.0789984
-0.0850988
-0.0893265
-0.0945539
-0.1025330
-0.1107074
-0.1144163
-0.1115480
-0.1044465
-0.0975441
-0.0935889
-0.0918515
-0.0892671
-0.0832787
-0.0742241
-0.0652145
-0.0592292
-0.0560326
-0.0522700
-0.0448856
-0.0342201
-0.0234876
-0.0153698
-0.0093462
-0.0022646
0.0086096
0.0229209
0.0372762
0.0480554
0.0547688
0.0611884
0.0729471
0.0928862
0.1177049
0.1394896
0.1520399
0.1566465
0.1610350
0.1716028
0.1868057
0.1990263
0.2029369
0.2009217
0.1995274
0.2012121
0.2008719
0.1910277
0.1698295
0.1431256
0.1186879
0.0992159
0.0813698
0.0608507
0.0374072
0.0150324
-0.0017412
-0.0115233
-0.0170231
-0.0229050
-0.0318986
-0.0420803
-0.0483648
-0.0478929
-0.0443050
-0.0455740
-0.0561879
-0.0712646
-0.0796665
-0.0744499
-0.0605320
-0.0510244
-0.0549952
-0.0688027
-0.0798741
-0.0789499
-0.0683779
-0.0587744
-0.0583187
-0.0654389
-0.0712743
-0.0686866
-0.0589636
-0.0501106
-0.0487232
-0.0534744
-0.0566772
-0.0524538
-0.0431784
-0.0371129
-0.0392281
-0.0453781
-0.0474981
-0.0447025
-0.0457238
-0.0556529
-0.0593276
-0.0222317
0.0865140
0.2695849
0.4993542
0.7374346
0.9506754
1.1057177
1.1561699
1.0528364
0.7830706
0.4047166
0.0326087
-0.2233920
-0.3212291
-0.2992729
-0.2335745
-0.1815949
-0.1570778
-0.1443911
-0.1270190
-0.1030118
-0.0813015
-0.0702760
-0.0707834
-0.0769555
-0.0815706
-0.0813521
-0.0786921
-0.0784934
-0.0826302
-0.0874723
-0.0875539
-0.0817572
-0.0750004
-0.0733079
-0.0778269
-0.0843999
-0.0886428
-0.0904446
-0.0931186
-0.0986471
-0.1043951
-0.1048300
-0.0967090
-0.0827802
-0.0702246
-0.0647934
-0.0657244
-0.0662038
-0.0592998
-0.0440400
-0.0256779
-0.0095878
0.0049767
0.0241720
0.0520307
0.0842753
0.1109255
0.1255808
0.1315927
0.1385539
0.1529735
0.1729088
0.1915461
0.2050377
0.2158287
0.2281868
0.2413881
0.2484851
0.2422472
0.2218790
0.1933216
0.1630018
0.1319486
0.0967183
0.0561559
0.0163174
-0.0128810
-0.0269819
-0.0324796
-0.0414109
-0.0594919
-0.0802364
-0.0919115
-0.0901847
-0.0826542
-0.0802619
-0.0852515
-0.0891918
-0.0831234
-0.0681424
-0.0544667
-0.0504554
-0.0543659
-0.0577271
-0.0553772
-0.0502934
-0.0487116
-0.0524602
-0.0572874
-0.0578999
-0.0533755
-0.0477345
-0.0461439
-0.0505453
-0.0579506
-0.0629037
-0.0634070
-0.0657861
-0.0812590
-0.1118992
-0.1362964
-0.1124053
-0.0030207
0.1950072
0.4459028
0.7001465
0.9224445
1.0915216
1.1758787
1.1243058
0.8987443
0.5260738
0.1119629
-0.2116071
-0.3676017
-0.3737769
-0.3092276
-0.2450542
-0.2036857
-0.1724033
-0.1401505
-0.1135974
-0.1034165
-0.1068917
-0.1100561
-0.1037668
-0.0923198
-0.0859208
-0.0886957
-0.0963960
-0.1034483
-0.1084696
-0.1125376
-0.1152666
-0.1151644
-0.1130357
-0.1125770
-0.1166273
-0.1236894
-0.1289409
-0.1284930
-0.1224864
-0.1145840
-0.1089635
-0.1072985
-0.1075383
-0.1052173
-0.0968307
-0.0831421
-0.0693403
-0.0608505
-0.0578813
-0.0541325
-0.0417826
-0.0184112
0.0108945
0.0381169
0.0586537
0.0734804
0.0863651
0.1001568
0.1156080
0.1323922
0.1500572
0.1680786
0.1859206
0.2034610
0.2205967
0.2354172
0.2429510
0.2372647
0.2163063
0.1848511
0.1517831
0.1236297
0.1003516
0.0771375
0.0500570
0.0202225
-0.0068764
-0.0258265
-0.0357148
-0.0410408
-0.0482946
-0.0606282
-0.0748560
-0.0837311
-0.0822350
-0.0725635
-0.0628153
-0.0599888
-0.0637937
-0.0674054
-0.0643454
-0.0545656
-0.0441790
-0.0399912
-0.0443265
-0.0539790
-0.0629803
-0.0667539
-0.0653046
-0.0634774
-0.0673015
-0.0783248
-0.0909122
-0.0962858
-0.0907163
-0.0798330
-0.0738209
-0.0779016
-0.0882271
-0.0974940
-0.1033339
-0.1094942
-0.1189696
-0.1282923
-0.1306141
-0.1240967
-0.1152875
-0.1128934
-0.1186862
-0.1257954
-0.1263667
-0.1200839
-0.1141667
-0.1149691
-0.1204971
-0.1221343
-0.1140243
-0.1003981
-0.0928474
-0.0993681
-0.1155469
-0.1271405
-0.1227142
-0.1045729
-0.0868468
-0.0820172
-0.0892522
-0.0964560
-0.0936548
-0.0833432
-0.0768989
-0.0814995
-0.0922789
-0.0983113
-0.0953271
-0.0905947
-0.0945910
-0.1092020
-0.1257625
-0.1345563
-0.1345624
-0.1329386
-0.1361148
-0.1433264
-0.1491974
-0.1508276
-0.1503498
-0.1506233
-0.1505492
-0.1464317
-0.1374583
-0.1277605
-0.1219525
-0.1196966
-0.1164341
-0.1097824
-0.1038433
-0.1057388
-0.1175624
-0.1323504
-0.1388270
-0.1309724
-0.1136822
-0.0991966
-0.0971201
-0.1065714
-0.1174602
-0.1200776
-0.1143779
-0.1098046
-0.1151822
-0.1287060
-0.1390090
-0.1368351
-0.1247396
-0.1140452
-0.1128941
-0.1192178
-0.1255536
-0.1281475
-0.1293953
-0.1331910
-0.1410755
-0.1520158
-0.1603461
-0.1502620
-0.0964277
0.0215949
0.2018582
0.4203505
0.6510518
0.8791652
1.0844881
1.2128302
1.1821444
0.9403862
0.5282200
0.0777785
-0.2653453
-0.4319165
-0.4530452
-0.4076893
-0.3543538
-0.3081273
-0.2642652
-0.2242745
-0.1952477
-0.1761783
-0.1580836
-0.1385261
-0.1279954
-0.1371837
-0.1613825
-0.1826680
-0.1874705
-0.1782995
-0.1671981
-0.1611487
-0.1570497
-0.1495737
-0.1397142
-0.1335268
-0.1342123
-0.1380470
-0.1384835
-0.1328821
-0.1245455
-0.1188946
-0.1182774
-0.1199934
-0.1187107
-0.1111769
-0.0994109
-0.0892341
-0.0848116
-0.0843573
-0.0819868
-0.0743645
-0.0647284
-0.0590039
-0.0578555
-0.0541694
-0.0399704
-0.0156458
0.0092400
0.0251903
0.0321518
0.0388016
0.0530574
0.0747419
0.0978876
0.1185950
0.1388177
0.1625549
0.1900209
0.2166141
0.2369523
0.2487843
0.2530129
0.2510788
0.2431621
0.2286602
0.2078332
0.1830114
0.1583581
0.1377020
0.1213521
0.1050250
0.0835836
0.0571839
0.0327978
0.0175295
0.0100914
0.0011373
-0.0159642
-0.0357528
-0.0450270
-0.0377489
-0.0235378
-0.0187457
-0.0294124
-0.0456379
-0.0535500
-0.0499634
-0.0425673
-0.0379531
-0.0352544
-0.0335773
-0.0395980
-0.0587935
-0.0766307
-0.0549405
0.0448647
0.2328401
0.4866765
0.7740017
1.0680242
1.3322398
1.4957950
1.4668156
1.1957023
0.7369357
0.2415734
-0.1283605
-0.2961220
-0.2980365
-0.2292531
-0.1662596
-0.1320150
-0.1149522
-0.1028902
-0.0952666
-0.0942574
-0.0971959
-0.1003957
-0.1043364
-0.1106663
-0.1166862
-0.1175236
-0.1138056
-0.1129241
-0.1201557
-0.1306896
-0.1338741
-0.1255284
-0.1133117
-0.1082697
-0.1125014
-0.1173740
-0.1138707
-0.1026988
-0.0930482
-0.0924482
-0.0993811
-0.1057192
-0.1049211
-0.0971521
-0.0874402
-0.0802720
-0.0761435
-0.0723027
-0.0658941
-0.0563587
-0.0453050
-0.0344213
-0.0236061
-0.0112569
0.0034100
0.0184220
0.0300657
0.0366456
0.0414163
0.0510373
0.0700663
0.0964836
0.1228530
0.1422879
0.1535286
0.1604592
0.1671252
0.1735219
0.1759101
0.1704604
0.1562176
0.1351263
0.1102526
0.0843807
0.0595964
0.0371855
0.0176379
0.0011498
-0.0117199
-0.0202978
-0.0249545
-0.0275890
-0.0303889
-0.0341590
-0.0382957
-0.0422862
-0.0464549
-0.0508339
-0.0540222
-0.0542815
-0.0519224
-0.0496592
-0.0498654
-0.0519678
-0.0535301
-0.0538427
-0.0551632
-0.0594849
-0.0646857
-0.0652329
-0.0572657
-0.0425814
-0.0273764
-0.0174650
-0.0147875
-0.0174945
-0.0220801
-0.0254712
-0.0266058
-0.0272723
-0.0309069
-0.0390194
-0.0482954
-0.0524967
-0.0486920
-0.0414594
-0.0394452
-0.0468696
-0.0590781
-0.0675210
-0.0689803
-0.0687040
-0.0738214
-0.0845283
-0.0931734
-0.0924023
-0.0831961
-0.0738182
-0.0710762
-0.0739157
-0.0763153
-0.0754769
-0.0753176
-0.0811487
-0.0920158
-0.0999707
-0.0975009
-0.0850818
-0.0708696
-0.0632648
-0.0642100
-0.0692299
-0.0727027
-0.0724742
-0.0702873
-0.0692337
-0.0711225
-0.0752568
-0.0788253
-0.0788862
-0.0750246
-0.0702944
-0.0687620
-0.0715388
-0.0756451
-0.0774467
-0.0769891
-0.0779682
-0.0829826
-0.0896479
-0.0926497
-0.0898528
-0.0852923
-0.0850246
-0.0902057
-0.0954886
-0.0949964
-0.0892367
-0.0848716
-0.0873114
-0.0944646
-0.0988197
-0.0955468
-0.0874804
-0.0816232
-0.0816152
-0.0848118
-0.0865550
-0.0857498
-0.0852058
-0.0873147
-0.0909525
-0.0928918
-0.0910914
-0.0859367
-0.0791815
-0.0728015
-0.0684584
-0.0668180
-0.0674726
-0.0709208
-0.0803498
-0.0978621
-0.1151425
-0.1087224
-0.0500855
0.0746957
0.2551836
0.4672781
0.6894039
0.8996655
1.0545980
1.0829579
0.9226525
0.5806467
0.1568815
-0.2042645
-0.4027143
-0.4367519
-0.3794633
-0.3081524
-0.2547190
-0.2116669
-0.1682044
-0.1301174
-0.1089426
-0.1042671
-0.1040268
-0.0993110
-0.0925980
-0.0905022
-0.0931346
-0.0942850
-0.0904673
-0.0857988
-0.0868033
-0.0947036
-0.1047042
-0.1116574
-0.1140882
-0.1126663
-0.1074063
-0.0985385
-0.0892767
-0.0849849
-0.0880549
-0.0944873
-0.0972530
-0.0935016
-0.0875092
-0.0856622
-0.0888838
-0.0910784
-0.0855741
-0.0726015
-0.0595862
-0.0538067
-0.0551618
-0.0565514
-0.0511995
-0.0390499
-0.0256738
-0.0152623
-0.0054997
0.0100482
0.0345253
0.0633506
0.0877984
0.1032288
0.1134994
0.1267552
0.1466763
0.1682374
0.1826692
0.1867318
0.1865024
0.1912352
0.2033757
0.2153211
0.2165895
0.2037774
0.1826057
0.1603784
0.1381783
0.1120951
0.0814543
0.0530103
0.0348364
0.0268361
0.0199791
0.0062590
-0.0121148
-0.0256123
-0.0292332
-0.0289514
-0.0346051
-0.0475555
-0.0580250
-0.0555699
-0.0405697
-0.0236776
-0.0144937
-0.0127341
-0.0110875
-0.0049007
0.0030230
0.0069502
0.0053636
0.0023066
0.0025471
0.0069970
0.0129352
0.0171764
0.0179459
0.0144988
0.0067030
-0.0042777
-0.0157548
-0.0250278
-0.0311698
-0.0348249
-0.0363876
-0.0351628
-0.0305965
-0.0237169
-0.0170892
-0.0143936
-0.0210365
-0.0434743
-0.0832081
-0.1270832
-0.1434692
-0.0927022
0.0522334
0.2893073
0.5854401
0.8848399
1.1182300
1.2137833
1.1197889
0.8380599
0.4436968
0.0624316
-0.1923679
-0.2806595
-0.2467849
-0.1736528
-0.1216907
-0.1021134
-0.0959463
-0.0881566
-0.0815033
-0.0846815
-0.0966231
-0.1063859
-0.1057233
-0.0976790
-0.0921119
-0.0948560
-0.1026134
-0.1075138
-0.1051167
-0.0978456
-0.0917448
-0.0906251
-0.0929671
-0.0937735
-0.0892858
-0.0802874
-0.0711222
-0.0655203
-0.0633721
-0.0615632
-0.0576276
-0.0519399
-0.0460414
-0.0394787
-0.0295341
-0.0147335
0.0020031
0.0149938
0.0212485
0.0238064
0.0287427
0.0387406
0.0504697
0.0589690
0.0639749
0.0705111
0.0827683
0.0986488
0.1119414
0.1198414
0.1265919
0.1383864
0.1554722
0.1712409
0.1796829
0.1820537
0.1842839
0.1882008
0.1877109
0.1752439
0.1509097
0.1230573
0.0992854
0.0787738
0.0553371
0.0274427
0.0026543
-0.0095813
-0.0088131
-0.0052728
-0.0097944
-0.0229228
-0.0352672
-0.0385189
-0.0346000
-0.0327126
-0.0379463
-0.0448039
-0.0434218
-0.0315902
-0.0186119
-0.0160129
-0.0252778
-0.0366436
-0.0404917
-0.0381384
-0.0393270
-0.0494486
-0.0619745
-0.0655286
-0.0573352
-0.0468289
-0.0449196
-0.0516828
-0.0570343
-0.0531417
-0.0433785
-0.0374477
-0.0394413
-0.0436863
-0.0427811
-0.0370208
-0.0334512
-0.0364696
-0.0423409
-0.0443462
-0.0414895
-0.0394836
-0.0429423
-0.0489240
-0.0501039
-0.0436665
-0.0349062
-0.0311789
-0.0337361
-0.0373813
-0.0380057
-0.0382389
-0.0438297
-0.0550701
-0.0641880
-0.0628263
-0.0514546
-0.0396561
-0.0365240
-0.0418860
-0.0480473
-0.0493472
-0.0479092
-0.0492168
-0.0539220
-0.0566991
-0.0535880
-0.0480908
-0.0475840
-0.0539330
-0.0600423
-0.0573468
-0.0459328
-0.0353216
-0.0345655
-0.0426634
-0.0499157
-0.0484076
-0.0399252
-0.0332414
-0.0348082
-0.0432987
-0.0527342
-0.0590233
-0.0622631
-0.0637363
-0.0630743
-0.0596449
-0.0555956
-0.0552896
-0.0607815
-0.0689248
-0.0743909
-0.0754238
-0.0752179
-0.0770926
-0.0797415
-0.0789992
-0.0740120
-0.0694684
-0.0702774
-0.0751430
-0.0776037
-0.0738529
-0.0676343
-0.0657514
-0.0695940
-0.0733431
-0.0710994
-0.0638321
-0.0575479
-0.0556315
-0.0555872
-0.0539609
-0.0520257
-0.0539721
-0.0598400
-0.0631472
-0.0577855
-0.0469601
-0.0432842
-0.0578536
-0.0871996
-0.1091983
-0.0916160
-0.0077605
0.1504668
0.3692589
0.6190472
0.8624200
1.0560854
1.1493176
1.0921011
0.8614630
0.4923486
0.0821040
-0.2493982
-0.4233022
-0.4413459
-0.3701104
-0.2857989
-0.2273338
-0.1914465
-0.1608827
-0.1305128
-0.1085280
-0.1008907
-0.1017134
-0.0995754
-0.0898012
-0.0781761
-0.0734964
-0.0783994
-0.0877663
-0.0946956
-0.0967623
-0.0964304
-0.0963277
-0.0952488
-0.0894319
-0.0775870
-0.0638271
-0.0548675
-0.0542843
-0.0599476
-0.0669843
-0.0722390
-0.0750167
-0.0743045
-0.0675190
-0.0535088
-0.0360103
-0.0220495
-0.0158460
-0.0148925
-0.0127331
-0.0050577
0.0077459
0.0233060
0.0404715
0.0589104
0.0770711
0.0928666
0.1067687
0.1223453
0.1420938
0.1634830
0.1812620
0.1943802
0.2089183
0.2322525
0.2645392
0.2976636
0.3231206
0.3394811
0.3509316
0.3597279
0.3625954
0.3551705
0.3378887
0.3154393
0.2911462
0.2643443
0.2339184
0.2019915
0.1717290
0.1426105
0.1114097
0.0792076
0.0545169
0.0456520
0.0498966
0.0536306
0.0455708
0.0285343
0.0155493
0.0146081
0.0201835
0.0211805
0.0147038
0.0084363
0.0095599
0.0152678
0.0171197
0.0129363
0.0100719
0.0154414
0.0252867
0.0283883
0.0193936
0.0059789
0.0009106
0.0083017
0.0200271
0.0257932
0.0243873
0.0231445
0.0273866
0.0333154
0.0328812
0.0242237
0.0146454
0.0123969
0.0171724
0.0207060
0.0166112
0.0074739
0.0006446
-0.0018345
-0.0061864
-0.0183793
-0.0345687
-0.0433589
-0.0386140
-0.0276729
-0.0241752
-0.0331526
-0.0460272
-0.0515478
-0.0492066
-0.0486178
-0.0559458
-0.0649232
-0.0643763
-0.0531171
-0.0430751
-0.0457511
-0.0581396
-0.0656791
-0.0592888
-0.0462863
-0.0421690
-0.0529251
-0.0683075
-0.0732258
-0.0637699
-0.0503282
-0.0458521
-0.0532922
-0.0651394
-0.0732867
-0.0769591
-0.0808738
-0.0878344
-0.0951942
-0.0985022
-0.0969438
-0.0940255
-0.0933853
-0.0952386
-0.0974915
-0.0994034
-0.1025200
-0.1073406
-0.1103414
-0.1065256
-0.0958669
-0.0857966
-0.0849753
-0.0938947
-0.1031674
-0.1028337
-0.0931306
-0.0843081
-0.0850011
-0.0922629
-0.0951531
-0.0880981
-0.0783131
-0.0781598
-0.0911143
-0.1076568
-0.1155763
-0.1123837
-0.1059621
-0.1042196
-0.1068403
-0.1080026
-0.1049498
-0.1012041
-0.1012337
-0.1042362
-0.1050584
-0.1008837
-0.0953572
-0.0951571
-0.1027486
-0.1130642
-0.1176960
-0.1128845
-0.1036860
-0.0990558
-0.1000774
-0.0912575
-0.0449820
0.0615973
0.2311494
0.4461771
0.6817639
0.9128256
1.1045657
1.2004317
1.1352940
0.8796431
0.4810119
0.0572037
-0.2661068
-0.4270639
-0.4499023
-0.4043985
-0.3459810
-0.2900376
-0.2311691
-0.1728107
-0.1318814
-0.1197749
-0.1283792
-0.1389871
-0.1417326
-0.1418628
-0.1476007
-0.1568693
-0.1593520
-0.1498722
-0.1355628
-0.1281311
-0.1308982
-0.1357662
-0.1329155
-0.1217013
-0.1108753
-0.1087040
-0.1141841
-0.1184692
-0.1142593
-0.1028370
-0.0916951
-0.0860472
-0.0837292
-0.0788459
-0.0697738
-0.0621935
-0.0630403
-0.0714377
-0.0769553
-0.0684837
-0.0453389
-0.0187550
-0.0015355
0.0036148
0.0050326
0.0120658
0.0256923
0.0398876
0.0509582
0.0629447
0.0824379
0.1093390
0.1353088
0.1524410
0.1621053
0.1733074
0.1921937
0.2146804
0.2303717
0.2329309
0.2252896
0.2146630
0.2037910
0.1882332
0.1621586
0.1258586
0.0869353
0.0541709
0.0304429
0.0114685
-0.0088624
-0.0319081
-0.0526068
-0.0642618
-0.0653839
-0.0620193
-0.0629403
-0.0721160
-0.0859866
-0.0982233
-0.1065126
-0.1137013
-0.1223265
-0.1295457
-0.1292181
-0.1193248
-0.1059796
-0.0984714
-0.1000204
-0.1045045
-0.1033004
-0.0949998
-0.0871716
-0.0880332
-0.0971480
-0.1053684
-0.1041094
-0.0940515
-0.0842584
-0.0830543
-0.0904699
-0.0997500
-0.1052434
-0.1074198
-0.1099710
-0.1135824
-0.1144195
-0.1089115
-0.0985685
-0.0890380
-0.0850540
-0.0874493
-0.0947174
-0.1054657
-0.1178989
-0.1279180
-0.1303015
-0.1232989
-0.1115743
-0.1036722
-0.1064167
-0.1209972
-0.1413474
-0.1526439
-0.1316258
-0.0536469
0.0949024
0.3092787
0.5708959
0.8543286
1.1217215
1.3088851
1.3311544
1.1282779
0.7233597
0.2384263
-0.1646069
-0.3797706
-0.4113846
-0.3445791
-0.2672564
-0.2165464
-0.1853745
-0.1604842
-0.1431357
-0.1391993
-0.1443691
-0.1476170
-0.1451708
-0.1432950
-0.1464833
-0.1490638
-0.1427219
-0.1293168
-0.1205350
-0.1239215
-0.1335327
-0.1374582
-0.1322961
-0.1260759
-0.1267151
-0.1315391
-0.1310601
-0.1215006
-0.1099808
-0.1062385
-0.1114269
-0.1173344
-0.1161713
-0.1088517
-0.1025659
-0.1014913
-0.1017165
-0.0955482
-0.0797451
-0.0588977
-0.0411391
-0.0309466
-0.0257926
-0.0192677
-0.0073395
0.0083461
0.0232608
0.0357529
0.0492863
0.0683967
0.0928450
0.1169724
0.1355410
0.1494634
0.1642374
0.1822420
0.1980009
0.2028997
0.1945457
0.1794601
0.1651609
0.1508873
0.1286933
0.0942829
0.0545283
0.0218831
0.0016098
-0.0130817
-0.0318825
-0.0550035
-0.0726668
-0.0774390
-0.0744581
-0.0766241
-0.0900012
-0.1069355
-0.1153470
-0.1131579
-0.1106651
-0.1181494
-0.1334278
-0.1438115
-0.1400096
-0.1260794
-0.1146551
-0.1135714
-0.1189672
-0.1215016
-0.1172974
-0.1110769
-0.1092043
-0.1118285
-0.1130851
-0.1082359
-0.0991363
-0.0922025
-0.0917004
-0.0958551
-0.0995480
-0.0999886
-0.0989285
-0.0994835
-0.1018710
-0.1031105
-0.1006387
-0.0953485
-0.0907496
-0.0896246
-0.0920154
-0.0962970
-0.1014004
-0.1072100
-0.1127910
-0.1152200
-0.1114496
-0.1018774
-0.0915550
-0.0868642
-0.0902040
-0.0976783
-0.1023245
-0.1003730
-0.0948782
-0.0928836
-0.0982360
-0.1070712
-0.1112250
-0.1068086
-0.0989893
-0.0972081
-0.1052339
-0.1166923
-0.1214868
-0.1167362
-0.1102614
-0.1122034
-0.1235673
-0.1345329
-0.1348274
-0.1247983
-0.1149134
-0.1144947
-0.1223485
-0.1291726
-0.1281401
-0.1215314
-0.1166269
-0.1164126
-0.1160730
-0.1091343
-0.0957585
-0.0830980
-0.0770426
-0.0753736
-0.0713333
-0.0640923
-0.0627347
-0.0758046
-0.0950302
-0.0913762
-0.0312034
0.1009817
0.2948347
0.5261954
0.7696584
0.9925588
1.1393215
1.1376035
0.9409043
0.5780537
0.1586185
-0.1836664
-0.3686486
-0.4052095
-0.3602211
-0.2976055
-0.2437041
-0.1979634
-0.1600394
-0.1376914
-0.1333841
-0.1352121
-0.1278740
-0.1101243
-0.0959004
-0.0972237
-0.1096974
-0.1177463
-0.1125606
-0.1011327
-0.0965229
-0.1020556
-0.1082538
-0.1049482
-0.0931178
-0.0827726
-0.0806845
-0.0830897
-0.0812800
-0.0725756
-0.0637315
-0.0632006
-0.0711754
-0.0783545
-0.0747052
-0.0590592
-0.0399923
-0.0276719
-0.0250038
-0.0261358
-0.0227530
-0.0116476
0.0033766
0.0165510
0.0268219
0.0392215
0.0593876
0.0871110
0.1160404
0.1398216
0.1576934
0.1734880
0.1899355
0.2055424
0.2177425
0.2278967
0.2410315
0.2596270
0.2787298
0.2888795
0.2840401
0.2655131
0.2380471
0.2043257
0.1653294
0.1250085
0.0909352
0.0678476
0.0515412
0.0320073
0.0040284
-0.0265554
-0.0489033
-0.0592980
-0.0652445
-0.0763534
-0.0925770
-0.1038233
-0.1015199
-0.0886066
-0.0766301
-0.0737953
-0.0775614
-0.0791705
-0.0739217
-0.0656477
-0.0613733
-0.0630236
-0.0654062
-0.0620239
-0.0518459
-0.0400358
-0.0327241
-0.0316871
-0.0337958
-0.0349235
-0.0341606
-0.0343178
-0.0381677
-0.0442140
-0.0470410
-0.0429346
-0.0349806
-0.0310310
-0.0354912
-0.0440631
-0.0488492
-0.0493781
-0.0558678
-0.0770289
-0.1024343
-0.0993951
-0.0319133
0.1144340
0.3250887
0.5698912
0.8164799
1.0261867
1.1435110
1.1074529
0.8919233
0.5430561
0.1708395
-0.1099735
-0.2450421
-0.2587640
-0.2165095
-0.1713414
-0.1408446
-0.1208015
-0.1070660
-0.1007363
-0.1003021
-0.0989659
-0.0924816
-0.0854471
-0.0860320
-0.0955526
-0.1065947
-0.1120042
-0.1127550
-0.1146064
-0.1187716
-0.1197551
-0.1134113
-0.1039977
-0.1000977
-0.1042528
-0.1097361
-0.1087542
-0.1017283
-0.0960470
-0.0960256
-0.0968029
-0.0900529
-0.0747204
-0.0594577
-0.0532832
-0.0553888
-0.0561912
-0.0480693
-0.0328031
-0.0175263
-0.0052925
0.0078840
0.0265879
0.0488626
0.0673907
0.0775835
0.0828412
0.0907050
0.1045479
0.1206961
0.1340301
0.1446126
0.1569098
0.1728084
0.1874546
0.1932404
0.1871901
0.1730755
0.1561142
0.1369301
0.1122351
0.0814210
0.0504998
0.0274027
0.0134369
0.0015065
-0.0158784
-0.0380918
-0.0577813
-0.0702916
-0.0790350
-0.0898086
-0.1013265
-0.1047364
-0.0941979
-0.0762678
-0.0657698
-0.0713486
-0.0867851
-0.0980481
-0.0977302
-0.0904897
-0.0849234
-0.0832998
-0.0810542
-0.0744734
-0.0658884
-0.0607862
-0.0615489
-0.0651357
-0.0662461
-0.0621367
-0.0554437
-0.0537341
-0.0649018
-0.0881660
-0.1053640
-0.0823523
0.0144603
0.1962208
0.4425347
0.7117022
0.9566129
1.1298125
1.1813687
1.0696511
0.7920260
0.4109196
0.0400566
-0.2135149
-0.3108021
-0.2942824
-0.2425119
-0.2082822
-0.1940429
-0.1770392
-0.1480507
-0.1220350
-0.1165140
-0.1287509
-0.1389088
-0.1334059
-0.1200352
-0.1176041
-0.1327067
-0.1506162
-0.1507653
-0.1293057
-0.1036425
-0.0944929
-0.1055696
-0.1221189
-0.1279219
-0.1212428
-0.1134776
-0.1142015
-0.1204121
-0.1214602
-0.1125849
-0.1006103
-0.0956353
-0.0994681
-0.1045249
-0.1033306
-0.0963946
-0.0896830
-0.0861545
-0.0821449
-0.0724035
-0.0569308
-0.0410899
-0.0291672
-0.0197616
-0.0087599
0.0045766
0.0171194
0.0277878
0.0413340
0.0638559
0.0950579
0.1270461
0.1514596
0.1665700
0.1763536
0.1834868
0.1853453
0.1778723
0.1618599
0.1428285
0.1242120
0.1031172
0.0750407
0.0415591
0.0102228
-0.0138600
-0.0336686
-0.0553084
-0.0786435
-0.0958919
-0.1006532
-0.0964138
-0.0935714
-0.0979422
-0.1046836
-0.1053495
-0.0991856
-0.0939418
-0.0950149
-0.0974450
-0.0918432
-0.0768048
-0.0615629
-0.0553043
-0.0567464
-0.0570059
-0.0517854
-0.0472285
-0.0517804
-0.0641146
-0.0727404
-0.0687874
-0.0566231
-0.0489653
-0.0523153
-0.0605467
-0.0638262
-0.0608839
-0.0595857
-0.0663359
-0.0781428
-0.0865037
-0.0873376
-0.0847267
-0.0848544
-0.0887162
-0.0928410
-0.0959739
-0.1015308
-0.1119237
-0.1229854
-0.1272567
-0.1226080
-0.1149207
-0.1113095
-0.1126281
-0.1142876
-0.1133471
-0.1123505
-0.1152197
-0.1207882
-0.1226368
-0.1161264
-0.1042418
-0.0948559
-0.0926259
-0.0953193
-0.0981390
-0.0993848
-0.1004875
-0.1021497
-0.1029015
-0.1015473
-0.0992613
-0.0983054
-0.0994003
-0.1013961
-0.1035118
-0.1066897
-0.1115293
-0.1154167
-0.1140202
-0.1069763
-0.1003032
-0.1004955
-0.1065718
-0.1108338
-0.1083700
-0.1030755
-0.1017244
-0.1033396
-0.0980600
-0.0784706
-0.0506904
-0.0316430
-0.0344027
-0.0570520
-0.0854184
-0.1026963
-0.0925067
-0.0353451
0.0884468
0.2842977
0.5314238
0.7873816
1.0029649
1.1304655
1.1243698
0.9524768
0.6249321
0.2166521
-0.1521716
-0.3788825
-0.4381686
-0.3861999
-0.3060131
-0.2466856
-0.2091894
-0.1776963
-0.1504503
-0.1376663
-0.1405310
-0.1447953
-0.1368911
-0.1196117
-0.1070651
-0.1064861
-0.1102663
-0.1072811
-0.0979195
-0.0931814
-0.0994381
-0.1092823
-0.1104718
-0.1008066
-0.0897241
-0.0859889
-0.0883868
-0.0900485
-0.0884263
-0.0874237
-0.0901217
-0.0925376
-0.0869811
-0.0714657
-0.0535821
-0.0431036
-0.0415152
-0.0412668
-0.0355008
-0.0256472
-0.0178184
-0.0138774
-0.0086012
0.0048440
0.0282429
0.0567729
0.0828769
0.1019533
0.1152553
0.1275796
0.1424373
0.1599796
0.1789567
0.1991019
0.2212703
0.2461067
0.2723872
0.2958873
0.3110155
0.3155288
0.3129249
0.3077369
0.2986931
0.2793691
0.2465229
0.2057719
0.1676435
0.1385193
0.1157155
0.0911294
0.0602423
0.0279300
0.0041502
-0.0068910
-0.0115764
-0.0195829
-0.0334297
-0.0467911
-0.0514796
-0.0445935
-0.0309481
-0.0206412
-0.0221864
-0.0350870
-0.0497903
-0.0566819
-0.0543898
-0.0486096
-0.0448777
-0.0438983
-0.0421768
-0.0361113
-0.0270179
-0.0220132
-0.0269442
-0.0382358
-0.0454293
-0.0425957
-0.0337998
-0.0270477
-0.0270253
-0.0338810
-0.0437857
-0.0495808
-0.0461796
-0.0370292
-0.0308937
-0.0316758
-0.0360098
-0.0400859
-0.0426987
-0.0429259
-0.0426623
-0.0495031
-0.0662157
-0.0784772
