-0.0724085
-0.0731626
-0.0796063
-0.0828852
-0.0661962
-0.0247547
0.0178363
0.0282313
-0.0008521
-0.0440139
-0.0726192
-0.0802939
-0.0771826
-0.0702806
-0.0580716
-0.0410658
-0.0297809
-0.0382695
-0.0690178
-0.1058328
-0.1259173
-0.1218334
-0.1093590
-0.1110087
-0.1337850
-0.1652894
-0.1880926
-0.1933464
-0.1826230
-0.1627416
-0.1405746
-0.1198055
-0.1005977
-0.0822157
-0.0648874
-0.0482845
-0.0302317
-0.0093373
0.0121559
0.0309460
0.0485155
0.0722296
0.1080415
0.1503531
0.1797818
0.1755357
0.1352290
0.0825056
0.0504764
0.0553221
0.0882813
0.1337232
0.1897354
0.2663473
0.3663673
0.4751904
0.5724854
0.6493944
0.7069918
0.7357550
0.7037884
0.5775316
0.3612416
0.1125726
-0.0896863
-0.1993550
-0.2278488
-0.2209913
-0.2166721
-0.2243336
-0.2364377
-0.2489023
-0.2661088
-0.2903511
-0.3142958
-0.3281044
-0.3314588
-0.3330626
-0.3368999
-0.3335075
-0.3093305
-0.2638433
-0.2133872
-0.1762650
-0.1554154
-0.1374169
-0.1087915
-0.0725878
-0.0477762
-0.0511900
-0.0798331
-0.1114996
-0.1229453
-0.1075093
-0.0764570
-0.0454568
-0.0200424
0.0080449
0.0520460
0.1166125
0.1904287
0.2512796
0.2798615
0.2717485
0.2392311
0.2029653
0.1799336
0.1755471
0.1841797
0.1959972
0.2035013
0.2035831
0.1968809
0.1873724
0.1808701
0.1804335
0.1825716
0.1806591
0.1741497
0.1728188
0.1882500
0.2193456
0.2484401
0.2560441
0.2414169
0.2257960
0.2309958
0.2545541
0.2701345
0.2551168
0.2151881
0.1777066
0.1613235
0.1568433
0.1410197
0.1067591
0.0743094
0.0696794
0.0939928
0.1184022
0.1110251
0.0670005
0.0104196
-0.0309801
-0.0492032
-0.0549756
-0.0593827
-0.0616949
-0.0548593
-0.0381668
-0.0203471
-0.0099160
-0.0052211
0.0035919
0.0232826
0.0505675
0.0770803
0.0987732
0.1178363
0.1362220
0.1508290
0.1571913
0.1565652
0.1565291
0.1631814
0.1736262
0.1779356
0.1691817
0.1505155
0.1314629
0.1184187
0.1108111
0.1061279
0.1052180
0.1100078
0.1173399
0.1185603
0.1068938
0.0843310
0.0601374
0.0429341
0.0349861
0.0334100
0.0343930
0.0344137
0.0290044
0.0146633
-0.0054449
-0.0198351
-0.0170003
0.0029562
0.0266640
0.0392413
0.0376071
0.0315080
0.0318793
0.0391974
0.0434311
0.0347867
0.0140905
-0.0070628
-0.0158893
-0.0085976
0.0070368
0.0172357
0.0105916
-0.0160497
-0.0564996
-0.0988132
-0.1317720
-0.1508728
-0.1598399
-0.1657697
-0.1711771
-0.1712289
-0.1623139
-0.1556748
-0.1783265
-0.2514558
-0.3633921
-0.4699043
-0.5317826
-0.5557534
-0.5915931
-0.6803499
-0.8046058
-0.8959575
-0.8959240
-0.8078011
-0.6866927
-0.5836358
-0.5078077
-0.4430872
-0.3884261
-0.3679288
-0.4008876
-0.4734766
-0.5480108
-0.5959695
-0.6144168
-0.6122662
-0.5919353
-0.5515297
-0.4987664
-0.4505356
-0.4144305
-0.3766823
-0.3134908
-0.2106860
-0.0674938
0.1120248
0.3145788
0.4974946
0.5881544
0.5302819
0.3450211
0.1367541
0.0178217
0.0149909
0.0513992
0.0259070
-0.0893011
-0.2303146
-0.3140312
-0.3192509
-0.2939194
-0.2930724
-0.3233304
-0.3500346
-0.3463691
-0.3225693
-0.3071054
-0.3105611
-0.3169536
-0.3079933
-0.2861417
-0.2681380
-0.2597096
-0.2449250
-0.2041803
-0.1391340
-0.0745501
-0.0344665
-0.0193650
-0.0085217
0.0171244
0.0572387
0.0964892
0.1227159
0.1378147
0.1521636
0.1730859
0.2016284
0.2378060
0.2828884
0.3336858
0.3781066
0.4023732
0.4052448
0.4030319
0.4172242
0.4557808
0.5070146
0.5519473
0.5813315
0.5991365
0.6102809
0.6088791
0.5828463
0.5310066
0.4722410
0.4327504
0.4215015
0.4192155
0.3947443
0.3346480
0.2565225
0.1920173
0.1570968
0.1407823
0.1228205
0.0981165
0.0793208
0.0765551
0.0814358
0.0766517
0.0595693
0.0492646
0.0652510
0.1010329
0.1244082
0.1074127
0.0549849
0.0019838
-0.0178220
0.0010578
0.0365737
0.0611624
0.0610347
0.0393138
0.0086801
-0.0162932
-0.0251440
-0.0175591
-0.0052832
-0.0034259
-0.0151865
-0.0258288
-0.0161909
0.0154271
0.0466504
0.0488076
0.0114454
-0.0510570
-0.1142795
-0.1611172
-0.1858745
-0.1892564
-0.1762420
-0.1565935
-0.1383390
-0.1155148
-0.0667333
0.0265633
0.1595591
0.3071609
0.4490841
0.5837606
0.7082571
0.7879585
0.7629573
0.5997493
0.3376968
0.0749497
-0.0991450
-0.1602272
-0.1438625
-0.0973309
-0.0453197
0.0040079
0.0394487
0.0485360
0.0357582
0.0246436
0.0335237
0.0539835
0.0609963
0.0433433
0.0165454
0.0033085
0.0074894
0.0133380
0.0075334
-0.0059376
-0.0150082
-0.0174236
-0.0231752
-0.0403349
-0.0646439
-0.0858883
-0.1006987
-0.1141038
-0.1290015
-0.1392645
-0.1364102
-0.1209015
-0.1030876
-0.0925652
-0.0890800
-0.0850509
-0.0752424
-0.0618818
-0.0505804
-0.0431900
-0.0359047
-0.0241038
-0.0083583
0.0045419
0.0065856
-0.0046846
-0.0231798
-0.0376899
-0.0395653
-0.0288873
-0.0138009
-0.0029482
0.0026235
0.0103732
0.0283428
0.0549770
0.0760143
0.0725307
0.0351832
-0.0262431
-0.0865927
-0.1208165
-0.1192868
-0.0909445
-0.0537790
-0.0236324
-0.0110581
-0.0239551
-0.0662257
-0.1296212
-0.1887387
-0.2106878
-0.1766897
-0.0978109
-0.0092067
0.0537368
0.0775076
0.0737292
0.0643061
0.0634511
0.0704531
0.0752074
0.0684094
0.0472718
0.0143315
-0.0256846
-0.0654148
-0.0925568
-0.0933399
-0.0639823
-0.0196131
0.0125559
0.0131679
-0.0165796
-0.0643750
-0.1260476
-0.2069215
-0.2996356
-0.3699845
-0.3831842
-0.3538727
-0.3591298
-0.4792379
-0.7120370
-0.9518246
-1.0683547
-1.0159567
-0.8647733
-0.7240762
-0.6387235
-0.5622467
-0.4226727
-0.2011996
0.0568851
0.2952653
0.4933546
0.6583641
0.7865292
0.8499780
0.8267036
0.7352580
0.6301429
0.5597277
0.5295695
0.5065668
0.4566922
0.3779968
0.2993871
0.2505718
0.2342191
0.2260053
0.2002363
0.1551402
0.1136212
0.0995917
0.1137255
0.1326766
0.1319821
0.1089613
0.0827537
0.0730620
0.0805779
0.0880708
0.0782043
0.0484738
0.0102634
-0.0229874
-0.0448818
-0.0560390
-0.0597989
-0.0604620
-0.0640302
-0.0768092
-0.1009628
-0.1319997
-0.1621063
-0.1861580
-0.2039265
-0.2174048
-0.2291819
-0.2463616
-0.2851037
-0.3651442
-0.4912416
-0.6347317
-0.7363144
-0.7379947
-0.6250342
-0.4430561
-0.2709566
-0.1678010
-0.1369130
-0.1359394
-0.1188155
-0.0665349
0.0202519
0.1481895
0.3346551
0.5727381
0.7956998
0.8941523
0.7904475
0.5088428
0.1712093
-0.0860202
-0.2022093
-0.2128310
-0.1927752
-0.1873273
-0.1947916
-0.1999692
-0.2056404
-0.2248210
-0.2524836
-0.2605665
-0.2271540
-0.1651686
-0.1150794
-0.1086456
-0.1429238
-0.1888852
-0.2193822
-0.2251975
-0.2093530
-0.1763999
-0.1323475
-0.0896357
-0.0626622
-0.0546597
-0.0527720
-0.0406700
-0.0158592
0.0082168
0.0171104
0.0091805
-0.0066536
-0.0231548
-0.0398345
-0.0557525
-0.0628974
-0.0524430
-0.0277432
-0.0063843
-0.0055456
-0.0263050
-0.0557059
-0.0847007
-0.1202870
-0.1760226
-0.2503675
-0.3173049
-0.3413601
-0.3041376
-0.2190631
-0.1235488
-0.0570206
-0.0404764
-0.0674191
-0.1083692
-0.1270787
-0.1016250
-0.0371754
0.0408073
0.1083857
0.1597744
0.2032532
0.2442321
0.2781245
0.3020922
0.3286247
0.3794082
0.4629210
0.5623433
0.6501214
0.7126417
0.7550486
0.7815270
0.7791069
0.7297197
0.6378212
0.5373781
0.4649591
0.4278516
0.4037265
0.3706627
0.3306495
0.3007335
0.2882938
0.2852697
0.2874988
0.3087139
0.3641346
0.4406840
0.4943357
0.4860899
0.4200373
0.3402134
0.2881744
0.2669872
0.2480501
0.2078739
0.1516733
0.1014779
0.0686397
0.0438087
0.0117213
-0.0305896
-0.0723941
-0.1016732
-0.1146829
-0.1150003
-0.1087127
-0.1028813
-0.1050389
-0.1190718
-0.1405964
-0.1593928
-0.1690777
-0.1743711
-0.1876334
-0.2177074
-0.2618217
-0.3072963
-0.3402172
-0.3535973
-0.3501102
-0.3389302
-0.3288587
-0.3217350
-0.3111974
-0.2888649
-0.2527739
-0.2090408
-0.1642517
-0.1174495
-0.0624565
0.0008128
0.0594951
0.0949227
0.0968832
0.0692808
0.0217634
-0.0412185
-0.1200472
-0.2095671
-0.2935494
-0.3534352
-0.3829159
-0.3917635
-0.3940477
-0.3933462
-0.3804726
-0.3453893
-0.2905825
-0.2324911
-0.1891692
-0.1647400
-0.1449161
-0.1099887
-0.0563235
-0.0064931
0.0047986
-0.0417668
-0.1370053
-0.2594022
-0.4009895
-0.5672597
-0.7438748
-0.8687786
-0.8546601
-0.6560554
-0.3202434
0.0321900
0.2840130
0.3871518
0.3663422
0.2744098
0.1516328
0.0189726
-0.1096602
-0.2223545
-0.3136460
-0.3835038
-0.4281522
-0.4375681
-0.4073393
-0.3504004
-0.2908980
-0.2450295
-0.2109501
-0.1773482
-0.1359610
-0.0814965
-0.0042796
0.1069838
0.2513366
0.4101423
0.5615666
0.6976742
0.8184480
0.9062994
0.9164909
0.8081627
0.5928541
0.3481080
0.1724690
0.1177581
0.1595987
0.2296693
0.2740574
0.2835647
0.2780123
0.2731073
0.2667788
0.2513985
0.2291240
0.2106403
0.2024947
0.2018128
0.2048481
0.2161996
0.2445359
0.2889397
0.3334854
0.3587153
0.3581304
0.3411980
0.3200899
0.2963468
0.2628930
0.2174623
0.1694663
0.1309938
0.1031853
0.0757669
0.0413280
0.0069145
-0.0122136
-0.0103961
-0.0002300
-0.0015843
-0.0230092
-0.0555310
-0.0836951
-0.0995828
-0.1047741
-0.1017648
-0.0885992
-0.0639959
-0.0348698
-0.0143189
-0.0105140
-0.0191535
-0.0284694
-0.0310048
-0.0289723
-0.0284522
-0.0308000
-0.0315814
-0.0270357
-0.0189978
-0.0120718
-0.0070525
0.0008523
0.0166480
0.0393300
0.0617049
0.0758023
0.0776755
0.0675761
0.0475803
0.0207830
-0.0075202
-0.0300242
-0.0410848
-0.0412380
-0.0376198
-0.0386200
-0.0468730
-0.0568716
-0.0595815
-0.0501310
-0.0320047
-0.0144698
-0.0058817
-0.0086988
-0.0199084
-0.0353516
-0.0530802
-0.0726453
-0.0922147
-0.1080383
-0.1178279
-0.1243948
-0.1347615
-0.1546025
-0.1830166
-0.2123547
-0.2327470
-0.2372182
-0.2245772
-0.2004124
-0.1764899
-0.1666198
-0.1785297
-0.2073631
-0.2387406
-0.2609636
-0.2741670
-0.2849119
-0.2911342
-0.2764304
-0.2247871
-0.1426440
-0.0627123
-0.0208617
-0.0269141
-0.0586145
-0.0845116
-0.0918634
-0.0926233
-0.1056091
-0.1365836
-0.1756334
-0.2099143
-0.2352502
-0.2553287
-0.2722041
-0.2799502
-0.2692401
-0.2400160
-0.2104423
-0.2100772
-0.2572684
-0.3383403
-0.4112103
-0.4367522
-0.4117813
-0.3704945
-0.3504757
-0.3571359
-0.3635622
-0.3444231
-0.3051290
-0.2744008
-0.2713959
-0.2864374
-0.2953491
-0.2868965
-0.2702967
-0.2575154
-0.2460300
-0.2242293
-0.1909962
-0.1629625
-0.1587777
-0.1783406
-0.2013303
-0.2071753
-0.1948952
-0.1825885
-0.1890104
-0.2172948
-0.2556445
-0.2903398
-0.3151008
-0.3286229
-0.3279501
-0.3099297
-0.2807527
-0.2597192
-0.2666924
-0.3021279
-0.3413775
-0.3529547
-0.3244255
-0.2698428
-0.2125764
-0.1646726
-0.1257457
-0.0983597
-0.0953017
-0.1245700
-0.1678737
-0.1804271
-0.1181575
0.0313254
0.2412004
0.4644037
0.6597108
0.8062202
0.9023527
0.9546889
0.9628131
0.9090609
0.7658255
0.5238666
0.2218647
-0.0549236
-0.2176971
-0.2290489
-0.1235395
0.0227586
0.1439978
0.2136865
0.2372146
0.2302000
0.2085240
0.1907939
0.1968614
0.2363369
0.2996590
0.3640058
0.4087580
0.4251859
0.4148017
0.3848909
0.3487530
0.3259475
0.3342090
0.3762655
0.4353574
0.4866947
0.5150949
0.5224019
0.5196754
0.5143683
0.5051321
0.4868983
0.4593588
0.4308022
0.4137792
0.4146564
0.4244122
0.4202008
0.3808477
0.3058698
0.2201102
0.1566591
0.1320406
0.1366864
0.1484627
0.1534408
0.1528961
0.1536513
0.1574358
0.1621207
0.1697309
0.1875139
0.2192473
0.2583237
0.2924234
0.3145320
0.3268166
0.3329954
0.3293259
0.3060617
0.2585516
0.1956922
0.1361827
0.0959047
0.0782558
0.0753765
0.0773500
0.0797294
0.0828079
0.0852149
0.0806918
0.0635420
0.0375969
0.0169126
0.0134960
0.0230782
0.0261340
0.0070081
-0.0277110
-0.0533849
-0.0524939
-0.0340392
-0.0243879
-0.0384192
-0.0632970
-0.0735353
-0.0598712
-0.0385312
-0.0310416
-0.0393854
-0.0454880
-0.0338789
-0.0094928
0.0093671
0.0121285
0.0053055
0.0012159
0.0024228
0.0007934
-0.0103303
-0.0280509
-0.0454256
-0.0613042
-0.0803699
-0.1034588
-0.1219354
-0.1251356
-0.1129410
-0.0980779
-0.0943310
-0.1035283
-0.1157305
-0.1216183
-0.1220731
-0.1241004
-0.1294025
-0.1310353
-0.1231414
-0.1114122
-0.1097300
-0.1252416
-0.1495600
-0.1677805
-0.1755997
-0.1841383
-0.2061672
-0.2398206
-0.2690166
-0.2794464
-0.2701534
-0.2467778
-0.2058138
-0.1306198
-0.0055941
0.1665852
0.3619243
0.5456213
0.6819903
0.7372421
0.6842035
0.5176630
0.2708933
0.0123518
-0.1845884
-0.2793310
-0.2801711
-0.2288359
-0.1701269
-0.1305205
-0.1147814
-0.1135596
-0.1130649
-0.1041554
-0.0891444
-0.0807660
-0.0906413
-0.1161354
-0.1401756
-0.1469466
-0.1379325
-0.1301627
-0.1375812
-0.1561359
-0.1695679
-0.1690553
-0.1635915
-0.1687593
-0.1869315
-0.2021131
-0.1958594
-0.1666819
-0.1316627
-0.1091539
-0.1019132
-0.0981320
-0.0870514
-0.0704442
-0.0578477
-0.0529706
-0.0481952
-0.0334367
-0.0084094
0.0160918
0.0287443
0.0272750
0.0165873
-0.0003671
-0.0261053
-0.0614240
-0.0967393
-0.1142627
-0.1011053
-0.0603779
-0.0088449
0.0362228
0.0678309
0.0886267
0.1025095
0.1089447
0.1052330
0.0923160
0.0764555
0.0645754
0.0582630
0.0528350
0.0426533
0.0275307
0.0137102
0.0079358
0.0100245
0.0114664
0.0022651
-0.0198522
-0.0464913
-0.0648353
-0.0674307
-0.0571125
-0.0438722
-0.0374772
-0.0417368
-0.0534140
-0.0654173
-0.0722681
-0.0746245
-0.0789457
-0.0911443
-0.1092458
-0.1230898
-0.1231057
-0.1098758
-0.0938789
-0.0850894
-0.0838413
-0.0830387
-0.0783098
-0.0734924
-0.0752457
-0.0841674
-0.0933309
-0.0951369
-0.0877069
-0.0745910
-0.0608053
-0.0508041
-0.0482171
-0.0539039
-0.0636262
-0.0706184
-0.0726467
-0.0747443
-0.0820049
-0.0905995
-0.0906015
-0.0801930
-0.0733942
-0.0876516
-0.1224241
-0.1547455
-0.1605956
-0.1397897
-0.1156836
-0.1094758
-0.1186781
-0.1238205
-0.1133852
-0.0963219
-0.0888211
-0.0941280
-0.1007434
-0.0990822
-0.0935111
-0.0947456
-0.1043040
-0.1123253
-0.1110411
-0.1050664
-0.1045619
-0.1108194
-0.1140000
-0.1061984
-0.0922902
-0.0839573
-0.0848349
-0.0866447
-0.0815009
-0.0737521
-0.0748392
-0.0870248
-0.0974530
-0.0921366
-0.0743939
-0.0651208
-0.0821981
-0.1199404
-0.1498985
-0.1421480
-0.0863221
0.0062186
0.1182762
0.2433385
0.3856619
0.5423201
0.6833562
0.7519511
0.6933176
0.4959163
0.2120877
-0.0640273
-0.2495155
-0.3171787
-0.2983208
-0.2469432
-0.1998910
-0.1643844
-0.1334024
-0.1046535
-0.0834897
-0.0731279
-0.0686681
-0.0626511
-0.0539338
-0.0484346
-0.0513778
-0.0607141
-0.0689207
-0.0702598
-0.0653770
-0.0594302
-0.0569907
-0.0588799
-0.0627105
-0.0654226
-0.0656120
-0.0644614
-0.0647148
-0.0679704
-0.0723448
-0.0732997
-0.0677751
-0.0576288
-0.0480575
-0.0419994
-0.0368360
-0.0278897
-0.0151680
-0.0050169
-0.0035751
-0.0089009
-0.0112701
-0.0023336
0.0165346
0.0358322
0.0474954
0.0518244
0.0548951
0.0606936
0.0673677
0.0709704
0.0711126
0.0716424
0.0761494
0.0839631
0.0909989
0.0940558
0.0938738
0.0941182
0.0974810
0.1023576
0.1030019
0.0935968
0.0736185
0.0500390
0.0334708
0.0302619
0.0369081
0.0421927
0.0360719
0.0180593
-0.0022186
-0.0131050
-0.0109165
-0.0031526
-0.0017188
-0.0117819
-0.0264182
-0.0326576
-0.0239148
-0.0069366
0.0040174
0.0004338
-0.0129314
-0.0236355
-0.0239147
-0.0169033
-0.0113838
-0.0123240
-0.0175074
-0.0218600
-0.0225218
-0.0193710
-0.0132899
-0.0065514
-0.0041339
-0.0111686
-0.0268345
-0.0420929
-0.0464070
-0.0378631
-0.0254565
-0.0202735
-0.0250676
-0.0334898
-0.0386017
-0.0397627
-0.0403915
-0.0413133
-0.0394230
-0.0333060
-0.0275497
-0.0289336
-0.0384238
-0.0488677
-0.0518102
-0.0460552
-0.0385892
-0.0372542
-0.0433798
-0.0516695
-0.0562045
-0.0555927
-0.0526761
-0.0505685
-0.0497271
-0.0483452
-0.0446771
-0.0388340
-0.0328766
-0.0294161
-0.0296159
-0.0319864
-0.0333445
-0.0317325
-0.0286433
-0.0276061
-0.0297069
-0.0308448
-0.0249007
-0.0106179
0.0054197
0.0143141
0.0138373
0.0105627
0.0116688
0.0153890
0.0122050
-0.0029478
-0.0214750
-0.0279298
-0.0180756
-0.0080600
-0.0209025
-0.0606304
-0.1006132
-0.1010261
-0.0407262
0.0675343
0.1934010
0.3182307
0.4442669
0.5723011
0.6732439
0.6906846
0.5819931
0.3629972
0.1110662
-0.0822924
-0.1702103
-0.1706650
-0.1356950
-0.1041405
-0.0815386
-0.0567574
-0.0275537
-0.0053766
0.0004194
-0.0049179
-0.0080670
-0.0033111
0.0027388
0.0017996
-0.0049919
-0.0092285
-0.0062166
0.0000149
0.0029148
0.0009972
-0.0032498
-0.0096789
-0.0210403
-0.0360322
-0.0457635
-0.0416290
-0.0264473
-0.0135500
-0.0123897
-0.0175992
-0.0161506
-0.0048083
0.0043272
-0.0014173
-0.0179348
-0.0269562
-0.0168962
0.0033729
0.0153714
0.0135673
0.0117446
0.0252618
0.0514003
0.0722791
0.0764695
0.0723680
0.0772438
0.0961471
0.1164818
0.1238088
0.1189231
0.1163982
0.1280053
0.1509562
0.1725971
0.1833676
0.1829907
0.1759735
0.1649205
0.1496136
0.1305967
0.1112515
0.0959804
0.0870115
0.0827428
0.0785042
0.0695851
0.0553772
0.0412084
0.0343808
0.0363762
0.0393638
0.0328547
0.0152668
-0.0023344
-0.0061246
0.0064421
0.0237389
0.0317529
0.0277459
0.0211441
0.0217479
0.0291355
0.0344020
0.0307468
0.0205269
0.0120903
0.0113261
0.0170171
0.0232970
0.0252522
0.0223181
0.0176808
0.0153258
0.0172314
0.0224756
0.0286907
0.0344467
0.0399929
0.0453145
0.0479268
0.0439829
0.0325733
0.0184205
0.0089158
0.0078197
0.0124309
0.0174663
0.0210177
0.0254184
0.0321981
0.0379443
0.0370973
0.0288749
0.0194778
0.0157278
0.0170931
0.0161714
0.0080581
-0.0023932
-0.0050296
0.0036327
0.0150239
0.0169123
0.0064549
-0.0072493
-0.0140585
-0.0140187
-0.0155538
-0.0233637
-0.0314060
-0.0297869
-0.0169751
-0.0023843
0.0033468
-0.0018027
-0.0122653
-0.0232350
-0.0343951
-0.0451253
-0.0499813
-0.0430743
-0.0270403
-0.0140395
-0.0145731
-0.0254430
-0.0313985
-0.0205949
0.0020472
0.0183940
0.0146735
-0.0048461
-0.0220405
-0.0224207
-0.0080118
0.0067642
0.0105349
0.0048802
-0.0008312
-0.0018781
-0.0025348
-0.0077971
-0.0141161
-0.0123086
-0.0001786
0.0112652
0.0078301
-0.0115972
-0.0316528
-0.0351143
-0.0196960
0.0012998
0.0136420
0.0142276
0.0082130
-0.0014317
-0.0167661
-0.0377451
-0.0571844
-0.0661462
-0.0625972
-0.0515650
-0.0375030
-0.0206119
-0.0022218
0.0101825
0.0083028
-0.0065544
-0.0225814
-0.0292757
-0.0276262
-0.0255891
-0.0254136
-0.0207480
-0.0080573
0.0036564
0.0000765
-0.0210269
-0.0431373
-0.0434744
-0.0102396
0.0538818
0.1425257
0.2552666
0.3946148
0.5543840
0.7108116
0.8231415
0.8444666
0.7416243
0.5182427
0.2259905
-0.0513755
-0.2383444
-0.3060273
-0.2799103
-0.2136032
-0.1530556
-0.1180464
-0.1061692
-0.1055363
-0.1036014
-0.0916062
-0.0686259
-0.0433550
-0.0285657
-0.0300795
-0.0404298
-0.0448557
-0.0349966
-0.0172079
-0.0072823
-0.0163561
-0.0407887
-0.0647861
-0.0731353
-0.0629432
-0.0445998
-0.0318922
-0.0307782
-0.0369163
-0.0428461
-0.0460396
-0.0492267
-0.0540152
-0.0566533
-0.0517599
-0.0397917
-0.0289246
-0.0279287
-0.0368693
-0.0456093
-0.0425408
-0.0255511
-0.0045850
0.0070521
0.0048060
-0.0029571
-0.0030185
0.0096126
0.0262826
0.0331319
0.0260596
0.0172186
0.0251072
0.0565807
0.0982889
0.1267882
0.1284181
0.1103004
0.0924951
0.0896043
0.0996367
0.1096321
0.1104420
0.1047538
0.1009830
0.1013411
0.0982346
0.0831275
0.0575538
0.0333583
0.0214360
0.0214201
0.0237164
0.0209555
0.0150054
0.0114052
0.0089300
-0.0014304
-0.0252815
-0.0546522
-0.0725796
-0.0694247
-0.0533058
-0.0423178
-0.0460861
-0.0563613
-0.0569132
-0.0420733
-0.0237636
-0.0191184
-0.0316315
-0.0457905
-0.0411387
-0.0117942
0.0276034
0.0544172
0.0561166
0.0375134
0.0131572
-0.0050916
-0.0137499
-0.0148896
-0.0113801
-0.0053953
0.0008541
0.0050409
0.0050184
-0.0018992
-0.0188341
-0.0455591
-0.0736738
-0.0884450
-0.0799716
-0.0544362
-0.0324791
-0.0336740
-0.0613875
-0.1023947
-0.1395667
-0.1630221
-0.1705142
-0.1627497
-0.1431859
-0.1208468
-0.1069853
-0.1052111
-0.1075225
-0.1043434
-0.0977378
-0.0996833
-0.1152864
-0.1324733
-0.1342638
-0.1204926
-0.1103530
-0.1190446
-0.1361631
-0.1350530
-0.1051046
-0.0682097
-0.0572085
-0.0801025
-0.1120944
-0.1242488
-0.1136879
-0.1001699
-0.0966936
-0.0930498
-0.0726215
-0.0393722
-0.0189932
-0.0310004
-0.0651566
-0.0907011
-0.0877288
-0.0649945
-0.0460988
-0.0426423
-0.0449141
-0.0374136
-0.0184932
-0.0020191
-0.0014517
-0.0153614
-0.0294768
-0.0317231
-0.0240915
-0.0196462
-0.0280558
-0.0440260
-0.0504685
-0.0345784
-0.0020438
0.0253924
0.0288466
0.0103375
-0.0088535
-0.0095743
0.0053135
0.0140321
-0.0002121
-0.0297067
-0.0486438
-0.0394742
-0.0115241
0.0077830
-0.0001374
-0.0275662
-0.0490950
-0.0459419
-0.0217162
0.0032818
0.0109951
0.0005828
-0.0102147
0.0046126
0.0646789
0.1719611
0.3097417
0.4535411
0.5856952
0.6989968
0.7838757
0.8133789
0.7487547
0.5704479
0.3090422
0.0419437
-0.1501551
-0.2331164
-0.2325309
-0.2010951
-0.1736520
-0.1508169
-0.1190421
-0.0786392
-0.0488057
-0.0478631
-0.0731518
-0.1020454
-0.1114179
-0.0957467
-0.0690362
-0.0523812
-0.0587938
-0.0848541
-0.1127750
-0.1220395
-0.1047193
-0.0732548
-0.0517851
-0.0558130
-0.0784172
-0.0974702
-0.0975175
-0.0837423
-0.0734479
-0.0754644
-0.0814058
-0.0781944
-0.0654619
-0.0558063
-0.0578881
-0.0646206
-0.0624704
-0.0502595
-0.0423430
-0.0504164
-0.0668529
-0.0727437
-0.0627278
-0.0546653
-0.0682613
-0.0964880
-0.1073315
-0.0793892
-0.0311576
-0.0057438
-0.0233561
-0.0550595
-0.0511339
0.0045468
0.0750003
0.1093831
0.0989466
0.0877103
0.1252181
0.2122110
0.2970543
0.3249560
0.2866259
0.2179297
0.1577708
0.1138279
0.0705836
0.0234455
-0.0049512
0.0130753
0.0738111
0.1323218
0.1325894
0.0504973
-0.0890614
-0.2335419
-0.3403367
-0.3983144
-0.4207257
-0.4232703
-0.4098565
-0.3760100
-0.3214167
-0.2561611
-0.1943519
-0.1433731
-0.1016809
-0.0678930
-0.0498855
-0.0608592
-0.1034032
-0.1579998
-0.1913324
-0.1808462
-0.1339541
-0.0829847
-0.0594366
-0.0707058
-0.0989084
-0.1192629
-0.1186812
-0.0997343
-0.0724185
-0.0458638
-0.0264859
-0.0189150
-0.0245328
-0.0391732
-0.0552439
-0.0680628
-0.0788660
-0.0889761
-0.0906444
-0.0666623
-0.0027708
0.0984245
0.2177475
0.3357706
0.4484337
0.5630550
0.6751919
0.7496894
0.7310455
0.5830283
0.3269672
0.0428068
-0.1743557
-0.2711872
-0.2627639
-0.2103672
-0.1719293
-0.1660013
-0.1736906
-0.1685270
-0.1435678
-0.1140945
-0.0999664
-0.1080658
-0.1297791
-0.1514967
-0.1659323
-0.1754300
-0.1876695
-0.2092189
-0.2410312
-0.2769376
-0.3054404
-0.3153935
-0.3039490
-0.2809989
-0.2641143
-0.2654252
-0.2811928
-0.2949547
-0.2930336
-0.2780667
-0.2666212
-0.2723640
-0.2914856
-0.3055732
-0.2993647
-0.2754135
-0.2515613
-0.2456286
-0.2634726
-0.2991581
-0.3410938
-0.3752092
-0.3867137
-0.3676745
-0.3278166
-0.2940270
-0.2905202
-0.3142303
-0.3318483
-0.3067560
-0.2319192
-0.1354542
-0.0531000
0.0029343
0.0467453
0.0943331
0.1429387
0.1769360
0.1891550
0.1891414
0.1890193
0.1871816
0.1718742
0.1391522
0.0994445
0.0619878
0.0180900
-0.0505854
-0.1445783
-0.2352584
-0.2897481
-0.3067864
-0.3192175
-0.3551494
-0.4007706
-0.4098971
-0.3521049
-0.2451516
-0.1348982
-0.0474618
0.0299805
0.1196142
0.2140248
0.2772473
0.2847792
0.2536785
0.2263757
0.2270754
0.2400617
0.2314137
0.1865624
0.1230079
0.0700090
0.0426773
0.0373329
0.0455318
0.0642263
0.0902238
0.1107718
0.1080228
0.0770993
0.0384695
0.0284185
0.0736259
0.1731404
0.3046047
0.4472214
0.5964148
0.7535843
0.9016386
0.9947984
0.9791714
0.8300409
0.5743893
0.2802859
0.0231628
-0.1459637
-0.2139112
-0.2012843
-0.1493352
-0.1026514
-0.0904252
-0.1137626
-0.1488986
-0.1667246
-0.1542182
-0.1203286
-0.0832973
-0.0535528
-0.0282442
0.0001822
0.0324236
0.0594794
0.0702197
0.0613874
0.0406749
0.0203255
0.0074503
0.0003623
-0.0055296
-0.0086233
0.0004385
0.0289247
0.0696913
0.1007066
0.1006983
0.0679490
0.0235666
-0.0052021
-0.0059471
0.0131353
0.0356528
0.0526039
0.0659112
0.0799476
0.0933565
0.1003995
0.0987302
0.0936347
0.0938335
0.1036260
0.1194104
0.1331459
0.1385025
0.1343012
0.1236194
0.1105762
0.0977120
0.0857193
0.0751135
0.0675290
0.0647516
0.0664741
0.0696121
0.0701597
0.0655414
0.0554305
0.0415819
0.0280702
0.0211963
0.0269534
0.0463791
0.0728796
0.0953629
0.1055969
0.1032140
0.0936678
0.0819328
0.0689944
0.0539031
0.0371770
0.0209298
0.0068523
-0.0040084
-0.0096517
-0.0074533
0.0027200
0.0170446
0.0313971
0.0464761
0.0670204
0.0938860
0.1175308
0.1224739
0.1011198
0.0636074
0.0322955
0.0245353
0.0394322
0.0603660
0.0698687
0.0628264
0.0470274
0.0322777
0.0195204
0.0012751
-0.0261234
-0.0506347
-0.0467539
0.0076199
0.1149691
0.2582601
0.4155222
0.5704418
0.7054081
0.7871177
0.7700868
0.6278804
0.3876883
0.1299978
-0.0566234
-0.1308648
-0.1166323
-0.0712032
-0.0372361
-0.0215784
-0.0106478
0.0040728
0.0188406
0.0293149
0.0399557
0.0579676
0.0817694
0.1012693
0.1104893
0.1158180
0.1284482
0.1499390
0.1686168
0.1710565
0.1550072
0.1296216
0.1047290
0.0829217
0.0626757
0.0459331
0.0385053
0.0423388
0.0507716
0.0549150
0.0544895
0.0592949
0.0781658
0.1077339
0.1341990
0.1464300
0.1459021
0.1429026
0.1440630
0.1457022
0.1402062
0.1271789
0.1154621
0.1131632
0.1174851
0.1167393
0.1027794
0.0801128
0.0616951
0.0558855
0.0582305
0.0565823
0.0443362
0.0280748
0.0212863
0.0300947
0.0455028
0.0502635
0.0338236
0.0011826
-0.0318893
-0.0517441
-0.0557748
-0.0505291
-0.0430941
-0.0353576
-0.0258585
-0.0149084
-0.0061117
-0.0032730
-0.0073302
-0.0165968
-0.0288872
-0.0428964
-0.0583433
-0.0753606
-0.0931596
-0.1090218
-0.1200467
-0.1275567
-0.1387430
-0.1599557
-0.1853465
-0.1946860
-0.1699434
-0.1195587
-0.0832335
-0.1029957
-0.1824984
-0.2765265
-0.3269491
-0.3123205
-0.2612399
-0.2170980
-0.1933934
-0.1666042
-0.1101839
-0.0289484
0.0435255
0.0785417
0.0789857
0.0739046
0.0928981
0.1488505
0.2399627
0.3587392
0.4945630
0.6310265
0.7454673
0.8116789
0.8030294
0.6985360
0.4960338
0.2257591
-0.0524692
-0.2762560
-0.4153455
-0.4846364
-0.5229971
-0.5575193
-0.5859581
-0.5896343
-0.5583657
-0.5014327
-0.4381769
-0.3824529
-0.3360166
-0.2931956
-0.2499670
-0.2100461
-0.1834684
-0.1773568
-0.1853654
-0.1870360
-0.1623852
-0.1112770
-0.0569570
-0.0240630
-0.0082634
0.0301281
0.1348090
0.3094439
0.5035172
0.6441864
0.6858254
0.6338564
0.5276637
0.4057666
0.2856246
0.1674865
0.0470624
-0.0785244
-0.2093980
-0.3358570
-0.4289693
-0.4476112
-0.3699772
-0.2259874
-0.0932112
-0.0476962
-0.1074251
-0.2196671
-0.3058411
-0.3243931
-0.2964993
-0.2765277
-0.3011950
-0.3658726
-0.4419714
-0.5069922
-0.5546030
-0.5836434
-0.5889676
-0.5664612
-0.5198267
-0.4536801
-0.3594974
-0.2169514
-0.0189617
0.2020033
0.3791537
0.4533816
0.4179672
0.3244647
0.2435465
0.2159227
0.2335520
0.2596219
0.2631995
0.2395380
0.2057106
0.1817489
0.1745072
0.1744670
0.1639138
0.1285658
0.0661151
-0.0114907
-0.0836220
-0.1330096
-0.1570050
-0.1686581
-0.1853730
-0.2140609
-0.2459944
-0.2671982
-0.2760494
-0.2903587
-0.3330313
-0.4068530
-0.4841048
-0.5250377
-0.5094645
-0.4509291
-0.3808631
-0.3207533
-0.2703895
-0.2209391
-0.1747984
-0.1476995
-0.1492655
-0.1645317
-0.1607583
-0.1161998
-0.0408851
0.0339439
0.0874168
0.1283758
0.1817118
0.2550011
0.3200204
0.3311275
0.2663110
0.1515804
0.0433234
-0.0151801
-0.0219969
-0.0070768
-0.0012530
-0.0152779
-0.0421574
-0.0711814
-0.0964516
-0.1152407
-0.1241793
-0.1208753
-0.1081497
-0.0927636
-0.0786837
-0.0644722
-0.0489300
-0.0357892
-0.0291125
-0.0263443
-0.0209246
-0.0117693
-0.0054749
-0.0070455
-0.0114733
-0.0080381
0.0067328
0.0225051
0.0239252
0.0067784
-0.0165687
-0.0300500
-0.0303955
-0.0269689
-0.0268249
-0.0271047
-0.0247671
-0.0266454
-0.0418350
-0.0644508
-0.0693602
-0.0283298
0.0682241
0.2035889
0.3481180
0.4813461
0.5998324
0.7007476
0.7609314
0.7409863
0.6157314
0.4010883
0.1528910
-0.0589613
-0.1839673
-0.2159044
-0.1921619
-0.1615401
-0.1462867
-0.1367275
-0.1190808
-0.0963315
-0.0795075
