-0.1455886
-0.1585190
-0.1577327
-0.1409756
-0.1249826
-0.1265396
-0.1426632
-0.1560790
-0.1570106
-0.1519700
-0.1517487
-0.1581374
-0.1648411
-0.1665819
-0.1637462
-0.1599352
-0.1576418
-0.1565010
-0.1549978
-0.1532026
-0.1527137
-0.1536941
-0.1538250
-0.1514849
-0.1482306
-0.1460920
-0.1436387
-0.1373301
-0.1267367
-0.1163824
-0.1117004
-0.1139461
-0.1193295
-0.1228361
-0.1231488
-0.1239340
-0.1295190
-0.1390661
-0.1462534
-0.1456197
-0.1384469
-0.1315848
-0.1311624
-0.1380467
-0.1483929
-0.1573032
-0.1622622
-0.1642182
-0.1657519
-0.1679104
-0.1687315
-0.1650592
-0.1561299
-0.1457473
-0.1405757
-0.1447648
-0.1552067
-0.1633357
-0.1636603
-0.1601957
-0.1619964
-0.1713696
-0.1786122
-0.1708247
-0.1458435
-0.1156128
-0.0946925
-0.0859322
-0.0781061
-0.0565136
-0.0130183
0.0559425
0.1582130
0.3063298
0.5049135
0.7389764
0.9780742
1.1916885
1.3565246
1.4472395
1.4263869
1.2562513
0.9327998
0.5126598
0.1012071
-0.1986632
-0.3405859
-0.3502849
-0.2945527
-0.2336865
-0.1942476
-0.1735461
-0.1596853
-0.1460532
-0.1331661
-0.1240946
-0.1209700
-0.1239695
-0.1307577
-0.1364602
-0.1362088
-0.1294076
-0.1209904
-0.1171001
-0.1194301
-0.1246177
-0.1288936
-0.1318477
-0.1350632
-0.1382560
-0.1380850
-0.1307217
-0.1149008
-0.0925686
-0.0675219
-0.0439664
-0.0255219
-0.0137846
-0.0067541
0.0005101
0.0119227
0.0264505
0.0390649
0.0462758
0.0500616
0.0555207
0.0650671
0.0758631
0.0829821
0.0845074
0.0835755
0.0860135
0.0958742
0.1122602
0.1298558
0.1432385
0.1519930
0.1619812
0.1804650
0.2086998
0.2396865
0.2649016
0.2838117
0.3050325
0.3364100
0.3750659
0.4100439
0.4354597
0.4584511
0.4915817
0.5379637
0.5863816
0.6220053
0.6402344
0.6483220
0.6542917
0.6569090
0.6476730
0.6208522
0.5793020
0.5308913
0.4817692
0.4339780
0.3872398
0.3404332
0.2918098
0.2403741
0.1881359
0.1395436
0.0972820
0.0593362
0.0218132
-0.0152534
-0.0465436
-0.0671002
-0.0786472
-0.0887225
-0.1032087
-0.1208931
-0.1360803
-0.1454526
-0.1509754
-0.1565504
-0.1635397
-0.1699636
-0.1726647
-0.1694377
-0.1603673
-0.1487748
-0.1404158
-0.1395962
-0.1448868
-0.1496795
-0.1485203
-0.1428351
-0.1389744
-0.1400716
-0.1413448
-0.1352704
-0.1211189
-0.1072984
-0.1031052
-0.1091682
-0.1173290
-0.1195080
-0.1154574
-0.1119838
-0.1160190
-0.1288552
-0.1456026
-0.1587781
-0.1631321
-0.1592378
-0.1535545
-0.1537985
-0.1622724
-0.1733092
-0.1785406
-0.1755499
-0.1705421
-0.1714299
-0.1788555
-0.1855717
-0.1848470
-0.1778817
-0.1718539
-0.1716931
-0.1754833
-0.1779409
-0.1766768
-0.1738299
-0.1723258
-0.1722345
-0.1713578
-0.1682633
-0.1634886
-0.1580334
-0.1520840
-0.1458758
-0.1408197
-0.1384446
-0.1381878
-0.1373218
-0.1338317
-0.1290678
-0.1267671
-0.1290287
-0.1335459
-0.1356072
-0.1334131
-0.1310032
-0.1347084
-0.1460750
-0.1592263
-0.1667886
-0.1686699
-0.1733659
-0.1887501
-0.2115028
-0.2274499
-0.2242212
-0.2038578
-0.1819169
-0.1734481
-0.1800355
-0.1904674
-0.1927845
-0.1845790
-0.1726423
-0.1651762
-0.1653833
-0.1706771
-0.1755178
-0.1748787
-0.1672396
-0.1560041
-0.1473871
-0.1451273
-0.1466806
-0.1456125
-0.1385173
-0.1288782
-0.1230651
-0.1229902
-0.1243185
-0.1223688
-0.1181777
-0.1171119
-0.1219842
-0.1293750
-0.1334537
-0.1323647
-0.1298181
-0.1307739
-0.1363747
-0.1427238
-0.1433585
-0.1328115
-0.1096350
-0.0776844
-0.0431501
-0.0063266
0.0462717
0.1393282
0.2926288
0.5034428
0.7448136
0.9823441
1.1907359
1.3498941
1.4254138
1.3632620
1.1207533
0.7163444
0.2496800
-0.1402664
-0.3556271
-0.3946156
-0.3356020
-0.2677756
-0.2311571
-0.2124475
-0.1857199
-0.1487492
-0.1215472
-0.1190031
-0.1333787
-0.1442312
-0.1402483
-0.1276991
-0.1196793
-0.1217812
-0.1293583
-0.1351140
-0.1358083
-0.1324306
-0.1275017
-0.1238203
-0.1237892
-0.1274020
-0.1310464
-0.1303991
-0.1254336
-0.1212127
-0.1221781
-0.1261045
-0.1255413
-0.1160254
-0.1017101
-0.0915111
-0.0899124
-0.0927354
-0.0921483
-0.0847364
-0.0739285
-0.0652346
-0.0602907
-0.0556860
-0.0467162
-0.0316869
-0.0130134
0.0050140
0.0193863
0.0301959
0.0403511
0.0535441
0.0715116
0.0923377
0.1115839
0.1261781
0.1381100
0.1541128
0.1805547
0.2175540
0.2580563
0.2935693
0.3214918
0.3465063
0.3741791
0.4036796
0.4282831
0.4437354
0.4548101
0.4714548
0.4976271
0.5249592
0.5388722
0.5313746
0.5075059
0.4791862
0.4533471
0.4264346
0.3898684
0.3398233
0.2815395
0.2250621
0.1774916
0.1386722
0.1029647
0.0646940
0.0227947
-0.0186390
-0.0540159
-0.0809367
-0.1017711
-0.1207103
-0.1391992
-0.1543609
-0.1621420
-0.1620497
-0.1584874
-0.1570407
-0.1594356
-0.1625114
-0.1623180
-0.1588133
-0.1559318
-0.1569258
-0.1601414
-0.1600227
-0.1526173
-0.1400775
-0.1294647
-0.1267195
-0.1314543
-0.1375752
-0.1392752
-0.1368523
-0.1368207
-0.1458083
-0.1634336
-0.1808378
-0.1871398
-0.1788451
-0.1636055
-0.1541108
-0.1572418
-0.1687003
-0.1782005
-0.1797266
-0.1764450
-0.1758229
-0.1807886
-0.1863867
-0.1849566
-0.1738452
-0.1577011
-0.1438262
-0.1361537
-0.1337021
-0.1336956
-0.1349713
-0.1382125
-0.1436236
-0.1490703
-0.1507340
-0.1458345
-0.1352483
-0.1237900
-0.1174236
-0.1190044
-0.1258511
-0.1317366
-0.1323999
-0.1298705
-0.1308810
-0.1399163
-0.1535963
-0.1629599
-0.1623422
-0.1557409
-0.1532374
-0.1605458
-0.1727952
-0.1796214
-0.1763222
-0.1688340
-0.1668839
-0.1728943
-0.1791876
-0.1767876
-0.1659161
-0.1562329
-0.1564385
-0.1648626
-0.1714591
-0.1687437
-0.1593412
-0.1519827
-0.1510302
-0.1517423
-0.1464016
-0.1335136
-0.1189899
-0.1084983
-0.1011324
-0.0922478
-0.0808063
-0.0706125
-0.0636683
-0.0554181
-0.0392413
-0.0135520
0.0207712
0.0718520
0.1608897
0.3079488
0.5119488
0.7483166
0.9874914
1.2087125
1.3866345
1.4666959
1.3722064
1.0595770
0.5789660
0.0743368
-0.2942388
-0.4473886
-0.4216778
-0.3196908
-0.2279755
-0.1742665
-0.1446447
-0.1228626
-0.1074125
-0.1010130
-0.0987108
-0.0923510
-0.0816564
-0.0741977
-0.0743525
-0.0771021
-0.0751535
-0.0692759
-0.0675189
-0.0740036
-0.0818463
-0.0797063
-0.0645048
-0.0454005
-0.0346024
-0.0355226
-0.0407561
-0.0407274
-0.0329296
-0.0227153
-0.0163678
-0.0144978
-0.0122191
-0.0050982
0.0057858
0.0150927
0.0194433
0.0216650
0.0277923
0.0395430
0.0509467
0.0542214
0.0494792
0.0469791
0.0575856
0.0806536
0.1032389
0.1131703
0.1126190
0.1168649
0.1386281
0.1745812
0.2088063
0.2296023
0.2416125
0.2606233
0.2971560
0.3462929
0.3934383
0.4285914
0.4540822
0.4794121
0.5105861
0.5452297
0.5767502
0.6014241
0.6210730
0.6398770
0.6593640
0.6761349
0.6837861
0.6772054
0.6559081
0.6238154
0.5856284
0.5430838
0.4949355
0.4409558
0.3854879
0.3356213
0.2947105
0.2581024
0.2168961
0.1671111
0.1148399
0.0712017
0.0415762
0.0201453
-0.0043196
-0.0370874
-0.0719994
-0.0973337
-0.1069774
-0.1059198
-0.1052697
-0.1123380
-0.1252794
-0.1363566
-0.1396060
-0.1355882
-0.1296844
-0.1264544
-0.1255286
-0.1225756
-0.1141658
-0.1018410
-0.0914202
-0.0880577
-0.0917492
-0.0977069
-0.1012566
-0.1023219
-0.1049302
-0.1123135
-0.1227667
-0.1305942
-0.1312082
-0.1253713
-0.1186984
-0.1171320
-0.1224414
-0.1313295
-0.1385994
-0.1416728
-0.1426265
-0.1457862
-0.1528494
-0.1602902
-0.1622078
-0.1564826
-0.1481365
-0.1457803
-0.1537742
-0.1676161
-0.1776170
-0.1778912
-0.1719932
-0.1693441
-0.1756270
-0.1866463
-0.1920905
-0.1858163
-0.1723768
-0.1628828
-0.1641080
-0.1720710
-0.1769083
-0.1737157
-0.1673583
-0.1660220
-0.1712206
-0.1760766
-0.1738792
-0.1666804
-0.1636052
-0.1707041
-0.1840382
-0.1937657
-0.1943574
-0.1896813
-0.1882351
-0.1946006
-0.2058859
-0.2151917
-0.2172733
-0.2115520
-0.2017319
-0.1934632
-0.1910574
-0.1945549
-0.1996279
-0.2014189
-0.1991322
-0.1963111
-0.1960489
-0.1965736
-0.1927721
-0.1822882
-0.1690909
-0.1602102
-0.1593951
-0.1647805
-0.1723354
-0.1800422
-0.1879617
-0.1954080
-0.1998662
-0.1990524
-0.1930199
-0.1837501
-0.1736235
-0.1652104
-0.1616625
-0.1651546
-0.1739564
-0.1823887
-0.1856494
-0.1848811
-0.1858880
-0.1918855
-0.1986399
-0.1984306
-0.1885514
-0.1739642
-0.1607915
-0.1490782
-0.1342227
-0.1148905
-0.0962313
-0.0832794
-0.0729973
-0.0560675
-0.0265257
0.0145039
0.0681903
0.1492457
0.2814943
0.4770417
0.7193952
0.9690687
1.1852389
1.3387010
1.4037263
1.3460573
1.1340628
0.7740516
0.3362050
-0.0640523
-0.3257506
-0.4184367
-0.3893880
-0.3189657
-0.2645644
-0.2373390
-0.2204673
-0.2010245
-0.1834057
-0.1781451
-0.1853707
-0.1927420
-0.1881663
-0.1715591
-0.1532321
-0.1423881
-0.1389597
-0.1363443
-0.1299632
-0.1215685
-0.1158001
-0.1144397
-0.1149682
-0.1137414
-0.1089938
-0.1005535
-0.0881583
-0.0716608
-0.0529228
-0.0361836
-0.0254352
-0.0213790
-0.0213037
-0.0217985
-0.0212066
-0.0197132
-0.0179286
-0.0158055
-0.0124208
-0.0063165
0.0034246
0.0154991
0.0259673
0.0310932
0.0318471
0.0348655
0.0469760
0.0678954
0.0895595
0.1042717
0.1133864
0.1264153
0.1508885
0.1842346
0.2169061
0.2429632
0.2658968
0.2935533
0.3288194
0.3668762
0.4012955
0.4311438
0.4612296
0.4962211
0.5356047
0.5740691
0.6055092
0.6262652
0.6357048
0.6351407
0.6263384
0.6101472
0.5860232
0.5532433
0.5129774
0.4688561
0.4249301
0.3829818
0.3420235
0.3001845
0.2565441
0.2113135
0.1655013
0.1214515
0.0829860
0.0529381
0.0294373
0.0059628
-0.0225643
-0.0531065
-0.0756830
-0.0831823
-0.0799239
-0.0787295
-0.0884612
-0.1052311
-0.1170661
-0.1169424
-0.1098621
-0.1067171
-0.1125790
-0.1224742
-0.1281735
-0.1271535
-0.1239064
-0.1237549
-0.1273414
-0.1313663
-0.1330592
-0.1326776
-0.1323403
-0.1339434
-0.1384036
-0.1454679
-0.1529795
-0.1567922
-0.1530900
-0.1419629
-0.1285417
-0.1197626
-0.1193223
-0.1253550
-0.1326276
-0.1369325
-0.1380296
-0.1393087
-0.1447802
-0.1554948
-0.1680124
-0.1766091
-0.1779645
-0.1741305
-0.1704559
-0.1702315
-0.1717919
-0.1713644
-0.1682590
-0.1660768
-0.1684378
-0.1745347
-0.1799765
-0.1816541
-0.1804636
-0.1789793
-0.1779440
-0.1764533
-0.1748276
-0.1750635
-0.1775813
-0.1792721
-0.1769489
-0.1725068
-0.1722220
-0.1793030
-0.1882602
-0.1890118
-0.1772970
-0.1596563
-0.1469447
-0.1436615
-0.1450860
-0.1446139
-0.1418443
-0.1421582
-0.1494832
-0.1614807
-0.1720866
-0.1771970
-0.1770048
-0.1741406
-0.1714297
-0.1712467
-0.1747961
-0.1805202
-0.1843453
-0.1837138
-0.1817593
-0.1855497
-0.1983709
-0.2141892
-0.2217035
-0.2150094
-0.1997585
-0.1880116
-0.1871539
-0.1942235
-0.2004434
-0.1999519
-0.1938097
-0.1869841
-0.1832080
-0.1828019
-0.1837387
-0.1833382
-0.1793894
-0.1713985
-0.1617393
-0.1547749
-0.1533241
-0.1554356
-0.1554138
-0.1490464
-0.1380740
-0.1290521
-0.1273511
-0.1322020
-0.1377427
-0.1389052
-0.1361357
-0.1343345
-0.1373651
-0.1438122
-0.1481282
-0.1457976
-0.1372880
-0.1269812
-0.1182903
-0.1097345
-0.0953976
-0.0684163
-0.0230662
0.0467634
0.1496924
0.2947132
0.4844163
0.7090043
0.9460043
1.1638000
1.3233888
1.3789948
1.2871854
1.0308587
0.6460414
0.2247663
-0.1213925
-0.3186400
-0.3665873
-0.3239522
-0.2588532
-0.2074242
-0.1708337
-0.1405290
-0.1180772
-0.1111104
-0.1182579
-0.1262545
-0.1233173
-0.1113292
-0.1018758
-0.1020803
-0.1079020
-0.1115568
-0.1118517
-0.1142434
-0.1220060
-0.1309814
-0.1344537
-0.1310678
-0.1255110
-0.1219067
-0.1191457
-0.1139110
-0.1065609
-0.1016127
-0.1021968
-0.1058807
-0.1072941
-0.1041259
-0.0990151
-0.0953946
-0.0929092
-0.0881228
-0.0793284
-0.0692719
-0.0623202
-0.0592874
-0.0558664
-0.0466113
-0.0304015
-0.0116915
0.0038983
0.0153533
0.0275558
0.0465163
0.0730404
0.1011977
0.1234293
0.1374647
0.1482648
0.1632016
0.1854703
0.2121317
0.2380111
0.2609072
0.2831908
0.3092191
0.3416006
0.3791056
0.4169403
0.4490417
0.4716311
0.4859564
0.4972777
0.5095769
0.5202625
0.5207495
0.5037292
0.4706188
0.4314802
0.3969248
0.3697254
0.3440683
0.3124647
0.2730250
0.2304389
0.1908925
0.1565982
0.1248736
0.0918311
0.0568098
0.0235795
-0.0026567
-0.0198778
-0.0313960
-0.0433682
-0.0596216
-0.0785083
-0.0948896
-0.1054248
-0.1119322
-0.1194027
-0.1306629
-0.1431468
-0.1511567
-0.1514593
-0.1466631
-0.1429097
-0.1440017
-0.1477865
-0.1486319
-0.1437103
-0.1365310
-0.1335946
-0.1373848
-0.1434257
-0.1451845
-0.1417847
-0.1397382
-0.1461519
-0.1605303
-0.1742629
-0.1785881
-0.1726421
-0.1634647
-0.1587683
-0.1604112
-0.1644560
-0.1661347
-0.1639804
-0.1600160
-0.1574072
-0.1581968
-0.1621700
-0.1669482
-0.1696046
-0.1692993
-0.1685835
-0.1712087
-0.1778204
-0.1841201
-0.1843358
-0.1771087
-0.1676181
-0.1632356
-0.1668449
-0.1745999
-0.1802682
-0.1814023
-0.1808442
-0.1822387
-0.1847060
-0.1827813
-0.1721794
-0.1555835
-0.1420906
-0.1400217
-0.1496146
-0.1626897
-0.1698145
-0.1681848
-0.1628155
-0.1603944
-0.1624349
-0.1647103
-0.1630860
-0.1589755
-0.1580402
-0.1631759
-0.1695382
-0.1679171
-0.1540542
-0.1344525
-0.1218148
-0.1236496
-0.1351591
-0.1438186
-0.1413171
-0.1309758
-0.1235453
-0.1263048
-0.1367780
-0.1466924
-0.1508889
-0.1516130
-0.1546578
-0.1625358
-0.1719640
-0.1774730
-0.1767286
-0.1722926
-0.1686830
-0.1679740
-0.1680720
-0.1651303
-0.1578203
-0.1493609
-0.1449952
-0.1468821
-0.1513578
-0.1517978
-0.1448754
-0.1341798
-0.1273079
-0.1289390
-0.1365094
-0.1425771
-0.1414097
-0.1334684
-0.1239860
-0.1177917
-0.1157737
-0.1159046
-0.1165750
-0.1177626
-0.1187253
-0.1158107
-0.1045579
-0.0850183
-0.0639578
-0.0495796
-0.0430222
-0.0363840
-0.0212090
0.0009656
0.0186094
0.0223180
0.0158377
0.0128102
0.0230570
0.0461882
0.0822318
0.1464496
0.2666738
0.4602435
0.7130376
0.9828924
1.2217840
1.3898917
1.4488127
1.3544869
1.0779614
0.6475068
0.1673302
-0.2228265
-0.4271669
-0.4480110
-0.3684845
-0.2823969
-0.2346138
-0.2162366
-0.2019269
-0.1831443
-0.1690598
-0.1670134
-0.1709187
-0.1685060
-0.1546019
-0.1346599
-0.1175427
-0.1077849
-0.1044411
-0.1045939
-0.1063628
-0.1093752
-0.1135483
-0.1172298
-0.1160089
-0.1043621
-0.0804759
-0.0500433
-0.0236397
-0.0084424
-0.0025009
0.0016827
0.0079866
0.0127715
0.0110025
0.0044269
0.0007304
0.0040268
0.0089414
0.0069636
-0.0019444
-0.0074144
-0.0002149
0.0162159
0.0290766
0.0315359
0.0318367
0.0444481
0.0730449
0.1054693
0.1269232
0.1359961
0.1449895
0.1649872
0.1939292
0.2212176
0.2417928
0.2618399
0.2898671
0.3253718
0.3595007
0.3861843
0.4090322
0.4353493
0.4655832
0.4924100
0.5110778
0.5276954
0.5539224
0.5930886
0.6338223
0.6592055
0.6617899
0.6483010
0.6297786
0.6090419
0.5793470
0.5345952
0.4785410
0.4224662
0.3743890
0.3321458
0.2876693
0.2370134
0.1847709
0.1385579
0.1005901
0.0661373
0.0301931
-0.0058789
-0.0356352
-0.0551377
-0.0677464
-0.0804512
-0.0962377
-0.1116933
-0.1225570
-0.1300190
-0.1395129
-0.1531993
-0.1657904
-0.1698831
-0.1651048
-0.1597137
-0.1617022
-0.1695004
-0.1739006
-0.1698134
-0.1639307
-0.1680270
-0.1843783
-0.2001885
-0.1988182
-0.1765328
-0.1464244
-0.1249656
-0.1159856
-0.1095303
-0.0958885
-0.0778992
-0.0673394
-0.0703430
-0.0797165
-0.0834894
-0.0793418
-0.0773574
-0.0875646
-0.1071938
-0.1231412
-0.1269355
-0.1243935
-0.1284235
-0.1435690
-0.1606245
-0.1674402
-0.1628383
-0.1574115
-0.1610206
-0.1721998
-0.1813225
-0.1824822
-0.1795282
-0.1801014
-0.1862148
-0.1928724
-0.1952159
-0.1944563
-0.1955705
-0.2006239
-0.2065037
-0.2094789
-0.2103162
-0.2134767
-0.2216273
-0.2322569
-0.2401220
-0.2420638
-0.2384225
-0.2301468
-0.2162159
-0.1952679
-0.1695190
-0.1455675
-0.1300142
-0.1241215
-0.1233927
-0.1227512
-0.1217986
-0.1245562
-0.1342302
-0.1489133
-0.1628462
-0.1716998
-0.1762357
-0.1807272
-0.1879508
-0.1957705
-0.1987187
-0.1933770
-0.1826075
-0.1739475
-0.1724651
-0.1746113
-0.1704937
-0.1542125
-0.1319351
-0.1173445
-0.1172452
-0.1229430
-0.1185290
-0.0973265
-0.0657120
-0.0270221
0.0358645
0.1547700
0.3481453
0.5996756
0.8672156
1.1101438
1.3009312
1.4085032
1.3824451
1.1743624
0.7897952
0.3184859
-0.0998618
-0.3559515
-0.4307396
-0.3862812
-0.3043290
-0.2324184
-0.1773549
-0.1329134
-0.1015980
-0.0907816
-0.0983081
-0.1106593
-0.1157964
-0.1136952
-0.1124420
-0.1163688
-0.1209013
-0.1189291
-0.1098810
-0.1010371
-0.1004495
-0.1095919
-0.1228351
-0.1331242
-0.1375824
-0.1379988
-0.1368728
-0.1339642
-0.1272080
-0.1166736
-0.1064322
-0.1012081
-0.1008657
-0.0992504
-0.0898890
-0.0732031
-0.0571089
-0.0493122
-0.0489208
-0.0466515
-0.0341387
-0.0127518
0.0076983
0.0192413
0.0239940
0.0314918
0.0482940
0.0715169
0.0932009
0.1099756
0.1267505
0.1505969
0.1825850
0.2173062
0.2501285
0.2828541
0.3207102
0.3644315
0.4072134
0.4404475
0.4618688
0.4773281
0.4949467
0.5183476
0.5452450
0.5709722
0.5921530
0.6076161
0.6175798
0.6228628
0.6240196
0.6199653
0.6075084
0.5835287
0.5484355
0.5068553
0.4638200
0.4202395
0.3731186
0.3207611
0.2669233
0.2185903
0.1795427
0.1472110
0.1166115
0.0865855
0.0606562
0.0414489
0.0257755
0.0069189
-0.0182194
-0.0456959
-0.0691422
-0.0870250
-0.1039039
-0.1241998
-0.1458393
-0.1611813
-0.1641803
-0.1559572
-0.1432762
-0.1323574
-0.1247635
-0.1188326
-0.1140091
-0.1131023
-0.1202959
-0.1368907
-0.1586359
-0.1773215
-0.1861192
-0.1848114
-0.1801878
-0.1804197
-0.1879829
-0.1978728
-0.2030719
-0.2017218
-0.1984556
-0.1985970
-0.2017880
-0.2022299
-0.1953619
-0.1836821
-0.1753348
-0.1767792
-0.1868981
-0.1982256
-0.2038595
-0.2033766
-0.2023866
-0.2064717
-0.2153857
-0.2230313
-0.2232704
-0.2160459
-0.2078907
-0.2062568
-0.2130231
-0.2231522
-0.2293061
-0.2276997
-0.2199387
-0.2099827
-0.1999097
-0.1886836
-0.1747479
-0.1594645
-0.1475777
-0.1437071
-0.1479867
-0.1554719
-0.1606976
-0.1632304
-0.1680967
-0.1798441
-0.1963361
-0.2096549
-0.2140257
-0.2123290
-0.2136013
-0.2237487
-0.2393951
-0.2513601
-0.2537406
-0.2489923
-0.2444641
-0.2449463
-0.2489176
-0.2512669
-0.2488206
-0.2433024
-0.2394879
-0.2404907
-0.2443933
-0.2456920
-0.2411122
-0.2344373
-0.2342420
-0.2449143
-0.2598230
-0.2655556
-0.2549922
-0.2358728
-0.2243864
-0.2290925
-0.2419070
-0.2460803
-0.2328403
-0.2091756
-0.1893769
-0.1805879
-0.1779029
-0.1727155
-0.1635951
-0.1577468
-0.1625887
-0.1772400
-0.1925245
-0.1987851
-0.1937515
-0.1836029
-0.1767281
-0.1757135
-0.1746132
-0.1644484
-0.1425543
-0.1167596
-0.0990118
-0.0934151
-0.0907237
-0.0759361
-0.0413869
0.0098097
0.0752011
0.1662343
0.3050589
0.5036680
0.7457585
0.9915122
1.2006097
1.3472098
1.4103496
1.3562504
1.1457389
0.7746594
0.3111539
-0.1173909
-0.3924213
-0.4756851
-0.4230069
-0.3304555
-0.2636016
-0.2294525
-0.2028696
-0.1683805
-0.1347106
-0.1176412
-0.1194859
-0.1284680
-0.1332957
-0.1331448
-0.1339682
-0.1394795
-0.1479078
-0.1552903
-0.1590157
-0.1585025
-0.1549605
-0.1513056
-0.1503121
-0.1510477
-0.1481344
-0.1369563
-0.1201480
-0.1069023
-0.1039275
-0.1076563
-0.1074859
-0.0974679
-0.0832731
-0.0759136
-0.0789658
-0.0839187
-0.0791401
-0.0623749
-0.0428162
-0.0308479
-0.0273164
-0.0240255
-0.0139120
0.0013919
0.0151781
0.0256834
0.0402979
0.0685093
0.1110710
0.1572986
0.1936530
0.2149272
0.2271828
0.2405333
0.2596710
0.2809039
0.2970990
0.3048332
0.3075439
0.3130532
0.3281630
0.3541787
0.3861119
0.4161909
0.4394496
0.4569437
0.4734247
0.4914430
0.5079919
0.5175646
0.5183440
0.5142525
0.5099952
0.5044514
0.4901788
0.4602413
0.4153780
0.3640255
0.3153533
0.2725676
0.2327062
0.1919318
0.1502380
0.1113443
0.0790807
0.0544807
0.0360137
0.0218990
0.0118894
0.0069643
0.0074207
0.0111667
0.0139168
0.0115917
0.0033183
-0.0076084
-0.0163029
-0.0208369
-0.0246891
-0.0341393
-0.0523342
-0.0756743
-0.0965992
-0.1104625
-0.1194978
-0.1294892
-0.1425293
-0.1538094
-0.1562904
-0.1484532
-0.1367083
-0.1297198
-0.1306051
-0.1349749
-0.1361707
-0.1316622
-0.1243655
-0.1187478
-0.1165227
-0.1158801
-0.1139703
-0.1097256
-0.1046718
-0.1014225
-0.1012741
-0.1030776
-0.1047442
-0.1061664
-0.1100571
-0.1185609
-0.1284518
-0.1309638
-0.1185694
-0.0929884
-0.0656931
-0.0491571
-0.0471260
-0.0535721
-0.0606409
-0.0664639
-0.0748613
-0.0886632
-0.1050474
-0.1179489
-0.1242240
-0.1265927
-0.1305401
-0.1387724
-0.1487878
-0.1556395
-0.1570932
-0.1562868
-0.1590495
-0.1677783
-0.1776406
-0.1798161
-0.1699698
-0.1538420
-0.1433137
-0.1457262
-0.1570244
-0.1660770
-0.1658736
-0.1599104
-0.1573468
-0.1626212
-0.1707848
-0.1731136
-0.1664832
-0.1565399
-0.1518546
-0.1555780
-0.1629220
-0.1661738
-0.1615443
-0.1512453
-0.1397112
-0.1286863
-0.1163984
-0.1012727
-0.0857283
-0.0756231
-0.0757167
-0.0858290
-0.1014748
-0.1178773
-0.1330351
-0.1472412
-0.1605752
-0.1716285
-0.1787150
-0.1819235
-0.1836731
-0.1870975
-0.1935995
-0.2016079
-0.2077015
-0.2094632
-0.2077712
-0.2061810
-0.2074484
-0.2104352
-0.2110280
-0.2067469
-0.2001813
-0.1969165
-0.1996259
-0.2048435
-0.2064746
-0.2025493
-0.1976718
-0.1980053
-0.2038049
-0.2074818
-0.1996332
-0.1773160
-0.1466353
-0.1175419
-0.0962508
-0.0822901
-0.0718341
-0.0627485
-0.0559169
-0.0521773
-0.0492198
-0.0428396
-0.0319394
-0.0217903
-0.0208369
-0.0328222
-0.0518351
-0.0662203
-0.0686345
-0.0624295
-0.0572908
-0.0580991
-0.0589604
-0.0495286
-0.0267844
0.0023008
0.0326735
0.0754976
0.1570485
0.2998594
0.5042245
0.7487656
1.0063977
1.2526681
1.4531301
1.5474300
1.4626715
1.1629184
0.6974556
0.1972683
-0.1910323
-0.3871446
-0.4110933
-0.3474034
-0.2768229
-0.2328756
-0.2076163
-0.1842620
-0.1593409
-0.1396956
-0.1285946
-0.1207587
-0.1097350
-0.0960062
-0.0859843
-0.0842341
-0.0882155
-0.0906079
-0.0860216
-0.0755559
-0.0657093
-0.0631235
-0.0694433
-0.0801038
-0.0879348
-0.0888174
-0.0847283
-0.0813534
-0.0822188
-0.0849054
-0.0833588
-0.0742830
-0.0610578
-0.0508747
-0.0479864
-0.0502247
-0.0522436
-0.0514485
-0.0499115
-0.0506216
-0.0529748
-0.0528490
-0.0468344
-0.0353417
-0.0210027
-0.0046496
0.0159647
0.0429539
0.0743107
0.1040091
0.1267489
0.1429315
0.1588902
0.1816506
0.2126649
0.2463982
0.2755638
0.2982957
0.3199708
0.3473542
0.3809938
0.4142933
0.4407206
0.4612860
0.4835599
0.5128539
0.5454347
0.5717888
0.5865681
0.5939233
0.6019664
0.6125130
0.6177078
0.6074236
0.5794668
0.5418397
0.5049867
0.4720859
0.4367817
0.3900550
0.3294681
0.2624164
0.2008536
0.1525268
0.1165249
0.0867158
0.0592204
0.0362363
0.0222467
0.0167799
0.0121371
-0.0004222
-0.0221292
-0.0453401
-0.0613722
-0.0690722
-0.0746515
-0.0834574
-0.0936951
-0.0994247
-0.0987574
-0.0969827
-0.1007847
-0.1106715
-0.1207877
-0.1260924
-0.1279752
-0.1316541
-0.1389777
-0.1456543
-0.1461462
-0.1401600
-0.1331540
-0.1306286
-0.1328648
-0.1356394
-0.1355328
-0.1337902
-0.1347376
-0.1406390
-0.1484614
-0.1519993
-0.1474110
-0.1367525
-0.1259809
-0.1194113
-0.1163014
-0.1130825
-0.1085595
-0.1057911
-0.1079904
-0.1132279
-0.1150670
-0.1096155
-0.1010757
-0.0984226
-0.1059007
-0.1179921
-0.1252093
-0.1246979
-0.1235255
-0.1303853
-0.1448076
-0.1564617
-0.1560953
-0.1461958
-0.1391337
-0.1443504
-0.1586223
-0.1702009
-0.1721283
-0.1697812
-0.1742480
-0.1890698
-0.2053375
-0.2108521
-0.2033434
-0.1931100
-0.1921671
-0.2020078
-0.2134508
-0.2181982
-0.2184527
-0.2233926
-0.2365990
-0.2492162
-0.2475045
-0.2272467
-0.1992805
-0.1796613
-0.1747024
-0.1767578
-0.1745588
-0.1657323
-0.1573594
-0.1550161
-0.1543783
-0.1459189
-0.1268598
-0.1052943
-0.0908288
-0.0829150
-0.0712085
-0.0469961
-0.0097992
0.0412192
0.1205394
0.2540395
0.4574474
0.7161573
0.9883440
1.2272433
1.3964145
1.4630121
1.3867870
1.1346493
0.7212451
0.2357554
-0.1855765
-0.4332579
-0.4874212
-0.4169234
-0.3186253
-0.2521775
-0.2211603
-0.2015555
-0.1781230
-0.1548671
-0.1410385
-0.1368231
-0.1342189
-0.1270855
-0.1165191
-0.1074176
-0.1028392
-0.1023284
-0.1036346
-0.1045638
-0.1041003
-0.1031880
-0.1040747
-0.1074946
-0.1104457
-0.1083132
-0.1001707
-0.0910227
-0.0872463
-0.0896869
-0.0925190
-0.0897019
-0.0817662
-0.0749432
-0.0735649
-0.0746324
-0.0709005
-0.0588774
-0.0426656
-0.0296365
-0.0230593
-0.0195835
-0.0136719
-0.0037645
0.0063840
0.0125076
0.0157832
0.0235934
0.0437280
0.0772742
0.1170797
0.1533632
0.1811239
0.2025810
0.2231790
0.2459525
0.2699068
0.2932014
0.3168190
0.3443732
0.3783562
0.4170855
0.4556746
0.4899591
0.5194170
0.5463915
0.5725780
0.5962234
0.6128138
0.6187839
0.6146717
0.6043068
0.5905118
0.5716976
0.5432002
0.5023660
0.4523000
0.4002616
0.3519985
0.3075363
0.2627304
0.2150757
0.1676087
0.1264896
0.0947246
0.0690556
0.0437559
0.0171921
-0.0064475
-0.0225529
-0.0325237
-0.0433876
-0.0602498
-0.0798454
-0.0930028
-0.0940745
-0.0873116
-0.0833056
-0.0893944
-0.1038602
-0.1187768
-0.1273427
-0.1285328
-0.1262796
-0.1256076
-0.1292420
-0.1363684
-0.1436302
-0.1477141
-0.1479595
-0.1468035
-0.1472892
-0.1499173
-0.1523525
-0.1525331
-0.1515074
-0.1522988
-0.1559153
-0.1593611
-0.1583104
-0.1516566
-0.1430753
-0.1380190
-0.1390260
-0.1435089
-0.1459477
-0.1428748
-0.1365298
-0.1335364
-0.1389560
-0.1508615
-0.1611716
-0.1629329
-0.1572117
-0.1520367
-0.1536442
-0.1591261
-0.1590859
-0.1482123
-0.1323022
-0.1235268
-0.1285792
-0.1421800
-0.1524802
-0.1523695
-0.1453552
-0.1411306
-0.1461868
-0.1585676
-0.1707860
-0.1770725
-0.1778862
-0.1780866
-0.1812893
-0.1860425
-0.1873116
-0.1816986
-0.1713156
-0.1624410
-0.1601848
-0.1645123
-0.1714784
-0.1777752
-0.1833398
-0.1896980
-0.1968827
-0.2026774
-0.2043616
-0.2004575
-0.1911542
-0.1782699
-0.1653824
-0.1570984
-0.1566225
-0.1631842
-0.1721603
-0.1784403
-0.1799368
-0.1777594
-0.1733293
-0.1660594
-0.1540397
-0.1364570
-0.1151312
-0.0942097
-0.0783356
-0.0695747
-0.0645690
-0.0552535
-0.0343514
-0.0004616
0.0447582
0.1065580
0.2023281
0.3516619
0.5573400
0.7965713
1.0328271
1.2344289
1.3766725
1.4260738
1.3346184
1.0684124
0.6542708
0.1948857
-0.1770142
-0.3763043
-0.4103068
-0.3547428
-0.2881226
-0.2444009
-0.2160468
-0.1875905
-0.1587061
-0.1397318
-0.1357019
-0.1406673
-0.1448546
-0.1424366
-0.1324665
-0.1166946
-0.0989328
-0.0842264
-0.0752323
-0.0691667
-0.0605710
-0.0482167
-0.0379446
-0.0369820
-0.0456006
-0.0559291
-0.0598363
-0.0572319
-0.0556183
-0.0617628
-0.0748205
-0.0876706
-0.0939290
-0.0931622
-0.0901242
-0.0898154
-0.0929104
-0.0950591
-0.0905795
-0.0776468
-0.0604115
-0.0457838
-0.0375808
-0.0334523
-0.0274074
-0.0153510
0.0017503
0.0198613
0.0365118
0.0531204
0.0730576
0.0982129
0.1276617
0.1588076
0.1890841
0.2173230
0.2449948
0.2762754
0.3152613
0.3615741
0.4088969
0.4492580
0.4798254
0.5054131
0.5335787
0.5668339
0.5999449
0.6251766
0.6396357
0.6464842
0.6489751
0.6446848
0.6268707
0.5914671
0.5421262
0.4882845
0.4383731
0.3943229
0.3517137
0.3049188
0.2526201
0.1991121
0.1507351
0.1109409
0.0781767
0.0479806
0.0173194
-0.0124399
-0.0365690
-0.0513509
-0.0577994
-0.0610996
-0.0663980
-0.0750792
-0.0846577
-0.0917244
-0.0951085
-0.0967076
-0.0992675
-0.1029845
-0.1045197
-0.1002446
-0.0909424
-0.0828216
-0.0829645
-0.0930071
-0.1069895
-0.1158444
-0.1149975
-0.1082594
-0.1041587
-0.1081298
-0.1181668
-0.1276773
-0.1317405
-0.1305390
-0.1279650
-0.1279388
-0.1314642
-0.1359204
-0.1370451
-0.1326772
-0.1253592
-0.1208722
-0.1230571
-0.1293030
-0.1317418
-0.1246237
-0.1114582
-0.1036109
-0.1098363
-0.1270797
-0.1431789
-0.1491775
-0.1476981
-0.1484596
-0.1568556
-0.1684946
-0.1746844
-0.1717329
-0.1641025
-0.1592701
-0.1609351
-0.1675359
-0.1756388
-0.1825013
-0.1854666
-0.1817304
-0.1708103
-0.1560866
-0.1418192
-0.1289783
-0.1157768
-0.1021851
-0.0918955
-0.0888741
-0.0930591
-0.1006279
-0.1083357
-0.1166220
-0.1276918
-0.1407415
-0.1504751
-0.1517101
-0.1450752
-0.1367360
-0.1325196
-0.1336169
-0.1376629
-0.1416701
-0.1432432
-0.1413134
-0.1374548
-0.1351361
-0.1359220
-0.1370107
-0.1339411
-0.1258444
-0.1175189
-0.1160018
-0.1242167
-0.1372541
-0.1460527
-0.1463290
-0.1429229
-0.1435612
-0.1497100
-0.1560672
-0.1574332
-0.1526283
-0.1434570
-0.1348141
-0.1344661
