0.0964748
0.1467348
0.0775715
0.0407610
0.0637535
0.0724862
0.0467665
0.0364599
0.0554143
0.0653327
0.0569001
0.0615026
0.0836174
0.0921157
0.0796654
0.0721277
0.0789389
0.0841365
0.0846188
0.0932337
0.1073458
0.1131908
0.1159978
0.1307301
0.1500727
0.1541174
0.1443308
0.1386932
0.1413679
0.1432716
0.1432667
0.1449488
0.1425518
0.1316809
0.1234275
0.1284396
0.1379798
0.1377434
0.1287048
0.1195518
0.1115595
0.1045671
0.1041745
0.1101220
0.1109996
0.1019486
0.0942240
0.0971415
0.1039687
0.1047548
0.1001973
0.0950075
0.0897566
0.0853362
0.0838246
0.0811693
0.0710985
0.0583437
0.0550895
0.0630698
0.0724020
0.0785709
0.0865745
0.0974040
0.1041593
0.1033989
0.0990030
0.0941472
0.0891298
0.0857693
0.0846000
0.0804319
0.0698836
0.0596743
0.0584873
0.0649095
0.0717880
0.0770652
0.0817818
0.0834796
0.0806981
0.0785282
0.0811556
0.0838775
0.0799406
0.0704903
0.0617949
0.0577653
0.0595804
0.0662057
0.0712614
0.0666768
0.0536459
0.0430046
0.0413867
0.0440792
0.0439963
0.0398563
0.0330710
0.0246604
0.0180374
0.0175503
0.0217799
0.0242775
0.0217567
0.0157490
0.0072252
-0.0032199
-0.0109797
-0.0111276
-0.0061708
-0.0031524
-0.0035875
-0.0024473
0.0040117
0.0149665
0.0276365
0.0381304
0.0425950
0.0425157
0.0453261
0.0548098
0.0651768
0.0699702
0.0722216
0.0797376
0.0943789
0.1127046
0.1356916
0.1737067
0.2429927
0.3577056
0.5205815
0.7190222
0.9325753
1.1405920
1.3128721
1.3944673
1.3189729
1.0562796
0.6526740
0.2202823
-0.1201255
-0.3009038
-0.3330783
-0.2823089
-0.2167100
-0.1690989
-0.1392838
-0.1191609
-0.1065742
-0.1010250
-0.0993890
-0.0992760
-0.1005201
-0.1019294
-0.1011435
-0.0981506
-0.0953259
-0.0944402
-0.0963352
-0.1015775
-0.1084755
-0.1131629
-0.1148317
-0.1177440
-0.1247153
-0.1320500
-0.1346067
-0.1326720
-0.1302738
-0.1296685
-0.1306898
-0.1327818
-0.1350020
-0.1364485
-0.1381151
-0.1412885
-0.1436034
-0.1410022
-0.1342795
-0.1284964
-0.1243837
-0.1155072
-0.0965278
-0.0705754
-0.0463837
-0.0306300
-0.0234364
-0.0183640
-0.0069811
0.0133239
0.0364959
0.0556007
0.0717408
0.0914028
0.1169008
0.1443522
0.1700790
0.1940843
0.2172189
0.2389157
0.2583611
0.2759116
0.2937474
0.3156272
0.3431241
0.3708182
0.3894320
0.3966281
0.4008193
0.4105811
0.4232588
0.4275847
0.4152131
0.3868211
0.3493738
0.3104230
0.2733776
0.2360067
0.1944896
0.1493986
0.1057969
0.0676861
0.0351857
0.0067371
-0.0195861
-0.0468314
-0.0771681
-0.1085948
-0.1369216
-0.1609516
-0.1823979
-0.2014659
-0.2168738
-0.2301526
-0.2453093
-0.2629561
-0.2779209
-0.2840360
-0.2799949
-0.2707804
-0.2643986
-0.2655849
-0.2710396
-0.2727946
-0.2679453
-0.2623956
-0.2628630
-0.2683426
-0.2725143
-0.2718328
-0.2677553
-0.2630455
-0.2594317
-0.2579041
-0.2585585
-0.2603226
-0.2618442
-0.2619905
-0.2599696
-0.2572054
-0.2583206
-0.2663450
-0.2765869
-0.2795892
-0.2719047
-0.2607396
-0.2562212
-0.2613647
-0.2704620
-0.2748739
-0.2698831
-0.2585694
-0.2498193
-0.2504172
-0.2583642
-0.2650675
-0.2634384
-0.2522846
-0.2336360
-0.2067911
-0.1626182
-0.0820224
0.0555977
0.2559153
0.4997217
0.7494738
0.9627929
1.0977613
1.1124027
0.9739458
0.6818048
0.2871075
-0.1136924
-0.4174490
-0.5653923
-0.5704405
-0.4980260
-0.4166861
-0.3605861
-0.3289208
-0.3087065
-0.2928553
-0.2821831
-0.2786855
-0.2801458
-0.2806968
-0.2762997
-0.2690543
-0.2648867
-0.2674160
-0.2753791
-0.2848340
-0.2917183
-0.2937613
-0.2931830
-0.2966321
-0.3086506
-0.3249766
-0.3354783
-0.3342998
-0.3248425
-0.3147158
-0.3081753
-0.3038464
-0.2978717
-0.2884512
-0.2776293
-0.2682688
-0.2597313
-0.2488478
-0.2354906
-0.2237092
-0.2153826
-0.2059875
-0.1899583
-0.1684654
-0.1486716
-0.1357277
-0.1274608
-0.1167016
-0.0980552
-0.0732022
-0.0497134
-0.0330386
-0.0194772
0.0008693
0.0336622
0.0745517
0.1136601
0.1435263
0.1629501
0.1765253
0.1918442
0.2147894
0.2454511
0.2785678
0.3075069
0.3272550
0.3355461
0.3339184
0.3270428
0.3182085
0.3051990
0.2823711
0.2467411
0.2009441
0.1512462
0.1040489
0.0627549
0.0257279
-0.0118816
-0.0523323
-0.0918267
-0.1241085
-0.1465770
-0.1617701
-0.1742515
-0.1875031
-0.2025714
-0.2179964
-0.2313850
-0.2416428
-0.2491692
-0.2545272
-0.2588699
-0.2651076
-0.2753912
-0.2866706
-0.2919184
-0.2877168
-0.2787949
-0.2733613
-0.2749293
-0.2796540
-0.2808952
-0.2760072
-0.2692497
-0.2676320
-0.2730987
-0.2799529
-0.2814199
-0.2772796
-0.2727983
-0.2715160
-0.2722304
-0.2727279
-0.2732443
-0.2752269
-0.2786129
-0.2816269
-0.2829442
-0.2837021
-0.2867599
-0.2927439
-0.2972522
-0.2946158
-0.2853212
-0.2770193
-0.2763037
-0.2815128
-0.2857002
-0.2850834
-0.2823137
-0.2823515
-0.2871842
-0.2945423
-0.3007248
-0.3044573
-0.3076591
-0.3118246
-0.3147861
-0.3132461
-0.3081877
-0.3050168
-0.3073885
-0.3127289
-0.3149856
-0.3110391
-0.3041806
-0.3017610
-0.3084343
-0.3203260
-0.3270497
-0.3218180
-0.3092043
-0.3008436
-0.3036228
-0.3138552
-0.3226398
-0.3247620
-0.3220573
-0.3198193
-0.3209153
-0.3232710
-0.3230458
-0.3195651
-0.3155443
-0.3126305
-0.3094632
-0.3053734
-0.3033016
-0.3063101
-0.3122323
-0.3143108
-0.3076368
-0.2942789
-0.2819776
-0.2773631
-0.2793589
-0.2795905
-0.2709914
-0.2559476
-0.2439959
-0.2413893
-0.2452350
-0.2484355
-0.2477714
-0.2453660
-0.2437691
-0.2419001
-0.2363376
-0.2258563
-0.2134180
-0.2022576
-0.1904513
-0.1723346
-0.1465196
-0.1183205
-0.0889484
-0.0431084
0.0464696
0.1976500
0.4018000
0.6277782
0.8395624
1.0059074
1.0932389
1.0583828
0.8650683
0.5225803
0.1099759
-0.2507848
-0.4632682
-0.5113930
-0.4544676
-0.3723556
-0.3125728
-0.2786005
-0.2540910
-0.2297170
-0.2088251
-0.1960885
-0.1889137
-0.1816800
-0.1738445
-0.1694092
-0.1695970
-0.1704074
-0.1683421
-0.1654245
-0.1666690
-0.1738947
-0.1831279
-0.1873965
-0.1820426
-0.1687772
-0.1551427
-0.1489242
-0.1520705
-0.1596255
-0.1638881
-0.1596031
-0.1469541
-0.1312325
-0.1188022
-0.1115858
-0.1053735
-0.0943115
-0.0768442
-0.0570770
-0.0413315
-0.0336267
-0.0326444
-0.0317492
-0.0234466
-0.0058067
0.0157758
0.0343024
0.0483775
0.0630691
0.0840666
0.1116295
0.1402528
0.1643630
0.1844908
0.2068534
0.2358077
0.2680356
0.2965648
0.3200250
0.3448137
0.3770749
0.4149764
0.4508664
0.4799107
0.5045360
0.5299692
0.5565162
0.5777352
0.5870821
0.5852775
0.5786196
0.5695826
0.5522313
0.5196032
0.4738873
0.4258393
0.3840254
0.3473114
0.3088333
0.2654091
0.2213472
0.1834330
0.1537317
0.1285147
0.1039849
0.0809986
0.0624593
0.0476396
0.0325495
0.0163573
0.0039878
0.0000322
0.0019284
0.0017679
-0.0055317
-0.0176819
-0.0287112
-0.0357857
-0.0414447
-0.0492571
-0.0584144
-0.0642145
-0.0641561
-0.0615805
-0.0616886
-0.0654839
-0.0700767
-0.0741140
-0.0797256
-0.0883957
-0.0975368
-0.1030689
-0.1043410
-0.1046306
-0.1064427
-0.1075066
-0.1030483
-0.0926923
-0.0835607
-0.0839309
-0.0935337
-0.1027183
-0.1027372
-0.0950301
-0.0885666
-0.0896102
-0.0965389
-0.1039326
-0.1087224
-0.1112495
-0.1123120
-0.1117451
-0.1105184
-0.1123264
-0.1202616
-0.1312660
-0.1368261
-0.1322365
-0.1239364
-0.1237049
-0.1347491
-0.1468895
-0.1476802
-0.1360615
-0.1220486
-0.1136519
-0.1074306
-0.0934850
-0.0672963
-0.0321119
0.0125270
0.0814362
0.1970272
0.3691864
0.5838053
0.8117481
1.0234786
1.1886063
1.2644895
1.2000265
0.9673523
0.5983753
0.1876220
-0.1515479
-0.3476407
-0.4018297
-0.3682451
-0.3070144
-0.2514161
-0.2080022
-0.1745473
-0.1515427
-0.1402651
-0.1373186
-0.1351076
-0.1277564
-0.1160302
-0.1062277
-0.1036856
-0.1070230
-0.1091503
-0.1041537
-0.0928553
-0.0816711
-0.0765647
-0.0780689
-0.0816165
-0.0826542
-0.0815599
-0.0829251
-0.0895880
-0.0984978
-0.1036870
-0.1024703
-0.0970756
-0.0906564
-0.0838319
-0.0758179
-0.0674710
-0.0617230
-0.0607199
-0.0628395
-0.0631275
-0.0574052
-0.0458622
-0.0316961
-0.0163815
0.0019311
0.0245251
0.0485173
0.0693395
0.0865474
0.1052878
0.1310094
0.1631118
0.1946441
0.2189856
0.2369198
0.2561737
0.2831840
0.3162662
0.3483295
0.3754264
0.4000850
0.4259158
0.4517386
0.4730841
0.4880868
0.4991855
0.5083524
0.5123585
0.5048135
0.4834215
0.4537214
0.4236435
0.3944745
0.3596261
0.3136695
0.2606139
0.2107883
0.1702579
0.1358803
0.1011581
0.0647122
0.0314443
0.0062318
-0.0118207
-0.0282632
-0.0471700
-0.0672888
-0.0846235
-0.0975809
-0.1081118
-0.1184821
-0.1292167
-0.1406658
-0.1541634
-0.1696539
-0.1832133
-0.1891786
-0.1854765
-0.1762541
-0.1687465
-0.1672064
-0.1694224
-0.1690859
-0.1619724
-0.1500121
-0.1393058
-0.1344651
-0.1349276
-0.1357968
-0.1314529
-0.1193506
-0.1020493
-0.0856580
-0.0750504
-0.0701637
-0.0674093
-0.0641907
-0.0606908
-0.0571971
-0.0515011
-0.0406383
-0.0249329
-0.0079734
0.0105601
0.0435309
0.1156000
0.2490545
0.4466383
0.6868565
0.9337615
1.1468781
1.2805594
1.2827983
1.1125521
0.7748044
0.3436921
-0.0580828
-0.3208315
-0.4074191
-0.3637993
-0.2744071
-0.2032259
-0.1674510
-0.1530044
-0.1434565
-0.1335292
-0.1249741
-0.1197668
-0.1190127
-0.1235148
-0.1316119
-0.1375642
-0.1353038
-0.1249860
-0.1141975
-0.1107882
-0.1148335
-0.1193442
-0.1189113
-0.1155653
-0.1151458
-0.1198227
-0.1261959
-0.1298520
-0.1296418
-0.1274768
-0.1257766
-0.1258517
-0.1276831
-0.1302319
-0.1319955
-0.1316751
-0.1286058
-0.1229080
-0.1154787
-0.1076830
-0.1006537
-0.0943506
-0.0866414
-0.0733334
-0.0505845
-0.0189258
0.0153924
0.0448671
0.0673866
0.0876549
0.1115532
0.1398329
0.1678939
0.1911580
0.2099563
0.2291952
0.2535152
0.2829077
0.3132844
0.3412151
0.3670951
0.3927903
0.4169483
0.4344240
0.4409840
0.4375627
0.4287107
0.4167902
0.3986719
0.3693674
0.3292653
0.2865008
0.2503477
0.2221243
0.1942918
0.1594120
0.1187612
0.0809097
0.0526858
0.0330437
0.0155561
-0.0045968
-0.0266026
-0.0458128
-0.0583416
-0.0638372
-0.0647331
-0.0640101
-0.0639990
-0.0662534
-0.0711420
-0.0772865
-0.0821181
-0.0835124
-0.0812066
-0.0773553
-0.0760094
-0.0807009
-0.0907396
-0.1000766
-0.1018174
-0.0950066
-0.0862077
-0.0834847
-0.0890789
-0.0984535
-0.1058859
-0.1096561
-0.1112085
-0.1104490
-0.1041658
-0.0901988
-0.0715583
-0.0538195
-0.0382836
-0.0201463
0.0056347
0.0397240
0.0833144
0.1469719
0.2497323
0.4050499
0.6067846
0.8296353
1.0414398
1.2105369
1.2997759
1.2619600
1.0588748
0.7007002
0.2690736
-0.1110908
-0.3405092
-0.4010507
-0.3518748
-0.2743406
-0.2175511
-0.1865101
-0.1676975
-0.1550099
-0.1514187
-0.1560041
-0.1599960
-0.1572237
-0.1524866
-0.1550014
-0.1656271
-0.1750674
-0.1750076
-0.1673770
-0.1607002
-0.1595437
-0.1602896
-0.1567443
-0.1471206
-0.1342458
-0.1206822
-0.1063054
-0.0911760
-0.0785820
-0.0728549
-0.0740914
-0.0766789
-0.0740036
-0.0642858
-0.0516573
-0.0421120
-0.0383799
-0.0376730
-0.0338394
-0.0225042
-0.0049898
0.0129087
0.0263011
0.0350789
0.0424702
0.0508319
0.0599501
0.0690680
0.0789023
0.0905173
0.1028881
0.1134626
0.1221779
0.1337440
0.1537510
0.1819626
0.2111820
0.2342530
0.2514978
0.2698011
0.2945250
0.3236065
0.3497725
0.3673956
0.3766002
0.3814379
0.3849225
0.3857392
0.3791882
0.3611523
0.3315870
0.2947764
0.2564105
0.2199680
0.1852639
0.1501933
0.1138306
0.0777000
0.0442443
0.0150209
-0.0089685
-0.0262689
-0.0361971
-0.0413514
-0.0472101
-0.0578652
-0.0725364
-0.0871175
-0.0988168
-0.1084380
-0.1183274
-0.1293239
-0.1404036
-0.1504723
-0.1589733
-0.1643282
-0.1633060
-0.1539454
-0.1393160
-0.1266002
-0.1209803
-0.1209325
-0.1207737
-0.1177428
-0.1153644
-0.1192757
-0.1302770
-0.1420749
-0.1460022
-0.1382130
-0.1229026
-0.1089989
-0.1035200
-0.1071719
-0.1150662
-0.1210057
-0.1218097
-0.1190943
-0.1177111
-0.1218502
-0.1315587
-0.1425342
-0.1493986
-0.1495941
-0.1448900
-0.1399584
-0.1395270
-0.1458999
-0.1580501
-0.1726717
-0.1864810
-0.1982760
-0.2094273
-0.2223402
-0.2376627
-0.2523403
-0.2607122
-0.2584015
-0.2457156
-0.2274898
-0.2098951
-0.1972758
-0.1909186
-0.1893519
-0.1894593
-0.1884060
-0.1857862
-0.1841539
-0.1866932
-0.1934996
-0.2000673
-0.2003298
-0.1922359
-0.1804397
-0.1726689
-0.1727767
-0.1774845
-0.1802470
-0.1781422
-0.1746670
-0.1758609
-0.1839756
-0.1949956
-0.2022035
-0.2020868
-0.1969571
-0.1924692
-0.1934269
-0.2018744
-0.2174400
-0.2373617
-0.2560891
-0.2672436
-0.2683208
-0.2634637
-0.2598161
-0.2600280
-0.2591318
-0.2502375
-0.2333875
-0.2172602
-0.2108521
-0.2140707
-0.2181092
-0.2153203
-0.2071979
-0.2016766
-0.2038248
-0.2110007
-0.2168836
-0.2181573
-0.2161556
-0.2134073
-0.2107933
-0.2084249
-0.2074303
-0.2089841
-0.2117112
-0.2117881
-0.2067524
-0.1985469
-0.1915687
-0.1877591
-0.1847873
-0.1795682
-0.1726900
-0.1684003
-0.1702768
-0.1773816
-0.1845523
-0.1860649
-0.1792718
-0.1654183
-0.1468754
-0.1221333
-0.0819026
-0.0104478
0.1063972
0.2709362
0.4690552
0.6750212
0.8596101
0.9922285
1.0373454
0.9578542
0.7351141
0.3953928
0.0165328
-0.3012683
-0.4857422
-0.5273540
-0.4730121
-0.3873002
-0.3144276
-0.2669121
-0.2389644
-0.2234798
-0.2172546
-0.2170917
-0.2177412
-0.2154135
-0.2110731
-0.2082630
-0.2080277
-0.2073264
-0.2026987
-0.1944661
-0.1864564
-0.1819100
-0.1805590
-0.1798811
-0.1782818
-0.1761319
-0.1739138
-0.1703920
-0.1632352
-0.1511945
-0.1353039
-0.1181698
-0.1026165
-0.0910431
-0.0852474
-0.0856897
-0.0904053
-0.0953153
-0.0969039
-0.0952791
-0.0940911
-0.0964570
-0.1006458
-0.1003660
-0.0901239
-0.0706724
-0.0490367
-0.0327798
-0.0238134
-0.0174794
-0.0074448
0.0085888
0.0277884
0.0462361
0.0636023
0.0836941
0.1105212
0.1439012
0.1788988
0.2096528
0.2340571
0.2550576
0.2775641
0.3040092
0.3325695
0.3592589
0.3815458
0.4002296
0.4183215
0.4382112
0.4593703
0.4781274
0.4896196
0.4906696
0.4815762
0.4653165
0.4446218
0.4194952
0.3877125
0.3480320
0.3028449
0.2573061
0.2156605
0.1784746
0.1433443
0.1078724
0.0717944
0.0368680
0.0056631
-0.0194589
-0.0373445
-0.0492883
-0.0591902
-0.0711139
-0.0855175
-0.0980693
-0.1032638
-0.0999562
-0.0932771
-0.0907440
-0.0962414
-0.1074390
-0.1184671
-0.1247895
-0.1260493
-0.1252605
-0.1257368
-0.1282898
-0.1306605
-0.1296369
-0.1242467
-0.1169944
-0.1113896
-0.1078418
-0.1025173
-0.0911783
-0.0743303
-0.0578606
-0.0480009
-0.0458556
-0.0472632
-0.0477857
-0.0472666
-0.0496009
-0.0588568
-0.0759722
-0.0983022
-0.1210637
-0.1392409
-0.1498185
-0.1539037
-0.1565954
-0.1631879
-0.1743704
-0.1854930
-0.1912970
-0.1912094
-0.1893822
-0.1898173
-0.1925830
-0.1951919
-0.1965240
-0.1980203
-0.2012296
-0.2057057
-0.2100864
-0.2141052
-0.2179709
-0.2200481
-0.2172616
-0.2091598
-0.2004166
-0.1970583
-0.1995707
-0.2010193
-0.1929896
-0.1728514
-0.1445623
-0.1133584
-0.0814379
-0.0489719
-0.0172837
0.0110766
0.0357196
0.0613402
0.0978464
0.1588610
0.2592440
0.4096768
0.6081267
0.8335952
1.0482500
1.2066136
1.2646890
1.1871026
0.9589183
0.6042727
0.1968843
-0.1589986
-0.3774069
-0.4371501
-0.3874224
-0.3064376
-0.2482972
-0.2209247
-0.2048318
-0.1849208
-0.1633590
-0.1490566
-0.1437071
-0.1410832
-0.1361252
-0.1300903
-0.1264312
-0.1244156
-0.1185825
-0.1038049
-0.0798400
-0.0513661
-0.0248419
-0.0055205
0.0040032
0.0043329
-0.0008252
-0.0061238
-0.0073678
-0.0038193
0.0019230
0.0063447
0.0077195
0.0071551
0.0074650
0.0108306
0.0170741
0.0239769
0.0292949
0.0324897
0.0346823
0.0373096
0.0409822
0.0453474
0.0498706
0.0550544
0.0630910
0.0767092
0.0964434
0.1188756
0.1384104
0.1518035
0.1613210
0.1731052
0.1919073
0.2172756
0.2451260
0.2730176
0.3032718
0.3403236
0.3851684
0.4329991
0.4765342
0.5116164
0.5398201
0.5659732
0.5928841
0.6177631
0.6336212
0.6348304
0.6219205
0.6008532
0.5772305
0.5511463
0.5179160
0.4739860
0.4219875
0.3696253
0.3233275
0.2831818
0.2445384
0.2044831
0.1659524
0.1349109
0.1137874
0.0983635
0.0814197
0.0593966
0.0354202
0.0157053
0.0029382
-0.0065008
-0.0183617
-0.0337778
-0.0474085
-0.0526102
-0.0479878
-0.0384862
-0.0304945
-0.0264969
-0.0242630
-0.0202538
-0.0131242
-0.0042857
0.0038213
0.0093408
0.0116189
0.0115778
0.0116370
0.0138557
0.0172162
0.0179091
0.0140099
0.0093677
0.0104590
0.0183638
0.0259125
0.0255581
0.0200908
0.0226256
0.0436899
0.0801408
0.1218358
0.1721839
0.2588262
0.4164336
0.6530225
0.9318663
1.1871736
1.3574661
1.4056024
1.3152991
1.0836997
0.7306514
0.3164261
-0.0624641
-0.3138980
-0.4016043
-0.3627528
-0.2743777
-0.1986129
-0.1535004
-0.1259995
-0.1024315
-0.0830016
-0.0735421
-0.0733244
-0.0754258
-0.0757731
-0.0767452
-0.0811953
-0.0865838
-0.0878752
-0.0847090
-0.0820324
-0.0828025
-0.0831072
-0.0771832
-0.0660050
-0.0576936
-0.0585619
-0.0657941
-0.0706299
-0.0680056
-0.0613836
-0.0578458
-0.0598146
-0.0629297
-0.0618709
-0.0567387
-0.0525221
-0.0527733
-0.0551962
-0.0538910
-0.0451320
-0.0304653
-0.0148094
-0.0022201
0.0068371
0.0150168
0.0255707
0.0402543
0.0589225
0.0798271
0.0996639
0.1146307
0.1236298
0.1308908
0.1435505
0.1647834
0.1896354
0.2094706
0.2216529
0.2340656
0.2581874
0.2965732
0.3380098
0.3668693
0.3777880
0.3798120
0.3850833
0.3944759
0.3960106
0.3773722
0.3386656
0.2924100
0.2518886
0.2202152
0.1902966
0.1542324
0.1118157
0.0700573
0.0357851
0.0099543
-0.0113188
-0.0320197
-0.0533705
-0.0743260
-0.0931330
-0.1082280
-0.1189078
-0.1263903
-0.1343624
-0.1472811
-0.1663623
-0.1866737
-0.1998193
-0.2017038
-0.1978486
-0.1992517
-0.2116883
-0.2295039
-0.2407951
-0.2387628
-0.2277683
-0.2185763
-0.2182751
-0.2250167
-0.2319382
-0.2348730
-0.2353229
-0.2367625
-0.2401279
-0.2436624
-0.2454733
-0.2444832
-0.2396351
-0.2303672
-0.2185315
-0.2083851
-0.2031792
-0.2017301
-0.1993661
-0.1931119
-0.1858112
-0.1841115
-0.1916249
-0.2046093
-0.2153987
-0.2199379
-0.2210272
-0.2244678
-0.2335346
-0.2474787
-0.2635111
-0.2785995
-0.2901676
-0.2972020
-0.3015539
-0.3070668
-0.3158559
-0.3250711
-0.3286076
-0.3236673
-0.3156456
-0.3146475
-0.3257003
-0.3430790
-0.3556201
-0.3574254
-0.3524013
-0.3488717
-0.3514401
-0.3583033
-0.3645373
-0.3661792
-0.3614502
-0.3500511
-0.3331116
-0.3138820
-0.2966868
-0.2834916
-0.2719313
-0.2585232
-0.2441002
-0.2341656
-0.2326659
-0.2367957
-0.2398470
-0.2388802
-0.2378210
-0.2424126
-0.2533491
-0.2656973
-0.2749114
-0.2818518
-0.2905277
-0.3015710
-0.3103677
-0.3128866
-0.3114698
-0.3122176
-0.3170224
-0.3210837
-0.3195666
-0.3146901
-0.3138302
-0.3207491
-0.3306558
-0.3351969
-0.3317135
-0.3258971
-0.3244925
-0.3266932
-0.3248898
-0.3139323
-0.2971070
-0.2813456
-0.2682637
-0.2522482
-0.2261671
-0.1850251
-0.1222882
-0.0258169
0.1170347
0.3068755
0.5251000
0.7406559
0.9229050
1.0446267
1.0733010
0.9701438
0.7142583
0.3382204
-0.0635409
-0.3754774
-0.5259594
-0.5247086
-0.4433827
-0.3595031
-0.3113579
-0.2939737
-0.2860611
-0.2755590
-0.2639644
-0.2563542
-0.2541565
-0.2562267
-0.2615189
-0.2685241
-0.2743908
-0.2768040
-0.2761771
-0.2746796
-0.2732143
-0.2702658
-0.2640649
-0.2554432
-0.2477753
-0.2435985
-0.2416573
-0.2381051
-0.2305619
-0.2201097
-0.2094173
-0.2003105
-0.1935106
-0.1889425
-0.1848585
-0.1777899
-0.1653972
-0.1496590
-0.1360497
-0.1286985
-0.1261893
-0.1221449
-0.1103080
-0.0897911
-0.0657565
-0.0448618
-0.0299752
-0.0189943
-0.0075975
0.0077761
0.0285382
0.0533821
0.0786833
0.1009033
0.1195380
0.1373863
0.1577923
0.1819932
0.2088147
0.2359871
0.2616534
0.2854583
0.3087144
0.3334054
0.3608199
0.3905908
0.4200754
0.4446331
0.4601199
0.4664381
0.4678949
0.4685622
0.4671389
0.4572831
0.4335307
0.3970854
0.3560544
0.3196146
0.2907887
0.2644320
0.2329642
0.1944425
0.1544963
0.1203378
0.0937952
0.0704305
0.0444984
0.0143707
-0.0159444
-0.0399059
-0.0535916
-0.0586190
-0.0604056
-0.0639348
-0.0710731
-0.0805285
-0.0889190
-0.0925526
-0.0902511
-0.0851158
-0.0823879
-0.0847566
-0.0900583
-0.0937697
-0.0934487
-0.0907033
-0.0890921
-0.0902519
-0.0924495
-0.0933850
-0.0936560
-0.0957396
-0.0995299
-0.1013427
-0.0989356
-0.0957507
-0.0975637
-0.1050218
-0.1116493
-0.1104293
-0.1018600
-0.0946489
-0.0978989
-0.1123811
-0.1298138
-0.1410579
-0.1445118
-0.1459613
-0.1512785
-0.1608456
-0.1705523
-0.1760635
-0.1757394
-0.1715045
-0.1682802
-0.1714115
-0.1827175
-0.1982874
-0.2104240
-0.2127249
-0.2048081
-0.1928593
-0.1845315
-0.1820363
-0.1806665
-0.1750534
-0.1661417
-0.1604931
-0.1628122
-0.1704635
-0.1757945
-0.1734548
-0.1655106
-0.1596239
-0.1617908
-0.1704955
-0.1782791
-0.1788925
-0.1720401
-0.1614815
-0.1506513
-0.1413158
-0.1348452
-0.1324783
-0.1339649
-0.1368873
-0.1379442
-0.1353064
-0.1301691
-0.1258227
-0.1246596
-0.1262900
-0.1288808
-0.1312340
-0.1323926
-0.1305946
-0.1252395
-0.1197594
-0.1196735
-0.1264378
-0.1349331
-0.1385916
-0.1360258
-0.1308638
-0.1250865
-0.1142480
-0.0907438
-0.0511090
0.0029864
0.0733958
0.1728371
0.3173524
0.5071403
0.7154791
0.8980866
1.0122146
1.0270303
0.9237159
0.6994899
0.3813878
0.0346037
-0.2543803
-0.4183081
-0.4453351
-0.3803681
-0.2891560
-0.2157686
-0.1676751
-0.1328357
-0.1035865
-0.0834581
-0.0774130
-0.0821486
-0.0874624
-0.0852978
-0.0762555
-0.0674599
-0.0647748
-0.0678110
-0.0722158
-0.0748903
-0.0755433
-0.0746494
-0.0725505
-0.0706475
-0.0712140
-0.0747996
-0.0784593
-0.0771976
-0.0674934
-0.0503427
-0.0314293
-0.0172153
-0.0095344
-0.0043583
0.0033664
0.0142888
0.0247027
0.0310631
0.0334400
0.0351775
0.0401519
0.0499990
0.0633076
0.0775772
0.0917564
0.1061586
0.1205278
0.1340895
0.1477043
0.1638774
0.1836245
0.2048960
0.2253778
0.2458985
0.2698475
0.2993737
0.3324901
0.3637871
0.3885378
0.4071228
0.4252181
0.4485473
0.4773270
0.5062432
0.5291043
0.5427611
0.5478458
0.5476327
0.5457410
0.5431086
0.5369974
0.5239098
0.5031501
0.4765861
0.4455996
0.4097151
0.3682102
0.3222268
0.2752908
0.2317889
0.1940589
0.1607239
0.1290455
0.0991619
0.0742969
0.0560239
0.0412619
0.0257192
0.0093399
-0.0034898
-0.0093438
-0.0105324
-0.0137669
-0.0231708
-0.0343649
-0.0373661
-0.0275700
-0.0129917
-0.0077146
-0.0176143
-0.0346000
-0.0454444
-0.0443724
-0.0364213
-0.0306887
-0.0321181
-0.0390832
-0.0469951
-0.0527992
-0.0555836
-0.0542944
-0.0476432
-0.0371172
-0.0276214
-0.0230512
-0.0225902
-0.0233514
-0.0255200
-0.0325428
-0.0464165
-0.0644299
-0.0806460
-0.0899377
-0.0913858
-0.0889338
-0.0883601
-0.0926447
-0.1001011
-0.1067177
-0.1095264
-0.1080651
-0.1039710
-0.0991377
-0.0930362
-0.0822653
-0.0640969
-0.0387019
-0.0036318
0.0546172
0.1587795
0.3253269
0.5485210
0.7982006
1.0302441
1.1975946
1.2552880
1.1662197
0.9178217
0.5453810
0.1382875
-0.1920149
-0.3701142
-0.3960431
-0.3318852
-0.2497119
-0.1881683
-0.1485766
-0.1195999
-0.0986665
-0.0922482
-0.1028545
-0.1217341
-0.1358386
-0.1395891
-0.1372455
-0.1350021
-0.1345760
-0.1350403
-0.1367375
-0.1403557
-0.1440844
-0.1447199
-0.1415499
-0.1377407
-0.1376633
-0.1427213
-0.1490627
-0.1499787
-0.1423746
-0.1308885
-0.1237685
-0.1244187
-0.1286066
-0.1299366
-0.1260862
-0.1194173
-0.1134709
-0.1096582
-0.1061901
-0.0997109
-0.0884990
-0.0737825
-0.0575583
-0.0404073
-0.0223942
-0.0042905
0.0140521
0.0351684
0.0614723
0.0918147
0.1222732
0.1498580
0.1742518
0.1969562
0.2201860
0.2455463
0.2720827
0.2961385
0.3144293
0.3271766
0.3380076
0.3513459
0.3692501
0.3888957
0.4033494
0.4072761
0.4022821
0.3942048
0.3846158
0.3678054
0.3375787
0.2949764
0.2477468
0.2034309
0.1639623
0.1260764
0.0862157
0.0452269
0.0078620
-0.0226094
-0.0476948
-0.0704228
-0.0909245
-0.1077233
-0.1217564
-0.1357128
-0.1496858
-0.1604367
-0.1654818
-0.1660345
-0.1654780
-0.1659921
-0.1667390
-0.1650706
-0.1603262
-0.1564246
-0.1587396
-0.1677387
-0.1779054
-0.1840263
-0.1863855
-0.1886608
-0.1932331
-0.2002338
-0.2087525
-0.2165603
-0.2201134
-0.2172625
-0.2098931
-0.2030135
-0.2013360
-0.2062185
-0.2145602
-0.2209462
-0.2224070
-0.2208702
-0.2198780
-0.2202668
-0.2209215
-0.2217097
-0.2222796
-0.2194503
-0.2103027
-0.1978874
-0.1894316
-0.1873610
-0.1854166
-0.1758775
-0.1582553
-0.1369355
-0.1084456
-0.0527077
0.0581264
0.2368397
0.4658911
0.7062402
0.9183808
1.0684012
1.1162354
1.0162474
0.7501442
0.3654617
-0.0280996
-0.3152036
-0.4412314
-0.4341999
-0.3685272
-0.3070780
-0.2708152
-0.2516318
-0.2406285
-0.2379570
-0.2428509
-0.2473244
-0.2442206
-0.2358549
-0.2303792
-0.2319958
-0.2373714
-0.2400401
-0.2365301
-0.2291598
-0.2236920
-0.2236049
-0.2268844
-0.2292054
-0.2290542
-0.2282508
-0.2288597
-0.2313976
-0.2345421
-0.2347489
-0.2282357
-0.2159625
-0.2049033
-0.2014160
-0.2042301
-0.2060971
-0.2012678
-0.1897623
-0.1760363
-0.1653258
-0.1596222
-0.1553926
-0.1466086
-0.1310942
-0.1120256
-0.0924173
-0.0708250
-0.0439824
-0.0115028
0.0232688
0.0552073
0.0798218
0.0964118
0.1097521
0.1265075
0.1493945
0.1763894
0.2045958
0.2318641
0.2555660
0.2740430
0.2898843
0.3083236
0.3311913
0.3543595
0.3713105
0.3777298
0.3735492
0.3623712
0.3475618
0.3270359
0.2941309
0.2465069
0.1922748
0.1440164
0.1077248
0.0798344
0.0532990
0.0239349
-0.0076088
-0.0373348
-0.0618920
-0.0822352
-0.1020169
-0.1222370
-0.1403241
-0.1548740
-0.1673691
-0.1779011
-0.1832903
-0.1816728
-0.1755801
-0.1681639
-0.1591992
-0.1472086
-0.1337925
-0.1241847
-0.1240014
-0.1345546
-0.1496082
-0.1587133
-0.1573214
-0.1523021
-0.1535745
-0.1615396
-0.1672775
-0.1644357
-0.1561753
-0.1501321
-0.1504647
-0.1554108
-0.1598133
-0.1598989
-0.1574933
-0.1587539
-0.1672289
-0.1798343
-0.1908858
-0.1971675
-0.1974340
-0.1911278
-0.1809588
-0.1734223
-0.1729534
-0.1774780
-0.1820116
-0.1841173
-0.1840987
-0.1833104
-0.1845677
-0.1907711
-0.2003662
-0.2066388
-0.2036188
-0.1911466
-0.1741090
-0.1594505
-0.1532074
-0.1561861
-0.1624607
-0.1661711
-0.1694676
-0.1792290
-0.1963231
-0.2132858
-0.2231593
-0.2261971
-0.2273170
-0.2307158
-0.2372974
-0.2444602
-0.2487663
-0.2507064
-0.2545094
-0.2608226
-0.2634572
-0.2576189
-0.2478417
-0.2425712
-0.2433495
-0.2444268
-0.2414173
-0.2358136
-0.2315834
-0.2300698
-0.2276906
-0.2185247
-0.2019361
-0.1866603
-0.1814054
-0.1809282
-0.1688065
-0.1361935
-0.0895866
-0.0349172
0.0393553
0.1556254
0.3247279
0.5333096
0.7513467
0.9480816
1.0981625
1.1714614
1.1236897
0.9158786
0.5607501
0.1476693
-0.1963209
-0.3846175
-0.4175033
-0.3609228
-0.2887036
-0.2403552
-0.2171195
-0.2046712
-0.1961169
-0.1950710
-0.2025602
-0.2106482
-0.2124402
-0.2107599
-0.2111133
-0.2121731
-0.2096706
-0.2044600
-0.1999111
-0.1954055
-0.1887823
-0.1820927
-0.1795245
-0.1817725
-0.1855849
-0.1861860
-0.1792279
-0.1651708
-0.1522324
-0.1485721
-0.1508133
-0.1475990
-0.1352844
-0.1218052
-0.1136156
-0.1076666
-0.0989721
-0.0881441
-0.0781730
-0.0696141
-0.0607764
-0.0481109
-0.0273348
0.0003800
0.0257557
0.0415566
0.0525619
0.0684638
0.0903977
0.1120302
0.1298419
0.1440164
0.1532920
0.1578603
0.1641931
0.1790403
0.2014455
0.2264045
0.2515722
0.2751044
0.2937522
0.3094085
0.3304177
0.3598242
0.3891124
0.4092245
0.4205559
0.4274637
0.4312002
0.4323685
0.4311309
0.4212306
0.3938899
0.3514673
0.3073374
0.2694031
0.2339231
0.1970142
0.1605095
0.1249818
0.0889767
0.0562923
0.0323943
0.0138761
-0.0066848
-0.0273516
-0.0411643
-0.0507397
-0.0642448
-0.0795097
-0.0863163
-0.0820533
-0.0728503
-0.0638108
-0.0595352
-0.0663936
-0.0814741
-0.0887924
-0.0802826
-0.0701929
-0.0748576
-0.0901326
-0.1030256
-0.1122167
-0.1221389
-0.1306536
-0.1371136
-0.1481133
-0.1623372
-0.1662551
-0.1564998
-0.1473805
-0.1455730
-0.1398049
-0.1262508
-0.1186190
-0.1214038
-0.1196614
-0.1058406
-0.0884167
-0.0653910
-0.0201292
0.0514668
0.1457998
0.2845494
0.4951147
0.7504467
0.9767657
1.1271399
1.1942495
1.1504129
0.9495575
0.6084442
0.2184743
-0.1392126
-0.4176499
-0.5398973
-0.4274673
-0.1439887
