-0.0251160
-0.1784993
-0.0365702
0.0402256
-0.0362657
-0.0685119
0.0047885
0.0404884
-0.0063689
-0.0238780
0.0188562
0.0282344
-0.0156911
-0.0292744
0.0024639
0.0048729
-0.0340115
-0.0478130
-0.0253457
-0.0216502
-0.0438831
-0.0483873
-0.0378043
-0.0516723
-0.0790799
-0.0792118
-0.0651546
-0.0778491
-0.1048811
-0.1072612
-0.0952913
-0.1019572
-0.1148093
-0.1045237
-0.0867657
-0.0921262
-0.1091407
-0.1124082
-0.1103181
-0.1164775
-0.1140789
-0.0927954
-0.0792961
-0.0909834
-0.1013967
-0.0869438
-0.0656498
-0.0587118
-0.0564381
-0.0492609
-0.0497498
-0.0603793
-0.0610515
-0.0476843
-0.0425942
-0.0525459
-0.0572837
-0.0495858
-0.0452430
-0.0459965
-0.0337795
-0.0072024
0.0156657
0.0338147
0.0661488
0.1199107
0.1923096
0.2976492
0.4546505
0.6507021
0.8512056
1.0345511
1.1838774
1.2557294
1.1949541
0.9810649
0.6425334
0.2426748
-0.1283776
-0.3772935
-0.4638954
-0.4289268
-0.3473006
-0.2677080
-0.2077531
-0.1751338
-0.1651446
-0.1578521
-0.1422158
-0.1290554
-0.1276150
-0.1301013
-0.1307177
-0.1363529
-0.1470125
-0.1494632
-0.1408081
-0.1353204
-0.1393485
-0.1419627
-0.1367301
-0.1305613
-0.1271663
-0.1238210
-0.1256291
-0.1399310
-0.1566289
-0.1571904
-0.1424599
-0.1298957
-0.1262982
-0.1247326
-0.1234842
-0.1258488
-0.1259010
-0.1154948
-0.1006671
-0.0929765
-0.0912475
-0.0878141
-0.0831518
-0.0788124
-0.0677077
-0.0472843
-0.0299981
-0.0254251
-0.0244235
-0.0146948
0.0013145
0.0162756
0.0310775
0.0464298
0.0563666
0.0611216
0.0720308
0.0942164
0.1183707
0.1365983
0.1517958
0.1668089
0.1805997
0.1988151
0.2306582
0.2713168
0.3041593
0.3232936
0.3381739
0.3549686
0.3696333
0.3794933
0.3855495
0.3838024
0.3694693
0.3482094
0.3292373
0.3108217
0.2859078
0.2563590
0.2277263
0.1966568
0.1578660
0.1169275
0.0825010
0.0527395
0.0217924
-0.0078418
-0.0307645
-0.0480951
-0.0615132
-0.0675886
-0.0674377
-0.0714712
-0.0851538
-0.1000108
-0.1065074
-0.1056561
-0.1021984
-0.0980620
-0.0974683
-0.1054672
-0.1163955
-0.1169331
-0.1053573
-0.0951065
-0.0955046
-0.1015079
-0.1053897
-0.1060392
-0.1042886
-0.1007164
-0.0994617
-0.1037114
-0.1081359
-0.1060566
-0.1012556
-0.1018959
-0.1071983
-0.1118461
-0.1180726
-0.1301873
-0.1420003
-0.1433177
-0.1356992
-0.1300594
-0.1317171
-0.1371948
-0.1414662
-0.1404184
-0.1319140
-0.1213892
-0.1192604
-0.1265730
-0.1317449
-0.1272782
-0.1196937
-0.1168792
-0.1164978
-0.1137815
-0.1103476
-0.1083494
-0.1053758
-0.1012043
-0.1008225
-0.1059693
-0.1119116
-0.1156327
-0.1189354
-0.1221788
-0.1238546
-0.1263408
-0.1324565
-0.1373990
-0.1347270
-0.1290067
-0.1312713
-0.1428440
-0.1543313
-0.1594258
-0.1596302
-0.1572131
-0.1534449
-0.1519908
-0.1551373
-0.1588193
-0.1585935
-0.1566452
-0.1563240
-0.1555430
-0.1527117
-0.1525922
-0.1585210
-0.1651630
-0.1663858
-0.1642314
-0.1637052
-0.1651125
-0.1669791
-0.1694575
-0.1700595
-0.1638280
-0.1523056
-0.1443460
-0.1438944
-0.1449987
-0.1424632
-0.1392216
-0.1398504
-0.1444328
-0.1511298
-0.1574655
-0.1582442
-0.1501462
-0.1386009
-0.1320858
-0.1302204
-0.1256406
-0.1160873
-0.1058459
-0.0970457
-0.0886604
-0.0824167
-0.0806998
-0.0800133
-0.0745899
-0.0648276
-0.0552169
-0.0464346
-0.0355328
-0.0200096
0.0046810
0.0477191
0.1175103
0.2179456
0.3534148
0.5293595
0.7405420
0.9633211
1.1633786
1.3047047
1.3494080
1.2630298
1.0352711
0.6977548
0.3189958
-0.0190688
-0.2498683
-0.3484452
-0.3411804
-0.2847061
-0.2276889
-0.1899739
-0.1702913
-0.1613092
-0.1560645
-0.1507654
-0.1467306
-0.1459159
-0.1451936
-0.1402772
-0.1327812
-0.1266553
-0.1206112
-0.1118702
-0.1045768
-0.1058559
-0.1149365
-0.1236307
-0.1264628
-0.1245489
-0.1216229
-0.1212376
-0.1247542
-0.1276014
-0.1217694
-0.1065794
-0.0922591
-0.0884048
-0.0937990
-0.1012705
-0.1064602
-0.1076644
-0.1035981
-0.0963266
-0.0909786
-0.0882701
-0.0821514
-0.0679948
-0.0484191
-0.0292872
-0.0151886
-0.0094037
-0.0116406
-0.0148204
-0.0107724
0.0000064
0.0105961
0.0196060
0.0337514
0.0578358
0.0884724
0.1182935
0.1413797
0.1556066
0.1649412
0.1777219
0.1974460
0.2177522
0.2318120
0.2432366
0.2613984
0.2888399
0.3193395
0.3458086
0.3648098
0.3762247
0.3834328
0.3910058
0.3983047
0.3987149
0.3881917
0.3700838
0.3487580
0.3240357
0.2953271
0.2656388
0.2376015
0.2101774
0.1821909
0.1545118
0.1268438
0.0975810
0.0685747
0.0447470
0.0275076
0.0135106
0.0004607
-0.0111651
-0.0220889
-0.0339996
-0.0453099
-0.0529226
-0.0581498
-0.0653311
-0.0747279
-0.0817253
-0.0825201
-0.0766916
-0.0663696
-0.0571639
-0.0564648
-0.0651008
-0.0735358
-0.0722004
-0.0632801
-0.0568773
-0.0576170
-0.0600123
-0.0555900
-0.0412605
-0.0227466
-0.0116512
-0.0153276
-0.0276470
-0.0344548
-0.0302588
-0.0241989
-0.0272307
-0.0393723
-0.0526718
-0.0609835
-0.0630935
-0.0610052
-0.0588865
-0.0604982
-0.0654043
-0.0702372
-0.0737445
-0.0770221
-0.0796531
-0.0802139
-0.0795375
-0.0784906
-0.0741129
-0.0638805
-0.0524647
-0.0476609
-0.0498495
-0.0514991
-0.0474962
-0.0411311
-0.0394341
-0.0458011
-0.0565544
-0.0627090
-0.0578153
-0.0465815
-0.0419198
-0.0501147
-0.0630167
-0.0687065
-0.0656228
-0.0617797
-0.0638340
-0.0714219
-0.0792605
-0.0810263
-0.0739287
-0.0626542
-0.0564259
-0.0600898
-0.0703669
-0.0811112
-0.0883790
-0.0903893
-0.0878399
-0.0852358
-0.0868717
-0.0905625
-0.0902245
-0.0852058
-0.0817122
-0.0839388
-0.0887677
-0.0907016
-0.0882400
-0.0844625
-0.0839774
-0.0886934
-0.0940676
-0.0917274
-0.0793858
-0.0656432
-0.0607282
-0.0648382
-0.0698923
-0.0702058
-0.0667255
-0.0629630
-0.0615888
-0.0637171
-0.0677089
-0.0697932
-0.0683809
-0.0659750
-0.0652090
-0.0658835
-0.0673268
-0.0698978
-0.0725133
-0.0728536
-0.0716831
-0.0723298
-0.0739926
-0.0707569
-0.0602326
-0.0486351
-0.0433733
-0.0429584
-0.0371451
-0.0163840
0.0195253
0.0623923
0.1085424
0.1731588
0.2861484
0.4657581
0.6971987
0.9430612
1.1714624
1.3630112
1.4880303
1.4901247
1.3104405
0.9414603
0.4620292
0.0128939
-0.2803182
-0.3795484
-0.3421025
-0.2613765
-0.1996049
-0.1680680
-0.1520030
-0.1394230
-0.1290835
-0.1239453
-0.1242500
-0.1261814
-0.1255794
-0.1218229
-0.1165001
-0.1094098
-0.0994906
-0.0892533
-0.0835143
-0.0830580
-0.0842518
-0.0858341
-0.0909494
-0.1005436
-0.1092453
-0.1104648
-0.1030820
-0.0920126
-0.0844423
-0.0851704
-0.0924770
-0.0989021
-0.0992664
-0.0971659
-0.1001613
-0.1095522
-0.1185957
-0.1200665
-0.1122829
-0.0988324
-0.0857726
-0.0780042
-0.0750878
-0.0712992
-0.0619339
-0.0480326
-0.0333254
-0.0194166
-0.0062446
0.0060582
0.0188444
0.0354975
0.0568642
0.0782423
0.0938422
0.1028419
0.1094123
0.1185602
0.1326710
0.1494961
0.1630595
0.1698729
0.1747862
0.1867939
0.2080012
0.2305020
0.2454962
0.2521973
0.2565332
0.2639060
0.2741766
0.2815912
0.2796256
0.2680302
0.2542481
0.2454135
0.2403562
0.2323075
0.2174960
0.1974516
0.1748742
0.1519110
0.1316419
0.1166452
0.1054841
0.0935052
0.0776876
0.0595514
0.0439554
0.0353354
0.0327493
0.0280315
0.0125933
-0.0119674
-0.0335332
-0.0423207
-0.0412986
-0.0415464
-0.0499793
-0.0638892
-0.0750793
-0.0770986
-0.0701933
-0.0606905
-0.0542055
-0.0494641
-0.0411494
-0.0283919
-0.0169836
-0.0129132
-0.0169528
-0.0258079
-0.0351465
-0.0409750
-0.0413708
-0.0382227
-0.0357698
-0.0374512
-0.0450007
-0.0582997
-0.0735428
-0.0840778
-0.0870951
-0.0881602
-0.0951499
-0.1082135
-0.1190990
-0.1203614
-0.1129494
-0.1050415
-0.1048109
-0.1131502
-0.1222400
-0.1229108
-0.1144899
-0.1053422
-0.1029404
-0.1063248
-0.1094703
-0.1085705
-0.1039409
-0.0978420
-0.0930443
-0.0916023
-0.0930361
-0.0948991
-0.0957247
-0.0957542
-0.0950490
-0.0935979
-0.0931047
-0.0952673
-0.0977822
-0.0953540
-0.0859116
-0.0737327
-0.0657314
-0.0659426
-0.0729573
-0.0809100
-0.0840558
-0.0825740
-0.0826200
-0.0884069
-0.0960073
-0.0979376
-0.0923975
-0.0847781
-0.0810297
-0.0825414
-0.0868846
-0.0908300
-0.0926629
-0.0932169
-0.0945329
-0.0971725
-0.1000870
-0.1028816
-0.1054094
-0.1048684
-0.0973151
-0.0840528
-0.0731894
-0.0720113
-0.0795721
-0.0886952
-0.0936546
-0.0943823
-0.0945226
-0.0965439
-0.0981480
-0.0939610
-0.0822733
-0.0689526
-0.0619406
-0.0625299
-0.0650099
-0.0643067
-0.0605645
-0.0563273
-0.0528606
-0.0502306
-0.0484391
-0.0473365
-0.0466616
-0.0464427
-0.0467733
-0.0480714
-0.0521057
-0.0607386
-0.0724020
-0.0822723
-0.0878824
-0.0921497
-0.0985135
-0.1054596
-0.1087806
-0.1074390
-0.1040484
-0.1005299
-0.0961772
-0.0899386
-0.0824850
-0.0751244
-0.0668778
-0.0531930
-0.0291394
0.0055833
0.0484314
0.1048507
0.1945556
0.3392358
0.5408346
0.7750466
1.0064402
1.2034916
1.3345829
1.3563234
1.2216779
0.9150769
0.4870409
0.0497619
-0.2762984
-0.4286821
-0.4288248
-0.3496302
-0.2598316
-0.1929575
-0.1528606
-0.1325239
-0.1246656
-0.1236060
-0.1257661
-0.1300825
-0.1362958
-0.1421202
-0.1426807
-0.1341571
-0.1190585
-0.1063420
-0.1032315
-0.1069573
-0.1078492
-0.1012489
-0.0929289
-0.0914030
-0.0983183
-0.1085802
-0.1168905
-0.1210323
-0.1204324
-0.1149898
-0.1060737
-0.0973580
-0.0933235
-0.0955173
-0.0997971
-0.0993325
-0.0924075
-0.0855498
-0.0859033
-0.0915207
-0.0927748
-0.0834637
-0.0673690
-0.0531820
-0.0455189
-0.0419455
-0.0370275
-0.0279699
-0.0165252
-0.0056933
0.0047017
0.0175932
0.0341053
0.0522857
0.0714083
0.0941872
0.1219914
0.1502129
0.1719409
0.1856894
0.1968531
0.2113148
0.2291043
0.2446613
0.2529967
0.2557844
0.2608264
0.2742159
0.2934996
0.3103912
0.3197411
0.3233811
0.3253533
0.3264645
0.3243514
0.3162439
0.3004700
0.2774647
0.2508431
0.2260834
0.2065522
0.1907532
0.1735358
0.1501064
0.1202003
0.0893278
0.0645153
0.0472978
0.0321972
0.0137443
-0.0065482
-0.0223786
-0.0304884
-0.0336879
-0.0367142
-0.0417085
-0.0480931
-0.0549712
-0.0625172
-0.0710833
-0.0792003
-0.0835633
-0.0826111
-0.0795402
-0.0791533
-0.0813657
-0.0807867
-0.0741370
-0.0654843
-0.0618162
-0.0647626
-0.0688401
-0.0676914
-0.0610221
-0.0553411
-0.0577980
-0.0688167
-0.0812984
-0.0878750
-0.0880197
-0.0868356
-0.0884230
-0.0928824
-0.0987490
-0.1049266
-0.1097427
-0.1110375
-0.1088457
-0.1066670
-0.1086296
-0.1152853
-0.1223398
-0.1239291
-0.1182657
-0.1102635
-0.1070429
-0.1102356
-0.1145563
-0.1149078
-0.1125700
-0.1123529
-0.1154473
-0.1178770
-0.1156034
-0.1089446
-0.1015890
-0.0965496
-0.0938107
-0.0918233
-0.0906725
-0.0922647
-0.0964278
-0.0987420
-0.0952597
-0.0889614
-0.0879736
-0.0960542
-0.1074060
-0.1128963
-0.1100987
-0.1054282
-0.1067200
-0.1148190
-0.1228237
-0.1236387
-0.1179408
-0.1135656
-0.1166200
-0.1247806
-0.1305508
-0.1294910
-0.1233091
-0.1162221
-0.1110623
-0.1087827
-0.1091372
-0.1106683
-0.1110946
-0.1087585
-0.1040381
-0.0995991
-0.0987484
-0.1021574
-0.1061016
-0.1057314
-0.1008626
-0.0968580
-0.0985985
-0.1049425
-0.1105067
-0.1119982
-0.1114998
-0.1139337
-0.1220786
-0.1337412
-0.1434268
-0.1471061
-0.1453999
-0.1420010
-0.1399823
-0.1405506
-0.1438127
-0.1481902
-0.1495693
-0.1441853
-0.1335372
-0.1243133
-0.1215739
-0.1226868
-0.1194923
-0.1068917
-0.0888823
-0.0753436
-0.0721800
-0.0751036
-0.0744496
-0.0657689
-0.0533314
-0.0426198
-0.0323021
-0.0155281
0.0139517
0.0613490
0.1357697
0.2501292
0.4118216
0.6130507
0.8311121
1.0365644
1.1973926
1.2741536
1.2188731
0.9955803
0.6180009
0.1700123
-0.2231709
-0.4619075
-0.5254270
-0.4690209
-0.3733464
-0.2925872
-0.2390628
-0.2024135
-0.1741700
-0.1548313
-0.1458209
-0.1431716
-0.1410598
-0.1374964
-0.1334965
-0.1290049
-0.1234068
-0.1192608
-0.1213679
-0.1305793
-0.1409199
-0.1449987
-0.1416578
-0.1368019
-0.1364956
-0.1401273
-0.1412396
-0.1351395
-0.1245904
-0.1168781
-0.1159156
-0.1189293
-0.1206974
-0.1187372
-0.1136199
-0.1066995
-0.0996596
-0.0948898
-0.0935665
-0.0930264
-0.0879237
-0.0753931
-0.0588984
-0.0459520
-0.0410746
-0.0409861
-0.0378316
-0.0277742
-0.0152374
-0.0073779
-0.0053060
-0.0026514
0.0074791
0.0260242
0.0484152
0.0692496
0.0855918
0.0976044
0.1082125
0.1221119
0.1431117
0.1705535
0.1981865
0.2184249
0.2298230
0.2401353
0.2595980
0.2899020
0.3212284
0.3416292
0.3483899
0.3487642
0.3505307
0.3540201
0.3535819
0.3448302
0.3288774
0.3099403
0.2904665
0.2697596
0.2467914
0.2223713
0.1974825
0.1710977
0.1420267
0.1126538
0.0881765
0.0708528
0.0565880
0.0389853
0.0164753
-0.0057135
-0.0207704
-0.0269254
-0.0288692
-0.0331544
-0.0426789
-0.0555916
-0.0685720
-0.0798740
-0.0892860
-0.0969158
-0.1031044
-0.1082957
-0.1115230
-0.1099740
-0.1022284
-0.0921155
-0.0872739
-0.0921897
-0.1029260
-0.1099740
-0.1070809
-0.0971430
-0.0888162
-0.0872100
-0.0888035
-0.0863097
-0.0776667
-0.0684236
-0.0650591
-0.0677489
-0.0708927
-0.0697167
-0.0648844
-0.0608612
-0.0610925
-0.0653058
-0.0707637
-0.0750284
-0.0770423
-0.0762841
-0.0724957
-0.0671137
-0.0639642
-0.0668203
-0.0758104
-0.0869938
-0.0958370
-0.1006731
-0.1026675
-0.1031510
-0.1018189
-0.0978484
-0.0925390
-0.0899698
-0.0938287
-0.1031574
-0.1121401
-0.1151768
-0.1121507
-0.1081411
-0.1080572
-0.1120698
-0.1161414
-0.1161966
-0.1113410
-0.1035885
-0.0956536
-0.0898262
-0.0883482
-0.0927924
-0.1015060
-0.1086673
-0.1085582
-0.1020085
-0.0970964
-0.1013806
-0.1132171
-0.1220795
-0.1184014
-0.1029452
-0.0860970
-0.0781798
-0.0810029
-0.0886725
-0.0951448
-0.0993201
-0.1029382
-0.1057799
-0.1050182
-0.0990607
-0.0902605
-0.0827267
-0.0776170
-0.0709553
-0.0560477
-0.0278603
0.0152962
0.0749612
0.1573615
0.2733836
0.4308257
0.6244886
0.8335452
1.0288687
1.1819814
1.2657341
1.2492080
1.1019398
0.8166259
0.4355975
0.0506479
-0.2374194
-0.3744425
-0.3786117
-0.3152723
-0.2457703
-0.1952197
-0.1590861
-0.1289343
-0.1061121
-0.0950247
-0.0929545
-0.0922559
-0.0903639
-0.0924524
-0.1029847
-0.1180508
-0.1289121
-0.1319044
-0.1319571
-0.1359698
-0.1449227
-0.1537485
-0.1574851
-0.1556374
-0.1509147
-0.1458561
-0.1417338
-0.1394642
-0.1397718
-0.1422097
-0.1450152
-0.1463592
-0.1451841
-0.1407102
-0.1322607
-0.1206451
-0.1091345
-0.1013851
-0.0976044
-0.0936119
-0.0848221
-0.0711459
-0.0571328
-0.0470563
-0.0406789
-0.0345754
-0.0270728
-0.0205169
-0.0179864
-0.0183913
-0.0157958
-0.0039342
0.0186493
0.0476207
0.0764331
0.1009530
0.1214935
0.1413166
0.1633588
0.1877460
0.2117136
0.2319246
0.2476567
0.2623851
0.2819014
0.3098035
0.3440543
0.3779423
0.4047807
0.4220751
0.4315652
0.4356408
0.4339064
0.4232796
0.4015803
0.3710690
0.3380489
0.3083085
0.2826254
0.2569437
0.2272482
0.1941827
0.1624049
0.1349639
0.1086462
0.0762198
0.0346287
-0.0091435
-0.0418907
-0.0552066
-0.0529547
-0.0476122
-0.0493812
-0.0588777
-0.0695741
-0.0760427
-0.0791886
-0.0839110
-0.0926872
-0.1022892
-0.1069501
-0.1043000
-0.0977823
-0.0933414
-0.0939559
-0.0972657
-0.0983955
-0.0953448
-0.0916354
-0.0928933
-0.1001555
-0.1072101
-0.1059483
-0.0948552
-0.0815461
-0.0762123
-0.0823821
-0.0940292
-0.1015635
-0.1006962
-0.0957276
-0.0944650
-0.1002468
-0.1091254
-0.1144570
-0.1134880
-0.1092994
-0.1069341
-0.1080002
-0.1088139
-0.1038915
-0.0919676
-0.0787586
-0.0728161
-0.0776402
-0.0878958
-0.0939983
-0.0908017
-0.0819676
-0.0759361
-0.0775082
-0.0832722
-0.0855327
-0.0807543
-0.0733043
-0.0701786
-0.0728659
-0.0759615
-0.0739158
-0.0676792
-0.0637089
-0.0670058
-0.0761191
-0.0851127
-0.0897557
-0.0911113
-0.0931829
-0.0981443
-0.1048032
-0.1109422
-0.1153487
-0.1174333
-0.1169969
-0.1156475
-0.1167203
-0.1215419
-0.1263605
-0.1255174
-0.1185869
-0.1126197
-0.1152294
-0.1253274
-0.1324379
-0.1269368
-0.1109698
-0.0976110
-0.0981485
-0.1110903
-0.1247815
-0.1297262
-0.1263091
-0.1208775
-0.1171535
-0.1131260
-0.1049975
-0.0922415
-0.0786052
-0.0689508
-0.0653441
-0.0658929
-0.0670487
-0.0668282
-0.0660005
-0.0667567
-0.0702816
-0.0747487
-0.0754176
-0.0681208
-0.0540534
-0.0404141
-0.0343579
-0.0354387
-0.0346680
-0.0220644
0.0042113
0.0365668
0.0678272
0.1047195
0.1709607
0.2928626
0.4779463
0.7066005
0.9442257
1.1589918
1.3253167
1.4126027
1.3798037
1.1934928
0.8612248
0.4495747
0.0626770
-0.2096097
-0.3357707
-0.3464325
-0.3008169
-0.2475378
-0.2073170
-0.1797516
-0.1584863
-0.1406711
-0.1273891
-0.1196414
-0.1157455
-0.1123557
-0.1070018
-0.0994332
-0.0915104
-0.0863263
-0.0862560
-0.0905737
-0.0953918
-0.0969667
-0.0950055
-0.0923636
-0.0920422
-0.0947984
-0.0987167
-0.1004037
-0.0975493
-0.0913618
-0.0860257
-0.0850262
-0.0883215
-0.0933651
-0.0980711
-0.1022240
-0.1065933
-0.1110810
-0.1132927
-0.1091674
-0.0964494
-0.0783049
-0.0626429
-0.0566756
-0.0613965
-0.0706263
-0.0753193
-0.0703593
-0.0588452
-0.0491278
-0.0458725
-0.0442000
-0.0343531
-0.0123752
0.0152312
0.0378070
0.0504980
0.0578570
0.0686357
0.0874640
0.1111494
0.1326984
0.1485429
0.1612679
0.1757424
0.1941679
0.2151704
0.2357703
0.2530128
0.2651525
0.2728976
0.2787995
0.2841626
0.2870160
0.2840372
0.2741316
0.2597188
0.2451632
0.2341228
0.2271781
0.2211579
0.2114397
0.1957498
0.1758495
0.1557405
0.1383297
0.1227552
0.1040562
0.0769606
0.0422631
0.0088597
-0.0132773
-0.0229622
-0.0290922
-0.0414444
-0.0611731
-0.0806521
-0.0916193
-0.0930216
-0.0913788
-0.0936759
-0.1000123
-0.1039516
-0.1001999
-0.0906381
-0.0821832
-0.0800889
-0.0841830
-0.0900910
-0.0927386
-0.0899012
-0.0840286
-0.0800916
-0.0804810
-0.0823818
-0.0807638
-0.0733934
-0.0627584
-0.0541977
-0.0522916
-0.0572740
-0.0638491
-0.0646222
-0.0560167
-0.0410058
-0.0262960
-0.0172378
-0.0144498
-0.0137884
-0.0100969
-0.0028135
0.0021983
-0.0019813
-0.0161719
-0.0347225
-0.0519386
-0.0670739
-0.0829033
-0.1010575
-0.1192843
-0.1325106
-0.1367619
-0.1329642
-0.1267319
-0.1237706
-0.1257349
-0.1304860
-0.1348835
-0.1367260
-0.1357978
-0.1343623
-0.1352228
-0.1379677
-0.1384662
-0.1335160
-0.1249199
-0.1176682
-0.1149965
-0.1162710
-0.1187249
-0.1200938
-0.1200969
-0.1201020
-0.1211330
-0.1223821
-0.1223546
-0.1207903
-0.1181194
-0.1138217
-0.1072708
-0.0996026
-0.0923793
-0.0846588
-0.0740859
-0.0613852
-0.0513847
-0.0484419
-0.0521693
-0.0584081
-0.0635976
-0.0679382
-0.0748171
-0.0869387
-0.1027214
-0.1173669
-0.1278810
-0.1356691
-0.1436120
-0.1524870
-0.1612472
-0.1684690
-0.1717209
-0.1678266
-0.1567055
-0.1440289
-0.1373700
-0.1393498
-0.1456287
-0.1494412
-0.1475525
-0.1424593
-0.1393515
-0.1404987
-0.1427752
-0.1414483
-0.1355145
-0.1276702
-0.1201337
-0.1132982
-0.1081077
-0.1063571
-0.1077594
-0.1093594
-0.1089943
-0.1072839
-0.1051166
-0.1009170
-0.0918718
-0.0774374
-0.0611417
-0.0488156
-0.0442389
-0.0461586
-0.0508245
-0.0576844
-0.0700284
-0.0886445
-0.1078690
-0.1209834
-0.1276205
-0.1323605
-0.1369434
-0.1375787
-0.1306407
-0.1183907
-0.1071466
-0.0999027
-0.0917326
-0.0738832
-0.0428087
-0.0023382
0.0467393
0.1178867
0.2337611
0.4067852
0.6263371
0.8648797
1.0908653
1.2706060
1.3608908
1.3113517
1.0888017
0.7117533
0.2648381
-0.1300343
-0.3748864
-0.4455648
-0.3919162
-0.2928020
-0.2066128
-0.1520736
-0.1209142
-0.1006991
-0.0874388
-0.0829356
-0.0864348
-0.0930203
-0.0996965
-0.1084313
-0.1205785
-0.1315605
-0.1350880
-0.1314520
-0.1281282
-0.1320600
-0.1432454
-0.1555703
-0.1624673
-0.1622760
-0.1592215
-0.1587811
-0.1618839
-0.1646468
-0.1633963
-0.1578938
-0.1498911
-0.1413965
-0.1347578
-0.1313688
-0.1291671
-0.1239227
-0.1140935
-0.1022813
-0.0911778
-0.0802974
-0.0674783
-0.0516310
-0.0334183
-0.0150354
0.0002958
0.0103347
0.0158627
0.0199340
0.0254924
0.0341082
0.0451295
0.0547441
0.0585051
0.0574871
0.0598247
0.0726951
0.0937680
0.1135786
0.1257808
0.1326541
0.1411375
0.1556803
0.1747435
0.1928310
0.2061638
0.2167425
0.2297993
0.2473861
0.2665089
0.2834556
0.2969236
0.3062777
0.3100428
0.3075889
0.2997399
0.2866559
0.2679483
0.2463008
0.2283057
0.2195205
0.2194290
0.2216039
0.2178172
0.2030432
0.1791422
0.1536783
0.1329324
0.1160820
0.0977487
0.0751585
0.0507045
0.0288537
0.0130720
0.0043091
-0.0006590
-0.0085260
-0.0239514
-0.0446929
-0.0639560
-0.0769595
-0.0840492
-0.0890937
-0.0964980
-0.1078652
-0.1195238
-0.1249495
-0.1215308
-0.1136607
-0.1079941
-0.1073134
-0.1096962
-0.1112241
-0.1085496
-0.1014962
-0.0943417
-0.0919954
-0.0938155
-0.0937528
-0.0876764
-0.0781875
-0.0712698
-0.0701599
-0.0726780
-0.0722907
-0.0620941
-0.0408647
-0.0157133
0.0035856
0.0131596
0.0164712
0.0185081
0.0210673
0.0224764
0.0188557
0.0065068
-0.0138594
-0.0357078
-0.0520231
-0.0617251
-0.0691701
-0.0784859
-0.0899015
-0.0999554
-0.1039503
-0.1005952
-0.0956780
-0.0978248
-0.1080993
-0.1169632
-0.1149234
-0.1039903
-0.0950427
-0.0946632
-0.0971009
-0.0892009
-0.0621461
-0.0177194
0.0389517
0.1144025
0.2309698
0.4093636
0.6451347
0.9042100
1.1390269
1.3032727
1.3538803
1.2543253
0.9932395
0.6078588
0.1870251
-0.1596892
-0.3536510
-0.3857936
-0.3121567
-0.2095124
-0.1290592
-0.0831955
-0.0629043
-0.0577676
-0.0618053
-0.0703995
-0.0782436
-0.0811479
-0.0797547
-0.0805089
-0.0896309
-0.1048411
-0.1165538
-0.1194408
-0.1192973
-0.1254668
-0.1392935
-0.1532009
-0.1592241
-0.1559667
-0.1487407
-0.1445596
-0.1455419
-0.1466393
-0.1418351
-0.1323033
-0.1252667
-0.1247676
-0.1271343
-0.1258885
-0.1177464
-0.1038044
-0.0885227
-0.0774916
-0.0720995
-0.0658760
-0.0497607
-0.0218263
0.0105865
0.0379230
0.0551474
0.0630546
0.0667251
0.0722476
0.0819017
0.0927695
0.1016376
0.1093344
0.1182327
0.1282161
0.1379988
0.1480057
0.1590808
0.1706428
0.1826439
0.1967552
0.2130510
0.2281464
0.2391987
0.2475117
0.2562737
0.2670491
0.2795513
0.2916781
0.2987801
0.2969049
0.2885978
0.2819037
0.2814443
0.2829088
0.2776019
0.2605723
0.2346929
0.2095025
0.1948385
0.1915222
0.1888835
0.1755623
0.1523157
0.1303353
0.1178355
0.1125843
0.1069273
0.0956235
0.0785946
0.0595540
0.0422924
0.0264652
0.0082966
-0.0129475
-0.0319875
-0.0435766
-0.0486673
-0.0519090
-0.0562108
-0.0626604
-0.0722339
-0.0838648
-0.0935797
-0.0990086
-0.1026825
-0.1084331
-0.1167383
-0.1252503
-0.1312766
-0.1327633
-0.1302362
-0.1286838
-0.1336057
-0.1439052
-0.1521037
-0.1522199
-0.1440366
-0.1300398
-0.1129012
-0.0961896
-0.0826768
-0.0710844
-0.0584608
-0.0459366
-0.0381046
-0.0366522
-0.0383880
-0.0395861
-0.0393625
-0.0396884
-0.0446439
-0.0574181
-0.0748065
-0.0874990
-0.0899562
-0.0876383
-0.0903782
-0.1007690
-0.1129347
-0.1207348
-0.1237413
-0.1268057
-0.1357860
-0.1509940
-0.1635144
-0.1625156
-0.1488096
-0.1367313
-0.1392619
-0.1546812
-0.1704342
-0.1767146
-0.1740954
-0.1711616
-0.1763549
-0.1890187
-0.1976784
-0.1906024
-0.1683218
-0.1423492
-0.1226965
-0.1113573
-0.1064718
-0.1060755
-0.1070538
-0.1061916
-0.1037732
-0.1024452
-0.1026123
-0.1026380
-0.1027052
-0.1045394
-0.1082310
-0.1126982
-0.1177777
-0.1230205
-0.1269931
-0.1305408
-0.1369426
-0.1453182
-0.1483019
-0.1410004
-0.1286674
-0.1207421
-0.1201312
-0.1223594
-0.1224424
-0.1190425
-0.1144438
-0.1130510
-0.1171449
-0.1224904
-0.1215007
-0.1116187
-0.0963481
-0.0773355
-0.0500679
-0.0074324
0.0582090
0.1565624
0.2956407
0.4732949
0.6755872
0.8818834
1.0640537
1.1801216
1.1792597
1.0251610
0.7233018
0.3324787
-0.0505477
-0.3323419
-0.4689885
-0.4817162
-0.4278769
-0.3570907
-0.2924633
-0.2403851
-0.2032989
-0.1813902
-0.1703444
-0.1625610
-0.1515163
-0.1374238
-0.1289443
-0.1342072
-0.1482385
-0.1553828
-0.1475783
-0.1343714
-0.1306573
-0.1395518
-0.1514100
-0.1552954
-0.1478301
-0.1345844
-0.1253712
-0.1247139
-0.1260215
-0.1194970
-0.1057765
-0.0961090
-0.0987909
-0.1112683
-0.1257226
-0.1362913
-0.1406634
-0.1408621
-0.1429763
-0.1506773
-0.1590956
-0.1600655
-0.1524629
-0.1424994
-0.1354653
-0.1319176
-0.1294659
-0.1232727
-0.1078709
-0.0839264
-0.0601045
-0.0429488
-0.0282938
-0.0080388
0.0179658
0.0421391
0.0586018
0.0684414
0.0785174
0.0974346
0.1282705
0.1632320
0.1910957
0.2118785
0.2371844
0.2731540
0.3104328
0.3352491
0.3445183
0.3462809
0.3502263
0.3603469
0.3720291
0.3745644
0.3609951
0.3360211
0.3099626
0.2865071
0.2620199
0.2342908
0.2043324
0.1713959
0.1344335
0.0976346
0.0669269
0.0417222
0.0170035
-0.0074550
-0.0264968
-0.0373858
-0.0430416
-0.0488427
-0.0595469
-0.0757564
-0.0901416
-0.0926662
-0.0837512
-0.0758488
-0.0768137
-0.0784464
-0.0679101
-0.0449690
-0.0217932
-0.0100771
-0.0127848
-0.0237132
-0.0313922
-0.0284242
-0.0200300
-0.0185902
-0.0284457
-0.0419784
-0.0510124
-0.0546753
-0.0555442
-0.0562716
-0.0611072
-0.0728168
-0.0869995
-0.0966398
-0.1023298
-0.1106365
-0.1229841
-0.1339126
-0.1397747
-0.1418774
-0.1420714
-0.1420939
-0.1456362
-0.1546419
-0.1657441
-0.1757289
-0.1864561
-0.1985426
-0.2053531
-0.2001157
-0.1843910
-0.1636085
-0.1399432
-0.1156729
-0.0969981
-0.0872295
-0.0813439
-0.0735153
-0.0653291
-0.0618773
-0.0648322
-0.0726001
-0.0813199
-0.0838188
-0.0754558
-0.0632293
-0.0606262
-0.0709730
-0.0840585
-0.0907894
-0.0922992
-0.0931376
-0.0947912
-0.0978866
-0.1025054
-0.1052199
-0.1034199
-0.1020612
-0.1080466
-0.1191821
-0.1270314
-0.1290107
-0.1295147
-0.1314115
-0.1342997
-0.1380761
-0.1407445
-0.1370348
-0.1269793
-0.1208243
-0.1272820
-0.1417656
-0.1535635
-0.1589631
-0.1602977
-0.1585750
-0.1543549
-0.1497586
-0.1434467
-0.1304134
-0.1120886
-0.0988905
-0.0975094
-0.1032315
-0.1086108
-0.1107863
-0.1067318
-0.0914901
-0.0659850
-0.0381646
-0.0131694
0.0096648
0.0292444
0.0419768
0.0497382
0.0598488
0.0783409
0.1131618
0.1809184
0.2967727
0.4571672
0.6433453
0.8403498
1.0399916
1.2238703
1.3527098
1.3747020
1.2455406
0.9559401
0.5558610
0.1457569
-0.1743430
-0.3560603
-0.4100697
-0.3792384
-0.3128216
-0.2502266
-0.2084166
-0.1826954
-0.1643178
-0.1520281
-0.1448506
-0.1369323
-0.1272052
-0.1233116
-0.1285841
-0.1348552
-0.1339892
-0.1268809
-0.1169887
-0.1054713
-0.0956773
-0.0912453
-0.0878106
-0.0783417
-0.0673339
-0.0666349
-0.0766595
-0.0852095
-0.0854245
-0.0820066
-0.0801603
-0.0811839
-0.0876641
-0.1003718
-0.1119609
-0.1154412
-0.1153401
-0.1192165
-0.1236351
-0.1204269
-0.1106193
-0.1004827
-0.0908376
-0.0813165
-0.0765696
-0.0768915
-0.0720432
-0.0557822
-0.0371318
-0.0267454
-0.0219243
-0.0143735
-0.0019912
0.0151890
0.0387405
0.0640598
0.0816825
0.0930907
0.1118817
0.1435704
0.1781865
0.2073474
0.2338156
0.2606066
0.2861401
0.3128009
0.3443046
0.3729705
0.3861271
0.3860832
0.3873692
0.3943199
0.3974993
0.3908077
0.3763080
0.3553293
0.3304840
0.3113073
0.3016673
0.2879346
0.2559290
0.2123050
0.1735386
0.1428167
0.1134337
0.0845147
0.0574742
0.0279449
-0.0035740
-0.0248263
-0.0295957
-0.0298019
-0.0375507
-0.0492861
-0.0584835
-0.0674475
-0.0758184
-0.0750342
-0.0644280
-0.0550040
-0.0491144
-0.0359253
-0.0141087
0.0019917
0.0055144
0.0054153
0.0066532
0.0033959
-0.0047554
-0.0115227
-0.0201160
-0.0382321
-0.0577412
-0.0627813
-0.0561444
-0.0543899
-0.0607678
-0.0662611
-0.0708962
-0.0797500
-0.0858723
-0.0816450
-0.0776559
-0.0863421
-0.0982492
-0.0980350
-0.0908335
-0.0899733
-0.0937265
-0.0959280
-0.1019376
-0.1130767
-0.1153719
-0.1042897
-0.0986742
-0.1104590
-0.1240253
-0.1236533
-0.1160833
-0.1097596
-0.0996031
-0.0871048
-0.0855233
-0.0917615
-0.0844687
-0.0611178
-0.0437024
-0.0390785
-0.0294858
-0.0096208
0.0040169
0.0059597
0.0065197
0.0022605
-0.0192170
-0.0466134
-0.0575775
-0.0593856
-0.0755984
-0.1005133
-0.1099702
-0.1061647
-0.1079310
-0.1113934
-0.1045685
-0.1018374
-0.1184562
-0.1336536
-0.1248410
-0.1117310
-0.1209151
-0.1378901
-0.1393834
-0.1369629
-0.1438814
-0.1406096
-0.1180078
-0.1076690
-0.1253944
-0.1367555
-0.1207870
-0.1088069
-0.1194067
-0.1213105
-0.1005078
-0.0911445
-0.1021253
-0.0936625
-0.0611790
-0.0524285
-0.0696585
-0.0556174
-0.0062022
0.0150139
0.0008435
0.0144415
0.0570126
0.0614942
0.0367373
0.0592153
0.1066698
0.0842323
0.0288704
0.0700057
0.1712498
0.1779749
0.1582081
0.3641876
0.7444049
0.8557074
0.4746825
