-0.6241023
-0.6598207
-0.4890884
-0.3616051
-0.3435830
-0.3187211
-0.2490437
-0.2157233
-0.2391668
-0.2479208
-0.2207245
-0.2094327
-0.2226212
-0.2130937
-0.1795061
-0.1704909
-0.1898145
-0.1931721
-0.1746555
-0.1708533
-0.1852696
-0.1855149
-0.1685330
-0.1607794
-0.1626122
-0.1522768
-0.1334098
-0.1255833
-0.1222053
-0.1049347
-0.0822754
-0.0714261
-0.0625068
-0.0399549
-0.0165084
-0.0091468
-0.0050813
0.0141571
0.0389174
0.0529501
0.0645506
0.0879371
0.1171095
0.1428027
0.1718258
0.2084325
0.2403312
0.2611520
0.2830034
0.3126594
0.3404767
0.3645047
0.3988033
0.4466376
0.4911442
0.5219437
0.5463424
0.5674955
0.5764182
0.5713260
0.5613622
0.5474932
0.5219003
0.4871907
0.4541943
0.4216777
0.3798912
0.3318030
0.2898062
0.2551269
0.2206091
0.1885997
0.1662893
0.1491982
0.1278374
0.1041348
0.0845108
0.0650967
0.0400903
0.0157783
0.0011121
-0.0063720
-0.0123475
-0.0145525
-0.0119042
-0.0125574
-0.0212398
-0.0306328
-0.0352205
-0.0405232
-0.0495597
-0.0543188
-0.0499737
-0.0443769
-0.0454254
-0.0513449
-0.0591260
-0.0695563
-0.0795006
-0.0824765
-0.0802439
-0.0809887
-0.0847626
-0.0844252
-0.0810855
-0.0837767
-0.0935207
-0.1022779
-0.1079075
-0.1163121
-0.1286549
-0.1388720
-0.1432872
-0.1424122
-0.1362650
-0.1277208
-0.1253244
-0.1324699
-0.1399087
-0.1392135
-0.1364020
-0.1415370
-0.1526379
-0.1613210
-0.1672984
-0.1759787
-0.1872914
-0.1963646
-0.2004487
-0.1987199
-0.1913339
-0.1832366
-0.1812282
-0.1839141
-0.1837555
-0.1812038
-0.1848903
-0.1945464
-0.1969864
-0.1847702
-0.1674504
-0.1582792
-0.1590031
-0.1625568
-0.1628285
-0.1583594
-0.1527112
-0.1517463
-0.1546123
-0.1505443
-0.1330433
-0.1129746
-0.1065595
-0.1133775
-0.1178264
-0.1103626
-0.0953969
-0.0774068
-0.0477385
0.0139680
0.1287640
0.3035962
0.5206413
0.7442012
0.9397781
1.0767743
1.1099378
0.9795272
0.6563127
0.1921815
-0.2841993
-0.6328749
-0.7784468
-0.7429034
-0.6167459
-0.4914076
-0.4062070
-0.3507742
-0.3061242
-0.2704401
-0.2491488
-0.2395233
-0.2341732
-0.2300393
-0.2268648
-0.2230444
-0.2174761
-0.2106871
-0.2023427
-0.1925100
-0.1849829
-0.1833295
-0.1845411
-0.1827041
-0.1772284
-0.1712166
-0.1644320
-0.1548175
-0.1441006
-0.1348429
-0.1249679
-0.1120282
-0.0992285
-0.0899157
-0.0795519
-0.0606424
-0.0332089
-0.0041596
0.0213931
0.0433545
0.0641163
0.0865775
0.1113529
0.1338700
0.1494479
0.1629861
0.1864261
0.2235486
0.2645067
0.2989221
0.3271848
0.3548182
0.3826210
0.4074333
0.4279880
0.4461283
0.4650116
0.4867728
0.5082146
0.5198464
0.5144146
0.4950796
0.4696392
0.4392956
0.4005873
0.3562838
0.3152720
0.2810817
0.2478200
0.2087259
0.1638184
0.1190325
0.0815335
0.0544954
0.0333873
0.0103948
-0.0144027
-0.0309757
-0.0327765
-0.0272044
-0.0272074
-0.0365748
-0.0488799
-0.0573817
-0.0608616
-0.0623320
-0.0658224
-0.0721960
-0.0765141
-0.0734088
-0.0661001
-0.0646243
-0.0733174
-0.0856541
-0.0935523
-0.0962646
-0.0977674
-0.1003327
-0.1029435
-0.1024660
-0.0960082
-0.0859925
-0.0815221
-0.0889543
-0.1020972
-0.1083829
-0.1047013
-0.1004975
-0.1042209
-0.1125397
-0.1150887
-0.1066048
-0.0929479
-0.0856574
-0.0889780
-0.0926743
-0.0831426
-0.0625046
-0.0467619
-0.0372769
-0.0011002
0.1083222
0.3084301
0.5673258
0.8202489
0.9981674
1.0442998
0.9202769
0.6175944
0.1788685
-0.2912330
-0.6559963
-0.8177943
-0.7783615
-0.6292685
-0.4779131
-0.3787634
-0.3253621
-0.2896923
-0.2580470
-0.2351980
-0.2270771
-0.2269889
-0.2204616
-0.2020826
-0.1824821
-0.1749395
-0.1788218
-0.1819038
-0.1766174
-0.1674154
-0.1626085
-0.1646026
-0.1685577
-0.1667795
-0.1549364
-0.1371488
-0.1234604
-0.1191574
-0.1187452
-0.1136465
-0.1029469
-0.0925107
-0.0857977
-0.0795519
-0.0672682
-0.0446055
-0.0135007
0.0175443
0.0406027
0.0575776
0.0786395
0.1095608
0.1447378
0.1751428
0.1992084
0.2229828
0.2524139
0.2876548
0.3228772
0.3510349
0.3712089
0.3905835
0.4156174
0.4424022
0.4606570
0.4667130
0.4668445
0.4668737
0.4635285
0.4480957
0.4157776
0.3705379
0.3224777
0.2797081
0.2410448
0.1986969
0.1502477
0.1045710
0.0721081
0.0522248
0.0347864
0.0123915
-0.0131931
-0.0354535
-0.0502486
-0.0591219
-0.0676679
-0.0795460
-0.0914093
-0.0965563
-0.0944219
-0.0923297
-0.0958770
-0.1017331
-0.1029195
-0.0981294
-0.0929299
-0.0935803
-0.1011939
-0.1103015
-0.1130919
-0.1076742
-0.1016738
-0.1041655
-0.1146248
-0.1241714
-0.1275082
-0.1285709
-0.1332549
-0.1409442
-0.1454024
-0.1418284
-0.1319710
-0.1233616
-0.1228208
-0.1295784
-0.1367237
-0.1407105
-0.1456178
-0.1548910
-0.1631473
-0.1619270
-0.1517119
-0.1424734
-0.1419415
-0.1472650
-0.1492915
-0.1430753
-0.1332372
-0.1286784
-0.1313539
-0.1321016
-0.1209272
-0.0994085
-0.0756661
-0.0448882
0.0183482
0.1420515
0.3310492
0.5580968
0.7736741
0.9200965
0.9429127
0.8045554
0.5040052
0.0942235
-0.3216871
-0.6291465
-0.7604304
-0.7294450
-0.6116812
-0.4873455
-0.3973884
-0.3410782
-0.3011957
-0.2670571
-0.2400415
-0.2249403
-0.2197120
-0.2153468
-0.2057410
-0.1945354
-0.1895330
-0.1921983
-0.1954830
-0.1910993
-0.1772266
-0.1603682
-0.1505309
-0.1520385
-0.1578088
-0.1557778
-0.1426425
-0.1277262
-0.1208255
-0.1197327
-0.1132948
-0.0946617
-0.0680572
-0.0431053
-0.0246665
-0.0084568
0.0135301
0.0431059
0.0731484
0.0968494
0.1173967
0.1440305
0.1792192
0.2147751
0.2417042
0.2599084
0.2766226
0.2982633
0.3254664
0.3544516
0.3822087
0.4105959
0.4440870
0.4823365
0.5172186
0.5397512
0.5482580
0.5471377
0.5395181
0.5245111
0.5007611
0.4695473
0.4342025
0.3978003
0.3607611
0.3202996
0.2742287
0.2258996
0.1823531
0.1461587
0.1124153
0.0763398
0.0411678
0.0153559
0.0028598
-0.0018140
-0.0090976
-0.0250533
-0.0453431
-0.0588655
-0.0593126
-0.0524513
-0.0494333
-0.0538573
-0.0591516
-0.0586555
-0.0541896
-0.0533067
-0.0609350
-0.0752529
-0.0902290
-0.1014060
-0.1098119
-0.1195529
-0.1309474
-0.1383772
-0.1372591
-0.1310846
-0.1282147
-0.1325895
-0.1405709
-0.1465483
-0.1490776
-0.1512545
-0.1564057
-0.1635032
-0.1670388
-0.1631000
-0.1554534
-0.1525543
-0.1575695
-0.1646671
-0.1669499
-0.1648012
-0.1636378
-0.1658172
-0.1680848
-0.1663840
-0.1609430
-0.1563050
-0.1567889
-0.1617804
-0.1661217
-0.1658576
-0.1619920
-0.1567946
-0.1486495
-0.1341973
-0.1144238
-0.0944803
-0.0776534
-0.0635019
-0.0519484
-0.0438154
-0.0337031
-0.0042848
0.0685056
0.2016942
0.3931329
0.6181734
0.8336773
0.9830903
1.0025869
0.8394001
0.4878137
0.0199891
-0.4277057
-0.7215477
-0.8049063
-0.7203879
-0.5658283
-0.4264890
-0.3363259
-0.2857576
-0.2533471
-0.2282160
-0.2100860
-0.1992142
-0.1926868
-0.1876679
-0.1823890
-0.1742147
-0.1617794
-0.1495563
-0.1450196
-0.1488708
-0.1519872
-0.1452154
-0.1298299
-0.1151592
-0.1068437
-0.1003651
-0.0871960
-0.0661610
-0.0465271
-0.0381077
-0.0394631
-0.0396014
-0.0322303
-0.0237622
-0.0235101
-0.0291890
-0.0276886
-0.0100587
0.0187336
0.0463256
0.0664432
0.0840076
0.1077195
0.1392809
0.1715478
0.1980904
0.2225129
0.2546420
0.2973229
0.3411396
0.3745572
0.3965739
0.4164605
0.4422868
0.4722180
0.4970694
0.5101195
0.5137980
0.5159666
0.5190819
0.5148868
0.4924948
0.4510142
0.4010898
0.3538916
0.3117604
0.2706289
0.2286373
0.1897849
0.1594689
0.1377296
0.1178714
0.0928416
0.0628133
0.0342092
0.0103806
-0.0134849
-0.0431307
-0.0750888
-0.0981347
-0.1053084
-0.1016008
-0.0985127
-0.1023745
-0.1091147
-0.1104298
-0.1044488
-0.0987063
-0.1010558
-0.1091544
-0.1126089
-0.1059537
-0.0955903
-0.0917379
-0.0965519
-0.1034167
-0.1065218
-0.1076670
-0.1127274
-0.1229530
-0.1315286
-0.1300886
-0.1187362
-0.1075569
-0.1063953
-0.1146773
-0.1238691
-0.1285779
-0.1312725
-0.1357065
-0.1396630
-0.1368890
-0.1249708
-0.1092126
-0.0981274
-0.0952768
-0.0963415
-0.0955469
-0.0944839
-0.1014169
-0.1201274
-0.1422650
-0.1543092
-0.1515136
-0.1422029
-0.1381979
-0.1430943
-0.1505187
-0.1525163
-0.1483984
-0.1447243
-0.1466827
-0.1513172
-0.1514317
-0.1451660
-0.1382112
-0.1359970
-0.1373126
-0.1377870
-0.1369735
-0.1386893
-0.1448209
-0.1512045
-0.1505418
-0.1389830
-0.1195302
-0.0987772
-0.0804061
-0.0623073
-0.0388017
-0.0019619
0.0609087
0.1662794
0.3230535
0.5181463
0.7132158
0.8553611
0.8919498
0.7833654
0.5174606
0.1264882
-0.3064916
-0.6687390
-0.8663332
-0.8731437
-0.7430035
-0.5711090
-0.4330696
-0.3500204
-0.3016848
-0.2636988
-0.2300696
-0.2072235
-0.1971827
-0.1916353
-0.1806026
-0.1632134
-0.1479536
-0.1425152
-0.1452276
-0.1478301
-0.1452160
-0.1397364
-0.1360640
-0.1347919
-0.1324166
-0.1258441
-0.1154553
-0.1044519
-0.0959267
-0.0901230
-0.0843425
-0.0757148
-0.0634312
-0.0478922
-0.0292998
-0.0086884
0.0111978
0.0288327
0.0474419
0.0728751
0.1069531
0.1444193
0.1776407
0.2040744
0.2287315
0.2590653
0.2970051
0.3362997
0.3687359
0.3927113
0.4139754
0.4380109
0.4644423
0.4902166
0.5155393
0.5436108
0.5750774
0.6051491
0.6268307
0.6360828
0.6334063
0.6207871
0.5979744
0.5631083
0.5174404
0.4674073
0.4196301
0.3745995
0.3279792
0.2781316
0.2293877
0.1866887
0.1494411
0.1130987
0.0763204
0.0445085
0.0248906
0.0179586
0.0149144
0.0053397
-0.0123262
-0.0295999
-0.0378295
-0.0371782
-0.0343324
-0.0335525
-0.0331266
-0.0301942
-0.0260190
-0.0252258
-0.0311322
-0.0430166
-0.0577658
-0.0733136
-0.0894921
-0.1053238
-0.1171937
-0.1219511
-0.1214794
-0.1215587
-0.1253816
-0.1304342
-0.1331731
-0.1347822
-0.1398480
-0.1497055
-0.1592078
-0.1613326
-0.1549030
-0.1469311
-0.1462333
-0.1545455
-0.1652366
-0.1714075
-0.1732937
-0.1756930
-0.1797479
-0.1808431
-0.1751608
-0.1654591
-0.1585304
-0.1581049
-0.1617665
-0.1644367
-0.1633659
-0.1588152
-0.1506267
-0.1366231
-0.1165437
-0.0964207
-0.0853614
-0.0864325
-0.0931101
-0.0968004
-0.0960717
-0.0959255
-0.0991456
-0.1016762
-0.0968548
-0.0805641
-0.0486794
0.0100268
0.1134109
0.2718169
0.4702527
0.6646234
0.7976331
0.8208153
0.7072116
0.4560807
0.1002642
-0.2873748
-0.6080321
-0.7792655
-0.7808536
-0.6654103
-0.5204590
-0.4110531
-0.3490989
-0.3095636
-0.2699436
-0.2317513
-0.2083375
-0.2016581
-0.1980590
-0.1851682
-0.1660985
-0.1534755
-0.1520020
-0.1511915
-0.1368554
-0.1081665
-0.0807110
-0.0713661
-0.0813851
-0.0963842
-0.1024658
-0.0994722
-0.0974092
-0.1028172
-0.1118585
-0.1162089
-0.1126481
-0.1052131
-0.0989305
-0.0934067
-0.0837119
-0.0668960
-0.0455970
-0.0241922
-0.0031213
0.0206649
0.0483111
0.0770325
0.1042996
0.1316723
0.1624410
0.1963121
0.2285430
0.2552455
0.2788932
0.3072121
0.3454736
0.3900426
0.4309258
0.4612882
0.4831636
0.5027107
0.5210904
0.5320194
0.5283734
0.5098333
0.4834768
0.4572331
0.4328134
0.4049499
0.3679091
0.3227158
0.2769846
0.2371295
0.2017909
0.1641216
0.1202537
0.0744494
0.0354945
0.0082544
-0.0108061
-0.0293237
-0.0504912
-0.0700931
-0.0828337
-0.0898887
-0.0974933
-0.1082275
-0.1169263
-0.1172210
-0.1104073
-0.1050587
-0.1075882
-0.1152824
-0.1203196
-0.1199344
-0.1200703
-0.1273717
-0.1392208
-0.1452036
-0.1393393
-0.1276878
-0.1210486
-0.1219821
-0.1231312
-0.1188896
-0.1147804
-0.1217100
-0.1414397
-0.1609793
-0.1637499
-0.1460797
-0.1209793
-0.1049887
-0.1027627
-0.1059497
-0.1056537
-0.1026693
-0.1046291
-0.1158606
-0.1326000
-0.1474889
-0.1566534
-0.1619090
-0.1672021
-0.1738691
-0.1795520
-0.1814937
-0.1802360
-0.1793129
-0.1812375
-0.1844539
-0.1847851
-0.1799816
-0.1727670
-0.1689859
-0.1720158
-0.1790398
-0.1839710
-0.1844493
-0.1843446
-0.1879418
-0.1930975
-0.1929358
-0.1845958
-0.1736833
-0.1681513
-0.1689560
-0.1692857
-0.1636705
-0.1556633
-0.1537107
-0.1592559
-0.1621090
-0.1507110
-0.1261399
-0.1022946
-0.0909316
-0.0895197
-0.0867030
-0.0778924
-0.0708902
-0.0745525
-0.0851566
-0.0879297
-0.0718622
-0.0386792
0.0062373
0.0694236
0.1690080
0.3141915
0.4864684
0.6446857
0.7479560
0.7700519
0.6936334
0.5030932
0.1988816
-0.1749127
-0.5258760
-0.7535571
-0.8103611
-0.7303647
-0.5982383
-0.4860608
-0.4140272
-0.3626295
-0.3118240
-0.2633164
-0.2302675
-0.2160795
-0.2094007
-0.1977960
-0.1810786
-0.1691383
-0.1686395
-0.1744126
-0.1742006
-0.1603220
-0.1358780
-0.1107693
-0.0931914
-0.0845026
-0.0802355
-0.0749436
-0.0668187
-0.0585776
-0.0539369
-0.0533433
-0.0538510
-0.0532290
-0.0528460
-0.0552253
-0.0591486
-0.0588048
-0.0489703
-0.0308481
-0.0116124
0.0028112
0.0143245
0.0310474
0.0588029
0.0949892
0.1313939
0.1621470
0.1878764
0.2128546
0.2401135
0.2701492
0.3030194
0.3396784
0.3803899
0.4224750
0.4609844
0.4925300
0.5181842
0.5415365
0.5634107
0.5792204
0.5825325
0.5715026
0.5514324
0.5304702
0.5121984
0.4920692
0.4615226
0.4164989
0.3621889
0.3088836
0.2628765
0.2219056
0.1797731
0.1346693
0.0919105
0.0583847
0.0352481
0.0171413
-0.0013073
-0.0193677
-0.0318983
-0.0369629
-0.0398533
-0.0478488
-0.0614633
-0.0728568
-0.0739820
-0.0655925
-0.0571004
-0.0574366
-0.0666915
-0.0770553
-0.0814331
-0.0802176
-0.0793204
-0.0824617
-0.0867600
-0.0863420
-0.0795202
-0.0715586
-0.0702550
-0.0789396
-0.0935712
-0.1063565
-0.1122233
-0.1119752
-0.1094288
-0.1061893
-0.1002138
-0.0896941
-0.0771866
-0.0684207
-0.0667682
-0.0700658
-0.0740892
-0.0787972
-0.0892062
-0.1084756
-0.1308234
-0.1439233
-0.1402082
-0.1250937
-0.1121464
-0.1097949
-0.1142045
-0.1157942
-0.1109498
-0.1050766
-0.1044243
-0.1077275
-0.1079557
-0.1010676
-0.0900983
-0.0799009
-0.0704484
-0.0574462
-0.0372936
-0.0066282
0.0442501
0.1324964
0.2707978
0.4522131
0.6483487
0.8218503
0.9362823
0.9528320
0.8282500
0.5364363
0.1080503
-0.3522286
-0.7050907
-0.8551618
-0.8064254
-0.6470392
-0.4796207
-0.3594731
-0.2862117
-0.2378419
-0.2027870
-0.1830197
-0.1795828
-0.1852521
-0.1910216
-0.1936525
-0.1941647
-0.1922444
-0.1860151
-0.1764907
-0.1683220
-0.1644565
-0.1622679
-0.1573453
-0.1501523
-0.1460107
-0.1475914
-0.1497061
-0.1440575
-0.1289324
-0.1119184
-0.1017966
-0.0989843
-0.0957788
-0.0857713
-0.0707930
-0.0571095
-0.0460219
-0.0309730
-0.0052289
0.0289870
0.0613147
0.0838604
0.0996588
0.1192058
0.1490102
0.1853166
0.2199166
0.2506718
0.2839980
0.3263758
0.3751156
0.4194950
0.4511304
0.4716765
0.4892414
0.5081424
0.5240844
0.5299444
0.5246437
0.5143263
0.5047401
0.4942084
0.4754088
0.4434723
0.4009200
0.3544278
0.3081113
0.2613441
0.2129285
0.1657347
0.1257491
0.0964730
0.0751837
0.0553756
0.0327978
0.0089101
-0.0113582
-0.0249879
-0.0341811
-0.0444933
-0.0593359
-0.0759704
-0.0873607
-0.0888784
-0.0834708
-0.0796305
-0.0837051
-0.0943666
-0.1050225
-0.1112022
-0.1142719
-0.1172796
-0.1186659
-0.1128501
-0.0981513
-0.0820432
-0.0754479
-0.0812200
-0.0905873
-0.0929291
-0.0880714
-0.0863949
-0.0961354
-0.1126788
-0.1227235
-0.1188331
-0.1076018
-0.1020691
-0.1074165
-0.1164193
-0.1189927
-0.1137015
-0.1081302
-0.1092713
-0.1160124
-0.1212848
-0.1196003
-0.1113750
-0.1011712
-0.0933879
-0.0893517
-0.0868680
-0.0819169
-0.0719795
-0.0586731
-0.0455757
-0.0303708
0.0017652
0.0737870
0.2009263
0.3759429
0.5683034
0.7353557
0.8324970
0.8173157
0.6582129
0.3561579
-0.0338536
-0.4095820
-0.6667093
-0.7550838
-0.7017390
-0.5821546
-0.4662343
-0.3840548
-0.3312091
-0.2945424
-0.2678029
-0.2487242
-0.2323412
-0.2134799
-0.1935687
-0.1798062
-0.1760172
-0.1768129
-0.1731720
-0.1631300
-0.1543581
-0.1548700
-0.1626161
-0.1665404
-0.1582102
-0.1406521
-0.1245892
-0.1170167
-0.1150525
-0.1108508
-0.1008416
-0.0888336
-0.0802908
-0.0749675
-0.0665507
-0.0496801
-0.0259313
-0.0014655
0.0208252
0.0450102
0.0770403
0.1168617
0.1568777
0.1885958
0.2105181
0.2293079
0.2531809
0.2841077
0.3164048
0.3426368
0.3603757
0.3732803
0.3867352
0.4035266
0.4233194
0.4446900
0.4663760
0.4863565
0.5003993
0.5028726
0.4904707
0.4654749
0.4341826
0.4011362
0.3654920
0.3241029
0.2777117
0.2324314
0.1942086
0.1625397
0.1310173
0.0947474
0.0565949
0.0247746
0.0038897
-0.0102292
-0.0252929
-0.0429648
-0.0568256
-0.0606184
-0.0566078
-0.0537962
-0.0581985
-0.0665623
-0.0704369
-0.0656728
-0.0567603
-0.0514968
-0.0523332
-0.0543746
-0.0520698
-0.0463786
-0.0441139
-0.0509246
-0.0662655
-0.0849533
-0.1020548
-0.1156429
-0.1258162
-0.1323287
-0.1338284
-0.1296199
-0.1219211
-0.1155495
-0.1146512
-0.1196884
-0.1277174
-0.1352866
-0.1409411
-0.1454231
-0.1498800
-0.1538778
-0.1554734
-0.1538748
-0.1517149
-0.1533377
-0.1602877
-0.1695128
-0.1767860
-0.1810231
-0.1840419
-0.1864188
-0.1852100
-0.1771538
-0.1642789
-0.1550194
-0.1576620
-0.1716300
-0.1863527
-0.1903883
-0.1815998
-0.1673289
-0.1551104
-0.1452754
-0.1334951
-0.1189800
-0.1079580
-0.1082197
-0.1208699
-0.1387086
-0.1534077
-0.1633445
-0.1726902
-0.1830512
-0.1889359
-0.1837878
-0.1692225
-0.1551713
-0.1498278
-0.1511909
-0.1503528
-0.1427406
-0.1338113
-0.1316549
-0.1346969
-0.1301841
-0.1072797
-0.0692711
-0.0275662
0.0181112
0.0892174
0.2124566
0.3920952
0.5980025
0.7793871
0.8874075
0.8856274
0.7487509
0.4685329
0.0750885
-0.3479108
-0.6852798
-0.8489619
-0.8295847
-0.6947707
-0.5352795
-0.4074626
-0.3177284
-0.2490454
-0.1926322
-0.1543586
-0.1394495
-0.1406704
-0.1446335
-0.1458120
-0.1493711
-0.1601500
-0.1732392
-0.1783103
-0.1714220
-0.1593980
-0.1522441
-0.1530020
-0.1557840
-0.1530078
-0.1437015
-0.1341727
-0.1303611
-0.1304952
-0.1268515
-0.1147504
-0.0979079
-0.0838201
-0.0752505
-0.0680678
-0.0571899
-0.0427122
-0.0286992
-0.0162778
-0.0001012
0.0260098
0.0601504
0.0921939
0.1147641
0.1324173
0.1565558
0.1915486
0.2295620
0.2608762
0.2868636
0.3195458
0.3679123
0.4266549
0.4802277
0.5180007
0.5436772
0.5684222
0.5960261
0.6177859
0.6226364
0.6095145
0.5874767
0.5650409
0.5419817
0.5115534
0.4687569
0.4155789
0.3590907
0.3056286
0.2573544
0.2139692
0.1759475
0.1443478
0.1180608
0.0936237
0.0686727
0.0442388
0.0227447
0.0047366
-0.0113821
-0.0267477
-0.0399276
-0.0478371
-0.0493516
-0.0481990
-0.0509951
-0.0610026
-0.0744518
-0.0846573
-0.0896203
-0.0939295
-0.1026917
-0.1146552
-0.1220293
-0.1171395
-0.0997908
-0.0786643
-0.0649959
-0.0640489
-0.0725356
-0.0837266
-0.0935076
-0.1011426
-0.1064476
-0.1086237
-0.1076721
-0.1053689
-0.1041831
-0.1052448
-0.1072048
-0.1074882
-0.1055317
-0.1041600
-0.1057388
-0.1067540
-0.0989064
-0.0777057
-0.0485705
-0.0210876
0.0047530
0.0460611
0.1282161
0.2649507
0.4445472
0.6346087
0.7983700
0.9027934
0.9118864
0.7844192
0.4971454
0.0825619
-0.3588684
-0.6982359
-0.8480642
-0.8091741
-0.6583028
-0.4901509
-0.3628793
-0.2852265
-0.2407005
-0.2148985
-0.2024929
-0.2001066
-0.2023992
-0.2052527
-0.2078993
-0.2104269
-0.2115899
-0.2102178
-0.2071196
-0.2040569
-0.2011822
-0.1967114
-0.1898070
-0.1830444
-0.1800607
-0.1798603
-0.1755545
-0.1614861
-0.1409543
-0.1238230
-0.1158867
-0.1130932
-0.1072803
-0.0953195
-0.0807156
-0.0673740
-0.0539551
-0.0350893
-0.0077379
0.0244972
0.0544859
0.0791811
0.1027414
0.1311935
0.1654899
0.2015112
0.2358577
0.2694688
0.3055169
0.3450980
0.3850834
0.4196210
0.4443951
0.4601727
0.4713083
0.4799002
0.4824511
0.4735002
0.4518726
0.4222661
0.3910399
0.3610114
0.3298669
0.2933544
0.2505719
0.2058859
0.1646021
0.1273065
0.0905118
0.0529713
0.0188870
-0.0064565
-0.0228545
-0.0357553
-0.0511698
-0.0703123
-0.0886930
-0.1006364
-0.1053651
-0.1079505
-0.1131117
-0.1190051
-0.1192132
-0.1109012
-0.0993068
-0.0935274
-0.0982141
-0.1088573
-0.1147327
-0.1079028
-0.0909764
-0.0753565
-0.0703885
-0.0745946
-0.0785458
-0.0756414
-0.0690260
-0.0685486
-0.0817017
-0.1066659
-0.1333891
-0.1521755
-0.1616567
-0.1675813
-0.1742335
-0.1793861
-0.1784786
-0.1714677
-0.1636631
-0.1606729
-0.1637009
-0.1692693
-0.1729500
-0.1737346
-0.1745648
-0.1778515
-0.1813087
-0.1800005
-0.1723436
-0.1623457
-0.1556852
-0.1546831
-0.1568182
-0.1570006
-0.1519416
-0.1436714
-0.1378750
-0.1370474
-0.1363101
-0.1283501
-0.1119051
-0.0922414
-0.0717835
-0.0416073
0.0158665
0.1140886
0.2504826
0.4058206
0.5538757
0.6684731
0.7189711
0.6652158
0.4727624
0.1477671
-0.2404372
-0.5806531
-0.7782906
-0.8078524
-0.7190496
-0.5941568
-0.4927418
-0.4265666
-0.3771516
-0.3296762
-0.2879821
-0.2628879
-0.2552013
-0.2538882
-0.2477713
-0.2357297
-0.2257520
-0.2252228
-0.2322492
-0.2369042
-0.2315389
-0.2187287
-0.2075770
-0.2033005
-0.2026800
-0.1993259
-0.1910592
-0.1814434
-0.1750645
-0.1716821
-0.1653397
-0.1506844
-0.1304271
-0.1140312
-0.1071645
-0.1041985
-0.0933668
-0.0685631
-0.0346143
-0.0019105
0.0228488
0.0416039
0.0620164
0.0890889
0.1193128
0.1443036
0.1603996
0.1728578
0.1900085
0.2150331
0.2441593
0.2712996
0.2937692
0.3147166
0.3400903
0.3717341
0.4035167
0.4259642
0.4347323
0.4330415
0.4262207
0.4157493
0.3984168
0.3696367
0.3281142
0.2791177
0.2324953
0.1951339
0.1652217
0.1353583
0.1010026
0.0646601
0.0324719
0.0080279
-0.0109348
-0.0303161
-0.0529480
-0.0736809
-0.0834350
-0.0795266
-0.0698379
-0.0648876
-0.0674387
-0.0717302
-0.0714325
-0.0663345
-0.0619240
-0.0637574
-0.0718582
-0.0802627
-0.0828323
-0.0793872
-0.0750965
-0.0746944
-0.0791539
-0.0868868
-0.0951385
-0.1005876
-0.1019944
-0.1026383
-0.1068194
-0.1129536
-0.1132728
-0.1025726
-0.0857802
-0.0746305
-0.0761267
-0.0844632
-0.0853244
-0.0692756
-0.0390830
0.0006052
0.0608258
0.1678339
0.3374277
0.5500250
0.7552870
0.9007151
0.9523383
0.8910040
0.7019245
0.3835014
-0.0257583
-0.4344726
-0.7295457
-0.8399692
-0.7813670
-0.6384674
-0.5002573
-0.4068898
-0.3486739
-0.3018497
-0.2582118
-0.2263093
-0.2149449
-0.2206012
-0.2295640
-0.2296747
-0.2188369
-0.2031362
-0.1897332
-0.1829620
-0.1838306
-0.1889521
-0.1910142
-0.1846774
-0.1727329
-0.1636045
-0.1621116
-0.1645377
-0.1628148
-0.1520421
-0.1344383
-0.1173981
-0.1068261
-0.1011206
-0.0930940
-0.0789603
-0.0630282
-0.0512965
-0.0425927
-0.0291291
-0.0050761
0.0275300
0.0608891
0.0883798
0.1105763
0.1351347
0.1691826
0.2112442
0.2524431
0.2858867
0.3126396
0.3384840
0.3678101
0.4010126
0.4343112
0.4607783
0.4745381
0.4757325
0.4694904
0.4590492
0.4417323
0.4125270
0.3703585
0.3207376
0.2731502
0.2346006
0.2037437
0.1723782
0.1346053
0.0932034
0.0552838
0.0241520
-0.0014663
-0.0223358
-0.0371106
-0.0454521
-0.0496177
-0.0528507
-0.0579089
-0.0662994
-0.0771009
-0.0872994
-0.0946416
-0.0993106
-0.1023180
-0.1040017
-0.1044818
-0.1032502
-0.0981501
-0.0881765
-0.0781471
-0.0766284
-0.0868436
-0.1021861
-0.1128441
-0.1152821
-0.1142099
-0.1169513
-0.1262959
-0.1370800
-0.1401430
-0.1320672
-0.1203660
-0.1158757
-0.1203094
-0.1248127
-0.1211494
-0.1109919
-0.1028581
-0.1016113
-0.1019654
-0.0924651
-0.0668137
-0.0300740
0.0112194
0.0666579
0.1627981
0.3186987
0.5211317
0.7283457
0.8965274
0.9966650
1.0061648
0.8951206
0.6365980
0.2429555
-0.2058216
-0.5821027
-0.7797455
-0.7797914
-0.6535271
-0.5012772
-0.3857240
-0.3138945
-0.2654307
-0.2261159
-0.1973106
-0.1843898
-0.1842082
-0.1861146
-0.1836571
-0.1811789
-0.1861230
-0.1975118
-0.2062345
-0.2053290
-0.1955749
-0.1817188
-0.1678605
-0.1567853
-0.1496308
-0.1449672
-0.1404458
-0.1354452
-0.1304166
-0.1247158
-0.1170450
-0.1066072
-0.0922314
-0.0729642
-0.0517678
-0.0352632
-0.0259719
-0.0169882
0.0016917
0.0322956
0.0671323
0.0964122
0.1170351
0.1354268
0.1624974
0.2032901
0.2508503
0.2931380
0.3262769
0.3571897
0.3926702
0.4306737
0.4643065
0.4901885
0.5100588
0.5265608
0.5393377
0.5439033
0.5343777
0.5093696
0.4742752
0.4351150
0.3917664
0.3412166
0.2861583
0.2354135
0.1954215
0.1646785
0.1366522
0.1057951
0.0717332
0.0399901
0.0169824
0.0019601
-0.0135986
-0.0356140
-0.0591088
-0.0738537
-0.0762492
-0.0723265
-0.0707372
-0.0755535
-0.0843091
-0.0909943
-0.0926004
-0.0935082
-0.1004865
-0.1127986
-0.1216230
-0.1209457
-0.1147418
-0.1110539
-0.1125100
-0.1148531
-0.1120354
-0.1015851
-0.0878250
-0.0801299
-0.0844331
-0.0960265
-0.1041923
-0.1039457
-0.0996983
-0.0979083
-0.1003566
-0.1046881
-0.1078164
-0.1086034
-0.1095854
-0.1146261
-0.1223221
-0.1247368
-0.1168498
-0.1045841
-0.0984648
-0.1010466
-0.1053787
-0.1047854
-0.0999075
-0.0964608
-0.0987849
-0.1049295
-0.1069719
-0.0983541
-0.0816058
-0.0654431
-0.0537857
-0.0424125
-0.0268837
-0.0062766
0.0250124
0.0832360
0.1864972
0.3395508
0.5258464
0.7077692
0.8316899
0.8407610
0.6965932
0.4016009
0.0104817
-0.3792799
-0.6635535
-0.7817150
-0.7455806
-0.6211877
-0.4808949
-0.3683896
-0.2953366
-0.2542716
-0.2305568
-0.2115300
-0.1928435
-0.1776027
-0.1697087
-0.1686400
-0.1686183
-0.1616406
-0.1447072
-0.1256946
-0.1172191
-0.1217330
-0.1277921
-0.1246810
-0.1151856
-0.1090405
-0.1087952
-0.1081997
-0.1015314
-0.0892342
-0.0758034
-0.0652939
-0.0575822
-0.0480351
-0.0332960
-0.0169192
-0.0049255
0.0036636
0.0161247
0.0359069
0.0595922
0.0845612
0.1128911
0.1456437
0.1787685
0.2069588
0.2284285
0.2460397
0.2668983
0.2984221
0.3395976
0.3783389
0.4035384
0.4181725
0.4346673
0.4588395
0.4842322
0.5012130
0.5063753
0.5034018
0.4980509
0.4910333
0.4744265
0.4393000
0.3889349
0.3384993
0.2979790
0.2616616
0.2192695
0.1714851
0.1284432
0.0970539
0.0752505
0.0561527
0.0344713
0.0111679
-0.0069993
-0.0158500
-0.0210275
-0.0313759
-0.0459330
-0.0548576
-0.0534824
-0.0475545
-0.0433746
-0.0404789
-0.0362411
-0.0312691
-0.0280205
-0.0285665
-0.0341392
-0.0429674
-0.0501282
-0.0540446
-0.0603518
-0.0740658
-0.0913952
-0.1052455
-0.1149291
-0.1237550
-0.1309317
-0.1333706
-0.1327693
-0.1340252
-0.1384603
-0.1435688
-0.1469771
-0.1471936
-0.1444107
-0.1433536
-0.1497324
-0.1608147
-0.1660966
-0.1609459
-0.1528917
-0.1508618
-0.1551823
-0.1616805
-0.1681736
-0.1726813
-0.1719325
-0.1660124
-0.1597005
-0.1569881
-0.1587207
-0.1653007
-0.1756039
-0.1841751
-0.1863254
-0.1844281
-0.1820330
-0.1749384
-0.1574797
-0.1352248
-0.1210103
-0.1191873
-0.1231277
-0.1275089
-0.1339750
-0.1445623
-0.1569949
-0.1669042
-0.1702790
-0.1655442
-0.1561718
-0.1468896
-0.1350484
-0.1127838
-0.0795397
-0.0407625
0.0114354
0.1028721
0.2505339
0.4376947
0.6234471
0.7683006
0.8404554
0.8053378
0.6279527
0.2994711
-0.1304309
-0.5479787
-0.8211315
-0.8802634
-0.7660772
-0.5906247
-0.4466969
-0.3569034
-0.2981041
-0.2500434
-0.2125574
-0.1923795
-0.1878994
-0.1861836
-0.1730665
-0.1481265
-0.1257506
-0.1165875
-0.1146701
-0.1099583
-0.1044558
-0.1049587
-0.1084324
-0.1080638
-0.1074547
-0.1150596
-0.1286842
-0.1376293
-0.1372656
-0.1321205
-0.1278786
-0.1269338
-0.1268586
-0.1190008
-0.0964716
-0.0668895
-0.0464298
-0.0375228
-0.0254040
-0.0014120
0.0248827
0.0433086
0.0586785
0.0810200
0.1122927
0.1494897
0.1902490
0.2305942
0.2669925
0.3028506
0.3431230
0.3835611
0.4169835
0.4471096
0.4821463
0.5182417
0.5449210
0.5634998
0.5836711
0.6046208
0.6154058
0.6113423
0.5956553
0.5690480
0.5314068
0.4886596
0.4452796
0.3966271
0.3397981
0.2825144
0.2303829
0.1777140
0.1228372
0.0784285
0.0533527
0.0381243
0.0211278
0.0048234
-0.0062067
-0.0178934
-0.0351399
-0.0519684
-0.0630549
-0.0708185
-0.0748275
-0.0710075
-0.0656954
-0.0710789
-0.0833098
-0.0863464
-0.0796965
-0.0789493
-0.0868275
-0.0885577
-0.0784754
-0.0672052
-0.0612540
-0.0584277
-0.0613424
-0.0715933
-0.0751765
-0.0585238
-0.0316026
-0.0080031
0.0300515
0.1189599
0.2720676
0.4712937
0.6841855
0.8642896
0.9542902
0.9200288
0.7692363
0.5187873
0.1731519
-0.2358433
-0.6189573
-0.8784835
-0.9738711
-0.9234580
-0.7759900
-0.6026513
-0.4737602
-0.4061068
-0.3599991
-0.3072343
-0.2639459
-0.2428412
-0.2261107
-0.2069009
-0.2032983
-0.2109737
-0.1999216
-0.1751396
-0.1756392
-0.1984946
-0.1968370
-0.1663334
-0.1518933
-0.1575560
-0.1425365
-0.1159585
-0.1284827
-0.1604425
-0.1419192
-0.0938736
-0.1014029
-0.1306753
-0.0583316
0.0671552
0.0073751
-0.3115627
