-0.1083189
-0.2749789
-0.1076945
-0.0266823
-0.1291221
-0.1836484
-0.1156608
-0.0843964
-0.1386893
-0.1516639
-0.0915416
-0.0697935
-0.1130919
-0.1255854
-0.0841355
-0.0681602
-0.0940193
-0.0963431
-0.0696466
-0.0726583
-0.1019685
-0.1000112
-0.0727904
-0.0754589
-0.1024183
-0.1040889
-0.0864231
-0.0915240
-0.1098043
-0.1044237
-0.0892135
-0.0979201
-0.1131017
-0.1023913
-0.0855385
-0.0952699
-0.1132258
-0.1084391
-0.0965342
-0.1035683
-0.1150061
-0.1112054
-0.1085183
-0.1208462
-0.1268220
-0.1139668
-0.1078773
-0.1235951
-0.1359567
-0.1273045
-0.1163392
-0.1153367
-0.1079443
-0.0904769
-0.0862207
-0.1002222
-0.1067246
-0.0960554
-0.0893151
-0.0967945
-0.1051177
-0.1105412
-0.1221777
-0.1312944
-0.1201644
-0.0997817
-0.0974779
-0.1115806
-0.1180035
-0.1139361
-0.1157287
-0.1229266
-0.1222941
-0.1171715
-0.1181135
-0.1170344
-0.1027174
-0.0869480
-0.0854590
-0.0899771
-0.0863157
-0.0805889
-0.0821774
-0.0824585
-0.0743896
-0.0700959
-0.0765718
-0.0779658
-0.0630952
-0.0465309
-0.0432548
-0.0459737
-0.0438324
-0.0401281
-0.0382984
-0.0337898
-0.0290857
-0.0320551
-0.0332645
-0.0115401
0.0338652
0.0851680
0.1434055
0.2341539
0.3712243
0.5416158
0.7288484
0.9231104
1.1024602
1.2249695
1.2431191
1.1171671
0.8334936
0.4385459
0.0434639
-0.2389504
-0.3681612
-0.3791184
-0.3298556
-0.2660176
-0.2167782
-0.1913383
-0.1790023
-0.1683673
-0.1604998
-0.1553421
-0.1428980
-0.1214319
-0.1064976
-0.1073921
-0.1118013
-0.1071013
-0.0993336
-0.0984004
-0.1015609
-0.1029279
-0.1029029
-0.0993203
-0.0861456
-0.0681963
-0.0601675
-0.0654221
-0.0721156
-0.0729826
-0.0715081
-0.0678699
-0.0579320
-0.0467642
-0.0441867
-0.0468906
-0.0430864
-0.0333902
-0.0291657
-0.0326068
-0.0359081
-0.0368873
-0.0388883
-0.0395712
-0.0353710
-0.0315128
-0.0330317
-0.0327032
-0.0215352
-0.0032565
0.0139826
0.0305063
0.0479185
0.0605573
0.0664509
0.0753651
0.0942836
0.1161242
0.1329644
0.1484619
0.1680404
0.1892422
0.2099946
0.2337682
0.2595285
0.2794231
0.2922021
0.3060769
0.3241886
0.3405947
0.3532436
0.3666314
0.3796323
0.3853050
0.3843067
0.3842932
0.3853953
0.3801229
0.3672773
0.3525828
0.3370807
0.3178646
0.2974636
0.2796217
0.2595999
0.2314461
0.2005227
0.1766187
0.1594995
0.1423259
0.1232726
0.1034223
0.0807248
0.0565263
0.0400381
0.0359437
0.0352099
0.0270611
0.0119860
-0.0041242
-0.0187231
-0.0287022
-0.0289708
-0.0224582
-0.0210947
-0.0300497
-0.0406755
-0.0440283
-0.0412392
-0.0368519
-0.0327011
-0.0312690
-0.0340903
-0.0348917
-0.0255803
-0.0101815
-0.0014930
-0.0035716
-0.0087669
-0.0113048
-0.0120645
-0.0110775
-0.0072262
-0.0044636
-0.0075154
-0.0129862
-0.0143865
-0.0130627
-0.0150774
-0.0214812
-0.0304082
-0.0432499
-0.0597525
-0.0730680
-0.0785890
-0.0815102
-0.0875798
-0.0933402
-0.0931622
-0.0883293
-0.0818309
-0.0722567
-0.0600702
-0.0518378
-0.0511502
-0.0524591
-0.0494029
-0.0423643
-0.0344374
-0.0278489
-0.0263740
-0.0319738
-0.0374342
-0.0325450
-0.0192166
-0.0102184
-0.0118318
-0.0183547
-0.0245334
-0.0321215
-0.0422848
-0.0516217
-0.0579094
-0.0622483
-0.0653364
-0.0679437
-0.0726965
-0.0790120
-0.0809192
-0.0773011
-0.0780796
-0.0909198
-0.1076922
-0.1144922
-0.1105160
-0.1071276
-0.1117785
-0.1213309
-0.1281030
-0.1259134
-0.1138810
-0.0992416
-0.0918208
-0.0923954
-0.0926309
-0.0884315
-0.0844718
-0.0829274
-0.0784656
-0.0691346
-0.0620622
-0.0624616
-0.0653579
-0.0636557
-0.0576033
-0.0522604
-0.0514924
-0.0566366
-0.0654475
-0.0719814
-0.0732485
-0.0742515
-0.0796651
-0.0839118
-0.0784197
-0.0657025
-0.0563392
-0.0542237
-0.0546234
-0.0548108
-0.0564254
-0.0580071
-0.0544357
-0.0446153
-0.0336531
-0.0273468
-0.0273707
-0.0287899
-0.0203209
0.0068433
0.0481867
0.0930359
0.1472941
0.2384253
0.3884397
0.5875925
0.8011520
0.9950863
1.1471871
1.2383276
1.2429655
1.1330366
0.8968522
0.5629121
0.2045092
-0.0917865
-0.2726905
-0.3379482
-0.3227018
-0.2700503
-0.2148576
-0.1753468
-0.1506212
-0.1307893
-0.1120215
-0.0983564
-0.0917747
-0.0888105
-0.0866025
-0.0852144
-0.0843331
-0.0835355
-0.0845660
-0.0882753
-0.0917188
-0.0928576
-0.0942117
-0.0970362
-0.0971014
-0.0922460
-0.0889549
-0.0946639
-0.1074679
-0.1191964
-0.1249222
-0.1249010
-0.1216285
-0.1192013
-0.1208734
-0.1235738
-0.1197589
-0.1076857
-0.0945613
-0.0871027
-0.0846165
-0.0832296
-0.0806693
-0.0750451
-0.0652743
-0.0544347
-0.0467230
-0.0401878
-0.0286280
-0.0110902
0.0068355
0.0212006
0.0328843
0.0430579
0.0519961
0.0620962
0.0759822
0.0918839
0.1058469
0.1171827
0.1273597
0.1363612
0.1450429
0.1575075
0.1755111
0.1938337
0.2066877
0.2156091
0.2263157
0.2414195
0.2604596
0.2824724
0.3036102
0.3165795
0.3175993
0.3109283
0.3032114
0.2968082
0.2906020
0.2824642
0.2688500
0.2473066
0.2215231
0.1986547
0.1799169
0.1590780
0.1314987
0.0993976
0.0676805
0.0402612
0.0204845
0.0085864
-0.0019111
-0.0189711
-0.0421048
-0.0626791
-0.0744299
-0.0793362
-0.0838622
-0.0935955
-0.1098109
-0.1268063
-0.1349401
-0.1310645
-0.1235571
-0.1226521
-0.1288685
-0.1353220
-0.1375615
-0.1360070
-0.1323588
-0.1291087
-0.1297862
-0.1347265
-0.1386308
-0.1358267
-0.1259374
-0.1128198
-0.1015859
-0.0977130
-0.1036621
-0.1141884
-0.1201749
-0.1193227
-0.1181743
-0.1220282
-0.1283390
-0.1318744
-0.1310015
-0.1270082
-0.1222128
-0.1204456
-0.1248681
-0.1337676
-0.1418924
-0.1462032
-0.1474887
-0.1480196
-0.1512989
-0.1611704
-0.1758127
-0.1852916
-0.1815071
-0.1693209
-0.1621739
-0.1675145
-0.1809321
-0.1928678
-0.1965597
-0.1912298
-0.1820643
-0.1761091
-0.1752533
-0.1748099
-0.1704234
-0.1629093
-0.1547891
-0.1469312
-0.1410524
-0.1403310
-0.1442711
-0.1476159
-0.1476327
-0.1482739
-0.1541347
-0.1641071
-0.1735121
-0.1790561
-0.1800591
-0.1784574
-0.1787939
-0.1845378
-0.1936084
-0.2008221
-0.2044599
-0.2067868
-0.2093181
-0.2120962
-0.2162315
-0.2219197
-0.2250281
-0.2211470
-0.2125731
-0.2063401
-0.2056208
-0.2071344
-0.2061793
-0.2004879
-0.1904528
-0.1791733
-0.1708210
-0.1658204
-0.1594552
-0.1478432
-0.1328602
-0.1188254
-0.1073151
-0.0973750
-0.0872051
-0.0733431
-0.0518383
-0.0216201
0.0188005
0.0807734
0.1855400
0.3485663
0.5642854
0.8068543
1.0411504
1.2295339
1.3317365
1.3065604
1.1243494
0.7911360
0.3689544
-0.0350983
-0.3192279
-0.4422862
-0.4365449
-0.3708051
-0.3024036
-0.2553260
-0.2276116
-0.2096122
-0.1965223
-0.1888168
-0.1855984
-0.1825361
-0.1777269
-0.1748052
-0.1766252
-0.1797013
-0.1791598
-0.1759482
-0.1745627
-0.1760863
-0.1776796
-0.1769482
-0.1732506
-0.1667157
-0.1591779
-0.1542140
-0.1535004
-0.1545769
-0.1537577
-0.1495308
-0.1427952
-0.1366000
-0.1354401
-0.1406436
-0.1462266
-0.1441489
-0.1346495
-0.1266704
-0.1266806
-0.1313415
-0.1325484
-0.1257257
-0.1118184
-0.0947737
-0.0787232
-0.0653337
-0.0531346
-0.0406147
-0.0286266
-0.0178884
-0.0067533
0.0053953
0.0153966
0.0212488
0.0275958
0.0415364
0.0639160
0.0885348
0.1091458
0.1243982
0.1372885
0.1523541
0.1718337
0.1924790
0.2082170
0.2178296
0.2274261
0.2433037
0.2648241
0.2858980
0.3006696
0.3063773
0.3039187
0.2973450
0.2899981
0.2800162
0.2626670
0.2378844
0.2120909
0.1916034
0.1772277
0.1656243
0.1525565
0.1346179
0.1116209
0.0880559
0.0689919
0.0539462
0.0374288
0.0156345
-0.0095384
-0.0322884
-0.0465850
-0.0499197
-0.0465055
-0.0452275
-0.0512681
-0.0609368
-0.0671538
-0.0680282
-0.0674142
-0.0694283
-0.0755627
-0.0850104
-0.0944733
-0.0992781
-0.0977826
-0.0937508
-0.0924468
-0.0955797
-0.1011138
-0.1060166
-0.1082364
-0.1082708
-0.1094425
-0.1140313
-0.1188875
-0.1181551
-0.1107508
-0.1016220
-0.0951677
-0.0912794
-0.0886104
-0.0876367
-0.0888779
-0.0912807
-0.0939497
-0.0972177
-0.1010283
-0.1039586
-0.1041497
-0.1002065
-0.0924051
-0.0844687
-0.0817738
-0.0850233
-0.0878707
-0.0842394
-0.0764027
-0.0723912
-0.0765339
-0.0855627
-0.0930355
-0.0950734
-0.0928720
-0.0917070
-0.0961710
-0.1047250
-0.1107055
-0.1101939
-0.1066666
-0.1062003
-0.1103287
-0.1153371
-0.1165879
-0.1122120
-0.1046126
-0.0993772
-0.1006033
-0.1065646
-0.1119975
-0.1146011
-0.1165851
-0.1200601
-0.1243462
-0.1281190
-0.1307812
-0.1311405
-0.1280060
-0.1230135
-0.1201957
-0.1218318
-0.1264677
-0.1310971
-0.1337085
-0.1342473
-0.1346482
-0.1368555
-0.1393443
-0.1375502
-0.1298512
-0.1209320
-0.1164553
-0.1162061
-0.1153415
-0.1108444
-0.1038975
-0.0970945
-0.0919436
-0.0883990
-0.0849818
-0.0800649
-0.0740604
-0.0691468
-0.0662996
-0.0643382
-0.0622105
-0.0599768
-0.0573559
-0.0540131
-0.0514467
-0.0513570
-0.0518168
-0.0488793
-0.0430536
-0.0401819
-0.0434926
-0.0475736
-0.0430767
-0.0261437
-0.0002570
0.0329716
0.0850258
0.1799192
0.3368328
0.5495527
0.7844274
0.9994791
1.1610003
1.2390034
1.1965665
1.0021498
0.6644599
0.2541729
-0.1180855
-0.3580594
-0.4368718
-0.3961833
-0.3090671
-0.2316085
-0.1824785
-0.1554584
-0.1400587
-0.1297066
-0.1205725
-0.1115414
-0.1047531
-0.1019543
-0.1004229
-0.0949520
-0.0837901
-0.0712410
-0.0642566
-0.0661921
-0.0729025
-0.0756679
-0.0698816
-0.0603333
-0.0556690
-0.0582020
-0.0619318
-0.0604034
-0.0536175
-0.0468716
-0.0452449
-0.0496035
-0.0560320
-0.0589596
-0.0563455
-0.0515847
-0.0491861
-0.0495990
-0.0496461
-0.0465138
-0.0395502
-0.0299533
-0.0210682
-0.0173170
-0.0197085
-0.0228826
-0.0192414
-0.0065165
0.0098221
0.0217532
0.0263713
0.0294248
0.0408317
0.0645316
0.0927682
0.1131426
0.1218834
0.1273213
0.1394191
0.1589961
0.1789478
0.1934089
0.2033862
0.2147903
0.2327836
0.2574138
0.2836298
0.3055646
0.3207382
0.3301831
0.3361820
0.3411325
0.3465659
0.3507566
0.3488145
0.3382560
0.3237435
0.3131033
0.3084363
0.3035282
0.2903575
0.2665914
0.2369441
0.2088511
0.1867174
0.1690158
0.1507066
0.1285661
0.1034885
0.0781959
0.0551100
0.0367823
0.0251750
0.0185475
0.0113767
-0.0001892
-0.0139258
-0.0243385
-0.0290749
-0.0312582
-0.0359012
-0.0445136
-0.0528339
-0.0544546
-0.0480682
-0.0404400
-0.0400580
-0.0480772
-0.0577617
-0.0626491
-0.0625726
-0.0612324
-0.0605633
-0.0590297
-0.0542246
-0.0460309
-0.0374009
-0.0318913
-0.0302391
-0.0303435
-0.0309874
-0.0336151
-0.0391024
-0.0449604
-0.0482420
-0.0499217
-0.0536623
-0.0605510
-0.0672132
-0.0693828
-0.0662650
-0.0615483
-0.0606800
-0.0663660
-0.0760096
-0.0841580
-0.0876639
-0.0876253
-0.0868317
-0.0873846
-0.0907325
-0.0971524
-0.1040056
-0.1068905
-0.1044857
-0.1011444
-0.1031006
-0.1121178
-0.1229983
-0.1269905
-0.1185770
-0.1006489
-0.0828476
-0.0731770
-0.0710588
-0.0695545
-0.0637306
-0.0554061
-0.0505327
-0.0539119
-0.0659693
-0.0823103
-0.0959482
-0.1017086
-0.0996700
-0.0944299
-0.0912033
-0.0921897
-0.0951223
-0.0949020
-0.0885612
-0.0797626
-0.0765432
-0.0828022
-0.0931674
-0.0980265
-0.0930917
-0.0829297
-0.0758685
-0.0764694
-0.0821698
-0.0859762
-0.0823518
-0.0707892
-0.0537080
-0.0315806
-0.0006897
0.0459190
0.1174941
0.2244797
0.3742675
0.5651411
0.7832223
1.0024690
1.1836598
1.2746108
1.2216426
0.9962666
0.6236938
0.1893811
-0.1905921
-0.4239300
-0.4869826
-0.4276890
-0.3255185
-0.2415506
-0.1950918
-0.1744046
-0.1611564
-0.1463149
-0.1313713
-0.1216595
-0.1202204
-0.1260181
-0.1352989
-0.1434288
-0.1468789
-0.1459394
-0.1454571
-0.1501571
-0.1579199
-0.1596743
-0.1479357
-0.1249009
-0.1010465
-0.0861614
-0.0820602
-0.0828610
-0.0812581
-0.0748898
-0.0674252
-0.0639258
-0.0657179
-0.0698308
-0.0719282
-0.0684921
-0.0576547
-0.0407036
-0.0230141
-0.0111836
-0.0078769
-0.0100011
-0.0121628
-0.0112988
-0.0080893
-0.0048087
-0.0020822
0.0024728
0.0120725
0.0269987
0.0436962
0.0580595
0.0688788
0.0777982
0.0872415
0.0991992
0.1146145
0.1323585
0.1493880
0.1633649
0.1753061
0.1891145
0.2083867
0.2332957
0.2596760
0.2812682
0.2943855
0.3012521
0.3080098
0.3187499
0.3317982
0.3419011
0.3454137
0.3432727
0.3394472
0.3363206
0.3310429
0.3170997
0.2907900
0.2559994
0.2212997
0.1921801
0.1670573
0.1408624
0.1114034
0.0818551
0.0577430
0.0418945
0.0321362
0.0237861
0.0140644
0.0034439
-0.0068445
-0.0166958
-0.0256616
-0.0314742
-0.0323486
-0.0306005
-0.0320530
-0.0406660
-0.0538685
-0.0637911
-0.0639888
-0.0558140
-0.0479443
-0.0484681
-0.0570363
-0.0655603
-0.0668705
-0.0618862
-0.0580377
-0.0615329
-0.0716222
-0.0817833
-0.0860479
-0.0844748
-0.0826039
-0.0854857
-0.0927667
-0.1001405
-0.1047208
-0.1074970
-0.1107110
-0.1146232
-0.1177736
-0.1194168
-0.1203139
-0.1208296
-0.1190470
-0.1120721
-0.1000843
-0.0883975
-0.0836587
-0.0872830
-0.0939303
-0.0975129
-0.0976944
-0.0991018
-0.1047970
-0.1123311
-0.1166569
-0.1157277
-0.1122622
-0.1103132
-0.1111452
-0.1131896
-0.1154788
-0.1193774
-0.1259135
-0.1328056
-0.1364606
-0.1369699
-0.1387652
-0.1448854
-0.1519572
-0.1529564
-0.1452256
-0.1344851
-0.1298482
-0.1347975
-0.1436256
-0.1472047
-0.1419851
-0.1326548
-0.1262226
-0.1249634
-0.1259027
-0.1257048
-0.1239256
-0.1214483
-0.1177650
-0.1113866
-0.1026798
-0.0950524
-0.0923263
-0.0947434
-0.0982652
-0.0987380
-0.0966868
-0.0969302
-0.1029774
-0.1127203
-0.1206105
-0.1237147
-0.1246626
-0.1285252
-0.1374619
-0.1487399
-0.1575318
-0.1609620
-0.1592921
-0.1540654
-0.1465301
-0.1382241
-0.1314842
-0.1274364
-0.1236385
-0.1157063
-0.1024370
-0.0883484
-0.0796803
-0.0778626
-0.0780675
-0.0748045
-0.0681836
-0.0634029
-0.0638678
-0.0661973
-0.0634873
-0.0530879
-0.0392749
-0.0276066
-0.0183938
-0.0071662
0.0103675
0.0378573
0.0842077
0.1664225
0.3007917
0.4874677
0.7032761
0.9102070
1.0702434
1.1517455
1.1264269
0.9718646
0.6897750
0.3268647
-0.0288289
-0.2861661
-0.3998071
-0.3911205
-0.3244691
-0.2601241
-0.2220897
-0.2010397
-0.1799432
-0.1545072
-0.1331008
-0.1237631
-0.1252742
-0.1298243
-0.1311557
-0.1288449
-0.1262538
-0.1263099
-0.1293640
-0.1336512
-0.1366723
-0.1364181
-0.1324107
-0.1263229
-0.1213651
-0.1202522
-0.1230144
-0.1264579
-0.1260252
-0.1191167
-0.1076702
-0.0975795
-0.0941983
-0.0968090
-0.0975573
-0.0876980
-0.0666211
-0.0444892
-0.0342231
-0.0396427
-0.0518516
-0.0581760
-0.0545153
-0.0479491
-0.0471954
-0.0520714
-0.0537593
-0.0448274
-0.0270810
-0.0088899
0.0036875
0.0115127
0.0189333
0.0283969
0.0399210
0.0542250
0.0732185
0.0962453
0.1179851
0.1329053
0.1420813
0.1535020
0.1741120
0.2022911
0.2295800
0.2496862
0.2644471
0.2804387
0.3008669
0.3220965
0.3379118
0.3457080
0.3477804
0.3477327
0.3472853
0.3463321
0.3438962
0.3376223
0.3237014
0.2997966
0.2686505
0.2371178
0.2100151
0.1851841
0.1560661
0.1199324
0.0828545
0.0551547
0.0413555
0.0353187
0.0261577
0.0087092
-0.0125709
-0.0296783
-0.0395644
-0.0461279
-0.0550716
-0.0682146
-0.0826783
-0.0942360
-0.1005168
-0.1014239
-0.0979304
-0.0917165
-0.0857585
-0.0836564
-0.0870553
-0.0940169
-0.1010150
-0.1067544
-0.1133665
-0.1235808
-0.1371294
-0.1501992
-0.1583337
-0.1600156
-0.1578055
-0.1561054
-0.1575969
-0.1615151
-0.1648788
-0.1650419
-0.1616531
-0.1574232
-0.1571927
-0.1646400
-0.1782173
-0.1904474
-0.1927130
-0.1820184
-0.1635569
-0.1466077
-0.1373610
-0.1349468
-0.1340408
-0.1311943
-0.1281313
-0.1284968
-0.1322668
-0.1348928
-0.1322141
-0.1250324
-0.1181894
-0.1159143
-0.1188244
-0.1248989
-0.1320644
-0.1391331
-0.1448430
-0.1476905
-0.1480821
-0.1498904
-0.1573568
-0.1692574
-0.1780448
-0.1772543
-0.1694672
-0.1646550
-0.1697795
-0.1813915
-0.1897489
-0.1897812
-0.1867328
-0.1903948
-0.2042509
-0.2212421
-0.2304258
-0.2268194
-0.2141374
-0.1995358
-0.1880544
-0.1816704
-0.1802149
-0.1810009
-0.1793946
-0.1728062
-0.1644661
-0.1611944
-0.1659636
-0.1732165
-0.1731685
-0.1618080
-0.1460886
-0.1376349
-0.1408101
-0.1484562
-0.1504441
-0.1448345
-0.1384718
-0.1374633
-0.1401646
-0.1406085
-0.1366513
-0.1324502
-0.1330608
-0.1382640
-0.1428103
-0.1423445
-0.1375805
-0.1317056
-0.1250034
-0.1144292
-0.0981637
-0.0766181
-0.0456792
0.0095385
0.1095881
0.2657519
0.4686883
0.6910565
0.9004755
1.0693774
1.1728614
1.1810026
1.0625362
0.8076053
0.4534312
0.0844404
-0.2039469
-0.3554404
-0.3792313
-0.3331558
-0.2790334
-0.2462346
-0.2290249
-0.2114345
-0.1902587
-0.1748454
-0.1710047
-0.1720836
-0.1670446
-0.1534199
-0.1394228
-0.1344076
-0.1394749
-0.1476482
-0.1517902
-0.1510425
-0.1495872
-0.1507305
-0.1538467
-0.1564429
-0.1567172
-0.1534761
-0.1460704
-0.1363049
-0.1287640
-0.1268056
-0.1285302
-0.1284819
-0.1235146
-0.1159289
-0.1105643
-0.1092418
-0.1082422
-0.1015846
-0.0873902
-0.0706773
-0.0587161
-0.0535358
-0.0500861
-0.0419098
-0.0276017
-0.0116629
-0.0001038
0.0047987
0.0066028
0.0117001
0.0231262
0.0373076
0.0479427
0.0529687
0.0566432
0.0649411
0.0799116
0.0982077
0.1140332
0.1239897
0.1304965
0.1404906
0.1595507
0.1867299
0.2151278
0.2371230
0.2493568
0.2543590
0.2583443
0.2662033
0.2773934
0.2873536
0.2934847
0.2984044
0.3061786
0.3163493
0.3230536
0.3199852
0.3060659
0.2868663
0.2702122
0.2589752
0.2479950
0.2295925
0.2024868
0.1737752
0.1515070
0.1365094
0.1221101
0.1010690
0.0726276
0.0436277
0.0226086
0.0118398
0.0053847
-0.0040950
-0.0172874
-0.0282043
-0.0314839
-0.0280972
-0.0240152
-0.0245604
-0.0300567
-0.0363065
-0.0396973
-0.0419499
-0.0481895
-0.0593798
-0.0687677
-0.0682646
-0.0576787
-0.0454943
-0.0402359
-0.0419925
-0.0424821
-0.0332650
-0.0144949
0.0044078
0.0138061
0.0136170
0.0127753
0.0190540
0.0312266
0.0415298
0.0437224
0.0377855
0.0283993
0.0201004
0.0133548
0.0051087
-0.0062685
-0.0174557
-0.0233340
-0.0232743
-0.0222129
-0.0252213
-0.0325889
-0.0404658
-0.0450780
-0.0462999
-0.0480606
-0.0547275
-0.0659074
-0.0755300
-0.0775891
-0.0725181
-0.0669127
-0.0674737
-0.0757166
-0.0872013
-0.0948287
-0.0942843
-0.0876673
-0.0808113
-0.0761856
-0.0699765
-0.0573451
-0.0389795
-0.0208966
-0.0087542
-0.0034331
-0.0012266
0.0024344
0.0084610
0.0128145
0.0108495
0.0030895
-0.0048288
-0.0081528
-0.0073826
-0.0065844
-0.0091297
-0.0153233
-0.0225057
-0.0270717
-0.0276170
-0.0261435
-0.0252395
-0.0247755
-0.0226060
-0.0174097
-0.0092148
0.0015036
0.0130925
0.0224539
0.0282739
0.0337702
0.0435553
0.0586421
0.0786115
0.1105186
0.1731295
0.2881248
0.4636086
0.6846718
0.9207613
1.1422682
1.3259816
1.4410675
1.4371448
1.2645631
0.9222088
0.4869025
0.0854986
-0.1756608
-0.2678520
-0.2406363
-0.1728784
-0.1186946
-0.0887264
-0.0699014
-0.0533838
-0.0423158
-0.0408303
-0.0453544
-0.0485740
-0.0473014
-0.0440276
-0.0428678
-0.0454090
-0.0493643
-0.0509026
-0.0492004
-0.0480814
-0.0517510
-0.0596389
-0.0668479
-0.0686507
-0.0632339
-0.0519318
-0.0392599
-0.0314250
-0.0317743
-0.0374373
-0.0418594
-0.0404978
-0.0334969
-0.0239059
-0.0140656
-0.0027510
0.0140958
0.0378489
0.0625526
0.0789779
0.0844532
0.0858475
0.0912967
0.1013954
0.1101101
0.1122441
0.1084438
0.1045743
0.1074653
0.1197742
0.1377320
0.1544975
0.1659258
0.1727300
0.1783789
0.1864579
0.1985560
0.2123794
0.2232402
0.2300276
0.2383642
0.2546104
0.2773685
0.2980226
0.3096812
0.3133544
0.3156803
0.3225858
0.3346157
0.3465314
0.3518938
0.3494529
0.3444491
0.3428384
0.3453909
0.3479093
0.3453270
0.3350658
0.3189044
0.3024735
0.2902071
0.2796213
0.2633930
0.2385445
0.2108472
0.1883690
0.1729016
0.1594156
0.1421626
0.1199416
0.0967061
0.0777524
0.0642499
0.0517315
0.0354040
0.0161634
-0.0005176
-0.0105245
-0.0136949
-0.0121806
-0.0095387
-0.0103441
-0.0169096
-0.0263315
-0.0336429
-0.0379142
-0.0429731
-0.0523476
-0.0653486
-0.0775807
-0.0839456
-0.0824641
-0.0767439
-0.0732569
-0.0747152
-0.0777174
-0.0779895
-0.0756188
-0.0737088
-0.0743703
-0.0776819
-0.0821622
-0.0845935
-0.0818113
-0.0745545
-0.0677877
-0.0660844
-0.0704289
-0.0796949
-0.0922925
-0.1055308
-0.1162872
-0.1236664
-0.1290733
-0.1332309
-0.1352340
-0.1346821
-0.1326719
-0.1308572
-0.1312690
-0.1357968
-0.1432966
-0.1487343
-0.1485953
-0.1462334
-0.1484519
-0.1571826
-0.1673439
-0.1724204
-0.1698628
-0.1619803
-0.1538387
-0.1492621
-0.1469369
-0.1417448
-0.1315615
-0.1209235
-0.1163378
-0.1200143
-0.1296622
-0.1418231
-0.1534660
-0.1627495
-0.1702891
-0.1778946
-0.1849777
-0.1885157
-0.1873774
-0.1840041
-0.1811195
-0.1796715
-0.1804282
-0.1839841
-0.1881224
-0.1885849
-0.1840508
-0.1780860
-0.1754068
-0.1781401
-0.1854526
-0.1942839
-0.2007661
-0.2035336
-0.2053093
-0.2091583
-0.2143762
-0.2183163
-0.2203242
-0.2209176
-0.2190768
-0.2137573
-0.2063839
-0.1984739
-0.1884519
-0.1743200
-0.1582282
-0.1451941
-0.1381444
-0.1365038
-0.1382875
-0.1412368
-0.1428758
-0.1410670
-0.1338257
-0.1185852
-0.0931994
-0.0560024
-0.0005581
0.0886062
0.2279522
0.4190396
0.6430171
0.8698419
1.0655394
1.1878874
1.1855514
1.0183901
0.6913801
0.2731957
-0.1239086
-0.3981822
-0.5111845
-0.4982874
-0.4296001
-0.3591716
-0.3056130
-0.2672494
-0.2419402
-0.2311890
-0.2341870
-0.2440848
-0.2501837
-0.2443244
-0.2270191
-0.2064504
-0.1898322
-0.1774099
-0.1662588
-0.1567642
-0.1524376
-0.1555366
-0.1651922
-0.1776828
-0.1870178
-0.1884157
-0.1832797
-0.1779152
-0.1758089
-0.1743630
-0.1703615
-0.1645487
-0.1589744
-0.1537446
-0.1486038
-0.1444896
-0.1416120
-0.1386328
-0.1348790
-0.1309683
-0.1270727
-0.1232054
-0.1205684
-0.1193137
-0.1159444
-0.1069191
-0.0942116
-0.0833971
-0.0767128
-0.0714085
-0.0639933
-0.0528927
-0.0385184
-0.0241806
-0.0149122
-0.0113332
-0.0062439
0.0087995
0.0345328
0.0642181
0.0908088
0.1112871
0.1264304
0.1393701
0.1526122
0.1646154
0.1718096
0.1752655
0.1816739
0.1957553
0.2150925
0.2339302
0.2482033
0.2555271
0.2549328
0.2489373
0.2420498
0.2351880
0.2247964
0.2087014
0.1895149
0.1713783
0.1563161
0.1437022
0.1300519
0.1102262
0.0829185
0.0541865
0.0314095
0.0146239
-0.0020700
-0.0217038
-0.0412971
-0.0563281
-0.0643757
-0.0658072
-0.0648159
-0.0682094
-0.0792540
-0.0938903
-0.1057636
-0.1128520
-0.1167687
-0.1188868
-0.1202994
-0.1222921
-0.1235164
-0.1197450
-0.1095466
-0.0975184
-0.0896239
-0.0881409
-0.0923385
-0.0999825
-0.1067255
-0.1086575
-0.1074409
-0.1087394
-0.1140331
-0.1182705
-0.1169932
-0.1116302
-0.1066728
-0.1055041
-0.1093406
-0.1161124
-0.1203833
-0.1187229
-0.1150478
-0.1165079
-0.1245510
-0.1338812
-0.1390597
-0.1382816
-0.1326463
-0.1262423
-0.1250739
-0.1312592
-0.1397839
-0.1447133
-0.1462973
-0.1483715
-0.1518892
-0.1551536
-0.1573657
-0.1577117
-0.1537432
-0.1446250
-0.1336153
-0.1243808
-0.1175197
-0.1127545
-0.1110765
-0.1129138
-0.1179203
-0.1275602
-0.1430461
-0.1597104
-0.1692855
-0.1699033
-0.1687765
-0.1731022
-0.1828377
-0.1933996
-0.2005349
-0.2018008
-0.1983725
-0.1961186
-0.2000137
-0.2069970
-0.2088271
-0.2020490
-0.1912477
-0.1834058
-0.1828164
-0.1894419
-0.1978202
-0.1999438
-0.1938633
-0.1869268
-0.1861232
-0.1884903
-0.1858508
-0.1754899
-0.1609326
-0.1454837
-0.1303265
-0.1163034
-0.1029212
-0.0880885
-0.0724649
-0.0610641
-0.0571991
-0.0575438
-0.0553375
-0.0455459
-0.0263448
0.0002741
0.0302207
0.0667605
0.1287101
0.2403435
0.4087496
0.6152210
0.8283292
1.0164504
1.1446294
1.1698562
1.0532998
0.7866463
0.4136260
0.0266336
-0.2711210
-0.4205145
-0.4355399
-0.3797551
-0.3149380
-0.2697860
-0.2441688
-0.2276153
-0.2122865
-0.1976667
-0.1876960
-0.1828721
-0.1775532
-0.1670460
-0.1529017
-0.1381080
-0.1226021
-0.1078167
-0.0997439
-0.1017027
-0.1083506
-0.1118286
-0.1102474
-0.1067691
-0.1048658
-0.1075340
-0.1161886
-0.1272426
-0.1342621
-0.1354658
-0.1344415
-0.1328793
-0.1285860
-0.1212132
-0.1133813
-0.1055532
-0.0963718
-0.0880911
-0.0844426
-0.0829483
-0.0768735
-0.0656125
-0.0563231
-0.0541875
-0.0563024
-0.0552400
-0.0446699
-0.0237351
-0.0004737
0.0126527
0.0123149
0.0099760
0.0186442
0.0382272
0.0597747
0.0793820
0.1010078
0.1291260
0.1645160
0.2039634
0.2396089
0.2630014
0.2741821
0.2822979
0.2938705
0.3058644
0.3133008
0.3172435
0.3216152
0.3280352
0.3367735
0.3469507
0.3537180
0.3514979
0.3415977
0.3303605
0.3192908
0.3040392
0.2831931
0.2603317
0.2372473
0.2128856
0.1888819
0.1682599
0.1486825
0.1244811
0.0953075
0.0663198
0.0408169
0.0185738
-0.0006554
-0.0175954
-0.0341444
-0.0481694
-0.0522834
-0.0440764
-0.0326290
-0.0282709
-0.0306712
-0.0331438
-0.0332739
-0.0329954
-0.0335634
-0.0365380
-0.0446718
-0.0566323
-0.0659808
-0.0694629
-0.0707801
-0.0733899
-0.0763489
-0.0795947
-0.0854189
-0.0920564
-0.0938722
-0.0905050
-0.0880170
-0.0889716
-0.0891892
-0.0858051
-0.0808665
-0.0761934
-0.0721185
-0.0709599
-0.0741188
-0.0771608
-0.0759135
-0.0752833
-0.0830987
-0.0971585
-0.1071540
-0.1075928
-0.1010503
-0.0915250
-0.0822723
-0.0768060
-0.0746358
-0.0697482
-0.0597581
-0.0515812
-0.0517296
-0.0568098
-0.0598953
-0.0599877
-0.0592035
-0.0575124
-0.0561332
-0.0591012
-0.0661506
-0.0712274
-0.0723542
-0.0749843
-0.0818609
-0.0884178
-0.0919921
-0.0965143
-0.1042659
-0.1114448
-0.1148365
-0.1149833
-0.1116795
-0.1050358
-0.1010237
-0.1061727
-0.1165778
-0.1215902
-0.1179227
-0.1111762
-0.1055241
-0.1016316
-0.1020382
-0.1080616
-0.1136397
-0.1120074
-0.1057634
-0.1014451
-0.0980582
-0.0898988
-0.0765490
-0.0620422
-0.0490698
-0.0407613
-0.0412097
-0.0472629
-0.0480779
-0.0403579
-0.0352659
-0.0423012
-0.0549269
-0.0599740
-0.0532384
-0.0390523
-0.0224400
-0.0071332
0.0071302
0.0301146
0.0761832
0.1517048
0.2555774
0.3905376
0.5600941
0.7523249
0.9388030
1.0899081
1.1782647
1.1691381
1.0285987
0.7538587
0.3918569
0.0259371
-0.2566486
-0.4009840
-0.4116527
-0.3468688
-0.2732943
-0.2223725
-0.1901318
-0.1649587
-0.1415626
-0.1176623
-0.0947438
-0.0799132
-0.0761753
-0.0753102
-0.0688189
-0.0591553
-0.0527345
-0.0507250
-0.0538036
-0.0651315
-0.0808660
-0.0891760
-0.0866960
-0.0848088
-0.0924793
-0.1041865
-0.1109527
-0.1116330
-0.1082586
-0.1023021
-0.0994841
-0.1058182
-0.1161283
-0.1190970
-0.1146082
-0.1123364
-0.1134392
-0.1089874
-0.0966946
-0.0840698
-0.0749408
-0.0667887
-0.0598512
-0.0551882
-0.0467830
-0.0292360
-0.0091718
0.0040811
0.0133825
0.0266249
0.0424582
0.0563965
0.0722385
0.0935371
0.1128065
0.1228736
0.1299391
0.1429802
0.1598188
0.1746361
0.1886282
0.2037612
0.2180534
0.2350118
0.2634075
0.2998874
0.3274846
0.3392721
0.3475828
0.3626957
0.3787737
0.3872735
0.3879010
0.3811593
0.3662691
0.3495445
0.3380395
0.3238222
0.2925585
0.2476855
0.2074125
0.1787396
0.1533919
0.1274786
0.1059873
0.0901048
0.0776971
0.0718558
0.0722965
0.0659684
0.0438478
0.0179143
0.0037438
-0.0030192
-0.0151293
-0.0311797
-0.0428773
-0.0520804
-0.0627463
-0.0688023
-0.0664053
-0.0648208
-0.0709521
-0.0778954
-0.0805294
-0.0848931
-0.0916808
-0.0906411
-0.0815373
-0.0789781
-0.0867606
-0.0900104
-0.0815887
-0.0731446
-0.0725030
-0.0736803
-0.0749399
-0.0823547
-0.0915058
-0.0906490
-0.0843446
-0.0887900
-0.1034548
-0.1125527
-0.1123959
-0.1118147
-0.1103921
-0.1023877
-0.0949323
-0.0957662
-0.0927182
-0.0726841
-0.0493534
-0.0443376
-0.0535100
-0.0587950
-0.0584008
-0.0594193
-0.0578258
-0.0513539
-0.0531673
-0.0686100
-0.0795004
-0.0738110
-0.0671429
-0.0741270
-0.0851976
-0.0907780
-0.0986724
-0.1094045
-0.1068295
-0.0907149
-0.0848763
-0.0973891
-0.1077401
-0.1059402
-0.1067291
-0.1146615
-0.1150385
-0.1081411
-0.1116126
-0.1230456
-0.1218443
-0.1102072
-0.1093061
-0.1170714
-0.1147020
-0.1086428
-0.1186831
-0.1340971
-0.1308445
-0.1194687
-0.1255697
-0.1389284
-0.1328790
-0.1143710
-0.1044452
-0.0939351
-0.0690610
-0.0508017
-0.0578775
-0.0654803
-0.0508107
-0.0386532
-0.0521324
-0.0657085
-0.0567837
-0.0505087
-0.0643012
-0.0678989
-0.0468149
-0.0388880
-0.0608224
-0.0716945
-0.0538347
-0.0486162
-0.0704013
-0.0756461
-0.0561108
-0.0615761
-0.0940802
-0.0921429
-0.0531224
-0.0465982
-0.0771842
-0.0731625
-0.0355792
-0.0411479
-0.0769398
-0.0520338
0.0096601
-0.0036490
-0.0563455
-0.0007023
0.1337376
0.1805489
0.2041585
0.4596608
0.8693362
0.9458487
0.4716449
