-0.1048685
-0.0760179
-0.0651190
-0.0566778
-0.0465684
-0.0432034
-0.0466496
-0.0478658
-0.0465356
-0.0516946
-0.0643697
-0.0744647
-0.0763665
-0.0757643
-0.0793672
-0.0871214
-0.0954419
-0.1007242
-0.1001949
-0.0959490
-0.0962838
-0.1058880
-0.1166760
-0.1159709
-0.1029502
-0.0902554
-0.0894273
-0.0998287
-0.1114303
-0.1145311
-0.1079357
-0.1008249
-0.1045246
-0.1194021
-0.1327085
-0.1326623
-0.1215542
-0.1112824
-0.1090563
-0.1118863
-0.1132102
-0.1107754
-0.1083275
-0.1116048
-0.1220223
-0.1338539
-0.1396411
-0.1384488
-0.1356173
-0.1340905
-0.1302995
-0.1204202
-0.1070854
-0.0973883
-0.0962323
-0.1028667
-0.1117088
-0.1156180
-0.1108969
-0.1006879
-0.0922615
-0.0904665
-0.0947494
-0.1016618
-0.1081230
-0.1127237
-0.1160583
-0.1196106
-0.1229252
-0.1232072
-0.1197581
-0.1169990
-0.1197492
-0.1262468
-0.1293470
-0.1251142
-0.1175519
-0.1136130
-0.1148088
-0.1149561
-0.1066290
-0.0898713
-0.0731866
-0.0639571
-0.0587594
-0.0463042
-0.0194160
0.0214183
0.0792424
0.1702415
0.3145696
0.5148231
0.7446083
0.9578375
1.1069296
1.1526810
1.0645140
0.8262846
0.4571725
0.0310544
-0.3374102
-0.5477377
-0.5721375
-0.4667969
-0.3257438
-0.2189051
-0.1635428
-0.1400942
-0.1253190
-0.1115566
-0.1034537
-0.1050529
-0.1130742
-0.1200611
-0.1202611
-0.1123891
-0.0999929
-0.0903724
-0.0899285
-0.0977175
-0.1052990
-0.1057664
-0.1018711
-0.1022465
-0.1098358
-0.1171624
-0.1144955
-0.1011346
-0.0866465
-0.0804996
-0.0814910
-0.0790824
-0.0658005
-0.0464315
-0.0324086
-0.0275020
-0.0220197
-0.0023792
0.0353502
0.0824254
0.1261323
0.1599592
0.1862492
0.2108213
0.2357822
0.2575726
0.2717761
0.2789681
0.2849837
0.2957354
0.3123230
0.3305644
0.3445976
0.3520142
0.3568623
0.3667857
0.3853750
0.4076310
0.4248737
0.4344421
0.4428612
0.4583510
0.4808613
0.5005986
0.5068939
0.4983447
0.4833663
0.4701579
0.4572912
0.4362279
0.4029166
0.3641271
0.3307553
0.3065619
0.2854981
0.2594207
0.2266072
0.1926576
0.1645409
0.1447345
0.1309866
0.1208154
0.1147836
0.1145316
0.1185677
0.1217676
0.1194140
0.1109220
0.0995807
0.0894053
0.0818967
0.0745556
0.0624639
0.0427703
0.0185510
-0.0023135
-0.0130972
-0.0138725
-0.0118328
-0.0157368
-0.0286545
-0.0453324
-0.0574649
-0.0622923
-0.0651138
-0.0724089
-0.0836373
-0.0917691
-0.0919391
-0.0878688
-0.0885708
-0.0988565
-0.1136556
-0.1221942
-0.1181868
-0.1059465
-0.0962788
-0.0965854
-0.1051449
-0.1140572
-0.1164526
-0.1113804
-0.1037363
-0.1000441
-0.1026522
-0.1067838
-0.1041231
-0.0906163
-0.0707377
-0.0534220
-0.0436780
-0.0384297
-0.0307326
-0.0181999
-0.0071172
-0.0074300
-0.0229416
-0.0467640
-0.0671604
-0.0779026
-0.0827100
-0.0900699
-0.1042954
-0.1212964
-0.1325990
-0.1339195
-0.1301857
-0.1313484
-0.1423714
-0.1578719
-0.1676559
-0.1673395
-0.1625329
-0.1624241
-0.1700024
-0.1790778
-0.1807758
-0.1726441
-0.1611351
-0.1552539
-0.1584219
-0.1668756
-0.1748722
-0.1797768
-0.1820972
-0.1823497
-0.1790867
-0.1695722
-0.1519782
-0.1275406
-0.1010345
-0.0785569
-0.0640376
-0.0575715
-0.0567792
-0.0592897
-0.0640584
-0.0711367
-0.0807323
-0.0923434
-0.1044302
-0.1146751
-0.1206183
-0.1208221
-0.1164921
-0.1117712
-0.1107614
-0.1133151
-0.1149830
-0.1124343
-0.1078886
-0.1060306
-0.1064406
-0.1013238
-0.0823757
-0.0488108
-0.0058542
0.0463333
0.1209917
0.2388756
0.4113666
0.6280222
0.8583579
1.0608094
1.1867907
1.1827200
1.0060177
0.6584315
0.2114648
-0.2093979
-0.4846863
-0.5657640
-0.4946001
-0.3641632
-0.2542400
-0.1934419
-0.1678710
-0.1540209
-0.1407859
-0.1284335
-0.1185515
-0.1106373
-0.1052056
-0.1045552
-0.1089053
-0.1142287
-0.1161800
-0.1156826
-0.1184445
-0.1277858
-0.1390936
-0.1432628
-0.1358776
-0.1217613
-0.1101130
-0.1063602
-0.1091853
-0.1136828
-0.1154998
-0.1125886
-0.1053882
-0.0965065
-0.0891741
-0.0844387
-0.0795480
-0.0699478
-0.0536503
-0.0333284
-0.0131600
0.0063427
0.0287939
0.0560992
0.0834148
0.1024199
0.1104330
0.1148642
0.1271778
0.1523271
0.1844112
0.2125233
0.2307902
0.2432224
0.2592142
0.2841550
0.3140952
0.3395592
0.3548145
0.3637087
0.3764850
0.4003354
0.4322489
0.4609814
0.4767171
0.4792029
0.4761612
0.4739532
0.4709142
0.4603114
0.4386032
0.4093600
0.3793169
0.3518770
0.3249338
0.2942725
0.2582670
0.2191812
0.1804191
0.1432365
0.1066325
0.0703731
0.0376320
0.0141460
0.0040546
0.0055349
0.0101080
0.0073654
-0.0077974
-0.0317563
-0.0560692
-0.0748277
-0.0880608
-0.0987534
-0.1081389
-0.1146496
-0.1166965
-0.1154205
-0.1144626
-0.1171916
-0.1240039
-0.1319982
-0.1373072
-0.1383356
-0.1375056
-0.1399125
-0.1491111
-0.1628889
-0.1734737
-0.1737605
-0.1645046
-0.1545895
-0.1529410
-0.1601544
-0.1686816
-0.1709943
-0.1667479
-0.1619702
-0.1622972
-0.1678921
-0.1747796
-0.1800151
-0.1843101
-0.1892478
-0.1928778
-0.1895254
-0.1747845
-0.1507358
-0.1259779
-0.1099087
-0.1057979
-0.1085300
-0.1094587
-0.1045315
-0.0980339
-0.0979614
-0.1076244
-0.1222064
-0.1335704
-0.1379136
-0.1385509
-0.1416738
-0.1496989
-0.1585635
-0.1613992
-0.1552150
-0.1444305
-0.1378261
-0.1414022
-0.1534285
-0.1662475
-0.1735183
-0.1762467
-0.1812664
-0.1930453
-0.2075310
-0.2156364
-0.2131599
-0.2056842
-0.2023636
-0.2057133
-0.2092242
-0.2051796
-0.1934114
-0.1814874
-0.1769129
-0.1800241
-0.1842272
-0.1820299
-0.1705034
-0.1522942
-0.1332524
-0.1192440
-0.1133500
-0.1144633
-0.1188664
-0.1241031
-0.1308921
-0.1402668
-0.1495908
-0.1536516
-0.1506592
-0.1456606
-0.1461421
-0.1542667
-0.1648175
-0.1713532
-0.1733333
-0.1758857
-0.1827850
-0.1913631
-0.1955850
-0.1934429
-0.1896444
-0.1905639
-0.1976323
-0.2064348
-0.2116188
-0.2118272
-0.2101001
-0.2101986
-0.2125829
-0.2136783
-0.2093749
-0.1998220
-0.1905528
-0.1878809
-0.1925691
-0.1984843
-0.1983203
-0.1906839
-0.1806218
-0.1726026
-0.1640982
-0.1480803
-0.1222206
-0.0935811
-0.0723376
-0.0616568
-0.0558050
-0.0480906
-0.0381350
-0.0299167
-0.0243340
-0.0157483
0.0052028
0.0484927
0.1247731
0.2439321
0.4076516
0.6014997
0.7967553
0.9612862
1.0657055
1.0773449
0.9568163
0.6785592
0.2694304
-0.1741320
-0.5232698
-0.6905037
-0.6802083
-0.5720787
-0.4554362
-0.3745729
-0.3258020
-0.2913970
-0.2658796
-0.2524324
-0.2470799
-0.2373667
-0.2164894
-0.1917537
-0.1754878
-0.1707570
-0.1699287
-0.1660027
-0.1606137
-0.1588388
-0.1590644
-0.1521627
-0.1316191
-0.1020604
-0.0755399
-0.0598595
-0.0524225
-0.0458069
-0.0372810
-0.0309545
-0.0311881
-0.0360700
-0.0385953
-0.0337273
-0.0233330
-0.0139674
-0.0102820
-0.0110845
-0.0117955
-0.0099889
-0.0075971
-0.0075790
-0.0093273
-0.0082478
0.0000784
0.0157262
0.0345129
0.0520849
0.0678801
0.0850695
0.1065752
0.1313132
0.1547594
0.1734874
0.1890212
0.2068167
0.2309792
0.2596934
0.2861483
0.3047769
0.3169569
0.3298308
0.3486029
0.3703557
0.3867289
0.3929923
0.3930961
0.3943606
0.3976579
0.3949190
0.3778050
0.3480043
0.3166486
0.2924848
0.2723334
0.2458280
0.2096203
0.1738775
0.1521223
0.1455086
0.1401522
0.1213264
0.0886421
0.0551748
0.0320620
0.0165286
-0.0032219
-0.0325825
-0.0629012
-0.0804973
-0.0817634
-0.0770888
-0.0796138
-0.0918423
-0.1045363
-0.1079733
-0.1026250
-0.0980599
-0.1019100
-0.1109743
-0.1140938
-0.1041064
-0.0863157
-0.0739245
-0.0745512
-0.0821499
-0.0836159
-0.0733220
-0.0591892
-0.0526064
-0.0533306
-0.0476647
-0.0230329
0.0193086
0.0717896
0.1412608
0.2549024
0.4364736
0.6743673
0.9179343
1.1092475
1.2159469
1.2289458
1.1330820
0.8968792
0.5088565
0.0280881
-0.4141136
-0.6832230
-0.7287977
-0.6120426
-0.4498841
-0.3293328
-0.2662964
-0.2308793
-0.1975707
-0.1678381
-0.1544682
-0.1580592
-0.1648990
-0.1635538
-0.1564192
-0.1531819
-0.1569399
-0.1606834
-0.1568102
-0.1465611
-0.1381781
-0.1371260
-0.1403667
-0.1407174
-0.1354368
-0.1289905
-0.1271473
-0.1295211
-0.1293607
-0.1209818
-0.1062987
-0.0928169
-0.0853074
-0.0807446
-0.0723624
-0.0581603
-0.0438817
-0.0364987
-0.0350874
-0.0295463
-0.0093913
0.0264090
0.0690010
0.1086282
0.1427561
0.1749102
0.2071171
0.2359070
0.2566950
0.2707593
0.2856341
0.3073899
0.3331958
0.3532107
0.3608148
0.3603322
0.3633033
0.3766972
0.3956049
0.4083579
0.4085805
0.4011927
0.3959667
0.3957154
0.3920571
0.3735568
0.3375323
0.2927747
0.2505874
0.2144499
0.1794522
0.1408141
0.1006439
0.0652873
0.0374532
0.0132157
-0.0125862
-0.0395353
-0.0620132
-0.0762340
-0.0848467
-0.0929286
-0.1003227
-0.1005159
-0.0883681
-0.0675696
-0.0484073
-0.0380599
-0.0347697
-0.0324643
-0.0296320
-0.0312334
-0.0413335
-0.0560290
-0.0662836
-0.0679741
-0.0669496
-0.0725231
-0.0869977
-0.1037368
-0.1156070
-0.1229450
-0.1314700
-0.1436098
-0.1546765
-0.1586270
-0.1558949
-0.1534207
-0.1569559
-0.1651423
-0.1721889
-0.1750843
-0.1761869
-0.1787194
-0.1818560
-0.1818691
-0.1773677
-0.1716182
-0.1692394
-0.1715995
-0.1760715
-0.1791821
-0.1797031
-0.1788091
-0.1778108
-0.1757115
-0.1684922
-0.1511175
-0.1217890
-0.0854255
-0.0520306
-0.0292847
-0.0157207
-0.0024776
0.0173871
0.0437257
0.0769830
0.1306551
0.2302591
0.3934483
0.6093947
0.8396937
1.0391943
1.1716499
1.2039210
1.0956730
0.8155027
0.3839109
-0.1001248
-0.4924651
-0.6856957
-0.6740725
-0.5449437
-0.4069661
-0.3204842
-0.2834106
-0.2665082
-0.2513508
-0.2380616
-0.2305373
-0.2256684
-0.2174875
-0.2053995
-0.1942707
-0.1881101
-0.1864470
-0.1861952
-0.1844015
-0.1788843
-0.1686334
-0.1549458
-0.1405663
-0.1260065
-0.1079199
-0.0836432
-0.0572964
-0.0383018
-0.0315438
-0.0303751
-0.0226168
-0.0044527
0.0140126
0.0194066
0.0104494
-0.0001859
-0.0002279
0.0085394
0.0137435
0.0088112
0.0023688
0.0091456
0.0330831
0.0625341
0.0829543
0.0920445
0.1000832
0.1162068
0.1377792
0.1553424
0.1661170
0.1786897
0.2028837
0.2374225
0.2706267
0.2931195
0.3070325
0.3212743
0.3398993
0.3583280
0.3711335
0.3801022
0.3914775
0.4059989
0.4152663
0.4101041
0.3910703
0.3681388
0.3498997
0.3352500
0.3167291
0.2900891
0.2580901
0.2251744
0.1913406
0.1534461
0.1115639
0.0712089
0.0378380
0.0105270
-0.0165690
-0.0459945
-0.0720695
-0.0861104
-0.0865403
-0.0821811
-0.0843056
-0.0957845
-0.1091643
-0.1156602
-0.1149305
-0.1147188
-0.1210126
-0.1303019
-0.1332309
-0.1256917
-0.1144674
-0.1105816
-0.1177030
-0.1286702
-0.1338233
-0.1314892
-0.1290075
-0.1337864
-0.1448531
-0.1539967
-0.1543263
-0.1462688
-0.1351350
-0.1245258
-0.1137745
-0.1015529
-0.0900609
-0.0841417
-0.0863207
-0.0936390
-0.0999704
-0.1015051
-0.0999373
-0.1003937
-0.1063331
-0.1164164
-0.1262209
-0.1328332
-0.1375471
-0.1438872
-0.1530540
-0.1617651
-0.1652360
-0.1625594
-0.1586273
-0.1598896
-0.1679951
-0.1782776
-0.1850996
-0.1882441
-0.1928854
-0.2026298
-0.2132107
-0.2144684
-0.1997179
-0.1732983
-0.1480345
-0.1342795
-0.1312449
-0.1294878
-0.1215995
-0.1086297
-0.0938313
-0.0698758
-0.0148996
0.0951220
0.2680560
0.4893794
0.7326916
0.9711570
1.1723229
1.2823834
1.2289296
0.9610324
0.5042263
-0.0217758
-0.4538549
-0.6763950
-0.6831249
-0.5622364
-0.4227541
-0.3266192
-0.2756347
-0.2460778
-0.2252406
-0.2168479
-0.2232620
-0.2341181
-0.2352949
-0.2242642
-0.2116458
-0.2076553
-0.2104320
-0.2096671
-0.2000099
-0.1877673
-0.1833194
-0.1886469
-0.1945022
-0.1901968
-0.1749088
-0.1584838
-0.1515852
-0.1557984
-0.1630743
-0.1637036
-0.1541857
-0.1379015
-0.1193834
-0.0989155
-0.0730170
-0.0399938
-0.0044888
0.0242690
0.0396843
0.0437748
0.0455297
0.0524272
0.0633688
0.0707854
0.0702985
0.0675079
0.0736632
0.0939710
0.1210868
0.1415053
0.1488235
0.1502171
0.1593848
0.1832112
0.2155977
0.2441705
0.2624957
0.2755228
0.2934952
0.3210372
0.3521161
0.3751725
0.3829842
0.3779327
0.3682116
0.3591997
0.3486640
0.3304210
0.3023348
0.2698865
0.2411979
0.2187564
0.1969798
0.1685534
0.1327537
0.0966619
0.0680950
0.0483738
0.0329446
0.0184226
0.0070472
0.0030210
0.0054819
0.0072154
0.0012118
-0.0124950
-0.0277114
-0.0395227
-0.0495489
-0.0631252
-0.0819361
-0.1005573
-0.1107092
-0.1087413
-0.0990172
-0.0904851
-0.0900334
-0.0982198
-0.1101789
-0.1203381
-0.1269785
-0.1328611
-0.1412888
-0.1513345
-0.1574719
-0.1548231
-0.1449569
-0.1356992
-0.1343502
-0.1410124
-0.1490445
-0.1522150
-0.1510108
-0.1515991
-0.1588341
-0.1707360
-0.1798583
-0.1797296
-0.1699602
-0.1556723
-0.1425298
-0.1321637
-0.1217997
-0.1080631
-0.0914297
-0.0771211
-0.0711572
-0.0748205
-0.0828526
-0.0876830
-0.0861291
-0.0821539
-0.0828145
-0.0913185
-0.1041296
-0.1149084
-0.1209592
-0.1253618
-0.1327622
-0.1436064
-0.1531019
-0.1560141
-0.1522823
-0.1476390
-0.1484462
-0.1556795
-0.1639651
-0.1669035
-0.1638476
-0.1614989
-0.1681953
-0.1857699
-0.2067055
-0.2197810
-0.2193589
-0.2096659
-0.2000164
-0.1957676
-0.1940252
-0.1881665
-0.1760573
-0.1630446
-0.1565135
-0.1579321
-0.1611011
-0.1587346
-0.1505208
-0.1440132
-0.1471378
-0.1600013
-0.1745123
-0.1820743
-0.1811410
-0.1769625
-0.1746289
-0.1735762
-0.1693401
-0.1597699
-0.1482147
-0.1403301
-0.1386113
-0.1407599
-0.1429498
-0.1436731
-0.1442421
-0.1465395
-0.1510988
-0.1568169
-0.1613233
-0.1615538
-0.1553709
-0.1436869
-0.1301409
-0.1169417
-0.1008721
-0.0752660
-0.0371126
0.0098526
0.0628709
0.1318054
0.2387416
0.3997614
0.6044639
0.8154885
0.9900465
1.0996652
1.1261547
1.0435733
0.8198327
0.4526581
0.0082949
-0.3874243
-0.6165587
-0.6443696
-0.5357610
-0.3981086
-0.3035531
-0.2574057
-0.2279507
-0.1945816
-0.1649843
-0.1551271
-0.1647012
-0.1764418
-0.1749158
-0.1604609
-0.1449023
-0.1378066
-0.1389561
-0.1417647
-0.1406366
-0.1347664
-0.1272118
-0.1218052
-0.1200514
-0.1196914
-0.1166752
-0.1098352
-0.1035270
-0.1039750
-0.1119725
-0.1203318
-0.1204636
-0.1117134
-0.1025434
-0.1012032
-0.1059453
-0.1060643
-0.0929403
-0.0689542
-0.0448884
-0.0295106
-0.0228021
-0.0186004
-0.0116298
-0.0009148
0.0121037
0.0264482
0.0422383
0.0600337
0.0805243
0.1039103
0.1284254
0.1503210
0.1674926
0.1837608
0.2075086
0.2436330
0.2868300
0.3249803
0.3506482
0.3684916
0.3898974
0.4203483
0.4532982
0.4767750
0.4846762
0.4804914
0.4709634
0.4584114
0.4402409
0.4144847
0.3836089
0.3522885
0.3226313
0.2927199
0.2596475
0.2231302
0.1859622
0.1515631
0.1215119
0.0950613
0.0703678
0.0461651
0.0229392
0.0030442
-0.0106391
-0.0171118
-0.0189898
-0.0215264
-0.0288967
-0.0406524
-0.0519194
-0.0577636
-0.0577984
-0.0562390
-0.0569504
-0.0586056
-0.0556745
-0.0450338
-0.0313391
-0.0245713
-0.0310993
-0.0471028
-0.0616723
-0.0671302
-0.0662504
-0.0688184
-0.0809164
-0.0980220
-0.1092142
-0.1082734
-0.1002234
-0.0965215
-0.1038397
-0.1179434
-0.1287602
-0.1311016
-0.1298348
-0.1343156
-0.1480686
-0.1644360
-0.1726395
-0.1681908
-0.1574800
-0.1522755
-0.1594617
-0.1753443
-0.1891713
-0.1921543
-0.1838347
-0.1705380
-0.1580014
-0.1455918
-0.1280098
-0.1029473
-0.0766558
-0.0607173
-0.0621186
-0.0763527
-0.0911021
-0.0974270
-0.0972646
-0.0995855
-0.1094745
-0.1219135
-0.1268131
-0.1196077
-0.1060033
-0.0962624
-0.0956765
-0.1011467
-0.1063357
-0.1087939
-0.1114979
-0.1181448
-0.1280155
-0.1358668
-0.1367333
-0.1308666
-0.1242096
-0.1237836
-0.1316475
-0.1426565
-0.1487228
-0.1467276
-0.1428555
-0.1479969
-0.1671194
-0.1926825
-0.2096406
-0.2082354
-0.1921555
-0.1738587
-0.1622014
-0.1555384
-0.1470542
-0.1353083
-0.1273032
-0.1302537
-0.1416068
-0.1494191
-0.1437639
-0.1271198
-0.1121518
-0.1088221
-0.1145350
-0.1178477
-0.1114019
-0.0995822
-0.0925069
-0.0936499
-0.0956825
-0.0892502
-0.0738633
-0.0576837
-0.0468554
-0.0378214
-0.0214193
0.0083930
0.0541211
0.1228587
0.2291135
0.3835489
0.5780560
0.7847867
0.9698561
1.1028258
1.1497668
1.0658182
0.8142967
0.4104316
-0.0523820
-0.4348667
-0.6311590
-0.6320776
-0.5177828
-0.3892571
-0.3016610
-0.2518726
-0.2142060
-0.1769963
-0.1466024
-0.1286692
-0.1172329
-0.1035223
-0.0886208
-0.0818842
-0.0879432
-0.0996712
-0.1056688
-0.1024410
-0.0967850
-0.0967001
-0.1022972
-0.1067314
-0.1047936
-0.0986787
-0.0948405
-0.0962855
-0.0992106
-0.0974500
-0.0895515
-0.0806736
-0.0771624
-0.0795003
-0.0812801
-0.0757374
-0.0631756
-0.0510839
-0.0462697
-0.0472406
-0.0452701
-0.0332165
-0.0125926
0.0085731
0.0242801
0.0360572
0.0501263
0.0703646
0.0949348
0.1192020
0.1405379
0.1598603
0.1796282
0.2015309
0.2257705
0.2511746
0.2754631
0.2963816
0.3135625
0.3288959
0.3441246
0.3582887
0.3688846
0.3760956
0.3844841
0.3985209
0.4161161
0.4282309
0.4265383
0.4113525
0.3907414
0.3714888
0.3521435
0.3260358
0.2904380
0.2510748
0.2170483
0.1923075
0.1729105
0.1519850
0.1262054
0.0975699
0.0703621
0.0474202
0.0286812
0.0119324
-0.0052758
-0.0232685
-0.0388897
-0.0472903
-0.0465822
-0.0409003
-0.0374572
-0.0395878
-0.0435212
-0.0433351
-0.0387496
-0.0361360
-0.0407606
-0.0492448
-0.0518154
-0.0427028
-0.0271720
-0.0170222
-0.0191589
-0.0292188
-0.0362084
-0.0323495
-0.0179802
0.0023782
0.0282338
0.0685249
0.1400606
0.2589556
0.4289423
0.6339175
0.8413074
1.0147844
1.1255602
1.1526592
1.0762642
0.8795683
0.5670964
0.1853548
-0.1801929
-0.4412287
-0.5530469
-0.5347000
-0.4474652
-0.3522800
-0.2810660
-0.2375167
-0.2140458
-0.2033788
-0.1985881
-0.1913391
-0.1763975
-0.1575094
-0.1449603
-0.1450692
-0.1531251
-0.1585032
-0.1564741
-0.1528775
-0.1558940
-0.1642927
-0.1659585
-0.1491275
-0.1146609
-0.0764672
-0.0496842
-0.0386342
-0.0359985
-0.0325072
-0.0260832
-0.0214013
-0.0220130
-0.0247900
-0.0227241
-0.0123376
0.0027103
0.0154571
0.0224625
0.0265367
0.0331337
0.0447789
0.0593548
0.0734057
0.0862931
0.1006930
0.1193584
0.1420215
0.1657425
0.1881235
0.2098351
0.2336350
0.2607344
0.2884962
0.3125985
0.3320355
0.3513736
0.3766050
0.4078694
0.4368765
0.4530163
0.4528725
0.4431910
0.4335469
0.4262757
0.4148913
0.3928883
0.3625041
0.3326176
0.3079255
0.2825523
0.2464139
0.1973270
0.1446186
0.0998282
0.0652206
0.0332352
-0.0029399
-0.0402887
-0.0688359
-0.0828072
-0.0871129
-0.0921022
-0.1030453
-0.1161098
-0.1244806
-0.1269175
-0.1290735
-0.1364627
-0.1471888
-0.1528384
-0.1472225
-0.1338459
-0.1234862
-0.1234761
-0.1298667
-0.1315666
-0.1228010
-0.1104530
-0.1076164
-0.1196876
-0.1380297
-0.1483563
-0.1447759
-0.1341784
-0.1267559
-0.1242333
-0.1194349
-0.1069415
-0.0915605
-0.0844273
-0.0913342
-0.1065860
-0.1189270
-0.1227054
-0.1225155
-0.1272934
-0.1408288
-0.1584488
-0.1724366
-0.1798479
-0.1846925
-0.1928065
-0.2051141
-0.2162476
-0.2199117
-0.2155467
-0.2093131
-0.2080402
-0.2123563
-0.2165908
-0.2157870
-0.2118448
-0.2113786
-0.2174364
-0.2247528
-0.2245175
-0.2137400
-0.1988289
-0.1893339
-0.1887150
-0.1921116
-0.1929766
-0.1905169
-0.1895355
-0.1935377
-0.1996789
-0.2014448
-0.1957147
-0.1861375
-0.1793348
-0.1783358
-0.1801746
-0.1798013
-0.1759043
-0.1724915
-0.1746379
-0.1829136
-0.1923778
-0.1972217
-0.1961961
-0.1931247
-0.1919584
-0.1917351
-0.1872929
-0.1756236
-0.1610925
-0.1529112
-0.1563102
-0.1665170
-0.1726265
-0.1679468
-0.1560826
-0.1465174
-0.1448110
-0.1479537
-0.1491778
-0.1460904
-0.1429803
-0.1452763
-0.1527958
-0.1590284
-0.1565997
-0.1430979
-0.1225493
-0.1026308
-0.0901178
-0.0867128
-0.0875633
-0.0847856
-0.0746296
-0.0615638
-0.0534974
-0.0518937
-0.0483284
-0.0332036
-0.0068672
0.0225904
0.0558465
0.1136837
0.2246422
0.3970785
0.6054745
0.8073155
0.9701201
1.0744623
1.0906443
0.9677133
0.6680895
0.2260235
-0.2344840
-0.5596059
-0.6639378
-0.5824727
-0.4308091
-0.3131216
-0.2604189
-0.2421732
-0.2208637
-0.1888761
-0.1615132
-0.1498094
-0.1484666
-0.1464541
-0.1409836
-0.1378572
-0.1415408
-0.1490753
-0.1537493
-0.1518350
-0.1443582
-0.1341739
-0.1237812
-0.1157716
-0.1127959
-0.1151930
-0.1193061
-0.1200004
-0.1156400
-0.1098129
-0.1071162
-0.1072366
-0.1042408
-0.0926537
-0.0739654
-0.0559470
-0.0450075
-0.0401649
-0.0356084
-0.0285279
-0.0223905
-0.0214958
-0.0235578
-0.0197065
-0.0024698
0.0271596
0.0613432
0.0934545
0.1234310
0.1552243
0.1905161
0.2262469
0.2577756
0.2829398
0.3028303
0.3201464
0.3378332
0.3581733
0.3812393
0.4039192
0.4219454
0.4340823
0.4439077
0.4563196
0.4719276
0.4855639
0.4910138
0.4870602
0.4782130
0.4693340
0.4601206
0.4452967
0.4198934
0.3839552
0.3424892
0.3014934
0.2638313
0.2280513
0.1908811
0.1515322
0.1141452
0.0855857
0.0698021
0.0636875
0.0586324
0.0469103
0.0274644
0.0060061
-0.0105710
-0.0202330
-0.0267454
-0.0349635
-0.0452906
-0.0525523
-0.0501453
-0.0358148
-0.0144258
0.0044856
0.0127890
0.0089686
-0.0017045
-0.0121424
-0.0191239
-0.0247489
-0.0328301
-0.0440378
-0.0545432
-0.0595328
-0.0582744
-0.0556036
-0.0579076
-0.0672611
-0.0795456
-0.0884940
-0.0916624
-0.0925760
-0.0971895
-0.1081592
-0.1222832
-0.1333903
-0.1377847
-0.1369598
-0.1352570
-0.1354164
-0.1367231
-0.1370266
-0.1357534
-0.1347034
-0.1362955
-0.1412878
-0.1479832
-0.1534452
-0.1557477
-0.1555978
-0.1560408
-0.1601257
-0.1678926
-0.1751990
-0.1763864
-0.1695530
-0.1594752
-0.1540624
-0.1567649
-0.1627853
-0.1638336
-0.1569349
-0.1480203
-0.1464573
-0.1561974
-0.1724321
-0.1866278
-0.1944080
-0.1985740
-0.2051199
-0.2169307
-0.2310409
-0.2409870
-0.2415367
-0.2323832
-0.2186932
-0.2078478
-0.2040244
-0.2049259
-0.2042687
-0.1982920
-0.1897881
-0.1851230
-0.1870935
-0.1912688
-0.1901347
-0.1810288
-0.1692934
-0.1627684
-0.1633597
-0.1651792
-0.1615194
-0.1525907
-0.1449990
-0.1438155
-0.1467898
-0.1471906
-0.1409827
-0.1291050
-0.1126928
-0.0890666
-0.0554956
-0.0157652
0.0226364
0.0625302
0.1263903
0.2446032
0.4288914
0.6572034
0.8861154
1.0752339
1.1944535
1.2094702
1.0750899
0.7636761
0.3125572
-0.1618661
-0.5155924
-0.6628396
-0.6246108
-0.4985208
-0.3804891
-0.3083443
-0.2667232
-0.2303910
-0.1953049
-0.1736328
-0.1714132
-0.1792197
-0.1831277
-0.1787066
-0.1715836
-0.1672815
-0.1645348
-0.1586301
-0.1479845
-0.1354319
-0.1245885
-0.1172370
-0.1138378
-0.1140361
-0.1153119
-0.1125367
-0.1012894
-0.0826275
-0.0636243
-0.0516183
-0.0473785
-0.0446551
-0.0371224
-0.0252718
-0.0155931
-0.0131925
-0.0163358
-0.0186001
-0.0154248
-0.0076415
0.0010995
0.0093107
0.0194585
0.0349370
0.0558099
0.0781030
0.0974971
0.1134628
0.1295341
0.1497180
0.1748421
0.2021193
0.2278787
0.2508633
0.2733121
0.2988493
0.3288957
0.3607886
0.3893442
0.4104715
0.4238218
0.4324712
0.4398800
0.4464444
0.4488621
0.4436372
0.4316897
0.4187862
0.4103478
0.4056427
0.3976365
0.3789051
0.3477307
0.3086836
0.2678536
0.2279262
0.1876499
0.1452497
0.1016484
0.0606021
0.0265707
0.0024497
-0.0121158
-0.0214440
-0.0319718
-0.0475671
-0.0658737
-0.0804316
-0.0874781
-0.0902350
-0.0954898
-0.1058344
-0.1160863
-0.1181638
-0.1096400
-0.0970280
-0.0900981
-0.0928920
-0.1006042
-0.1052349
-0.1038284
-0.1010503
-0.1041858
-0.1158532
-0.1311133
-0.1412569
-0.1407489
-0.1311295
-0.1185590
-0.1079502
-0.0998343
-0.0924677
-0.0856629
-0.0817015
-0.0829220
-0.0891628
-0.0975359
-0.1043482
-0.1075721
-0.1083450
-0.1105458
-0.1183953
-0.1332810
-0.1520371
-0.1686195
-0.1786839
-0.1832567
-0.1874173
-0.1947107
-0.2031512
-0.2073045
-0.2039944
-0.1953706
-0.1867993
-0.1826700
-0.1840030
-0.1887293
-0.1935616
-0.1963724
-0.1977945
-0.2004741
-0.2059446
-0.2118755
-0.2131442
-0.2068177
-0.1963063
-0.1893155
-0.1903014
-0.1951951
-0.1949888
-0.1849719
-0.1694792
-0.1571095
-0.1522968
-0.1523234
-0.1515867
-0.1473334
-0.1413955
-0.1378107
-0.1394834
-0.1462701
-0.1550319
-0.1614839
-0.1632657
-0.1622224
-0.1629610
-0.1675513
-0.1716610
-0.1680695
-0.1553115
-0.1409902
-0.1338551
-0.1330772
-0.1284266
-0.1118634
-0.0853193
-0.0529464
-0.0063096
0.0776854
0.2198847
0.4196623
0.6531346
0.8864406
1.0827825
1.1939559
1.1574096
0.9253368
0.5155352
0.0344558
-0.3655372
-0.5724002
-0.5757113
-0.4545567
-0.3097278
-0.2020831
-0.1405366
-0.1097106
-0.0972284
-0.0977196
-0.1044768
-0.1087768
-0.1079324
-0.1077705
-0.1138379
-0.1227338
-0.1253476
-0.1179711
-0.1073787
-0.1039179
-0.1108566
-0.1216407
-0.1271415
-0.1244130
-0.1180531
-0.1140958
-0.1139479
-0.1143037
-0.1116011
-0.1056310
-0.0994105
-0.0963727
-0.0972300
-0.0986050
-0.0948622
-0.0823885
-0.0628278
-0.0420819
-0.0256792
-0.0142644
-0.0026938
0.0163380
0.0463542
0.0835310
0.1193347
0.1477600
0.1703791
0.1940159
0.2233290
0.2558060
0.2842020
0.3040640
0.3187724
0.3365389
0.3619217
0.3907852
0.4144284
0.4283600
0.4359809
0.4437431
0.4540476
0.4635582
0.4675544
0.4648239
0.4582771
0.4514414
0.4447867
0.4353812
0.4196314
0.3959629
0.3653652
0.3305410
0.2947517
0.2600950
0.2258176
0.1892269
0.1497802
0.1120532
0.0830200
0.0654822
0.0546795
0.0422101
0.0236958
0.0026339
-0.0134923
-0.0210586
-0.0239683
-0.0291069
-0.0385732
-0.0474226
-0.0492646
-0.0432494
-0.0351908
-0.0324301
-0.0377968
-0.0477921
-0.0561238
-0.0594493
-0.0601294
-0.0632332
-0.0707580
-0.0790112
-0.0816009
-0.0748013
-0.0604838
-0.0446359
-0.0329967
-0.0273464
-0.0256040
-0.0254686
-0.0274911
-0.0340643
-0.0457473
-0.0593442
-0.0698024
-0.0740394
-0.0735159
-0.0734705
-0.0788689
-0.0900007
-0.1019471
-0.1089562
-0.1096596
-0.1081673
-0.1102809
-0.1182446
-0.1282345
-0.1329665
-0.1281418
-0.1172576
-0.1093293
-0.1107986
-0.1196956
-0.1281356
-0.1302688
-0.1274157
-0.1257503
-0.1295646
-0.1371624
-0.1435020
-0.1464772
-0.1493876
-0.1563964
-0.1664522
-0.1732091
-0.1709751
-0.1597649
-0.1446866
-0.1315471
-0.1229684
-0.1172206
-0.1100816
-0.0988945
-0.0860673
-0.0785255
-0.0825549
-0.0978951
-0.1165603
-0.1287345
-0.1316118
-0.1323875
-0.1406063
-0.1567813
-0.1704683
-0.1713906
-0.1614604
-0.1536316
-0.1586219
-0.1741660
-0.1880061
-0.1907768
-0.1851718
-0.1823359
-0.1897766
-0.2036799
-0.2133145
-0.2118317
-0.2017263
-0.1908920
-0.1855076
-0.1865669
-0.1905990
-0.1921200
-0.1866649
-0.1732894
-0.1543344
-0.1322736
-0.1071525
-0.0779457
-0.0466173
-0.0198908
-0.0050549
-0.0024446
-0.0029771
0.0042079
0.0215395
0.0444029
0.0755833
0.1346767
0.2458294
0.4129976
0.6102233
0.7988127
0.9505839
1.0479293
1.0614307
0.9405559
0.6470982
0.2116329
-0.2472976
-0.5789835
-0.6958475
-0.6261831
-0.4783403
-0.3536160
-0.2871009
-0.2572547
-0.2350781
-0.2160377
-0.2106758
-0.2181652
-0.2193192
-0.1958550
-0.1502911
-0.1027404
-0.0702915
-0.0533099
-0.0409289
-0.0252999
-0.0085664
0.0015623
0.0005270
-0.0084442
-0.0171726
-0.0198017
-0.0173286
-0.0149220
-0.0155469
-0.0172006
-0.0161054
-0.0115648
-0.0072915
-0.0077736
-0.0127409
-0.0156576
-0.0096229
0.0045288
0.0179546
0.0231522
0.0222443
0.0242408
0.0349061
0.0510210
0.0644388
0.0706622
0.0734454
0.0814633
0.1002631
0.1273627
0.1554560
0.1797252
0.2010461
0.2231061
0.2485336
0.2774393
0.3071677
0.3331374
0.3524962
0.3681191
0.3872063
0.4145884
0.4481701
0.4813231
0.5085708
0.5282805
0.5406094
0.5438935
0.5342900
0.5104789
0.4782832
0.4473514
0.4212047
0.3929380
0.3537126
0.3041415
0.2541956
0.2123863
0.1780112
0.1445948
0.1089380
0.0755277
0.0520479
0.0406111
0.0342846
0.0238487
0.0074822
-0.0087519
-0.0199773
-0.0285287
-0.0394511
-0.0529797
-0.0639397
-0.0672455
-0.0625241
-0.0544253
-0.0490655
-0.0488194
-0.0503398
-0.0491507
-0.0457764
-0.0451921
-0.0506787
-0.0607504
-0.0716552
-0.0799231
-0.0826584
-0.0785910
-0.0695798
-0.0591924
-0.0500089
-0.0437730
-0.0423273
-0.0453776
-0.0486981
-0.0480161
-0.0442526
-0.0425269
-0.0468896
-0.0577746
-0.0725486
-0.0863950
-0.0952160
-0.1001776
-0.1066524
-0.1162872
-0.1236832
-0.1241101
-0.1210178
-0.1221630
-0.1308361
-0.1436671
-0.1543248
-0.1575376
-0.1532471
-0.1485104
-0.1508470
-0.1582228
-0.1608763
-0.1543875
-0.1447315
-0.1390003
-0.1383664
-0.1421223
-0.1508010
-0.1626494
-0.1742421
-0.1859353
-0.1985366
-0.2047697
-0.1954023
-0.1748246
-0.1577218
-0.1489879
-0.1420834
-0.1389475
-0.1511223
-0.1734643
-0.1780227
-0.1486117
