-0.2072556
-0.2118093
-0.1912772
-0.1898676
-0.2087300
-0.2155927
-0.2028667
-0.1944904
-0.2027073
-0.2146138
-0.2199454
-0.2220969
-0.2214534
-0.2134082
-0.2040715
-0.2062902
-0.2185466
-0.2255799
-0.2205369
-0.2113783
-0.2059323
-0.2042373
-0.2046529
-0.2055014
-0.2019049
-0.1908841
-0.1773228
-0.1670061
-0.1581449
-0.1469398
-0.1347462
-0.1215523
-0.1005045
-0.0690946
-0.0372449
-0.0096558
0.0367441
0.1427315
0.3285460
0.5700748
0.8149558
1.0199389
1.1697041
1.2554388
1.2368496
1.0442451
0.6453895
0.1178225
-0.3653233
-0.6454072
-0.6849106
-0.5720776
-0.4321643
-0.3374295
-0.2873185
-0.2513699
-0.2165643
-0.1939128
-0.1914151
-0.1963178
-0.1901926
-0.1725602
-0.1588318
-0.1580548
-0.1631801
-0.1632146
-0.1553609
-0.1427102
-0.1276090
-0.1117039
-0.0986078
-0.0927483
-0.0960420
-0.1059908
-0.1164131
-0.1214504
-0.1201002
-0.1151259
-0.1072762
-0.0946431
-0.0792480
-0.0688975
-0.0683366
-0.0721701
-0.0708884
-0.0615133
-0.0487114
-0.0376438
-0.0292473
-0.0210309
-0.0095587
0.0070494
0.0273332
0.0479197
0.0671298
0.0858173
0.1051958
0.1263169
0.1509401
0.1794664
0.2084971
0.2346587
0.2611236
0.2957686
0.3411154
0.3893482
0.4293257
0.4569567
0.4779158
0.5014503
0.5314702
0.5625795
0.5856833
0.5984877
0.6082926
0.6222722
0.6373490
0.6428880
0.6318171
0.6057685
0.5703901
0.5292370
0.4825160
0.4294082
0.3709408
0.3112033
0.2551488
0.2048499
0.1592072
0.1174332
0.0805871
0.0492053
0.0221239
-0.0013722
-0.0209988
-0.0383779
-0.0575866
-0.0804978
-0.1031976
-0.1190607
-0.1249933
-0.1242884
-0.1242968
-0.1309215
-0.1434890
-0.1549800
-0.1591127
-0.1571320
-0.1558124
-0.1590947
-0.1639156
-0.1644882
-0.1590212
-0.1521220
-0.1515030
-0.1612137
-0.1764219
-0.1861058
-0.1833151
-0.1723473
-0.1638814
-0.1635453
-0.1671254
-0.1666180
-0.1591581
-0.1497801
-0.1461602
-0.1504985
-0.1567339
-0.1571355
-0.1516622
-0.1484798
-0.1542040
-0.1657979
-0.1737374
-0.1717393
-0.1620277
-0.1523207
-0.1489969
-0.1524166
-0.1580057
-0.1621815
-0.1667041
-0.1756997
-0.1887955
-0.1996580
-0.2023152
-0.1976079
-0.1926869
-0.1946940
-0.2043972
-0.2147303
-0.2163045
-0.2064862
-0.1932062
-0.1880852
-0.1951798
-0.2071319
-0.2121400
-0.2042018
-0.1876569
-0.1730834
-0.1680604
-0.1706935
-0.1727075
-0.1694668
-0.1653290
-0.1675982
-0.1767061
-0.1848984
-0.1846600
-0.1767509
-0.1692717
-0.1692678
-0.1757288
-0.1815894
-0.1830421
-0.1851496
-0.1955887
-0.2132592
-0.2266790
-0.2254635
-0.2113252
-0.1958053
-0.1883790
-0.1886068
-0.1894158
-0.1862660
-0.1821156
-0.1833272
-0.1913094
-0.1995855
-0.1999050
-0.1902452
-0.1758650
-0.1637821
-0.1576390
-0.1564691
-0.1559820
-0.1516361
-0.1431089
-0.1360897
-0.1374098
-0.1473042
-0.1577609
-0.1598342
-0.1526382
-0.1446301
-0.1453731
-0.1554990
-0.1654131
-0.1652517
-0.1558233
-0.1477201
-0.1492213
-0.1572348
-0.1612603
-0.1543480
-0.1386710
-0.1221442
-0.1118905
-0.1101886
-0.1140947
-0.1178773
-0.1167835
-0.1097587
-0.0991610
-0.0877105
-0.0752921
-0.0592242
-0.0390018
-0.0202509
-0.0105416
-0.0092230
-0.0046704
0.0139775
0.0442442
0.0764336
0.1149653
0.1874869
0.3243802
0.5271013
0.7608181
0.9806514
1.1601500
1.2859021
1.3251499
1.2157192
0.9117368
0.4513296
-0.0294272
-0.3695114
-0.4873731
-0.4246660
-0.2949417
-0.1918163
-0.1387489
-0.1097006
-0.0804915
-0.0542028
-0.0456131
-0.0556337
-0.0685690
-0.0703868
-0.0620091
-0.0535919
-0.0512067
-0.0525327
-0.0527920
-0.0507805
-0.0488958
-0.0495944
-0.0527753
-0.0557539
-0.0550472
-0.0485116
-0.0368106
-0.0237385
-0.0146178
-0.0124144
-0.0143554
-0.0137834
-0.0070181
0.0024164
0.0082097
0.0096106
0.0134351
0.0270588
0.0503605
0.0753197
0.0934831
0.1037659
0.1128609
0.1277215
0.1480185
0.1670543
0.1800444
0.1897856
0.2032083
0.2236765
0.2482072
0.2717386
0.2926358
0.3136364
0.3380658
0.3657845
0.3933555
0.4183407
0.4426706
0.4708842
0.5054397
0.5446579
0.5846614
0.6218796
0.6540633
0.6809626
0.7046809
0.7276837
0.7491681
0.7642017
0.7677196
0.7593788
0.7436409
0.7244957
0.7002440
0.6644936
0.6134962
0.5522826
0.4918161
0.4392263
0.3921339
0.3436788
0.2918130
0.2417839
0.1999482
0.1670810
0.1382698
0.1081883
0.0756371
0.0433108
0.0140206
-0.0120841
-0.0364522
-0.0592437
-0.0785477
-0.0921193
-0.0988046
-0.0987029
-0.0937771
-0.0886230
-0.0884728
-0.0945783
-0.1021637
-0.1045576
-0.0998690
-0.0931096
-0.0912684
-0.0961144
-0.1020600
-0.1017445
-0.0939166
-0.0849688
-0.0820740
-0.0856616
-0.0897209
-0.0889189
-0.0840862
-0.0807709
-0.0834589
-0.0912322
-0.0982280
-0.0984172
-0.0910270
-0.0818369
-0.0787334
-0.0853805
-0.0986600
-0.1117218
-0.1196566
-0.1232102
-0.1275870
-0.1371038
-0.1504725
-0.1616583
-0.1657459
-0.1637367
-0.1615385
-0.1646311
-0.1735017
-0.1834631
-0.1889889
-0.1893093
-0.1899736
-0.1976337
-0.2123947
-0.2259894
-0.2285489
-0.2174738
-0.1997477
-0.1859034
-0.1816619
-0.1847105
-0.1888310
-0.1906451
-0.1920655
-0.1966449
-0.2047901
-0.2130945
-0.2173087
-0.2150594
-0.2067491
-0.1955562
-0.1864514
-0.1834742
-0.1868847
-0.1931919
-0.1983511
-0.2010837
-0.2034324
-0.2083513
-0.2164506
-0.2247769
-0.2290696
-0.2275800
-0.2226140
-0.2183456
-0.2174117
-0.2194370
-0.2221281
-0.2236310
-0.2243855
-0.2266950
-0.2317431
-0.2369531
-0.2372516
-0.2295302
-0.2155349
-0.2002488
-0.1878489
-0.1790242
-0.1712383
-0.1612918
-0.1483595
-0.1348048
-0.1232018
-0.1121140
-0.0958466
-0.0697385
-0.0353357
0.0023924
0.0461346
0.1146507
0.2353880
0.4222042
0.6577412
0.8998982
1.1068153
1.2519931
1.3125205
1.2504292
1.0237169
0.6321621
0.1550274
-0.2689616
-0.5184473
-0.5635019
-0.4736373
-0.3553262
-0.2771081
-0.2436848
-0.2260329
-0.2039596
-0.1801048
-0.1651969
-0.1617404
-0.1635310
-0.1645006
-0.1631269
-0.1597655
-0.1540680
-0.1465414
-0.1401626
-0.1376068
-0.1372012
-0.1342867
-0.1276474
-0.1224135
-0.1242352
-0.1313361
-0.1349276
-0.1283392
-0.1143678
-0.1026019
-0.0999467
-0.1041544
-0.1060204
-0.0974109
-0.0778458
-0.0545896
-0.0369996
-0.0299803
-0.0309759
-0.0318623
-0.0244647
-0.0064922
0.0166396
0.0365746
0.0497327
0.0604222
0.0761733
0.1004585
0.1301742
0.1593378
0.1843393
0.2059955
0.2276410
0.2517309
0.2779469
0.3040722
0.3284810
0.3520125
0.3778493
0.4093482
0.4468855
0.4862316
0.5211438
0.5491300
0.5744830
0.6039819
0.6387406
0.6709471
0.6893616
0.6880364
0.6697923
0.6419765
0.6095250
0.5719840
0.5263754
0.4719711
0.4119871
0.3514470
0.2944151
0.2429334
0.1970251
0.1550543
0.1153252
0.0784814
0.0475176
0.0239201
0.0039984
-0.0191596
-0.0488542
-0.0803681
-0.1047320
-0.1177238
-0.1247184
-0.1354066
-0.1532115
-0.1709479
-0.1781682
-0.1724546
-0.1621420
-0.1577666
-0.1620330
-0.1686286
-0.1696939
-0.1633838
-0.1547150
-0.1504075
-0.1533179
-0.1609640
-0.1681581
-0.1706411
-0.1671910
-0.1599119
-0.1530838
-0.1506097
-0.1532172
-0.1580435
-0.1615390
-0.1628482
-0.1641974
-0.1683793
-0.1762078
-0.1857962
-0.1934784
-0.1958421
-0.1922626
-0.1862149
-0.1835025
-0.1880168
-0.1985319
-0.2099153
-0.2182895
-0.2252107
-0.2357535
-0.2514731
-0.2659933
-0.2695273
-0.2586210
-0.2404372
-0.2263881
-0.2217869
-0.2221871
-0.2192020
-0.2088798
-0.1945737
-0.1830770
-0.1791158
-0.1830992
-0.1922689
-0.2025151
-0.2098669
-0.2126883
-0.2136445
-0.2180140
-0.2280994
-0.2396561
-0.2457289
-0.2445027
-0.2418681
-0.2450811
-0.2545466
-0.2630897
-0.2634338
-0.2555305
-0.2461153
-0.2418544
-0.2440435
-0.2497766
-0.2563618
-0.2629967
-0.2690155
-0.2728882
-0.2737128
-0.2720577
-0.2680373
-0.2596736
-0.2451186
-0.2266877
-0.2111554
-0.2047795
-0.2079598
-0.2152147
-0.2204755
-0.2221365
-0.2229250
-0.2255478
-0.2294324
-0.2317960
-0.2308571
-0.2272770
-0.2231530
-0.2205976
-0.2208842
-0.2236595
-0.2267442
-0.2278556
-0.2273137
-0.2283981
-0.2338544
-0.2417425
-0.2456188
-0.2401598
-0.2271716
-0.2150561
-0.2106664
-0.2113844
-0.2069024
-0.1903115
-0.1665680
-0.1477115
-0.1389290
-0.1311652
-0.1097162
-0.0696460
-0.0191660
0.0353740
0.1063965
0.2212739
0.3968858
0.6185665
0.8474026
1.0468686
1.1951049
1.2672224
1.2150192
0.9849531
0.5745095
0.0737473
-0.3626580
-0.6054227
-0.6306376
-0.5209189
-0.3907818
-0.3066636
-0.2670414
-0.2419327
-0.2175796
-0.2027763
-0.2046907
-0.2122678
-0.2070243
-0.1844592
-0.1586307
-0.1453856
-0.1452257
-0.1452252
-0.1355536
-0.1199375
-0.1088826
-0.1058257
-0.1033617
-0.0929717
-0.0757634
-0.0619140
-0.0602334
-0.0696772
-0.0812602
-0.0871466
-0.0869380
-0.0856283
-0.0870520
-0.0901714
-0.0907506
-0.0852213
-0.0731747
-0.0576861
-0.0437483
-0.0350005
-0.0305938
-0.0256097
-0.0158212
-0.0023609
0.0092232
0.0153985
0.0199535
0.0319457
0.0576634
0.0947700
0.1348539
0.1715062
0.2051712
0.2403384
0.2795649
0.3212710
0.3623406
0.4010745
0.4374270
0.4718490
0.5049280
0.5375133
0.5699104
0.6005514
0.6261624
0.6441942
0.6553751
0.6633058
0.6707645
0.6761862
0.6740569
0.6590079
0.6297121
0.5893100
0.5426119
0.4927636
0.4399809
0.3833257
0.3240132
0.2667801
0.2170860
0.1764355
0.1409148
0.1049521
0.0665401
0.0286896
-0.0037043
-0.0277206
-0.0434231
-0.0524799
-0.0572653
-0.0613787
-0.0693027
-0.0834910
-0.1014176
-0.1169320
-0.1257874
-0.1295397
-0.1331769
-0.1391441
-0.1446728
-0.1452357
-0.1399506
-0.1330845
-0.1303916
-0.1341485
-0.1415613
-0.1477664
-0.1504248
-0.1515884
-0.1551492
-0.1623084
-0.1693975
-0.1704596
-0.1627725
-0.1503106
-0.1412029
-0.1407408
-0.1465845
-0.1513477
-0.1501855
-0.1456020
-0.1447879
-0.1526282
-0.1672544
-0.1816049
-0.1887862
-0.1866288
-0.1784806
-0.1704323
-0.1673233
-0.1700987
-0.1758973
-0.1806767
-0.1826895
-0.1841449
-0.1892095
-0.1996453
-0.2122071
-0.2208139
-0.2218803
-0.2178410
-0.2153646
-0.2195686
-0.2293389
-0.2383261
-0.2411960
-0.2391760
-0.2387763
-0.2443985
-0.2527216
-0.2555843
-0.2488696
-0.2378150
-0.2325670
-0.2382020
-0.2495214
-0.2560653
-0.2521322
-0.2415368
-0.2326897
-0.2297166
-0.2287048
-0.2220422
-0.2059365
-0.1844100
-0.1669922
-0.1620054
-0.1701076
-0.1831856
-0.1905304
-0.1878830
-0.1809500
-0.1792074
-0.1856715
-0.1933237
-0.1923735
-0.1807029
-0.1659887
-0.1572871
-0.1559675
-0.1562150
-0.1532401
-0.1481284
-0.1438132
-0.1391048
-0.1296420
-0.1133258
-0.0897389
-0.0510935
0.0233664
0.1574456
0.3580555
0.6051667
0.8626960
1.0969973
1.2798205
1.3733231
1.3236282
1.0881259
0.6837087
0.2086529
-0.1960442
-0.4253269
-0.4668137
-0.3905847
-0.2867820
-0.2082945
-0.1608609
-0.1316201
-0.1154417
-0.1145881
-0.1244898
-0.1312783
-0.1253560
-0.1119372
-0.1039474
-0.1061495
-0.1101806
-0.1057659
-0.0936094
-0.0846979
-0.0879178
-0.1008427
-0.1129654
-0.1157505
-0.1082403
-0.0948734
-0.0810805
-0.0714039
-0.0687627
-0.0724576
-0.0769901
-0.0751391
-0.0636732
-0.0457670
-0.0273121
-0.0112427
0.0039917
0.0208267
0.0386646
0.0542083
0.0652565
0.0733318
0.0823641
0.0952946
0.1121760
0.1309105
0.1491211
0.1656966
0.1816714
0.2000376
0.2238640
0.2535755
0.2860174
0.3169062
0.3447046
0.3719034
0.4020719
0.4357379
0.4698558
0.5017058
0.5324700
0.5654506
0.6003633
0.6308923
0.6497639
0.6564730
0.6586007
0.6642669
0.6733462
0.6768175
0.6649919
0.6361772
0.5974521
0.5577325
0.5205493
0.4828869
0.4397056
0.3891571
0.3344079
0.2813982
0.2343679
0.1924178
0.1506014
0.1059203
0.0628890
0.0315905
0.0180847
0.0165788
0.0129466
-0.0024712
-0.0259015
-0.0449987
-0.0525292
-0.0538324
-0.0599181
-0.0743893
-0.0892255
-0.0939067
-0.0870678
-0.0777355
-0.0757494
-0.0826182
-0.0919572
-0.0972074
-0.0975411
-0.0968467
-0.0987437
-0.1034282
-0.1084801
-0.1113866
-0.1110998
-0.1082090
-0.1044639
-0.1017326
-0.1004784
-0.0992039
-0.0962809
-0.0927186
-0.0922212
-0.0973763
-0.1058321
-0.1113446
-0.1094507
-0.1020196
-0.0957759
-0.0963036
-0.1036947
-0.1137588
-0.1225556
-0.1291570
-0.1346935
-0.1401793
-0.1458509
-0.1516796
-0.1573908
-0.1621663
-0.1653357
-0.1675214
-0.1701725
-0.1735240
-0.1759776
-0.1765997
-0.1777167
-0.1831910
-0.1930907
-0.2012170
-0.2001222
-0.1895005
-0.1784062
-0.1773797
-0.1879290
-0.2006822
-0.2046134
-0.1977735
-0.1884546
-0.1860928
-0.1917123
-0.1974263
-0.1947947
-0.1832686
-0.1706103
-0.1654963
-0.1699319
-0.1786152
-0.1849609
-0.1870043
-0.1874342
-0.1888973
-0.1905561
-0.1895525
-0.1848770
-0.1786849
-0.1739051
-0.1717371
-0.1720746
-0.1751710
-0.1810693
-0.1873974
-0.1899580
-0.1873767
-0.1843013
-0.1874538
-0.1974911
-0.2064070
-0.2050177
-0.1930009
-0.1800066
-0.1761267
-0.1820473
-0.1892358
-0.1890940
-0.1809925
-0.1719049
-0.1695882
-0.1759338
-0.1848416
-0.1855356
-0.1703433
-0.1426061
-0.1166687
-0.1059220
-0.1081307
-0.1049973
-0.0801722
-0.0365765
0.0103199
0.0598621
0.1417483
0.2948953
0.5265829
0.7960445
1.0419500
1.2221455
1.3196605
1.3132433
1.1607250
0.8332198
0.3732417
-0.0924817
-0.4175540
-0.5291914
-0.4674278
-0.3387503
-0.2330565
-0.1775923
-0.1529983
-0.1356808
-0.1201125
-0.1114254
-0.1112206
-0.1154374
-0.1202185
-0.1236608
-0.1228349
-0.1142312
-0.0990031
-0.0847177
-0.0788227
-0.0809084
-0.0836161
-0.0813209
-0.0759864
-0.0736306
-0.0766572
-0.0814055
-0.0825960
-0.0781998
-0.0696733
-0.0594557
-0.0497554
-0.0425049
-0.0379813
-0.0330443
-0.0229148
-0.0065242
0.0107423
0.0217792
0.0258124
0.0302624
0.0433350
0.0653430
0.0886083
0.1057424
0.1165638
0.1264948
0.1399829
0.1574129
0.1777491
0.2013022
0.2282461
0.2560730
0.2814485
0.3052563
0.3336204
0.3716921
0.4166087
0.4584877
0.4894997
0.5113609
0.5329631
0.5609005
0.5933396
0.6233372
0.6468955
0.6663308
0.6856573
0.7039206
0.7143113
0.7099564
0.6897876
0.6581265
0.6190244
0.5724304
0.5169111
0.4553974
0.3960519
0.3457628
0.3032443
0.2605501
0.2125188
0.1637024
0.1242841
0.0991593
0.0827610
0.0656456
0.0448169
0.0254623
0.0126372
0.0038456
-0.0081762
-0.0264852
-0.0464960
-0.0621411
-0.0730360
-0.0831499
-0.0933103
-0.0984678
-0.0943231
-0.0849058
-0.0804256
-0.0868095
-0.0994068
-0.1087777
-0.1115746
-0.1131591
-0.1190999
-0.1269154
-0.1291717
-0.1242830
-0.1207213
-0.1278229
-0.1433803
-0.1535758
-0.1470014
-0.1275203
-0.1111754
-0.1102428
-0.1219114
-0.1331568
-0.1347558
-0.1283365
-0.1205972
-0.1143871
-0.1079903
-0.1012905
-0.0982408
-0.1013072
-0.1060475
-0.1049961
-0.0974394
-0.0923828
-0.0994173
-0.1176516
-0.1362450
-0.1462440
-0.1496266
-0.1552067
-0.1674108
-0.1820405
-0.1932329
-0.2014019
-0.2115511
-0.2247364
-0.2346872
-0.2348261
-0.2272464
-0.2222108
-0.2279719
-0.2421043
-0.2536672
-0.2535081
-0.2420375
-0.2276199
-0.2184839
-0.2162663
-0.2162847
-0.2129885
-0.2050706
-0.1959970
-0.1902660
-0.1893608
-0.1909745
-0.1914055
-0.1881491
-0.1806372
-0.1699655
-0.1590649
-0.1524363
-0.1535019
-0.1607017
-0.1669808
-0.1652064
-0.1551900
-0.1447827
-0.1431679
-0.1529606
-0.1687702
-0.1825059
-0.1892790
-0.1892025
-0.1857107
-0.1827926
-0.1818619
-0.1792355
-0.1673181
-0.1404866
-0.0998327
-0.0490101
0.0168914
0.1160626
0.2683825
0.4758217
0.7142921
0.9440907
1.1242257
1.2140659
1.1688740
0.9526486
0.5738006
0.1125755
-0.2992620
-0.5464701
-0.5963823
-0.5085712
-0.3825320
-0.2906478
-0.2485960
-0.2335940
-0.2199101
-0.1984069
-0.1736403
-0.1531647
-0.1416302
-0.1398821
-0.1449567
-0.1511515
-0.1539328
-0.1539669
-0.1561304
-0.1634438
-0.1724653
-0.1757473
-0.1690499
-0.1556204
-0.1432485
-0.1376280
-0.1387486
-0.1428521
-0.1466720
-0.1495488
-0.1523549
-0.1552433
-0.1564229
-0.1527497
-0.1417520
-0.1238653
-0.1030623
-0.0847306
-0.0719123
-0.0629997
-0.0532045
-0.0387089
-0.0196366
0.0009694
0.0208368
0.0407123
0.0629119
0.0882930
0.1153822
0.1424429
0.1696871
0.1990268
0.2319670
0.2681478
0.3057387
0.3427020
0.3776323
0.4100726
0.4407040
0.4710378
0.5019902
0.5321966
0.5582779
0.5777901
0.5920752
0.6052527
0.6195077
0.6315830
0.6348292
0.6252238
0.6051606
0.5809260
0.5562931
0.5285852
0.4910566
0.4393550
0.3761140
0.3096449
0.2481282
0.1945060
0.1462211
0.0994339
0.0535930
0.0122953
-0.0200813
-0.0425662
-0.0584689
-0.0721347
-0.0850056
-0.0950200
-0.0997201
-0.0996100
-0.0984013
-0.1001856
-0.1064169
-0.1153671
-0.1242287
-0.1316909
-0.1385563
-0.1459974
-0.1534966
-0.1588421
-0.1603031
-0.1586879
-0.1570449
-0.1581570
-0.1621731
-0.1665446
-0.1682108
-0.1660347
-0.1616546
-0.1585554
-0.1601954
-0.1679088
-0.1794646
-0.1898254
-0.1946855
-0.1942002
-0.1927538
-0.1941542
-0.1972053
-0.1970458
-0.1913059
-0.1841008
-0.1827085
-0.1899230
-0.2003731
-0.2052614
-0.2009379
-0.1923885
-0.1879513
-0.1907280
-0.1954446
-0.1937990
-0.1829054
-0.1685865
-0.1602116
-0.1617975
-0.1680500
-0.1698349
-0.1641271
-0.1579331
-0.1610708
-0.1748085
-0.1889826
-0.1918101
-0.1825314
-0.1731070
-0.1765590
-0.1940172
-0.2140268
-0.2244143
-0.2237436
-0.2207748
-0.2240760
-0.2338859
-0.2438962
-0.2487904
-0.2485575
-0.2465870
-0.2458924
-0.2477864
-0.2523804
-0.2583651
-0.2625355
-0.2616784
-0.2563779
-0.2519338
-0.2532953
-0.2585649
-0.2595279
-0.2505694
-0.2362134
-0.2271187
-0.2276639
-0.2297546
-0.2215514
-0.2018534
-0.1827103
-0.1758742
-0.1784305
-0.1752211
-0.1563134
-0.1292654
-0.1113298
-0.1105857
-0.1183624
-0.1212601
-0.1169115
-0.1138568
-0.1169431
-0.1179616
-0.1032625
-0.0670157
-0.0115373
0.0655877
0.1784437
0.3408244
0.5472831
0.7697758
0.9732068
1.1285285
1.2065171
1.1660507
0.9665411
0.6083003
0.1637442
-0.2419233
-0.4971849
-0.5665983
-0.4990804
-0.3812847
-0.2806548
-0.2210704
-0.1952578
-0.1875401
-0.1848268
-0.1768328
-0.1570814
-0.1270903
-0.0963015
-0.0745579
-0.0643361
-0.0609146
-0.0591965
-0.0587961
-0.0623476
-0.0703263
-0.0789283
-0.0832122
-0.0817363
-0.0777729
-0.0761622
-0.0791282
-0.0848109
-0.0893593
-0.0903926
-0.0887032
-0.0866117
-0.0845271
-0.0795551
-0.0684123
-0.0519983
-0.0362058
-0.0271085
-0.0250865
-0.0241266
-0.0172287
-0.0024921
0.0161282
0.0338401
0.0503776
0.0700301
0.0964007
0.1277969
0.1586273
0.1855363
0.2115264
0.2432117
0.2836697
0.3283570
0.3689002
0.4015301
0.4313945
0.4673593
0.5119545
0.5572813
0.5920196
0.6124413
0.6255495
0.6411227
0.6616513
0.6809177
0.6918170
0.6939781
0.6928557
0.6921283
0.6885144
0.6746020
0.6458800
0.6041758
0.5549321
0.5025996
0.4488017
0.3934468
0.3364868
0.2791859
0.2246553
0.1766891
0.1367151
0.1016639
0.0663084
0.0291876
-0.0040359
-0.0247968
-0.0303980
-0.0279391
-0.0279387
-0.0337081
-0.0384942
-0.0342904
-0.0224586
-0.0136496
-0.0169383
-0.0307545
-0.0457771
-0.0557892
-0.0636890
-0.0762380
-0.0944438
-0.1111735
-0.1187284
-0.1173492
-0.1147318
-0.1174533
-0.1245806
-0.1304981
-0.1326784
-0.1347552
-0.1416028
-0.1526641
-0.1614305
-0.1618179
-0.1545928
-0.1468320
-0.1446263
-0.1465286
-0.1448624
-0.1338798
-0.1163145
-0.1012611
-0.0952269
-0.0954084
-0.0923693
-0.0799971
-0.0627971
-0.0524924
-0.0567715
-0.0719196
-0.0873747
-0.0969877
-0.1041454
-0.1153602
-0.1306907
-0.1428291
-0.1459143
-0.1432750
-0.1445111
-0.1550915
-0.1707570
-0.1833247
-0.1905484
-0.1976744
-0.2089535
-0.2203964
-0.2236224
-0.2164213
-0.2069137
-0.2059040
-0.2161052
-0.2301396
-0.2386362
-0.2386470
-0.2335617
-0.2264188
-0.2158152
-0.1991958
-0.1783745
-0.1594787
-0.1471948
-0.1407209
-0.1363469
-0.1328978
-0.1329398
-0.1384149
-0.1464421
-0.1509315
-0.1488787
-0.1444104
-0.1453598
-0.1551393
-0.1685508
-0.1766489
-0.1758437
-0.1713382
-0.1710906
-0.1770184
-0.1831622
-0.1827667
-0.1763927
-0.1719241
-0.1762380
-0.1878677
-0.1991787
-0.2054661
-0.2098532
-0.2178643
-0.2284942
-0.2332940
-0.2252695
-0.2072546
-0.1897214
-0.1802265
-0.1763692
-0.1701073
-0.1581918
-0.1464033
-0.1426871
-0.1476373
-0.1538490
-0.1545814
-0.1509528
-0.1494891
-0.1540268
-0.1618849
-0.1676273
-0.1685999
-0.1659352
-0.1615049
-0.1556674
-0.1479444
-0.1381049
-0.1252783
-0.1066602
-0.0781716
-0.0353456
0.0288440
0.1266508
0.2712036
0.4644532
0.6891866
0.9158400
1.1166725
1.2677524
1.3343197
1.2632201
1.0092086
0.5861944
0.0952279
-0.3124046
-0.5218674
-0.5235669
-0.4059179
-0.2809889
-0.2097514
-0.1852982
-0.1719193
-0.1506006
-0.1298286
-0.1244204
-0.1342084
-0.1449424
-0.1450850
-0.1372160
-0.1329269
-0.1394110
-0.1528540
-0.1638266
-0.1668667
-0.1640801
-0.1606301
-0.1582416
-0.1536892
-0.1433269
-0.1281963
-0.1136304
-0.1036689
-0.0970754
-0.0899241
-0.0812222
-0.0739634
-0.0701858
-0.0668942
-0.0588731
-0.0454230
-0.0324702
-0.0265400
-0.0269880
-0.0258302
-0.0162096
0.0000019
0.0147220
0.0236197
0.0314857
0.0464477
0.0702299
0.0962457
0.1172893
0.1331689
0.1496586
0.1711182
0.1961564
0.2210052
0.2453573
0.2726062
0.3042216
0.3363388
0.3640339
0.3879778
0.4140336
0.4455132
0.4782158
0.5053783
0.5266656
0.5494615
0.5798883
0.6138515
0.6391227
0.6468315
0.6394463
0.6260432
0.6106804
0.5880456
0.5514322
0.5026263
0.4511846
0.4043546
0.3603917
0.3129554
0.2602827
0.2078423
0.1620968
0.1237544
0.0886993
0.0547435
0.0250187
0.0033688
-0.0120311
-0.0276586
-0.0466939
-0.0644463
-0.0738985
-0.0751856
-0.0772625
-0.0890152
-0.1095162
-0.1283654
-0.1360682
-0.1334957
-0.1304266
-0.1350764
-0.1463583
-0.1570305
-0.1629390
-0.1669012
-0.1732331
-0.1805593
-0.1820522
-0.1729485
-0.1568477
-0.1437372
-0.1413660
-0.1484447
-0.1565056
-0.1585002
-0.1552326
-0.1533140
-0.1576679
-0.1669183
-0.1757711
-0.1807190
-0.1827784
-0.1850137
-0.1882103
-0.1898143
-0.1874588
-0.1826835
-0.1796368
-0.1797582
-0.1792946
-0.1735936
-0.1634040
-0.1553162
-0.1553295
-0.1628099
-0.1717746
-0.1780488
-0.1839023
-0.1942864
-0.2087506
-0.2193545
-0.2186958
-0.2094353
-0.2033358
-0.2095986
-0.2253214
-0.2388340
-0.2419783
-0.2377501
-0.2356047
-0.2404278
-0.2475280
-0.2488207
-0.2427864
-0.2366203
-0.2381104
-0.2467478
-0.2542369
-0.2535028
-0.2460708
-0.2403359
-0.2430896
-0.2527900
-0.2607747
-0.2591719
-0.2479761
-0.2343204
-0.2248750
-0.2198140
-0.2149504
-0.2089801
-0.2067190
-0.2139499
-0.2294116
-0.2434164
-0.2460385
-0.2370659
-0.2265511
-0.2242708
-0.2295832
-0.2338146
-0.2324941
-0.2319968
-0.2414512
-0.2592690
-0.2712553
-0.2640894
-0.2396542
-0.2139248
-0.2012392
-0.2012846
-0.2026582
-0.1970482
-0.1860496
-0.1737793
-0.1578771
-0.1321488
-0.0950155
-0.0474893
0.0199869
0.1319327
0.3097155
0.5463007
0.8032209
1.0353623
1.2140497
1.3189265
1.3109597
1.1328289
0.7590142
0.2538905
-0.2320563
-0.5456805
-0.6291527
-0.5460988
-0.4167044
-0.3264703
-0.2872799
-0.2676225
-0.2435907
-0.2180263
-0.2027517
-0.1977288
-0.1926231
-0.1819238
-0.1705296
-0.1647567
-0.1638784
-0.1630582
-0.1607504
-0.1590661
-0.1578922
-0.1527880
-0.1405351
-0.1249114
-0.1143683
-0.1134969
-0.1183815
-0.1217138
-0.1215032
-0.1223229
-0.1273954
-0.1320203
-0.1275690
-0.1116794
-0.0921603
-0.0796841
-0.0773864
-0.0784240
-0.0734852
-0.0600586
-0.0439531
-0.0318301
-0.0231427
-0.0106278
0.0112119
0.0394639
0.0655254
0.0838785
0.0973637
0.1139195
0.1386531
0.1692584
0.1992500
0.2256414
0.2527222
0.2874355
0.3314587
0.3790913
0.4229685
0.4605047
0.4942712
0.5274591
0.5603657
0.5910691
0.6183089
0.6427929
0.6654460
0.6847954
0.6968777
0.6979846
0.6869313
0.6645408
0.6321203
0.5913509
0.5447159
0.4946361
0.4424221
0.3890268
0.3362881
0.2859326
0.2372537
0.1873250
0.1347398
0.0829170
0.0386194
0.0061951
-0.0168150
-0.0372640
-0.0586055
-0.0763425
-0.0832186
-0.0792304
-0.0744686
-0.0804335
-0.0991165
-0.1217043
-0.1376990
-0.1444031
-0.1474563
-0.1528802
-0.1595675
-0.1604976
-0.1514731
-0.1373135
-0.1278623
-0.1281132
-0.1338133
-0.1371907
-0.1357023
-0.1340214
-0.1376455
-0.1454983
-0.1498818
-0.1445059
-0.1321072
-0.1223889
-0.1215802
-0.1255563
-0.1250689
-0.1170650
-0.1085862
-0.1087508
-0.1181815
-0.1276832
-0.1275812
-0.1178922
-0.1086052
-0.1096109
-0.1210337
-0.1343621
-0.1423531
-0.1458957
-0.1508512
-0.1601980
-0.1707719
-0.1768455
-0.1756919
-0.1701184
-0.1664933
-0.1698781
-0.1799011
-0.1908693
-0.1962279
-0.1937178
-0.1872147
-0.1838099
-0.1879468
-0.1972687
-0.2047238
-0.2056886
-0.2023169
-0.1996799
-0.1986293
-0.1948853
-0.1855900
-0.1746122
-0.1695002
-0.1732726
-0.1802054
-0.1805112
-0.1696785
-0.1531906
-0.1415817
-0.1408740
-0.1484439
-0.1578144
-0.1657400
-0.1738195
-0.1845009
-0.1968297
-0.2059285
-0.2065904
-0.1984672
-0.1878525
-0.1824524
-0.1832641
-0.1833261
-0.1763633
-0.1653276
-0.1592468
-0.1608560
-0.1601350
-0.1431823
-0.1068361
-0.0596917
-0.0045535
0.0775050
0.2173578
0.4269851
0.6814004
0.9354582
1.1540333
1.3155033
1.3851244
1.3025190
1.0201934
0.5679798
0.0736190
-0.2990907
-0.4525056
-0.4107247
-0.2827951
-0.1734783
-0.1224592
-0.1115766
-0.1098134
-0.1035836
-0.0949346
-0.0879979
-0.0839726
-0.0834359
-0.0864848
-0.0903940
-0.0909297
-0.0875309
-0.0850568
-0.0878888
-0.0927847
-0.0906600
-0.0771730
-0.0594719
-0.0496299
-0.0521184
-0.0606141
-0.0670171
-0.0701225
-0.0737102
-0.0785169
-0.0790487
-0.0686739
-0.0468852
-0.0210087
-0.0003128
0.0119805
0.0204364
0.0308347
0.0430865
0.0523278
0.0566082
0.0614303
0.0755355
0.1024189
0.1362711
0.1666550
0.1880743
0.2050719
0.2267545
0.2561559
0.2869809
0.3119733
0.3325173
0.3576052
0.3937486
0.4376592
0.4791307
0.5105097
0.5335889
0.5576086
0.5900450
0.6291091
0.6657726
0.6929475
0.7116801
0.7284867
0.7477767
0.7665867
0.7752171
0.7634538
0.7286853
0.6789088
0.6262278
0.5764296
0.5258312
0.4686563
0.4061172
0.3471539
0.3004220
0.2659026
0.2347681
0.1984020
0.1576281
0.1214630
0.0961410
0.0777109
0.0576112
0.0338662
0.0135888
0.0042462
0.0046822
0.0056893
-0.0012528
-0.0160555
-0.0305610
-0.0372143
-0.0369295
-0.0372056
-0.0426865
-0.0497478
-0.0512641
-0.0448577
-0.0352056
-0.0296302
-0.0325891
-0.0431717
-0.0564428
-0.0674661
-0.0745804
-0.0787711
-0.0807951
-0.0804304
-0.0780628
-0.0750889
-0.0726620
-0.0714625
-0.0722575
-0.0748171
-0.0767460
-0.0758623
-0.0740229
-0.0762551
-0.0848980
-0.0956683
-0.1005495
-0.0949898
-0.0830477
-0.0753975
-0.0802514
-0.0949182
-0.1078128
-0.1101197
-0.1038614
-0.0971489
-0.0939295
-0.0913986
-0.0864331
-0.0812872
-0.0818561
-0.0912225
-0.1054341
-0.1162093
-0.1189142
-0.1175077
-0.1197499
-0.1276412
-0.1351124
-0.1357399
-0.1301847
-0.1247619
-0.1245870
-0.1293692
-0.1346598
-0.1364798
-0.1355583
-0.1366591
-0.1423242
-0.1483209
-0.1479767
-0.1407950
-0.1339315
-0.1345673
-0.1429583
-0.1536114
-0.1617114
-0.1677459
-0.1761582
-0.1887381
-0.1992603
-0.1974139
-0.1802500
-0.1576545
-0.1435069
-0.1423143
-0.1467543
-0.1472342
-0.1415032
-0.1354640
-0.1362978
-0.1444744
-0.1521812
-0.1512987
-0.1432921
-0.1384387
-0.1438867
-0.1550581
-0.1606991
-0.1544980
-0.1402769
-0.1275345
-0.1230251
-0.1251082
-0.1257938
-0.1199595
-0.1122104
-0.1121008
-0.1228525
-0.1378173
-0.1481085
-0.1506814
-0.1487714
-0.1474070
-0.1488637
-0.1502003
-0.1456736
-0.1340238
-0.1223215
-0.1193984
-0.1260666
-0.1348658
-0.1390072
-0.1388724
-0.1400873
-0.1471456
-0.1581461
-0.1649440
-0.1610689
-0.1509097
-0.1472553
-0.1568049
-0.1715629
-0.1782088
-0.1732319
-0.1650497
-0.1630467
-0.1677094
-0.1705175
-0.1620643
-0.1419899
-0.1212887
-0.1118686
-0.1137266
-0.1163705
-0.1128715
-0.1071706
-0.1063684
-0.1112756
-0.1169609
-0.1186610
-0.1153684
-0.1105714
-0.1096084
-0.1129948
-0.1136590
-0.1054961
-0.0932171
-0.0878510
-0.0930178
-0.1012912
-0.1040068
-0.0998935
-0.0946789
-0.0963361
-0.1090681
-0.1279598
-0.1421161
-0.1468662
-0.1488787
-0.1549397
-0.1610482
-0.1584334
-0.1452581
-0.1262592
-0.1060646
-0.0892475
-0.0813989
-0.0826709
-0.0841120
-0.0762811
-0.0577319
-0.0308563
0.0062499
0.0617731
0.1501679
0.2893704
0.4862122
0.7215513
0.9598698
1.1724739
1.3344032
1.3976170
1.2945771
0.9917429
0.5385263
0.0579049
-0.3117892
-0.4836626
-0.4658322
-0.3508213
-0.2426594
-0.1826423
-0.1518837
-0.1311900
-0.1240124
-0.1247789
-0.1126362
-0.0931375
-0.1044692
-0.1576481
