0.2828472
0.3159488
0.2172319
0.1560872
0.1641013
0.1505810
0.0955880
0.0691679
0.0880495
0.0925628
0.0619329
0.0401861
0.0450810
0.0444012
0.0266536
0.0173097
0.0220659
0.0197438
0.0107765
0.0154686
0.0284217
0.0258909
0.0113229
0.0074895
0.0132612
0.0106157
0.0026233
0.0047231
0.0110718
0.0064781
-0.0013159
0.0049877
0.0198760
0.0260427
0.0239144
0.0236850
0.0227083
0.0146129
0.0057985
0.0022822
-0.0038572
-0.0173701
-0.0267562
-0.0239547
-0.0188138
-0.0202372
-0.0221684
-0.0206683
-0.0247184
-0.0377640
-0.0478587
-0.0475791
-0.0460432
-0.0519305
-0.0613196
-0.0690864
-0.0758355
-0.0790286
-0.0740496
-0.0672155
-0.0711616
-0.0853843
-0.0970398
-0.1008293
-0.1023245
-0.1035243
-0.1017294
-0.1005457
-0.1055008
-0.1108475
-0.1061705
-0.0936919
-0.0850664
-0.0842756
-0.0862595
-0.0879662
-0.0890732
-0.0872443
-0.0833071
-0.0844915
-0.0927041
-0.0974401
-0.0899143
-0.0759994
-0.0664851
-0.0635801
-0.0650941
-0.0717211
-0.0814193
-0.0862560
-0.0835330
-0.0819129
-0.0896242
-0.1040906
-0.1177039
-0.1257082
-0.1258032
-0.1195458
-0.1161074
-0.1241672
-0.1382441
-0.1435790
-0.1357788
-0.1247881
-0.1185402
-0.1139910
-0.1058906
-0.0939341
-0.0792034
-0.0619081
-0.0435956
-0.0251399
-0.0036794
0.0237959
0.0596869
0.1158505
0.2163035
0.3773613
0.5880363
0.8193351
1.0477429
1.2567100
1.4148668
1.4641992
1.3407189
1.0197469
0.5566598
0.0840924
-0.2536009
-0.3888022
-0.3642597
-0.2815834
-0.2197432
-0.1968357
-0.1895268
-0.1732208
-0.1465538
-0.1272903
-0.1287617
-0.1433432
-0.1529524
-0.1517579
-0.1495041
-0.1540941
-0.1617409
-0.1656075
-0.1643929
-0.1596935
-0.1526005
-0.1453935
-0.1408542
-0.1388425
-0.1379641
-0.1392141
-0.1429650
-0.1451838
-0.1428412
-0.1402112
-0.1431907
-0.1499273
-0.1534123
-0.1508970
-0.1450114
-0.1383432
-0.1323002
-0.1284951
-0.1264558
-0.1227764
-0.1160679
-0.1090247
-0.1028569
-0.0947995
-0.0840690
-0.0742365
-0.0659908
-0.0536141
-0.0331127
-0.0089286
0.0114076
0.0253204
0.0353090
0.0451116
0.0574560
0.0716270
0.0827801
0.0881830
0.0935819
0.1076412
0.1304013
0.1532767
0.1701979
0.1826108
0.1937921
0.2047598
0.2163266
0.2294872
0.2428042
0.2532894
0.2596700
0.2619885
0.2601433
0.2560467
0.2538531
0.2538465
0.2495719
0.2357340
0.2158314
0.1974479
0.1829879
0.1692400
0.1529594
0.1328253
0.1088488
0.0835965
0.0614944
0.0442141
0.0293318
0.0148852
0.0014508
-0.0113857
-0.0257839
-0.0412174
-0.0540672
-0.0633798
-0.0724636
-0.0832049
-0.0932449
-0.1002062
-0.1045986
-0.1075702
-0.1097592
-0.1129465
-0.1189886
-0.1267260
-0.1331248
-0.1369194
-0.1382629
-0.1368505
-0.1342261
-0.1353191
-0.1426021
-0.1505899
-0.1513756
-0.1445599
-0.1371630
-0.1346646
-0.1360509
-0.1367597
-0.1333239
-0.1262457
-0.1205535
-0.1216362
-0.1286935
-0.1348197
-0.1349895
-0.1307026
-0.1256945
-0.1217267
-0.1205997
-0.1251520
-0.1347151
-0.1433592
-0.1461560
-0.1448106
-0.1449151
-0.1498324
-0.1583855
-0.1660904
-0.1682613
-0.1647151
-0.1613234
-0.1639073
-0.1713024
-0.1778631
-0.1814636
-0.1846274
-0.1889103
-0.1933079
-0.1979101
-0.2039976
-0.2097962
-0.2103786
-0.2033469
-0.1926601
-0.1864604
-0.1914711
-0.2070642
-0.2231706
-0.2273274
-0.2168999
-0.2019965
-0.1938623
-0.1933175
-0.1931842
-0.1884155
-0.1799343
-0.1711161
-0.1646062
-0.1615868
-0.1614808
-0.1628160
-0.1649646
-0.1673818
-0.1675436
-0.1630452
-0.1559060
-0.1507223
-0.1477320
-0.1418645
-0.1300720
-0.1157905
-0.1042395
-0.0960583
-0.0870891
-0.0725061
-0.0502814
-0.0211694
0.0165896
0.0745844
0.1729491
0.3262482
0.5300367
0.7628789
0.9971628
1.2005092
1.3274468
1.3215835
1.1412561
0.7954879
0.3607225
-0.0435598
-0.3135581
-0.4153403
-0.3919593
-0.3197723
-0.2553902
-0.2156047
-0.1926163
-0.1768451
-0.1662460
-0.1623167
-0.1632815
-0.1632344
-0.1583361
-0.1518256
-0.1496305
-0.1515505
-0.1508359
-0.1431039
-0.1317295
-0.1230887
-0.1198374
-0.1203069
-0.1215556
-0.1213854
-0.1193630
-0.1169463
-0.1154774
-0.1144359
-0.1130983
-0.1123935
-0.1126410
-0.1111745
-0.1056792
-0.0988608
-0.0961870
-0.0992133
-0.1039367
-0.1053739
-0.1014190
-0.0929008
-0.0822037
-0.0714495
-0.0605649
-0.0479945
-0.0340318
-0.0213832
-0.0114215
-0.0025787
0.0061296
0.0131950
0.0185294
0.0263238
0.0407431
0.0601630
0.0782885
0.0906827
0.0992221
0.1106580
0.1304299
0.1562672
0.1786329
0.1901243
0.1940291
0.2006734
0.2157523
0.2356664
0.2540781
0.2687967
0.2810736
0.2918031
0.3007899
0.3081843
0.3149414
0.3217220
0.3268423
0.3253208
0.3123580
0.2894416
0.2646467
0.2443517
0.2265749
0.2051743
0.1786437
0.1513287
0.1270409
0.1049625
0.0821423
0.0579571
0.0356082
0.0196386
0.0113696
0.0069493
0.0015400
-0.0049203
-0.0088025
-0.0094502
-0.0107925
-0.0149555
-0.0180963
-0.0154519
-0.0084037
-0.0038433
-0.0071490
-0.0169944
-0.0265661
-0.0297780
-0.0272107
-0.0254570
-0.0293851
-0.0361920
-0.0390479
-0.0352900
-0.0284360
-0.0233935
-0.0229547
-0.0281417
-0.0379388
-0.0478823
-0.0520483
-0.0483649
-0.0412611
-0.0384777
-0.0449037
-0.0580337
-0.0688020
-0.0688214
-0.0583172
-0.0456603
-0.0383715
-0.0367024
-0.0368102
-0.0368826
-0.0376369
-0.0392976
-0.0412884
-0.0438456
-0.0473498
-0.0503764
-0.0502277
-0.0458001
-0.0397030
-0.0375181
-0.0436685
-0.0563142
-0.0674184
-0.0705747
-0.0684562
-0.0697806
-0.0789608
-0.0915419
-0.0999936
-0.1011060
-0.0971866
-0.0929136
-0.0923519
-0.0969833
-0.1048562
-0.1119345
-0.1148233
-0.1126822
-0.1077915
-0.1044869
-0.1053122
-0.1069422
-0.1023017
-0.0889549
-0.0735695
-0.0655374
-0.0673348
-0.0733367
-0.0769310
-0.0764665
-0.0749682
-0.0762814
-0.0815659
-0.0882905
-0.0924657
-0.0919742
-0.0873608
-0.0802933
-0.0731570
-0.0695000
-0.0716430
-0.0768361
-0.0782688
-0.0714655
-0.0584786
-0.0451263
-0.0352614
-0.0277293
-0.0173590
0.0010325
0.0282693
0.0615527
0.1024805
0.1640988
0.2660245
0.4196063
0.6176393
0.8379727
1.0543854
1.2409737
1.3652437
1.3811903
1.2411347
0.9309235
0.5034744
0.0726378
-0.2419718
-0.3809942
-0.3699837
-0.2870550
-0.2056073
-0.1573188
-0.1349405
-0.1197996
-0.1043120
-0.0930006
-0.0904097
-0.0944594
-0.1007476
-0.1077702
-0.1156840
-0.1234318
-0.1300662
-0.1371085
-0.1466536
-0.1571211
-0.1624019
-0.1560815
-0.1373953
-0.1137685
-0.0962810
-0.0904204
-0.0911943
-0.0888019
-0.0789108
-0.0660147
-0.0573941
-0.0557285
-0.0573493
-0.0559042
-0.0478337
-0.0357830
-0.0264493
-0.0237981
-0.0248413
-0.0232961
-0.0166771
-0.0083397
-0.0030810
-0.0020814
-0.0018850
0.0024932
0.0129562
0.0262075
0.0368383
0.0426389
0.0458122
0.0493958
0.0548774
0.0636242
0.0774052
0.0953478
0.1124824
0.1242183
0.1321824
0.1439187
0.1660285
0.1974127
0.2292166
0.2523967
0.2664974
0.2802022
0.3016632
0.3289277
0.3517669
0.3624789
0.3628048
0.3604218
0.3609511
0.3638717
0.3643182
0.3577294
0.3433392
0.3236721
0.3010156
0.2755392
0.2472388
0.2179067
0.1897089
0.1631725
0.1382688
0.1162932
0.0985180
0.0833617
0.0668676
0.0466319
0.0247112
0.0063361
-0.0047831
-0.0107322
-0.0184106
-0.0324434
-0.0490347
-0.0590693
-0.0581157
-0.0515146
-0.0485766
-0.0533014
-0.0618177
-0.0675178
-0.0673938
-0.0640678
-0.0626560
-0.0656311
-0.0706955
-0.0737594
-0.0731326
-0.0700211
-0.0661661
-0.0627567
-0.0609293
-0.0612033
-0.0623598
-0.0625465
-0.0617749
-0.0621622
-0.0654392
-0.0707904
-0.0750337
-0.0749023
-0.0703442
-0.0661333
-0.0685445
-0.0789468
-0.0917747
-0.1003485
-0.1039075
-0.1074872
-0.1155190
-0.1270196
-0.1368996
-0.1409529
-0.1395097
-0.1367175
-0.1363915
-0.1387723
-0.1413879
-0.1419590
-0.1394263
-0.1335952
-0.1261486
-0.1212034
-0.1215333
-0.1235515
-0.1191708
-0.1048421
-0.0872481
-0.0777779
-0.0812911
-0.0913776
-0.0970238
-0.0936627
-0.0872305
-0.0869949
-0.0950729
-0.1046600
-0.1087375
-0.1081062
-0.1091740
-0.1157027
-0.1253677
-0.1338722
-0.1399825
-0.1459698
-0.1543968
-0.1649659
-0.1741141
-0.1779048
-0.1756980
-0.1706139
-0.1663351
-0.1643420
-0.1643188
-0.1656530
-0.1675865
-0.1690272
-0.1693519
-0.1688776
-0.1678409
-0.1653056
-0.1594918
-0.1491148
-0.1349365
-0.1207039
-0.1115589
-0.1096182
-0.1112105
-0.1103586
-0.1054407
-0.1008940
-0.1016757
-0.1071255
-0.1110087
-0.1072495
-0.0956857
-0.0826985
-0.0756749
-0.0757540
-0.0760613
-0.0678001
-0.0477648
-0.0188198
0.0173913
0.0681338
0.1498515
0.2789881
0.4587233
0.6718008
0.8860694
1.0671916
1.1853710
1.2121864
1.1197908
0.8949881
0.5614350
0.1871778
-0.1377354
-0.3436167
-0.4144038
-0.3876882
-0.3232847
-0.2664682
-0.2321706
-0.2138920
-0.2009228
-0.1882391
-0.1767623
-0.1693586
-0.1668234
-0.1661786
-0.1627571
-0.1544576
-0.1437382
-0.1352030
-0.1314580
-0.1312041
-0.1309421
-0.1286258
-0.1258609
-0.1260798
-0.1303623
-0.1359436
-0.1393515
-0.1399488
-0.1395856
-0.1399677
-0.1416505
-0.1446324
-0.1481873
-0.1503599
-0.1492053
-0.1450203
-0.1406784
-0.1392705
-0.1411199
-0.1426984
-0.1388146
-0.1270925
-0.1107845
-0.0963435
-0.0876704
-0.0831243
-0.0780598
-0.0693760
-0.0575700
-0.0454527
-0.0351334
-0.0253632
-0.0118081
0.0088428
0.0346613
0.0593762
0.0779951
0.0909334
0.1024285
0.1157428
0.1304648
0.1441394
0.1560251
0.1687749
0.1858173
0.2071680
0.2289266
0.2473098
0.2619219
0.2742885
0.2847102
0.2922328
0.2967530
0.2989816
0.2982200
0.2919644
0.2786667
0.2601883
0.2405916
0.2222206
0.2032335
0.1796687
0.1503888
0.1193487
0.0920448
0.0701513
0.0508334
0.0309285
0.0101115
-0.0100258
-0.0278456
-0.0416682
-0.0497941
-0.0524899
-0.0534776
-0.0577244
-0.0669875
-0.0779219
-0.0852267
-0.0870715
-0.0872387
-0.0912023
-0.0999887
-0.1089124
-0.1128845
-0.1118637
-0.1101701
-0.1115665
-0.1164553
-0.1230658
-0.1294157
-0.1340415
-0.1365353
-0.1381348
-0.1408217
-0.1449396
-0.1479918
-0.1466295
-0.1404053
-0.1334017
-0.1311111
-0.1348067
-0.1396354
-0.1396780
-0.1347329
-0.1304557
-0.1314825
-0.1361508
-0.1389425
-0.1366595
-0.1307555
-0.1245577
-0.1201334
-0.1180991
-0.1188813
-0.1226149
-0.1277259
-0.1310401
-0.1309544
-0.1304880
-0.1352404
-0.1469442
-0.1602202
-0.1676386
-0.1677498
-0.1664471
-0.1702584
-0.1797659
-0.1900587
-0.1962895
-0.1977439
-0.1970589
-0.1966672
-0.1965729
-0.1953363
-0.1924224
-0.1889140
-0.1862285
-0.1849923
-0.1850313
-0.1853488
-0.1840586
-0.1798699
-0.1744122
-0.1717494
-0.1741599
-0.1788673
-0.1801460
-0.1747141
-0.1644904
-0.1543241
-0.1478473
-0.1456693
-0.1467536
-0.1503481
-0.1558751
-0.1615858
-0.1650477
-0.1657450
-0.1658320
-0.1668171
-0.1664636
-0.1611947
-0.1515989
-0.1432196
-0.1405925
-0.1418908
-0.1412562
-0.1361676
-0.1308306
-0.1313314
-0.1381232
-0.1446909
-0.1441084
-0.1358955
-0.1254973
-0.1180843
-0.1147481
-0.1141685
-0.1148081
-0.1139990
-0.1076080
-0.0938951
-0.0770182
-0.0633943
-0.0534912
-0.0393892
-0.0119786
0.0314716
0.0902512
0.1707641
0.2896997
0.4614534
0.6808786
0.9201278
1.1420132
1.3119985
1.3954817
1.3527362
1.1542450
0.8140727
0.4071684
0.0417718
-0.1991022
-0.2996154
-0.3031533
-0.2678902
-0.2288932
-0.1941312
-0.1631421
-0.1394930
-0.1261218
-0.1179120
-0.1062136
-0.0898216
-0.0767174
-0.0738046
-0.0781017
-0.0803595
-0.0759250
-0.0695441
-0.0692484
-0.0772563
-0.0879461
-0.0938642
-0.0922291
-0.0857234
-0.0789698
-0.0755648
-0.0770180
-0.0819070
-0.0858132
-0.0844066
-0.0779227
-0.0711909
-0.0677228
-0.0647590
-0.0563076
-0.0414040
-0.0275177
-0.0239853
-0.0319714
-0.0420724
-0.0426993
-0.0305456
-0.0122330
0.0036626
0.0146062
0.0241662
0.0365459
0.0530460
0.0727516
0.0939041
0.1139358
0.1302106
0.1424150
0.1535571
0.1671166
0.1830906
0.1980186
0.2095786
0.2202792
0.2350626
0.2549710
0.2747969
0.2886209
0.2970862
0.3071571
0.3241147
0.3453952
0.3635172
0.3740978
0.3795782
0.3855062
0.3946464
0.4049169
0.4116605
0.4108248
0.4005624
0.3815107
0.3567066
0.3307652
0.3076779
0.2886294
0.2723784
0.2579706
0.2460634
0.2367537
0.2271797
0.2132573
0.1942336
0.1742067
0.1581628
0.1469435
0.1368035
0.1237615
0.1078670
0.0931654
0.0838621
0.0806886
0.0806674
0.0798182
0.0759621
0.0696501
0.0632872
0.0592336
0.0577685
0.0565367
0.0527187
0.0462719
0.0405426
0.0391576
0.0426165
0.0482517
0.0529192
0.0549537
0.0538547
0.0493647
0.0417694
0.0329381
0.0262593
0.0248304
0.0294265
0.0382077
0.0481906
0.0566905
0.0617104
0.0621687
0.0586170
0.0531922
0.0478335
0.0425467
0.0361724
0.0288468
0.0227655
0.0200291
0.0202637
0.0209192
0.0196909
0.0161848
0.0113431
0.0059396
0.0001580
-0.0056332
-0.0105577
-0.0141390
-0.0169400
-0.0194311
-0.0204710
-0.0182082
-0.0131956
-0.0097777
-0.0130668
-0.0240645
-0.0380570
-0.0480701
-0.0500075
-0.0447296
-0.0357022
-0.0252203
-0.0132893
0.0000760
0.0125788
0.0208664
0.0241631
0.0256460
0.0292289
0.0351102
0.0394213
0.0388099
0.0348390
0.0327599
0.0355145
0.0398662
0.0397406
0.0332807
0.0250325
0.0202568
0.0183754
0.0139886
0.0042761
-0.0067960
-0.0130894
-0.0139722
-0.0151783
-0.0214973
-0.0304322
-0.0350465
-0.0327360
-0.0289054
-0.0306410
-0.0381214
-0.0445476
-0.0446158
-0.0407377
-0.0392734
-0.0418313
-0.0427140
-0.0356509
-0.0215975
-0.0084644
-0.0033426
-0.0059856
-0.0100684
-0.0098943
-0.0052425
-0.0003909
0.0003352
-0.0040093
-0.0105915
-0.0148010
-0.0133648
-0.0069025
0.0003275
0.0041164
0.0042644
0.0044130
0.0076583
0.0131401
0.0179207
0.0217001
0.0278794
0.0392243
0.0546072
0.0737353
0.1067252
0.1763820
0.3060396
0.5016562
0.7450645
1.0039945
1.2455020
1.4363936
1.5333033
1.4842206
1.2563494
0.8744989
0.4323693
0.0545243
-0.1700624
-0.2329002
-0.1952357
-0.1348426
-0.0966947
-0.0828370
-0.0767256
-0.0698050
-0.0664580
-0.0718173
-0.0826275
-0.0914579
-0.0959077
-0.0999361
-0.1065819
-0.1126121
-0.1122112
-0.1046390
-0.0959851
-0.0930067
-0.0966661
-0.1025307
-0.1064401
-0.1082929
-0.1104208
-0.1138836
-0.1174113
-0.1192152
-0.1183743
-0.1141960
-0.1054522
-0.0914559
-0.0738736
-0.0566480
-0.0435441
-0.0356183
-0.0309170
-0.0264285
-0.0205469
-0.0142676
-0.0102345
-0.0100295
-0.0117163
-0.0103696
-0.0022328
0.0109204
0.0221555
0.0252642
0.0206982
0.0151933
0.0152559
0.0214772
0.0295188
0.0358359
0.0412098
0.0486472
0.0592124
0.0711027
0.0823604
0.0930403
0.1041481
0.1155137
0.1260760
0.1362229
0.1484889
0.1649734
0.1845737
0.2038700
0.2209238
0.2373108
0.2556232
0.2751333
0.2906900
0.2965208
0.2913471
0.2796428
0.2675071
0.2569142
0.2439678
0.2231873
0.1939178
0.1624040
0.1368493
0.1197566
0.1052183
0.0845258
0.0549730
0.0227637
-0.0033630
-0.0211179
-0.0364324
-0.0561383
-0.0799221
-0.1005460
-0.1117604
-0.1148649
-0.1169535
-0.1233866
-0.1329279
-0.1402371
-0.1420870
-0.1402654
-0.1387769
-0.1394752
-0.1411180
-0.1420219
-0.1425217
-0.1445542
-0.1493858
-0.1561658
-0.1626153
-0.1669964
-0.1694520
-0.1713948
-0.1734949
-0.1744908
-0.1724966
-0.1677267
-0.1635180
-0.1638946
-0.1696785
-0.1773116
-0.1822425
-0.1836785
-0.1852426
-0.1901967
-0.1966059
-0.1987777
-0.1940879
-0.1871815
-0.1859299
-0.1932756
-0.2043352
-0.2121654
-0.2154235
-0.2189085
-0.2264226
-0.2347270
-0.2363967
-0.2287614
-0.2183280
-0.2149444
-0.2220583
-0.2340237
-0.2429253
-0.2464887
-0.2483932
-0.2519928
-0.2557782
-0.2557977
-0.2514665
-0.2473117
-0.2483404
-0.2545194
-0.2609901
-0.2637113
-0.2636735
-0.2647711
-0.2682885
-0.2708949
-0.2685380
-0.2615906
-0.2552277
-0.2543556
-0.2584628
-0.2621331
-0.2609873
-0.2565397
-0.2541891
-0.2563713
-0.2589319
-0.2553690
-0.2443915
-0.2322111
-0.2268460
-0.2305491
-0.2383744
-0.2440232
-0.2461238
-0.2478875
-0.2511441
-0.2527397
-0.2483268
-0.2388863
-0.2312722
-0.2313157
-0.2375161
-0.2429814
-0.2434740
-0.2421121
-0.2450739
-0.2531826
-0.2594949
-0.2565176
-0.2451828
-0.2347795
-0.2332228
-0.2387275
-0.2425336
-0.2391306
-0.2317286
-0.2270159
-0.2262532
-0.2236830
-0.2140466
-0.1999978
-0.1901928
-0.1898322
-0.1947089
-0.1961058
-0.1910577
-0.1858904
-0.1887946
-0.1999867
-0.2105655
-0.2112574
-0.2016973
-0.1906389
-0.1868434
-0.1899345
-0.1909704
-0.1825670
-0.1674918
-0.1553328
-0.1502563
-0.1442836
-0.1252471
-0.0909673
-0.0517092
-0.0147441
0.0332996
0.1240566
0.2825165
0.5033593
0.7532913
0.9948785
1.2016391
1.3461981
1.3816688
1.2527116
0.9412824
0.5060148
0.0688167
-0.2508371
-0.4021101
-0.4163638
-0.3646342
-0.3038275
-0.2556665
-0.2208818
-0.1987695
-0.1903081
-0.1915709
-0.1943103
-0.1948460
-0.1977215
-0.2075141
-0.2192203
-0.2207702
-0.2061707
-0.1837602
-0.1688284
-0.1682095
-0.1743237
-0.1751083
-0.1675239
-0.1589512
-0.1564385
-0.1580630
-0.1563116
-0.1477560
-0.1366019
-0.1286404
-0.1240760
-0.1183268
-0.1093899
-0.1017664
-0.1009650
-0.1049861
-0.1043493
-0.0922912
-0.0734133
-0.0598457
-0.0587149
-0.0650509
-0.0677650
-0.0615436
-0.0516379
-0.0469862
-0.0497136
-0.0525160
-0.0465078
-0.0305886
-0.0121142
0.0010584
0.0077083
0.0124649
0.0197398
0.0298588
0.0407139
0.0517597
0.0653039
0.0834817
0.1044250
0.1228404
0.1355720
0.1459608
0.1608491
0.1826471
0.2057395
0.2222167
0.2309945
0.2398601
0.2572629
0.2820361
0.3025360
0.3074299
0.2971955
0.2832688
0.2751704
0.2702438
0.2579173
0.2331435
0.2030359
0.1793693
0.1661061
0.1559697
0.1391728
0.1140453
0.0878722
0.0676979
0.0523277
0.0349904
0.0129345
-0.0082294
-0.0207526
-0.0237904
-0.0247167
-0.0317566
-0.0462442
-0.0620919
-0.0722533
-0.0754663
-0.0767031
-0.0811669
-0.0884523
-0.0932359
-0.0914496
-0.0849995
-0.0803497
-0.0828962
-0.0924485
-0.1034690
-0.1097942
-0.1097917
-0.1069651
-0.1052332
-0.1042022
-0.1000860
-0.0911826
-0.0812749
-0.0767397
-0.0801636
-0.0870676
-0.0896230
-0.0844304
-0.0764153
-0.0737695
-0.0787053
-0.0846577
-0.0837139
-0.0757334
-0.0685056
-0.0691251
-0.0767732
-0.0846989
-0.0884528
-0.0907435
-0.0973313
-0.1087510
-0.1181164
-0.1185642
-0.1117461
-0.1065528
-0.1090978
-0.1160955
-0.1195381
-0.1166807
-0.1134202
-0.1173765
-0.1286520
-0.1386671
-0.1388353
-0.1300375
-0.1222768
-0.1243588
-0.1348594
-0.1441790
-0.1446510
-0.1373544
-0.1295613
-0.1271579
-0.1298170
-0.1323399
-0.1299609
-0.1226885
-0.1149155
-0.1110175
-0.1116062
-0.1139260
-0.1151312
-0.1148073
-0.1147807
-0.1166629
-0.1191569
-0.1181607
-0.1109117
-0.1002140
-0.0927833
-0.0921511
-0.0943066
-0.0919978
-0.0831397
-0.0734839
-0.0701616
-0.0730674
-0.0738093
-0.0641598
-0.0452242
-0.0266501
-0.0159925
-0.0101508
0.0018703
0.0301400
0.0808423
0.1608504
0.2798561
0.4438959
0.6468215
0.8689717
1.0818952
1.2503270
1.3296746
1.2706420
1.0426690
0.6674065
0.2316924
-0.1440553
-0.3683119
-0.4252568
-0.3696459
-0.2789517
-0.2056303
-0.1628662
-0.1412863
-0.1307328
-0.1275891
-0.1295596
-0.1315813
-0.1294455
-0.1243810
-0.1204748
-0.1181682
-0.1136123
-0.1051382
-0.0972236
-0.0956269
-0.0999261
-0.1034424
-0.1009309
-0.0948803
-0.0930578
-0.0998131
-0.1106446
-0.1163709
-0.1126527
-0.1040972
-0.0984302
-0.0982490
-0.1000386
-0.1000004
-0.0983132
-0.0974439
-0.0981729
-0.0982821
-0.0946274
-0.0862842
-0.0759879
-0.0680767
-0.0642297
-0.0614074
-0.0547375
-0.0425240
-0.0281203
-0.0168503
-0.0108069
-0.0061122
0.0042489
0.0235419
0.0471165
0.0665884
0.0786833
0.0885425
0.1035141
0.1249757
0.1474225
0.1649088
0.1774293
0.1911821
0.2128144
0.2428607
0.2746181
0.3000198
0.3167576
0.3293174
0.3434986
0.3607765
0.3776289
0.3891708
0.3933378
0.3922370
0.3892724
0.3844354
0.3731112
0.3505974
0.3175038
0.2798764
0.2443208
0.2134310
0.1849865
0.1546483
0.1203938
0.0855774
0.0568588
0.0376352
0.0239366
0.0083524
-0.0118211
-0.0315306
-0.0437425
-0.0479196
-0.0517373
-0.0631117
-0.0803860
-0.0925450
-0.0913219
-0.0818735
-0.0781648
-0.0873744
-0.1019955
-0.1090201
-0.1046205
-0.0972934
-0.0974359
-0.1062193
-0.1152470
-0.1157974
-0.1071620
-0.0959577
-0.0886924
-0.0866854
-0.0878872
-0.0908960
-0.0954146
-0.1004419
-0.1043400
-0.1061235
-0.1050362
-0.0997924
-0.0905168
-0.0811756
-0.0775944
-0.0818918
-0.0897699
-0.0941849
-0.0918599
-0.0863903
-0.0848534
-0.0906517
-0.0995606
-0.1036713
-0.0994063
-0.0908196
-0.0852271
-0.0870203
-0.0955393
-0.1065613
-0.1147341
-0.1164574
-0.1123654
-0.1067051
-0.1034331
-0.1031045
-0.1035537
-0.1026886
-0.1003275
-0.0980425
-0.0974672
-0.0985047
-0.0997658
-0.1012940
-0.1054931
-0.1136280
-0.1222353
-0.1253377
-0.1206296
-0.1121327
-0.1064713
-0.1072688
-0.1127444
-0.1176196
-0.1176485
-0.1134315
-0.1097502
-0.1104444
-0.1141667
-0.1156482
-0.1108024
-0.1006131
-0.0910051
-0.0887902
-0.0958752
-0.1067114
-0.1131350
-0.1127457
-0.1110331
-0.1141855
-0.1213855
-0.1258154
-0.1224349
-0.1133198
-0.1054533
-0.1038930
-0.1070460
-0.1087544
-0.1054036
-0.1003343
-0.1001712
-0.1072365
-0.1167166
-0.1208170
-0.1147126
-0.0996775
-0.0824055
-0.0703525
-0.0649459
-0.0590678
-0.0433718
-0.0154282
0.0197771
0.0600901
0.1159157
0.2073120
0.3487393
0.5345256
0.7389655
0.9312055
1.0883347
1.1909511
1.2085373
1.1007839
0.8469915
0.4805171
0.0911044
-0.2160305
-0.3763342
-0.3956087
-0.3336212
-0.2583823
-0.2079134
-0.1841628
-0.1726268
-0.1627221
-0.1532838
-0.1471842
-0.1455551
-0.1459886
-0.1443322
-0.1386926
-0.1319380
-0.1287936
-0.1300311
-0.1311793
-0.1278337
-0.1209637
-0.1158002
-0.1156660
-0.1174016
-0.1135640
-0.1003689
-0.0835388
-0.0741935
-0.0775235
-0.0870585
-0.0916747
-0.0867771
-0.0768868
-0.0689802
-0.0659524
-0.0658651
-0.0649600
-0.0610590
-0.0555475
-0.0523793
-0.0543887
-0.0604299
-0.0660977
-0.0667787
-0.0605771
-0.0498179
-0.0394837
-0.0321164
-0.0239800
-0.0084602
0.0159934
0.0432432
0.0656576
0.0813667
0.0946533
0.1106604
0.1305591
0.1510447
0.1683361
0.1833910
0.2024770
0.2309304
0.2666269
0.3012531
0.3279177
0.3463170
0.3611561
0.3772081
0.3953588
0.4116840
0.4206577
0.4206539
0.4157767
0.4109076
0.4055549
0.3939750
0.3710068
0.3370111
0.2978485
0.2605712
0.2279215
0.1964565
0.1615097
0.1243095
0.0918697
0.0687203
0.0510984
0.0312920
0.0063684
-0.0190974
-0.0381832
-0.0484843
-0.0545384
-0.0637608
-0.0789455
-0.0947362
-0.1027963
-0.1004293
-0.0928751
-0.0877138
-0.0888065
-0.0950524
-0.1025780
-0.1079858
-0.1114174
-0.1164732
-0.1254117
-0.1347840
-0.1379705
-0.1323942
-0.1229301
-0.1180930
-0.1232972
-0.1366137
-0.1499987
-0.1561053
-0.1554630
-0.1557612
-0.1626791
-0.1729490
-0.1782046
-0.1743252
-0.1651292
-0.1578494
-0.1566331
-0.1598399
-0.1625567
-0.1621429
-0.1613506
-0.1647462
-0.1723054
-0.1787109
-0.1792206
-0.1739313
-0.1659211
-0.1579106
-0.1517658
-0.1488355
-0.1491431
-0.1514464
-0.1548162
-0.1590484
-0.1633855
-0.1661285
-0.1656052
-0.1608631
-0.1525816
-0.1445574
-0.1422458
-0.1470585
-0.1533989
-0.1545732
-0.1511817
-0.1505515
-0.1574945
-0.1679794
-0.1728492
-0.1670160
-0.1550333
-0.1476855
-0.1517277
-0.1625110
-0.1685953
-0.1643242
-0.1554580
-0.1513055
-0.1541241
-0.1583249
-0.1578220
-0.1516390
-0.1434939
-0.1378274
-0.1357113
-0.1339638
-0.1292435
-0.1229436
-0.1201279
-0.1233804
-0.1296657
-0.1335173
-0.1315857
-0.1244856
-0.1166509
-0.1141156
-0.1195034
-0.1287366
-0.1349778
-0.1360472
-0.1358380
-0.1384071
-0.1428476
-0.1443641
-0.1392122
-0.1290318
-0.1211172
-0.1225640
-0.1322423
-0.1403683
-0.1385478
-0.1289869
-0.1213984
-0.1218847
-0.1270958
-0.1285569
-0.1210558
-0.1075753
-0.0969637
-0.0953693
-0.0992705
-0.0989973
-0.0899405
-0.0776950
-0.0707588
-0.0706015
-0.0706838
-0.0635611
-0.0477949
-0.0294641
-0.0174503
-0.0154382
-0.0183383
-0.0184426
-0.0145362
-0.0121081
-0.0149342
-0.0199766
-0.0211865
-0.0153611
-0.0034976
0.0111164
0.0255153
0.0402759
0.0618976
0.1021020
0.1750216
0.2935936
0.4636401
0.6772766
0.9127384
1.1414250
1.3315193
1.4432870
1.4299311
1.2584080
0.9397885
0.5407521
0.1604559
-0.1147888
-0.2498861
-0.2680299
-0.2242038
-0.1679339
-0.1235852
-0.0949637
-0.0780237
-0.0675016
-0.0591030
-0.0518396
-0.0475612
-0.0463231
-0.0441486
-0.0370894
-0.0259748
-0.0160814
-0.0131188
-0.0189834
-0.0293169
-0.0359655
-0.0346514
-0.0297698
-0.0288401
-0.0328554
-0.0351408
-0.0293098
-0.0155936
0.0000886
0.0107859
0.0133375
0.0113971
0.0127559
0.0211691
0.0319936
0.0381554
0.0387336
0.0390781
0.0440756
0.0539114
0.0651727
0.0739592
0.0790121
0.0829628
0.0888077
0.0948432
0.0963807
0.0935238
0.0933101
0.1018644
0.1174702
0.1335874
0.1462114
0.1564946
0.1683399
0.1846778
0.2042233
0.2217098
0.2337654
0.2441701
0.2600205
0.2828405
0.3069600
0.3267172
0.3418562
0.3556512
0.3707461
0.3869719
0.4010521
0.4093901
0.4133462
0.4196338
0.4321332
0.4452155
0.4490127
0.4400236
0.4230894
0.4042718
0.3852980
0.3642839
0.3392821
0.3116809
0.2870602
0.2703677
0.2590736
0.2443930
0.2212315
0.1937870
0.1694751
0.1507054
0.1346583
0.1178088
0.0986077
0.0787917
0.0637549
0.0585115
0.0617386
0.0665613
0.0679726
0.0664484
0.0641035
0.0611459
0.0568947
0.0510974
0.0439296
0.0373479
0.0353670
0.0393990
0.0445715
0.0448810
0.0410777
0.0392295
0.0422113
0.0466218
0.0476307
0.0436859
0.0373851
0.0342077
0.0383112
0.0468212
0.0509446
0.0459040
0.0370087
0.0325801
0.0336507
0.0341419
0.0289225
0.0186929
0.0087919
0.0048789
0.0073025
0.0091040
0.0035279
-0.0059156
-0.0081852
0.0009246
0.0128015
0.0171971
0.0145568
0.0138524
0.0215559
0.0358120
0.0498820
0.0599706
0.0700425
0.0870949
0.1106962
0.1332955
0.1576121
0.2095404
0.3235436
0.5130051
0.7590684
1.0254010
1.2735045
1.4606149
1.5330102
1.4376143
1.1558420
0.7369737
0.2957796
-0.0410655
-0.2070953
-0.2261278
-0.1757544
-0.1244800
-0.0986200
-0.0914544
-0.0879574
-0.0811964
-0.0749396
-0.0757479
-0.0832451
-0.0896429
-0.0883118
-0.0791609
-0.0661290
-0.0547642
-0.0521194
-0.0619474
-0.0780667
-0.0884840
-0.0881823
-0.0830228
-0.0803996
-0.0816863
-0.0845147
-0.0865606
-0.0859163
-0.0825966
-0.0800389
-0.0808898
-0.0824360
-0.0809386
-0.0785265
-0.0802002
-0.0856912
-0.0896838
-0.0884250
-0.0815896
-0.0704633
-0.0589848
-0.0528937
-0.0524661
-0.0496516
-0.0377805
-0.0207098
-0.0074042
-0.0008411
0.0035089
0.0119249
0.0285287
0.0524786
0.0758845
0.0896083
0.0940308
0.0987443
0.1095179
0.1220881
0.1312247
0.1389064
0.1503717
0.1680386
0.1914809
0.2175572
0.2395045
0.2523582
0.2599803
0.2702197
0.2831079
0.2906839
0.2881028
0.2779691
0.2645041
0.2503076
0.2374085
0.2244906
0.2049744
0.1748538
0.1402603
0.1107913
0.0883691
0.0688411
0.0502793
0.0328607
0.0150221
-0.0033384
-0.0182120
-0.0281448
-0.0384839
-0.0532695
-0.0686027
-0.0795267
-0.0873690
-0.0952489
-0.1028894
-0.1102832
-0.1191936
-0.1269852
-0.1269748
-0.1190108
-0.1118672
-0.1117091
-0.1158752
-0.1200814
-0.1231949
-0.1236812
-0.1208612
-0.1205994
-0.1296542
-0.1435785
-0.1503500
-0.1465491
-0.1403680
-0.1392338
-0.1441325
-0.1544087
-0.1678759
-0.1781498
-0.1817694
-0.1851566
-0.1951510
-0.2069855
-0.2113807
-0.2084103
-0.2045965
-0.2022126
-0.2010085
-0.2035600
-0.2092338
-0.2103493
-0.2036738
-0.1976942
-0.1998665
-0.2055556
-0.2074914
-0.2061470
-0.2034018
-0.1971632
-0.1894835
-0.1881547
-0.1934532
-0.1953939
-0.1897693
-0.1841094
-0.1833579
-0.1835345
-0.1829937
-0.1849205
-0.1859286
-0.1781504
-0.1650450
-0.1591965
-0.1631033
-0.1678386
-0.1698697
-0.1725926
-0.1738400
-0.1697572
-0.1674034
-0.1749309
-0.1839780
-0.1808038
-0.1692282
-0.1638356
-0.1677653
-0.1755442
-0.1879658
-0.2049559
-0.2152285
-0.2126825
-0.2104502
-0.2198540
-0.2302789
-0.2282180
-0.2187755
-0.2101506
-0.1970796
-0.1781261
-0.1670319
-0.1686408
-0.1676522
-0.1578365
-0.1547032
-0.1632532
-0.1646472
-0.1511136
-0.1402425
-0.1397303
-0.1351403
-0.1257660
-0.1306092
-0.1463467
-0.1458211
-0.1296022
-0.1280130
-0.1428465
-0.1443853
-0.1329965
-0.1379721
-0.1504812
-0.1345026
-0.1086731
-0.1264544
-0.1684985
-0.1632605
-0.1276269
-0.1536308
-0.2190684
-0.1643644
0.0627545
