0.0040290
0.0419157
0.0281567
0.0285871
0.0606016
0.0945881
0.1199424
0.1535521
0.1953842
0.2261177
0.2464767
0.2781510
0.3251762
0.3680314
0.3971285
0.4236726
0.4561608
0.4901373
0.5217672
0.5513951
0.5746716
0.5876841
0.5981012
0.6150371
0.6316385
0.6328901
0.6165257
0.5923687
0.5658331
0.5352359
0.5004981
0.4621420
0.4162384
0.3612503
0.3052726
0.2570873
0.2149982
0.1724920
0.1291565
0.0886439
0.0519960
0.0198428
-0.0048621
-0.0222357
-0.0373873
-0.0519944
-0.0605927
-0.0597742
-0.0542886
-0.0497501
-0.0458045
-0.0403041
-0.0341992
-0.0293812
-0.0273829
-0.0316659
-0.0446210
-0.0610845
-0.0719119
-0.0757295
-0.0807846
-0.0936183
-0.1113984
-0.1262239
-0.1321415
-0.1283965
-0.1209021
-0.1194471
-0.1280669
-0.1393745
-0.1434976
-0.1407266
-0.1397622
-0.1452098
-0.1526119
-0.1550872
-0.1503851
-0.1423047
-0.1383701
-0.1441440
-0.1570210
-0.1683229
-0.1738475
-0.1782954
-0.1862260
-0.1932931
-0.1910306
-0.1773541
-0.1584894
-0.1426991
-0.1345597
-0.1328131
-0.1318924
-0.1281608
-0.1255701
-0.1316138
-0.1467401
-0.1618033
-0.1675183
-0.1632480
-0.1558291
-0.1531863
-0.1592576
-0.1711511
-0.1806840
-0.1822880
-0.1796512
-0.1811659
-0.1890974
-0.1971162
-0.1986946
-0.1944405
-0.1906379
-0.1929207
-0.2012230
-0.2093867
-0.2111868
-0.2083434
-0.2098591
-0.2208069
-0.2347894
-0.2412391
-0.2379396
-0.2322810
-0.2313687
-0.2345283
-0.2354048
-0.2293476
-0.2189556
-0.2127513
-0.2165816
-0.2259618
-0.2297353
-0.2222277
-0.2088807
-0.1989514
-0.1959942
-0.1970129
-0.1976975
-0.1962140
-0.1937741
-0.1929852
-0.1944002
-0.1947255
-0.1906358
-0.1841619
-0.1814606
-0.1858560
-0.1944308
-0.2016755
-0.2045422
-0.2043269
-0.2056493
-0.2127142
-0.2241336
-0.2323914
-0.2312517
-0.2232145
-0.2171639
-0.2190467
-0.2268822
-0.2341817
-0.2361639
-0.2331196
-0.2293052
-0.2280961
-0.2276507
-0.2228869
-0.2122839
-0.2001960
-0.1911767
-0.1848173
-0.1782473
-0.1712125
-0.1658352
-0.1625648
-0.1587171
-0.1507908
-0.1372722
-0.1196468
-0.1008322
-0.0817984
-0.0600424
-0.0319739
0.0057134
0.0604968
0.1480556
0.2854352
0.4763340
0.7038593
0.9376581
1.1450543
1.2940098
1.3497509
1.2773498
1.0581028
0.7124969
0.3092169
-0.0567235
-0.3086925
-0.4237136
-0.4319392
-0.3861470
-0.3294743
-0.2818061
-0.2445030
-0.2125431
-0.1840673
-0.1620321
-0.1493403
-0.1443294
-0.1415338
-0.1358718
-0.1261107
-0.1158616
-0.1111637
-0.1147302
-0.1219584
-0.1250462
-0.1220597
-0.1194871
-0.1242085
-0.1348024
-0.1426847
-0.1410362
-0.1314835
-0.1224430
-0.1211990
-0.1270651
-0.1326692
-0.1326749
-0.1299322
-0.1310645
-0.1370251
-0.1410084
-0.1361408
-0.1230216
-0.1087129
-0.0993341
-0.0941187
-0.0864804
-0.0715074
-0.0526191
-0.0389613
-0.0346794
-0.0323297
-0.0192199
0.0101005
0.0490121
0.0856059
0.1128632
0.1330518
0.1539399
0.1808459
0.2117614
0.2404476
0.2640553
0.2862836
0.3127597
0.3449528
0.3793035
0.4108140
0.4366603
0.4575567
0.4764188
0.4949368
0.5114426
0.5233370
0.5312906
0.5389680
0.5480064
0.5548238
0.5530825
0.5384140
0.5108407
0.4740640
0.4327457
0.3894180
0.3437638
0.2954199
0.2468977
0.2026717
0.1657157
0.1356777
0.1097983
0.0850147
0.0604936
0.0392690
0.0259215
0.0207902
0.0175115
0.0085860
-0.0065302
-0.0204445
-0.0254456
-0.0216214
-0.0172432
-0.0209070
-0.0328712
-0.0447656
-0.0490727
-0.0481587
-0.0515202
-0.0638026
-0.0782226
-0.0835251
-0.0760399
-0.0633606
-0.0568417
-0.0614464
-0.0723669
-0.0806981
-0.0823076
-0.0810325
-0.0831624
-0.0899610
-0.0968558
-0.0991535
-0.0967677
-0.0934701
-0.0930499
-0.0963179
-0.1006444
-0.1022848
-0.1000433
-0.0966626
-0.0960340
-0.0993059
-0.1040195
-0.1062247
-0.1031152
-0.0952146
-0.0872636
-0.0855694
-0.0924575
-0.1036033
-0.1122344
-0.1158877
-0.1180664
-0.1233735
-0.1318807
-0.1386469
-0.1389157
-0.1339180
-0.1307680
-0.1354112
-0.1459779
-0.1546161
-0.1559943
-0.1525540
-0.1511340
-0.1558061
-0.1643459
-0.1704299
-0.1689986
-0.1608543
-0.1525404
-0.1505389
-0.1548997
-0.1592512
-0.1574227
-0.1495241
-0.1414730
-0.1391419
-0.1429444
-0.1476709
-0.1477331
-0.1427696
-0.1376181
-0.1367176
-0.1396874
-0.1429263
-0.1441368
-0.1440815
-0.1449053
-0.1480384
-0.1530708
-0.1575504
-0.1585616
-0.1557650
-0.1525527
-0.1531084
-0.1582723
-0.1647848
-0.1685056
-0.1682812
-0.1670233
-0.1688254
-0.1742235
-0.1784662
-0.1757740
-0.1658282
-0.1551760
-0.1515613
-0.1569402
-0.1657521
-0.1696027
-0.1644879
-0.1547710
-0.1497117
-0.1545409
-0.1647517
-0.1702655
-0.1653467
-0.1536277
-0.1438042
-0.1417977
-0.1470704
-0.1547997
-0.1604267
-0.1625741
-0.1627091
-0.1628766
-0.1640924
-0.1662363
-0.1682961
-0.1687304
-0.1669196
-0.1645590
-0.1641726
-0.1656212
-0.1655402
-0.1612140
-0.1537085
-0.1459345
-0.1386503
-0.1297865
-0.1170291
-0.0995978
-0.0778012
-0.0523620
-0.0242089
0.0073766
0.0491836
0.1171036
0.2314519
0.4040624
0.6271625
0.8757968
1.1212213
1.3375635
1.4916592
1.5323834
1.4063025
1.1001702
0.6739455
0.2456370
-0.0702045
-0.2247070
-0.2492310
-0.2154036
-0.1795653
-0.1574099
-0.1392903
-0.1184206
-0.1010953
-0.0958369
-0.1010880
-0.1066521
-0.1050578
-0.0990268
-0.0974558
-0.1049061
-0.1159731
-0.1205376
-0.1141163
-0.1020724
-0.0938608
-0.0946262
-0.1028092
-0.1140833
-0.1256851
-0.1371232
-0.1483047
-0.1581090
-0.1648648
-0.1676019
-0.1661373
-0.1602384
-0.1502591
-0.1393419
-0.1331485
-0.1349439
-0.1411062
-0.1436788
-0.1381002
-0.1270360
-0.1158443
-0.1054627
-0.0910586
-0.0676132
-0.0361498
-0.0040884
0.0207108
0.0364304
0.0481529
0.0628845
0.0841003
0.1102270
0.1367624
0.1598000
0.1794098
0.2006087
0.2294798
0.2666847
0.3055166
0.3379725
0.3626706
0.3855358
0.4124681
0.4423821
0.4683514
0.4856190
0.4977559
0.5137918
0.5385987
0.5666763
0.5863724
0.5900654
0.5794917
0.5616544
0.5410612
0.5162923
0.4829037
0.4388218
0.3873164
0.3352812
0.2886639
0.2494039
0.2161153
0.1862485
0.1569226
0.1254373
0.0915547
0.0594835
0.0353599
0.0210354
0.0108903
-0.0035354
-0.0247818
-0.0457624
-0.0561837
-0.0535478
-0.0469017
-0.0480740
-0.0593486
-0.0716512
-0.0754419
-0.0714526
-0.0691264
-0.0756542
-0.0885939
-0.0993340
-0.1023039
-0.1000481
-0.0999074
-0.1065779
-0.1181158
-0.1287235
-0.1346931
-0.1374932
-0.1418193
-0.1510521
-0.1636703
-0.1731697
-0.1724927
-0.1604937
-0.1443625
-0.1342980
-0.1349602
-0.1424663
-0.1496664
-0.1534031
-0.1562786
-0.1622225
-0.1713076
-0.1791193
-0.1810292
-0.1768873
-0.1713317
-0.1695514
-0.1729333
-0.1785144
-0.1819927
-0.1814543
-0.1791768
-0.1798527
-0.1857495
-0.1931618
-0.1951558
-0.1891532
-0.1809059
-0.1792502
-0.1867949
-0.1969737
-0.2008454
-0.1962590
-0.1897828
-0.1898160
-0.1983995
-0.2099393
-0.2170681
-0.2165364
-0.2097195
-0.1996996
-0.1894530
-0.1813390
-0.1756146
-0.1693501
-0.1592490
-0.1467040
-0.1384088
-0.1401706
-0.1505325
-0.1619772
-0.1686660
-0.1718988
-0.1772261
-0.1870440
-0.1977719
-0.2048702
-0.2088827
-0.2143509
-0.2231164
-0.2312494
-0.2337137
-0.2302079
-0.2245983
-0.2196861
-0.2147526
-0.2082329
-0.2007468
-0.1943451
-0.1896345
-0.1848709
-0.1779847
-0.1687678
-0.1585555
-0.1480244
-0.1359849
-0.1205175
-0.1007413
-0.0770743
-0.0497832
-0.0163273
0.0321481
0.1122923
0.2427211
0.4309470
0.6636797
0.9116886
1.1450032
1.3403191
1.4710058
1.4946984
1.3637580
1.0622819
0.6396260
0.2029510
-0.1358441
-0.3201945
-0.3686679
-0.3436576
-0.3021599
-0.2694368
-0.2459890
-0.2273706
-0.2143301
-0.2097262
-0.2126926
-0.2183160
-0.2217764
-0.2215752
-0.2192364
-0.2170278
-0.2160498
-0.2153406
-0.2120417
-0.2033092
-0.1894438
-0.1749810
-0.1652715
-0.1614245
-0.1594007
-0.1544962
-0.1460103
-0.1370103
-0.1300550
-0.1237539
-0.1134693
-0.0954285
-0.0707618
-0.0459289
-0.0287144
-0.0227849
-0.0252142
-0.0289212
-0.0281213
-0.0227572
-0.0183011
-0.0203660
-0.0282948
-0.0341465
-0.0291531
-0.0119213
0.0098439
0.0260953
0.0333379
0.0373245
0.0470431
0.0657138
0.0878069
0.1055353
0.1181534
0.1335987
0.1601786
0.1974892
0.2367559
0.2699636
0.2974645
0.3260796
0.3604998
0.3977562
0.4305887
0.4554828
0.4761842
0.4991820
0.5269933
0.5566304
0.5832592
0.6033338
0.6143903
0.6142379
0.6020289
0.5793898
0.5490822
0.5124663
0.4691665
0.4195505
0.3667756
0.3153412
0.2673067
0.2206870
0.1725153
0.1233619
0.0777937
0.0400095
0.0098648
-0.0162412
-0.0413037
-0.0652618
-0.0858634
-0.1008023
-0.1091959
-0.1122639
-0.1132506
-0.1160846
-0.1230221
-0.1329350
-0.1420693
-0.1473488
-0.1496506
-0.1534785
-0.1623890
-0.1744950
-0.1833986
-0.1843976
-0.1796092
-0.1762984
-0.1797513
-0.1877934
-0.1926697
-0.1888593
-0.1790995
-0.1719487
-0.1727712
-0.1776748
-0.1773596
-0.1669641
-0.1513182
-0.1403283
-0.1397866
-0.1467371
-0.1528973
-0.1519196
-0.1438719
-0.1339357
-0.1275537
-0.1264681
-0.1282109
-0.1285314
-0.1248407
-0.1186427
-0.1149861
-0.1184642
-0.1288223
-0.1408734
-0.1494731
-0.1544111
-0.1597602
-0.1684220
-0.1779895
-0.1826208
-0.1792578
-0.1717982
-0.1683532
-0.1735565
-0.1836685
-0.1901843
-0.1887297
-0.1838230
-0.1841843
-0.1934615
-0.2061350
-0.2128612
-0.2097663
-0.2022371
-0.1994096
-0.2051272
-0.2147040
-0.2204225
-0.2193815
-0.2155387
-0.2148280
-0.2191792
-0.2250438
-0.2268508
-0.2218358
-0.2123337
-0.2038799
-0.2007979
-0.2031125
-0.2073061
-0.2096334
-0.2086121
-0.2049186
-0.1996677
-0.1929478
-0.1836516
-0.1706311
-0.1544443
-0.1383506
-0.1271912
-0.1240247
-0.1266995
-0.1280883
-0.1215283
-0.1071799
-0.0918770
-0.0809594
-0.0707829
-0.0514878
-0.0171811
0.0301583
0.0900429
0.1751066
0.3077969
0.5007562
0.7396543
0.9866100
1.1999550
1.3482195
1.4055867
1.3425107
1.1351555
0.7947145
0.3872346
0.0146504
-0.2369436
-0.3421477
-0.3390532
-0.2921275
-0.2491723
-0.2240579
-0.2086176
-0.1933458
-0.1771390
-0.1636593
-0.1546387
-0.1481600
-0.1409852
-0.1306929
-0.1165786
-0.1004385
-0.0866547
-0.0799277
-0.0814863
-0.0873441
-0.0910558
-0.0891845
-0.0845776
-0.0839013
-0.0911353
-0.1031780
-0.1122847
-0.1132903
-0.1084291
-0.1048798
-0.1075531
-0.1143128
-0.1182451
-0.1146125
-0.1055220
-0.0976412
-0.0954627
-0.0972300
-0.0974766
-0.0927734
-0.0843148
-0.0753133
-0.0669245
-0.0571593
-0.0434002
-0.0255801
-0.0067929
0.0093449
0.0221450
0.0346918
0.0510802
0.0727204
0.0974101
0.1221357
0.1469133
0.1758484
0.2139012
0.2618294
0.3140710
0.3621740
0.4010549
0.4322519
0.4611470
0.4910581
0.5199486
0.5427411
0.5568652
0.5655027
0.5748457
0.5874753
0.5985051
0.5990452
0.5839789
0.5561255
0.5225818
0.4874528
0.4488372
0.4029715
0.3505615
0.2980471
0.2521952
0.2138957
0.1780575
0.1397173
0.0995557
0.0629689
0.0342451
0.0123859
-0.0074067
-0.0286880
-0.0502983
-0.0675203
-0.0766197
-0.0786481
-0.0789797
-0.0827455
-0.0901218
-0.0958167
-0.0935215
-0.0816284
-0.0650808
-0.0513817
-0.0442698
-0.0412436
-0.0374669
-0.0317467
-0.0279899
-0.0308683
-0.0410086
-0.0549592
-0.0691456
-0.0828188
-0.0971007
-0.1120658
-0.1254966
-0.1344623
-0.1378096
-0.1372790
-0.1367267
-0.1401956
-0.1495342
-0.1625669
-0.1738016
-0.1786205
-0.1778484
-0.1773019
-0.1813673
-0.1871468
-0.1865412
-0.1751246
-0.1583260
-0.1475992
-0.1499701
-0.1616066
-0.1718937
-0.1735986
-0.1687324
-0.1646591
-0.1652254
-0.1663004
-0.1598565
-0.1419372
-0.1166459
-0.0928231
-0.0769447
-0.0687618
-0.0633474
-0.0572439
-0.0525006
-0.0544828
-0.0657730
-0.0826645
-0.0980147
-0.1075483
-0.1132618
-0.1206801
-0.1328272
-0.1469308
-0.1572289
-0.1612038
-0.1628587
-0.1692592
-0.1833485
-0.2001800
-0.2107179
-0.2100309
-0.2022357
-0.1973091
-0.2024157
-0.2156710
-0.2280618
-0.2315134
-0.2254806
-0.2164324
-0.2115693
-0.2128029
-0.2158164
-0.2143766
-0.2061494
-0.1952318
-0.1889714
-0.1913817
-0.1990046
-0.2034182
-0.1983730
-0.1847990
-0.1689387
-0.1558327
-0.1450019
-0.1325140
-0.1166383
-0.1007430
-0.0906742
-0.0899287
-0.0974360
-0.1089981
-0.1200314
-0.1277019
-0.1321853
-0.1365141
-0.1440117
-0.1544752
-0.1629609
-0.1636052
-0.1555760
-0.1450624
-0.1405593
-0.1455171
-0.1553879
-0.1619090
-0.1604466
-0.1535234
-0.1475905
-0.1463292
-0.1464651
-0.1395653
-0.1181345
-0.0803838
-0.0285685
0.0384112
0.1306608
0.2635379
0.4455679
0.6681800
0.9058718
1.1242458
1.2862782
1.3535702
1.2909614
1.0828178
0.7539494
0.3745599
0.0358623
-0.1920707
-0.2907715
-0.2913282
-0.2458770
-0.1970785
-0.1646233
-0.1491971
-0.1428847
-0.1374384
-0.1288290
-0.1187569
-0.1126073
-0.1143946
-0.1225666
-0.1308876
-0.1339682
-0.1321339
-0.1309172
-0.1358586
-0.1475438
-0.1609043
-0.1688236
-0.1671858
-0.1580156
-0.1484128
-0.1453824
-0.1501018
-0.1567312
-0.1575211
-0.1498441
-0.1384063
-0.1305181
-0.1292104
-0.1307735
-0.1284590
-0.1182623
-0.1017220
-0.0843244
-0.0716388
-0.0657947
-0.0638511
-0.0591430
-0.0457959
-0.0237156
0.0009113
0.0215594
0.0385686
0.0594177
0.0904344
0.1282935
0.1611630
0.1793872
0.1848979
0.1894876
0.2039079
0.2292087
0.2584426
0.2852705
0.3095933
0.3354645
0.3656699
0.3995244
0.4347423
0.4693424
0.5012949
0.5280594
0.5483572
0.5643894
0.5806413
0.5990782
0.6156300
0.6225237
0.6147942
0.5943316
0.5673071
0.5381066
0.5063758
0.4695286
0.4267174
0.3796233
0.3304373
0.2807942
0.2328746
0.1897389
0.1527988
0.1193744
0.0849523
0.0492982
0.0193698
0.0040395
0.0050347
0.0139381
0.0189926
0.0145482
0.0035098
-0.0082185
-0.0177197
-0.0255634
-0.0329519
-0.0406829
-0.0502086
-0.0629291
-0.0771847
-0.0878022
-0.0910929
-0.0901850
-0.0930303
-0.1037988
-0.1176549
-0.1259918
-0.1264057
-0.1252751
-0.1297677
-0.1393590
-0.1473469
-0.1498401
-0.1502950
-0.1539806
-0.1601585
-0.1625974
-0.1578514
-0.1504441
-0.1480920
-0.1528938
-0.1593761
-0.1613934
-0.1589921
-0.1571744
-0.1591031
-0.1626326
-0.1636918
-0.1609870
-0.1556537
-0.1471572
-0.1321579
-0.1090371
-0.0827380
-0.0630931
-0.0571086
-0.0630435
-0.0726959
-0.0795733
-0.0844207
-0.0926749
-0.1071746
-0.1242723
-0.1373831
-0.1437034
-0.1464632
-0.1502779
-0.1551468
-0.1563276
-0.1505101
-0.1410218
-0.1354390
-0.1377590
-0.1440962
-0.1471943
-0.1446862
-0.1413634
-0.1428348
-0.1485291
-0.1528792
-0.1531804
-0.1538500
-0.1610295
-0.1738563
-0.1836220
-0.1827465
-0.1732899
-0.1649351
-0.1649090
-0.1716000
-0.1783869
-0.1815806
-0.1824604
-0.1823500
-0.1789601
-0.1695792
-0.1563775
-0.1456426
-0.1410375
-0.1395515
-0.1357426
-0.1290375
-0.1247364
-0.1274878
-0.1355836
-0.1430348
-0.1462774
-0.1469867
-0.1483537
-0.1507529
-0.1525558
-0.1539336
-0.1572762
-0.1630812
-0.1672423
-0.1644967
-0.1547041
-0.1443658
-0.1409816
-0.1459743
-0.1533725
-0.1552533
-0.1485624
-0.1374490
-0.1296655
-0.1301461
-0.1366632
-0.1411238
-0.1361526
-0.1219174
-0.1067051
-0.0996451
-0.1019735
-0.1057826
-0.1019568
-0.0889417
-0.0728618
-0.0592903
-0.0462952
-0.0259899
0.0090379
0.0634505
0.1432148
0.2582939
0.4169482
0.6157983
0.8369951
1.0563086
1.2518720
1.4013714
1.4710900
1.4158092
1.2025586
0.8453025
0.4187240
0.0308104
-0.2314161
-0.3437330
-0.3443522
-0.2967193
-0.2484195
-0.2153479
-0.1930847
-0.1754195
-0.1617706
-0.1528814
-0.1461002
-0.1374719
-0.1268290
-0.1183743
-0.1157059
-0.1174049
-0.1184424
-0.1155730
-0.1104401
-0.1071875
-0.1076760
-0.1095553
-0.1087750
-0.1035481
-0.0959544
-0.0899725
-0.0876729
-0.0867045
-0.0815581
-0.0683064
-0.0489790
-0.0309557
-0.0208665
-0.0183064
-0.0158548
-0.0061186
0.0108120
0.0270305
0.0340946
0.0306548
0.0230526
0.0190103
0.0212268
0.0267238
0.0313356
0.0342712
0.0388468
0.0495217
0.0680730
0.0918386
0.1152979
0.1339230
0.1474604
0.1600384
0.1768892
0.2002419
0.2277420
0.2547971
0.2789193
0.3021807
0.3292910
0.3627611
0.3996417
0.4333144
0.4591954
0.4790454
0.4991980
0.5237662
0.5495839
0.5687676
0.5769688
0.5786301
0.5830502
0.5948419
0.6086129
0.6133225
0.6017810
0.5759905
0.5438230
0.5111132
0.4769925
0.4363917
0.3866420
0.3316580
0.2799156
0.2382188
0.2068018
0.1799159
0.1512303
0.1192085
0.0877138
0.0616213
0.0420191
0.0257147
0.0090699
-0.0081178
-0.0224380
-0.0301764
-0.0309659
-0.0288070
-0.0295604
-0.0365278
-0.0476016
-0.0569183
-0.0602430
-0.0592807
-0.0603655
-0.0682439
-0.0809210
-0.0909879
-0.0924842
-0.0865858
-0.0804503
-0.0804525
-0.0864207
-0.0919074
-0.0894852
-0.0761327
-0.0547723
-0.0314523
-0.0106014
0.0078441
0.0267210
0.0466274
0.0628844
0.0686290
0.0617295
0.0481343
0.0371069
0.0324511
0.0289247
0.0182730
-0.0009965
-0.0206525
-0.0303168
-0.0278615
-0.0216180
-0.0221967
-0.0327348
-0.0474253
-0.0587619
-0.0650221
-0.0703960
-0.0788360
-0.0892188
-0.0970400
-0.0999161
-0.1000752
-0.1013507
-0.1051226
-0.1102458
-0.1160308
-0.1233849
-0.1325544
-0.1412812
-0.1466875
-0.1486049
-0.1494932
-0.1504862
-0.1487914
-0.1407354
-0.1275502
-0.1164439
-0.1142277
-0.1199074
-0.1248116
-0.1205223
-0.1058959
-0.0858778
-0.0646745
-0.0419227
-0.0159436
0.0107260
0.0309076
0.0386411
0.0349500
0.0267873
0.0198428
0.0129530
0.0003938
-0.0203803
-0.0441168
-0.0614005
-0.0668140
-0.0635026
-0.0601391
-0.0636931
-0.0746364
-0.0880931
-0.0988565
-0.1054533
-0.1103116
-0.1168491
-0.1262818
-0.1364576
-0.1435349
-0.1455034
-0.1446322
-0.1459481
-0.1524374
-0.1617355
-0.1682000
-0.1684410
-0.1643515
-0.1604589
-0.1587344
-0.1565973
-0.1501276
-0.1388213
-0.1266655
-0.1184103
-0.1151750
-0.1140712
-0.1118241
-0.1080403
-0.1046928
-0.1028688
-0.1004692
-0.0931794
-0.0779219
-0.0559549
-0.0329327
-0.0155151
-0.0070925
-0.0061893
-0.0087896
-0.0123534
-0.0179309
-0.0285297
-0.0451435
-0.0641880
-0.0793186
-0.0865621
-0.0879335
-0.0897212
-0.0969714
-0.1095013
-0.1228981
-0.1329743
-0.1393837
-0.1454863
-0.1549434
-0.1680424
-0.1808093
-0.1876761
-0.1856821
-0.1770306
-0.1679150
-0.1640510
-0.1661367
-0.1694464
-0.1687097
-0.1638454
-0.1602066
-0.1624737
-0.1687894
-0.1720087
-0.1670617
-0.1564363
-0.1477363
-0.1458507
-0.1480092
-0.1467961
-0.1375987
-0.1224310
-0.1066183
-0.0930084
-0.0804453
-0.0673069
-0.0549737
-0.0471468
-0.0463679
-0.0518200
-0.0603943
-0.0695901
-0.0794093
-0.0914951
-0.1062880
-0.1210272
-0.1309539
-0.1331084
-0.1294255
-0.1260697
-0.1289820
-0.1390621
-0.1513701
-0.1595885
-0.1618036
-0.1618651
-0.1649660
-0.1721760
-0.1794937
-0.1819305
-0.1782803
-0.1722171
-0.1690564
-0.1711863
-0.1762324
-0.1796558
-0.1792522
-0.1769558
-0.1761114
-0.1772463
-0.1769382
-0.1710051
-0.1586746
-0.1433193
-0.1288935
-0.1160132
-0.1023699
-0.0871687
-0.0739524
-0.0676505
-0.0689665
-0.0730403
-0.0744096
-0.0727491
-0.0730368
-0.0802160
-0.0942454
-0.1105227
-0.1246911
-0.1363378
-0.1477011
-0.1593933
-0.1685617
-0.1717744
-0.1691181
-0.1646915
-0.1630296
-0.1653518
-0.1692948
-0.1720718
-0.1736717
-0.1765772
-0.1819877
-0.1868375
-0.1858870
-0.1774911
-0.1665286
-0.1604443
-0.1622816
-0.1684009
-0.1733663
-0.1761550
-0.1800773
-0.1860649
-0.1875557
-0.1747669
-0.1455519
-0.1108302
-0.0868945
-0.0814203
-0.0878095
-0.0936589
-0.0937799
-0.0939611
-0.1025266
-0.1197862
-0.1368808
-0.1448387
-0.1437007
-0.1418444
-0.1466122
-0.1568116
-0.1650531
-0.1666019
-0.1645534
-0.1658422
-0.1727352
-0.1791657
-0.1763052
-0.1621601
-0.1450409
-0.1362759
-0.1391234
-0.1458990
-0.1468117
-0.1406947
-0.1354655
-0.1379494
-0.1449649
-0.1461463
-0.1355982
-0.1192255
-0.1091105
-0.1109765
-0.1189166
-0.1230328
-0.1201242
-0.1143301
-0.1080307
-0.0960603
-0.0717228
-0.0372664
-0.0049596
0.0139130
0.0198751
0.0232902
0.0319366
0.0429608
0.0486733
0.0484455
0.0515457
0.0682561
0.1026773
0.1578373
0.2450100
0.3807265
0.5703227
0.7963408
1.0263051
1.2299948
1.3831160
1.4527078
1.3895455
1.1539229
0.7633640
0.3140136
-0.0598758
-0.2657324
-0.3055687
-0.2571679
-0.2049709
-0.1843327
-0.1807584
-0.1688341
-0.1443338
-0.1224463
-0.1154316
-0.1196386
-0.1233592
-0.1210932
-0.1163360
-0.1127370
-0.1072396
-0.0934702
-0.0698487
-0.0424590
-0.0201334
-0.0074688
-0.0024276
-0.0000318
0.0020206
0.0015254
-0.0046002
-0.0154475
-0.0256225
-0.0299355
-0.0284491
-0.0266347
-0.0302488
-0.0398442
-0.0505213
-0.0573086
-0.0601515
-0.0625391
-0.0655392
-0.0652075
-0.0572759
-0.0433855
-0.0306485
-0.0244341
-0.0226266
-0.0180594
-0.0064972
0.0088630
0.0217339
0.0311534
0.0438303
0.0668387
0.0988682
0.1307195
0.1548852
0.1730520
0.1930222
0.2193134
0.2487967
0.2762419
0.3027619
0.3364993
0.3836991
0.4400967
0.4934600
0.5355614
0.5699590
0.6060777
0.6463968
0.6820778
0.7023498
0.7067530
0.7061911
0.7115219
0.7220428
0.7260424
0.7124316
0.6808284
0.6399910
0.5979420
0.5555553
0.5094277
0.4583867
0.4055201
0.3550047
0.3088715
0.2669164
0.2283930
0.1930843
0.1611675
0.1326202
0.1069248
0.0832967
0.0611928
0.0408330
0.0235397
0.0112226
0.0044208
0.0004355
-0.0052930
-0.0145533
-0.0237911
-0.0280335
-0.0275687
-0.0287706
-0.0367602
-0.0478945
-0.0513034
-0.0389952
-0.0144319
0.0095649
0.0219609
0.0224991
0.0194601
0.0194421
0.0210487
0.0188719
0.0114788
0.0031848
-0.0018271
-0.0051348
-0.0126141
-0.0276677
-0.0467597
-0.0623484
-0.0704255
-0.0745068
-0.0812664
-0.0923791
-0.1018995
-0.1023799
-0.0930073
-0.0810747
-0.0755801
-0.0795970
-0.0886469
-0.0962060
-0.1005129
-0.1054164
-0.1143662
-0.1247624
-0.1298885
-0.1265660
-0.1195096
-0.1171330
-0.1233081
-0.1337207
-0.1402606
-0.1387048
-0.1318459
-0.1250422
-0.1194860
-0.1112938
-0.0975849
-0.0818018
-0.0712584
-0.0697307
-0.0740314
-0.0783805
-0.0811368
-0.0861745
-0.0974901
-0.1131660
-0.1258804
-0.1302498
-0.1291034
-0.1310410
-0.1414380
-0.1570215
-0.1699713
-0.1763756
-0.1795835
-0.1856247
-0.1963727
-0.2075769
-0.2134028
-0.2126154
-0.2098897
-0.2108327
-0.2162760
-0.2220936
-0.2240783
-0.2218182
-0.2177383
-0.2134534
-0.2077477
-0.1979707
-0.1833542
-0.1670228
-0.1541534
-0.1474483
-0.1447570
-0.1419891
-0.1381969
-0.1367968
-0.1413962
-0.1508804
-0.1591604
-0.1602651
-0.1541742
-0.1474347
-0.1471214
-0.1539686
-0.1623449
-0.1672285
-0.1697956
-0.1749553
-0.1842301
-0.1927888
-0.1940280
-0.1864528
-0.1754743
-0.1682759
-0.1670721
-0.1679627
-0.1666172
-0.1639676
-0.1647845
-0.1708273
-0.1772120
-0.1766905
-0.1671391
-0.1543558
-0.1476054
-0.1521528
-0.1653275
-0.1795316
-0.1892919
-0.1952583
-0.2012110
-0.2081103
-0.2123976
-0.2102004
-0.2022161
-0.1938887
-0.1907541
-0.1933664
-0.1967013
-0.1951617
-0.1885402
-0.1823078
-0.1813526
-0.1840960
-0.1837518
-0.1751847
-0.1597962
-0.1436623
-0.1313027
-0.1214046
-0.1087268
-0.0901733
-0.0680985
-0.0464964
-0.0244774
0.0046087
0.0474057
0.1063780
0.1832913
0.2853734
0.4243530
0.6064433
0.8220449
1.0448773
1.2403751
1.3736761
1.4104104
1.3171921
1.0752563
0.7059393
0.2839649
-0.0855502
-0.3195352
-0.4006173
-0.3771562
-0.3213586
-0.2811339
-0.2620446
-0.2456986
-0.2197605
-0.1903667
-0.1708262
-0.1648474
-0.1634738
-0.1560978
-0.1413046
-0.1266531
-0.1194276
-0.1184620
-0.1151364
-0.1027246
-0.0845638
-0.0717421
-0.0719815
-0.0817245
-0.0902061
-0.0908488
-0.0875923
-0.0898062
-0.1013982
-0.1154131
-0.1200718
-0.1106256
-0.0946305
-0.0845585
-0.0855040
-0.0910702
-0.0908499
-0.0805839
-0.0651632
-0.0532713
-0.0495073
-0.0505062
-0.0480005
-0.0362054
-0.0166836
0.0039980
0.0209150
0.0345749
0.0487307
0.0657098
0.0844956
0.1033610
0.1240728
0.1522366
0.1915808
0.2377270
0.2799494
0.3109426
0.3338633
0.3580529
0.3884003
0.4207641
0.4481319
0.4697791
0.4929094
0.5248263
0.5640849
0.6008062
0.6266135
0.6430571
0.6583099
0.6760030
0.6899323
0.6909000
0.6771246
0.6562725
0.6375673
0.6227723
0.6049464
0.5758515
0.5345413
0.4883066
0.4450759
0.4059549
0.3661805
0.3224178
0.2773919
0.2373095
0.2058047
0.1804284
0.1544368
0.1225581
0.0860421
0.0517432
0.0252771
0.0052930
-0.0146945
-0.0389927
-0.0648913
-0.0850438
-0.0945701
-0.0962694
-0.0986769
-0.1079724
-0.1217945
-0.1323688
-0.1358793
-0.1368619
-0.1422797
-0.1527497
-0.1613139
-0.1605999
-0.1502411
-0.1371999
-0.1289922
-0.1264915
-0.1237361
-0.1152531
-0.1027129
-0.0930377
-0.0904241
-0.0919496
-0.0912944
-0.0855196
-0.0778377
-0.0745638
-0.0794347
-0.0902447
-0.1011946
-0.1089932
-0.1158614
-0.1256099
-0.1377341
-0.1471086
-0.1495548
-0.1466190
-0.1446093
-0.1490845
-0.1596696
-0.1699712
-0.1736205
-0.1710483
-0.1692274
-0.1738500
-0.1827210
-0.1879203
-0.1839969
-0.1735105
-0.1651537
-0.1665522
-0.1775774
-0.1899739
-0.1944639
-0.1889004
-0.1790050
-0.1713590
-0.1670732
-0.1626019
-0.1552537
-0.1468463
-0.1422544
-0.1445703
-0.1516637
-0.1583950
-0.1628319
-0.1686169
-0.1791937
-0.1909714
-0.1955365
-0.1893914
-0.1790836
-0.1749249
-0.1803449
-0.1887628
-0.1913523
-0.1873965
-0.1855895
-0.1936925
-0.2077613
-0.2145840
-0.2059158
-0.1878746
-0.1742967
-0.1725267
-0.1780522
-0.1820465
-0.1814844
-0.1813558
-0.1883460
-0.2031622
-0.2191628
-0.2286696
-0.2302076
-0.2287800
-0.2296387
-0.2332833
-0.2362399
-0.2348055
-0.2278213
-0.2176255
-0.2088152
-0.2045792
-0.2037610
-0.2026443
-0.1995817
-0.1964307
-0.1955036
-0.1968033
-0.1986266
-0.1995946
-0.1996587
-0.1997229
-0.2000687
-0.1987766
-0.1929299
-0.1826103
-0.1724817
-0.1674537
-0.1670895
-0.1657790
-0.1584698
-0.1456981
-0.1335632
-0.1288818
-0.1327387
-0.1380480
-0.1353710
-0.1226720
-0.1080755
-0.1016557
-0.1055454
-0.1130607
-0.1160599
-0.1116267
-0.1023067
-0.0909864
-0.0751988
-0.0458174
0.0087011
0.0971786
0.2244026
0.3914243
0.5927283
0.8125356
1.0264188
1.2067724
1.3244594
1.3467337
1.2420435
0.9977609
0.6408961
0.2428663
-0.1031506
-0.3245325
-0.4049008
-0.3859327
-0.3326500
-0.2904954
-0.2674527
-0.2482578
-0.2201450
-0.1864118
-0.1605288
-0.1506995
-0.1513338
-0.1502344
-0.1431109
-0.1378855
-0.1434662
-0.1572804
-0.1668778
-0.1628708
-0.1480959
-0.1342785
-0.1309289
-0.1374157
-0.1455168
-0.1494941
-0.1519093
-0.1576817
-0.1644989
-0.1636870
-0.1512799
-0.1342846
-0.1236894
-0.1231638
-0.1262773
-0.1237736
-0.1127739
-0.0995392
-0.0930595
-0.0951326
-0.0977638
-0.0917071
-0.0760766
-0.0573875
-0.0406569
-0.0246543
-0.0057038
0.0165283
0.0377539
0.0528128
0.0614019
0.0705028
0.0889424
0.1180126
0.1495540
0.1750899
0.1945960
0.2139568
0.2358804
0.2565183
0.2707500
0.2790518
0.2890412
0.3098408
0.3429989
0.3789773
0.4053508
0.4192262
0.4290895
0.4438731
0.4631284
0.4789695
0.4848920
0.4811352
0.4730919
0.4653433
0.4562975
0.4394577
0.4117480
0.3789397
0.3495434
0.3243130
0.2956882
0.2577766
0.2137126
0.1727007
0.1419486
0.1212856
0.1038200
0.0824878
0.0573143
0.0346287
0.0177624
0.0015185
-0.0211313
-0.0491404
-0.0737042
-0.0876087
-0.0920973
-0.0954589
-0.1058900
-0.1238110
-0.1405366
-0.1474841
-0.1474627
-0.1527408
-0.1699392
-0.1907914
-0.2009336
-0.1954553
-0.1834831
-0.1790809
-0.1885475
-0.2045715
-0.2126031
-0.2052860
-0.1900270
-0.1794584
-0.1760637
-0.1709748
-0.1571972
-0.1383804
-0.1234244
-0.1167523
-0.1154358
-0.1134294
-0.1082386
-0.1046061
-0.1094849
-0.1213473
-0.1284316
-0.1219883
-0.1079768
-0.1001924
-0.1039620
-0.1121216
-0.1160102
-0.1154569
-0.1175727
-0.1282224
-0.1445097
-0.1556980
-0.1545189
-0.1472962
-0.1474648
-0.1583567
-0.1695732
-0.1730386
-0.1748687
-0.1859705
-0.2065409
-0.2258711
-0.2345604
-0.2326639
-0.2273822
-0.2245589
-0.2212512
-0.2082930
-0.1836409
-0.1596559
-0.1501073
-0.1523436
-0.1510849
-0.1390970
-0.1249982
-0.1199237
-0.1249337
-0.1334449
-0.1396200
-0.1428299
-0.1478481
-0.1594672
-0.1735365
-0.1779174
-0.1678015
-0.1544000
-0.1511001
-0.1564104
-0.1585808
-0.1517441
-0.1390480
-0.1247287
-0.1112558
-0.0999887
-0.0881692
-0.0705216
-0.0486724
-0.0313631
-0.0206170
-0.0070617
0.0169606
0.0526977
0.1102141
0.2142055
0.3833446
0.6114071
0.8730533
1.1357335
1.3607781
1.5067672
1.5395426
1.4331506
1.1715913
0.7773569
0.3387723
-0.0247998
-0.2430538
-0.3279634
-0.3312870
-0.2982874
-0.2623929
-0.2433750
-0.2339582
-0.2175509
-0.2066457
-0.2260658
-0.2512296
-0.2157808
-0.1056480
