-0.1585746
-0.1491619
-0.1285039
-0.1131568
-0.1066532
-0.1009860
-0.0937695
-0.0894297
-0.0868002
-0.0794134
-0.0680288
-0.0616636
-0.0648533
-0.0722321
-0.0768278
-0.0772357
-0.0761733
-0.0772473
-0.0827005
-0.0896419
-0.0899001
-0.0787138
-0.0623671
-0.0522479
-0.0521594
-0.0557324
-0.0552398
-0.0488085
-0.0398734
-0.0333637
-0.0318127
-0.0321645
-0.0273160
-0.0135896
0.0041996
0.0174845
0.0230365
0.0258748
0.0342580
0.0525147
0.0767336
0.0968344
0.1060815
0.1103961
0.1252755
0.1606493
0.2102240
0.2576953
0.2921485
0.3159759
0.3393266
0.3687274
0.4008044
0.4265356
0.4419560
0.4538130
0.4729035
0.5023355
0.5345747
0.5597944
0.5745053
0.5816102
0.5846023
0.5831068
0.5729182
0.5496594
0.5131128
0.4681315
0.4209442
0.3752628
0.3323529
0.2927309
0.2553905
0.2164960
0.1720465
0.1228618
0.0755937
0.0378806
0.0123329
-0.0053213
-0.0223759
-0.0424053
-0.0618629
-0.0745145
-0.0795810
-0.0835197
-0.0924156
-0.1043231
-0.1113638
-0.1090626
-0.1019481
-0.0994892
-0.1069710
-0.1204807
-0.1309283
-0.1331644
-0.1306601
-0.1307983
-0.1367386
-0.1453926
-0.1523332
-0.1561156
-0.1577414
-0.1586601
-0.1606387
-0.1656030
-0.1733774
-0.1798637
-0.1792242
-0.1691934
-0.1545898
-0.1447938
-0.1460724
-0.1554639
-0.1631197
-0.1617053
-0.1529985
-0.1446580
-0.1416685
-0.1423248
-0.1418683
-0.1383122
-0.1344348
-0.1349306
-0.1417066
-0.1514638
-0.1580427
-0.1576667
-0.1520208
-0.1464612
-0.1457775
-0.1512487
-0.1601679
-0.1674935
-0.1692540
-0.1658321
-0.1619497
-0.1628178
-0.1700284
-0.1807759
-0.1904158
-0.1959687
-0.1981596
-0.2004007
-0.2052169
-0.2114890
-0.2155963
-0.2151246
-0.2109954
-0.2064156
-0.2045333
-0.2065487
-0.2107068
-0.2130822
-0.2107565
-0.2050008
-0.2006930
-0.2017994
-0.2072514
-0.2114235
-0.2091241
-0.2008334
-0.1931093
-0.1929113
-0.2008772
-0.2106627
-0.2153165
-0.2137292
-0.2104360
-0.2099214
-0.2119533
-0.2121167
-0.2063070
-0.1950161
-0.1835982
-0.1777327
-0.1778239
-0.1779260
-0.1707250
-0.1539988
-0.1326913
-0.1150461
-0.1060591
-0.1032873
-0.0985035
-0.0843202
-0.0601128
-0.0312685
-0.0015823
0.0348696
0.0949805
0.1983534
0.3539276
0.5510989
0.7632595
0.9611188
1.1223989
1.2275678
1.2485650
1.1498581
0.9113409
0.5577993
0.1659315
-0.1657939
-0.3673838
-0.4307390
-0.4017879
-0.3414081
-0.2888407
-0.2524713
-0.2244775
-0.1984771
-0.1756380
-0.1604957
-0.1550216
-0.1563562
-0.1585332
-0.1563373
-0.1489805
-0.1410881
-0.1394343
-0.1469435
-0.1589508
-0.1661788
-0.1626007
-0.1503492
-0.1364250
-0.1253603
-0.1163428
-0.1068610
-0.0968276
-0.0880938
-0.0813973
-0.0754986
-0.0690853
-0.0621722
-0.0551859
-0.0476049
-0.0386474
-0.0293988
-0.0230960
-0.0220361
-0.0243119
-0.0248983
-0.0205594
-0.0127885
-0.0051621
0.0013990
0.0095993
0.0222752
0.0389696
0.0561785
0.0704510
0.0811687
0.0907920
0.1026785
0.1184944
0.1374205
0.1574890
0.1774878
0.1979566
0.2209450
0.2485749
0.2808196
0.3142866
0.3440449
0.3677037
0.3878211
0.4096501
0.4357603
0.4624788
0.4820247
0.4892674
0.4870244
0.4839220
0.4858613
0.4896369
0.4858174
0.4678854
0.4376902
0.4020136
0.3653074
0.3269551
0.2849580
0.2404934
0.1977947
0.1601249
0.1272423
0.0972639
0.0697587
0.0455183
0.0237499
0.0016310
-0.0223018
-0.0456185
-0.0643810
-0.0776736
-0.0883711
-0.0992166
-0.1092743
-0.1150572
-0.1148346
-0.1111635
-0.1089872
-0.1114314
-0.1174669
-0.1232282
-0.1251956
-0.1226250
-0.1182186
-0.1168793
-0.1223067
-0.1330003
-0.1418888
-0.1419122
-0.1331190
-0.1235284
-0.1219808
-0.1300749
-0.1412506
-0.1472148
-0.1447529
-0.1368834
-0.1287800
-0.1233313
-0.1199084
-0.1158727
-0.1086575
-0.0976039
-0.0854166
-0.0776097
-0.0785146
-0.0866335
-0.0950007
-0.0977044
-0.0959611
-0.0965738
-0.1041001
-0.1153620
-0.1222312
-0.1195759
-0.1101973
-0.1022067
-0.1018869
-0.1089194
-0.1178462
-0.1235159
-0.1252607
-0.1266953
-0.1320023
-0.1417858
-0.1516785
-0.1553184
-0.1498757
-0.1391379
-0.1306017
-0.1290688
-0.1331943
-0.1381468
-0.1409455
-0.1428817
-0.1472950
-0.1556243
-0.1655507
-0.1725865
-0.1735382
-0.1691041
-0.1637687
-0.1629807
-0.1691564
-0.1790699
-0.1851656
-0.1808819
-0.1659889
-0.1467503
-0.1303529
-0.1190712
-0.1098025
-0.0986719
-0.0855290
-0.0742678
-0.0693784
-0.0720445
-0.0788859
-0.0843204
-0.0848645
-0.0819872
-0.0809228
-0.0859867
-0.0960972
-0.1046854
-0.1048899
-0.0959288
-0.0845452
-0.0795789
-0.0845835
-0.0954168
-0.1044947
-0.1070765
-0.1042009
-0.1008942
-0.1018656
-0.1078081
-0.1147545
-0.1172272
-0.1131051
-0.1061169
-0.1032770
-0.1089914
-0.1210650
-0.1327065
-0.1391173
-0.1422783
-0.1487432
-0.1623905
-0.1797098
-0.1926462
-0.1959706
-0.1916454
-0.1861406
-0.1836458
-0.1817100
-0.1735069
-0.1549789
-0.1302634
-0.1096134
-0.1008589
-0.1022357
-0.1037443
-0.0960691
-0.0786952
-0.0597847
-0.0484612
-0.0471097
-0.0503944
-0.0505490
-0.0430196
-0.0279080
-0.0075182
0.0176729
0.0531960
0.1127028
0.2139510
0.3680286
0.5694927
0.7969979
1.0229002
1.2184229
1.3465748
1.3557256
1.1962394
0.8615008
0.4201874
-0.0002336
-0.2803938
-0.3777519
-0.3406535
-0.2587417
-0.1968928
-0.1676573
-0.1528691
-0.1393426
-0.1315736
-0.1383641
-0.1572565
-0.1751225
-0.1802921
-0.1707247
-0.1519440
-0.1310634
-0.1137074
-0.1031244
-0.0986127
-0.0952742
-0.0884391
-0.0794928
-0.0753048
-0.0800697
-0.0888349
-0.0915841
-0.0843649
-0.0746906
-0.0742500
-0.0863401
-0.1016693
-0.1071761
-0.0985641
-0.0837455
-0.0744717
-0.0753120
-0.0804002
-0.0795695
-0.0672001
-0.0464364
-0.0262944
-0.0143747
-0.0108180
-0.0085418
0.0000542
0.0158982
0.0326548
0.0434573
0.0480649
0.0530904
0.0652978
0.0850914
0.1066102
0.1235953
0.1347045
0.1438003
0.1565474
0.1771097
0.2064055
0.2414607
0.2765635
0.3071552
0.3338355
0.3614933
0.3930909
0.4248348
0.4492449
0.4634622
0.4729585
0.4854004
0.5011576
0.5116590
0.5081096
0.4908504
0.4686473
0.4489420
0.4304062
0.4056770
0.3699421
0.3254333
0.2784311
0.2340456
0.1942673
0.1588760
0.1261287
0.0931136
0.0579201
0.0229445
-0.0050653
-0.0205719
-0.0258007
-0.0304906
-0.0433757
-0.0637228
-0.0824690
-0.0922325
-0.0951875
-0.0999563
-0.1110911
-0.1230112
-0.1251793
-0.1130282
-0.0932043
-0.0779121
-0.0743523
-0.0796967
-0.0856436
-0.0868330
-0.0846822
-0.0842830
-0.0889431
-0.0975769
-0.1059401
-0.1096493
-0.1070455
-0.1006967
-0.0962775
-0.0985395
-0.1069645
-0.1154935
-0.1178754
-0.1141072
-0.1108388
-0.1141449
-0.1220164
-0.1255701
-0.1186427
-0.1052357
-0.0959704
-0.0971651
-0.1046607
-0.1089653
-0.1055196
-0.0987880
-0.0964953
-0.1011156
-0.1077556
-0.1097937
-0.1055764
-0.0995913
-0.0981774
-0.1047030
-0.1178891
-0.1330934
-0.1447801
-0.1490746
-0.1455400
-0.1370279
-0.1274422
-0.1191344
-0.1120296
-0.1048459
-0.0969387
-0.0891228
-0.0830353
-0.0799101
-0.0799989
-0.0829987
-0.0886111
-0.0962124
-0.1038623
-0.1080765
-0.1054837
-0.0957424
-0.0833218
-0.0757039
-0.0782006
-0.0893229
-0.1014418
-0.1070995
-0.1054373
-0.1024360
-0.1046287
-0.1125648
-0.1205282
-0.1225997
-0.1187367
-0.1146390
-0.1157065
-0.1216264
-0.1273507
-0.1291372
-0.1287633
-0.1312279
-0.1386222
-0.1471169
-0.1506700
-0.1478137
-0.1442127
-0.1474888
-0.1588314
-0.1701838
-0.1710374
-0.1588676
-0.1424635
-0.1339274
-0.1368626
-0.1427273
-0.1393157
-0.1229235
-0.1019597
-0.0886560
-0.0877457
-0.0935576
-0.0974369
-0.0966350
-0.0955154
-0.0992604
-0.1078756
-0.1164106
-0.1198767
-0.1172409
-0.1112824
-0.1057484
-0.1029958
-0.1035019
-0.1063829
-0.1099590
-0.1126433
-0.1143402
-0.1168853
-0.1219233
-0.1277377
-0.1292875
-0.1231573
-0.1127554
-0.1068349
-0.1109177
-0.1203084
-0.1236921
-0.1151241
-0.1013024
-0.0944701
-0.0975245
-0.0982866
-0.0802385
-0.0373112
0.0251383
0.1041454
0.2098803
0.3585441
0.5541465
0.7787207
0.9990473
1.1781095
1.2778502
1.2581315
1.0887763
0.7770372
0.3865958
0.0206172
-0.2286541
-0.3273859
-0.3080230
-0.2355542
-0.1640268
-0.1158112
-0.0889124
-0.0741402
-0.0646744
-0.0564584
-0.0473790
-0.0386756
-0.0345888
-0.0377008
-0.0447387
-0.0489149
-0.0469981
-0.0426307
-0.0415018
-0.0441569
-0.0454103
-0.0412623
-0.0349019
-0.0342516
-0.0435116
-0.0583450
-0.0703076
-0.0755963
-0.0783742
-0.0852501
-0.0974394
-0.1093050
-0.1144086
-0.1120030
-0.1069903
-0.1037794
-0.1008281
-0.0917450
-0.0720896
-0.0450968
-0.0201587
-0.0047769
0.0025584
0.0113656
0.0304127
0.0592475
0.0881628
0.1068789
0.1138124
0.1170561
0.1261952
0.1431892
0.1614858
0.1740238
0.1815621
0.1925677
0.2148305
0.2475155
0.2817106
0.3087238
0.3276690
0.3450221
0.3672872
0.3946319
0.4214856
0.4423810
0.4565547
0.4674311
0.4787613
0.4914054
0.5027702
0.5085350
0.5055473
0.4943417
0.4791558
0.4644750
0.4505681
0.4326455
0.4054303
0.3689793
0.3293706
0.2930205
0.2606625
0.2276189
0.1897693
0.1482506
0.1080759
0.0732378
0.0440516
0.0185683
-0.0048245
-0.0263046
-0.0447910
-0.0584585
-0.0660204
-0.0688051
-0.0713312
-0.0782411
-0.0897503
-0.1009848
-0.1070932
-0.1087733
-0.1112625
-0.1173907
-0.1231976
-0.1221515
-0.1133235
-0.1034301
-0.0998606
-0.1027917
-0.1054998
-0.1021014
-0.0936379
-0.0861988
-0.0841322
-0.0859762
-0.0865013
-0.0816189
-0.0713113
-0.0591019
-0.0496533
-0.0462062
-0.0488292
-0.0545703
-0.0599812
-0.0640605
-0.0684021
-0.0741952
-0.0798241
-0.0823838
-0.0813478
-0.0796150
-0.0805340
-0.0847455
-0.0906302
-0.0970163
-0.1039393
-0.1106749
-0.1148942
-0.1154507
-0.1153221
-0.1194268
-0.1283676
-0.1358291
-0.1343628
-0.1239061
-0.1128529
-0.1097167
-0.1147688
-0.1211289
-0.1233516
-0.1228899
-0.1243760
-0.1281263
-0.1283432
-0.1189473
-0.0999761
-0.0777548
-0.0598426
-0.0506378
-0.0505959
-0.0571668
-0.0656459
-0.0711014
-0.0719286
-0.0716230
-0.0752193
-0.0829920
-0.0887960
-0.0861461
-0.0758002
-0.0659468
-0.0642677
-0.0706353
-0.0784227
-0.0823074
-0.0833795
-0.0865133
-0.0943955
-0.1054215
-0.1164759
-0.1256384
-0.1316960
-0.1329917
-0.1288430
-0.1218953
-0.1171883
-0.1177898
-0.1219979
-0.1257812
-0.1275823
-0.1294974
-0.1335067
-0.1379016
-0.1387671
-0.1345765
-0.1277243
-0.1209423
-0.1135378
-0.1026827
-0.0880964
-0.0738165
-0.0646775
-0.0620946
-0.0642062
-0.0690391
-0.0753963
-0.0803554
-0.0785062
-0.0667075
-0.0498478
-0.0391839
-0.0424051
-0.0554519
-0.0659827
-0.0656326
-0.0577844
-0.0526231
-0.0559031
-0.0642608
-0.0708967
-0.0732038
-0.0734746
-0.0740112
-0.0744610
-0.0742627
-0.0750603
-0.0785806
-0.0832991
-0.0860055
-0.0871416
-0.0918254
-0.1031296
-0.1155199
-0.1183954
-0.1075872
-0.0913474
-0.0825304
-0.0851662
-0.0908680
-0.0889717
-0.0781591
-0.0664333
-0.0610474
-0.0613986
-0.0624027
-0.0620144
-0.0626580
-0.0661347
-0.0704841
-0.0732565
-0.0755160
-0.0798082
-0.0848220
-0.0853790
-0.0793449
-0.0724401
-0.0731179
-0.0823674
-0.0909827
-0.0886435
-0.0748071
-0.0590240
-0.0509478
-0.0520338
-0.0574384
-0.0635061
-0.0706939
-0.0797827
-0.0885426
-0.0940534
-0.0966474
-0.0988218
-0.1001785
-0.0961176
-0.0835778
-0.0671047
-0.0566566
-0.0581663
-0.0671699
-0.0729834
-0.0691186
-0.0588815
-0.0508721
-0.0500171
-0.0535233
-0.0549397
-0.0513273
-0.0464484
-0.0473000
-0.0572578
-0.0719960
-0.0823244
-0.0821470
-0.0743731
-0.0685204
-0.0716288
-0.0814647
-0.0891782
-0.0885258
-0.0816025
-0.0752791
-0.0733215
-0.0734910
-0.0719387
-0.0682840
-0.0651922
-0.0643752
-0.0650626
-0.0660351
-0.0665993
-0.0643632
-0.0543144
-0.0333484
-0.0060056
0.0171855
0.0295538
0.0360492
0.0496503
0.0805897
0.1315534
0.2040356
0.3056906
0.4461876
0.6238612
0.8184585
0.9988148
1.1360072
1.2066514
1.1863100
1.0498292
0.7899477
0.4411541
0.0813538
-0.2004545
-0.3502833
-0.3737033
-0.3213362
-0.2505580
-0.1947341
-0.1585424
-0.1330259
-0.1113990
-0.0936463
-0.0821808
-0.0772309
-0.0765177
-0.0772852
-0.0772893
-0.0744519
-0.0671797
-0.0558972
-0.0436993
-0.0343012
-0.0287574
-0.0245392
-0.0183906
-0.0101442
-0.0033989
-0.0022332
-0.0072470
-0.0147051
-0.0193260
-0.0181003
-0.0122718
-0.0064761
-0.0056969
-0.0116165
-0.0207300
-0.0264434
-0.0245932
-0.0177478
-0.0132584
-0.0158061
-0.0218426
-0.0225067
-0.0126774
0.0034955
0.0168900
0.0229812
0.0261790
0.0344103
0.0503546
0.0690419
0.0838946
0.0940651
0.1053580
0.1245939
0.1536269
0.1882066
0.2215049
0.2488360
0.2705641
0.2917371
0.3182434
0.3514492
0.3857541
0.4125496
0.4282505
0.4386700
0.4542007
0.4795493
0.5084545
0.5294733
0.5371865
0.5369453
0.5380419
0.5428055
0.5435062
0.5302738
0.5013244
0.4647230
0.4303363
0.4008096
0.3706358
0.3333587
0.2888163
0.2432508
0.2031116
0.1694981
0.1385160
0.1061798
0.0723618
0.0403531
0.0135295
-0.0071719
-0.0232418
-0.0371639
-0.0511014
-0.0659236
-0.0804317
-0.0916681
-0.0971251
-0.0973347
-0.0956748
-0.0946384
-0.0924164
-0.0844103
-0.0689592
-0.0509634
-0.0385873
-0.0359531
-0.0396752
-0.0430188
-0.0429602
-0.0424449
-0.0459251
-0.0537137
-0.0613471
-0.0640900
-0.0614250
-0.0572377
-0.0562077
-0.0600509
-0.0665168
-0.0714738
-0.0723603
-0.0704022
-0.0695941
-0.0728980
-0.0789988
-0.0830934
-0.0814397
-0.0752896
-0.0701235
-0.0708770
-0.0779405
-0.0876532
-0.0962467
-0.1030344
-0.1100529
-0.1191341
-0.1294758
-0.1378247
-0.1410216
-0.1389078
-0.1352378
-0.1354321
-0.1424313
-0.1539745
-0.1639970
-0.1672908
-0.1632957
-0.1555521
-0.1476499
-0.1399971
-0.1306582
-0.1190493
-0.1082388
-0.1031318
-0.1061524
-0.1146741
-0.1228317
-0.1262147
-0.1252411
-0.1241431
-0.1264359
-0.1310742
-0.1331553
-0.1289076
-0.1202510
-0.1139702
-0.1155537
-0.1235405
-0.1304652
-0.1300582
-0.1235650
-0.1184966
-0.1209551
-0.1295681
-0.1372805
-0.1386702
-0.1347299
-0.1304959
-0.1291416
-0.1295178
-0.1292269
-0.1286211
-0.1306329
-0.1370025
-0.1458960
-0.1539228
-0.1600408
-0.1666150
-0.1763398
-0.1885214
-0.1989056
-0.2033768
-0.2018250
-0.1983305
-0.1973664
-0.1994013
-0.1998837
-0.1927391
-0.1756323
-0.1525174
-0.1310434
-0.1168116
-0.1095166
-0.1045502
-0.0985242
-0.0931113
-0.0929940
-0.0997532
-0.1082466
-0.1100692
-0.1014214
-0.0875302
-0.0785571
-0.0803811
-0.0891375
-0.0950073
-0.0917021
-0.0824903
-0.0770160
-0.0820372
-0.0948469
-0.1054404
-0.1053802
-0.0953598
-0.0847577
-0.0835953
-0.0940292
-0.1089907
-0.1191903
-0.1218698
-0.1227839
-0.1294005
-0.1423723
-0.1545390
-0.1588833
-0.1567515
-0.1566737
-0.1644132
-0.1753967
-0.1787937
-0.1692712
-0.1528942
-0.1397961
-0.1317615
-0.1192600
-0.0912320
-0.0451223
0.0159801
0.0959163
0.2109895
0.3784435
0.5978512
0.8443758
1.0793997
1.2645379
1.3642643
1.3417375
1.1665852
0.8411474
0.4241305
0.0210836
-0.2638803
-0.3833369
-0.3660634
-0.2867725
-0.2131427
-0.1718867
-0.1530519
-0.1373792
-0.1178315
-0.1006001
-0.0931536
-0.0951810
-0.0998297
-0.1008487
-0.0977167
-0.0951537
-0.0986129
-0.1094528
-0.1231828
-0.1324420
-0.1330404
-0.1280407
-0.1253737
-0.1302393
-0.1395220
-0.1445048
-0.1398622
-0.1296964
-0.1237759
-0.1274055
-0.1355218
-0.1374492
-0.1274180
-0.1097257
-0.0932577
-0.0816924
-0.0703400
-0.0529645
-0.0304961
-0.0112114
-0.0016681
0.0013979
0.0085554
0.0267054
0.0516195
0.0723664
0.0828309
0.0876828
0.0965321
0.1132569
0.1325217
0.1468818
0.1558562
0.1666374
0.1860342
0.2129741
0.2396585
0.2595838
0.2736219
0.2882704
0.3087185
0.3340868
0.3590492
0.3794270
0.3960481
0.4135564
0.4357645
0.4619392
0.4871555
0.5061054
0.5167852
0.5207849
0.5202477
0.5148898
0.5023278
0.4812464
0.4536214
0.4232360
0.3921616
0.3594953
0.3240595
0.2877903
0.2552136
0.2287972
0.2052943
0.1779804
0.1434147
0.1057709
0.0735780
0.0516396
0.0364098
0.0197883
-0.0026033
-0.0274183
-0.0479484
-0.0618304
-0.0734803
-0.0885578
-0.1067458
-0.1211875
-0.1256009
-0.1213803
-0.1167121
-0.1184476
-0.1255754
-0.1314434
-0.1320799
-0.1309991
-0.1347898
-0.1444839
-0.1530655
-0.1528586
-0.1448970
-0.1391847
-0.1445604
-0.1590482
-0.1717958
-0.1748812
-0.1717680
-0.1726052
-0.1815126
-0.1904467
-0.1870687
-0.1681870
-0.1438887
-0.1278287
-0.1244256
-0.1265965
-0.1253692
-0.1197426
-0.1160404
-0.1187103
-0.1239895
-0.1237987
-0.1151875
-0.1044834
-0.1013752
-0.1092417
-0.1219604
-0.1303053
-0.1308579
-0.1280528
-0.1277906
-0.1302819
-0.1303337
-0.1245892
-0.1170146
-0.1156458
-0.1237494
-0.1356663
-0.1428838
-0.1439200
-0.1462912
-0.1573635
-0.1741891
-0.1846885
-0.1800597
-0.1649587
-0.1536025
-0.1553749
-0.1654103
-0.1703028
-0.1624280
-0.1471999
-0.1360140
-0.1336507
-0.1342522
-0.1293363
-0.1177195
-0.1061865
-0.1012499
-0.1022241
-0.1031874
-0.1005629
-0.0970705
-0.0978382
-0.1037535
-0.1099175
-0.1108384
-0.1064165
-0.1021831
-0.1036906
-0.1110049
-0.1188193
-0.1218643
-0.1201604
-0.1189305
-0.1231632
-0.1321174
-0.1394619
-0.1393923
-0.1328094
-0.1270670
-0.1292079
-0.1395394
-0.1521053
-0.1610292
-0.1653209
-0.1670646
-0.1662692
-0.1597952
-0.1462283
-0.1301576
-0.1192084
-0.1163749
-0.1170954
-0.1154030
-0.1119525
-0.1135445
-0.1239349
-0.1370612
-0.1417916
-0.1336181
-0.1198592
-0.1120625
-0.1141592
-0.1197269
-0.1207465
-0.1168626
-0.1143645
-0.1170374
-0.1206336
-0.1177162
-0.1068557
-0.0951565
-0.0911629
-0.0962039
-0.1035965
-0.1061135
-0.1033233
-0.1011786
-0.1049232
-0.1132405
-0.1196618
-0.1193417
-0.1139989
-0.1101581
-0.1127511
-0.1204871
-0.1272815
-0.1280041
-0.1228364
-0.1162605
-0.1121572
-0.1101484
-0.1066834
-0.0994404
-0.0904670
-0.0849343
-0.0866403
-0.0944492
-0.1030777
-0.1076782
-0.1079245
-0.1074395
-0.1089247
-0.1101265
-0.1054813
-0.0923174
-0.0748157
-0.0604338
-0.0518154
-0.0433967
-0.0275494
-0.0033629
0.0240497
0.0557268
0.1087311
0.2084869
0.3669144
0.5684491
0.7804287
0.9767256
1.1455814
1.2696265
1.3029271
1.1828166
0.8811216
0.4512300
0.0190772
-0.2862020
-0.4081528
-0.3836505
-0.2975362
-0.2177791
-0.1654065
-0.1308617
-0.1049990
-0.0905457
-0.0911799
-0.1002717
-0.1053168
-0.1011640
-0.0948361
-0.0965318
-0.1079518
-0.1208564
-0.1261397
-0.1227353
-0.1174811
-0.1173699
-0.1226706
-0.1272856
-0.1251360
-0.1160312
-0.1056656
-0.1001927
-0.1006920
-0.1025867
-0.1002850
-0.0925026
-0.0832243
-0.0774856
-0.0761648
-0.0749553
-0.0685804
-0.0561739
-0.0426562
-0.0347517
-0.0351228
-0.0396613
-0.0403206
-0.0313082
-0.0134550
0.0072242
0.0256531
0.0426021
0.0631848
0.0901918
0.1194132
0.1426616
0.1560226
0.1644872
0.1771940
0.1977036
0.2199613
0.2350418
0.2417183
0.2489937
0.2672637
0.2975069
0.3302913
0.3555883
0.3726220
0.3893388
0.4127690
0.4412752
0.4668789
0.4842919
0.4962519
0.5097069
0.5278093
0.5464593
0.5580800
0.5576509
0.5452383
0.5242384
0.4982832
0.4691265
0.4359521
0.3963472
0.3492115
0.2978993
0.2499662
0.2120740
0.1842234
0.1598330
0.1326996
0.1037286
0.0796711
0.0650209
0.0564579
0.0463887
0.0313492
0.0154012
0.0048227
0.0005211
-0.0032894
-0.0131760
-0.0301929
-0.0496530
-0.0663779
-0.0795155
-0.0924265
-0.1085054
-0.1271878
-0.1434814
-0.1512627
-0.1479623
-0.1371924
-0.1268974
-0.1239021
-0.1291540
-0.1378356
-0.1441711
-0.1463398
-0.1470690
-0.1498686
-0.1548815
-0.1583334
-0.1560363
-0.1476603
-0.1377004
-0.1319541
-0.1325171
-0.1359374
-0.1364226
-0.1311753
-0.1227068
-0.1158539
-0.1126339
-0.1104158
-0.1053240
-0.0969926
-0.0893462
-0.0866620
-0.0893033
-0.0933652
-0.0939852
-0.0888641
-0.0793857
-0.0692665
-0.0620272
-0.0587844
-0.0578408
-0.0567569
-0.0554662
-0.0573235
-0.0663235
-0.0826900
-0.1014969
-0.1164800
-0.1256428
-0.1327841
-0.1430827
-0.1572810
-0.1705973
-0.1774426
-0.1770158
-0.1742016
-0.1750621
-0.1814041
-0.1896029
-0.1946308
-0.1950432
-0.1936664
-0.1933932
-0.1931126
-0.1888345
-0.1789540
-0.1673686
-0.1603074
-0.1600479
-0.1625606
-0.1618375
-0.1561730
-0.1496705
-0.1478367
-0.1524145
-0.1604492
-0.1672548
-0.1695537
-0.1666646
-0.1601958
-0.1526693
-0.1450526
-0.1350508
-0.1192281
-0.0983146
-0.0796442
-0.0718567
-0.0758198
-0.0819475
-0.0785134
-0.0631847
-0.0454240
-0.0369576
-0.0405114
-0.0483313
-0.0505632
-0.0434091
-0.0292556
-0.0107629
0.0143363
0.0544341
0.1219732
0.2286261
0.3781721
0.5610436
0.7560610
0.9384221
1.0846840
1.1682265
1.1531824
1.0035810
0.7117308
0.3246686
-0.0614597
-0.3459153
-0.4772594
-0.4750176
-0.4041232
-0.3268530
-0.2714135
-0.2349413
-0.2065198
-0.1838826
-0.1717962
-0.1711253
-0.1741322
-0.1709815
-0.1590255
-0.1443208
-0.1342371
-0.1295060
-0.1238816
-0.1111665
-0.0920564
-0.0740304
-0.0647498
-0.0656267
-0.0714930
-0.0758887
-0.0762759
-0.0745960
-0.0739043
-0.0751159
-0.0765071
-0.0755031
-0.0709048
-0.0640531
-0.0580864
-0.0554613
-0.0555224
-0.0545761
-0.0490238
-0.0388978
-0.0281291
-0.0207942
-0.0168986
-0.0122365
-0.0028210
0.0106884
0.0233970
0.0311172
0.0347750
0.0400454
0.0528576
0.0748252
0.1020404
0.1278769
0.1478767
0.1633093
0.1803735
0.2050149
0.2374200
0.2714261
0.3000666
0.3222514
0.3436568
0.3704073
0.4021591
0.4325672
0.4570764
0.4791026
0.5068372
0.5435485
0.5820371
0.6095679
0.6182283
0.6102306
0.5936331
0.5739191
0.5500702
0.5178562
0.4755114
0.4258258
0.3737914
0.3233667
0.2761388
0.2315135
0.1873789
0.1416343
0.0947093
0.0508606
0.0157017
-0.0088739
-0.0273922
-0.0474095
-0.0724663
-0.0984820
-0.1180361
-0.1286625
-0.1361086
-0.1482792
-0.1660726
-0.1815532
-0.1861514
-0.1801865
-0.1731531
-0.1742515
-0.1833014
-0.1916614
-0.1918664
-0.1855084
-0.1812456
-0.1856468
-0.1966608
-0.2056376
-0.2046476
-0.1918769
-0.1717115
-0.1512809
-0.1364098
-0.1287331
-0.1253471
-0.1218105
-0.1166294
-0.1128582
-0.1144244
-0.1205601
-0.1248488
-0.1211123
-0.1104011
-0.1009803
-0.1003781
-0.1078279
-0.1155751
-0.1175894
-0.1157854
-0.1170285
-0.1249333
-0.1358853
-0.1431600
-0.1438870
-0.1412971
-0.1406874
-0.1442547
-0.1501271
-0.1553933
-0.1587506
-0.1601945
-0.1596657
-0.1573396
-0.1547530
-0.1540329
-0.1554129
-0.1565839
-0.1556649
-0.1544726
-0.1573832
-0.1661209
-0.1764658
-0.1816716
-0.1796490
-0.1755829
-0.1760147
-0.1805453
-0.1810706
-0.1703084
-0.1504612
-0.1323295
-0.1256804
-0.1308095
-0.1392191
-0.1417784
-0.1362847
-0.1282404
-0.1252458
-0.1302839
-0.1392373
-0.1443207
-0.1406599
-0.1307232
-0.1225591
-0.1227910
-0.1306272
-0.1391141
-0.1427802
-0.1434642
-0.1475589
-0.1576436
-0.1682432
-0.1708513
-0.1627534
-0.1500277
-0.1416624
-0.1410869
-0.1436236
-0.1419711
-0.1339070
-0.1246432
-0.1218325
-0.1282796
-0.1392492
-0.1466880
-0.1463550
-0.1413401
-0.1387149
-0.1424065
-0.1492262
-0.1520667
-0.1468800
-0.1361232
-0.1256192
-0.1190894
-0.1161682
-0.1145657
-0.1126293
-0.1098666
-0.1065521
-0.1038766
-0.1037582
-0.1070885
-0.1119806
-0.1150668
-0.1155335
-0.1169150
-0.1229099
-0.1311532
-0.1334732
-0.1246320
-0.1101901
-0.1029693
-0.1103290
-0.1262538
-0.1377222
-0.1384679
-0.1345760
-0.1358516
-0.1433915
-0.1479777
-0.1409896
-0.1246890
-0.1095837
-0.1022310
-0.0983457
-0.0892442
-0.0730659
-0.0567308
-0.0467831
-0.0411245
-0.0315007
-0.0118071
0.0205068
0.0727603
0.1628026
0.3101931
0.5184340
0.7671279
1.0225480
1.2519828
1.4223891
1.4877965
1.3932729
1.1109175
0.6825249
0.2219396
-0.1400264
-0.3297626
-0.3636149
-0.3157485
-0.2561587
-0.2138775
-0.1857658
-0.1646707
-0.1518704
-0.1484952
-0.1470740
-0.1379626
-0.1214381
-0.1083021
-0.1076110
-0.1165653
-0.1241503
-0.1232565
-0.1170605
-0.1136262
-0.1163892
-0.1213481
-0.1226116
-0.1187570
-0.1133080
-0.1102851
-0.1103702
-0.1110907
-0.1099408
-0.1071419
-0.1054304
-0.1068530
-0.1095610
-0.1081915
-0.0980063
-0.0787976
-0.0547644
-0.0309834
-0.0103675
0.0063577
0.0187661
0.0257199
0.0264752
0.0224864
0.0175487
0.0156835
0.0186419
0.0252277
0.0326910
0.0388219
0.0434504
0.0486301
0.0571647
0.0702750
0.0865922
0.1038264
0.1214428
0.1412611
0.1652458
0.1929515
0.2213627
0.2473841
0.2707731
0.2947365
0.3231410
0.3563938
0.3898891
0.4170050
0.4342986
0.4442312
0.4528586
0.4643357
0.4769211
0.4841382
0.4803152
0.4654435
0.4447021
0.4234184
0.4029013
0.3811239
0.3566298
0.3309348
0.3069877
0.2856494
0.2641344
0.2383277
0.2067580
0.1718799
0.1370779
0.1029263
0.0673947
0.0298744
-0.0059957
-0.0344806
-0.0528947
-0.0643392
-0.0750470
-0.0887333
-0.1034189
-0.1139980
-0.1180856
-0.1190369
-0.1227294
-0.1312718
-0.1401774
-0.1421907
-0.1344687
-0.1223473
-0.1155348
-0.1195157
-0.1303408
-0.1386056
-0.1389929
-0.1351664
-0.1345981
-0.1393893
-0.1437188
-0.1407363
-0.1308870
-0.1222147
-0.1222766
-0.1305440
-0.1395031
-0.1429015
-0.1415902
-0.1404791
-0.1407484
-0.1369483
-0.1225805
-0.0979227
-0.0716510
-0.0545871
-0.0515231
-0.0584372
-0.0672791
-0.0735888
-0.0795429
-0.0895842
-0.1036161
-0.1154802
-0.1187041
-0.1135185
-0.1075609
-0.1090535
-0.1190564
-0.1308498
-0.1374887
-0.1395578
-0.1442121
-0.1561341
-0.1707189
-0.1776963
-0.1715268
-0.1573462
-0.1463914
-0.1459585
-0.1538003
-0.1616297
-0.1634247
-0.1602789
-0.1577818
-0.1596156
-0.1641881
-0.1669662
-0.1651713
-0.1600983
-0.1555405
-0.1543201
-0.1560955
-0.1583295
-0.1592291
-0.1590912
-0.1582273
-0.1543499
-0.1436570
-0.1251804
-0.1032777
-0.0849410
-0.0744636
-0.0706214
-0.0686336
-0.0647873
-0.0597531
-0.0579525
-0.0634754
-0.0758129
-0.0890237
-0.0955221
-0.0919759
-0.0821930
-0.0732493
-0.0675685
-0.0597059
-0.0429455
-0.0181060
0.0090094
0.0422884
0.1043005
0.2233784
0.4075975
0.6335933
0.8643343
1.0755436
1.2569799
1.3837852
1.3951921
1.2209410
0.8464693
0.3561814
-0.0978088
-0.3858890
-0.4757648
-0.4313099
-0.3462792
-0.2780332
-0.2329753
-0.1975293
-0.1696349
-0.1594689
-0.1694617
-0.1843498
-0.1841320
-0.1633982
-0.1347730
-0.1146233
-0.1081424
-0.1081330
-0.1053277
-0.0979344
-0.0918159
-0.0929149
-0.1002503
-0.1063762
-0.1045172
-0.0949335
-0.0842222
-0.0787852
-0.0792511
-0.0809286
-0.0792128
-0.0743233
-0.0705060
-0.0704534
-0.0712109
-0.0667325
-0.0545780
-0.0390067
-0.0268453
-0.0208328
-0.0174374
-0.0107813
0.0015769
0.0163148
0.0275007
0.0324444
0.0346072
0.0403752
0.0527863
0.0685773
0.0812894
0.0871544
0.0884589
0.0916588
0.1016981
0.1174421
0.1331167
0.1451891
0.1575943
0.1789686
0.2141558
0.2587347
0.3020856
0.3358559
0.3599259
0.3807859
0.4043166
0.4301872
0.4533440
0.4703892
0.4833579
0.4969105
0.5126005
0.5262616
0.5304836
0.5198247
0.4949925
0.4625311
0.4292569
0.3960338
0.3577725
0.3105551
0.2582526
0.2108089
0.1753749
0.1492913
0.1223024
0.0864211
0.0440857
0.0062159
-0.0183239
-0.0311150
-0.0419310
-0.0589614
-0.0818375
-0.1032287
-0.1160120
-0.1195801
-0.1207911
-0.1286835
-0.1467114
-0.1695061
-0.1877406
-0.1961448
-0.1963308
-0.1925371
-0.1863296
-0.1762563
-0.1619530
-0.1472656
-0.1381771
-0.1371913
-0.1405304
-0.1420095
-0.1393791
-0.1356337
-0.1345045
-0.1366563
-0.1405067
-0.1442904
-0.1458630
-0.1424073
-0.1328402
-0.1203893
-0.1110815
-0.1088335
-0.1120980
-0.1154177
-0.1144929
-0.1100502
-0.1065457
-0.1068466
-0.1088887
-0.1082106
-0.1029679
-0.0954897
-0.0897396
-0.0884553
-0.0919164
-0.0979256
-0.1035521
-0.1084565
-0.1159258
-0.1287287
-0.1440781
-0.1546608
-0.1554307
-0.1485575
-0.1412492
-0.1389486
-0.1404727
-0.1396073
-0.1319128
-0.1200310
-0.1115680
-0.1118848
-0.1200856
-0.1315963
-0.1423839
-0.1503051
-0.1550866
-0.1587044
-0.1640701
-0.1716404
-0.1783794
-0.1813297
-0.1812701
-0.1817173
-0.1848294
-0.1888571
-0.1893140
-0.1830192
-0.1719313
-0.1624106
-0.1592902
-0.1611888
-0.1630200
-0.1620647
-0.1595880
-0.1576622
-0.1572577
-0.1590205
-0.1629207
-0.1666627
-0.1666984
-0.1616206
-0.1535740
-0.1463293
-0.1422436
-0.1396786
-0.1327030
-0.1155288
-0.0881445
-0.0537499
-0.0073812
0.0697141
0.1986929
0.3846098
0.6102241
0.8466154
1.0666440
1.2460681
1.3513568
1.3310229
1.1336211
0.7540340
0.2702141
-0.1770212
-0.4604114
-0.5392656
-0.4699094
-0.3527309
-0.2646335
-0.2252018
-0.2108393
-0.1948550
-0.1743530
-0.1624605
-0.1645603
-0.1719130
-0.1751867
-0.1724654
-0.1636014
-0.1486364
-0.1343456
-0.1305196
-0.1357095
-0.1381035
-0.1348335
-0.1372205
-0.1499180
