-0.1303602
-0.1247770
-0.1219266
-0.1199022
-0.1206238
-0.1266149
-0.1334077
-0.1334553
-0.1271666
-0.1227828
-0.1245141
-0.1268866
-0.1225969
-0.1115862
-0.1005406
-0.0962684
-0.1005965
-0.1094618
-0.1161776
-0.1170361
-0.1139928
-0.1114140
-0.1115929
-0.1144584
-0.1192598
-0.1241436
-0.1261008
-0.1244887
-0.1234641
-0.1277498
-0.1363453
-0.1432173
-0.1443794
-0.1419752
-0.1406842
-0.1416212
-0.1408257
-0.1336754
-0.1206093
-0.1079684
-0.1021805
-0.1031730
-0.1047787
-0.1017505
-0.0950037
-0.0898865
-0.0910491
-0.0992102
-0.1106033
-0.1185026
-0.1175678
-0.1089526
-0.1002730
-0.0985354
-0.1030140
-0.1063351
-0.1028602
-0.0950163
-0.0903211
-0.0921061
-0.0945473
-0.0886124
-0.0725495
-0.0537385
-0.0389606
-0.0258620
-0.0071347
0.0196550
0.0532378
0.1020196
0.1905050
0.3441514
0.5648706
0.8246223
1.0859540
1.3251812
1.5272980
1.6559761
1.6408916
1.4167940
0.9917155
0.4765526
0.0333599
-0.2232041
-0.2887065
-0.2464923
-0.1893166
-0.1583921
-0.1438236
-0.1261282
-0.1067172
-0.1009745
-0.1137423
-0.1312282
-0.1366709
-0.1278082
-0.1162841
-0.1133897
-0.1200707
-0.1296038
-0.1359470
-0.1378845
-0.1372435
-0.1359652
-0.1354206
-0.1366807
-0.1395659
-0.1417793
-0.1409889
-0.1385184
-0.1391643
-0.1454373
-0.1527175
-0.1524329
-0.1408176
-0.1233184
-0.1094538
-0.1038815
-0.1031792
-0.1008518
-0.0942160
-0.0857128
-0.0782911
-0.0714186
-0.0628055
-0.0528155
-0.0445783
-0.0389493
-0.0314633
-0.0165850
0.0052955
0.0271066
0.0422991
0.0519140
0.0631847
0.0809553
0.1016614
0.1171822
0.1246324
0.1306928
0.1449119
0.1694495
0.1970435
0.2189742
0.2332708
0.2445541
0.2577353
0.2737783
0.2909190
0.3074887
0.3221623
0.3327182
0.3369867
0.3358845
0.3338584
0.3341762
0.3338860
0.3256366
0.3057118
0.2788794
0.2535939
0.2330783
0.2131303
0.1888870
0.1616433
0.1373837
0.1194265
0.1045653
0.0872479
0.0663256
0.0460218
0.0302659
0.0179305
0.0050693
-0.0092071
-0.0214056
-0.0286805
-0.0332593
-0.0401627
-0.0510851
-0.0621243
-0.0679481
-0.0673018
-0.0638742
-0.0623830
-0.0647123
-0.0697667
-0.0757944
-0.0816662
-0.0863451
-0.0889151
-0.0900807
-0.0924429
-0.0975965
-0.1030912
-0.1039245
-0.0979305
-0.0889419
-0.0836181
-0.0850549
-0.0898635
-0.0914936
-0.0861103
-0.0752650
-0.0635111
-0.0543246
-0.0485377
-0.0456201
-0.0448968
-0.0452024
-0.0447112
-0.0424778
-0.0399840
-0.0400273
-0.0435228
-0.0479231
-0.0496682
-0.0485896
-0.0494245
-0.0578700
-0.0743160
-0.0918055
-0.1013122
-0.0997645
-0.0928422
-0.0897759
-0.0954445
-0.1071270
-0.1180006
-0.1232927
-0.1236001
-0.1232044
-0.1256004
-0.1304477
-0.1343979
-0.1345006
-0.1307476
-0.1256601
-0.1218351
-0.1200025
-0.1192280
-0.1186035
-0.1182850
-0.1187237
-0.1194380
-0.1193592
-0.1182764
-0.1168256
-0.1145443
-0.1090772
-0.0987748
-0.0859558
-0.0761066
-0.0728948
-0.0744044
-0.0751126
-0.0716339
-0.0659778
-0.0629725
-0.0650573
-0.0702171
-0.0747030
-0.0766643
-0.0766611
-0.0757060
-0.0742640
-0.0731512
-0.0739752
-0.0776886
-0.0831148
-0.0877530
-0.0902174
-0.0915725
-0.0941244
-0.0989883
-0.1048980
-0.1093704
-0.1109436
-0.1101635
-0.1085281
-0.1070070
-0.1059725
-0.1061034
-0.1083009
-0.1121713
-0.1151466
-0.1142240
-0.1092217
-0.1038952
-0.1027059
-0.1058197
-0.1079134
-0.1031322
-0.0915419
-0.0798646
-0.0751971
-0.0783224
-0.0835932
-0.0849195
-0.0812331
-0.0764491
-0.0751351
-0.0785706
-0.0842070
-0.0879692
-0.0870523
-0.0814347
-0.0736740
-0.0673786
-0.0651633
-0.0673071
-0.0721290
-0.0777195
-0.0833359
-0.0893047
-0.0960548
-0.1034715
-0.1107357
-0.1163411
-0.1186803
-0.1174064
-0.1142384
-0.1117178
-0.1108958
-0.1107265
-0.1099771
-0.1090839
-0.1093867
-0.1107813
-0.1111621
-0.1087745
-0.1045141
-0.1008148
-0.0981261
-0.0936976
-0.0850476
-0.0742655
-0.0673021
-0.0680889
-0.0740022
-0.0781709
-0.0763419
-0.0708582
-0.0676667
-0.0698340
-0.0743503
-0.0751394
-0.0688461
-0.0576857
-0.0472219
-0.0420436
-0.0434597
-0.0500435
-0.0588911
-0.0662616
-0.0686685
-0.0653174
-0.0600306
-0.0595293
-0.0678183
-0.0811131
-0.0890413
-0.0829516
-0.0645659
-0.0458896
-0.0387018
-0.0430549
-0.0468159
-0.0375271
-0.0139428
0.0166388
0.0540410
0.1163922
0.2312455
0.4122619
0.6450963
0.8978837
1.1430884
1.3620911
1.5246658
1.5719392
1.4379037
1.1051712
0.6450415
0.1945085
-0.1213113
-0.2592214
-0.2641698
-0.2153326
-0.1671750
-0.1330270
-0.1078900
-0.0921776
-0.0914912
-0.1034318
-0.1153088
-0.1169575
-0.1114781
-0.1104306
-0.1202760
-0.1363025
-0.1491738
-0.1542166
-0.1530597
-0.1488271
-0.1430699
-0.1373300
-0.1343956
-0.1355388
-0.1375332
-0.1350838
-0.1271156
-0.1191558
-0.1178656
-0.1233268
-0.1280080
-0.1241020
-0.1114527
-0.0974998
-0.0895290
-0.0879964
-0.0880390
-0.0864451
-0.0851216
-0.0870471
-0.0905686
-0.0901339
-0.0831705
-0.0743991
-0.0712763
-0.0750070
-0.0776677
-0.0696014
-0.0493961
-0.0253656
-0.0068487
0.0049846
0.0170026
0.0356847
0.0602070
0.0839982
0.1019169
0.1150197
0.1287697
0.1475929
0.1713990
0.1966618
0.2200159
0.2405716
0.2592856
0.2770508
0.2940696
0.3108134
0.3284316
0.3471135
0.3640820
0.3745011
0.3757590
0.3709025
0.3664702
0.3657556
0.3646333
0.3553567
0.3348145
0.3080483
0.2829784
0.2624495
0.2424633
0.2177585
0.1876934
0.1563187
0.1281258
0.1051567
0.0877774
0.0762300
0.0700432
0.0665601
0.0617096
0.0530335
0.0415320
0.0301379
0.0207804
0.0132938
0.0065643
-0.0002333
-0.0074641
-0.0150187
-0.0218395
-0.0260634
-0.0266567
-0.0252152
-0.0256126
-0.0311565
-0.0417323
-0.0538100
-0.0635289
-0.0700026
-0.0756796
-0.0834639
-0.0934404
-0.1023326
-0.1061369
-0.1035069
-0.0969555
-0.0909496
-0.0886282
-0.0898905
-0.0921160
-0.0923531
-0.0890110
-0.0824077
-0.0747069
-0.0693003
-0.0690807
-0.0741798
-0.0812820
-0.0858003
-0.0853174
-0.0811936
-0.0770376
-0.0757358
-0.0777045
-0.0813626
-0.0847295
-0.0866211
-0.0869864
-0.0867546
-0.0872980
-0.0893496
-0.0919960
-0.0931334
-0.0916759
-0.0894827
-0.0904499
-0.0968667
-0.1064290
-0.1134283
-0.1138607
-0.1098668
-0.1085529
-0.1152185
-0.1271672
-0.1349061
-0.1306332
-0.1159936
-0.1010617
-0.0952243
-0.0989868
-0.1046762
-0.1047843
-0.0992239
-0.0946080
-0.0972185
-0.1072830
-0.1197483
-0.1294729
-0.1348699
-0.1370240
-0.1367655
-0.1337727
-0.1284257
-0.1233382
-0.1216886
-0.1234551
-0.1239992
-0.1178353
-0.1046263
-0.0907287
-0.0833725
-0.0829172
-0.0819465
-0.0731101
-0.0575134
-0.0440308
-0.0397872
-0.0423451
-0.0426280
-0.0353666
-0.0248761
-0.0192420
-0.0198030
-0.0185450
-0.0061238
0.0204004
0.0609133
0.1227563
0.2234897
0.3788408
0.5871534
0.8274399
1.0721269
1.2965377
1.4708968
1.5465206
1.4644411
1.1957031
0.7830346
0.3388783
-0.0113156
-0.1995633
-0.2430865
-0.2116135
-0.1696433
-0.1433509
-0.1286481
-0.1168909
-0.1081714
-0.1064317
-0.1115348
-0.1196409
-0.1276608
-0.1335557
-0.1338302
-0.1252168
-0.1102352
-0.0980228
-0.0964588
-0.1038102
-0.1105539
-0.1100503
-0.1055095
-0.1050478
-0.1113379
-0.1187188
-0.1207521
-0.1179824
-0.1160072
-0.1169761
-0.1160961
-0.1077484
-0.0929997
-0.0785993
-0.0689155
-0.0614326
-0.0514666
-0.0394495
-0.0307103
-0.0276016
-0.0242776
-0.0118202
0.0113762
0.0361597
0.0507074
0.0514981
0.0455070
0.0422793
0.0453439
0.0515036
0.0566391
0.0603687
0.0653516
0.0740138
0.0871899
0.1050964
0.1277884
0.1539301
0.1801379
0.2029759
0.2219458
0.2398192
0.2595498
0.2812118
0.3023972
0.3212927
0.3386862
0.3568871
0.3772093
0.3986506
0.4183209
0.4324820
0.4376737
0.4323771
0.4187179
0.4020897
0.3875453
0.3755084
0.3613352
0.3399225
0.3108990
0.2788706
0.2486070
0.2206546
0.1919199
0.1598405
0.1252856
0.0918092
0.0631056
0.0412669
0.0262102
0.0155851
0.0056413
-0.0062087
-0.0187652
-0.0276930
-0.0300336
-0.0281801
-0.0283703
-0.0346730
-0.0450922
-0.0542919
-0.0596371
-0.0634458
-0.0692873
-0.0773965
-0.0847325
-0.0889331
-0.0908438
-0.0928881
-0.0961526
-0.1001141
-0.1045848
-0.1102137
-0.1164525
-0.1204637
-0.1199089
-0.1168442
-0.1170018
-0.1237586
-0.1334152
-0.1380984
-0.1338882
-0.1250823
-0.1195420
-0.1204101
-0.1236663
-0.1238848
-0.1208686
-0.1193302
-0.1227361
-0.1293711
-0.1350914
-0.1383553
-0.1407598
-0.1431296
-0.1434357
-0.1399136
-0.1349504
-0.1336537
-0.1380380
-0.1440965
-0.1459701
-0.1426030
-0.1389137
-0.1399897
-0.1450691
-0.1480678
-0.1436377
-0.1320365
-0.1186048
-0.1098089
-0.1097824
-0.1186292
-0.1320608
-0.1432123
-0.1473511
-0.1463291
-0.1473059
-0.1551329
-0.1658676
-0.1695741
-0.1607842
-0.1453718
-0.1355064
-0.1376659
-0.1468421
-0.1529555
-0.1515442
-0.1468063
-0.1451303
-0.1480731
-0.1524268
-0.1550832
-0.1555388
-0.1541365
-0.1505603
-0.1455647
-0.1426846
-0.1457262
-0.1540776
-0.1622556
-0.1655215
-0.1652135
-0.1668563
-0.1728158
-0.1784202
-0.1766172
-0.1659250
-0.1524898
-0.1441216
-0.1432293
-0.1459534
-0.1471803
-0.1452514
-0.1421048
-0.1403624
-0.1411753
-0.1440363
-0.1470613
-0.1470428
-0.1406496
-0.1273187
-0.1111284
-0.0982846
-0.0912355
-0.0853244
-0.0725602
-0.0494340
-0.0198338
0.0121981
0.0539954
0.1272172
0.2557500
0.4473571
0.6859294
0.9413190
1.1847419
1.3912051
1.5265490
1.5393932
1.3800441
1.0417768
0.5900076
0.1455131
-0.1756850
-0.3235298
-0.3303118
-0.2735789
-0.2200218
-0.1941548
-0.1866885
-0.1821444
-0.1763574
-0.1738277
-0.1770126
-0.1826147
-0.1865242
-0.1883452
-0.1896777
-0.1901615
-0.1878512
-0.1833562
-0.1810724
-0.1845109
-0.1912985
-0.1949963
-0.1925412
-0.1882811
-0.1888319
-0.1942200
-0.1962431
-0.1871471
-0.1692143
-0.1538220
-0.1501967
-0.1561034
-0.1606983
-0.1559760
-0.1439559
-0.1325975
-0.1266320
-0.1241012
-0.1210125
-0.1166729
-0.1130010
-0.1101271
-0.1053922
-0.0974208
-0.0891984
-0.0849175
-0.0839738
-0.0802617
-0.0688102
-0.0521641
-0.0383261
-0.0319656
-0.0289447
-0.0206019
-0.0029150
0.0197712
0.0400991
0.0553432
0.0687075
0.0838822
0.1003073
0.1147839
0.1266519
0.1395471
0.1575884
0.1810173
0.2066764
0.2322810
0.2586781
0.2870840
0.3148559
0.3354744
0.3435270
0.3394447
0.3286896
0.3161580
0.3018270
0.2821618
0.2553036
0.2240318
0.1933885
0.1660473
0.1407323
0.1149569
0.0882385
0.0619535
0.0367784
0.0118312
-0.0130459
-0.0353216
-0.0517711
-0.0626824
-0.0726532
-0.0858600
-0.1007995
-0.1110474
-0.1119365
-0.1060414
-0.1014766
-0.1048622
-0.1161508
-0.1297737
-0.1398496
-0.1441717
-0.1443949
-0.1437726
-0.1447563
-0.1474925
-0.1495650
-0.1474786
-0.1395195
-0.1278388
-0.1174949
-0.1128432
-0.1144033
-0.1189660
-0.1226200
-0.1238843
-0.1244023
-0.1268881
-0.1321456
-0.1376451
-0.1390114
-0.1334639
-0.1224127
-0.1108754
-0.1040568
-0.1039247
-0.1084538
-0.1136848
-0.1165374
-0.1163452
-0.1146003
-0.1135283
-0.1143772
-0.1164446
-0.1177678
-0.1171558
-0.1155285
-0.1147954
-0.1153665
-0.1154637
-0.1134236
-0.1101635
-0.1084063
-0.1094533
-0.1118005
-0.1136267
-0.1157939
-0.1209236
-0.1293159
-0.1371913
-0.1402448
-0.1385725
-0.1368026
-0.1390174
-0.1444936
-0.1490488
-0.1497145
-0.1469329
-0.1426157
-0.1378128
-0.1330539
-0.1295440
-0.1280930
-0.1268700
-0.1220858
-0.1122552
-0.1011344
-0.0949537
-0.0964119
-0.1022770
-0.1072751
-0.1093720
-0.1103099
-0.1117087
-0.1124589
-0.1106421
-0.1067757
-0.1036525
-0.1030301
-0.1036879
-0.1033169
-0.1016118
-0.1006926
-0.1026874
-0.1076387
-0.1139146
-0.1200685
-0.1258614
-0.1316870
-0.1373549
-0.1414071
-0.1415864
-0.1364846
-0.1273948
-0.1184033
-0.1136818
-0.1139858
-0.1160625
-0.1159706
-0.1127721
-0.1085782
-0.1055178
-0.1038253
-0.1029898
-0.1032249
-0.1044070
-0.1042095
-0.0992158
-0.0886217
-0.0756957
-0.0645386
-0.0560337
-0.0479532
-0.0381697
-0.0258737
-0.0099104
0.0111798
0.0362299
0.0624590
0.0951164
0.1562957
0.2769051
0.4722148
0.7246710
0.9948986
1.2489987
1.4667433
1.6173135
1.6367606
1.4531428
1.0549550
0.5376477
0.0677151
-0.2191833
-0.3000465
-0.2563000
-0.1919826
-0.1593018
-0.1508098
-0.1427463
-0.1311532
-0.1284406
-0.1398084
-0.1546469
-0.1600386
-0.1550369
-0.1486408
-0.1478781
-0.1520567
-0.1570141
-0.1601720
-0.1600967
-0.1547445
-0.1437985
-0.1321324
-0.1276426
-0.1338886
-0.1458757
-0.1544490
-0.1546743
-0.1492324
-0.1441341
-0.1424315
-0.1423865
-0.1405355
-0.1353287
-0.1279584
-0.1206878
-0.1149046
-0.1104843
-0.1066221
-0.1031418
-0.1007420
-0.0995480
-0.0976084
-0.0919371
-0.0819610
-0.0713074
-0.0644803
-0.0610714
-0.0545745
-0.0387320
-0.0151754
0.0067430
0.0187497
0.0216506
0.0236219
0.0311315
0.0432515
0.0553594
0.0664442
0.0803533
0.0999009
0.1222557
0.1420689
0.1582999
0.1756951
0.1988269
0.2261758
0.2514946
0.2703988
0.2840676
0.2963550
0.3088576
0.3198311
0.3268051
0.3284515
0.3240379
0.3132380
0.2979006
0.2826485
0.2711542
0.2611655
0.2451084
0.2175196
0.1816107
0.1469563
0.1203228
0.0999034
0.0791224
0.0547189
0.0294046
0.0071194
-0.0117621
-0.0289866
-0.0437035
-0.0520092
-0.0521687
-0.0487067
-0.0494368
-0.0583019
-0.0720915
-0.0843157
-0.0913491
-0.0944522
-0.0970062
-0.1011590
-0.1068801
-0.1126563
-0.1162627
-0.1158402
-0.1116578
-0.1068886
-0.1055136
-0.1087613
-0.1140211
-0.1176946
-0.1186429
-0.1182583
-0.1177722
-0.1168726
-0.1152179
-0.1137739
-0.1131413
-0.1110834
-0.1037420
-0.0904371
-0.0763240
-0.0687141
-0.0703973
-0.0772934
-0.0828808
-0.0842201
-0.0833720
-0.0840527
-0.0881962
-0.0953658
-0.1036513
-0.1101592
-0.1118679
-0.1079431
-0.1015133
-0.0977888
-0.0994480
-0.1044134
-0.1089239
-0.1121916
-0.1167345
-0.1241557
-0.1322775
-0.1376753
-0.1401386
-0.1427525
-0.1472361
-0.1508924
-0.1497054
-0.1439661
-0.1391263
-0.1402840
-0.1464392
-0.1508672
-0.1470189
-0.1339991
-0.1171962
-0.1045687
-0.1017235
-0.1085336
-0.1191235
-0.1258227
-0.1248416
-0.1188738
-0.1138209
-0.1128542
-0.1141395
-0.1141699
-0.1119033
-0.1086787
-0.1053179
-0.1015455
-0.0984115
-0.0986794
-0.1025968
-0.1043697
-0.0959059
-0.0753145
-0.0500824
-0.0301880
-0.0185064
-0.0084578
0.0113932
0.0541706
0.1356028
0.2716344
0.4681819
0.7120218
0.9749178
1.2268767
1.4398589
1.5750279
1.5747730
1.3866108
1.0123909
0.5373334
0.0993597
-0.1873478
-0.2941141
-0.2761368
-0.2168783
-0.1715620
-0.1512804
-0.1436118
-0.1373933
-0.1302024
-0.1231868
-0.1171592
-0.1136174
-0.1149448
-0.1213393
-0.1291122
-0.1338309
-0.1347463
-0.1349557
-0.1374195
-0.1419365
-0.1460922
-0.1479766
-0.1473339
-0.1450245
-0.1426436
-0.1424656
-0.1462564
-0.1531476
-0.1592224
-0.1604160
-0.1563480
-0.1508773
-0.1483006
-0.1488801
-0.1483460
-0.1420110
-0.1294168
-0.1148774
-0.1034189
-0.0962462
-0.0902790
-0.0819795
-0.0711206
-0.0603766
-0.0515802
-0.0434678
-0.0337550
-0.0226371
-0.0126502
-0.0045281
0.0054565
0.0222149
0.0456730
0.0693735
0.0866257
0.0978146
0.1103166
0.1305654
0.1568676
0.1808968
0.1961929
0.2045542
0.2140075
0.2311919
0.2560871
0.2833558
0.3074113
0.3256699
0.3379886
0.3448022
0.3468154
0.3458457
0.3442748
0.3424200
0.3366650
0.3216341
0.2955811
0.2636753
0.2346886
0.2131151
0.1944516
0.1693002
0.1331207
0.0919273
0.0576474
0.0373777
0.0273065
0.0173224
0.0012016
-0.0181860
-0.0332620
-0.0399524
-0.0407849
-0.0407851
-0.0422223
-0.0442023
-0.0459935
-0.0484841
-0.0518339
-0.0536363
-0.0516715
-0.0484246
-0.0505051
-0.0616106
-0.0767256
-0.0857312
-0.0841100
-0.0789591
-0.0824761
-0.0991564
-0.1207672
-0.1348612
-0.1373762
-0.1354933
-0.1383946
-0.1471279
-0.1547162
-0.1549761
-0.1489620
-0.1423192
-0.1383652
-0.1357704
-0.1323632
-0.1285824
-0.1258474
-0.1231631
-0.1178797
-0.1100589
-0.1037901
-0.1022781
-0.1024966
-0.0972200
-0.0834497
-0.0673981
-0.0591980
-0.0625866
-0.0712231
-0.0758226
-0.0738344
-0.0709664
-0.0738768
-0.0831559
-0.0939180
-0.1015604
-0.1052325
-0.1063369
-0.1060816
-0.1057275
-0.1076263
-0.1134666
-0.1210718
-0.1250523
-0.1226169
-0.1182204
-0.1202113
-0.1316604
-0.1455526
-0.1507865
-0.1433138
-0.1304587
-0.1237047
-0.1277177
-0.1368815
-0.1419297
-0.1389472
-0.1320349
-0.1285342
-0.1324424
-0.1414795
-0.1488886
-0.1479286
-0.1364071
-0.1186206
-0.1027241
-0.0945737
-0.0930281
-0.0915861
-0.0853263
-0.0761678
-0.0708082
-0.0735479
-0.0817299
-0.0883743
-0.0887257
-0.0839359
-0.0791135
-0.0787888
-0.0840665
-0.0927154
-0.1009989
-0.1061099
-0.1083047
-0.1109762
-0.1174542
-0.1267860
-0.1333214
-0.1318655
-0.1236175
-0.1160995
-0.1163723
-0.1244306
-0.1335903
-0.1369673
-0.1330094
-0.1252076
-0.1178974
-0.1130754
-0.1101988
-0.1073303
-0.1021487
-0.0931942
-0.0813571
-0.0699244
-0.0623133
-0.0597056
-0.0613925
-0.0669787
-0.0766894
-0.0887065
-0.0975040
-0.0970343
-0.0864466
-0.0718222
-0.0613443
-0.0588129
-0.0619622
-0.0660248
-0.0675920
-0.0654892
-0.0602835
-0.0545217
-0.0521076
-0.0547502
-0.0584471
-0.0557070
-0.0432019
-0.0262483
-0.0133435
-0.0060209
0.0036111
0.0241412
0.0563389
0.0972905
0.1533750
0.2447335
0.3918818
0.5966242
0.8375146
1.0830246
1.3038298
1.4679272
1.5282870
1.4301079
1.1475714
0.7230049
0.2666987
-0.0950022
-0.2883003
-0.3245143
-0.2745497
-0.2121246
-0.1731697
-0.1556523
-0.1451856
-0.1356133
-0.1296769
-0.1291888
-0.1306567
-0.1298679
-0.1267499
-0.1237317
-0.1209501
-0.1155317
-0.1058522
-0.0947126
-0.0869735
-0.0845904
-0.0852527
-0.0860578
-0.0873679
-0.0920372
-0.1010244
-0.1106824
-0.1150465
-0.1110233
-0.1014346
-0.0929425
-0.0905775
-0.0936964
-0.0970707
-0.0961757
-0.0915799
-0.0879246
-0.0884333
-0.0908585
-0.0895323
-0.0815174
-0.0700609
-0.0614055
-0.0584889
-0.0584937
-0.0565865
-0.0511624
-0.0447714
-0.0404077
-0.0378701
-0.0338837
-0.0250192
-0.0101549
0.0090962
0.0293697
0.0471805
0.0609602
0.0725274
0.0862180
0.1053965
0.1290863
0.1522755
0.1702436
0.1830530
0.1958432
0.2145259
0.2407992
0.2708178
0.2983442
0.3193739
0.3342999
0.3460308
0.3560475
0.3622839
0.3610843
0.3513773
0.3365758
0.3217670
0.3088160
0.2945887
0.2743861
0.2470652
0.2164273
0.1874747
0.1616414
0.1360784
0.1075966
0.0769642
0.0491141
0.0291783
0.0182562
0.0126197
0.0066178
-0.0034342
-0.0173008
-0.0318211
-0.0437456
-0.0522960
-0.0596779
-0.0691540
-0.0819947
-0.0957078
-0.1053758
-0.1075140
-0.1032320
-0.0974485
-0.0944525
-0.0941029
-0.0927593
-0.0880649
-0.0822024
-0.0796791
-0.0819268
-0.0849594
-0.0831525
-0.0752946
-0.0663558
-0.0630648
-0.0679230
-0.0773782
-0.0850568
-0.0863798
-0.0810815
-0.0729908
-0.0677832
-0.0692974
-0.0761058
-0.0816472
-0.0794667
-0.0697271
-0.0602536
-0.0599978
-0.0709633
-0.0867912
-0.0991514
-0.1048137
-0.1064401
-0.1079688
-0.1109144
-0.1149034
-0.1196500
-0.1249354
-0.1296497
-0.1327750
-0.1353620
-0.1396722
-0.1454276
-0.1485841
-0.1460621
-0.1413372
-0.1424413
-0.1524203
-0.1631569
-0.1617548
-0.1442142
-0.1210199
-0.1072116
-0.1073002
-0.1117346
-0.1084577
-0.0960668
-0.0842707
-0.0826247
-0.0909898
-0.1011515
-0.1056045
-0.1032383
-0.0977558
-0.0931973
-0.0917741
-0.0940994
-0.0992936
-0.1048424
-0.1080507
-0.1085881
-0.1088628
-0.1110128
-0.1140354
-0.1149965
-0.1130271
-0.1109014
-0.1119862
-0.1163717
-0.1209439
-0.1229949
-0.1227743
-0.1223923
-0.1232228
-0.1249200
-0.1259887
-0.1240423
-0.1159703
-0.0999414
-0.0784426
-0.0579972
-0.0435744
-0.0327542
-0.0167344
0.0125260
0.0581883
0.1233890
0.2185378
0.3591101
0.5525555
0.7870802
1.0337785
1.2572266
1.4199340
1.4780343
1.3849039
1.1173121
0.7103435
0.2642548
-0.0980735
-0.2986961
-0.3437693
-0.3027765
-0.2494392
-0.2167301
-0.1976320
-0.1765823
-0.1531858
-0.1385101
-0.1377372
-0.1435218
-0.1460311
-0.1447272
-0.1474327
-0.1593706
-0.1759795
-0.1869491
-0.1856462
-0.1738740
-0.1589585
-0.1479300
-0.1439807
-0.1460344
-0.1499227
-0.1507176
-0.1462084
-0.1393791
-0.1365578
-0.1413618
-0.1498891
-0.1529197
-0.1441539
-0.1266146
-0.1104673
-0.1040840
-0.1070076
-0.1112953
-0.1092259
-0.0996181
-0.0873832
-0.0780064
-0.0728561
-0.0690944
-0.0629453
-0.0526820
-0.0393321
-0.0256513
-0.0145431
-0.0074180
-0.0029633
0.0025878
0.0130983
0.0294857
0.0487875
0.0666987
0.0814785
0.0952742
0.1113127
0.1300108
0.1484886
0.1639922
0.1768939
0.1895185
0.2026130
0.2145156
0.2243412
0.2345604
0.2485596
0.2655758
0.2799317
0.2868659
0.2884730
0.2918055
0.3001715
0.3075490
0.3032822
0.2824080
0.2503638
0.2174495
0.1898532
0.1665801
0.1435327
0.1184236
0.0916835
0.0649334
0.0405862
0.0222472
0.0129344
0.0113708
0.0110269
0.0048597
-0.0082826
-0.0229050
-0.0333279
-0.0403592
-0.0504056
-0.0678214
-0.0892020
-0.1061758
-0.1136018
-0.1141648
-0.1147132
-0.1189545
-0.1246590
-0.1277030
-0.1273371
-0.1263930
-0.1270506
-0.1282645
-0.1281271
-0.1274100
-0.1288691
-0.1328699
-0.1353895
-0.1318612
-0.1227288
-0.1138034
-0.1104313
-0.1119452
-0.1126891
-0.1082797
-0.0999770
-0.0927973
-0.0903777
-0.0924487
-0.0965389
-0.1005751
-0.1034448
-0.1044163
-0.1035793
-0.1028752
-0.1053548
-0.1123247
-0.1213788
-0.1281422
-0.1304208
-0.1302285
-0.1311337
-0.1337142
-0.1343476
-0.1288734
-0.1170541
-0.1029593
-0.0912623
-0.0838657
-0.0800870
-0.0789681
-0.0802451
-0.0832319
-0.0861069
-0.0873500
-0.0875228
-0.0884635
-0.0903482
-0.0905813
-0.0868083
-0.0808779
-0.0784584
-0.0837629
-0.0950152
-0.1060218
-0.1124210
-0.1158592
-0.1216826
-0.1328783
-0.1468255
-0.1579683
-0.1630106
-0.1629838
-0.1607482
-0.1578209
-0.1544328
-0.1517353
-0.1519509
-0.1554044
-0.1585927
-0.1571662
-0.1512753
-0.1463428
-0.1467816
-0.1492860
-0.1445793
-0.1274010
-0.1039060
-0.0871063
-0.0843464
-0.0905056
-0.0943506
-0.0903591
-0.0827006
-0.0782770
-0.0784960
-0.0793142
-0.0777146
-0.0753479
-0.0751258
-0.0762559
-0.0748228
-0.0692534
-0.0634430
-0.0631747
-0.0697001
-0.0777646
-0.0803988
-0.0756528
-0.0686487
-0.0668542
-0.0726974
-0.0803892
-0.0805891
-0.0691466
-0.0511646
-0.0355288
-0.0254646
-0.0158389
-0.0000289
0.0234358
0.0550105
0.1053418
0.1978352
0.3544012
0.5764254
0.8405093
1.1114557
1.3537067
1.5262384
1.5733088
1.4387828
1.1088047
0.6476689
0.1837251
-0.1565957
-0.3178051
-0.3327827
-0.2803600
-0.2255608
-0.1908682
-0.1690386
-0.1504977
-0.1361630
-0.1315035
-0.1369432
-0.1465029
-0.1530762
-0.1532275
-0.1485278
-0.1442075
-0.1455219
-0.1528259
-0.1596194
-0.1574910
-0.1447850
-0.1297222
-0.1231007
-0.1274398
-0.1345457
-0.1345686
-0.1264567
-0.1181445
-0.1169812
-0.1220257
-0.1265657
-0.1263773
-0.1231801
-0.1201937
-0.1169751
-0.1106266
-0.1011539
-0.0930157
-0.0900671
-0.0901856
-0.0869916
-0.0773988
-0.0658983
-0.0596838
-0.0598058
-0.0590252
-0.0495717
-0.0321147
-0.0154458
-0.0071195
-0.0057563
-0.0034775
0.0050041
0.0173945
0.0280610
0.0354674
0.0436370
0.0566540
0.0739076
0.0920525
0.1103018
0.1313493
0.1565196
0.1819208
0.2013864
0.2131858
0.2223778
0.2357089
0.2547244
0.2746727
0.2899315
0.2994242
0.3061704
0.3124256
0.3168225
0.3167412
0.3121758
0.3055652
0.2976322
0.2849710
0.2634391
0.2340447
0.2039624
0.1801717
0.1621038
0.1421060
0.1143869
0.0828580
0.0583503
0.0473394
0.0444990
0.0376762
0.0200834
-0.0033830
-0.0218912
-0.0295703
-0.0302003
-0.0323134
-0.0413957
-0.0570307
-0.0756576
-0.0938459
-0.1087838
-0.1178512
-0.1200137
-0.1177774
-0.1162050
-0.1188139
-0.1246018
-0.1297188
-0.1320404
-0.1335186
-0.1376747
-0.1450184
-0.1515321
-0.1521026
-0.1453700
-0.1348495
-0.1253104
-0.1186211
-0.1134590
-0.1083916
-0.1040294
-0.1017754
-0.1013838
-0.1009602
-0.0995212
-0.0984695
-0.0994124
-0.1007008
-0.0976405
-0.0874358
-0.0735964
-0.0639422
-0.0633499
-0.0690072
-0.0736960
-0.0736279
-0.0721378
-0.0752626
-0.0843817
-0.0942689
-0.0986629
-0.0969434
-0.0943673
-0.0959079
-0.1011923
-0.1063581
-0.1098794
-0.1145297
-0.1228995
-0.1325229
-0.1375391
-0.1355889
-0.1315470
-0.1327597
-0.1405236
-0.1477350
-0.1462509
-0.1362743
-0.1270771
-0.1277095
-0.1376112
-0.1472145
-0.1476250
-0.1389804
-0.1292947
-0.1259863
-0.1291504
-0.1326007
-0.1303260
-0.1214094
-0.1095062
-0.0990668
-0.0926301
-0.0905117
-0.0912880
-0.0923603
-0.0916934
-0.0903175
-0.0922948
-0.1002889
-0.1106393
-0.1144818
-0.1057850
-0.0885737
-0.0747440
-0.0734230
-0.0826809
-0.0925366
-0.0957171
-0.0939973
-0.0938017
-0.0978347
-0.1032726
-0.1072690
-0.1108325
-0.1154856
-0.1182021
-0.1131259
-0.0990181
-0.0823022
-0.0701118
-0.0611024
-0.0463318
-0.0204099
0.0116562
0.0437236
0.0855610
0.1658812
0.3122481
0.5257061
0.7768834
1.0275177
1.2516030
1.4300223
1.5257849
1.4769103
1.2322170
0.8079133
0.3096778
-0.1130700
-0.3527345
-0.4012614
-0.3357495
-0.2511699
-0.2002165
-0.1827873
-0.1766051
-0.1690874
-0.1632718
-0.1643165
-0.1695066
-0.1722393
-0.1706047
-0.1681279
-0.1672284
-0.1654522
-0.1593201
-0.1499213
-0.1425732
-0.1409361
-0.1427813
-0.1423439
-0.1364928
-0.1278880
-0.1219150
-0.1210274
-0.1225852
-0.1219535
-0.1169053
-0.1088191
-0.1005789
-0.0944585
-0.0919465
-0.0942152
-0.1013564
-0.1109861
-0.1187079
-0.1212646
-0.1194856
-0.1171636
-0.1162079
-0.1135580
-0.1043384
-0.0883759
-0.0722233
-0.0633012
-0.0620380
-0.0607702
-0.0509547
-0.0311866
-0.0077691
0.0122933
0.0280588
0.0442078
0.0648323
0.0890365
0.1128261
0.1338161
0.1526984
0.1707448
0.1878537
0.2038079
0.2199919
0.2379904
0.2563979
0.2707242
0.2780380
0.2814518
0.2882083
0.3019573
0.3174661
0.3245648
0.3178798
0.3017543
0.2849287
0.2712032
0.2564691
0.2346919
0.2055388
0.1754166
0.1514349
0.1349631
0.1210312
0.1034144
0.0799431
0.0533895
0.0283333
0.0077590
-0.0080456
-0.0206212
-0.0318838
-0.0428846
-0.0532104
-0.0613362
-0.0656841
-0.0657235
-0.0626680
-0.0593695
-0.0588430
-0.0618833
-0.0660487
-0.0678458
-0.0664412
-0.0647729
-0.0663528
-0.0710413
-0.0747034
-0.0736365
-0.0691559
-0.0669497
-0.0713209
-0.0805412
-0.0887490
-0.0922707
-0.0929807
-0.0951953
-0.1005400
-0.1069079
-0.1116274
-0.1140809
-0.1151800
-0.1159117
-0.1175742
-0.1225811
-0.1329785
-0.1471089
-0.1588590
-0.1623378
-0.1580550
-0.1530715
-0.1534773
-0.1571503
-0.1556269
-0.1435951
-0.1253547
-0.1110522
-0.1071155
-0.1110713
-0.1152003
-0.1141665
-0.1089383
-0.1043666
-0.1041014
-0.1078167
-0.1120781
-0.1128198
-0.1076496
-0.0976660
-0.0878401
-0.0842104
-0.0888892
-0.0977495
-0.1042085
-0.1057825
-0.1063255
-0.1113709
-0.1216274
-0.1315866
-0.1345446
-0.1285662
-0.1172543
-0.1052302
-0.0940653
-0.0830139
-0.0721581
-0.0627866
-0.0547920
-0.0457364
-0.0330541
-0.0145131
0.0165533
0.0759117
0.1840368
0.3525995
0.5735949
0.8220584
1.0683579
1.2840770
1.4336710
1.4663303
1.3311627
1.0166260
0.5820127
0.1443155
-0.1800723
-0.3370273
-0.3530979
-0.3013205
-0.2473079
-0.2174784
-0.2046808
-0.1937602
-0.1799121
-0.1684045
-0.1642663
-0.1656790
-0.1659829
-0.1599593
-0.1481777
-0.1362350
-0.1297582
-0.1295242
-0.1313429
-0.1306655
-0.1267216
-0.1220047
-0.1188265
-0.1174937
-0.1173724
-0.1181886
-0.1195121
-0.1197470
-0.1171639
-0.1127323
-0.1109518
-0.1157697
-0.1249075
-0.1301322
-0.1254532
-0.1146314
-0.1081007
-0.1114739
-0.1186736
-0.1179535
-0.1042145
-0.0840932
-0.0687689
-0.0628007
-0.0609064
-0.0552298
-0.0439661
-0.0315080
-0.0213231
-0.0115679
0.0014302
0.0179370
0.0354353
0.0531739
0.0729583
0.0946958
0.1134817
0.1234491
0.1247396
0.1253083
0.1343775
0.1536988
0.1761292
0.1935405
0.2052246
0.2171918
0.2340955
0.2543298
0.2733704
0.2891237
0.3018827
0.3104826
0.3114065
0.3025606
0.2864944
0.2681024
0.2485958
0.2230518
0.1861682
0.1409970
0.0996096
0.0726661
0.0589481
0.0472453
0.0283268
0.0031613
-0.0204670
-0.0370695
-0.0482080
-0.0596549
-0.0751858
-0.0931083
-0.1083473
-0.1172335
-0.1194569
-0.1159876
-0.1075382
-0.0962874
-0.0870770
-0.0844006
-0.0882828
-0.0942831
-0.0975215
-0.0966506
-0.0949080
-0.0972846
-0.1050314
-0.1129802
-0.1147428
-0.1110305
-0.1097761
-0.1165332
-0.1274914
-0.1340315
-0.1320744
-0.1249354
-0.1187516
-0.1172571
-0.1201933
-0.1252762
-0.1312714
-0.1379947
-0.1426392
-0.1397440
-0.1291931
-0.1213066
-0.1267336
-0.1417377
-0.1514242
-0.1487718
-0.1420289
-0.1403650
-0.1412344
-0.1376730
