-0.0786362
-0.0753492
-0.0886948
-0.0972640
-0.0992016
-0.1073275
-0.1215607
-0.1288128
-0.1259288
-0.1225397
-0.1218187
-0.1154640
-0.0993353
-0.0806319
-0.0672917
-0.0599699
-0.0553347
-0.0494885
-0.0390743
-0.0265957
-0.0228740
-0.0361656
-0.0598152
-0.0778310
-0.0820396
-0.0781062
-0.0763189
-0.0821250
-0.0940730
-0.1055108
-0.1092935
-0.1050889
-0.1007413
-0.1032660
-0.1108815
-0.1170624
-0.1193970
-0.1206916
-0.1238659
-0.1292788
-0.1350810
-0.1376347
-0.1340404
-0.1266111
-0.1222485
-0.1251332
-0.1324969
-0.1394289
-0.1450255
-0.1515698
-0.1597309
-0.1663099
-0.1654112
-0.1519436
-0.1268441
-0.0991327
-0.0793701
-0.0698179
-0.0635348
-0.0539653
-0.0429802
-0.0385570
-0.0461956
-0.0627450
-0.0772650
-0.0790834
-0.0677176
-0.0544667
-0.0516814
-0.0605610
-0.0714081
-0.0750611
-0.0715715
-0.0679876
-0.0699828
-0.0760341
-0.0788504
-0.0730977
-0.0623287
-0.0565561
-0.0615814
-0.0725748
-0.0801930
-0.0814860
-0.0822310
-0.0889664
-0.1007606
-0.1093858
-0.1073371
-0.0958521
-0.0843642
-0.0807164
-0.0827051
-0.0815965
-0.0732939
-0.0622128
-0.0530622
-0.0425847
-0.0224425
0.0116920
0.0575720
0.1136518
0.1870964
0.2922716
0.4392157
0.6222148
0.8190236
0.9993161
1.1305928
1.1768876
1.1020440
0.8889959
0.5643747
0.2021517
-0.1058706
-0.2950535
-0.3565736
-0.3311524
-0.2758506
-0.2301544
-0.2040800
-0.1895873
-0.1778339
-0.1664369
-0.1565624
-0.1486031
-0.1410293
-0.1313425
-0.1180459
-0.1029227
-0.0910357
-0.0868328
-0.0893449
-0.0913590
-0.0841750
-0.0649960
-0.0411053
-0.0256001
-0.0262503
-0.0380148
-0.0484957
-0.0513214
-0.0520198
-0.0594930
-0.0736775
-0.0841935
-0.0814985
-0.0680135
-0.0568681
-0.0589583
-0.0716800
-0.0817924
-0.0796595
-0.0688403
-0.0604438
-0.0600070
-0.0625815
-0.0600636
-0.0503631
-0.0383494
-0.0295666
-0.0246033
-0.0193953
-0.0100333
0.0036050
0.0193541
0.0370096
0.0593304
0.0882297
0.1212764
0.1530618
0.1795167
0.2003610
0.2180073
0.2346160
0.2497746
0.2610903
0.2680565
0.2752163
0.2895474
0.3134074
0.3410029
0.3631673
0.3755019
0.3811475
0.3857697
0.3906457
0.3913328
0.3832969
0.3679622
0.3514525
0.3368262
0.3196035
0.2931314
0.2574709
0.2202975
0.1884870
0.1609186
0.1310855
0.0959952
0.0609501
0.0349301
0.0216117
0.0158156
0.0094667
0.0003725
-0.0065251
-0.0067707
-0.0031565
-0.0031575
-0.0104899
-0.0211290
-0.0281476
-0.0296115
-0.0310321
-0.0398514
-0.0575198
-0.0775008
-0.0916996
-0.0983916
-0.1026585
-0.1092580
-0.1169448
-0.1208184
-0.1190391
-0.1155680
-0.1160389
-0.1216680
-0.1278966
-0.1294071
-0.1262422
-0.1239562
-0.1271259
-0.1337623
-0.1375596
-0.1352529
-0.1300700
-0.1275286
-0.1292224
-0.1318742
-0.1321263
-0.1310824
-0.1330844
-0.1396454
-0.1455305
-0.1426507
-0.1285597
-0.1098601
-0.0959676
-0.0901051
-0.0876495
-0.0830181
-0.0767054
-0.0748045
-0.0820209
-0.0958958
-0.1085687
-0.1145567
-0.1162522
-0.1207747
-0.1314568
-0.1436302
-0.1494305
-0.1460723
-0.1387222
-0.1354306
-0.1394904
-0.1465600
-0.1492944
-0.1450766
-0.1389107
-0.1381502
-0.1447902
-0.1539996
-0.1601355
-0.1627370
-0.1656918
-0.1713061
-0.1767328
-0.1771404
-0.1721119
-0.1675238
-0.1696126
-0.1773074
-0.1823191
-0.1780839
-0.1674904
-0.1599386
-0.1608859
-0.1660111
-0.1665511
-0.1595746
-0.1518197
-0.1529435
-0.1652188
-0.1804302
-0.1872044
-0.1809096
-0.1658599
-0.1488119
-0.1324509
-0.1160341
-0.1006171
-0.0911219
-0.0922555
-0.1029137
-0.1155956
-0.1222995
-0.1215143
-0.1189721
-0.1208143
-0.1264300
-0.1293196
-0.1253337
-0.1187373
-0.1186452
-0.1291588
-0.1437659
-0.1505675
-0.1437780
-0.1297602
-0.1205521
-0.1210238
-0.1235928
-0.1167354
-0.0979953
-0.0770796
-0.0660666
-0.0677947
-0.0742908
-0.0755363
-0.0687559
-0.0593870
-0.0541491
-0.0542065
-0.0551614
-0.0526920
-0.0470617
-0.0421423
-0.0409138
-0.0421807
-0.0410839
-0.0326167
-0.0149717
0.0111126
0.0477429
0.1046261
0.1959172
0.3294082
0.4981019
0.6834505
0.8669286
1.0361580
1.1768115
1.2587224
1.2359900
1.0714261
0.7708465
0.3968976
0.0448124
-0.2054303
-0.3256365
-0.3406193
-0.2999240
-0.2458537
-0.1990711
-0.1636460
-0.1385853
-0.1234025
-0.1164134
-0.1128600
-0.1076691
-0.0998090
-0.0925411
-0.0889828
-0.0879410
-0.0844799
-0.0746741
-0.0598769
-0.0460522
-0.0382556
-0.0355516
-0.0319026
-0.0224261
-0.0084131
0.0040540
0.0099430
0.0093695
0.0064395
0.0048388
0.0047608
0.0038733
0.0008983
-0.0022472
-0.0021719
0.0023621
0.0089685
0.0137943
0.0149390
0.0139621
0.0143821
0.0184771
0.0250778
0.0306374
0.0330019
0.0341250
0.0385907
0.0492995
0.0647528
0.0804916
0.0931033
0.1032185
0.1150010
0.1323811
0.1551737
0.1789492
0.1992822
0.2162601
0.2343537
0.2574566
0.2841422
0.3083044
0.3250553
0.3360514
0.3482158
0.3664431
0.3880426
0.4055859
0.4153077
0.4212847
0.4303284
0.4434673
0.4537569
0.4527658
0.4386453
0.4174961
0.3970938
0.3797228
0.3612813
0.3369487
0.3069377
0.2764270
0.2505172
0.2299255
0.2112916
0.1909080
0.1681586
0.1460590
0.1287599
0.1180571
0.1118443
0.1059497
0.0977720
0.0884707
0.0817326
0.0799289
0.0807715
0.0779446
0.0663440
0.0476187
0.0298677
0.0205735
0.0195991
0.0199179
0.0155926
0.0083540
0.0054196
0.0107137
0.0191223
0.0206085
0.0104518
-0.0052479
-0.0150447
-0.0130730
-0.0041224
0.0018466
-0.0005488
-0.0077855
-0.0117881
-0.0078896
0.0011679
0.0083687
0.0091282
0.0049327
0.0008278
0.0002037
0.0026424
0.0063430
0.0113359
0.0195138
0.0317864
0.0459234
0.0576176
0.0636748
0.0640491
0.0609332
0.0564108
0.0512126
0.0449329
0.0364190
0.0244073
0.0095446
-0.0035972
-0.0083177
-0.0018281
0.0103360
0.0175612
0.0131185
-0.0000030
-0.0124417
-0.0174895
-0.0165950
-0.0162326
-0.0202219
-0.0259831
-0.0282462
-0.0253036
-0.0206783
-0.0189984
-0.0212207
-0.0241322
-0.0240018
-0.0205402
-0.0175755
-0.0196490
-0.0271620
-0.0345843
-0.0341575
-0.0222946
-0.0027725
0.0163312
0.0290407
0.0354246
0.0399155
0.0460560
0.0528130
0.0559385
0.0528305
0.0458007
0.0403539
0.0402506
0.0442350
0.0474823
0.0463323
0.0418025
0.0382635
0.0382541
0.0389354
0.0347813
0.0242849
0.0130853
0.0092035
0.0149679
0.0242531
0.0280046
0.0222779
0.0108103
0.0002851
-0.0060542
-0.0098067
-0.0133812
-0.0161634
-0.0155090
-0.0107774
-0.0050533
-0.0025373
-0.0047907
-0.0096576
-0.0132328
-0.0126076
-0.0074393
0.0002002
0.0073670
0.0123574
0.0160950
0.0214878
0.0305709
0.0414387
0.0483759
0.0464847
0.0370356
0.0274318
0.0245722
0.0281105
0.0311414
0.0279385
0.0204244
0.0163585
0.0212428
0.0325854
0.0423995
0.0449413
0.0413861
0.0370284
0.0350164
0.0338495
0.0306582
0.0255572
0.0219325
0.0227475
0.0271073
0.0305726
0.0289045
0.0217830
0.0129913
0.0068667
0.0046697
0.0045961
0.0048965
0.0061043
0.0101515
0.0184604
0.0317969
0.0510726
0.0763156
0.1044862
0.1310420
0.1574191
0.1976746
0.2739761
0.4009676
0.5738620
0.7741703
0.9861327
1.2002084
1.3930531
1.5067106
1.4627238
1.2160139
0.8064247
0.3555789
0.0009836
-0.1830044
-0.2149871
-0.1699908
-0.1166105
-0.0815711
-0.0590054
-0.0389024
-0.0219403
-0.0135534
-0.0135281
-0.0157462
-0.0158642
-0.0156613
-0.0192046
-0.0266081
-0.0330930
-0.0339633
-0.0294832
-0.0245343
-0.0239185
-0.0281510
-0.0333926
-0.0352847
-0.0333344
-0.0317916
-0.0354816
-0.0440168
-0.0506830
-0.0484545
-0.0376532
-0.0268344
-0.0250944
-0.0333325
-0.0434654
-0.0463903
-0.0405088
-0.0323094
-0.0289358
-0.0308169
-0.0318310
-0.0261606
-0.0142191
-0.0017554
0.0062916
0.0106517
0.0166321
0.0283780
0.0442421
0.0581571
0.0661065
0.0711145
0.0809446
0.1002875
0.1256931
0.1489696
0.1654929
0.1783415
0.1938384
0.2137310
0.2330152
0.2459644
0.2533759
0.2623952
0.2788145
0.3006567
0.3204309
0.3332817
0.3415760
0.3510218
0.3632699
0.3735445
0.3757083
0.3688173
0.3578378
0.3479062
0.3387292
0.3253737
0.3041708
0.2765911
0.2467722
0.2163403
0.1833637
0.1468542
0.1110036
0.0831643
0.0668303
0.0572594
0.0452954
0.0260665
0.0033364
-0.0153281
-0.0270867
-0.0363292
-0.0486088
-0.0635501
-0.0751816
-0.0791018
-0.0779637
-0.0790151
-0.0866775
-0.0985632
-0.1090651
-0.1159450
-0.1222603
-0.1318611
-0.1442986
-0.1552183
-0.1613623
-0.1640253
-0.1672229
-0.1732216
-0.1806591
-0.1869682
-0.1918552
-0.1976093
-0.2057821
-0.2141123
-0.2176515
-0.2134632
-0.2040092
-0.1954144
-0.1922045
-0.1937988
-0.1961012
-0.1962531
-0.1955180
-0.1973208
-0.2026297
-0.2079302
-0.2084700
-0.2035389
-0.1978607
-0.1971938
-0.2026909
-0.2100471
-0.2142804
-0.2149201
-0.2160031
-0.2209323
-0.2279577
-0.2315898
-0.2287291
-0.2226966
-0.2203626
-0.2253427
-0.2348098
-0.2433183
-0.2489887
-0.2548461
-0.2639000
-0.2739615
-0.2787513
-0.2746758
-0.2656418
-0.2597953
-0.2611538
-0.2654728
-0.2653314
-0.2588426
-0.2520138
-0.2519585
-0.2585863
-0.2641277
-0.2611417
-0.2503795
-0.2400927
-0.2376268
-0.2423132
-0.2470259
-0.2463309
-0.2423287
-0.2421980
-0.2503328
-0.2632168
-0.2720366
-0.2704160
-0.2599945
-0.2488005
-0.2441468
-0.2467821
-0.2514722
-0.2527103
-0.2495991
-0.2456186
-0.2444394
-0.2462345
-0.2476120
-0.2447746
-0.2371086
-0.2283374
-0.2241457
-0.2277692
-0.2369452
-0.2451464
-0.2467563
-0.2419760
-0.2366665
-0.2367555
-0.2425372
-0.2486792
-0.2497003
-0.2448540
-0.2377060
-0.2321020
-0.2293875
-0.2285695
-0.2273070
-0.2224567
-0.2115879
-0.1957766
-0.1802379
-0.1698081
-0.1626414
-0.1497059
-0.1220594
-0.0775179
-0.0171663
0.0654386
0.1878156
0.3658889
0.5947794
0.8418048
1.0577708
1.1939586
1.2112819
1.0845293
0.8136416
0.4403123
0.0490512
-0.2635196
-0.4371209
-0.4766965
-0.4375351
-0.3812456
-0.3409112
-0.3186866
-0.3052231
-0.2952156
-0.2878785
-0.2815609
-0.2737743
-0.2652993
-0.2602562
-0.2608865
-0.2641464
-0.2648582
-0.2613059
-0.2563721
-0.2536122
-0.2536907
-0.2547475
-0.2546298
-0.2518550
-0.2457500
-0.2374562
-0.2303812
-0.2275273
-0.2275924
-0.2253725
-0.2176262
-0.2077050
-0.2022990
-0.2032565
-0.2044828
-0.1984161
-0.1847373
-0.1708784
-0.1637899
-0.1629085
-0.1621921
-0.1575621
-0.1501771
-0.1426748
-0.1349069
-0.1250217
-0.1130966
-0.1009840
-0.0884968
-0.0723850
-0.0508730
-0.0278810
-0.0102414
-0.0002814
0.0070089
0.0181514
0.0336303
0.0480568
0.0578214
0.0664006
0.0804122
0.1013185
0.1231760
0.1391375
0.1487047
0.1574711
0.1706431
0.1883361
0.2070268
0.2237628
0.2377534
0.2487236
0.2555255
0.2570271
0.2534411
0.2457286
0.2338615
0.2166691
0.1937971
0.1671271
0.1394891
0.1121156
0.0840885
0.0545743
0.0251653
-0.0005756
-0.0201962
-0.0350494
-0.0497098
-0.0681296
-0.0898329
-0.1100619
-0.1244131
-0.1336920
-0.1436121
-0.1587931
-0.1769291
-0.1898124
-0.1912012
-0.1838471
-0.1779723
-0.1820402
-0.1949895
-0.2078535
-0.2128881
-0.2107090
-0.2086440
-0.2128838
-0.2226393
-0.2313481
-0.2327655
-0.2260268
-0.2158000
-0.2082372
-0.2064299
-0.2088144
-0.2113428
-0.2113420
-0.2098201
-0.2103281
-0.2153968
-0.2237498
-0.2309479
-0.2330581
-0.2301042
-0.2261964
-0.2261904
-0.2317158
-0.2399148
-0.2460255
-0.2476611
-0.2467967
-0.2471777
-0.2494656
-0.2495265
-0.2425722
-0.2292654
-0.2168037
-0.2128703
-0.2183368
-0.2264868
-0.2296735
-0.2263083
-0.2210080
-0.2185588
-0.2189066
-0.2183421
-0.2145068
-0.2090471
-0.2054958
-0.2056676
-0.2086030
-0.2122527
-0.2152865
-0.2174126
-0.2187617
-0.2192929
-0.2184104
-0.2149276
-0.2079190
-0.1982849
-0.1893756
-0.1850828
-0.1863575
-0.1895563
-0.1889773
-0.1817317
-0.1702366
-0.1596879
-0.1529461
-0.1478739
-0.1396095
-0.1253886
-0.1071165
-0.0888069
-0.0703862
-0.0428434
0.0104185
0.1054640
0.2481294
0.4301883
0.6342855
0.8419944
1.0350368
1.1862895
1.2511060
1.1764591
0.9332962
0.5523379
0.1296563
-0.2143448
-0.3998526
-0.4285143
-0.3685353
-0.2985004
-0.2577008
-0.2395791
-0.2220945
-0.1980528
-0.1778567
-0.1711046
-0.1733086
-0.1719136
-0.1610814
-0.1468172
-0.1382833
-0.1372600
-0.1374101
-0.1320952
-0.1208601
-0.1085555
-0.1000421
-0.0966742
-0.0968568
-0.0984489
-0.1003426
-0.1025852
-0.1056126
-0.1091926
-0.1118426
-0.1115034
-0.1071470
-0.0997185
-0.0913529
-0.0837467
-0.0773463
-0.0717257
-0.0661932
-0.0600240
-0.0526770
-0.0441746
-0.0350342
-0.0255024
-0.0150953
-0.0034205
0.0086032
0.0191438
0.0276989
0.0365638
0.0491390
0.0664923
0.0862769
0.1056637
0.1249514
0.1473795
0.1751400
0.2061795
0.2354732
0.2593939
0.2786992
0.2975571
0.3199566
0.3466150
0.3744195
0.3985467
0.4159742
0.4280735
0.4398910
0.4558295
0.4749977
0.4908569
0.4963019
0.4896614
0.4755676
0.4596740
0.4427286
0.4202653
0.3882114
0.3484823
0.3086722
0.2759355
0.2509082
0.2275275
0.1990456
0.1646491
0.1304102
0.1036447
0.0861818
0.0731962
0.0586699
0.0417385
0.0273041
0.0204473
0.0207630
0.0225476
0.0201704
0.0126055
0.0028413
-0.0060523
-0.0134685
-0.0205290
-0.0281715
-0.0363697
-0.0443255
-0.0506020
-0.0535915
-0.0530966
-0.0517365
-0.0536907
-0.0609156
-0.0707168
-0.0780052
-0.0803262
-0.0801202
-0.0816221
-0.0860317
-0.0903601
-0.0906791
-0.0856218
-0.0768065
-0.0671991
-0.0599282
-0.0575766
-0.0605337
-0.0654185
-0.0666657
-0.0614193
-0.0528224
-0.0471420
-0.0470764
-0.0488266
-0.0467111
-0.0401876
-0.0350938
-0.0377077
-0.0485109
-0.0623231
-0.0737262
-0.0813159
-0.0870433
-0.0929168
-0.0990536
-0.1040180
-0.1059104
-0.1033853
-0.0968468
-0.0890643
-0.0835934
-0.0814768
-0.0796383
-0.0734841
-0.0614535
-0.0464105
-0.0319465
-0.0172907
0.0042761
0.0428974
0.1087319
0.2097275
0.3494239
0.5239003
0.7202539
0.9192401
1.0997350
1.2390652
1.3081850
1.2706611
1.0964790
0.7885434
0.4017020
0.0314371
-0.2295206
-0.3395582
-0.3255651
-0.2561109
-0.1928593
-0.1586620
-0.1425270
-0.1276186
-0.1115875
-0.1029243
-0.1045722
-0.1070977
-0.0990265
-0.0807492
-0.0650291
-0.0636740
-0.0757713
-0.0900208
-0.0970386
-0.0972190
-0.0967051
-0.0982815
-0.0984670
-0.0930211
-0.0828741
-0.0731825
-0.0674450
-0.0642509
-0.0600762
-0.0539093
-0.0480080
-0.0446210
-0.0433123
-0.0418622
-0.0387324
-0.0336493
-0.0263356
-0.0163313
-0.0048394
0.0044514
0.0083306
0.0084068
0.0110835
0.0215039
0.0374622
0.0508992
0.0567174
0.0596216
0.0706513
0.0961276
0.1306578
0.1619255
0.1822413
0.1947046
0.2082830
0.2282721
0.2524795
0.2757034
0.2958683
0.3150365
0.3358286
0.3585940
0.3819688
0.4044987
0.4247392
0.4408528
0.4518764
0.4595458
0.4672121
0.4755391
0.4797871
0.4730652
0.4531611
0.4254480
0.3979211
0.3732451
0.3465128
0.3113784
0.2679364
0.2236802
0.1864250
0.1568160
0.1284264
0.0952697
0.0588265
0.0274818
0.0092152
0.0048435
0.0078340
0.0099313
0.0069047
-0.0001183
-0.0074819
-0.0126079
-0.0156622
-0.0189211
-0.0248595
-0.0341878
-0.0451120
-0.0547018
-0.0615808
-0.0673532
-0.0748951
-0.0850189
-0.0952855
-0.1025993
-0.1067228
-0.1104893
-0.1162759
-0.1228194
-0.1262108
-0.1241252
-0.1186943
-0.1150203
-0.1169767
-0.1243479
-0.1334940
-0.1403734
-0.1433111
-0.1437028
-0.1443511
-0.1465300
-0.1480191
-0.1441938
-0.1319304
-0.1131328
-0.0943873
-0.0825662
-0.0800168
-0.0833930
-0.0868939
-0.0869796
-0.0847539
-0.0843718
-0.0889917
-0.0976703
-0.1059544
-0.1099429
-0.1102418
-0.1117056
-0.1186061
-0.1298776
-0.1397597
-0.1437160
-0.1434168
-0.1450743
-0.1526293
-0.1631784
-0.1696865
-0.1680607
-0.1610955
-0.1555050
-0.1556286
-0.1603100
-0.1654052
-0.1685076
-0.1709513
-0.1756588
-0.1835020
-0.1916516
-0.1951178
-0.1900788
-0.1765089
-0.1582253
-0.1402666
-0.1255998
-0.1138903
-0.1033352
-0.0936320
-0.0869808
-0.0860380
-0.0909326
-0.0984740
-0.1044881
-0.1071424
-0.1082742
-0.1117127
-0.1201600
-0.1330293
-0.1466010
-0.1563694
-0.1602398
-0.1603262
-0.1613458
-0.1661407
-0.1722667
-0.1737522
-0.1672510
-0.1563488
-0.1486155
-0.1476650
-0.1488357
-0.1439815
-0.1306189
-0.1150176
-0.1052320
-0.1017527
-0.0962779
-0.0791451
-0.0454025
0.0080481
0.0892026
0.2103059
0.3775086
0.5816541
0.8006873
1.0096366
1.1840721
1.2923461
1.2910083
1.1413220
0.8430569
0.4562340
0.0832913
-0.1828865
-0.3069028
-0.3182613
-0.2771804
-0.2316789
-0.1993201
-0.1780625
-0.1646475
-0.1602090
-0.1637163
-0.1678807
-0.1653124
-0.1571180
-0.1522487
-0.1574686
-0.1694081
-0.1776895
-0.1753796
-0.1653304
-0.1563088
-0.1539150
-0.1557939
-0.1550111
-0.1470768
-0.1336451
-0.1204227
-0.1123767
-0.1106434
-0.1128436
-0.1154839
-0.1161860
-0.1143321
-0.1101213
-0.1031743
-0.0921216
-0.0757747
-0.0550374
-0.0338084
-0.0175457
-0.0098903
-0.0097953
-0.0120672
-0.0116684
-0.0081422
-0.0054562
-0.0068153
-0.0097859
-0.0075817
0.0040761
0.0218274
0.0374773
0.0463577
0.0521944
0.0628228
0.0813206
0.1025053
0.1187325
0.1283920
0.1376876
0.1541450
0.1792462
0.2076581
0.2327518
0.2519596
0.2670903
0.2807805
0.2936173
0.3043893
0.3120261
0.3166797
0.3193811
0.3214233
0.3240212
0.3275856
0.3305174
0.3290187
0.3192182
0.3003416
0.2757161
0.2499798
0.2248883
0.1982115
0.1673989
0.1342734
0.1050404
0.0845496
0.0706112
0.0551485
0.0319642
0.0033205
-0.0217903
-0.0361931
-0.0412043
-0.0447543
-0.0531994
-0.0653440
-0.0744720
-0.0757292
-0.0710398
-0.0669346
-0.0682011
-0.0740347
-0.0800329
-0.0832505
-0.0849855
-0.0888863
-0.0967688
-0.1064358
-0.1133497
-0.1141222
-0.1085470
-0.0991153
-0.0893984
-0.0825823
-0.0800818
-0.0804269
-0.0799805
-0.0761982
-0.0707720
-0.0686232
-0.0726260
-0.0795208
-0.0824601
-0.0785219
-0.0729485
-0.0743871
-0.0854763
-0.0992939
-0.1063030
-0.1044734
-0.1012242
-0.1048939
-0.1152319
-0.1234006
-0.1213530
-0.1103741
-0.0998067
-0.0975938
-0.1027773
-0.1078250
-0.1081531
-0.1083808
-0.1179480
-0.1398831
-0.1643277
-0.1745049
-0.1605914
-0.1285952
-0.0955900
-0.0757356
-0.0703471
-0.0707364
-0.0694162
-0.0674704
-0.0712958
-0.0836984
-0.0994758
-0.1097344
-0.1099560
-0.1038293
-0.0996795
-0.1031746
-0.1127987
-0.1217875
-0.1246111
-0.1222032
-0.1211293
-0.1271753
-0.1391293
-0.1489230
-0.1487120
-0.1385304
-0.1268745
-0.1231450
-0.1291752
-0.1382354
-0.1423030
-0.1399766
-0.1370480
-0.1395715
-0.1469779
-0.1525753
-0.1509607
-0.1444209
-0.1411613
-0.1468216
-0.1581642
-0.1657164
-0.1625434
-0.1498983
-0.1342909
-0.1199323
-0.1049944
-0.0852935
-0.0608355
-0.0379721
-0.0248914
-0.0249148
-0.0338049
-0.0431946
-0.0469806
-0.0454343
-0.0436635
-0.0454683
-0.0480291
-0.0431957
-0.0249684
0.0051842
0.0431803
0.0939884
0.1762167
0.3105769
0.5007229
0.7251517
0.9477777
1.1340233
1.2543246
1.2757321
1.1623549
0.8990078
0.5223014
0.1241619
-0.1884346
-0.3520165
-0.3770520
-0.3272183
-0.2687544
-0.2326028
-0.2133442
-0.1936466
-0.1660330
-0.1357153
-0.1103181
-0.0915326
-0.0759622
-0.0609109
-0.0477823
-0.0405532
-0.0417881
-0.0498092
-0.0592285
-0.0647341
-0.0653530
-0.0652639
-0.0698559
-0.0804983
-0.0932370
-0.1028171
-0.1078688
-0.1118337
-0.1187197
-0.1282889
-0.1358947
-0.1371376
-0.1322908
-0.1258351
-0.1218964
-0.1206224
-0.1190631
-0.1150950
-0.1099701
-0.1068394
-0.1068490
-0.1069222
-0.1017600
-0.0883774
-0.0688491
-0.0487321
-0.0328896
-0.0224817
-0.0149959
-0.0062533
0.0075086
0.0283322
0.0560006
0.0882411
0.1217030
0.1533406
0.1813892
0.2053470
0.2253099
0.2416378
0.2552161
0.2672881
0.2781694
0.2862336
0.2893022
0.2878745
0.2864566
0.2903142
0.3000778
0.3099592
0.3123985
0.3051892
0.2937387
0.2854613
0.2816239
0.2753802
0.2586453
0.2308400
0.2001611
0.1759465
0.1601480
0.1465186
0.1277067
0.1024694
0.0758090
0.0527130
0.0328410
0.0120866
-0.0109405
-0.0311896
-0.0409957
-0.0378112
-0.0276209
-0.0201455
-0.0204380
-0.0251833
-0.0272457
-0.0236831
-0.0189970
-0.0204515
-0.0306851
-0.0454516
-0.0583536
-0.0668714
-0.0734220
-0.0814224
-0.0915202
-0.1018639
-0.1111859
-0.1206684
-0.1324774
-0.1467267
-0.1603127
-0.1690893
-0.1714863
-0.1702869
-0.1708646
-0.1770147
-0.1874977
-0.1964272
-0.1980526
-0.1922365
-0.1850065
-0.1826219
-0.1847732
-0.1844969
-0.1755165
-0.1592174
-0.1434608
-0.1344830
-0.1309256
-0.1265376
-0.1180482
-0.1088027
-0.1040316
-0.1038796
-0.1030106
-0.0973288
-0.0894821
-0.0864284
-0.0920243
-0.1031295
-0.1130557
-0.1179571
-0.1194985
-0.1219649
-0.1275402
-0.1343624
-0.1385628
-0.1378601
-0.1335414
-0.1295786
-0.1298867
-0.1357441
-0.1451320
-0.1544817
-0.1613744
-0.1657204
-0.1685051
-0.1699834
-0.1696251
-0.1674945
-0.1647486
-0.1623146
-0.1593954
-0.1537301
-0.1435509
-0.1295305
-0.1150348
-0.1041440
-0.0985808
-0.0960646
-0.0921156
-0.0843752
-0.0754245
-0.0705358
-0.0716001
-0.0733636
-0.0669206
-0.0473829
-0.0161520
0.0270341
0.0939017
0.2052005
0.3739201
0.5897259
0.8210803
1.0318930
1.1925925
1.2740257
1.2383978
1.0517427
0.7191583
0.3101582
-0.0612865
-0.2980614
-0.3753387
-0.3436700
-0.2803860
-0.2350201
-0.2124820
-0.1958555
-0.1758759
-0.1584863
-0.1519641
-0.1547715
-0.1576469
-0.1539004
-0.1444203
-0.1334973
-0.1229972
-0.1120022
-0.1003287
-0.0900244
-0.0832272
-0.0799854
-0.0788712
-0.0789567
-0.0802747
-0.0824695
-0.0839154
-0.0829223
-0.0797698
-0.0768497
-0.0762519
-0.0775282
-0.0785374
-0.0783763
-0.0783957
-0.0796826
-0.0803385
-0.0766615
-0.0675424
-0.0569360
-0.0507826
-0.0508463
-0.0519767
-0.0464957
-0.0319254
-0.0139232
-0.0006691
0.0058004
0.0119966
0.0262581
0.0498439
0.0751381
0.0928164
0.1006506
0.1051235
0.1145520
0.1311789
0.1504162
0.1672274
0.1818212
0.1984578
0.2197653
0.2436829
0.2659276
0.2841838
0.2993057
0.3133111
0.3272727
0.3410395
0.3539219
0.3649458
0.3729727
0.3776790
0.3805884
0.3839056
0.3871435
0.3853739
0.3724289
0.3466302
0.3127965
0.2780590
0.2460205
0.2152371
0.1826873
0.1478854
0.1138067
0.0846382
0.0628177
0.0474978
0.0351440
0.0218635
0.0062192
-0.0095098
-0.0213690
-0.0281405
-0.0337837
-0.0441382
-0.0602177
-0.0756194
-0.0821579
-0.0783564
-0.0713740
-0.0700153
-0.0764357
-0.0852910
-0.0905734
-0.0923292
-0.0963543
-0.1079001
-0.1263590
-0.1458681
-0.1600564
-0.1658641
-0.1642671
-0.1594370
-0.1573350
-0.1627491
-0.1753677
-0.1887665
-0.1948718
-0.1904764
-0.1792643
-0.1672621
-0.1568172
-0.1456923
-0.1318777
-0.1180642
-0.1101040
-0.1110151
-0.1176017
-0.1236385
-0.1256736
-0.1249299
-0.1243027
-0.1250708
-0.1266993
-0.1283230
-0.1293046
-0.1289858
-0.1271665
-0.1250395
-0.1247789
-0.1275236
-0.1320877
-0.1364801
-0.1407768
-0.1473632
-0.1572619
-0.1668641
-0.1702646
-0.1658331
-0.1594067
-0.1594787
-0.1690805
-0.1830696
-0.1933816
-0.1963368
-0.1948807
-0.1946798
-0.1988136
-0.2059168
-0.2122629
-0.2146391
-0.2114278
-0.2023627
-0.1885706
-0.1727464
-0.1581911
-0.1470606
-0.1397202
-0.1357591
-0.1350358
-0.1374082
-0.1417705
-0.1457636
-0.1466724
-0.1431038
-0.1363971
-0.1303043
-0.1284098
-0.1311092
-0.1351300
-0.1365108
-0.1344801
-0.1324286
-0.1345731
-0.1411194
-0.1469504
-0.1460563
-0.1377630
-0.1280395
-0.1240695
-0.1277789
-0.1350337
-0.1406202
-0.1431708
-0.1453624
-0.1503030
-0.1583447
-0.1670773
-0.1736532
-0.1767485
-0.1767416
-0.1749496
-0.1729737
-0.1717948
-0.1704988
-0.1665031
-0.1585683
-0.1495971
-0.1444203
-0.1431884
-0.1378440
-0.1175239
-0.0786627
-0.0285314
0.0236950
0.0807662
0.1612022
0.2865559
0.4624206
0.6709003
0.8805883
1.0616865
1.1902394
1.2410205
1.1845475
1.0006393
0.7016509
0.3438523
0.0111424
-0.2227992
-0.3290326
-0.3308465
-0.2810621
-0.2279880
-0.1938835
-0.1760569
-0.1625653
-0.1467383
-0.1306058
-0.1191040
-0.1140134
-0.1136764
-0.1163253
-0.1213634
-0.1276214
-0.1327164
-0.1355136
-0.1380581
-0.1432947
-0.1508293
-0.1562425
-0.1552919
-0.1482265
-0.1391653
-0.1313384
-0.1239286
-0.1142832
-0.1025139
-0.0923952
-0.0873249
-0.0866118
-0.0866145
-0.0846056
-0.0803529
-0.0746759
-0.0683062
-0.0624659
-0.0589597
-0.0583957
-0.0586538
-0.0561033
-0.0487434
-0.0380045
-0.0273536
-0.0192610
-0.0136194
-0.0086840
-0.0026589
0.0058548
0.0176730
0.0318362
0.0451725
0.0550940
0.0633873
0.0753591
0.0936507
0.1139612
0.1290700
0.1374303
0.1460015
0.1630263
0.1883977
0.2128658
0.2277696
0.2347273
0.2442045
0.2645362
0.2939329
0.3236428
0.3466052
0.3608454
0.3661239
0.3615663
0.3483544
0.3320009
0.3183160
0.3066757
0.2897528
0.2618473
0.2266700
0.1945431
0.1711133
0.1508386
0.1239433
0.0891571
0.0566281
0.0370805
0.0302447
0.0260214
0.0157676
-0.0002378
-0.0164092
-0.0298006
-0.0422182
-0.0555873
-0.0682661
-0.0774773
-0.0838138
-0.0905528
-0.0980315
-0.1014321
-0.0967305
-0.0878691
-0.0848517
-0.0935461
-0.1091313
-0.1210735
-0.1235816
-0.1196503
-0.1153093
-0.1119197
-0.1053494
-0.0920583
-0.0743859
-0.0590378
-0.0511355
-0.0508272
-0.0550562
-0.0605154
-0.0642760
-0.0638982
-0.0594315
-0.0547278
-0.0542935
-0.0580215
-0.0605778
-0.0573686
-0.0506187
-0.0481322
-0.0553409
-0.0691263
-0.0805988
-0.0843110
-0.0837490
-0.0868487
-0.0969515
-0.1097324
-0.1186486
-0.1212335
-0.1193306
-0.1152901
-0.1101351
-0.1049261
-0.1016966
-0.1018763
-0.1044401
-0.1068018
-0.1080148
-0.1104715
-0.1173549
-0.1281662
-0.1377605
-0.1405881
-0.1354233
-0.1255395
-0.1153433
-0.1079198
-0.1047047
-0.1052154
-0.1066365
-0.1053842
-0.1003904
-0.0944312
-0.0913393
-0.0918140
-0.0924922
-0.0896577
-0.0838855
-0.0802869
-0.0833673
-0.0920078
-0.1006486
-0.1053833
-0.1075514
-0.1110070
-0.1173964
-0.1251127
-0.1316732
-0.1356348
-0.1367097
-0.1355851
-0.1339658
-0.1337342
-0.1351511
-0.1360043
-0.1334436
-0.1274405
-0.1219728
-0.1212562
-0.1243394
-0.1251460
-0.1192680
-0.1091274
-0.0998584
-0.0907118
-0.0737903
-0.0421961
0.0039098
0.0627715
0.1416702
0.2577655
0.4246401
0.6372917
0.8710186
1.0932575
1.2717785
1.3697472
1.3418115
1.1528013
0.8145117
0.4045006
0.0370782
-0.1987740
-0.2850290
-0.2684659
-0.2148475
-0.1664788
-0.1333624
-0.1112212
-0.0985642
-0.0969084
-0.1029451
-0.1082898
-0.1076103
-0.1033317
-0.1012452
-0.1040076
-0.1099888
-0.1158722
-0.1182341
-0.1142090
-0.1034830
-0.0899433
-0.0795116
-0.0751578
-0.0744880
-0.0731017
-0.0701612
-0.0692087
-0.0723599
-0.0749866
-0.0690720
-0.0526494
-0.0334263
-0.0211755
-0.0182256
-0.0195094
-0.0201722
-0.0196036
-0.0181436
-0.0138271
-0.0050479
0.0051105
0.0104651
0.0089769
0.0069192
0.0133260
0.0295641
0.0464819
0.0540430
0.0527612
0.0529164
0.0626040
0.0795443
0.0955977
0.1065248
0.1152248
0.1271704
0.1451987
0.1682579
0.1929510
0.2155578
0.2338072
0.2481560
0.2616977
0.2777448
0.2959744
0.3112472
0.3187276
0.3215031
0.3307912
0.3555217
0.3919157
0.4254409
0.4431308
0.4427912
0.4311791
0.4158893
0.3995375
0.3796909
0.3528132
0.3185674
0.2811036
0.2465689
0.2192603
0.1991209
0.1816245
0.1606433
0.1336691
0.1048833
0.0813713
0.0655918
0.0531731
0.0387320
0.0219514
0.0069403
-0.0025650
-0.0061144
-0.0063689
-0.0076300
-0.0133713
-0.0233838
-0.0334159
-0.0387505
-0.0388683
-0.0389239
-0.0460683
-0.0624667
-0.0811756
-0.0912627
-0.0894085
-0.0849311
-0.0902610
-0.1067984
-0.1227857
-0.1250905
-0.1109136
-0.0882594
-0.0676877
-0.0543712
-0.0461813
-0.0379125
-0.0272384
-0.0166193
-0.0100006
-0.0090779
-0.0127876
-0.0184089
-0.0226558
-0.0240685
-0.0253255
-0.0307137
-0.0399419
-0.0469865
-0.0469898
-0.0423058
-0.0397871
-0.0435614
-0.0519477
-0.0600492
-0.0641536
-0.0648581
-0.0666697
-0.0733034
-0.0831476
-0.0908339
-0.0931122
-0.0915165
-0.0899644
-0.0919519
-0.0991261
-0.1096815
-0.1187941
-0.1236064
-0.1271190
-0.1340917
-0.1438516
-0.1504682
-0.1495242
-0.1416270
-0.1299053
-0.1172008
-0.1052908
-0.0941664
-0.0825404
-0.0709032
-0.0626207
-0.0601458
-0.0620687
-0.0654502
-0.0682485
-0.0680122
-0.0624631
-0.0540632
-0.0496674
-0.0522491
-0.0568595
-0.0580153
-0.0570415
-0.0587605
-0.0647725
-0.0730268
-0.0802882
-0.0829211
-0.0797299
-0.0757396
-0.0780394
-0.0866260
-0.0951638
-0.1012071
-0.1082155
-0.1169975
-0.1240472
-0.1293021
-0.1358481
-0.1411096
-0.1393844
-0.1339264
-0.1336989
-0.1371412
-0.1344435
-0.1277658
-0.1302629
-0.1396788
-0.1342683
-0.1061291
