0.4496234
0.4465978
0.3925842
0.3504613
0.3298503
0.2967809
0.2462538
0.2094912
0.1989441
0.1938684
0.1791517
0.1606335
0.1418667
0.1174202
0.0901324
0.0691355
0.0512104
0.0260291
-0.0028559
-0.0227350
-0.0335437
-0.0452794
-0.0576141
-0.0612426
-0.0569998
-0.0564370
-0.0645898
-0.0757202
-0.0839574
-0.0871540
-0.0842610
-0.0790267
-0.0811757
-0.0942032
-0.1073049
-0.1081747
-0.0982101
-0.0874919
-0.0814135
-0.0799112
-0.0830302
-0.0892076
-0.0935300
-0.0942810
-0.0961888
-0.1024151
-0.1089607
-0.1107165
-0.1068168
-0.0972221
-0.0815701
-0.0649455
-0.0573478
-0.0629750
-0.0752377
-0.0849326
-0.0884722
-0.0874487
-0.0862976
-0.0910048
-0.1035314
-0.1165721
-0.1198491
-0.1122388
-0.1023206
-0.0973389
-0.0973996
-0.0999996
-0.1040404
-0.1087736
-0.1134185
-0.1180905
-0.1223017
-0.1243441
-0.1249280
-0.1278962
-0.1334266
-0.1346400
-0.1263350
-0.1140850
-0.1092300
-0.1166324
-0.1314925
-0.1461350
-0.1560564
-0.1609973
-0.1632037
-0.1635964
-0.1588880
-0.1454431
-0.1264832
-0.1108838
-0.1032663
-0.0999426
-0.0966656
-0.0955271
-0.1009762
-0.1124907
-0.1244425
-0.1317006
-0.1340364
-0.1361772
-0.1428993
-0.1521190
-0.1549666
-0.1465704
-0.1347362
-0.1324196
-0.1420150
-0.1524902
-0.1527335
-0.1430667
-0.1322482
-0.1268642
-0.1257649
-0.1232781
-0.1162643
-0.1071470
-0.0988916
-0.0885213
-0.0700003
-0.0434337
-0.0138829
0.0238221
0.0932025
0.2202518
0.4083296
0.6319516
0.8530858
1.0365312
1.1468674
1.1380347
0.9622986
0.6082533
0.1399877
-0.3094583
-0.6051416
-0.6908704
-0.6141527
-0.4765115
-0.3594637
-0.2884183
-0.2484531
-0.2193395
-0.1946581
-0.1775138
-0.1687192
-0.1642003
-0.1616343
-0.1631634
-0.1687266
-0.1715464
-0.1657614
-0.1563513
-0.1551965
-0.1664126
-0.1800704
-0.1825132
-0.1708791
-0.1562086
-0.1529028
-0.1648620
-0.1812682
-0.1868492
-0.1768469
-0.1603932
-0.1489017
-0.1440986
-0.1389975
-0.1274494
-0.1096621
-0.0900968
-0.0730573
-0.0600099
-0.0492328
-0.0377443
-0.0237710
-0.0069784
0.0125641
0.0334668
0.0519640
0.0653614
0.0771550
0.0953243
0.1237366
0.1572164
0.1864766
0.2066305
0.2204146
0.2347406
0.2546315
0.2790682
0.3022007
0.3193590
0.3315973
0.3437098
0.3589723
0.3768859
0.3941008
0.4052385
0.4043199
0.3885607
0.3609663
0.3275907
0.2926201
0.2573040
0.2224891
0.1902642
0.1635608
0.1452281
0.1364060
0.1343540
0.1326940
0.1251969
0.1093254
0.0863899
0.0599646
0.0345673
0.0137975
-0.0017269
-0.0140079
-0.0251717
-0.0363069
-0.0478428
-0.0585530
-0.0645565
-0.0628394
-0.0569535
-0.0560547
-0.0656570
-0.0806734
-0.0900511
-0.0884301
-0.0817113
-0.0800131
-0.0854492
-0.0888853
-0.0807345
-0.0633591
-0.0484130
-0.0413519
-0.0340564
-0.0157389
0.0157257
0.0625194
0.1447839
0.2961762
0.5300452
0.8103057
1.0635559
1.2248886
1.2705631
1.2052575
1.0266790
0.7205652
0.3021142
-0.1453256
-0.4941455
-0.6524657
-0.6262352
-0.5035330
-0.3807359
-0.3026344
-0.2613615
-0.2345494
-0.2143128
-0.2046969
-0.2051319
-0.2064776
-0.2024636
-0.1976208
-0.2000193
-0.2097738
-0.2192956
-0.2232975
-0.2236787
-0.2241792
-0.2245538
-0.2222410
-0.2173663
-0.2134304
-0.2131727
-0.2149037
-0.2134042
-0.2047055
-0.1899061
-0.1734349
-0.1573771
-0.1389661
-0.1145933
-0.0849363
-0.0547094
-0.0281468
-0.0059250
0.0141859
0.0348437
0.0569361
0.0789866
0.0988025
0.1156594
0.1303187
0.1436442
0.1570076
0.1736481
0.1966064
0.2239142
0.2481899
0.2636624
0.2733259
0.2873511
0.3134677
0.3486630
0.3802896
0.3960334
0.3938527
0.3823792
0.3715442
0.3634993
0.3526229
0.3321521
0.2991210
0.2549125
0.2045395
0.1555771
0.1149093
0.0848287
0.0628524
0.0454444
0.0309514
0.0189939
0.0086046
-0.0017561
-0.0123868
-0.0214401
-0.0270669
-0.0309969
-0.0384885
-0.0525256
-0.0685335
-0.0778323
-0.0774661
-0.0743431
-0.0779326
-0.0903656
-0.1053670
-0.1156030
-0.1190141
-0.1186203
-0.1186494
-0.1219209
-0.1295686
-0.1408889
-0.1521732
-0.1570784
-0.1514146
-0.1390862
-0.1309705
-0.1349777
-0.1478103
-0.1589877
-0.1625814
-0.1620638
-0.1631973
-0.1656062
-0.1641670
-0.1573603
-0.1505167
-0.1485828
-0.1468278
-0.1321519
-0.0958172
-0.0427826
0.0161722
0.0826803
0.1765700
0.3183366
0.5051751
0.7059191
0.8782501
0.9870839
1.0060469
0.9091956
0.6757876
0.3163489
-0.1027500
-0.4707078
-0.6863907
-0.7177055
-0.6163345
-0.4752423
-0.3665519
-0.3093796
-0.2835333
-0.2645110
-0.2453984
-0.2329289
-0.2314430
-0.2353455
-0.2358861
-0.2307999
-0.2247963
-0.2225549
-0.2242919
-0.2277458
-0.2313664
-0.2342630
-0.2348953
-0.2318372
-0.2258172
-0.2197990
-0.2159758
-0.2123452
-0.2031136
-0.1839654
-0.1570915
-0.1295484
-0.1060763
-0.0850770
-0.0626865
-0.0391684
-0.0192276
-0.0064851
0.0004766
0.0061991
0.0136647
0.0222757
0.0302306
0.0381995
0.0497811
0.0678361
0.0909519
0.1144191
0.1344622
0.1508540
0.1661366
0.1836155
0.2054382
0.2304702
0.2538117
0.2706905
0.2822597
0.2961647
0.3192733
0.3493975
0.3751006
0.3846129
0.3753957
0.3548901
0.3318393
0.3077751
0.2782367
0.2414978
0.2029755
0.1693650
0.1406458
0.1108784
0.0764906
0.0410665
0.0112740
-0.0097565
-0.0233296
-0.0306558
-0.0300682
-0.0201075
-0.0041229
0.0107933
0.0203133
0.0261547
0.0308663
0.0313456
0.0217430
0.0033226
-0.0130018
-0.0175626
-0.0137286
-0.0149803
-0.0295936
-0.0511161
-0.0662057
-0.0704793
-0.0732362
-0.0852669
-0.1048753
-0.1199922
-0.1241138
-0.1254829
-0.1369581
-0.1590456
-0.1777770
-0.1803331
-0.1694692
-0.1603025
-0.1644503
-0.1795823
-0.1940590
-0.1993435
-0.1965368
-0.1921957
-0.1906265
-0.1915371
-0.1931942
-0.1947457
-0.1951256
-0.1923906
-0.1858933
-0.1777172
-0.1701502
-0.1623664
-0.1512705
-0.1355734
-0.1176581
-0.1009758
-0.0865950
-0.0734284
-0.0619724
-0.0566389
-0.0625315
-0.0791110
-0.0984036
-0.1113883
-0.1162358
-0.1190578
-0.1266441
-0.1399081
-0.1546298
-0.1667818
-0.1757453
-0.1831616
-0.1904302
-0.1979980
-0.2061828
-0.2151184
-0.2231275
-0.2262659
-0.2215361
-0.2110162
-0.2010939
-0.1964377
-0.1958944
-0.1955796
-0.1946430
-0.1956616
-0.1996395
-0.2033508
-0.2030943
-0.1994247
-0.1955654
-0.1908015
-0.1780626
-0.1511145
-0.1142585
-0.0817081
-0.0647221
-0.0606318
-0.0574492
-0.0486719
-0.0396036
-0.0377611
-0.0411088
-0.0399535
-0.0286289
-0.0089825
0.0211675
0.0794227
0.1913432
0.3669554
0.5850159
0.8020978
0.9753357
1.0730529
1.0667304
0.9266293
0.6416445
0.2498995
-0.1569719
-0.4730149
-0.6343365
-0.6477439
-0.5720119
-0.4730194
-0.3900961
-0.3321956
-0.2935750
-0.2681589
-0.2531501
-0.2464939
-0.2446901
-0.2422281
-0.2325620
-0.2118407
-0.1834863
-0.1575134
-0.1425136
-0.1378735
-0.1354054
-0.1290910
-0.1218841
-0.1218982
-0.1326031
-0.1482847
-0.1596825
-0.1630735
-0.1626279
-0.1644322
-0.1702453
-0.1776616
-0.1839683
-0.1874083
-0.1858309
-0.1775251
-0.1644835
-0.1525478
-0.1462243
-0.1439407
-0.1399331
-0.1306427
-0.1177696
-0.1045665
-0.0907149
-0.0729102
-0.0504376
-0.0274793
-0.0075353
0.0132246
0.0434074
0.0857941
0.1317779
0.1690252
0.1939708
0.2145269
0.2407032
0.2751376
0.3138784
0.3539617
0.3966383
0.4422067
0.4842367
0.5123211
0.5215099
0.5171661
0.5087660
0.4996444
0.4844954
0.4565909
0.4155056
0.3673157
0.3189213
0.2732985
0.2293121
0.1848157
0.1399809
0.0982763
0.0641588
0.0393365
0.0212615
0.0055925
-0.0098513
-0.0239091
-0.0349439
-0.0441725
-0.0548086
-0.0674432
-0.0779238
-0.0819981
-0.0816333
-0.0837251
-0.0909870
-0.0964435
-0.0901531
-0.0713917
-0.0516731
-0.0444801
-0.0529754
-0.0682803
-0.0781302
-0.0754609
-0.0597290
-0.0337934
-0.0024438
0.0273947
0.0493781
0.0632753
0.0766336
0.0994885
0.1391880
0.2028185
0.3020803
0.4481798
0.6362717
0.8359953
1.0019316
1.0957479
1.0979991
1.0008482
0.7977612
0.4909855
0.1139721
-0.2590875
-0.5386922
-0.6679862
-0.6544053
-0.5581682
-0.4491087
-0.3681487
-0.3190666
-0.2865970
-0.2585683
-0.2344537
-0.2192862
-0.2139132
-0.2122666
-0.2070399
-0.1966160
-0.1858970
-0.1806236
-0.1810451
-0.1808839
-0.1725046
-0.1537207
-0.1301062
-0.1106324
-0.1007206
-0.0990344
-0.1001162
-0.0993709
-0.0959260
-0.0920375
-0.0905730
-0.0927728
-0.0977696
-0.1036935
-0.1086434
-0.1105274
-0.1071961
-0.0983091
-0.0870084
-0.0779539
-0.0722984
-0.0650323
-0.0487611
-0.0210644
0.0120307
0.0407474
0.0605019
0.0762083
0.0971462
0.1273528
0.1614520
0.1899896
0.2083191
0.2203190
0.2346023
0.2578246
0.2905273
0.3275234
0.3616250
0.3878805
0.4053599
0.4154173
0.4183646
0.4118544
0.3926377
0.3601943
0.3186567
0.2745549
0.2321196
0.1911814
0.1502218
0.1106259
0.0761553
0.0479535
0.0220800
-0.0060552
-0.0352508
-0.0586554
-0.0715956
-0.0781928
-0.0879438
-0.1048539
-0.1216719
-0.1273028
-0.1199552
-0.1104914
-0.1112902
-0.1234416
-0.1371228
-0.1436745
-0.1441893
-0.1453548
-0.1498598
-0.1541802
-0.1552760
-0.1556830
-0.1593351
-0.1637831
-0.1602351
-0.1428766
-0.1160718
-0.0899015
-0.0694796
-0.0516910
-0.0329861
-0.0170992
-0.0120205
-0.0201871
-0.0346631
-0.0459877
-0.0510208
-0.0536661
-0.0582833
-0.0650379
-0.0722400
-0.0805808
-0.0921072
-0.1053922
-0.1151037
-0.1184926
-0.1204651
-0.1289383
-0.1447189
-0.1585724
-0.1602865
-0.1499165
-0.1385026
-0.1375884
-0.1489234
-0.1643845
-0.1745456
-0.1762651
-0.1728985
-0.1695096
-0.1690606
-0.1716925
-0.1752143
-0.1760237
-0.1716900
-0.1640498
-0.1585876
-0.1590389
-0.1629639
-0.1643696
-0.1610763
-0.1578540
-0.1606325
-0.1677059
-0.1681418
-0.1503648
-0.1130630
-0.0678836
-0.0313906
-0.0135706
-0.0120316
-0.0149846
-0.0096386
0.0097735
0.0398896
0.0750072
0.1187964
0.1895382
0.3099757
0.4874269
0.7017056
0.9118653
1.0733816
1.1482920
1.1040523
0.9159022
0.5857792
0.1659608
-0.2429155
-0.5339480
-0.6511009
-0.6157681
-0.5016872
-0.3827004
-0.2968739
-0.2468125
-0.2204930
-0.2070176
-0.1991570
-0.1917968
-0.1836922
-0.1787087
-0.1809202
-0.1875024
-0.1889677
-0.1782139
-0.1581773
-0.1387119
-0.1263439
-0.1189375
-0.1105952
-0.0998020
-0.0913026
-0.0906895
-0.0983843
-0.1088177
-0.1147761
-0.1128852
-0.1060605
-0.1010446
-0.1026036
-0.1089940
-0.1131605
-0.1094453
-0.0997118
-0.0920687
-0.0923791
-0.0971745
-0.0963243
-0.0833555
-0.0621722
-0.0426034
-0.0299296
-0.0200685
-0.0050283
0.0182591
0.0453059
0.0695270
0.0892836
0.1093565
0.1360290
0.1711145
0.2105170
0.2479845
0.2800437
0.3078329
0.3348625
0.3631313
0.3911558
0.4158044
0.4362027
0.4553559
0.4769745
0.5003173
0.5186351
0.5232228
0.5092335
0.4780824
0.4352677
0.3865417
0.3356836
0.2847189
0.2353358
0.1898391
0.1508220
0.1198242
0.0959635
0.0757973
0.0552605
0.0329019
0.0116347
-0.0034555
-0.0099695
-0.0110508
-0.0131037
-0.0204731
-0.0320891
-0.0427095
-0.0471605
-0.0441751
-0.0373902
-0.0329515
-0.0351800
-0.0433688
-0.0525107
-0.0577910
-0.0590177
-0.0604745
-0.0656356
-0.0718047
-0.0710207
-0.0576256
-0.0350761
-0.0141461
-0.0035008
-0.0022770
-0.0025407
0.0010796
0.0049557
0.0000799
-0.0180930
-0.0439820
-0.0664319
-0.0787677
-0.0838955
-0.0895582
-0.0995575
-0.1105204
-0.1167738
-0.1168603
-0.1145043
-0.1141050
-0.1167247
-0.1206541
-0.1244072
-0.1275977
-0.1291897
-0.1270952
-0.1212204
-0.1159810
-0.1172149
-0.1255787
-0.1347736
-0.1383097
-0.1373177
-0.1390206
-0.1463640
-0.1511944
-0.1406886
-0.1113662
-0.0750728
-0.0493350
-0.0418318
-0.0452762
-0.0471584
-0.0426898
-0.0375247
-0.0398648
-0.0524336
-0.0717537
-0.0921595
-0.1087167
-0.1181968
-0.1206395
-0.1208456
-0.1259596
-0.1390161
-0.1548598
-0.1643345
-0.1635960
-0.1583660
-0.1576652
-0.1636239
-0.1689411
-0.1649019
-0.1508254
-0.1347996
-0.1259378
-0.1270374
-0.1341871
-0.1415443
-0.1455617
-0.1458342
-0.1436985
-0.1403659
-0.1352823
-0.1255148
-0.1075238
-0.0810852
-0.0520213
-0.0300453
-0.0224122
-0.0288889
-0.0427493
-0.0564778
-0.0666227
-0.0742502
-0.0822344
-0.0923814
-0.1038485
-0.1131717
-0.1163645
-0.1125111
-0.1058361
-0.1031335
-0.1077155
-0.1156556
-0.1189507
-0.1131407
-0.1014242
-0.0904883
-0.0825254
-0.0724184
-0.0526795
-0.0188646
0.0323172
0.1095787
0.2274870
0.3953999
0.6032100
0.8174763
0.9914489
1.0791899
1.0439803
0.8638837
0.5440928
0.1337118
-0.2731790
-0.5696106
-0.6894038
-0.6436336
-0.5083625
-0.3718673
-0.2835696
-0.2416755
-0.2193042
-0.1977661
-0.1781731
-0.1697316
-0.1742161
-0.1831585
-0.1867339
-0.1822830
-0.1744785
-0.1694242
-0.1695104
-0.1726552
-0.1747321
-0.1723695
-0.1645588
-0.1529785
-0.1412712
-0.1332276
-0.1302174
-0.1294760
-0.1253170
-0.1133182
-0.0943420
-0.0745821
-0.0611598
-0.0569255
-0.0587478
-0.0602223
-0.0560517
-0.0446759
-0.0279393
-0.0089861
0.0097912
0.0277134
0.0454795
0.0638410
0.0822516
0.0988558
0.1121987
0.1231023
0.1346023
0.1497521
0.1693382
0.1914738
0.2130677
0.2318142
0.2476215
0.2630112
0.2821212
0.3082625
0.3411780
0.3761649
0.4064492
0.4276260
0.4407324
0.4510655
0.4633123
0.4770118
0.4863808
0.4847824
0.4700090
0.4458851
0.4189975
0.3935759
0.3689414
0.3413965
0.3083950
0.2711001
0.2334110
0.1988999
0.1685776
0.1411896
0.1155273
0.0927435
0.0765371
0.0704727
0.0741866
0.0818504
0.0849044
0.0773483
0.0593543
0.0363930
0.0150143
-0.0010949
-0.0122130
-0.0210695
-0.0304570
-0.0412971
-0.0518182
-0.0584819
-0.0587329
-0.0538213
-0.0488185
-0.0489458
-0.0551489
-0.0631342
-0.0668991
-0.0635035
-0.0550339
-0.0467265
-0.0433446
-0.0463783
-0.0532917
-0.0589585
-0.0588693
-0.0526451
-0.0452032
-0.0436857
-0.0517302
-0.0659514
-0.0784763
-0.0838476
-0.0838423
-0.0852332
-0.0924864
-0.1027792
-0.1085636
-0.1050877
-0.0950663
-0.0858444
-0.0825287
-0.0845337
-0.0883524
-0.0919559
-0.0952409
-0.0972828
-0.0959342
-0.0916030
-0.0897356
-0.0964327
-0.1104584
-0.1215409
-0.1192267
-0.1039245
-0.0876484
-0.0826636
-0.0898508
-0.0990190
-0.1000714
-0.0925699
-0.0843937
-0.0827411
-0.0877307
-0.0939722
-0.0965475
-0.0949410
-0.0923581
-0.0923462
-0.0957872
-0.1002965
-0.1024179
-0.1007621
-0.0967458
-0.0917101
-0.0840021
-0.0708169
-0.0536448
-0.0397291
-0.0351043
-0.0360163
-0.0301970
-0.0085467
0.0268792
0.0707114
0.1303079
0.2286789
0.3853679
0.5926639
0.8122025
0.9945272
1.0986561
1.0932003
0.9500377
0.6559800
0.2436114
-0.1931100
-0.5315053
-0.6881454
-0.6672525
-0.5467447
-0.4162260
-0.3231063
-0.2669850
-0.2305891
-0.2060024
-0.1938245
-0.1896057
-0.1818663
-0.1640780
-0.1426443
-0.1294864
-0.1287695
-0.1337626
-0.1355764
-0.1314952
-0.1241902
-0.1163325
-0.1090749
-0.1043459
-0.1044552
-0.1078355
-0.1079128
-0.0995507
-0.0865169
-0.0796401
-0.0857209
-0.0993629
-0.1077262
-0.1035324
-0.0920424
-0.0845916
-0.0861653
-0.0903592
-0.0862912
-0.0694369
-0.0453781
-0.0237394
-0.0092899
0.0012600
0.0148783
0.0355360
0.0615337
0.0882366
0.1124508
0.1340979
0.1545986
0.1749187
0.1957526
0.2188402
0.2465884
0.2795348
0.3146725
0.3473515
0.3752610
0.4000885
0.4247415
0.4489736
0.4681327
0.4764898
0.4719247
0.4575418
0.4389437
0.4199408
0.4004715
0.3779394
0.3500065
0.3162158
0.2777191
0.2363449
0.1942295
0.1537949
0.1170869
0.0845131
0.0545249
0.0254219
-0.0021055
-0.0248555
-0.0405099
-0.0512507
-0.0629644
-0.0797522
-0.0991239
-0.1134094
-0.1166959
-0.1105353
-0.1025457
-0.0992070
-0.1001655
-0.0997352
-0.0935932
-0.0832220
-0.0735748
-0.0674029
-0.0633165
-0.0595821
-0.0581421
-0.0629210
-0.0740705
-0.0859276
-0.0926412
-0.0953955
-0.1016117
-0.1154722
-0.1307110
-0.1356446
-0.1261431
-0.1115759
-0.1059592
-0.1139087
-0.1273061
-0.1357560
-0.1377948
-0.1401208
-0.1475746
-0.1573047
-0.1636786
-0.1660711
-0.1686805
-0.1731441
-0.1748078
-0.1684439
-0.1560546
-0.1460683
-0.1443031
-0.1478156
-0.1491400
-0.1454656
-0.1416285
-0.1438666
-0.1523106
-0.1608981
-0.1640617
-0.1619978
-0.1589647
-0.1576732
-0.1568563
-0.1544023
-0.1514624
-0.1521507
-0.1591487
-0.1704376
-0.1809640
-0.1874849
-0.1914525
-0.1969232
-0.2056170
-0.2142353
-0.2169779
-0.2110005
-0.1995666
-0.1898594
-0.1874122
-0.1919722
-0.1981613
-0.2003163
-0.1975086
-0.1943050
-0.1961402
-0.2032373
-0.2091705
-0.2062888
-0.1932815
-0.1773156
-0.1680678
-0.1691086
-0.1750451
-0.1771373
-0.1714776
-0.1615363
-0.1533945
-0.1497028
-0.1485100
-0.1464867
-0.1417037
-0.1337924
-0.1236691
-0.1142640
-0.1098206
-0.1116939
-0.1141768
-0.1065711
-0.0814053
-0.0396596
0.0151885
0.0893496
0.2016324
0.3689802
0.5863098
0.8208794
1.0261748
1.1589114
1.1829397
1.0663705
0.7924874
0.3876742
-0.0616454
-0.4348223
-0.6399751
-0.6665623
-0.5817731
-0.4742118
-0.3954497
-0.3462549
-0.3063940
-0.2679099
-0.2397624
-0.2297517
-0.2318013
-0.2329585
-0.2280572
-0.2231704
-0.2254527
-0.2333335
-0.2383928
-0.2349026
-0.2249162
-0.2142034
-0.2058313
-0.1992549
-0.1940348
-0.1915256
-0.1920811
-0.1925079
-0.1885248
-0.1800228
-0.1723206
-0.1706169
-0.1731061
-0.1709136
-0.1561686
-0.1302558
-0.1033488
-0.0854287
-0.0779627
-0.0741429
-0.0661682
-0.0515984
-0.0335079
-0.0162452
-0.0018981
0.0100218
0.0212011
0.0338706
0.0509443
0.0751229
0.1064910
0.1410686
0.1729456
0.1989341
0.2212415
0.2449591
0.2723318
0.2995512
0.3199970
0.3314993
0.3402152
0.3559793
0.3826463
0.4131549
0.4349329
0.4403964
0.4319233
0.4170593
0.4002223
0.3798550
0.3527845
0.3195416
0.2843719
0.2506693
0.2179457
0.1840614
0.1495366
0.1181133
0.0926997
0.0719160
0.0517406
0.0302723
0.0097686
-0.0064350
-0.0182735
-0.0291780
-0.0416874
-0.0536563
-0.0600211
-0.0586249
-0.0533314
-0.0504716
-0.0526876
-0.0573483
-0.0607918
-0.0625428
-0.0645726
-0.0676579
-0.0701968
-0.0706537
-0.0696341
-0.0684932
-0.0666044
-0.0614901
-0.0520496
-0.0405783
-0.0306600
-0.0235991
-0.0179036
-0.0117280
-0.0042064
0.0057112
0.0198839
0.0400213
0.0693484
0.1187542
0.2094979
0.3623906
0.5773902
0.8229491
1.0489381
1.2119695
1.2866248
1.2529790
1.0834492
0.7588600
0.3090099
-0.1664346
-0.5342032
-0.7037541
-0.6810784
-0.5533128
-0.4204875
-0.3351527
-0.2938277
-0.2705416
-0.2500805
-0.2334314
-0.2238851
-0.2178228
-0.2094111
-0.1983925
-0.1892597
-0.1842235
-0.1802468
-0.1733801
-0.1637076
-0.1544994
-0.1473109
-0.1395123
-0.1273348
-0.1110670
-0.0964835
-0.0901664
-0.0927475
-0.0970640
-0.0940438
-0.0812620
-0.0657115
-0.0575359
-0.0604015
-0.0678630
-0.0695110
-0.0609352
-0.0474386
-0.0378863
-0.0356220
-0.0361202
-0.0327696
-0.0231197
-0.0089135
0.0082122
0.0288800
0.0537695
0.0810640
0.1075451
0.1319473
0.1559333
0.1812461
0.2070924
0.2319853
0.2579966
0.2908369
0.3337007
0.3815744
0.4236720
0.4522828
0.4682333
0.4770049
0.4805813
0.4747417
0.4546158
0.4215758
0.3832585
0.3467199
0.3126409
0.2768534
0.2365061
0.1931950
0.1503527
0.1098032
0.0722585
0.0397611
0.0150511
-0.0021847
-0.0167913
-0.0340772
-0.0540963
-0.0711752
-0.0801242
-0.0825321
-0.0855786
-0.0941824
-0.1057343
-0.1141861
-0.1187074
-0.1257432
-0.1409456
-0.1601500
-0.1705422
-0.1618197
-0.1358701
-0.1050103
-0.0810378
-0.0666164
-0.0569795
-0.0480625
-0.0408943
-0.0383718
-0.0406212
-0.0456799
-0.0534361
-0.0657658
-0.0817713
-0.0950945
-0.0986352
-0.0923805
-0.0849728
-0.0859873
-0.0965991
-0.1088572
-0.1145533
-0.1138052
-0.1138294
-0.1199428
-0.1296632
-0.1362744
-0.1366979
-0.1344238
-0.1352249
-0.1414257
-0.1506244
-0.1589852
-0.1650108
-0.1704782
-0.1785595
-0.1911118
-0.2065294
-0.2186532
-0.2180062
-0.1969162
-0.1565818
-0.1095589
-0.0729134
-0.0563115
-0.0558035
-0.0592887
-0.0580835
-0.0533088
-0.0518269
-0.0573035
-0.0662684
-0.0726498
-0.0744736
-0.0745895
-0.0755734
-0.0765582
-0.0763159
-0.0773080
-0.0836069
-0.0946102
-0.1035329
-0.1042513
-0.0988494
-0.0960642
-0.1013057
-0.1097144
-0.1113274
-0.1034307
-0.0956561
-0.1007350
-0.1206191
-0.1437490
-0.1566087
-0.1565456
-0.1523835
-0.1537782
-0.1616188
-0.1684462
-0.1663483
-0.1534697
-0.1339637
-0.1137316
-0.0971769
-0.0866830
-0.0825805
-0.0824920
-0.0823331
-0.0801297
-0.0787752
-0.0831613
-0.0936705
-0.1035371
-0.1040737
-0.0930109
-0.0775214
-0.0686741
-0.0722596
-0.0842337
-0.0947077
-0.0966191
-0.0912308
-0.0859754
-0.0870559
-0.0931678
-0.0954321
-0.0839432
-0.0557299
-0.0161832
0.0291623
0.0851091
0.1675628
0.2918780
0.4596967
0.6558742
0.8535312
1.0159790
1.0932905
1.0278112
0.7823610
0.3799997
-0.0807057
-0.4627429
-0.6642939
-0.6744270
-0.5659576
-0.4343668
-0.3367915
-0.2771886
-0.2352872
-0.2001088
-0.1767096
-0.1703370
-0.1740316
-0.1746016
-0.1667349
-0.1567483
-0.1529269
-0.1561895
-0.1618036
-0.1669183
-0.1725833
-0.1790950
-0.1833623
-0.1828251
-0.1799755
-0.1802221
-0.1849811
-0.1887090
-0.1842379
-0.1707133
-0.1549412
-0.1444284
-0.1399868
-0.1358384
-0.1260455
-0.1096672
-0.0904309
-0.0733544
-0.0618488
-0.0559423
-0.0517493
-0.0435558
-0.0281246
-0.0074434
0.0131236
0.0295033
0.0418908
0.0538407
0.0691333
0.0893631
0.1135833
0.1392490
0.1633612
0.1839356
0.2020171
0.2223850
0.2505076
0.2872687
0.3270465
0.3621044
0.3891073
0.4111765
0.4340624
0.4606060
0.4879207
0.5088716
0.5169404
0.5113219
0.4977583
0.4833465
0.4695880
0.4507110
0.4195666
0.3755890
0.3266791
0.2826609
0.2468410
0.2146376
0.1804655
0.1444145
0.1109811
0.0826996
0.0577275
0.0339339
0.0127206
-0.0030783
-0.0139301
-0.0241206
-0.0371024
-0.0512488
-0.0608460
-0.0612506
-0.0530527
-0.0415270
-0.0324590
-0.0283871
-0.0277522
-0.0263799
-0.0201103
-0.0079898
0.0058653
0.0145765
0.0142155
0.0073276
0.0002475
-0.0027410
-0.0022476
-0.0019432
-0.0053458
-0.0140380
-0.0272239
-0.0419691
-0.0544265
-0.0619807
-0.0649676
-0.0664306
-0.0697920
-0.0763061
-0.0847046
-0.0931624
-0.1009005
-0.1076386
-0.1127636
-0.1163472
-0.1200713
-0.1250635
-0.1288075
-0.1264949
-0.1167037
-0.1043717
-0.0965375
-0.0955627
-0.0978965
-0.0995182
-0.1010887
-0.1064459
-0.1163856
-0.1257669
-0.1282240
-0.1230883
-0.1157799
-0.1111645
-0.1085983
-0.1047511
-0.0995370
-0.0968906
-0.0999214
-0.1071541
-0.1139454
-0.1164420
-0.1138490
-0.1080981
-0.1024339
-0.0999882
-0.1022854
-0.1077301
-0.1113627
-0.1075312
-0.0945918
-0.0773548
-0.0640507
-0.0603689
-0.0663109
-0.0777793
-0.0898505
-0.0990632
-0.1048479
-0.1098295
-0.1174409
-0.1278807
-0.1368514
-0.1393755
-0.1350539
-0.1291073
-0.1279013
-0.1332442
-0.1409643
-0.1451330
-0.1436009
-0.1392910
-0.1368068
-0.1389551
-0.1459137
-0.1547797
-0.1581113
-0.1453498
-0.1099322
-0.0560743
0.0045311
0.0662822
0.1407645
0.2521927
0.4181078
0.6310060
0.8567072
1.0494026
1.1675903
1.1779315
1.0532076
0.7813506
0.3878445
-0.0506244
-0.4258115
-0.6478871
-0.6921408
-0.6066363
-0.4750325
-0.3643890
-0.2970561
-0.2608798
-0.2378849
-0.2217189
-0.2142556
-0.2151148
-0.2193125
-0.2228683
-0.2264548
-0.2323674
-0.2396720
-0.2440070
-0.2419285
-0.2338652
-0.2219612
-0.2065600
-0.1872519
-0.1670490
-0.1519216
-0.1438514
-0.1364972
-0.1213196
-0.0981638
-0.0770220
-0.0679141
-0.0703378
-0.0741192
-0.0701660
-0.0589158
-0.0477499
-0.0414809
-0.0374132
-0.0299668
-0.0177096
-0.0036450
0.0101444
0.0250646
0.0429733
0.0632369
0.0838792
0.1035742
0.1211576
0.1352173
0.1466357
0.1607240
0.1838504
0.2165433
0.2513659
0.2798326
0.3017782
0.3258253
0.3585443
0.3941950
0.4186022
0.4244749
0.4202310
0.4211304
0.4330335
0.4474325
0.4515297
0.4400137
0.4166777
0.3879786
0.3577437
0.3270959
0.2964642
0.2659046
0.2341929
0.1995940
0.1625292
0.1265127
0.0952305
0.0692963
0.0470759
0.0276849
0.0110051
-0.0045284
-0.0206262
-0.0344633
-0.0385989
-0.0289062
-0.0118642
-0.0011173
-0.0057360
-0.0227085
-0.0412801
-0.0536242
-0.0603410
-0.0663262
-0.0738500
-0.0816996
-0.0896117
-0.0993958
-0.1100353
-0.1151124
-0.1090818
-0.0953970
-0.0848688
-0.0850289
-0.0930496
-0.0996817
-0.0982816
-0.0892282
-0.0775632
-0.0684323
-0.0642767
-0.0640180
-0.0633945
-0.0571548
-0.0436276
-0.0281702
-0.0196972
-0.0209927
-0.0232550
-0.0126973
0.0187998
0.0739335
0.1603922
0.2930632
0.4781304
0.6950777
0.8995156
1.0457428
1.1041588
1.0571120
0.8874248
0.5866505
0.1848962
-0.2317981
-0.5503484
-0.6945543
-0.6706307
-0.5532003
-0.4271369
-0.3384382
-0.2882487
-0.2580528
-0.2334882
-0.2104178
-0.1898531
-0.1734497
-0.1626935
-0.1584355
-0.1592967
-0.1616942
-0.1631107
-0.1648757
-0.1700433
-0.1787480
-0.1876148
-0.1937641
-0.1968757
-0.1965539
-0.1905517
-0.1778704
-0.1619678
-0.1484321
-0.1399187
-0.1349143
-0.1308227
-0.1264879
-0.1217657
-0.1163580
-0.1101721
-0.1044256
-0.1010509
-0.0997023
-0.0956302
-0.0827544
-0.0603583
-0.0351784
-0.0146147
0.0013985
0.0195800
0.0449086
0.0754966
0.1058821
0.1329833
0.1579611
0.1839827
0.2133095
0.2456847
0.2785910
0.3091386
0.3359007
0.3590540
0.3792059
0.3961068
0.4078188
0.4113545
0.4054639
0.3927172
0.3768446
0.3575994
0.3307666
0.2947439
0.2549298
0.2191515
0.1895338
0.1608221
0.1266245
0.0862315
0.0454856
0.0116049
-0.0131144
-0.0329335
-0.0540684
-0.0787219
-0.1037392
-0.1238475
-0.1350904
-0.1367432
-0.1326427
-0.1303818
-0.1362415
-0.1494449
-0.1622762
-0.1663727
-0.1588695
-0.1438727
-0.1297128
-0.1236351
-0.1262045
-0.1301862
-0.1267354
-0.1138349
-0.0983206
-0.0895157
-0.0910007
-0.0979681
-0.1021374
-0.0997973
-0.0951593
-0.0950829
-0.1011678
-0.1090707
-0.1151253
-0.1200431
-0.1248280
-0.1268235
-0.1233292
-0.1174988
-0.1169370
-0.1257777
-0.1399319
-0.1510099
-0.1544215
-0.1530874
-0.1530446
-0.1561439
-0.1588094
-0.1582138
-0.1565232
-0.1563133
-0.1543162
-0.1445813
-0.1279386
-0.1137904
-0.1102511
-0.1148202
-0.1169349
-0.1088469
-0.0926393
-0.0767884
-0.0666647
-0.0589976
-0.0455149
-0.0195779
0.0244537
0.0979568
0.2174717
0.3907841
0.6027513
0.8166680
0.9883689
1.0772581
1.0484367
0.8767681
0.5632094
0.1555073
-0.2505015
-0.5459773
-0.6663804
-0.6278697
-0.5091294
-0.3927804
-0.3175283
-0.2762823
-0.2472661
-0.2203430
-0.1988626
-0.1872206
-0.1832258
-0.1817569
-0.1813489
-0.1836652
-0.1873740
-0.1871593
-0.1811616
-0.1757346
-0.1784620
-0.1881534
-0.1963112
-0.1980821
-0.1973817
-0.2004275
-0.2078716
-0.2151682
-0.2187117
-0.2196813
-0.2217051
-0.2249938
-0.2237810
-0.2117511
-0.1904135
-0.1693161
-0.1562040
-0.1490218
-0.1393986
-0.1221661
-0.0996994
-0.0785263
-0.0631576
-0.0517338
-0.0367747
-0.0121240
0.0199706
0.0507197
0.0743571
0.0935236
0.1146402
0.1408305
0.1704456
0.1996967
0.2250282
0.2448387
0.2605057
0.2751732
0.2915984
0.3117176
0.3361542
0.3612405
0.3779659
0.3779526
0.3612489
0.3363201
0.3126206
0.2943457
0.2792855
0.2610146
0.2339888
0.1998056
0.1673723
0.1440188
0.1274246
0.1087163
0.0822521
0.0501913
0.0191491
-0.0051656
-0.0214375
-0.0333128
-0.0458844
-0.0607961
-0.0761361
-0.0905879
-0.1040598
-0.1138773
-0.1152311
-0.1079238
-0.0992545
-0.0975186
-0.1044437
-0.1149665
-0.1221559
-0.1221954
-0.1175748
-0.1154557
-0.1195780
-0.1239666
-0.1184562
-0.1005489
-0.0782566
-0.0614332
-0.0538358
-0.0529702
-0.0534053
-0.0501556
-0.0425597
-0.0353152
-0.0335419
-0.0376816
-0.0447733
-0.0518929
-0.0558542
-0.0534497
-0.0461534
-0.0413521
-0.0443714
-0.0517826
-0.0566267
-0.0576161
-0.0589953
-0.0632354
-0.0672507
-0.0644286
-0.0488203
-0.0193886
0.0204548
0.0725477
0.1529263
0.2828001
0.4658323
0.6773761
0.8756970
1.0163757
1.0555569
0.9540452
0.6962175
0.3139134
-0.1077049
-0.4559122
-0.6420467
-0.6501482
-0.5423692
-0.4099143
-0.3119147
-0.2561407
-0.2247326
-0.2037569
-0.1902452
-0.1857668
-0.1901558
-0.1977590
-0.1995042
-0.1921506
-0.1825330
-0.1779943
-0.1768448
-0.1734262
-0.1670299
-0.1596846
-0.1511155
-0.1423177
-0.1377341
-0.1376679
-0.1356991
-0.1294618
-0.1253415
-0.1262078
-0.1242951
-0.1135764
-0.0996374
-0.0902128
-0.0854741
-0.0835123
-0.0846869
-0.0853643
-0.0792167
-0.0689893
-0.0636816
-0.0610693
-0.0488454
-0.0257559
-0.0034702
0.0148564
0.0371623
0.0616982
0.0776673
0.0893242
0.1128138
0.1459911
0.1710190
0.1892393
0.2178127
0.2483845
0.2540888
0.2485956
0.2858844
0.3758007
