-0.1099165
-0.1835155
-0.0982654
-0.0685386
-0.1261656
-0.1452590
-0.0980846
-0.0816931
-0.1273216
-0.1621089
-0.1548379
-0.1550281
-0.1835158
-0.2031356
-0.2028759
-0.2115759
-0.2260458
-0.2116233
-0.1734890
-0.1528979
-0.1569353
-0.1571877
-0.1486442
-0.1498374
-0.1565481
-0.1507293
-0.1420586
-0.1506989
-0.1642934
-0.1578571
-0.1393793
-0.1336702
-0.1388954
-0.1374753
-0.1315289
-0.1327858
-0.1359728
-0.1322324
-0.1290032
-0.1307429
-0.1222456
-0.0948325
-0.0658713
-0.0507910
-0.0393757
-0.0184960
0.0074958
0.0384932
0.0967616
0.2044323
0.3611549
0.5547025
0.7722360
0.9915913
1.1813493
1.3141917
1.3601407
1.2717034
1.0129495
0.6172195
0.1927327
-0.1428026
-0.3271958
-0.3671046
-0.3168289
-0.2448773
-0.1941465
-0.1635156
-0.1349470
-0.1095984
-0.1018361
-0.1100921
-0.1176059
-0.1172502
-0.1158244
-0.1178791
-0.1217867
-0.1269349
-0.1313941
-0.1294282
-0.1225153
-0.1228187
-0.1346656
-0.1443931
-0.1400537
-0.1289341
-0.1241222
-0.1259054
-0.1273771
-0.1265488
-0.1227429
-0.1122076
-0.0961791
-0.0830977
-0.0766246
-0.0718827
-0.0669628
-0.0657342
-0.0665807
-0.0618786
-0.0512121
-0.0415353
-0.0323531
-0.0148152
0.0122273
0.0383979
0.0559492
0.0664871
0.0737654
0.0808571
0.0929019
0.1114745
0.1285233
0.1366159
0.1418866
0.1563396
0.1813843
0.2090014
0.2341946
0.2564530
0.2746129
0.2900926
0.3094668
0.3348538
0.3581211
0.3731418
0.3869726
0.4104380
0.4437712
0.4784879
0.5070441
0.5252328
0.5324451
0.5343444
0.5375855
0.5383612
0.5248885
0.4941428
0.4564812
0.4209399
0.3863077
0.3498914
0.3145921
0.2829750
0.2526969
0.2210635
0.1875317
0.1512309
0.1131539
0.0798161
0.0569120
0.0409686
0.0249944
0.0093290
-0.0017964
-0.0107646
-0.0234995
-0.0383678
-0.0479926
-0.0509380
-0.0535466
-0.0612749
-0.0740400
-0.0876558
-0.0954519
-0.0930743
-0.0861470
-0.0872042
-0.1000694
-0.1137190
-0.1166610
-0.1105009
-0.1040962
-0.1015366
-0.1017598
-0.1036108
-0.1055160
-0.1051882
-0.1036809
-0.1047473
-0.1077374
-0.1069194
-0.0997776
-0.0901266
-0.0819700
-0.0763180
-0.0739630
-0.0744058
-0.0724884
-0.0638791
-0.0538113
-0.0526071
-0.0622228
-0.0741072
-0.0801653
-0.0795682
-0.0758585
-0.0736834
-0.0769900
-0.0843904
-0.0880023
-0.0823370
-0.0720488
-0.0659852
-0.0667778
-0.0711065
-0.0762001
-0.0808073
-0.0836398
-0.0858140
-0.0909312
-0.0984667
-0.1016403
-0.0962250
-0.0871012
-0.0821066
-0.0834766
-0.0882639
-0.0926194
-0.0932968
-0.0899127
-0.0876254
-0.0923156
-0.1018469
-0.1080137
-0.1082365
-0.1087249
-0.1142987
-0.1212225
-0.1221813
-0.1135898
-0.0973359
-0.0801416
-0.0709639
-0.0735939
-0.0816975
-0.0856474
-0.0834310
-0.0807107
-0.0823109
-0.0885549
-0.0976824
-0.1067618
-0.1124122
-0.1152063
-0.1204857
-0.1302538
-0.1378856
-0.1363819
-0.1290301
-0.1264777
-0.1348535
-0.1503101
-0.1630618
-0.1644920
-0.1539243
-0.1409550
-0.1372113
-0.1434583
-0.1488760
-0.1447619
-0.1340298
-0.1252580
-0.1226852
-0.1246611
-0.1273048
-0.1271490
-0.1237582
-0.1210498
-0.1226510
-0.1261258
-0.1261115
-0.1225472
-0.1206643
-0.1231835
-0.1276920
-0.1313561
-0.1329812
-0.1306833
-0.1227738
-0.1113825
-0.1012802
-0.0951987
-0.0930337
-0.0939554
-0.0963056
-0.0979203
-0.0998594
-0.1067954
-0.1200512
-0.1335474
-0.1408253
-0.1432386
-0.1471165
-0.1551570
-0.1640063
-0.1682213
-0.1644135
-0.1543455
-0.1455958
-0.1453550
-0.1516591
-0.1548067
-0.1494060
-0.1408443
-0.1377411
-0.1420070
-0.1485113
-0.1511531
-0.1475944
-0.1409460
-0.1375645
-0.1403643
-0.1446292
-0.1438171
-0.1385640
-0.1357946
-0.1397822
-0.1484042
-0.1572180
-0.1625530
-0.1613966
-0.1532233
-0.1421451
-0.1335215
-0.1285022
-0.1244937
-0.1196780
-0.1143751
-0.1098307
-0.1083799
-0.1124968
-0.1209143
-0.1283295
-0.1317918
-0.1345408
-0.1405989
-0.1485596
-0.1540082
-0.1557168
-0.1565221
-0.1597299
-0.1661168
-0.1721670
-0.1706094
-0.1562965
-0.1329872
-0.1111865
-0.0981584
-0.0926958
-0.0892535
-0.0829852
-0.0707282
-0.0518238
-0.0282989
0.0012618
0.0496746
0.1377067
0.2783620
0.4649170
0.6744915
0.8809598
1.0627029
1.1973825
1.2500381
1.1740381
0.9400933
0.5771062
0.1809031
-0.1323182
-0.2944114
-0.3169613
-0.2646448
-0.2019265
-0.1585424
-0.1323192
-0.1141804
-0.1059437
-0.1148661
-0.1375018
-0.1576014
-0.1620178
-0.1533346
-0.1440197
-0.1424259
-0.1474991
-0.1533250
-0.1549783
-0.1517727
-0.1473785
-0.1456973
-0.1458778
-0.1432746
-0.1354883
-0.1250188
-0.1159688
-0.1107075
-0.1093243
-0.1093413
-0.1064874
-0.0990136
-0.0907673
-0.0867822
-0.0864392
-0.0842098
-0.0764677
-0.0644366
-0.0513412
-0.0399165
-0.0318082
-0.0259936
-0.0181926
-0.0047632
0.0128655
0.0293563
0.0404152
0.0458182
0.0494794
0.0573907
0.0724952
0.0899386
0.1005816
0.1015654
0.1007354
0.1083097
0.1264880
0.1492489
0.1700955
0.1880486
0.2077528
0.2348510
0.2695819
0.3048572
0.3332820
0.3560295
0.3812795
0.4131864
0.4458526
0.4697178
0.4816634
0.4878026
0.4976629
0.5152547
0.5340689
0.5417528
0.5318112
0.5095079
0.4841816
0.4580219
0.4259794
0.3852236
0.3405823
0.3007150
0.2716649
0.2536229
0.2412888
0.2274467
0.2079923
0.1835327
0.1561913
0.1271634
0.0981943
0.0723145
0.0509646
0.0325545
0.0155140
0.0004836
-0.0120222
-0.0235853
-0.0356833
-0.0475808
-0.0579229
-0.0665682
-0.0737094
-0.0789580
-0.0820928
-0.0831854
-0.0820921
-0.0799157
-0.0804512
-0.0871499
-0.0983576
-0.1081418
-0.1121835
-0.1109558
-0.1076496
-0.1053580
-0.1056987
-0.1075893
-0.1076869
-0.1041596
-0.0992682
-0.0960899
-0.0938109
-0.0887817
-0.0794652
-0.0681003
-0.0581097
-0.0515141
-0.0478026
-0.0437785
-0.0359261
-0.0246623
-0.0150909
-0.0122495
-0.0167873
-0.0259104
-0.0366047
-0.0472382
-0.0583004
-0.0722951
-0.0903132
-0.1080236
-0.1183640
-0.1199043
-0.1197438
-0.1258558
-0.1381980
-0.1491980
-0.1521933
-0.1484439
-0.1461290
-0.1519839
-0.1632577
-0.1695741
-0.1646160
-0.1540935
-0.1491510
-0.1532866
-0.1595451
-0.1603175
-0.1562421
-0.1545163
-0.1606432
-0.1725485
-0.1817015
-0.1803258
-0.1685827
-0.1540027
-0.1432277
-0.1359885
-0.1282405
-0.1188641
-0.1110268
-0.1082568
-0.1109799
-0.1160051
-0.1186122
-0.1168724
-0.1147700
-0.1188341
-0.1303503
-0.1429650
-0.1494898
-0.1493624
-0.1479765
-0.1499599
-0.1541678
-0.1544794
-0.1456012
-0.1295456
-0.1159047
-0.1134079
-0.1210967
-0.1298614
-0.1325550
-0.1303408
-0.1290505
-0.1315819
-0.1344652
-0.1308198
-0.1172515
-0.0990392
-0.0869038
-0.0861124
-0.0896774
-0.0849408
-0.0662191
-0.0377641
-0.0032243
0.0460966
0.1307103
0.2688357
0.4599903
0.6808414
0.8972490
1.0789055
1.1996570
1.2270900
1.1245499
0.8769864
0.5197425
0.1378679
-0.1716130
-0.3485929
-0.3947160
-0.3587061
-0.2973069
-0.2437996
-0.2044842
-0.1748838
-0.1527498
-0.1379190
-0.1279268
-0.1187091
-0.1082751
-0.0977813
-0.0898447
-0.0865410
-0.0881040
-0.0931433
-0.1004720
-0.1098358
-0.1198231
-0.1265402
-0.1265979
-0.1209605
-0.1141522
-0.1101385
-0.1101726
-0.1134264
-0.1178250
-0.1210569
-0.1225428
-0.1239081
-0.1262760
-0.1278908
-0.1255724
-0.1177617
-0.1054188
-0.0910657
-0.0775337
-0.0661460
-0.0554537
-0.0433604
-0.0309459
-0.0219062
-0.0170107
-0.0111523
0.0023119
0.0251969
0.0534305
0.0814839
0.1071948
0.1327182
0.1607167
0.1893855
0.2128414
0.2282711
0.2412585
0.2609266
0.2898712
0.3216697
0.3488616
0.3710152
0.3937806
0.4213510
0.4510694
0.4756721
0.4912339
0.5026816
0.5196734
0.5460146
0.5747259
0.5948164
0.6012379
0.5965712
0.5847818
0.5661108
0.5380180
0.4995518
0.4545283
0.4103892
0.3725509
0.3391408
0.3026871
0.2580503
0.2078001
0.1593074
0.1177946
0.0827463
0.0498236
0.0157104
-0.0178966
-0.0449297
-0.0606989
-0.0668489
-0.0692157
-0.0712550
-0.0717545
-0.0691790
-0.0659704
-0.0673116
-0.0763038
-0.0904728
-0.1024937
-0.1053844
-0.0988257
-0.0903158
-0.0887571
-0.0967698
-0.1096701
-0.1208911
-0.1273443
-0.1306939
-0.1350154
-0.1426021
-0.1508967
-0.1543197
-0.1501687
-0.1417791
-0.1348701
-0.1319146
-0.1312911
-0.1308077
-0.1304338
-0.1318779
-0.1364017
-0.1428757
-0.1478739
-0.1484617
-0.1450318
-0.1406911
-0.1382591
-0.1389325
-0.1428332
-0.1483887
-0.1513460
-0.1473840
-0.1370245
-0.1261772
-0.1204635
-0.1198224
-0.1193843
-0.1149980
-0.1076166
-0.1027248
-0.1051967
-0.1141119
-0.1232399
-0.1274298
-0.1277052
-0.1290855
-0.1344236
-0.1417743
-0.1470209
-0.1476348
-0.1444327
-0.1409984
-0.1410058
-0.1450676
-0.1505193
-0.1547659
-0.1579459
-0.1616804
-0.1662868
-0.1701025
-0.1708496
-0.1674348
-0.1617200
-0.1587865
-0.1633630
-0.1744952
-0.1849478
-0.1875681
-0.1822400
-0.1759838
-0.1762408
-0.1838353
-0.1919903
-0.1926723
-0.1847276
-0.1751988
-0.1716314
-0.1740153
-0.1759307
-0.1728066
-0.1667299
-0.1630390
-0.1642009
-0.1676502
-0.1683618
-0.1631783
-0.1537236
-0.1455310
-0.1436415
-0.1485964
-0.1564725
-0.1622209
-0.1631827
-0.1609863
-0.1608045
-0.1671937
-0.1791025
-0.1896478
-0.1920594
-0.1857291
-0.1762066
-0.1701718
-0.1706470
-0.1756229
-0.1803508
-0.1818717
-0.1819976
-0.1849534
-0.1916216
-0.1973872
-0.1967119
-0.1892512
-0.1806990
-0.1777100
-0.1819420
-0.1886802
-0.1916440
-0.1896928
-0.1880578
-0.1919988
-0.2002080
-0.2061221
-0.2051073
-0.1982745
-0.1891718
-0.1788459
-0.1652543
-0.1465693
-0.1239563
-0.1008824
-0.0798112
-0.0600329
-0.0391456
-0.0151479
0.0162430
0.0673258
0.1575337
0.3015398
0.4964699
0.7220651
0.9531802
1.1687613
1.3450645
1.4411765
1.4002660
1.1806958
0.7998447
0.3496980
-0.0417149
-0.2810949
-0.3574691
-0.3301930
-0.2741487
-0.2318567
-0.2060821
-0.1846825
-0.1648172
-0.1544867
-0.1580640
-0.1676983
-0.1708706
-0.1631783
-0.1508883
-0.1425072
-0.1408418
-0.1427586
-0.1435518
-0.1407114
-0.1357120
-0.1335200
-0.1388765
-0.1510533
-0.1620247
-0.1611545
-0.1436092
-0.1155347
-0.0904377
-0.0783434
-0.0772504
-0.0760031
-0.0663048
-0.0511297
-0.0407017
-0.0411445
-0.0479784
-0.0502490
-0.0405880
-0.0220274
-0.0055046
0.0000697
-0.0040931
-0.0087415
-0.0065992
0.0007321
0.0059952
0.0049789
0.0010731
0.0018587
0.0120515
0.0296610
0.0485363
0.0642888
0.0774612
0.0914009
0.1085003
0.1290585
0.1520635
0.1753230
0.1958960
0.2127763
0.2292513
0.2506234
0.2787545
0.3098933
0.3385879
0.3632229
0.3872581
0.4152167
0.4475847
0.4795113
0.5044001
0.5185931
0.5226416
0.5191657
0.5107595
0.4991795
0.4841552
0.4623960
0.4300128
0.3876321
0.3419681
0.3005872
0.2653967
0.2324796
0.1981297
0.1637702
0.1343188
0.1121775
0.0937430
0.0725885
0.0459946
0.0173706
-0.0081180
-0.0290598
-0.0479349
-0.0669530
-0.0855203
-0.1013317
-0.1120691
-0.1160377
-0.1132846
-0.1072756
-0.1042048
-0.1087698
-0.1199132
-0.1310939
-0.1355998
-0.1324001
-0.1267904
-0.1245677
-0.1254371
-0.1229868
-0.1115112
-0.0921735
-0.0722891
-0.0594992
-0.0567367
-0.0611486
-0.0665919
-0.0681342
-0.0657825
-0.0639450
-0.0664093
-0.0717519
-0.0742517
-0.0695892
-0.0596079
-0.0513970
-0.0513521
-0.0596582
-0.0705155
-0.0777969
-0.0801749
-0.0809221
-0.0841228
-0.0920176
-0.1046098
-0.1196487
-0.1331705
-0.1422894
-0.1484019
-0.1562441
-0.1685081
-0.1819452
-0.1900258
-0.1897906
-0.1855105
-0.1848456
-0.1910953
-0.1996747
-0.2028018
-0.1972981
-0.1869137
-0.1773724
-0.1707347
-0.1649673
-0.1572666
-0.1465629
-0.1340680
-0.1231622
-0.1181526
-0.1208753
-0.1274489
-0.1294758
-0.1203373
-0.1015247
-0.0826918
-0.0742671
-0.0787427
-0.0889338
-0.0950760
-0.0934905
-0.0881953
-0.0850323
-0.0854741
-0.0858992
-0.0815681
-0.0709859
-0.0573091
-0.0458432
-0.0394455
-0.0358935
-0.0297091
-0.0156356
0.0114020
0.0601047
0.1442719
0.2769993
0.4609545
0.6835620
0.9209692
1.1438832
1.3156964
1.3860440
1.2979704
1.0206714
0.5897495
0.1147128
-0.2679961
-0.4692074
-0.4914323
-0.4096254
-0.3092754
-0.2354904
-0.1882284
-0.1522354
-0.1233752
-0.1082801
-0.1084305
-0.1135541
-0.1119188
-0.1026388
-0.0946228
-0.0946886
-0.0995071
-0.0998212
-0.0910491
-0.0783531
-0.0712136
-0.0738733
-0.0819056
-0.0879141
-0.0893206
-0.0898227
-0.0942553
-0.1036118
-0.1149972
-0.1247304
-0.1304520
-0.1312213
-0.1275100
-0.1219671
-0.1190709
-0.1218963
-0.1282618
-0.1314707
-0.1269233
-0.1177896
-0.1117379
-0.1109261
-0.1072900
-0.0903416
-0.0594053
-0.0257657
-0.0015400
0.0123899
0.0260499
0.0486244
0.0788582
0.1078794
0.1300393
0.1487406
0.1713510
0.2005705
0.2324851
0.2618315
0.2867509
0.3084644
0.3289367
0.3503693
0.3752685
0.4043788
0.4342017
0.4585158
0.4741286
0.4849790
0.4989778
0.5195783
0.5407852
0.5516638
0.5461763
0.5278871
0.5046820
0.4798561
0.4494633
0.4081056
0.3561451
0.3007142
0.2500368
0.2071448
0.1690076
0.1312398
0.0929290
0.0565410
0.0238993
-0.0062091
-0.0357581
-0.0636843
-0.0855997
-0.0976355
-0.1002168
-0.0978283
-0.0951864
-0.0937264
-0.0916902
-0.0872986
-0.0814787
-0.0774491
-0.0779120
-0.0826427
-0.0882853
-0.0902976
-0.0859918
-0.0768709
-0.0680897
-0.0646900
-0.0676318
-0.0734417
-0.0777319
-0.0789426
-0.0789698
-0.0808576
-0.0860972
-0.0935137
-0.1000402
-0.1027299
-0.1010530
-0.0981623
-0.0996787
-0.1098503
-0.1276784
-0.1469663
-0.1612264
-0.1689880
-0.1738423
-0.1792293
-0.1841301
-0.1846269
-0.1790991
-0.1706956
-0.1644085
-0.1624292
-0.1629021
-0.1628429
-0.1615054
-0.1606887
-0.1623069
-0.1661785
-0.1698345
-0.1696569
-0.1623367
-0.1468439
-0.1265262
-0.1088406
-0.1008547
-0.1033311
-0.1094618
-0.1107356
-0.1047954
-0.0972343
-0.0952379
-0.0997805
-0.1048414
-0.1043637
-0.0989241
-0.0945895
-0.0958399
-0.1013373
-0.1071640
-0.1124517
-0.1197295
-0.1299719
-0.1397131
-0.1447603
-0.1458605
-0.1485108
-0.1564398
-0.1667475
-0.1731451
-0.1737454
-0.1739879
-0.1810590
-0.1963030
-0.2140002
-0.2268906
-0.2316865
-0.2297448
-0.2245752
-0.2198019
-0.2178614
-0.2181091
-0.2158846
-0.2056454
-0.1868894
-0.1663569
-0.1524989
-0.1473311
-0.1451212
-0.1398785
-0.1326350
-0.1293596
-0.1322137
-0.1357788
-0.1336944
-0.1272727
-0.1243394
-0.1289145
-0.1348139
-0.1322428
-0.1201694
-0.1091666
-0.1103432
-0.1229905
-0.1355271
-0.1385041
-0.1341593
-0.1317484
-0.1354350
-0.1400239
-0.1391298
-0.1344619
-0.1338657
-0.1406118
-0.1480835
-0.1474720
-0.1393316
-0.1340658
-0.1394885
-0.1497920
-0.1493590
-0.1273332
-0.0857436
-0.0314154
0.0386279
0.1402327
0.2886206
0.4824363
0.7018366
0.9196057
1.1083268
1.2333343
1.2444631
1.0903036
0.7582315
0.3094176
-0.1310341
-0.4355250
-0.5458403
-0.4993553
-0.3897672
-0.2976802
-0.2480961
-0.2212079
-0.1929295
-0.1615511
-0.1410802
-0.1388273
-0.1457087
-0.1471733
-0.1385440
-0.1269908
-0.1205369
-0.1189209
-0.1164007
-0.1110004
-0.1077421
-0.1121582
-0.1227788
-0.1321301
-0.1349827
-0.1338359
-0.1351197
-0.1406729
-0.1446764
-0.1400141
-0.1270322
-0.1144000
-0.1104088
-0.1141018
-0.1162299
-0.1091103
-0.0945750
-0.0816065
-0.0767504
-0.0777545
-0.0766809
-0.0685205
-0.0560895
-0.0464145
-0.0427129
-0.0403722
-0.0310408
-0.0107672
0.0157397
0.0388547
0.0524754
0.0595039
0.0691261
0.0880811
0.1142572
0.1392764
0.1576210
0.1725394
0.1922240
0.2205622
0.2527876
0.2806633
0.3011849
0.3192493
0.3417959
0.3703495
0.4002538
0.4268335
0.4506257
0.4752934
0.5011313
0.5226389
0.5334981
0.5330457
0.5265097
0.5187482
0.5087369
0.4910589
0.4626544
0.4270926
0.3913311
0.3586012
0.3257831
0.2883525
0.2466984
0.2059706
0.1699052
0.1367138
0.1024159
0.0675592
0.0388020
0.0226101
0.0176302
0.0145781
0.0047022
-0.0118362
-0.0268517
-0.0334241
-0.0333665
-0.0349468
-0.0439458
-0.0578542
-0.0686598
-0.0704879
-0.0643192
-0.0559567
-0.0503025
-0.0480625
-0.0475960
-0.0486355
-0.0528816
-0.0609310
-0.0698483
-0.0748902
-0.0738733
-0.0696392
-0.0679415
-0.0724613
-0.0815841
-0.0903218
-0.0956783
-0.0995939
-0.1058701
-0.1145820
-0.1208778
-0.1199919
-0.1128437
-0.1057882
-0.1046073
-0.1090709
-0.1137733
-0.1142494
-0.1115850
-0.1103872
-0.1127910
-0.1159769
-0.1161353
-0.1135687
-0.1124463
-0.1157995
-0.1220759
-0.1271511
-0.1291423
-0.1304678
-0.1347371
-0.1415863
-0.1451672
-0.1386833
-0.1208629
-0.0976689
-0.0774104
-0.0643396
-0.0569097
-0.0515518
-0.0474542
-0.0473880
-0.0538402
-0.0647307
-0.0739363
-0.0767412
-0.0741834
-0.0710890
-0.0702412
-0.0697608
-0.0662093
-0.0586945
-0.0488926
-0.0376775
-0.0226161
0.0017506
0.0427731
0.1096861
0.2132113
0.3614700
0.5526951
0.7708232
0.9887978
1.1755400
1.2980114
1.3187878
1.2016119
0.9331618
0.5484198
0.1333202
-0.2083918
-0.4063135
-0.4560944
-0.4100192
-0.3354730
-0.2752921
-0.2369421
-0.2086843
-0.1802517
-0.1505389
-0.1233641
-0.1018787
-0.0871430
-0.0788381
-0.0754456
-0.0745197
-0.0744062
-0.0761432
-0.0824848
-0.0935232
-0.1035085
-0.1043368
-0.0940204
-0.0806815
-0.0757122
-0.0823296
-0.0923635
-0.0953825
-0.0901865
-0.0858634
-0.0910078
-0.1027085
-0.1078198
-0.0963087
-0.0727251
-0.0526326
-0.0471230
-0.0523312
-0.0552245
-0.0482595
-0.0362517
-0.0289661
-0.0290076
-0.0284499
-0.0171013
0.0070737
0.0365316
0.0627113
0.0845815
0.1077748
0.1363667
0.1675869
0.1950591
0.2158000
0.2330917
0.2530460
0.2788208
0.3076852
0.3334251
0.3521583
0.3662051
0.3820662
0.4044538
0.4322468
0.4597963
0.4817985
0.4974635
0.5106870
0.5258934
0.5431135
0.5574118
0.5635553
0.5605616
0.5508498
0.5356049
0.5124445
0.4781203
0.4330534
0.3828856
0.3352197
0.2940009
0.2566290
0.2171264
0.1727639
0.1275447
0.0891885
0.0629214
0.0476236
0.0368559
0.0237311
0.0063297
-0.0108940
-0.0219335
-0.0260790
-0.0293087
-0.0384335
-0.0545989
-0.0731245
-0.0890680
-0.1020122
-0.1151992
-0.1303287
-0.1439499
-0.1500424
-0.1465349
-0.1382930
-0.1327618
-0.1332824
-0.1375118
-0.1415071
-0.1438542
-0.1460024
-0.1498904
-0.1554937
-0.1600519
-0.1599409
-0.1542259
-0.1464194
-0.1420051
-0.1438557
-0.1499715
-0.1554064
-0.1565502
-0.1542946
-0.1530541
-0.1557083
-0.1593319
-0.1572461
-0.1461226
-0.1302138
-0.1177052
-0.1132876
-0.1147145
-0.1160839
-0.1140506
-0.1111806
-0.1133261
-0.1232688
-0.1370560
-0.1472456
-0.1497284
-0.1469766
-0.1452359
-0.1494151
-0.1598737
-0.1724152
-0.1813833
-0.1843909
-0.1846865
-0.1880072
-0.1965742
-0.2065555
-0.2115208
-0.2081601
-0.1989877
-0.1899967
-0.1854881
-0.1849134
-0.1850193
-0.1847066
-0.1863122
-0.1915806
-0.1979407
-0.2002416
-0.1957130
-0.1864260
-0.1774434
-0.1731141
-0.1742429
-0.1778264
-0.1798372
-0.1787961
-0.1763480
-0.1743598
-0.1724021
-0.1685739
-0.1622795
-0.1559521
-0.1542770
-0.1610354
-0.1754587
-0.1918973
-0.2044942
-0.2124127
-0.2194232
-0.2283590
-0.2372565
-0.2412668
-0.2374073
-0.2271795
-0.2153643
-0.2066205
-0.2028146
-0.2032015
-0.2064093
-0.2109650
-0.2139702
-0.2115919
-0.2026472
-0.1906433
-0.1806141
-0.1745659
-0.1713698
-0.1702033
-0.1719251
-0.1767115
-0.1818377
-0.1829480
-0.1776900
-0.1679001
-0.1576884
-0.1490102
-0.1399533
-0.1284906
-0.1170478
-0.1111943
-0.1135552
-0.1208151
-0.1272762
-0.1299510
-0.1298981
-0.1304288
-0.1348665
-0.1443936
-0.1565103
-0.1661083
-0.1692841
-0.1666264
-0.1629401
-0.1635637
-0.1699629
-0.1783086
-0.1832789
-0.1840222
-0.1851790
-0.1907482
-0.1981380
-0.2003379
-0.1938532
-0.1830097
-0.1762175
-0.1786009
-0.1878196
-0.1963278
-0.1982329
-0.1947357
-0.1925561
-0.1968163
-0.2062298
-0.2151872
-0.2188305
-0.2153512
-0.2051722
-0.1897774
-0.1710658
-0.1509367
-0.1315676
-0.1158805
-0.1064880
-0.1035694
-0.1044265
-0.1054179
-0.1041282
-0.1006113
-0.0979178
-0.1006003
-0.1103611
-0.1228630
-0.1308485
-0.1314147
-0.1291603
-0.1312947
-0.1398118
-0.1485286
-0.1480728
-0.1351226
-0.1173659
-0.1074928
-0.1103699
-0.1172375
-0.1147856
-0.0995499
-0.0812268
-0.0715281
-0.0713046
-0.0690637
-0.0507522
-0.0093581
0.0558594
0.1484063
0.2787716
0.4550058
0.6680038
0.8882765
1.0776669
1.2018714
1.2325326
1.1459606
0.9319876
0.6116722
0.2460210
-0.0801471
-0.2955998
-0.3777036
-0.3589053
-0.2992540
-0.2471953
-0.2184592
-0.2031248
-0.1865731
-0.1645932
-0.1443748
-0.1353668
-0.1394868
-0.1492799
-0.1552578
-0.1544182
-0.1512362
-0.1515298
-0.1565143
-0.1618562
-0.1611811
-0.1514321
-0.1363759
-0.1242859
-0.1207709
-0.1240812
-0.1279970
-0.1282948
-0.1256164
-0.1233672
-0.1240895
-0.1269690
-0.1278966
-0.1229831
-0.1130148
-0.1035765
-0.0999256
-0.1023247
-0.1065313
-0.1076365
-0.1030925
-0.0932503
-0.0794690
-0.0611745
-0.0356438
-0.0024945
0.0322689
0.0594776
0.0749120
0.0825809
0.0894887
0.0987010
0.1080567
0.1143799
0.1182468
0.1248501
0.1396041
0.1622463
0.1863977
0.2062152
0.2224349
0.2403912
0.2631560
0.2884462
0.3116625
0.3304087
0.3464989
0.3646565
0.3884744
0.4164703
0.4426821
0.4617838
0.4726862
0.4768858
0.4752781
0.4679032
0.4554014
0.4392268
0.4208721
0.4011102
0.3789149
0.3513043
0.3162497
0.2762086
0.2369425
0.2022378
0.1714096
0.1424270
0.1157344
0.0942190
0.0804710
0.0741943
0.0712720
0.0659141
0.0554609
0.0429028
0.0330865
0.0265868
0.0186979
0.0042864
-0.0172109
-0.0406118
-0.0577537
-0.0632442
-0.0598226
-0.0572217
-0.0635170
-0.0776069
-0.0912287
-0.0975861
-0.0969618
-0.0949517
-0.0964711
-0.1008103
-0.1020651
-0.0957026
-0.0849640
-0.0786209
-0.0814214
-0.0888563
-0.0927401
-0.0901479
-0.0852374
-0.0835583
-0.0862555
-0.0897117
-0.0903661
-0.0896585
-0.0928238
-0.1014909
-0.1092599
-0.1076204
-0.0956970
-0.0810442
-0.0706532
-0.0640466
-0.0559192
-0.0432158
-0.0285820
-0.0182734
-0.0173151
-0.0258590
-0.0400144
-0.0560950
-0.0726298
-0.0878364
-0.0979242
-0.1004398
-0.0979804
-0.0962721
-0.0990865
-0.1061786
-0.1147619
-0.1214520
-0.1242004
-0.1241388
-0.1246547
-0.1274722
-0.1306664
-0.1313147
-0.1287627
-0.1246982
-0.1216470
-0.1219333
-0.1262641
-0.1326820
-0.1385484
-0.1436938
-0.1495268
-0.1550702
-0.1568623
-0.1539823
-0.1509743
-0.1540320
-0.1645111
-0.1760821
-0.1780612
-0.1636283
-0.1370284
-0.1110818
-0.0944629
-0.0821951
-0.0619415
-0.0295907
0.0045360
0.0258710
0.0300995
0.0267713
0.0297530
0.0456707
0.0737106
0.1180272
0.1969390
0.3326097
0.5283503
0.7597410
0.9902742
1.1897806
1.3309443
1.3725082
1.2621726
0.9732731
0.5474068
0.0973833
-0.2464824
-0.4114609
-0.4178045
-0.3458680
-0.2694682
-0.2165696
-0.1806513
-0.1525786
-0.1342970
-0.1293857
-0.1320838
-0.1304436
-0.1187088
-0.1038087
-0.0979136
-0.1049256
-0.1167524
-0.1237124
-0.1251877
-0.1271113
-0.1318609
-0.1353181
-0.1331654
-0.1257763
-0.1159802
-0.1046063
-0.0894816
-0.0684300
-0.0436966
-0.0231227
-0.0142699
-0.0160693
-0.0189533
-0.0153372
-0.0077947
-0.0047379
-0.0099822
-0.0188623
-0.0233372
-0.0192106
-0.0093336
-0.0005545
0.0037144
0.0079077
0.0192556
0.0385442
0.0588800
0.0739622
0.0842855
0.0941275
0.1054905
0.1169685
0.1271547
0.1380080
0.1549666
0.1823567
0.2171673
0.2494834
0.2721708
0.2887017
0.3080004
0.3328359
0.3575160
0.3769453
0.3938224
0.4152052
0.4438364
0.4742534
0.4977260
0.5116561
0.5232721
0.5411890
0.5631943
0.5765631
0.5722412
0.5544779
0.5333081
0.5112436
0.4819822
0.4405951
0.3905768
0.3401762
0.2938820
0.2487438
0.1997248
0.1487394
0.1056835
0.0773928
0.0576820
0.0335354
0.0010715
-0.0300524
-0.0496022
-0.0593128
-0.0695187
-0.0860048
-0.1032099
-0.1102812
-0.1031404
-0.0902693
-0.0850257
-0.0916167
-0.1015413
-0.1057154
-0.1061487
-0.1114168
-0.1235417
-0.1351078
-0.1388992
-0.1355792
-0.1309414
-0.1286868
-0.1272168
-0.1225587
-0.1140451
-0.1062336
-0.1031940
-0.1018419
-0.0953374
-0.0838956
-0.0770939
-0.0826607
-0.0971654
-0.1114368
-0.1221055
-0.1335930
-0.1496633
-0.1661019
-0.1727870
-0.1636509
-0.1453897
-0.1341227
-0.1399855
-0.1561545
-0.1669968
-0.1660745
-0.1613365
-0.1627921
-0.1704989
-0.1764367
-0.1744269
-0.1661326
-0.1590658
-0.1593990
-0.1657796
-0.1711044
-0.1712869
-0.1696822
-0.1709216
-0.1739453
-0.1747988
-0.1733224
-0.1723718
-0.1719817
-0.1686802
-0.1602181
-0.1480177
-0.1352514
-0.1241262
-0.1142038
-0.1029471
-0.0900260
-0.0809400
-0.0824728
-0.0937513
-0.1062424
-0.1142101
-0.1206794
-0.1307308
-0.1430675
-0.1514193
-0.1518181
-0.1462894
-0.1411360
-0.1424110
-0.1509601
-0.1615747
-0.1687513
-0.1721276
-0.1738451
-0.1731519
-0.1682539
-0.1618230
-0.1591650
-0.1611490
-0.1637256
-0.1645521
-0.1657902
-0.1697281
-0.1747467
-0.1761582
-0.1697349
-0.1558386
-0.1414755
-0.1355604
-0.1399907
-0.1482457
-0.1546756
-0.1610912
-0.1712422
-0.1830902
-0.1908201
-0.1916177
-0.1866596
-0.1776654
-0.1657326
-0.1520647
-0.1379662
-0.1256143
-0.1188421
-0.1198433
-0.1249349
-0.1276860
-0.1267459
-0.1264137
-0.1292987
-0.1333484
-0.1368452
-0.1412612
-0.1475255
-0.1533166
-0.1553656
-0.1518814
-0.1431602
-0.1327798
-0.1266727
-0.1269655
-0.1279889
-0.1224791
-0.1105060
-0.0984142
-0.0904467
-0.0851932
-0.0786423
-0.0670687
-0.0482376
-0.0218359
0.0145704
0.0724707
0.1702012
0.3182320
0.5082780
0.7190180
0.9270678
1.1061242
1.2181261
1.2145085
1.0561295
0.7434976
0.3371652
-0.0549432
-0.3281315
-0.4373258
-0.4130332
-0.3265949
-0.2407063
-0.1836595
-0.1534021
-0.1359519
-0.1226967
-0.1155986
-0.1180906
-0.1249302
-0.1258616
-0.1175466
-0.1062467
-0.0992744
-0.0987252
-0.1028184
-0.1084543
-0.1128227
-0.1161363
-0.1212999
-0.1278669
-0.1297717
-0.1233796
-0.1141241
-0.1099517
-0.1112928
-0.1127587
-0.1120671
-0.1121760
-0.1163334
-0.1246401
-0.1335814
-0.1370157
-0.1311234
-0.1200720
-0.1122921
-0.1096152
-0.1056692
-0.0968685
-0.0883274
-0.0853537
-0.0845221
-0.0768938
-0.0565293
-0.0243775
0.0119825
0.0419186
0.0601374
0.0720427
0.0861420
0.1022156
0.1131718
0.1177526
0.1242196
0.1406623
0.1671206
0.1974341
0.2244718
0.2448394
0.2627959
0.2871161
0.3195964
0.3503918
0.3703102
0.3837562
0.4028502
0.4316263
0.4621764
0.4840359
0.4923790
0.4896355
0.4831260
0.4780339
0.4699094
0.4486505
0.4124331
0.3718869
0.3374446
0.3086610
0.2790238
0.2446710
0.2049154
0.1606192
0.1157793
0.0754946
0.0401310
0.0067460
-0.0231796
-0.0442340
-0.0559702
-0.0640973
-0.0717975
-0.0766093
-0.0766755
-0.0740282
-0.0718551
-0.0738924
-0.0842816
-0.1014307
-0.1148480
-0.1157011
-0.1082616
-0.1038314
-0.1063008
-0.1109555
-0.1142376
-0.1169293
-0.1200615
-0.1240461
-0.1292309
-0.1327839
-0.1297181
-0.1215136
-0.1175875
-0.1229888
-0.1309992
-0.1332090
-0.1304160
-0.1284667
-0.1298525
-0.1340255
-0.1394710
-0.1417697
-0.1366538
-0.1279597
-0.1249302
-0.1292095
-0.1327003
-0.1304511
-0.1272060
-0.1291665
-0.1371585
-0.1487014
-0.1587314
-0.1588962
-0.1454544
-0.1274060
-0.1176573
-0.1171807
-0.1168519
-0.1126729
-0.1091906
-0.1096080
-0.1119886
-0.1137737
-0.1126039
-0.1061910
-0.0983573
-0.0994729
-0.1129850
-0.1280066
-0.1335951
-0.1332843
-0.1367508
-0.1443980
-0.1493150
-0.1481334
-0.1422255
-0.1346078
-0.1314542
-0.1387038
-0.1521707
-0.1601904
-0.1603618
-0.1630265
-0.1738157
-0.1843244
-0.1850756
-0.1769142
-0.1656280
-0.1559326
-0.1531141
-0.1591642
-0.1657855
-0.1630015
-0.1549697
-0.1547475
-0.1639555
-0.1708179
-0.1674459
-0.1560417
-0.1399439
-0.1218196
-0.1081698
-0.1025812
-0.0977507
-0.0861979
-0.0735630
-0.0690136
-0.0691664
-0.0641248
-0.0519618
-0.0347421
-0.0081064
0.0342315
0.0956535
0.1863315
0.3239334
0.5110009
0.7225248
0.9261233
1.1001152
1.2200848
1.2440212
1.1296941
0.8658453
0.4877876
0.0767517
-0.2609057
-0.4464990
-0.4801007
-0.4285047
-0.3587199
-0.2967874
-0.2446370
-0.2048249
-0.1786368
-0.1623674
-0.1549791
-0.1554345
-0.1540314
-0.1446248
-0.1400835
-0.1537523
-0.1724032
-0.1719358
-0.1527297
-0.1343804
-0.1237061
-0.1135462
-0.1038851
-0.0986426
-0.0918202
-0.0804299
-0.0774037
-0.0886858
-0.0953602
-0.0825074
-0.0652238
-0.0615197
-0.0625517
-0.0545103
-0.0446336
-0.0411384
-0.0350089
-0.0245117
-0.0264226
-0.0411749
-0.0423014
-0.0215686
-0.0054022
-0.0066804
-0.0038847
0.0131879
0.0252992
0.0284127
0.0434566
0.0671121
0.0722768
0.0691751
0.0977423
0.1486258
0.1694842
0.1602439
0.1744002
0.2155043
0.2321467
0.2265691
0.2539176
0.3017298
0.3054975
0.3013799
0.3949162
0.5306375
0.4854447
0.1921094
