0.0495558
0.0161681
0.0604561
0.0864741
0.0707716
0.0607617
0.0747140
0.0837582
0.0777135
0.0781812
0.0889789
0.0900728
0.0806100
0.0811970
0.0937240
0.0989435
0.0927198
0.0896356
0.0930804
0.0932910
0.0916063
0.0975689
0.1054743
0.1003118
0.0839163
0.0723303
0.0710292
0.0724900
0.0728675
0.0730257
0.0692716
0.0594991
0.0519365
0.0535214
0.0572347
0.0536880
0.0465014
0.0442847
0.0466696
0.0494403
0.0539892
0.0612627
0.0657048
0.0646782
0.0648272
0.0709102
0.0773624
0.0779955
0.0751714
0.0736005
0.0739782
0.0771539
0.0850972
0.0939549
0.0958697
0.0911090
0.0889969
0.0939543
0.0994822
0.0979632
0.0880307
0.0715877
0.0524324
0.0382371
0.0349409
0.0383071
0.0382999
0.0313029
0.0214751
0.0124647
0.0052487
0.0014314
0.0008489
-0.0015839
-0.0092176
-0.0164613
-0.0151582
-0.0056041
0.0048012
0.0108533
0.0121879
0.0104601
0.0091934
0.0126668
0.0201328
0.0248647
0.0229174
0.0188074
0.0192829
0.0258620
0.0358218
0.0451239
0.0482288
0.0414979
0.0298843
0.0243451
0.0295238
0.0392486
0.0465973
0.0528173
0.0632486
0.0786172
0.0928120
0.0969802
0.0864005
0.0667374
0.0515688
0.0488412
0.0517776
0.0487501
0.0399251
0.0376453
0.0524419
0.0869878
0.1447183
0.2370600
0.3776973
0.5703730
0.8016248
1.0432410
1.2615029
1.4231107
1.4906647
1.4203160
1.1835582
0.8060599
0.3805060
0.0253341
-0.1820684
-0.2414127
-0.2107042
-0.1569084
-0.1169760
-0.0926390
-0.0723461
-0.0527117
-0.0385893
-0.0302191
-0.0207508
-0.0074538
0.0025613
0.0013877
-0.0097039
-0.0223406
-0.0298698
-0.0322802
-0.0350353
-0.0439573
-0.0589040
-0.0726160
-0.0783441
-0.0777097
-0.0780939
-0.0836582
-0.0923769
-0.1003318
-0.1048659
-0.1045863
-0.1003378
-0.0957950
-0.0939143
-0.0932368
-0.0899084
-0.0821901
-0.0712438
-0.0595645
-0.0504607
-0.0461689
-0.0438267
-0.0359170
-0.0176805
0.0075658
0.0323282
0.0520975
0.0674036
0.0816508
0.0986117
0.1193216
0.1396949
0.1535649
0.1594784
0.1624755
0.1686192
0.1800617
0.1952917
0.2109078
0.2229002
0.2297594
0.2352382
0.2451757
0.2608095
0.2773862
0.2893587
0.2948003
0.2953880
0.2947227
0.2961657
0.2998147
0.3021118
0.3003604
0.2961823
0.2920016
0.2856331
0.2714539
0.2464384
0.2130454
0.1770460
0.1438981
0.1155394
0.0891654
0.0611545
0.0337591
0.0153219
0.0113357
0.0168752
0.0199747
0.0116485
-0.0078555
-0.0303357
-0.0460626
-0.0515317
-0.0526736
-0.0589857
-0.0736612
-0.0908919
-0.1027790
-0.1067155
-0.1061754
-0.1070518
-0.1135611
-0.1251436
-0.1368081
-0.1444267
-0.1495603
-0.1570748
-0.1686466
-0.1811742
-0.1912107
-0.1983885
-0.2046162
-0.2121726
-0.2224868
-0.2348694
-0.2465460
-0.2551729
-0.2605741
-0.2629737
-0.2610222
-0.2531371
-0.2396174
-0.2224734
-0.2050359
-0.1926438
-0.1906716
-0.1992005
-0.2113372
-0.2193251
-0.2216483
-0.2228485
-0.2275835
-0.2360911
-0.2443319
-0.2475760
-0.2447626
-0.2397076
-0.2370443
-0.2374076
-0.2382640
-0.2386310
-0.2402058
-0.2439312
-0.2482922
-0.2514619
-0.2527702
-0.2517801
-0.2483753
-0.2443700
-0.2429384
-0.2455858
-0.2508118
-0.2558691
-0.2588758
-0.2596724
-0.2597525
-0.2608733
-0.2630455
-0.2649851
-0.2668866
-0.2702026
-0.2730970
-0.2689954
-0.2530975
-0.2294145
-0.2084195
-0.1974691
-0.1949289
-0.1934805
-0.1881858
-0.1815946
-0.1813252
-0.1920117
-0.2098414
-0.2263174
-0.2369390
-0.2440622
-0.2515019
-0.2593298
-0.2648875
-0.2664046
-0.2643040
-0.2607362
-0.2588383
-0.2607744
-0.2653798
-0.2688246
-0.2683976
-0.2650794
-0.2623299
-0.2627819
-0.2654062
-0.2653039
-0.2578956
-0.2449350
-0.2348148
-0.2344746
-0.2417699
-0.2481347
-0.2482726
-0.2449041
-0.2438914
-0.2465997
-0.2478134
-0.2407969
-0.2246177
-0.2063951
-0.1950009
-0.1921599
-0.1914041
-0.1864142
-0.1783436
-0.1736194
-0.1762943
-0.1843296
-0.1924883
-0.1975039
-0.2007290
-0.2060848
-0.2148650
-0.2230888
-0.2256837
-0.2231194
-0.2216360
-0.2261664
-0.2347449
-0.2408157
-0.2400232
-0.2342874
-0.2299971
-0.2320764
-0.2388712
-0.2432955
-0.2401306
-0.2315413
-0.2240353
-0.2207697
-0.2186137
-0.2123734
-0.2002355
-0.1852438
-0.1727749
-0.1663444
-0.1647866
-0.1637941
-0.1608504
-0.1578587
-0.1582400
-0.1626047
-0.1682970
-0.1721838
-0.1729219
-0.1715089
-0.1706177
-0.1725424
-0.1770058
-0.1817064
-0.1852464
-0.1882269
-0.1911307
-0.1928238
-0.1921257
-0.1897347
-0.1877300
-0.1877691
-0.1899066
-0.1923534
-0.1926574
-0.1904345
-0.1887304
-0.1910249
-0.1965906
-0.2000844
-0.1961053
-0.1836175
-0.1665409
-0.1511912
-0.1424297
-0.1404673
-0.1412313
-0.1408821
-0.1398231
-0.1414492
-0.1474632
-0.1554405
-0.1607102
-0.1601276
-0.1548380
-0.1499380
-0.1502176
-0.1552701
-0.1598838
-0.1601394
-0.1576549
-0.1562923
-0.1558670
-0.1514335
-0.1392810
-0.1223828
-0.1085498
-0.1023196
-0.0989580
-0.0883439
-0.0657308
-0.0357424
-0.0015395
0.0492697
0.1420470
0.2940227
0.4964445
0.7196438
0.9340897
1.1217845
1.2641048
1.3220461
1.2399726
0.9841988
0.5879981
0.1565697
-0.1846263
-0.3617922
-0.3874887
-0.3340986
-0.2747153
-0.2410665
-0.2243644
-0.2053208
-0.1796826
-0.1584125
-0.1506297
-0.1526525
-0.1541667
-0.1505779
-0.1459648
-0.1455556
-0.1486901
-0.1497697
-0.1445304
-0.1345468
-0.1257351
-0.1223883
-0.1227614
-0.1210299
-0.1135242
-0.1023793
-0.0932865
-0.0905281
-0.0937577
-0.0982352
-0.0983969
-0.0928471
-0.0861104
-0.0840357
-0.0870760
-0.0893386
-0.0847236
-0.0730108
-0.0594695
-0.0492080
-0.0422874
-0.0341545
-0.0210489
-0.0050735
0.0070756
0.0112859
0.0112133
0.0152675
0.0287769
0.0496658
0.0709934
0.0868908
0.0969625
0.1061902
0.1201900
0.1396701
0.1598977
0.1762296
0.1895894
0.2057232
0.2293136
0.2591526
0.2887459
0.3117496
0.3276474
0.3421061
0.3608453
0.3833567
0.4040188
0.4193203
0.4319956
0.4470007
0.4646082
0.4786887
0.4815993
0.4705403
0.4497249
0.4266391
0.4057643
0.3857258
0.3624493
0.3343110
0.3036006
0.2737571
0.2462075
0.2195061
0.1908417
0.1590609
0.1269651
0.0995290
0.0784093
0.0589960
0.0348553
0.0054004
-0.0221073
-0.0388715
-0.0426922
-0.0398783
-0.0393163
-0.0445462
-0.0517206
-0.0554280
-0.0554832
-0.0564563
-0.0609381
-0.0657040
-0.0657377
-0.0605834
-0.0551220
-0.0543735
-0.0583920
-0.0622212
-0.0606939
-0.0536136
-0.0461276
-0.0433653
-0.0447863
-0.0446023
-0.0378426
-0.0254127
-0.0132950
-0.0073661
-0.0086804
-0.0130523
-0.0154459
-0.0153004
-0.0169281
-0.0238582
-0.0336126
-0.0396076
-0.0382244
-0.0328468
-0.0306098
-0.0357226
-0.0460318
-0.0557238
-0.0613484
-0.0651131
-0.0717792
-0.0824729
-0.0927236
-0.0971706
-0.0953688
-0.0923401
-0.0939888
-0.1022128
-0.1134988
-0.1217068
-0.1231493
-0.1198451
-0.1173930
-0.1190425
-0.1220725
-0.1203426
-0.1104111
-0.0954321
-0.0833599
-0.0805930
-0.0862300
-0.0927178
-0.0931495
-0.0878106
-0.0825778
-0.0812315
-0.0810195
-0.0764325
-0.0661995
-0.0553707
-0.0504190
-0.0527910
-0.0578496
-0.0604877
-0.0611147
-0.0647028
-0.0737183
-0.0836722
-0.0869750
-0.0804955
-0.0683413
-0.0577933
-0.0532717
-0.0533538
-0.0523798
-0.0453913
-0.0326259
-0.0184958
-0.0038455
0.0220764
0.0805305
0.1906857
0.3547250
0.5545390
0.7643970
0.9665803
1.1504737
1.2928488
1.3434536
1.2428642
0.9681750
0.5678651
0.1497808
-0.1740362
-0.3446203
-0.3747851
-0.3228495
-0.2492107
-0.1888275
-0.1503196
-0.1287579
-0.1160222
-0.1050305
-0.0921974
-0.0790561
-0.0701133
-0.0677490
-0.0695280
-0.0707167
-0.0688017
-0.0652609
-0.0633253
-0.0643067
-0.0661695
-0.0658448
-0.0627861
-0.0595934
-0.0589016
-0.0602798
-0.0607096
-0.0579192
-0.0530382
-0.0499422
-0.0514175
-0.0553636
-0.0556128
-0.0481522
-0.0364867
-0.0289088
-0.0295405
-0.0335355
-0.0326076
-0.0245453
-0.0154339
-0.0119912
-0.0130136
-0.0100548
0.0030520
0.0227927
0.0398587
0.0501636
0.0595786
0.0763742
0.1009316
0.1256720
0.1447765
0.1610841
0.1820427
0.2105491
0.2419543
0.2701764
0.2949842
0.3215692
0.3530481
0.3854552
0.4120750
0.4320450
0.4520044
0.4780501
0.5078438
0.5326679
0.5467203
0.5523821
0.5556934
0.5579500
0.5534353
0.5360589
0.5073275
0.4759310
0.4485365
0.4223284
0.3887008
0.3442429
0.2959297
0.2542658
0.2225311
0.1944567
0.1624669
0.1268004
0.0953400
0.0745313
0.0617792
0.0481516
0.0282062
0.0051292
-0.0146950
-0.0301186
-0.0457182
-0.0643852
-0.0823638
-0.0933099
-0.0960645
-0.0963889
-0.1005813
-0.1086662
-0.1152540
-0.1168585
-0.1163875
-0.1189723
-0.1246895
-0.1281799
-0.1259039
-0.1211096
-0.1196199
-0.1222373
-0.1241980
-0.1224838
-0.1212064
-0.1274815
-0.1420970
-0.1562710
-0.1594629
-0.1503257
-0.1383100
-0.1335876
-0.1367284
-0.1399899
-0.1380339
-0.1347663
-0.1383459
-0.1507087
-0.1638249
-0.1668983
-0.1570162
-0.1423487
-0.1344558
-0.1372430
-0.1437886
-0.1442068
-0.1360076
-0.1261020
-0.1230990
-0.1286710
-0.1367065
-0.1402477
-0.1385205
-0.1368247
-0.1397874
-0.1458472
-0.1495487
-0.1487838
-0.1476855
-0.1512430
-0.1584909
-0.1631895
-0.1615300
-0.1576196
-0.1599385
-0.1722506
-0.1888544
-0.1996986
-0.2001962
-0.1950061
-0.1915617
-0.1910134
-0.1873128
-0.1752919
-0.1579686
-0.1447499
-0.1428486
-0.1509956
-0.1611115
-0.1654783
-0.1624671
-0.1561376
-0.1511624
-0.1485879
-0.1461084
-0.1414039
-0.1347214
-0.1288705
-0.1272868
-0.1314507
-0.1392497
-0.1460992
-0.1486361
-0.1475780
-0.1464984
-0.1476136
-0.1490702
-0.1466739
-0.1385729
-0.1284694
-0.1237868
-0.1295920
-0.1437591
-0.1585968
-0.1676926
-0.1708355
-0.1720324
-0.1735140
-0.1727064
-0.1650769
-0.1490963
-0.1277750
-0.1055142
-0.0841068
-0.0618200
-0.0346124
0.0044656
0.0675369
0.1699449
0.3211016
0.5153035
0.7326365
0.9487649
1.1404311
1.2786987
1.3207918
1.2202909
0.9592819
0.5786175
0.1741545
-0.1481241
-0.3277395
-0.3735602
-0.3407327
-0.2856542
-0.2370697
-0.1985489
-0.1670893
-0.1447311
-0.1357770
-0.1393383
-0.1484629
-0.1562562
-0.1609481
-0.1645020
-0.1678732
-0.1692375
-0.1664720
-0.1597968
-0.1515865
-0.1445913
-0.1405912
-0.1394506
-0.1384955
-0.1337737
-0.1236250
-0.1113582
-0.1032365
-0.1026207
-0.1060038
-0.1057380
-0.0976029
-0.0856053
-0.0783615
-0.0802553
-0.0867895
-0.0892536
-0.0834272
-0.0729203
-0.0644115
-0.0607439
-0.0588127
-0.0532198
-0.0413658
-0.0253823
-0.0097836
0.0025207
0.0121419
0.0218222
0.0338486
0.0488897
0.0665031
0.0857619
0.1051323
0.1223285
0.1352756
0.1441423
0.1526178
0.1661998
0.1879243
0.2155583
0.2436890
0.2686592
0.2907273
0.3115107
0.3309614
0.3481713
0.3642974
0.3824558
0.4034604
0.4224484
0.4315468
0.4269770
0.4130235
0.3977535
0.3845512
0.3689109
0.3442685
0.3101378
0.2733023
0.2412308
0.2154763
0.1916824
0.1648996
0.1341247
0.1023571
0.0735399
0.0499095
0.0314876
0.0168355
0.0038494
-0.0091576
-0.0218033
-0.0311856
-0.0346494
-0.0339272
-0.0355162
-0.0453207
-0.0625444
-0.0796600
-0.0889150
-0.0886371
-0.0829853
-0.0761684
-0.0681336
-0.0566568
-0.0429139
-0.0330783
-0.0330685
-0.0421773
-0.0532144
-0.0593356
-0.0600942
-0.0605419
-0.0650894
-0.0728444
-0.0787368
-0.0787479
-0.0739871
-0.0698074
-0.0709202
-0.0772365
-0.0842816
-0.0874533
-0.0859166
-0.0828037
-0.0820231
-0.0847341
-0.0885115
-0.0897801
-0.0871638
-0.0825990
-0.0794144
-0.0795560
-0.0825013
-0.0863622
-0.0899018
-0.0938104
-0.0999720
-0.1087753
-0.1168426
-0.1183107
-0.1096567
-0.0936796
-0.0781589
-0.0698502
-0.0693807
-0.0718973
-0.0726612
-0.0718368
-0.0735357
-0.0802299
-0.0887909
-0.0927825
-0.0887525
-0.0798852
-0.0732998
-0.0737970
-0.0799488
-0.0857864
-0.0862734
-0.0816352
-0.0767195
-0.0760731
-0.0795027
-0.0824321
-0.0805866
-0.0743185
-0.0684259
-0.0677566
-0.0728753
-0.0800093
-0.0852624
-0.0884723
-0.0921744
-0.0966945
-0.0974232
-0.0883666
-0.0687594
-0.0454237
-0.0276944
-0.0196319
-0.0173458
-0.0142606
-0.0089932
-0.0074540
-0.0164146
-0.0348823
-0.0525979
-0.0580928
-0.0488369
-0.0334353
-0.0233853
-0.0221897
-0.0224640
-0.0137356
0.0078574
0.0395687
0.0827784
0.1519066
0.2686774
0.4445159
0.6682076
0.9110189
1.1413954
1.3300809
1.4399392
1.4192900
1.2222401
0.8519359
0.3888715
-0.0331739
-0.2978514
-0.3717188
-0.3121431
-0.2143851
-0.1455596
-0.1172516
-0.1066448
-0.0935639
-0.0771954
-0.0663360
-0.0638471
-0.0640859
-0.0615209
-0.0568110
-0.0540247
-0.0551552
-0.0592187
-0.0649441
-0.0718192
-0.0786641
-0.0834838
-0.0859465
-0.0887300
-0.0945191
-0.1015739
-0.1040197
-0.0979897
-0.0870037
-0.0795868
-0.0808110
-0.0871109
-0.0904860
-0.0873290
-0.0816867
-0.0794257
-0.0804074
-0.0778158
-0.0653350
-0.0440985
-0.0219048
-0.0057918
0.0040973
0.0134289
0.0273274
0.0455628
0.0633817
0.0760869
0.0828575
0.0872574
0.0947098
0.1085905
0.1273145
0.1449761
0.1560431
0.1606274
0.1650943
0.1765157
0.1958977
0.2172283
0.2338619
0.2457204
0.2592966
0.2801271
0.3061225
0.3295038
0.3452094
0.3559905
0.3682586
0.3836148
0.3960209
0.3979981
0.3888787
0.3758429
0.3665571
0.3613862
0.3532972
0.3350576
0.3059593
0.2717644
0.2391037
0.2104228
0.1836006
0.1553377
0.1247182
0.0941862
0.0675135
0.0464686
0.0289517
0.0104523
-0.0121273
-0.0376843
-0.0619127
-0.0812430
-0.0958510
-0.1087465
-0.1220546
-0.1345710
-0.1432171
-0.1467597
-0.1478132
-0.1510206
-0.1590472
-0.1699439
-0.1783352
-0.1799572
-0.1761279
-0.1738768
-0.1804199
-0.1961250
-0.2128274
-0.2201551
-0.2143959
-0.2010613
-0.1884011
-0.1788739
-0.1680128
-0.1517750
-0.1334973
-0.1218506
-0.1218497
-0.1294225
-0.1359109
-0.1371100
-0.1364110
-0.1391645
-0.1457786
-0.1516643
-0.1531302
-0.1515180
-0.1511372
-0.1545402
-0.1609191
-0.1681773
-0.1746611
-0.1786513
-0.1782556
-0.1737538
-0.1694554
-0.1709391
-0.1793517
-0.1896090
-0.1957359
-0.1977299
-0.2017479
-0.2131169
-0.2302566
-0.2462936
-0.2558270
-0.2587924
-0.2579497
-0.2544356
-0.2469884
-0.2346428
-0.2185360
-0.2009274
-0.1838228
-0.1692376
-0.1595282
-0.1557424
-0.1556702
-0.1551663
-0.1525017
-0.1507724
-0.1547728
-0.1653071
-0.1774152
-0.1847507
-0.1854507
-0.1834463
-0.1843464
-0.1903112
-0.1984067
-0.2031790
-0.2010487
-0.1933934
-0.1860015
-0.1846982
-0.1902382
-0.1973631
-0.1998441
-0.1969842
-0.1945373
-0.1985223
-0.2085205
-0.2179886
-0.2211585
-0.2185699
-0.2152756
-0.2145706
-0.2147773
-0.2120454
-0.2049422
-0.1956377
-0.1874964
-0.1824836
-0.1803525
-0.1789629
-0.1752706
-0.1675701
-0.1580118
-0.1521440
-0.1541459
-0.1618933
-0.1678343
-0.1658345
-0.1569015
-0.1474285
-0.1421086
-0.1395327
-0.1345420
-0.1233128
-0.1053098
-0.0815933
-0.0527813
-0.0175672
0.0299911
0.1030057
0.2184594
0.3862746
0.5988193
0.8312185
1.0514003
1.2270070
1.3216933
1.2921426
1.1041222
0.7658135
0.3486920
-0.0339979
-0.2853968
-0.3767951
-0.3520412
-0.2850203
-0.2295217
-0.1998065
-0.1856489
-0.1762091
-0.1692970
-0.1657259
-0.1633684
-0.1593008
-0.1545331
-0.1529810
-0.1556621
-0.1582935
-0.1560505
-0.1497020
-0.1451968
-0.1466236
-0.1506387
-0.1492030
-0.1381508
-0.1222867
-0.1112247
-0.1102841
-0.1160830
-0.1209906
-0.1208193
-0.1174299
-0.1147544
-0.1141714
-0.1144039
-0.1143214
-0.1135981
-0.1102970
-0.0999541
-0.0795461
-0.0527283
-0.0292415
-0.0171871
-0.0157518
-0.0166048
-0.0127519
-0.0050711
0.0005000
0.0013352
0.0021936
0.0105168
0.0284679
0.0504900
0.0687784
0.0807219
0.0909022
0.1062986
0.1298520
0.1581565
0.1845094
0.2042031
0.2180417
0.2318051
0.2519907
0.2807501
0.3140195
0.3446249
0.3677631
0.3840404
0.3977508
0.4125650
0.4286004
0.4427487
0.4510890
0.4511948
0.4431791
0.4294351
0.4131801
0.3961123
0.3766598
0.3509499
0.3165705
0.2757531
0.2342796
0.1967291
0.1629196
0.1292163
0.0930827
0.0560784
0.0226342
-0.0037164
-0.0230234
-0.0384612
-0.0534938
-0.0691105
-0.0832326
-0.0926904
-0.0962737
-0.0963335
-0.0971490
-0.1009841
-0.1055395
-0.1059494
-0.0999135
-0.0906936
-0.0846294
-0.0857583
-0.0929239
-0.1014092
-0.1064799
-0.1057231
-0.0996790
-0.0914962
-0.0853912
-0.0837244
-0.0846839
-0.0836133
-0.0779224
-0.0708389
-0.0691727
-0.0764971
-0.0890126
-0.0990423
-0.1024649
-0.1019092
-0.1028382
-0.1077694
-0.1147830
-0.1203901
-0.1225405
-0.1214177
-0.1191081
-0.1191340
-0.1249155
-0.1369128
-0.1510828
-0.1614438
-0.1651500
-0.1646287
-0.1639608
-0.1637072
-0.1607166
-0.1530906
-0.1434318
-0.1357700
-0.1304776
-0.1244356
-0.1161711
-0.1083420
-0.1036025
-0.0997110
-0.0917099
-0.0795400
-0.0709106
-0.0738459
-0.0865065
-0.0969764
-0.0948753
-0.0821950
-0.0708551
-0.0698342
-0.0766172
-0.0817023
-0.0793804
-0.0723191
-0.0667922
-0.0661382
-0.0695604
-0.0751499
-0.0817838
-0.0882567
-0.0927171
-0.0944311
-0.0953525
-0.0982301
-0.1027945
-0.1051412
-0.1018816
-0.0941418
-0.0861949
-0.0803265
-0.0742704
-0.0639403
-0.0475863
-0.0266451
-0.0033995
0.0212398
0.0485920
0.0834701
0.1363460
0.2228770
0.3570203
0.5402533
0.7556672
0.9727475
1.1577187
1.2787121
1.3037356
1.2027194
0.9639309
0.6167210
0.2369407
-0.0804679
-0.2688168
-0.3225798
-0.2900960
-0.2333708
-0.1890097
-0.1592102
-0.1312684
-0.1000026
-0.0722132
-0.0557556
-0.0502828
-0.0494886
-0.0489312
-0.0486871
-0.0492003
-0.0480732
-0.0432286
-0.0378196
-0.0386151
-0.0480751
-0.0599059
-0.0648479
-0.0606822
-0.0545731
-0.0549407
-0.0624979
-0.0704039
-0.0722702
-0.0683070
-0.0634396
-0.0609498
-0.0593178
-0.0547966
-0.0453387
-0.0313262
-0.0140135
0.0047993
0.0219883
0.0345389
0.0431813
0.0532577
0.0699463
0.0925101
0.1146383
0.1310875
0.1432584
0.1575560
0.1786360
0.2049952
0.2310579
0.2524938
0.2688436
0.2820899
0.2947821
0.3099458
0.3304047
0.3556711
0.3801189
0.3971522
0.4065875
0.4163256
0.4346791
0.4611485
0.4863437
0.5016801
0.5081464
0.5142419
0.5253621
0.5366217
0.5371836
0.5210896
0.4926555
0.4614952
0.4339174
0.4097174
0.3854417
0.3585082
0.3282481
0.2950851
0.2603564
0.2267353
0.1974959
0.1741483
0.1544730
0.1336613
0.1086146
0.0815845
0.0589330
0.0454392
0.0394969
0.0340172
0.0224161
0.0043690
-0.0138691
-0.0252280
-0.0287282
-0.0307877
-0.0390858
-0.0548732
-0.0716456
-0.0814650
-0.0823397
-0.0796521
-0.0811069
-0.0904559
-0.1053017
-0.1199368
-0.1298915
-0.1342088
-0.1345221
-0.1330679
-0.1314979
-0.1303203
-0.1286379
-0.1250657
-0.1198353
-0.1157442
-0.1160877
-0.1213724
-0.1284267
-0.1329394
-0.1329362
-0.1301763
-0.1285690
-0.1310632
-0.1374840
-0.1448750
-0.1497023
-0.1500400
-0.1466264
-0.1426266
-0.1418311
-0.1456955
-0.1517186
-0.1556448
-0.1559628
-0.1558191
-0.1599065
-0.1695329
-0.1809819
-0.1886215
-0.1895909
-0.1858132
-0.1818758
-0.1811832
-0.1840550
-0.1888280
-0.1937906
-0.1979996
-0.2014690
-0.2054275
-0.2114965
-0.2193144
-0.2253574
-0.2256887
-0.2204852
-0.2149701
-0.2149551
-0.2214114
-0.2297680
-0.2346597
-0.2351714
-0.2351349
-0.2383360
-0.2440945
-0.2480873
-0.2469789
-0.2413247
-0.2342717
-0.2287717
-0.2262912
-0.2267566
-0.2286662
-0.2300169
-0.2303619
-0.2318798
-0.2374088
-0.2468882
-0.2560438
-0.2592830
-0.2545877
-0.2458205
-0.2397811
-0.2403768
-0.2455122
-0.2496312
-0.2489375
-0.2441283
-0.2389342
-0.2366876
-0.2376891
-0.2389854
-0.2370264
-0.2314381
-0.2260495
-0.2253428
-0.2298460
-0.2357425
-0.2391155
-0.2398938
-0.2413134
-0.2459654
-0.2528469
-0.2581986
-0.2587225
-0.2535926
-0.2437631
-0.2306080
-0.2158799
-0.2016394
-0.1882391
-0.1724034
-0.1488942
-0.1139829
-0.0647827
0.0061040
0.1124964
0.2666658
0.4671104
0.6945172
0.9197068
1.1131026
1.2439492
1.2732174
1.1587603
0.8830868
0.4858239
0.0656634
-0.2634381
-0.4342278
-0.4577499
-0.4012168
-0.3350587
-0.2935630
-0.2735541
-0.2591280
-0.2431471
-0.2291048
-0.2208985
-0.2170676
-0.2146000
-0.2135748
-0.2151477
-0.2169613
-0.2141875
-0.2059034
-0.1982958
-0.1995421
-0.2113339
-0.2264169
-0.2354000
-0.2360651
-0.2351503
-0.2403262
-0.2510411
-0.2582807
-0.2530377
-0.2339996
-0.2074852
-0.1818809
-0.1627013
-0.1509216
-0.1437224
-0.1367723
-0.1273963
-0.1166930
-0.1084454
-0.1051774
-0.1048337
-0.1018811
-0.0926795
-0.0797389
-0.0694333
-0.0649833
-0.0628702
-0.0570615
-0.0456278
-0.0318172
-0.0194714
-0.0092461
0.0008362
0.0131639
0.0297015
0.0517512
0.0785959
0.1062963
0.1295243
0.1462543
0.1605373
0.1788168
0.2022993
0.2243249
0.2375400
0.2434240
0.2520466
0.2710461
0.2964589
0.3162230
0.3221727
0.3170770
0.3098481
0.3051041
0.2983440
0.2813060
0.2514158
0.2152784
0.1828513
0.1589306
0.1405769
0.1215806
0.0980634
0.0703359
0.0412794
0.0138652
-0.0104461
-0.0318542
-0.0513140
-0.0696834
-0.0872941
-0.1032771
-0.1151443
-0.1205093
-0.1203669
-0.1197102
-0.1233590
-0.1313495
-0.1396146
-0.1451438
-0.1491876
-0.1547494
-0.1616656
-0.1654271
-0.1617527
-0.1522437
-0.1443129
-0.1443565
-0.1513044
-0.1579534
-0.1584598
-0.1534326
-0.1480287
-0.1468137
-0.1508160
-0.1576821
-0.1633172
-0.1644085
-0.1611067
-0.1575354
-0.1587494
-0.1663279
-0.1766498
-0.1838383
-0.1851473
-0.1836048
-0.1845585
-0.1893267
-0.1933766
-0.1915485
-0.1839206
-0.1751668
-0.1689737
-0.1649338
-0.1609111
-0.1567171
-0.1545332
-0.1563370
-0.1615752
-0.1672824
-0.1701987
-0.1687543
-0.1634767
-0.1565594
-0.1515986
-0.1523045
-0.1591827
-0.1674575
-0.1706623
-0.1675748
-0.1641085
-0.1667720
-0.1750108
-0.1815339
-0.1801978
-0.1725748
-0.1664259
-0.1680773
-0.1765821
-0.1853306
-0.1889265
-0.1877787
-0.1861748
-0.1874205
-0.1917430
-0.1974216
-0.2020411
-0.2033081
-0.2008834
-0.1977725
-0.1981118
-0.2025524
-0.2067445
-0.2055410
-0.1988526
-0.1928102
-0.1942314
-0.2031198
-0.2110721
-0.2087215
-0.1953759
-0.1800033
-0.1717890
-0.1709223
-0.1699848
-0.1634356
-0.1537789
-0.1481213
-0.1500122
-0.1557357
-0.1585412
-0.1556040
-0.1498207
-0.1450314
-0.1415424
-0.1378117
-0.1347328
-0.1350786
-0.1387106
-0.1415551
-0.1409140
-0.1395630
-0.1421222
-0.1480998
-0.1511022
-0.1461214
-0.1365538
-0.1320737
-0.1384853
-0.1505404
-0.1567075
-0.1514648
-0.1411739
-0.1368169
-0.1425055
-0.1526514
-0.1590790
-0.1586866
-0.1545572
-0.1518074
-0.1529808
-0.1561772
-0.1568118
-0.1515378
-0.1408686
-0.1281960
-0.1166295
-0.1067672
-0.0968301
-0.0845665
-0.0692959
-0.0520984
-0.0338104
-0.0134667
0.0109704
0.0425845
0.0892436
0.1663905
0.2906853
0.4665127
0.6790500
0.9021515
1.1109516
1.2819701
1.3797207
1.3511952
1.1499078
0.7816935
0.3315502
-0.0659770
-0.3026409
-0.3597194
-0.3051538
-0.2306827
-0.1876999
-0.1729558
-0.1613315
-0.1422412
-0.1252459
-0.1201795
-0.1220025
-0.1179671
-0.1045115
-0.0908964
-0.0863259
-0.0889252
-0.0900984
-0.0860082
-0.0804419
-0.0776480
-0.0768096
-0.0748610
-0.0719183
-0.0712097
-0.0737976
-0.0754511
-0.0705522
-0.0590163
-0.0474591
-0.0422110
-0.0423626
-0.0413859
-0.0346687
-0.0232559
-0.0107151
0.0008531
0.0110979
0.0202504
0.0292240
0.0394681
0.0511533
0.0619937
0.0690670
0.0720794
0.0744442
0.0805788
0.0916415
0.1043401
0.1151014
0.1252823
0.1403441
0.1630987
0.1896974
0.2137881
0.2330985
0.2501015
0.2675149
0.2856659
0.3041293
0.3236225
0.3450554
0.3673756
0.3874423
0.4028110
0.4147703
0.4275147
0.4431046
0.4580930
0.4671256
0.4696404
0.4706187
0.4740456
0.4776883
0.4755590
0.4642031
0.4454369
0.4238378
0.4026184
0.3815586
0.3581674
0.3305633
0.2990904
0.2656179
0.2327154
0.2038813
0.1823421
0.1675528
0.1541832
0.1372133
0.1180230
0.1034587
0.0984396
0.1006010
0.1023469
0.0973998
0.0856052
0.0722990
0.0631793
0.0596200
0.0589836
0.0584791
0.0568778
0.0527824
0.0442539
0.0318387
0.0199752
0.0130505
0.0105549
0.0077038
0.0008483
-0.0085017
-0.0150542
-0.0150452
-0.0103980
-0.0071890
-0.0094962
-0.0156920
-0.0216981
-0.0261979
-0.0303185
-0.0334491
-0.0330843
-0.0295209
-0.0276158
-0.0317253
-0.0399800
-0.0452313
-0.0419418
-0.0320067
-0.0236906
-0.0242003
-0.0328978
-0.0423271
-0.0457604
-0.0422698
-0.0344411
-0.0240877
-0.0122471
-0.0012651
0.0062521
0.0103818
0.0137616
0.0182492
0.0227011
0.0241836
0.0211169
0.0154818
0.0115065
0.0110338
0.0107025
0.0057926
-0.0030349
-0.0092804
-0.0078754
-0.0010167
0.0044091
0.0037788
-0.0019222
-0.0084058
-0.0123922
-0.0139158
-0.0150218
-0.0166767
-0.0179592
-0.0185136
-0.0198212
-0.0224511
-0.0238666
-0.0215748
-0.0175453
-0.0167836
-0.0216980
-0.0301954
-0.0394083
-0.0491699
-0.0611741
-0.0758900
-0.0907354
-0.1009306
-0.1026065
-0.0956327
-0.0830698
-0.0682018
-0.0536043
-0.0427939
-0.0397111
-0.0447849
-0.0532860
-0.0594198
-0.0613122
-0.0612797
-0.0625550
-0.0664936
-0.0715250
-0.0740145
-0.0714542
-0.0654902
-0.0607030
-0.0601088
-0.0629381
-0.0665200
-0.0686706
-0.0684666
-0.0666251
-0.0651092
-0.0645259
-0.0620817
-0.0541585
-0.0409277
-0.0263330
-0.0131344
0.0002924
0.0176595
0.0406785
0.0688217
0.1045560
0.1596500
0.2538358
0.4016562
0.5976608
0.8166733
1.0293550
1.2120157
1.3365304
1.3571168
1.2232703
0.9207151
0.5052547
0.0912827
-0.2064635
-0.3365641
-0.3303238
-0.2642461
-0.2021611
-0.1656975
-0.1461451
-0.1309079
-0.1162096
-0.1039781
-0.0961386
-0.0930288
-0.0937896
-0.0966897
-0.0996261
-0.1009041
-0.1002344
-0.0993057
-0.1001344
-0.1019012
-0.1011297
-0.0966147
-0.0921242
-0.0916049
-0.0934030
-0.0924626
-0.0872331
-0.0810017
-0.0766932
-0.0736585
-0.0703486
-0.0678489
-0.0693126
-0.0760336
-0.0842366
-0.0866939
-0.0794893
-0.0670639
-0.0578305
-0.0541886
-0.0498816
-0.0382778
-0.0199394
-0.0002855
0.0167575
0.0298987
0.0379487
0.0400606
0.0384767
0.0388501
0.0466782
0.0625932
0.0805465
0.0921894
0.0953328
0.0972205
0.1069700
0.1256445
0.1465134
0.1639691
0.1785236
0.1934482
0.2105403
0.2300761
0.2518749
0.2750359
0.2980546
0.3195487
0.3380922
0.3523008
0.3622182
0.3690451
0.3719948
0.3673208
0.3523685
0.3288770
0.3006871
0.2703553
0.2395800
0.2100137
0.1811423
0.1500316
0.1162892
0.0854397
0.0641170
0.0522511
0.0418683
0.0238101
-0.0040723
-0.0341558
-0.0553124
-0.0643615
-0.0704801
-0.0851755
-0.1088891
-0.1316128
-0.1460315
-0.1546949
-0.1633344
-0.1725139
-0.1788833
-0.1814788
-0.1835480
-0.1887022
-0.1964309
-0.2017212
-0.2003309
-0.1948839
-0.1930910
-0.1982693
-0.2048822
-0.2063375
-0.2039065
-0.2038833
-0.2083846
-0.2133929
-0.2144643
-0.2104344
-0.2024674
-0.1929491
-0.1850727
-0.1813052
-0.1823994
-0.1880233
-0.1961382
-0.2016183
-0.1992948
-0.1898958
-0.1797242
-0.1731887
-0.1690541
-0.1650949
-0.1624621
-0.1638233
-0.1706021
-0.1831578
-0.2000660
-0.2163315
-0.2263884
-0.2304794
-0.2348906
-0.2445094
-0.2572662
-0.2660372
-0.2642566
-0.2513329
-0.2354757
-0.2289431
-0.2363267
-0.2490289
-0.2550233
-0.2519838
-0.2468419
-0.2452080
-0.2465691
-0.2482283
-0.2485976
-0.2469384
-0.2437635
-0.2412998
-0.2413384
-0.2437764
-0.2482323
-0.2540712
-0.2577968
-0.2550160
-0.2472404
-0.2421783
-0.2445610
-0.2507271
-0.2543949
-0.2533824
-0.2488373
-0.2428854
-0.2391032
-0.2400913
-0.2421831
-0.2374665
-0.2236119
-0.2076937
-0.1983978
-0.1976636
-0.2003324
-0.1984132
-0.1863290
-0.1661486
-0.1466598
-0.1333053
-0.1211061
-0.1012208
-0.0694042
-0.0206857
0.0598206
0.1898240
0.3718195
0.5870340
0.8052678
0.9939231
1.1183741
1.1420160
1.0338679
0.7850006
0.4287076
0.0457604
-0.2659654
-0.4448813
-0.4952234
-0.4663200
-0.4092484
-0.3528431
-0.3063263
-0.2705910
-0.2466810
-0.2379144
-0.2434700
-0.2524485
-0.2524964
-0.2451004
-0.2435361
-0.2538350
-0.2663935
-0.2682695
-0.2554231
-0.2317528
-0.2050769
-0.1852262
-0.1771575
-0.1747160
-0.1687447
-0.1603634
-0.1580045
-0.1636759
-0.1714469
-0.1768207
-0.1782290
-0.1730123
-0.1619547
-0.1535590
-0.1535837
-0.1549915
-0.1480866
-0.1348084
-0.1232416
-0.1150411
-0.1082404
-0.1042704
-0.1018077
-0.0925039
-0.0731447
-0.0528575
-0.0390931
-0.0271572
-0.0119146
0.0030479
0.0161677
0.0331674
0.0536027
0.0686144
0.0798737
0.1021826
0.1388760
0.1742712
0.1984964
0.2191517
0.2421408
0.2643682
0.2905066
0.3301791
0.3738547
0.4013924
0.4178819
0.4466588
0.4841962
0.5021863
0.4974467
0.4931797
0.4872285
0.4552618
0.4125006
0.4032253
0.4090749
0.3457269
0.1920209
