0.1255277
0.1357595
0.1481727
0.1482954
0.1345648
0.1200438
0.1156774
0.1210779
0.1298656
0.1353735
0.1322332
0.1206597
0.1095293
0.1086394
0.1173015
0.1254900
0.1259889
0.1208148
0.1162168
0.1158687
0.1187915
0.1202748
0.1153976
0.1049995
0.0972747
0.0999675
0.1114210
0.1220108
0.1235979
0.1153518
0.1020359
0.0898634
0.0832001
0.0821331
0.0828847
0.0820369
0.0798900
0.0787299
0.0791194
0.0793776
0.0777999
0.0743436
0.0710020
0.0708778
0.0753635
0.0819332
0.0867871
0.0903440
0.0980941
0.1156062
0.1456876
0.1922760
0.2646695
0.3746236
0.5284232
0.7212877
0.9367786
1.1482349
1.3196185
1.4076135
1.3704516
1.1863968
0.8739958
0.4966992
0.1413083
-0.1191291
-0.2538831
-0.2786889
-0.2381063
-0.1796823
-0.1337246
-0.1073246
-0.0925680
-0.0797844
-0.0652538
-0.0506651
-0.0391806
-0.0328376
-0.0320493
-0.0360574
-0.0433267
-0.0515888
-0.0584842
-0.0635046
-0.0690373
-0.0776242
-0.0876832
-0.0938879
-0.0931255
-0.0887241
-0.0870912
-0.0906820
-0.0956522
-0.0964168
-0.0916647
-0.0857076
-0.0841500
-0.0881841
-0.0931745
-0.0930618
-0.0859972
-0.0755680
-0.0673234
-0.0647651
-0.0675582
-0.0718103
-0.0722647
-0.0661319
-0.0556293
-0.0458802
-0.0396824
-0.0347218
-0.0261031
-0.0113007
0.0072458
0.0239814
0.0349730
0.0415498
0.0492518
0.0626627
0.0811785
0.0999336
0.1146514
0.1257130
0.1382165
0.1580458
0.1865013
0.2178144
0.2428342
0.2566822
0.2631924
0.2714334
0.2875815
0.3097121
0.3296846
0.3399265
0.3392327
0.3326310
0.3254522
0.3174996
0.3035017
0.2793026
0.2468976
0.2130232
0.1831234
0.1567992
0.1288797
0.0950996
0.0572442
0.0226076
-0.0022824
-0.0176188
-0.0298467
-0.0454478
-0.0654464
-0.0856482
-0.1016710
-0.1137730
-0.1269389
-0.1457902
-0.1690710
-0.1898609
-0.2021029
-0.2066012
-0.2097177
-0.2163054
-0.2248935
-0.2301438
-0.2293623
-0.2258628
-0.2257834
-0.2319478
-0.2412958
-0.2482505
-0.2497776
-0.2467695
-0.2417906
-0.2372226
-0.2351962
-0.2368655
-0.2404839
-0.2417778
-0.2382690
-0.2330123
-0.2322373
-0.2383567
-0.2461227
-0.2470885
-0.2384341
-0.2267581
-0.2221451
-0.2283130
-0.2393135
-0.2461591
-0.2458032
-0.2430557
-0.2447120
-0.2530600
-0.2646689
-0.2740192
-0.2779680
-0.2776938
-0.2769289
-0.2779253
-0.2788865
-0.2758145
-0.2673322
-0.2574624
-0.2529817
-0.2574304
-0.2675941
-0.2763010
-0.2791210
-0.2781490
-0.2789160
-0.2841208
-0.2912834
-0.2962441
-0.2975620
-0.2970044
-0.2969386
-0.2983391
-0.3007974
-0.3032808
-0.3047125
-0.3045749
-0.3034560
-0.3028193
-0.3037796
-0.3058517
-0.3071328
-0.3062948
-0.3045990
-0.3053156
-0.3103951
-0.3177490
-0.3224053
-0.3207061
-0.3135330
-0.3056712
-0.3018840
-0.3027573
-0.3038625
-0.2997475
-0.2897914
-0.2798169
-0.2766205
-0.2804227
-0.2836070
-0.2779493
-0.2632170
-0.2481143
-0.2423335
-0.2476890
-0.2572098
-0.2626134
-0.2618622
-0.2592150
-0.2591232
-0.2615041
-0.2626115
-0.2587975
-0.2489868
-0.2351814
-0.2218765
-0.2137501
-0.2116132
-0.2103094
-0.2025870
-0.1864067
-0.1667207
-0.1464734
-0.1144562
-0.0452934
0.0831791
0.2701119
0.4908980
0.7172669
0.9339303
1.1285506
1.2646027
1.2747715
1.0984767
0.7397170
0.2907571
-0.1096845
-0.3566958
-0.4344254
-0.4051533
-0.3496576
-0.3136429
-0.2984162
-0.2874558
-0.2732589
-0.2614183
-0.2582141
-0.2612300
-0.2623529
-0.2567027
-0.2468160
-0.2390788
-0.2376682
-0.2418662
-0.2475942
-0.2504586
-0.2482041
-0.2419463
-0.2354144
-0.2318005
-0.2303787
-0.2265835
-0.2163139
-0.2004598
-0.1848576
-0.1753183
-0.1723781
-0.1709637
-0.1655904
-0.1560546
-0.1475620
-0.1448136
-0.1463892
-0.1458372
-0.1384677
-0.1263717
-0.1161747
-0.1120205
-0.1112992
-0.1075907
-0.0976744
-0.0851355
-0.0766259
-0.0747261
-0.0750986
-0.0708575
-0.0592285
-0.0435442
-0.0291139
-0.0177499
-0.0063673
0.0094397
0.0306586
0.0536330
0.0735166
0.0889452
0.1033285
0.1217541
0.1467458
0.1765435
0.2066519
0.2329077
0.2539445
0.2716118
0.2889655
0.3071135
0.3235102
0.3335359
0.3344124
0.3280164
0.3194826
0.3121632
0.3037161
0.2880371
0.2619416
0.2296125
0.1994100
0.1759588
0.1559708
0.1322686
0.1015709
0.0678766
0.0383645
0.0165898
0.0001146
-0.0154765
-0.0311526
-0.0437267
-0.0502915
-0.0524305
-0.0554343
-0.0634227
-0.0753159
-0.0854066
-0.0880940
-0.0829376
-0.0756648
-0.0736745
-0.0795062
-0.0884101
-0.0929397
-0.0905718
-0.0867151
-0.0894805
-0.1008795
-0.1134677
-0.1167398
-0.1075796
-0.0940503
-0.0880893
-0.0943118
-0.1063091
-0.1137232
-0.1122223
-0.1064504
-0.1041949
-0.1086948
-0.1165844
-0.1222811
-0.1233450
-0.1215067
-0.1195114
-0.1181247
-0.1162745
-0.1130405
-0.1086485
-0.1038141
-0.0988298
-0.0933321
-0.0865766
-0.0781326
-0.0690532
-0.0625516
-0.0625759
-0.0704186
-0.0823919
-0.0918997
-0.0952384
-0.0955706
-0.0998740
-0.1108346
-0.1224548
-0.1254367
-0.1174185
-0.1065411
-0.1036182
-0.1111913
-0.1215301
-0.1255930
-0.1228473
-0.1213439
-0.1284825
-0.1427983
-0.1552915
-0.1581210
-0.1511340
-0.1402475
-0.1309158
-0.1240256
-0.1172812
-0.1090058
-0.1000002
-0.0922173
-0.0861509
-0.0796452
-0.0695371
-0.0550261
-0.0396122
-0.0291808
-0.0274153
-0.0327117
-0.0397023
-0.0440932
-0.0461134
-0.0490835
-0.0546208
-0.0597829
-0.0595709
-0.0522687
-0.0417916
-0.0344658
-0.0335287
-0.0365559
-0.0378272
-0.0334512
-0.0251113
-0.0189699
-0.0195620
-0.0235142
-0.0201528
-0.0006891
0.0323445
0.0672046
0.0980955
0.1390865
0.2195052
0.3609028
0.5570559
0.7778833
0.9917881
1.1780238
1.3123497
1.3466732
1.2208704
0.9135363
0.4875034
0.0759230
-0.1940155
-0.2795271
-0.2358125
-0.1574913
-0.1057212
-0.0834258
-0.0658681
-0.0415834
-0.0214202
-0.0177359
-0.0265801
-0.0332562
-0.0297442
-0.0213275
-0.0172274
-0.0195326
-0.0232134
-0.0240874
-0.0232696
-0.0239606
-0.0267633
-0.0296326
-0.0308299
-0.0299733
-0.0267726
-0.0208958
-0.0136418
-0.0079422
-0.0051017
-0.0021907
0.0055319
0.0190733
0.0337475
0.0439082
0.0493665
0.0558888
0.0687002
0.0861898
0.1011708
0.1085867
0.1111895
0.1169793
0.1312970
0.1519203
0.1717283
0.1854903
0.1938499
0.2013350
0.2114040
0.2238317
0.2365062
0.2488618
0.2628663
0.2807239
0.3022067
0.3245968
0.3450990
0.3631464
0.3805125
0.3993441
0.4198933
0.4398526
0.4559683
0.4668076
0.4744689
0.4836026
0.4980863
0.5177095
0.5377103
0.5520663
0.5579978
0.5574180
0.5537035
0.5472013
0.5346470
0.5134508
0.4860608
0.4591022
0.4376267
0.4203789
0.4012191
0.3754109
0.3443318
0.3139360
0.2889812
0.2691687
0.2506483
0.2305399
0.2098067
0.1924264
0.1822954
0.1803827
0.1838912
0.1880076
0.1891867
0.1872785
0.1843037
0.1809884
0.1750858
0.1640590
0.1495911
0.1383124
0.1364816
0.1433410
0.1505182
0.1491599
0.1380950
0.1247602
0.1179900
0.1199791
0.1250808
0.1259589
0.1207650
0.1146619
0.1145742
0.1222085
0.1319443
0.1357387
0.1304975
0.1207936
0.1142683
0.1143592
0.1176678
0.1184452
0.1153123
0.1131455
0.1182608
0.1319514
0.1487737
0.1608774
0.1640946
0.1607739
0.1576554
0.1605047
0.1690850
0.1764699
0.1744407
0.1613186
0.1445759
0.1341956
0.1324905
0.1313321
0.1207984
0.1004812
0.0808177
0.0724132
0.0749138
0.0777065
0.0713951
0.0571583
0.0443460
0.0403157
0.0440321
0.0488048
0.0490769
0.0438419
0.0352582
0.0260624
0.0183952
0.0135759
0.0119864
0.0135224
0.0186529
0.0285025
0.0429255
0.0585352
0.0698910
0.0737934
0.0723999
0.0714024
0.0748215
0.0817057
0.0877278
0.0895218
0.0875818
0.0857174
0.0879279
0.0949659
0.1033253
0.1083855
0.1097159
0.1129036
0.1245761
0.1455502
0.1716161
0.2039663
0.2580390
0.3574124
0.5146810
0.7178619
0.9369971
1.1424668
1.3116764
1.4157426
1.4075408
1.2390272
0.9048286
0.4726211
0.0628821
-0.2151041
-0.3219145
-0.2962115
-0.2129253
-0.1321233
-0.0771814
-0.0459059
-0.0304655
-0.0256058
-0.0261150
-0.0256060
-0.0208252
-0.0146746
-0.0123787
-0.0149558
-0.0180420
-0.0173116
-0.0136307
-0.0118050
-0.0147846
-0.0203691
-0.0239974
-0.0239235
-0.0227719
-0.0242451
-0.0292344
-0.0354413
-0.0400228
-0.0417972
-0.0411547
-0.0389780
-0.0364145
-0.0352048
-0.0369346
-0.0412097
-0.0451742
-0.0460964
-0.0447983
-0.0454446
-0.0506980
-0.0572504
-0.0575280
-0.0467777
-0.0281346
-0.0099534
0.0018775
0.0085270
0.0154211
0.0259600
0.0387289
0.0502670
0.0591685
0.0669434
0.0759063
0.0875273
0.1026830
0.1220191
0.1450629
0.1695199
0.1925322
0.2128552
0.2313028
0.2489860
0.2657315
0.2806150
0.2935868
0.3058781
0.3187361
0.3321422
0.3447045
0.3540833
0.3571844
0.3509464
0.3345385
0.3110655
0.2855468
0.2597632
0.2298199
0.1909639
0.1455724
0.1044619
0.0777273
0.0638294
0.0495059
0.0220761
-0.0183521
-0.0597562
-0.0908173
-0.1112198
-0.1291323
-0.1504883
-0.1731048
-0.1911366
-0.2025245
-0.2100638
-0.2164917
-0.2215262
-0.2246182
-0.2283034
-0.2362234
-0.2479154
-0.2578120
-0.2608349
-0.2580891
-0.2554297
-0.2564341
-0.2583836
-0.2561277
-0.2489439
-0.2420768
-0.2413915
-0.2475073
-0.2554321
-0.2589666
-0.2549938
-0.2448216
-0.2332277
-0.2261990
-0.2274383
-0.2350942
-0.2422104
-0.2423791
-0.2362981
-0.2322476
-0.2388291
-0.2567855
-0.2783800
-0.2949013
-0.3042173
-0.3108735
-0.3198467
-0.3313237
-0.3413258
-0.3461322
-0.3455006
-0.3423901
-0.3404826
-0.3416393
-0.3446226
-0.3459671
-0.3430985
-0.3375477
-0.3345513
-0.3379364
-0.3447956
-0.3464600
-0.3364521
-0.3178021
-0.3014480
-0.2965695
-0.3026270
-0.3110151
-0.3137418
-0.3097417
-0.3035207
-0.2996840
-0.2998068
-0.3031949
-0.3081785
-0.3118887
-0.3106714
-0.3032095
-0.2936454
-0.2898104
-0.2965884
-0.3109503
-0.3244085
-0.3305826
-0.3299023
-0.3271450
-0.3257383
-0.3254449
-0.3247794
-0.3237860
-0.3236379
-0.3246277
-0.3260322
-0.3278361
-0.3310813
-0.3357507
-0.3394903
-0.3400735
-0.3389473
-0.3404044
-0.3460665
-0.3513792
-0.3496366
-0.3398384
-0.3289820
-0.3252963
-0.3297335
-0.3353140
-0.3347165
-0.3271953
-0.3176605
-0.3104830
-0.3057481
-0.3008430
-0.2933563
-0.2815069
-0.2634953
-0.2381830
-0.2050808
-0.1604218
-0.0924851
0.0155350
0.1731082
0.3708433
0.5822826
0.7774768
0.9328721
1.0269030
1.0305390
0.9123663
0.6631090
0.3193466
-0.0400663
-0.3290924
-0.4966873
-0.5455811
-0.5180129
-0.4642675
-0.4176116
-0.3877883
-0.3694609
-0.3546091
-0.3401227
-0.3281104
-0.3217101
-0.3211378
-0.3231042
-0.3232982
-0.3193845
-0.3124057
-0.3061813
-0.3051172
-0.3110382
-0.3207498
-0.3271049
-0.3243080
-0.3132788
-0.3009756
-0.2931182
-0.2878388
-0.2780805
-0.2608383
-0.2425430
-0.2334681
-0.2367734
-0.2445466
-0.2455023
-0.2358122
-0.2214373
-0.2104914
-0.2050342
-0.2008310
-0.1934644
-0.1827579
-0.1715133
-0.1621027
-0.1555034
-0.1521700
-0.1514069
-0.1495715
-0.1411895
-0.1240873
-0.1031675
-0.0869772
-0.0791447
-0.0738821
-0.0613876
-0.0379435
-0.0097035
0.0139960
0.0302033
0.0443419
0.0633034
0.0881850
0.1144085
0.1376414
0.1579901
0.1785824
0.2017974
0.2278921
0.2561526
0.2852995
0.3121201
0.3311850
0.3378831
0.3323914
0.3199903
0.3067428
0.2946704
0.2809549
0.2612713
0.2336418
0.1998020
0.1639391
0.1302284
0.1005371
0.0735660
0.0464302
0.0179296
-0.0094513
-0.0313192
-0.0456461
-0.0551190
-0.0647787
-0.0772673
-0.0907461
-0.1015931
-0.1087622
-0.1151653
-0.1249252
-0.1394747
-0.1560365
-0.1694791
-0.1759867
-0.1759617
-0.1739050
-0.1747937
-0.1794991
-0.1835962
-0.1814863
-0.1723251
-0.1616309
-0.1564515
-0.1588095
-0.1640587
-0.1654485
-0.1598122
-0.1490868
-0.1376791
-0.1294754
-0.1266487
-0.1291658
-0.1341603
-0.1368144
-0.1338585
-0.1268693
-0.1211218
-0.1202687
-0.1224773
-0.1225380
-0.1176007
-0.1100295
-0.1045147
-0.1032330
-0.1043563
-0.1045890
-0.1021918
-0.0978363
-0.0938729
-0.0932770
-0.0980134
-0.1068311
-0.1147903
-0.1166048
-0.1115127
-0.1042725
-0.1003904
-0.1005469
-0.1006066
-0.0971067
-0.0915868
-0.0887372
-0.0909314
-0.0957100
-0.0986736
-0.0978294
-0.0946156
-0.0915719
-0.0901516
-0.0906197
-0.0927488
-0.0958366
-0.0986726
-0.1004311
-0.1014710
-0.1023791
-0.1020491
-0.0976796
-0.0876622
-0.0743672
-0.0631511
-0.0579171
-0.0575752
-0.0569924
-0.0514818
-0.0406878
-0.0287941
-0.0213521
-0.0212351
-0.0263045
-0.0303736
-0.0274193
-0.0165792
-0.0038243
0.0020832
-0.0032108
-0.0154648
-0.0247479
-0.0231085
-0.0102754
0.0072923
0.0224370
0.0326318
0.0403053
0.0489090
0.0590182
0.0678723
0.0720493
0.0703316
0.0644442
0.0578243
0.0539556
0.0550790
0.0611219
0.0692743
0.0756086
0.0787701
0.0824799
0.0930596
0.1133771
0.1405832
0.1728538
0.2194338
0.3008578
0.4342122
0.6158815
0.8205118
1.0186993
1.1933501
1.3339123
1.4142327
1.3847848
1.2009276
0.8697870
0.4705582
0.1204642
-0.0922568
-0.1551993
-0.1232081
-0.0679342
-0.0307860
-0.0124583
0.0051464
0.0329805
0.0665902
0.0947127
0.1104848
0.1150243
0.1139351
0.1123818
0.1123158
0.1122690
0.1092578
0.1019511
0.0928691
0.0871276
0.0881331
0.0942106
0.0998492
0.1006056
0.0967420
0.0920532
0.0895612
0.0888661
0.0876216
0.0849306
0.0828255
0.0846264
0.0921938
0.1044838
0.1180477
0.1288385
0.1345304
0.1362213
0.1379105
0.1433201
0.1524796
0.1617354
0.1678298
0.1719931
0.1792949
0.1934257
0.2123476
0.2296528
0.2404834
0.2462073
0.2535756
0.2694846
0.2958770
0.3283080
0.3586730
0.3803171
0.3925571
0.4013724
0.4149008
0.4365950
0.4619702
0.4824984
0.4934047
0.4977948
0.5029852
0.5129822
0.5250126
0.5334363
0.5363631
0.5376599
0.5423412
0.5504550
0.5559051
0.5513191
0.5340947
0.5080769
0.4798889
0.4537497
0.4292518
0.4032631
0.3735320
0.3407998
0.3081335
0.2785212
0.2527531
0.2291575
0.2055028
0.1817807
0.1614065
0.1490194
0.1460009
0.1478230
0.1467550
0.1385690
0.1270962
0.1214200
0.1273874
0.1413257
0.1524506
0.1521475
0.1413706
0.1291008
0.1235132
0.1244637
0.1242862
0.1156774
0.0988791
0.0815207
0.0716896
0.0709309
0.0734459
0.0717179
0.0630535
0.0511933
0.0420399
0.0378522
0.0352403
0.0285068
0.0150937
-0.0017044
-0.0150178
-0.0197134
-0.0164059
-0.0109656
-0.0099268
-0.0155191
-0.0244323
-0.0313037
-0.0336926
-0.0338159
-0.0353745
-0.0387889
-0.0400506
-0.0348222
-0.0237341
-0.0130825
-0.0095993
-0.0142260
-0.0212074
-0.0236035
-0.0198319
-0.0148427
-0.0149459
-0.0214948
-0.0294583
-0.0320056
-0.0267176
-0.0179596
-0.0136298
-0.0191886
-0.0337779
-0.0513555
-0.0658193
-0.0759096
-0.0856673
-0.0998550
-0.1184283
-0.1355164
-0.1443958
-0.1439166
-0.1399686
-0.1402940
-0.1476694
-0.1580858
-0.1653276
-0.1669394
-0.1656931
-0.1657708
-0.1681420
-0.1697306
-0.1666366
-0.1578690
-0.1462122
-0.1358923
-0.1293295
-0.1255752
-0.1215211
-0.1149338
-0.1069331
-0.1016330
-0.1027340
-0.1097347
-0.1175048
-0.1204631
-0.1180842
-0.1162806
-0.1223973
-0.1379300
-0.1562539
-0.1683888
-0.1715360
-0.1715336
-0.1762373
-0.1866228
-0.1953262
-0.1945023
-0.1845682
-0.1742966
-0.1722739
-0.1790801
-0.1881299
-0.1931322
-0.1935129
-0.1929173
-0.1942586
-0.1974036
-0.2007273
-0.2030051
-0.2033059
-0.2005358
-0.1946373
-0.1880209
-0.1843688
-0.1852685
-0.1886538
-0.1913541
-0.1928645
-0.1955837
-0.2010276
-0.2066781
-0.2076464
-0.2017102
-0.1922574
-0.1858238
-0.1865486
-0.1928432
-0.1992216
-0.2013917
-0.1999136
-0.1992097
-0.2029867
-0.2104915
-0.2172673
-0.2195929
-0.2179278
-0.2157722
-0.2155228
-0.2162946
-0.2160758
-0.2150215
-0.2152468
-0.2173062
-0.2184450
-0.2157932
-0.2108500
-0.2089389
-0.2132148
-0.2202551
-0.2232501
-0.2196581
-0.2141997
-0.2133051
-0.2175800
-0.2214588
-0.2204075
-0.2166850
-0.2165040
-0.2221761
-0.2289277
-0.2300156
-0.2235576
-0.2131282
-0.2026768
-0.1929660
-0.1831247
-0.1731514
-0.1627406
-0.1488835
-0.1278946
-0.1006764
-0.0725231
-0.0434089
0.0016721
0.0881526
0.2329351
0.4287622
0.6482915
0.8620822
1.0476600
1.1781316
1.2079262
1.0844998
0.7895946
0.3759670
-0.0415337
-0.3447265
-0.4782605
-0.4714969
-0.4026354
-0.3398686
-0.3073042
-0.2934490
-0.2811495
-0.2669025
-0.2577505
-0.2584046
-0.2654984
-0.2721725
-0.2742432
-0.2709831
-0.2624862
-0.2489917
-0.2327965
-0.2187095
-0.2108958
-0.2092138
-0.2094047
-0.2072014
-0.2021131
-0.1972466
-0.1957901
-0.1978057
-0.2001593
-0.1992793
-0.1940693
-0.1864965
-0.1796778
-0.1755126
-0.1739085
-0.1735913
-0.1729582
-0.1703083
-0.1644858
-0.1564694
-0.1499974
-0.1488873
-0.1524473
-0.1542254
-0.1472510
-0.1315390
-0.1154904
-0.1083457
-0.1109105
-0.1144641
-0.1090950
-0.0924871
-0.0703797
-0.0497826
-0.0333454
-0.0199600
-0.0083370
0.0021211
0.0133410
0.0288482
0.0503107
0.0745585
0.0958955
0.1120052
0.1265161
0.1447040
0.1671434
0.1889248
0.2055152
0.2183269
0.2333288
0.2541886
0.2776548
0.2960944
0.3040475
0.3018182
0.2932854
0.2815612
0.2673341
0.2503401
0.2307556
0.2087059
0.1836082
0.1553333
0.1259910
0.0994210
0.0780306
0.0602084
0.0414091
0.0181782
-0.0086280
-0.0342427
-0.0534601
-0.0643615
-0.0697504
-0.0754066
-0.0860591
-0.1015709
-0.1164662
-0.1240632
-0.1223684
-0.1163292
-0.1137516
-0.1184415
-0.1272731
-0.1339483
-0.1352658
-0.1334750
-0.1329928
-0.1357175
-0.1397844
-0.1420042
-0.1404170
-0.1345906
-0.1250133
-0.1137236
-0.1052002
-0.1044826
-0.1125325
-0.1236864
-0.1295779
-0.1269359
-0.1210540
-0.1202565
-0.1266180
-0.1331532
-0.1310774
-0.1194227
-0.1064031
-0.1011708
-0.1053258
-0.1131666
-0.1190682
-0.1226962
-0.1268622
-0.1324559
-0.1375187
-0.1407364
-0.1434551
-0.1470338
-0.1495892
-0.1475207
-0.1405553
-0.1335219
-0.1315947
-0.1342672
-0.1356776
-0.1314471
-0.1239503
-0.1194721
-0.1205027
-0.1224433
-0.1187760
-0.1086320
-0.0979327
-0.0930078
-0.0943387
-0.0974591
-0.0991490
-0.1008392
-0.1051314
-0.1104799
-0.1117244
-0.1065904
-0.0998801
-0.0989821
-0.1050170
-0.1102793
-0.1060743
-0.0927417
-0.0803573
-0.0787644
-0.0876764
-0.0975645
-0.0999198
-0.0953254
-0.0910624
-0.0922621
-0.0972436
-0.1014860
-0.1040201
-0.1078912
-0.1145891
-0.1202320
-0.1191162
-0.1108279
-0.1020537
-0.0999992
-0.1044570
-0.1079151
-0.1041160
-0.0952727
-0.0891948
-0.0894314
-0.0902943
-0.0832384
-0.0674081
-0.0516847
-0.0453758
-0.0482696
-0.0515955
-0.0483016
-0.0400617
-0.0331526
-0.0296225
-0.0256073
-0.0183207
-0.0110890
-0.0084327
-0.0074535
0.0018165
0.0257218
0.0595225
0.0948957
0.1357129
0.2029087
0.3197216
0.4910832
0.6982478
0.9119032
1.1052406
1.2504745
1.3071479
1.2272776
0.9869106
0.6202618
0.2199989
-0.1062464
-0.2925453
-0.3412116
-0.3035814
-0.2380946
-0.1807484
-0.1422496
-0.1200020
-0.1076976
-0.0982982
-0.0862946
-0.0715047
-0.0594936
-0.0557789
-0.0594155
-0.0635303
-0.0623307
-0.0564455
-0.0509331
-0.0492059
-0.0500881
-0.0502281
-0.0476327
-0.0422532
-0.0346255
-0.0257299
-0.0179838
-0.0144243
-0.0155840
-0.0178359
-0.0162972
-0.0097826
-0.0021066
0.0021154
0.0025784
0.0035923
0.0094181
0.0200312
0.0317806
0.0415007
0.0490413
0.0559419
0.0629717
0.0698768
0.0767331
0.0839276
0.0905064
0.0940805
0.0938753
0.0934929
0.0988717
0.1124422
0.1299696
0.1444072
0.1530249
0.1598843
0.1709695
0.1878168
0.2068199
0.2240894
0.2393286
0.2545659
0.2707722
0.2874393
0.3049656
0.3252504
0.3486943
0.3716796
0.3889475
0.3990579
0.4063737
0.4163460
0.4287920
0.4368259
0.4331681
0.4172971
0.3958641
0.3761713
0.3598107
0.3427101
0.3204594
0.2926185
0.2620588
0.2315491
0.2022579
0.1752407
0.1524818
0.1348211
0.1192743
0.1006116
0.0772271
0.0547119
0.0414408
0.0395337
0.0412048
0.0356416
0.0197545
0.0011732
-0.0099098
-0.0111644
-0.0096651
-0.0135986
-0.0238811
-0.0344688
-0.0395311
-0.0385355
-0.0345120
-0.0296663
-0.0244790
-0.0201264
-0.0191303
-0.0223419
-0.0266199
-0.0275455
-0.0247541
-0.0230662
-0.0270926
-0.0352763
-0.0407338
-0.0383226
-0.0297239
-0.0208024
-0.0151046
-0.0117262
-0.0093841
-0.0101404
-0.0171071
-0.0292010
-0.0405532
-0.0462342
-0.0473928
-0.0492154
-0.0541699
-0.0591552
-0.0602473
-0.0588129
-0.0606949
-0.0689894
-0.0794687
-0.0848089
-0.0828866
-0.0792589
-0.0809065
-0.0885586
-0.0961183
-0.0972014
-0.0912268
-0.0830806
-0.0779695
-0.0774589
-0.0798541
-0.0828048
-0.0847645
-0.0848964
-0.0831481
-0.0808237
-0.0801082
-0.0821011
-0.0854411
-0.0874786
-0.0869418
-0.0851420
-0.0844368
-0.0857202
-0.0875541
-0.0876778
-0.0853774
-0.0826437
-0.0831695
-0.0897626
-0.1018073
-0.1147291
-0.1225903
-0.1226037
-0.1178810
-0.1152442
-0.1193873
-0.1289166
-0.1383744
-0.1439625
-0.1466134
-0.1493703
-0.1527849
-0.1540330
-0.1504994
-0.1430868
-0.1352301
-0.1292997
-0.1252451
-0.1228470
-0.1236351
-0.1289589
-0.1366662
-0.1418507
-0.1420591
-0.1405307
-0.1423872
-0.1476093
-0.1496882
-0.1426455
-0.1287170
-0.1173813
-0.1161135
-0.1229146
-0.1287843
-0.1271210
-0.1196941
-0.1134861
-0.1130535
-0.1168631
-0.1201853
-0.1199782
-0.1167628
-0.1131200
-0.1114434
-0.1126565
-0.1158730
-0.1188224
-0.1191691
-0.1162173
-0.1116596
-0.1084327
-0.1082375
-0.1095338
-0.1077846
-0.0982527
-0.0794115
-0.0535579
-0.0225155
0.0191255
0.0864126
0.1969001
0.3576565
0.5577346
0.7732119
0.9777973
1.1448399
1.2385359
1.2114452
1.0260479
0.6922919
0.2867023
-0.0750018
-0.3000588
-0.3687597
-0.3329112
-0.2678295
-0.2213100
-0.1984532
-0.1828883
-0.1643402
-0.1468369
-0.1383671
-0.1397914
-0.1447288
-0.1467817
-0.1445143
-0.1405731
-0.1383266
-0.1396981
-0.1443830
-0.1495957
-0.1511728
-0.1467446
-0.1385834
-0.1323668
-0.1319893
-0.1356765
-0.1379892
-0.1357619
-0.1313633
-0.1296567
-0.1321183
-0.1345729
-0.1308772
-0.1185935
-0.1010245
-0.0841661
-0.0721861
-0.0655862
-0.0625175
-0.0607355
-0.0584346
-0.0543860
-0.0480555
-0.0393195
-0.0277046
-0.0124204
0.0060652
0.0246888
0.0393090
0.0486314
0.0563870
0.0684080
0.0867457
0.1071339
0.1232725
0.1337990
0.1441834
0.1611403
0.1856953
0.2125035
0.2356596
0.2541308
0.2712934
0.2902650
0.3107955
0.3305488
0.3483070
0.3651246
0.3824866
0.3999171
0.4146577
0.4235358
0.4251301
0.4205178
0.4122119
0.4019816
0.3890852
0.3708002
0.3455771
0.3159688
0.2875124
0.2636611
0.2420148
0.2167449
0.1854439
0.1530236
0.1277330
0.1128356
0.1027499
0.0882925
0.0660139
0.0419120
0.0255360
0.0206201
0.0217594
0.0199053
0.0105369
-0.0033357
-0.0151937
-0.0213378
-0.0236021
-0.0265711
-0.0325390
-0.0393439
-0.0432721
-0.0439762
-0.0459293
-0.0542487
-0.0688426
-0.0833140
-0.0905827
-0.0897386
-0.0864298
-0.0857397
-0.0854774
-0.0782501
-0.0607065
-0.0392542
-0.0249382
-0.0227176
-0.0270991
-0.0288393
-0.0249257
-0.0208492
-0.0233340
-0.0321819
-0.0401121
-0.0401145
-0.0319852
-0.0216947
-0.0155079
-0.0153718
-0.0190186
-0.0229234
-0.0248774
-0.0249114
-0.0246829
-0.0256367
-0.0271572
-0.0268781
-0.0236444
-0.0200592
-0.0208227
-0.0275262
-0.0356994
-0.0387792
-0.0358692
-0.0342555
-0.0421159
-0.0584145
-0.0719447
-0.0721006
-0.0600376
-0.0474905
-0.0443769
-0.0491952
-0.0527163
-0.0498696
-0.0455985
-0.0481567
-0.0583231
-0.0676376
-0.0678549
-0.0604620
-0.0551254
-0.0590319
-0.0694489
-0.0774931
-0.0780527
-0.0746085
-0.0744301
-0.0803216
-0.0879076
-0.0906427
-0.0865592
-0.0796481
-0.0750502
-0.0737536
-0.0724146
-0.0679421
-0.0615429
-0.0579930
-0.0610017
-0.0692228
-0.0767735
-0.0781152
-0.0731071
-0.0674423
-0.0676749
-0.0753208
-0.0855741
-0.0916429
-0.0903262
-0.0837673
-0.0764847
-0.0711721
-0.0672143
-0.0624960
-0.0557631
-0.0470631
-0.0368281
-0.0256625
-0.0149369
-0.0063009
0.0002435
0.0072936
0.0184361
0.0363684
0.0641374
0.1087008
0.1816910
0.2940234
0.4477517
0.6325352
0.8296875
1.0181180
1.1740948
1.2654676
1.2518568
1.1008962
0.8146317
0.4450148
0.0804617
-0.1932808
-0.3334416
-0.3547743
-0.3102763
-0.2544942
-0.2160005
-0.1944412
-0.1766322
-0.1541202
-0.1292191
-0.1095702
-0.0998222
-0.0980957
-0.0986423
-0.0969089
-0.0923557
-0.0872700
-0.0834324
-0.0799543
-0.0742581
-0.0653475
-0.0561724
-0.0520760
-0.0558968
-0.0645399
-0.0714043
-0.0728794
-0.0718707
-0.0740360
-0.0807163
-0.0866621
-0.0854725
-0.0769509
-0.0680994
-0.0661519
-0.0708950
-0.0748026
-0.0711714
-0.0613609
-0.0530501
-0.0516381
-0.0546667
-0.0553223
-0.0504886
-0.0439075
-0.0409972
-0.0415277
-0.0388100
-0.0266557
-0.0063146
0.0146888
0.0306578
0.0435039
0.0597931
0.0829332
0.1095700
0.1336552
0.1528459
0.1701113
0.1894498
0.2109241
0.2304334
0.2443416
0.2539169
0.2646774
0.2810135
0.3014169
0.3191876
0.3282053
0.3284464
0.3258229
0.3259328
0.3275060
0.3226979
0.3050117
0.2769719
0.2488011
0.2287449
0.2151312
0.1985177
0.1712724
0.1343644
0.0950069
0.0588783
0.0257124
-0.0076838
-0.0414625
-0.0710115
-0.0910216
-0.1002142
-0.1018357
-0.1006904
-0.1005863
-0.1036364
-0.1100197
-0.1177411
-0.1238328
-0.1271719
-0.1301710
-0.1366863
-0.1474521
-0.1578785
-0.1615928
-0.1571093
-0.1505908
-0.1507369
-0.1603808
-0.1737192
-0.1823195
-0.1834136
-0.1817852
-0.1839350
-0.1912345
-0.1989791
-0.2016097
-0.1983362
-0.1936258
-0.1925972
-0.1963159
-0.2013357
-0.2030543
-0.1993568
-0.1921007
-0.1861306
-0.1861832
-0.1929354
-0.2013850
-0.2042870
-0.1986020
-0.1887370
-0.1827566
-0.1849759
-0.1923686
-0.1983476
-0.1997207
-0.1993288
-0.2018276
-0.2079103
-0.2137162
-0.2154087
-0.2127520
-0.2079714
-0.2030355
-0.1995948
-0.2003094
-0.2075186
-0.2197716
-0.2314746
-0.2379261
-0.2406013
-0.2458280
-0.2572816
-0.2707518
-0.2780606
-0.2763407
-0.2716178
-0.2718104
-0.2773319
-0.2808342
-0.2763304
-0.2663975
-0.2591153
-0.2592338
-0.2640760
-0.2676573
-0.2668588
-0.2628210
-0.2578473
-0.2530673
-0.2493631
-0.2484778
-0.2510873
-0.2542160
-0.2530169
-0.2463148
-0.2388303
-0.2360819
-0.2377319
-0.2379732
-0.2327314
-0.2246293
-0.2195596
-0.2192746
-0.2191405
-0.2137841
-0.2039540
-0.1965323
-0.1976607
-0.2068889
-0.2185969
-0.2279197
-0.2336898
-0.2362190
-0.2348990
-0.2295507
-0.2227920
-0.2188171
-0.2192826
-0.2214293
-0.2211259
-0.2176458
-0.2147737
-0.2166488
-0.2226636
-0.2273696
-0.2261128
-0.2203571
-0.2165800
-0.2198018
-0.2286005
-0.2363866
-0.2372552
-0.2310719
-0.2236632
-0.2218197
-0.2269718
-0.2331793
-0.2318257
-0.2190421
-0.1989454
-0.1797127
-0.1662291
-0.1560721
-0.1424321
-0.1206785
-0.0907334
-0.0511589
0.0088686
0.1084552
0.2621462
0.4665411
0.6992074
0.9290241
1.1246118
1.2521141
1.2705156
1.1413912
0.8570014
0.4661373
0.0680777
-0.2326034
-0.3811839
-0.3955856
-0.3410118
-0.2810994
-0.2450984
-0.2294045
-0.2201384
-0.2112916
-0.2057507
-0.2063225
-0.2106643
-0.2145405
-0.2163810
-0.2166270
-0.2145217
-0.2084411
-0.1993669
-0.1916397
-0.1889778
-0.1905513
-0.1918823
-0.1893829
-0.1834515
-0.1770241
-0.1714337
-0.1643514
-0.1523006
-0.1347387
-0.1146654
-0.0953196
-0.0775102
-0.0604070
-0.0434943
-0.0269772
-0.0116046
0.0005984
0.0063103
0.0034867
-0.0054889
-0.0140336
-0.0157674
-0.0095160
-0.0003168
0.0050517
0.0043435
0.0017154
0.0031508
0.0106829
0.0217414
0.0330894
0.0437759
0.0546781
0.0670682
0.0819406
0.0991650
0.1166570
0.1316365
0.1437027
0.1561039
0.1729632
0.1948713
0.2174557
0.2350868
0.2467999
0.2581230
0.2756839
0.3000433
0.3255949
0.3477923
0.3679347
0.3891988
0.4101604
0.4252065
0.4308334
0.4288016
0.4223171
0.4110442
0.3918482
0.3645532
0.3352665
0.3117205
0.2946528
0.2759590
0.2477599
0.2123428
0.1803219
0.1590454
0.1457542
0.1329674
0.1178269
0.1041755
0.0968717
0.0960169
0.0967382
0.0939104
0.0869532
0.0798375
0.0763929
0.0765153
0.0772280
0.0757093
0.0701710
0.0599450
0.0472098
0.0374414
0.0354254
0.0408555
0.0493510
0.0571075
0.0631453
0.0681719
0.0731179
0.0780004
0.0807662
0.0783065
0.0701003
0.0599393
0.0529975
0.0521047
0.0568518
0.0639556
0.0681140
0.0657800
0.0595228
0.0558491
0.0574822
0.0607950
0.0619376
0.0618822
0.0637829
0.0687428
0.0757978
0.0829383
0.0871420
0.0868873
0.0851643
0.0860882
0.0887983
0.0897289
0.0899524
0.0931373
0.0967410
0.0946413
0.0897989
0.0934288
0.1077365
0.1206150
0.1238112
