-0.1175627
-0.1631571
-0.1155738
-0.0924894
-0.1213853
-0.1403144
-0.1275012
-0.1234195
-0.1419781
-0.1521585
-0.1452300
-0.1458985
-0.1563141
-0.1511275
-0.1289195
-0.1157355
-0.1179423
-0.1172319
-0.1097373
-0.1087255
-0.1122554
-0.1060923
-0.0949578
-0.0970696
-0.1117165
-0.1215803
-0.1217514
-0.1207850
-0.1204864
-0.1180576
-0.1194695
-0.1291987
-0.1363051
-0.1301579
-0.1195586
-0.1186915
-0.1254129
-0.1294970
-0.1302513
-0.1308555
-0.1275775
-0.1189020
-0.1137744
-0.1183169
-0.1254581
-0.1277054
-0.1283363
-0.1314247
-0.1332447
-0.1312416
-0.1292613
-0.1275685
-0.1200758
-0.1067748
-0.0966738
-0.0941858
-0.0945473
-0.0954196
-0.1004754
-0.1091263
-0.1151068
-0.1174954
-0.1218523
-0.1291662
-0.1340835
-0.1341072
-0.1309046
-0.1243138
-0.1150839
-0.1107039
-0.1176363
-0.1300279
-0.1361703
-0.1338446
-0.1305087
-0.1316095
-0.1369714
-0.1447280
-0.1508665
-0.1491434
-0.1387907
-0.1279549
-0.1234789
-0.1225842
-0.1198425
-0.1156125
-0.1119680
-0.1073983
-0.1015446
-0.0985473
-0.0999716
-0.1004076
-0.0950091
-0.0860318
-0.0785490
-0.0753696
-0.0783339
-0.0880690
-0.1003976
-0.1092726
-0.1144490
-0.1199909
-0.1253762
-0.1255654
-0.1197336
-0.1118853
-0.1025579
-0.0879320
-0.0677969
-0.0463754
-0.0227786
0.0145722
0.0828975
0.1962601
0.3576515
0.5541207
0.7616225
0.9572508
1.1203209
1.2166669
1.1935474
1.0097765
0.6802313
0.2883121
-0.0513663
-0.2539043
-0.3068466
-0.2662126
-0.2083616
-0.1762369
-0.1654590
-0.1541920
-0.1355160
-0.1193936
-0.1150902
-0.1211327
-0.1289843
-0.1306955
-0.1246257
-0.1166005
-0.1138903
-0.1175086
-0.1228423
-0.1264678
-0.1278750
-0.1260512
-0.1205201
-0.1153542
-0.1158925
-0.1208647
-0.1228958
-0.1171398
-0.1051360
-0.0908482
-0.0774386
-0.0669571
-0.0585195
-0.0476079
-0.0314126
-0.0139077
-0.0019371
0.0024742
0.0029072
0.0037376
0.0073976
0.0138089
0.0196661
0.0211326
0.0198229
0.0226669
0.0330857
0.0459278
0.0540544
0.0564624
0.0572526
0.0602356
0.0673003
0.0785919
0.0913851
0.1014370
0.1076262
0.1132082
0.1218247
0.1349219
0.1528953
0.1750548
0.1983765
0.2200776
0.2414518
0.2655392
0.2914962
0.3152118
0.3348368
0.3515254
0.3654002
0.3752255
0.3816645
0.3863954
0.3877575
0.3810301
0.3637394
0.3386193
0.3116677
0.2885059
0.2707199
0.2540431
0.2325278
0.2062735
0.1820135
0.1640362
0.1481444
0.1273814
0.1003455
0.0708188
0.0424834
0.0175905
-0.0016427
-0.0140674
-0.0211722
-0.0255626
-0.0285759
-0.0298768
-0.0279693
-0.0215329
-0.0125811
-0.0072546
-0.0097974
-0.0163235
-0.0189084
-0.0160752
-0.0149038
-0.0218325
-0.0350144
-0.0468642
-0.0514382
-0.0488405
-0.0448431
-0.0462868
-0.0546903
-0.0646185
-0.0698897
-0.0700296
-0.0688142
-0.0687711
-0.0700015
-0.0723536
-0.0752357
-0.0764343
-0.0742489
-0.0703132
-0.0683065
-0.0705884
-0.0770622
-0.0856206
-0.0929067
-0.0971720
-0.1013344
-0.1099052
-0.1211135
-0.1252930
-0.1137321
-0.0874214
-0.0557692
-0.0289590
-0.0126270
-0.0069910
-0.0085937
-0.0137140
-0.0209928
-0.0302487
-0.0397686
-0.0468686
-0.0503703
-0.0503426
-0.0467187
-0.0410818
-0.0383259
-0.0424093
-0.0505988
-0.0555740
-0.0537646
-0.0490227
-0.0479737
-0.0539660
-0.0652427
-0.0766571
-0.0832155
-0.0838904
-0.0822905
-0.0830643
-0.0883772
-0.0977618
-0.1090330
-0.1187404
-0.1246967
-0.1292732
-0.1368233
-0.1458099
-0.1469129
-0.1323986
-0.1057583
-0.0792898
-0.0628367
-0.0564082
-0.0527912
-0.0459702
-0.0373878
-0.0341729
-0.0405805
-0.0521175
-0.0598572
-0.0594458
-0.0534130
-0.0459683
-0.0393345
-0.0349656
-0.0341548
-0.0359321
-0.0370099
-0.0353134
-0.0321711
-0.0302960
-0.0304532
-0.0301364
-0.0252267
-0.0141486
-0.0008270
0.0088965
0.0152731
0.0263647
0.0494995
0.0842196
0.1282496
0.1894142
0.2864649
0.4349274
0.6316980
0.8525704
1.0626972
1.2277396
1.3150326
1.2894407
1.1215902
0.8152047
0.4303359
0.0690845
-0.1770109
-0.2768614
-0.2657397
-0.2078673
-0.1523324
-0.1154847
-0.0926595
-0.0778365
-0.0705911
-0.0697806
-0.0693189
-0.0645966
-0.0594156
-0.0610665
-0.0691980
-0.0742824
-0.0680341
-0.0520630
-0.0350493
-0.0236764
-0.0175246
-0.0114787
-0.0020866
0.0084198
0.0147406
0.0150410
0.0132996
0.0144387
0.0189184
0.0233272
0.0245327
0.0218492
0.0168884
0.0129878
0.0133529
0.0180233
0.0235502
0.0267575
0.0278902
0.0295526
0.0340219
0.0421199
0.0528992
0.0635768
0.0713736
0.0763211
0.0811133
0.0878725
0.0963424
0.1052750
0.1141137
0.1235025
0.1358108
0.1547006
0.1817772
0.2132676
0.2419276
0.2630460
0.2778994
0.2916423
0.3086637
0.3290873
0.3484627
0.3617668
0.3691225
0.3765836
0.3896844
0.4070601
0.4219156
0.4289527
0.4285373
0.4250523
0.4224989
0.4207168
0.4146260
0.3982195
0.3707385
0.3383095
0.3085038
0.2837247
0.2601505
0.2321490
0.1976853
0.1609125
0.1296626
0.1086629
0.0947803
0.0805285
0.0626127
0.0454202
0.0357751
0.0357920
0.0410430
0.0441132
0.0398701
0.0291319
0.0177324
0.0106514
0.0066945
-0.0000408
-0.0134330
-0.0309582
-0.0457803
-0.0525841
-0.0522093
-0.0514108
-0.0568870
-0.0682856
-0.0782220
-0.0806100
-0.0778546
-0.0781294
-0.0862549
-0.0987084
-0.1071327
-0.1058065
-0.0964880
-0.0869091
-0.0837413
-0.0862330
-0.0875143
-0.0825827
-0.0737956
-0.0678374
-0.0683467
-0.0721296
-0.0718952
-0.0629460
-0.0487654
-0.0400408
-0.0460618
-0.0659400
-0.0891698
-0.1052022
-0.1117736
-0.1144285
-0.1197235
-0.1291687
-0.1383615
-0.1415922
-0.1381254
-0.1338753
-0.1360636
-0.1465143
-0.1608342
-0.1732511
-0.1811683
-0.1860531
-0.1914882
-0.1997288
-0.2086714
-0.2126814
-0.2078164
-0.1960254
-0.1832610
-0.1738294
-0.1672637
-0.1601123
-0.1501181
-0.1391628
-0.1322176
-0.1322484
-0.1359872
-0.1364711
-0.1306536
-0.1231423
-0.1214067
-0.1282555
-0.1397808
-0.1497991
-0.1556384
-0.1601452
-0.1681822
-0.1805296
-0.1916352
-0.1946918
-0.1888993
-0.1805258
-0.1768615
-0.1801192
-0.1867447
-0.1911740
-0.1904871
-0.1869366
-0.1859308
-0.1902253
-0.1961911
-0.1972170
-0.1910589
-0.1828710
-0.1806726
-0.1880791
-0.2010676
-0.2113918
-0.2135187
-0.2083869
-0.1999682
-0.1890887
-0.1730036
-0.1513582
-0.1295411
-0.1139455
-0.1055503
-0.1004663
-0.0958140
-0.0923879
-0.0911011
-0.0888588
-0.0798208
-0.0607651
-0.0332405
0.0023716
0.0555870
0.1452459
0.2856718
0.4720026
0.6800759
0.8791061
1.0403355
1.1330505
1.1200801
0.9700200
0.6847771
0.3189841
-0.0330951
-0.2827777
-0.3936955
-0.3936330
-0.3437488
-0.2942767
-0.2628293
-0.2437967
-0.2285167
-0.2147198
-0.2029098
-0.1910573
-0.1759262
-0.1583772
-0.1445349
-0.1399567
-0.1433543
-0.1478162
-0.1480923
-0.1448734
-0.1418887
-0.1412660
-0.1428431
-0.1458151
-0.1488953
-0.1497776
-0.1465303
-0.1399138
-0.1335338
-0.1312225
-0.1338133
-0.1379594
-0.1385853
-0.1336320
-0.1263448
-0.1217620
-0.1208099
-0.1189044
-0.1107414
-0.0958904
-0.0794939
-0.0675294
-0.0607400
-0.0529953
-0.0371163
-0.0135971
0.0077820
0.0172315
0.0157044
0.0146211
0.0245374
0.0451984
0.0669792
0.0810206
0.0873431
0.0935138
0.1061882
0.1246938
0.1430840
0.1573585
0.1692563
0.1835613
0.2037274
0.2301509
0.2601272
0.2882468
0.3090597
0.3217912
0.3318461
0.3456519
0.3635676
0.3788321
0.3841101
0.3789647
0.3704878
0.3660475
0.3653622
0.3604725
0.3437956
0.3151201
0.2802352
0.2447255
0.2111149
0.1804427
0.1529266
0.1263059
0.0965005
0.0623845
0.0291865
0.0049687
-0.0074338
-0.0145630
-0.0270931
-0.0492844
-0.0740545
-0.0900535
-0.0938980
-0.0938190
-0.1004400
-0.1154180
-0.1304127
-0.1361675
-0.1311964
-0.1222500
-0.1178703
-0.1216244
-0.1305106
-0.1389899
-0.1439252
-0.1453840
-0.1437685
-0.1381754
-0.1282287
-0.1162423
-0.1063203
-0.1012514
-0.1004732
-0.1010831
-0.1012061
-0.1025125
-0.1083443
-0.1184310
-0.1268114
-0.1273963
-0.1217620
-0.1192276
-0.1277027
-0.1450012
-0.1601920
-0.1637812
-0.1566075
-0.1487949
-0.1498288
-0.1597006
-0.1700949
-0.1737517
-0.1712906
-0.1687392
-0.1703573
-0.1753564
-0.1804489
-0.1835947
-0.1851717
-0.1867853
-0.1894786
-0.1927136
-0.1947799
-0.1940000
-0.1894291
-0.1810695
-0.1705303
-0.1613215
-0.1569294
-0.1576895
-0.1601646
-0.1602553
-0.1568509
-0.1526367
-0.1519075
-0.1572086
-0.1668717
-0.1755826
-0.1784349
-0.1751797
-0.1703089
-0.1688447
-0.1721301
-0.1772335
-0.1798051
-0.1778204
-0.1733150
-0.1704727
-0.1716516
-0.1754936
-0.1790050
-0.1806271
-0.1807957
-0.1807022
-0.1817963
-0.1857095
-0.1927415
-0.1999196
-0.2018269
-0.1947879
-0.1808699
-0.1674341
-0.1615044
-0.1633967
-0.1662820
-0.1634425
-0.1560228
-0.1519964
-0.1567443
-0.1660474
-0.1697730
-0.1620663
-0.1469357
-0.1339648
-0.1293043
-0.1309527
-0.1320912
-0.1279930
-0.1191233
-0.1084578
-0.0979432
-0.0883813
-0.0805521
-0.0737641
-0.0637876
-0.0449375
-0.0149080
0.0248702
0.0757780
0.1478294
0.2556746
0.4059596
0.5876301
0.7749462
0.9396886
1.0587948
1.1100986
1.0666127
0.9061727
0.6357929
0.3071711
0.0012123
-0.2123919
-0.3096966
-0.3153896
-0.2764248
-0.2310995
-0.1957516
-0.1709941
-0.1533739
-0.1403689
-0.1294951
-0.1185049
-0.1078513
-0.1005981
-0.0984736
-0.0991987
-0.0988197
-0.0959066
-0.0924562
-0.0910787
-0.0921518
-0.0936887
-0.0933964
-0.0905580
-0.0860068
-0.0807337
-0.0751837
-0.0699278
-0.0660335
-0.0640469
-0.0632022
-0.0624293
-0.0617021
-0.0614964
-0.0610804
-0.0581576
-0.0504089
-0.0372677
-0.0205951
-0.0040161
0.0089301
0.0168942
0.0213783
0.0253887
0.0314658
0.0404279
0.0509130
0.0599808
0.0654686
0.0688516
0.0753309
0.0899392
0.1129368
0.1389421
0.1607747
0.1748686
0.1837506
0.1932084
0.2064662
0.2212269
0.2329683
0.2407870
0.2488968
0.2621725
0.2811672
0.3020290
0.3206517
0.3361016
0.3499842
0.3631432
0.3738606
0.3797141
0.3804423
0.3776156
0.3714923
0.3600983
0.3427166
0.3229316
0.3058701
0.2920848
0.2758706
0.2509592
0.2176612
0.1835703
0.1568318
0.1388461
0.1238681
0.1056415
0.0836942
0.0627994
0.0473999
0.0380652
0.0329535
0.0304398
0.0290938
0.0265412
0.0205219
0.0114578
0.0026975
-0.0029715
-0.0070768
-0.0146760
-0.0286080
-0.0445644
-0.0535520
-0.0507563
-0.0414537
-0.0365370
-0.0418160
-0.0527206
-0.0598765
-0.0588556
-0.0536038
-0.0509142
-0.0529427
-0.0559086
-0.0555208
-0.0521189
-0.0495345
-0.0498896
-0.0514756
-0.0520287
-0.0521004
-0.0536968
-0.0567507
-0.0590347
-0.0596321
-0.0606039
-0.0639629
-0.0677924
-0.0671654
-0.0599223
-0.0508891
-0.0486784
-0.0572546
-0.0712382
-0.0806540
-0.0802943
-0.0737256
-0.0685639
-0.0692777
-0.0747794
-0.0811800
-0.0851809
-0.0852837
-0.0817135
-0.0765341
-0.0734068
-0.0755208
-0.0823494
-0.0888107
-0.0894565
-0.0845652
-0.0810236
-0.0854780
-0.0965744
-0.1053846
-0.1043180
-0.0950901
-0.0871737
-0.0883721
-0.0973001
-0.1053601
-0.1058617
-0.1005623
-0.0969633
-0.1000352
-0.1078115
-0.1147978
-0.1177645
-0.1171043
-0.1139842
-0.1085535
-0.1013789
-0.0947461
-0.0905918
-0.0871880
-0.0797165
-0.0656967
-0.0492046
-0.0374134
-0.0319074
-0.0251600
-0.0075730
0.0232972
0.0640151
0.1166934
0.1957391
0.3191243
0.4921317
0.7009475
0.9207875
1.1245967
1.2790994
1.3365083
1.2449236
0.9842306
0.6001325
0.1977006
-0.1119873
-0.2728210
-0.3034696
-0.2654745
-0.2141327
-0.1733385
-0.1437318
-0.1220799
-0.1090222
-0.1040817
-0.1017338
-0.0959407
-0.0863731
-0.0775090
-0.0724843
-0.0703345
-0.0691225
-0.0688591
-0.0698797
-0.0704605
-0.0686561
-0.0659946
-0.0666595
-0.0718301
-0.0764692
-0.0738677
-0.0634905
-0.0526370
-0.0491427
-0.0531608
-0.0575453
-0.0561527
-0.0500264
-0.0447036
-0.0431389
-0.0431546
-0.0411520
-0.0359843
-0.0285112
-0.0192679
-0.0084566
0.0022795
0.0101661
0.0145513
0.0190646
0.0289490
0.0456539
0.0649282
0.0811862
0.0933584
0.1053819
0.1210996
0.1401611
0.1595844
0.1779786
0.1966215
0.2167298
0.2374435
0.2573347
0.2768339
0.2976056
0.3193289
0.3384963
0.3518945
0.3612090
0.3726402
0.3907738
0.4132613
0.4325827
0.4429918
0.4448686
0.4423185
0.4378081
0.4300323
0.4163950
0.3963785
0.3721724
0.3466640
0.3214424
0.2965879
0.2715507
0.2455905
0.2177568
0.1875849
0.1564036
0.1273566
0.1032429
0.0842195
0.0680786
0.0529359
0.0393741
0.0297174
0.0251845
0.0238145
0.0213805
0.0146615
0.0040147
-0.0072493
-0.0159513
-0.0214936
-0.0257222
-0.0310326
-0.0385908
-0.0475805
-0.0555805
-0.0600637
-0.0603713
-0.0585670
-0.0580035
-0.0604722
-0.0644461
-0.0662845
-0.0636348
-0.0578910
-0.0530616
-0.0519237
-0.0534073
-0.0539559
-0.0512361
-0.0462056
-0.0418002
-0.0401691
-0.0412284
-0.0433146
-0.0448308
-0.0455061
-0.0465572
-0.0497276
-0.0557354
-0.0631325
-0.0686976
-0.0697099
-0.0666741
-0.0638324
-0.0662427
-0.0757253
-0.0895520
-0.1029717
-0.1127053
-0.1182499
-0.1209707
-0.1229368
-0.1262292
-0.1319138
-0.1387620
-0.1434464
-0.1431361
-0.1384277
-0.1332467
-0.1311793
-0.1319551
-0.1321784
-0.1296682
-0.1263261
-0.1260567
-0.1301968
-0.1357600
-0.1382285
-0.1355230
-0.1292477
-0.1228584
-0.1190610
-0.1182887
-0.1186288
-0.1170979
-0.1119470
-0.1046162
-0.0992205
-0.0990882
-0.1032072
-0.1066090
-0.1051717
-0.1001821
-0.0974979
-0.1017860
-0.1118260
-0.1216867
-0.1261753
-0.1248943
-0.1215329
-0.1200566
-0.1216348
-0.1243786
-0.1252795
-0.1226035
-0.1172878
-0.1125473
-0.1117153
-0.1155795
-0.1214142
-0.1250326
-0.1244264
-0.1215743
-0.1204578
-0.1231396
-0.1277694
-0.1303239
-0.1281796
-0.1221786
-0.1156515
-0.1116473
-0.1108805
-0.1119317
-0.1131298
-0.1141471
-0.1158758
-0.1190029
-0.1229082
-0.1259599
-0.1268114
-0.1254672
-0.1232776
-0.1219789
-0.1225358
-0.1245284
-0.1264324
-0.1266965
-0.1250674
-0.1231351
-0.1232065
-0.1259754
-0.1291277
-0.1288205
-0.1232868
-0.1152152
-0.1102187
-0.1124042
-0.1210409
-0.1314125
-0.1389720
-0.1428195
-0.1453271
-0.1486521
-0.1519909
-0.1525604
-0.1492478
-0.1448438
-0.1440741
-0.1491041
-0.1571603
-0.1630146
-0.1639988
-0.1623260
-0.1621800
-0.1646791
-0.1662224
-0.1620848
-0.1514210
-0.1384126
-0.1285412
-0.1239725
-0.1224838
-0.1203621
-0.1159525
-0.1106450
-0.1070637
-0.1065789
-0.1081713
-0.1091737
-0.1071935
-0.1019769
-0.0958685
-0.0921731
-0.0923899
-0.0947592
-0.0958831
-0.0942708
-0.0922611
-0.0938807
-0.1003316
-0.1078110
-0.1105591
-0.1066511
-0.1006741
-0.1001003
-0.1085429
-0.1224814
-0.1346793
-0.1407724
-0.1424065
-0.1440374
-0.1471139
-0.1479662
-0.1416786
-0.1278585
-0.1121771
-0.1018863
-0.0996177
-0.1014584
-0.1010641
-0.0957343
-0.0885899
-0.0848924
-0.0863252
-0.0890481
-0.0874913
-0.0800299
-0.0708450
-0.0662216
-0.0690160
-0.0765388
-0.0835152
-0.0869516
-0.0882406
-0.0907777
-0.0957729
-0.1005968
-0.1013616
-0.0971368
-0.0915047
-0.0897629
-0.0943965
-0.1032168
-0.1119229
-0.1182968
-0.1235011
-0.1291601
-0.1337867
-0.1330658
-0.1241626
-0.1095083
-0.0958534
-0.0892353
-0.0904660
-0.0949931
-0.0969312
-0.0937045
-0.0876048
-0.0832370
-0.0831002
-0.0850529
-0.0840138
-0.0767600
-0.0656438
-0.0573362
-0.0569870
-0.0631185
-0.0687227
-0.0680613
-0.0623694
-0.0583877
-0.0611954
-0.0689037
-0.0746405
-0.0735071
-0.0673097
-0.0626110
-0.0645084
-0.0723920
-0.0813853
-0.0874719
-0.0912252
-0.0969539
-0.1082730
-0.1238379
-0.1368033
-0.1390116
-0.1271585
-0.1057637
-0.0838178
-0.0678890
-0.0583260
-0.0519963
-0.0477669
-0.0480430
-0.0546614
-0.0644269
-0.0702558
-0.0673740
-0.0579022
-0.0487171
-0.0449726
-0.0462196
-0.0484845
-0.0488653
-0.0475392
-0.0463491
-0.0466921
-0.0484086
-0.0493297
-0.0458158
-0.0355256
-0.0210328
-0.0095510
-0.0064393
-0.0080524
-0.0032357
0.0152446
0.0411655
0.0608305
0.0722823
0.0976328
0.1714390
0.3127496
0.5078072
0.7201160
0.9146473
1.0683863
1.1584216
1.1492672
1.0057529
0.7283641
0.3765356
0.0493006
-0.1685491
-0.2524164
-0.2398239
-0.1920664
-0.1519413
-0.1293353
-0.1154034
-0.1027117
-0.0922066
-0.0871708
-0.0865559
-0.0857938
-0.0819648
-0.0760244
-0.0703743
-0.0661970
-0.0637787
-0.0637519
-0.0662100
-0.0689970
-0.0688248
-0.0650251
-0.0611215
-0.0611339
-0.0641931
-0.0642169
-0.0562801
-0.0430915
-0.0335647
-0.0338684
-0.0406633
-0.0447758
-0.0416893
-0.0367689
-0.0388593
-0.0493802
-0.0592918
-0.0574037
-0.0411317
-0.0186428
-0.0008625
0.0078701
0.0113642
0.0153475
0.0214101
0.0273111
0.0315646
0.0359592
0.0436228
0.0559186
0.0717181
0.0888187
0.1053074
0.1200615
0.1330482
0.1455953
0.1598239
0.1769564
0.1959140
0.2141524
0.2305293
0.2470926
0.2671349
0.2912236
0.3158869
0.3367517
0.3525628
0.3656421
0.3787653
0.3921364
0.4032308
0.4091273
0.4091731
0.4059512
0.4036761
0.4049620
0.4084650
0.4095302
0.4035459
0.3892730
0.3692269
0.3467758
0.3229965
0.2968166
0.2681550
0.2398074
0.2152439
0.1949914
0.1763319
0.1566677
0.1362984
0.1176489
0.1025876
0.0909718
0.0811795
0.0713861
0.0606963
0.0499935
0.0419810
0.0395439
0.0428572
0.0478172
0.0484080
0.0418699
0.0314645
0.0231258
0.0192316
0.0166628
0.0112685
0.0029323
-0.0048175
-0.0093094
-0.0112736
-0.0129116
-0.0148751
-0.0160026
-0.0153361
-0.0131805
-0.0099210
-0.0048277
0.0027684
0.0111954
0.0167338
0.0171836
0.0145131
0.0128350
0.0139142
0.0156947
0.0152608
0.0120899
0.0078748
0.0040261
0.0002846
-0.0043506
-0.0100017
-0.0154688
-0.0191451
-0.0200692
-0.0181664
-0.0141522
-0.0099250
-0.0086540
-0.0129604
-0.0220656
-0.0314797
-0.0367628
-0.0377351
-0.0382894
-0.0418673
-0.0476345
-0.0514944
-0.0507145
-0.0470818
-0.0450549
-0.0469234
-0.0506683
-0.0531768
-0.0545941
-0.0578592
-0.0639943
-0.0698337
-0.0717030
-0.0702674
-0.0699788
-0.0736680
-0.0791475
-0.0820573
-0.0812528
-0.0797823
-0.0800277
-0.0793184
-0.0723333
-0.0579801
-0.0420495
-0.0319591
-0.0301439
-0.0340043
-0.0410171
-0.0511889
-0.0642152
-0.0769542
-0.0859333
-0.0916166
-0.0980934
-0.1079643
-0.1189257
-0.1266913
-0.1306049
-0.1343889
-0.1407544
-0.1473003
-0.1498817
-0.1490467
-0.1500241
-0.1554559
-0.1608379
-0.1596040
-0.1516690
-0.1443517
-0.1445014
-0.1515612
-0.1592731
-0.1627244
-0.1619696
-0.1592923
-0.1555547
-0.1509550
-0.1477067
-0.1484390
-0.1508961
-0.1472632
-0.1320468
-0.1099252
-0.0924089
-0.0854771
-0.0826467
-0.0722090
-0.0504034
-0.0254285
-0.0082831
-0.0013774
0.0027453
0.0130311
0.0336381
0.0676568
0.1244921
0.2184374
0.3568287
0.5302453
0.7153999
0.8856821
1.0158168
1.0772887
1.0367587
0.8700367
0.5866561
0.2429887
-0.0748829
-0.2929197
-0.3861428
-0.3830411
-0.3368453
-0.2897789
-0.2569540
-0.2343334
-0.2150975
-0.1980017
-0.1846271
-0.1737536
-0.1609776
-0.1433541
-0.1226611
-0.1034779
-0.0892053
-0.0808053
-0.0780784
-0.0800735
-0.0842631
-0.0873186
-0.0879352
-0.0882145
-0.0912068
-0.0969817
-0.1016503
-0.1008174
-0.0942903
-0.0870532
-0.0848554
-0.0887296
-0.0945588
-0.0981134
-0.0993616
-0.1011217
-0.1044857
-0.1069313
-0.1049672
-0.0979257
-0.0890267
-0.0828889
-0.0817055
-0.0834505
-0.0837508
-0.0793664
-0.0696581
-0.0552644
-0.0365188
-0.0134711
0.0132831
0.0421934
0.0708401
0.0965563
0.1177407
0.1347403
0.1489005
0.1608019
0.1702516
0.1782296
0.1879803
0.2032152
0.2247123
0.2485113
0.2680747
0.2797349
0.2868815
0.2977661
0.3176267
0.3428899
0.3640460
0.3744178
0.3756289
0.3745230
0.3752223
0.3743029
0.3636998
0.3386331
0.3027900
0.2653721
0.2331541
0.2061332
0.1807155
0.1554205
0.1321416
0.1124777
0.0944713
0.0739960
0.0496031
0.0255466
0.0086653
0.0010358
-0.0036886
-0.0147696
-0.0346037
-0.0556673
-0.0682216
-0.0706209
-0.0711825
-0.0797418
-0.0976044
-0.1161248
-0.1255458
-0.1250410
-0.1230602
-0.1274744
-0.1367971
-0.1424436
-0.1387515
-0.1289330
-0.1211455
-0.1203636
-0.1249283
-0.1301720
-0.1341289
-0.1390021
-0.1470713
-0.1560588
-0.1597576
-0.1535047
-0.1383586
-0.1199517
-0.1043011
-0.0947326
-0.0910524
-0.0903836
-0.0896440
-0.0885057
-0.0897712
-0.0961000
-0.1065357
-0.1169052
-0.1237932
-0.1279397
-0.1334544
-0.1431915
-0.1548290
-0.1625591
-0.1635553
-0.1618119
-0.1639190
-0.1712212
-0.1778618
-0.1771351
-0.1687279
-0.1591772
-0.1558831
-0.1610347
-0.1707889
-0.1797281
-0.1857844
-0.1905633
-0.1952928
-0.1978759
-0.1948942
-0.1859421
-0.1751313
-0.1683941
-0.1692212
-0.1759164
-0.1824183
-0.1829296
-0.1769082
-0.1690752
-0.1638033
-0.1601715
-0.1535516
-0.1417677
-0.1286974
-0.1214267
-0.1239580
-0.1338134
-0.1450405
-0.1544304
-0.1636964
-0.1748854
-0.1853197
-0.1896134
-0.1866564
-0.1820978
-0.1825983
-0.1888839
-0.1956979
-0.1979505
-0.1957815
-0.1935321
-0.1944016
-0.1967495
-0.1960420
-0.1901194
-0.1816015
-0.1749861
-0.1725773
-0.1737539
-0.1767753
-0.1801610
-0.1835122
-0.1884812
-0.1979902
-0.2125411
-0.2274136
-0.2352706
-0.2322655
-0.2209329
-0.2067512
-0.1924793
-0.1766554
-0.1579304
-0.1399874
-0.1300176
-0.1308725
-0.1362657
-0.1367105
-0.1304737
-0.1259000
-0.1314113
-0.1450840
-0.1562120
-0.1565911
-0.1484799
-0.1410202
-0.1397656
-0.1407515
-0.1352576
-0.1197010
-0.0992691
-0.0811222
-0.0651023
-0.0417910
0.0019405
0.0769669
0.1892569
0.3386362
0.5175551
0.7109369
0.8969174
1.0468778
1.1261472
1.1001004
0.9480404
0.6799835
0.3449011
0.0193075
-0.2236655
-0.3476250
-0.3653973
-0.3222961
-0.2652071
-0.2206888
-0.1927010
-0.1736272
-0.1561794
-0.1384875
-0.1225020
-0.1106485
-0.1045033
-0.1045885
-0.1092281
-0.1142223
-0.1160237
-0.1155898
-0.1171610
-0.1225904
-0.1286433
-0.1309900
-0.1295554
-0.1283573
-0.1301817
-0.1325303
-0.1297960
-0.1198683
-0.1078029
-0.1012349
-0.1018433
-0.1034193
-0.0997262
-0.0922652
-0.0876667
-0.0882661
-0.0883478
-0.0807388
-0.0654727
-0.0504793
-0.0437194
-0.0451777
-0.0471692
-0.0427899
-0.0331161
-0.0246615
-0.0203489
-0.0155513
-0.0039889
0.0145284
0.0340123
0.0490407
0.0601733
0.0728775
0.0917976
0.1160452
0.1402503
0.1606419
0.1793521
0.2013661
0.2276778
0.2534267
0.2732631
0.2870236
0.2992861
0.3141571
0.3311501
0.3460547
0.3559692
0.3634005
0.3740976
0.3898648
0.4048247
0.4106247
0.4048816
0.3928600
0.3809623
0.3699887
0.3551082
0.3318267
0.3018920
0.2730920
0.2520629
0.2369758
0.2189424
0.1917283
0.1587726
0.1293133
0.1086614
0.0938970
0.0787280
0.0610363
0.0448808
0.0350601
0.0302864
0.0234445
0.0100072
-0.0051830
-0.0122221
-0.0071225
0.0042006
0.0135429
0.0193361
0.0261805
0.0370485
0.0483183
0.0531404
0.0490934
0.0415685
0.0384930
0.0416532
0.0449122
0.0420501
0.0346715
0.0303950
0.0341879
0.0435481
0.0517808
0.0541339
0.0508119
0.0456020
0.0419597
0.0398989
0.0369587
0.0323445
0.0287895
0.0293380
0.0333317
0.0367884
0.0362987
0.0319683
0.0271247
0.0252667
0.0263060
0.0259674
0.0205861
0.0125625
0.0087552
0.0125118
0.0193087
0.0217796
0.0177006
0.0113653
0.0076546
0.0063025
0.0028270
-0.0047805
-0.0111930
-0.0076561
0.0081858
0.0282480
0.0418400
0.0462159
0.0468717
0.0485038
0.0493351
0.0452873
0.0370025
0.0303940
0.0304163
0.0353948
0.0384130
0.0348067
0.0274467
0.0229003
0.0227578
0.0217116
0.0153834
0.0071173
0.0042031
0.0086597
0.0146119
0.0150834
0.0098193
0.0055868
0.0087022
0.0174752
0.0233515
0.0209347
0.0156199
0.0184363
0.0333302
0.0525917
0.0658806
0.0711041
0.0745506
0.0821771
0.0934380
0.1039930
0.1129685
0.1257713
0.1488478
0.1834560
0.2287011
0.2920150
0.3917384
0.5431836
0.7414890
0.9611089
1.1714593
1.3482417
1.4675064
1.4943459
1.3888184
1.1350084
0.7712498
0.3888564
0.0890582
-0.0727760
-0.1104415
-0.0812030
-0.0390910
-0.0077673
0.0138811
0.0315890
0.0441006
0.0467790
0.0407229
0.0344165
0.0352502
0.0413671
0.0445416
0.0405645
0.0338787
0.0316067
0.0358013
0.0427905
0.0481998
0.0512118
0.0546463
0.0612619
0.0695697
0.0742631
0.0722569
0.0672848
0.0663949
0.0725238
0.0827982
0.0937573
0.1056206
0.1206319
0.1386320
0.1552036
0.1646166
0.1656990
0.1647077
0.1699684
0.1824783
0.1942115
0.1976715
0.1949903
0.1949419
0.2022141
0.2123832
0.2175352
0.2152966
0.2119185
0.2164081
0.2310316
0.2482742
0.2588976
0.2624229
0.2670443
0.2792871
0.2970566
0.3140063
0.3278567
0.3422916
0.3619308
0.3868805
0.4119897
0.4316073
0.4457058
0.4601348
0.4791766
0.4991923
0.5122524
0.5154469
0.5139754
0.5151154
0.5212179
0.5283860
0.5300150
0.5216658
0.5039904
0.4808991
0.4545503
0.4237418
0.3881609
0.3518365
0.3200468
0.2940085
0.2704319
0.2453505
0.2172862
0.1881820
0.1624060
0.1431723
0.1287652
0.1139505
0.0961251
0.0783147
0.0652198
0.0581449
0.0545798
0.0508143
0.0442205
0.0348824
0.0257132
0.0194099
0.0151632
0.0101241
0.0038436
-0.0009652
-0.0020572
-0.0001586
0.0017207
-0.0002536
-0.0085467
-0.0205793
-0.0281561
-0.0240869
-0.0098579
0.0055217
0.0144843
0.0171427
0.0190472
0.0243222
0.0307542
0.0311235
0.0207409
0.0040028
-0.0091447
-0.0143349
-0.0172194
-0.0248511
-0.0359742
-0.0432893
-0.0435198
-0.0418017
-0.0462043
-0.0595577
-0.0766297
-0.0892291
-0.0949606
-0.1001278
-0.1118813
-0.1285655
-0.1413163
-0.1448911
-0.1428320
-0.1412641
-0.1416597
-0.1415240
-0.1392830
-0.1364022
-0.1359380
-0.1397325
-0.1461456
-0.1510590
-0.1522703
-0.1514726
-0.1502390
-0.1462962
-0.1366733
-0.1227642
-0.1090445
-0.0981100
-0.0900678
-0.0855093
-0.0856683
-0.0900156
-0.0961231
-0.1016031
-0.1050313
-0.1064469
-0.1081442
-0.1129453
-0.1203630
-0.1266712
-0.1298550
-0.1317766
-0.1342653
-0.1362287
-0.1363438
-0.1357483
-0.1363087
-0.1385841
-0.1425943
-0.1479813
-0.1525449
-0.1535070
-0.1512716
-0.1494310
-0.1503235
-0.1527241
-0.1538966
-0.1517258
-0.1456682
-0.1384222
-0.1355608
-0.1400794
-0.1480799
-0.1530754
-0.1534306
-0.1519525
-0.1492090
-0.1413936
-0.1250776
-0.1016034
-0.0771606
-0.0599608
-0.0552790
-0.0609428
-0.0695458
-0.0769730
-0.0862175
-0.1009134
-0.1184876
-0.1326215
-0.1398732
-0.1414018
-0.1407988
-0.1424000
-0.1488895
-0.1582822
-0.1656427
-0.1692517
-0.1723917
-0.1780292
-0.1848539
-0.1895686
-0.1901206
-0.1862976
-0.1804647
-0.1776988
-0.1813093
-0.1880706
-0.1916941
-0.1909541
-0.1905126
-0.1939193
-0.1996225
-0.2035274
-0.2019016
-0.1926421
-0.1774827
-0.1620370
-0.1501453
-0.1395333
-0.1264884
-0.1129084
-0.1047701
-0.1050379
-0.1113544
-0.1190838
-0.1240729
-0.1249753
-0.1255607
-0.1319065
-0.1447930
-0.1580136
-0.1663553
-0.1713940
-0.1771078
-0.1840454
-0.1904912
-0.1952616
-0.1968118
-0.1936906
-0.1883256
-0.1864362
-0.1904609
-0.1969227
-0.2014917
-0.2030699
-0.2024321
-0.2008267
-0.1999260
-0.1991436
-0.1941221
-0.1829610
-0.1725174
-0.1720345
-0.1804808
-0.1859668
-0.1782769
-0.1579299
-0.1338412
-0.1162297
-0.1100366
-0.1107399
-0.1083573
-0.0993833
-0.0919081
-0.0950165
-0.1070147
-0.1189506
-0.1259783
-0.1300959
-0.1349072
-0.1423134
-0.1514410
-0.1575345
-0.1558206
-0.1492574
-0.1474598
-0.1548733
-0.1652144
-0.1705286
-0.1702919
-0.1688635
-0.1696005
-0.1739549
-0.1806710
-0.1838397
-0.1775612
-0.1642274
-0.1527101
-0.1477716
-0.1469679
-0.1472310
-0.1474164
-0.1450229
-0.1379853
-0.1292757
-0.1224961
-0.1140422
-0.0972792
-0.0734968
-0.0515116
-0.0376343
-0.0322794
-0.0338487
-0.0393627
-0.0443288
-0.0482801
-0.0566081
-0.0710115
-0.0833414
-0.0855619
-0.0806205
-0.0770958
-0.0784563
-0.0830883
-0.0885021
-0.0902306
-0.0837374
-0.0723516
-0.0653570
-0.0636256
-0.0559866
-0.0341283
-0.0007460
0.0428860
0.1079074
0.2100944
0.3573097
0.5457240
0.7577684
0.9599423
1.1107954
1.1740089
1.1216649
0.9375143
0.6381533
0.2906251
-0.0117678
-0.2026452
-0.2714244
-0.2500063
-0.1863297
-0.1238996
-0.0843507
-0.0626045
-0.0455694
-0.0318336
-0.0260695
-0.0254040
-0.0252127
-0.0290884
-0.0392042
-0.0467454
-0.0458192
-0.0458862
-0.0562289
-0.0695804
-0.0745914
-0.0719278
-0.0658362
-0.0547717
-0.0422893
-0.0400306
-0.0479577
-0.0503321
-0.0422774
-0.0390448
-0.0482817
-0.0568544
-0.0557131
-0.0522507
-0.0487386
-0.0369996
-0.0225847
-0.0221936
-0.0298514
-0.0214262
0.0012376
0.0112511
0.0066169
0.0130800
0.0329550
0.0442389
0.0545047
0.0928522
0.1424947
0.1560630
0.1486554
0.1846453
0.2455276
0.2151241
0.0524314
