0.4029505
0.8150112
1.1137638
1.2741065
1.2741166
1.0923881
0.7831025
0.4643427
0.2150963
0.0356547
-0.0939555
-0.1753902
-0.2165386
-0.2421689
-0.2659229
-0.2839683
-0.2991008
-0.3210057
-0.3440444
-0.3540084
-0.3548213
-0.3623706
-0.3759748
-0.3806236
-0.3725553
-0.3598439
-0.3436814
-0.3207573
-0.2980293
-0.2848435
-0.2759310
-0.2596616
-0.2368503
-0.2161326
-0.1981123
-0.1778685
-0.1549992
-0.1288161
-0.0927528
-0.0454849
0.0011795
0.0359386
0.0610283
0.0838674
0.1061779
0.1291302
0.1582129
0.1946382
0.2313253
0.2638724
0.2961293
0.3299580
0.3594773
0.3800450
0.3935495
0.4016087
0.4030515
0.4000588
0.3962689
0.3865193
0.3587428
0.3090118
0.2468507
0.1848261
0.1302223
0.0854667
0.0476689
0.0085113
-0.0369351
-0.0820206
-0.1159437
-0.1368804
-0.1510955
-0.1630703
-0.1740760
-0.1859733
-0.1976578
-0.2013243
-0.1912416
-0.1744328
-0.1652870
-0.1702798
-0.1823228
-0.1883163
-0.1800247
-0.1613640
-0.1460409
-0.1414879
-0.1334501
-0.0945093
-0.0100547
0.1145236
0.2769012
0.4943290
0.7803297
1.1018534
1.3670071
1.4660140
1.3400014
1.0260649
0.6393791
0.3017539
0.0751485
-0.0477637
-0.1052944
-0.1311644
-0.1469896
-0.1659985
-0.1913012
-0.2156236
-0.2302420
-0.2349998
-0.2393940
-0.2546416
-0.2823080
-0.3087146
-0.3148007
-0.2959788
-0.2689558
-0.2543407
-0.2555065
-0.2587204
-0.2502370
-0.2280534
-0.1999838
-0.1758812
-0.1605652
-0.1505510
-0.1384642
-0.1218753
-0.1049894
-0.0909727
-0.0774376
-0.0614283
-0.0438410
-0.0260937
-0.0067603
0.0155958
0.0397905
0.0645903
0.0909761
0.1203575
0.1530585
0.1885353
0.2237595
0.2522983
0.2700261
0.2820409
0.2989936
0.3250618
0.3524750
0.3681832
0.3637927
0.3407843
0.3096550
0.2821835
0.2599734
0.2312334
0.1826974
0.1145754
0.0415932
-0.0191215
-0.0593882
-0.0830260
-0.1018451
-0.1263682
-0.1562620
-0.1806228
-0.1899872
-0.1866130
-0.1815663
-0.1844715
-0.1978082
-0.2175582
-0.2361083
-0.2466668
-0.2479798
-0.2446133
-0.2425196
-0.2456614
-0.2552193
-0.2676974
-0.2740496
-0.2659940
-0.2451259
-0.2223221
-0.2067783
-0.1985087
-0.1921278
-0.1845366
-0.1777622
-0.1767391
-0.1847358
-0.1987177
-0.2094983
-0.2091313
-0.1983433
-0.1851995
-0.1774857
-0.1777595
-0.1833024
-0.1880732
-0.1870449
-0.1823659
-0.1839950
-0.2007844
-0.2311027
-0.2638276
-0.2871576
-0.2952782
-0.2896329
-0.2772481
-0.2666600
-0.2625814
-0.2641539
-0.2682617
-0.2725639
-0.2751188
-0.2741228
-0.2692988
-0.2611740
-0.2483314
-0.2284250
-0.2033167
-0.1808148
-0.1695570
-0.1717241
-0.1770076
-0.1582727
-0.0750646
0.1068251
0.3861321
0.7096198
0.9856405
1.1234515
1.0765751
0.8652573
0.5639263
0.2617405
0.0232995
-0.1274667
-0.2001544
-0.2218861
-0.2220039
-0.2201108
-0.2215511
-0.2228386
-0.2206468
-0.2156601
-0.2110557
-0.2103286
-0.2153006
-0.2238210
-0.2304880
-0.2318499
-0.2302631
-0.2309926
-0.2358473
-0.2403755
-0.2369983
-0.2217834
-0.2001629
-0.1851234
-0.1860923
-0.1985730
-0.2073629
-0.2009540
-0.1807997
-0.1565237
-0.1351454
-0.1157005
-0.0913491
-0.0553004
-0.0068889
0.0466279
0.0954222
0.1351036
0.1691011
0.2037849
0.2422779
0.2820892
0.3174538
0.3450729
0.3687576
0.3963909
0.4298393
0.4591361
0.4692931
0.4527732
0.4144167
0.3659725
0.3176622
0.2730607
0.2288962
0.1796871
0.1242961
0.0682685
0.0194042
-0.0186187
-0.0489226
-0.0794535
-0.1172995
-0.1612670
-0.1993886
-0.2178333
-0.2152406
-0.2064005
-0.2090271
-0.2269089
-0.2467811
-0.2511685
-0.2343264
-0.2071133
-0.1870669
-0.1831957
-0.1901435
-0.1963969
-0.1957534
-0.1899159
-0.1836268
-0.1812185
-0.1858893
-0.1971269
-0.2082503
-0.2107998
-0.2037471
-0.1963834
-0.1997417
-0.2149515
-0.2308220
-0.2339573
-0.2224181
-0.2089553
-0.2085146
-0.2218179
-0.2333449
-0.2267406
-0.2007457
-0.1695112
-0.1497493
-0.1486222
-0.1608917
-0.1744954
-0.1797435
-0.1759267
-0.1701167
-0.1695563
-0.1753790
-0.1828007
-0.1856049
-0.1806412
-0.1702411
-0.1609738
-0.1583497
-0.1618130
-0.1656862
-0.1650824
-0.1601412
-0.1551470
-0.1546898
-0.1596974
-0.1656057
-0.1656796
-0.1585316
-0.1514081
-0.1528572
-0.1618739
-0.1673462
-0.1601422
-0.1446013
-0.1359736
-0.1450169
-0.1647358
-0.1740211
-0.1572765
-0.1211124
-0.0896214
-0.0825370
-0.0996347
-0.1246715
-0.1366066
-0.1107703
-0.0142395
0.1844583
0.4854857
0.8307545
1.1122334
1.2231595
1.1206216
0.8514195
0.5200078
0.2256822
0.0180543
-0.1047011
-0.1698522
-0.2048250
-0.2262272
-0.2401999
-0.2472604
-0.2472838
-0.2422584
-0.2362195
-0.2331348
-0.2338975
-0.2347503
-0.2301092
-0.2185674
-0.2053213
-0.1969463
-0.1939502
-0.1895965
-0.1759335
-0.1508200
-0.1204596
-0.0958297
-0.0846175
-0.0844954
-0.0850156
-0.0776255
-0.0631587
-0.0483974
-0.0366190
-0.0237149
-0.0035843
0.0242877
0.0535343
0.0772146
0.0951902
0.1142905
0.1403530
0.1713369
0.2003867
0.2251446
0.2513800
0.2869207
0.3341243
0.3887077
0.4432279
0.4899555
0.5222773
0.5364061
0.5329883
0.5165170
0.4918925
0.4603069
0.4187653
0.3655509
0.3065554
0.2531880
0.2112962
0.1738988
0.1286578
0.0729371
0.0185759
-0.0198437
-0.0402584
-0.0553278
-0.0793631
-0.1134937
-0.1443075
-0.1575183
-0.1523659
-0.1416720
-0.1385514
-0.1446658
-0.1504996
-0.1441746
-0.1202606
-0.0844083
-0.0516172
-0.0359111
-0.0362876
-0.0325441
0.0014931
0.0792580
0.1981160
0.3554089
0.5616363
0.8252803
1.1148279
1.3398996
1.3892065
1.2091000
0.8550478
0.4625617
0.1582366
-0.0121690
-0.0834928
-0.1155224
-0.1423430
-0.1654867
-0.1783739
-0.1850561
-0.1954043
-0.2108685
-0.2222257
-0.2205803
-0.2056481
-0.1826985
-0.1566021
-0.1320583
-0.1155882
-0.1113695
-0.1149287
-0.1154150
-0.1065889
-0.0939521
-0.0888398
-0.0955058
-0.1056690
-0.1071246
-0.0972706
-0.0859792
-0.0837210
-0.0883934
-0.0864547
-0.0671072
-0.0334666
0.0004080
0.0218966
0.0297379
0.0347176
0.0517417
0.0885723
0.1393058
0.1887895
0.2253251
0.2505583
0.2772206
0.3163767
0.3656980
0.4102271
0.4360295
0.4435250
0.4456978
0.4521080
0.4564871
0.4422387
0.3993576
0.3339031
0.2613422
0.1931646
0.1310295
0.0722274
0.0181252
-0.0246783
-0.0517246
-0.0673909
-0.0819431
-0.1016510
-0.1233883
-0.1393669
-0.1454813
-0.1441388
-0.1405428
-0.1378943
-0.1357718
-0.1318951
-0.1250686
-0.1164693
-0.1080916
-0.1005889
-0.0935480
-0.0875517
-0.0847489
-0.0871533
-0.0950347
-0.1068307
-0.1198511
-0.1312381
-0.1390430
-0.1424347
-0.1409765
-0.1351676
-0.1286971
-0.1282463
-0.1379891
-0.1540009
-0.1666672
-0.1703968
-0.1701154
-0.1763727
-0.1932790
-0.2119822
-0.2176007
-0.2035590
-0.1783821
-0.1573199
-0.1482047
-0.1473093
-0.1478998
-0.1488060
-0.1529388
-0.1607136
-0.1687568
-0.1745244
-0.1788873
-0.1830110
-0.1848323
-0.1810869
-0.1729302
-0.1673055
-0.1703610
-0.1796332
-0.1854869
-0.1821908
-0.1758655
-0.1784886
-0.1939664
-0.2127030
-0.2212608
-0.2162319
-0.2073596
-0.2071059
-0.2176331
-0.2284736
-0.2277914
-0.2160813
-0.2070211
-0.2125950
-0.2273869
-0.2298551
-0.2013652
-0.1447832
-0.0839544
-0.0440129
-0.0317034
-0.0352186
-0.0420168
-0.0511971
-0.0610703
-0.0436054
0.0586879
0.2941287
0.6470572
1.0181816
1.2675104
1.2942239
1.0948320
0.7577804
0.4036512
0.1197989
-0.0666367
-0.1726608
-0.2281136
-0.2559365
-0.2688768
-0.2730286
-0.2708294
-0.2631639
-0.2517487
-0.2406211
-0.2347353
-0.2360373
-0.2406826
-0.2411532
-0.2321956
-0.2147943
-0.1943970
-0.1760726
-0.1615108
-0.1490498
-0.1352367
-0.1175599
-0.0978369
-0.0828789
-0.0796498
-0.0882529
-0.1000788
-0.1041182
-0.0961027
-0.0817070
-0.0701199
-0.0637323
-0.0546116
-0.0322983
0.0049300
0.0476061
0.0838954
0.1098722
0.1313036
0.1570553
0.1912849
0.2302862
0.2654782
0.2904627
0.3069521
0.3238092
0.3487212
0.3796030
0.4042683
0.4095497
0.3917945
0.3588120
0.3216245
0.2850908
0.2473896
0.2071204
0.1672002
0.1302561
0.0934574
0.0520814
0.0079192
-0.0297281
-0.0534954
-0.0667366
-0.0807003
-0.1029213
-0.1295569
-0.1495410
-0.1555865
-0.1505568
-0.1436611
-0.1417187
-0.1443105
-0.1457175
-0.1401836
-0.1267509
-0.1116465
-0.1056910
-0.1159714
-0.1380319
-0.1580227
-0.1650109
-0.1610484
-0.1576779
-0.1627193
-0.1721288
-0.1754661
-0.1680480
-0.1560080
-0.1492061
-0.1508150
-0.1555427
-0.1574466
-0.1569096
-0.1587601
-0.1654823
-0.1744370
-0.1808142
-0.1808425
-0.1721860
-0.1541598
-0.1297311
-0.1064402
-0.0928779
-0.0924364
-0.1001665
-0.1066789
-0.1064475
-0.1027758
-0.1040990
-0.1150953
-0.1317586
-0.1450155
-0.1482416
-0.1413874
-0.1298639
-0.1211775
-0.1215743
-0.1327841
-0.1497894
-0.1624331
-0.1622326
-0.1505110
-0.1397661
-0.1437640
-0.1634006
-0.1833203
-0.1857859
-0.1689060
-0.1489897
-0.1433222
-0.1520235
-0.1589019
-0.1496929
-0.1270770
-0.1064819
-0.0984708
-0.0980017
-0.0925194
-0.0790933
-0.0696335
-0.0753238
-0.0840783
-0.0544239
0.0631846
0.2889795
0.5866047
0.8692996
1.0419332
1.0533401
0.9209782
0.7092920
0.4815379
0.2663391
0.0630349
-0.1284488
-0.2883087
-0.3875517
-0.4146274
-0.3881903
-0.3429269
-0.3042359
-0.2765126
-0.2518358
-0.2247852
-0.1979605
-0.1772095
-0.1653956
-0.1606462
-0.1583044
-0.1538019
-0.1450215
-0.1333381
-0.1224515
-0.1151509
-0.1101271
-0.1019686
-0.0855428
-0.0615844
-0.0378480
-0.0236355
-0.0220925
-0.0270697
-0.0272257
-0.0142693
0.0105444
0.0368528
0.0536386
0.0598843
0.0675189
0.0921674
0.1391184
0.1977775
0.2504063
0.2873427
0.3145623
0.3463638
0.3900721
0.4379912
0.4752846
0.4959648
0.5098232
0.5322404
0.5671985
0.6011875
0.6142164
0.5966829
0.5556482
0.5055796
0.4543942
0.3993144
0.3351396
0.2637875
0.1941498
0.1340503
0.0847077
0.0428893
0.0059635
-0.0265035
-0.0546142
-0.0794329
-0.1020513
-0.1224104
-0.1398063
-0.1543339
-0.1670796
-0.1784582
-0.1868090
-0.1895678
-0.1861354
-0.1790381
-0.1718840
-0.1664656
-0.1619007
-0.1559493
-0.1469961
-0.1357476
-0.1258105
-0.1218686
-0.1258210
-0.1341879
-0.1399662
-0.1380676
-0.1298360
-0.1226323
-0.1243616
-0.1370575
-0.1550086
-0.1694493
-0.1757414
-0.1764030
-0.1775064
-0.1823538
-0.1882703
-0.1889468
-0.1801158
-0.1638593
-0.1477328
-0.1390454
-0.1392041
-0.1432965
-0.1451023
-0.1426529
-0.1393383
-0.1397867
-0.1442200
-0.1465986
-0.1391893
-0.1202513
-0.0974446
-0.0826764
-0.0824482
-0.0926285
-0.1025696
-0.1047842
-0.1013713
-0.1012867
-0.1109101
-0.1269862
-0.1391746
-0.1398932
-0.1315293
-0.1239659
-0.1254335
-0.1357079
-0.1471573
-0.1514032
-0.1453121
-0.1319826
-0.1171618
-0.1048434
-0.0954850
-0.0874995
-0.0801324
-0.0745285
-0.0697198
-0.0535058
0.0040777
0.1418914
0.3793049
0.6850612
0.9727981
1.1379856
1.1167086
0.9239285
0.6415439
0.3659222
0.1558522
0.0171971
-0.0740342
-0.1391106
-0.1830501
-0.2035177
-0.2044550
-0.1982600
-0.1965426
-0.2010089
-0.2037970
-0.1962731
-0.1776170
-0.1556182
-0.1399143
-0.1346356
-0.1368365
-0.1407978
-0.1431949
-0.1445778
-0.1468429
-0.1500373
-0.1519474
-0.1506077
-0.1465192
-0.1418944
-0.1380831
-0.1343887
-0.1291874
-0.1213211
-0.1102443
-0.0956180
-0.0771333
-0.0539835
-0.0238809
0.0165751
0.0688028
0.1286225
0.1867949
0.2354574
0.2754308
0.3161447
0.3660242
0.4221618
0.4711455
0.5017753
0.5163012
0.5271972
0.5425241
0.5560960
0.5532008
0.5251041
0.4764431
0.4186270
0.3581290
0.2929936
0.2200157
0.1426520
0.0702990
0.0109259
-0.0338617
-0.0672206
-0.0931259
-0.1146529
-0.1335442
-0.1487827
-0.1562085
-0.1524854
-0.1408892
-0.1314706
-0.1328360
-0.1431717
-0.1511741
-0.1475929
-0.1355082
-0.1276610
-0.1334387
-0.1500402
-0.1671197
-0.1781079
-0.1845473
-0.1900748
-0.1937983
-0.1919611
-0.1846187
-0.1775370
-0.1765884
-0.1821561
-0.1906887
-0.2005413
-0.2134988
-0.2299162
-0.2451956
-0.2539930
-0.2569328
-0.2593005
-0.2615633
-0.2545437
-0.2284621
-0.1871341
-0.1494143
-0.1332835
-0.1388798
-0.1495479
-0.1501453
-0.1422586
-0.1396719
-0.1502458
-0.1656575
-0.1705308
-0.1596014
-0.1429427
-0.1341793
-0.1361708
-0.1400881
-0.1373865
-0.1301710
-0.1287909
-0.1403253
-0.1608504
-0.1791922
-0.1874031
-0.1871531
-0.1868004
-0.1933907
-0.2069394
-0.2201708
-0.2225201
-0.2064334
-0.1734583
-0.1353364
-0.1062590
-0.0905872
-0.0784994
-0.0575243
-0.0301438
-0.0150214
-0.0215766
-0.0189693
0.0620306
0.2794817
0.6175556
0.9697123
1.1937604
1.2005875
1.0058482
0.7064228
0.4088209
0.1716538
0.0000309
-0.1225647
-0.2062079
-0.2531955
-0.2713748
-0.2780019
-0.2880428
-0.3021431
-0.3090572
-0.2994271
-0.2755987
-0.2482854
-0.2257207
-0.2074998
-0.1883919
-0.1664367
-0.1462547
-0.1346789
-0.1337671
-0.1380571
-0.1382744
-0.1281496
-0.1089792
-0.0884696
-0.0746029
-0.0694012
-0.0681175
-0.0646864
-0.0578378
-0.0512058
-0.0472282
-0.0419658
-0.0275315
-0.0003541
0.0337666
0.0642064
0.0856585
0.1032650
0.1273362
0.1636421
0.2095853
0.2590361
0.3088288
0.3595166
0.4111592
0.4606242
0.5036640
0.5382621
0.5643978
0.5805321
0.5817142
0.5624472
0.5216788
0.4645939
0.3993813
0.3324762
0.2668099
0.2037029
0.1451453
0.0934903
0.0491504
0.0095975
-0.0281971
-0.0639155
-0.0933337
-0.1127962
-0.1239810
-0.1323369
-0.1398143
-0.1411415
-0.1303157
-0.1105098
-0.0932391
-0.0842825
-0.0726704
-0.0390836
0.0241960
0.1091493
0.2152646
0.3725941
0.6241479
0.9679922
1.3152048
1.5215148
1.4825682
1.2128037
0.8351785
0.4914245
0.2545957
0.1137133
0.0235943
-0.0431768
-0.0880623
-0.1103915
-0.1225403
-0.1395298
-0.1626534
-0.1806472
-0.1856983
-0.1831566
-0.1842468
-0.1926809
-0.2012718
-0.2006878
-0.1891412
-0.1733663
-0.1620020
-0.1589670
-0.1620734
-0.1664622
-0.1691359
-0.1707800
-0.1732532
-0.1749629
-0.1694130
-0.1502803
-0.1192391
-0.0876456
-0.0678068
-0.0610575
-0.0553842
-0.0366527
-0.0026312
0.0352168
0.0646273
0.0862835
0.1129990
0.1547684
0.2062049
0.2508296
0.2780268
0.2939590
0.3141263
0.3457596
0.3796298
0.4000588
0.4013468
0.3920885
0.3833342
0.3751132
0.3570345
0.3216936
0.2746383
0.2289761
0.1908177
0.1524753
0.1015534
0.0361594
-0.0304023
-0.0806872
-0.1084385
-0.1226510
-0.1370698
-0.1567186
-0.1750397
-0.1831267
-0.1799421
-0.1726039
-0.1676820
-0.1643444
-0.1573166
-0.1457515
-0.1370219
-0.1402372
-0.1562971
-0.1757874
-0.1877575
-0.1904829
-0.1927890
-0.2041297
-0.2232568
-0.2371246
-0.2319304
-0.2063537
-0.1743775
-0.1543388
-0.1538166
-0.1643826
-0.1711460
-0.1675445
-0.1604326
-0.1605094
-0.1687711
-0.1741956
-0.1656178
-0.1447128
-0.1253232
-0.1195389
-0.1259301
-0.1327724
-0.1318906
-0.1269916
-0.1275614
-0.1365764
-0.1470110
-0.1509625
-0.1499114
-0.1533565
-0.1670626
-0.1847904
-0.1937650
-0.1883990
-0.1770721
-0.1742181
-0.1860689
-0.2051081
-0.2185584
-0.2213063
-0.2197049
-0.2231682
-0.2334193
-0.2429948
-0.2440131
-0.2371427
-0.2309011
-0.2321318
-0.2379358
-0.2376336
-0.2228338
-0.1955853
-0.1668139
-0.1469504
-0.1379549
-0.1339211
-0.1286161
-0.1217640
-0.1179977
-0.1204007
-0.1258439
-0.1269307
-0.1186025
-0.1032314
-0.0895898
-0.0863096
-0.0950270
-0.1090577
-0.1193083
-0.1227546
-0.1255681
-0.1369265
-0.1585181
-0.1802970
-0.1881550
-0.1770084
-0.1559359
-0.1393869
-0.1334488
-0.1318114
-0.1251084
-0.1122565
-0.1011053
-0.0990476
-0.1050690
-0.1101191
-0.1004328
-0.0562170
0.0504224
0.2456276
0.5288472
0.8505983
1.1185629
1.2384703
1.1654085
0.9289129
0.6142134
0.3148413
0.0897944
-0.0503587
-0.1279770
-0.1716327
-0.1981987
-0.2116782
-0.2124641
-0.2050553
-0.1974724
-0.1950386
-0.1960094
-0.1935839
-0.1822659
-0.1628551
-0.1421811
-0.1282933
-0.1248330
-0.1283423
-0.1306175
-0.1254661
-0.1152360
-0.1102795
-0.1192133
-0.1379765
-0.1501279
-0.1410517
-0.1128712
-0.0836034
-0.0698379
-0.0706013
-0.0696026
-0.0531350
-0.0237833
0.0046278
0.0239604
0.0410083
0.0695923
0.1157111
0.1719805
0.2251218
0.2664071
0.2951206
0.3151662
0.3309044
0.3455098
0.3607572
0.3770016
0.3937826
0.4108697
0.4279962
0.4427111
0.4490220
0.4399320
0.4126966
0.3715157
0.3242931
0.2765066
0.2283841
0.1776154
0.1240032
0.0715114
0.0266343
-0.0052655
-0.0235554
-0.0335354
-0.0432357
-0.0571208
-0.0722820
-0.0817702
-0.0824447
-0.0789559
-0.0789620
-0.0845022
-0.0893902
-0.0861804
-0.0753304
-0.0662653
-0.0688888
-0.0845269
-0.1053470
-0.1217878
-0.1301052
-0.1339676
-0.1404327
-0.1540749
-0.1727917
-0.1880077
-0.1903787
-0.1778781
-0.1592621
-0.1481763
-0.1517466
-0.1641690
-0.1723077
-0.1685357
-0.1579339
-0.1522187
-0.1568194
-0.1649123
-0.1643351
-0.1493063
-0.1247750
-0.1004518
-0.0822307
-0.0694413
-0.0587324
-0.0490366
-0.0426603
-0.0425122
-0.0489913
-0.0593349
-0.0693315
-0.0757110
-0.0779325
-0.0786090
-0.0818965
-0.0903402
-0.1026215
-0.1144921
-0.1222058
-0.1254608
-0.1277890
-0.1344324
-0.1486026
-0.1677384
-0.1829613
-0.1843919
-0.1698979
-0.1494817
-0.1392948
-0.1487494
-0.1722834
-0.1943574
-0.2034417
-0.2010108
-0.1965000
-0.1945991
-0.1897070
-0.1735109
-0.1460957
-0.1176164
-0.0994672
-0.0954328
-0.1012996
-0.1107711
-0.1200896
-0.1280813
-0.1345504
-0.1401283
-0.1465120
-0.1547813
-0.1631795
-0.1681738
-0.1687050
-0.1681766
-0.1706886
-0.1759475
-0.1798413
-0.1801534
-0.1795448
-0.1815520
-0.1850483
-0.1847375
-0.1770394
-0.1637150
-0.1490265
-0.1348640
-0.1203597
-0.1056356
-0.0932788
-0.0846093
-0.0762036
-0.0630818
-0.0458957
-0.0327591
-0.0322528
-0.0448056
-0.0599864
-0.0578222
-0.0090800
0.1212576
0.3568412
0.6810926
1.0199574
1.2621913
1.3153068
1.1602106
0.8618394
0.5270480
0.2439856
0.0479387
-0.0707555
-0.1376912
-0.1736063
-0.1912081
-0.1990651
-0.2019958
-0.1994891
-0.1888225
-0.1721657
-0.1588657
-0.1576890
-0.1661975
-0.1702852
-0.1569316
-0.1276348
-0.0977080
-0.0816273
-0.0798072
-0.0802077
-0.0720461
-0.0568519
-0.0460636
-0.0486424
-0.0617413
-0.0733642
-0.0733538
-0.0613789
-0.0451845
-0.0326775
-0.0258522
-0.0204982
-0.0100533
0.0097849
0.0383280
0.0706376
0.1013819
0.1289102
0.1562144
0.1880413
0.2264807
0.2684185
0.3070511
0.3368081
0.3579669
0.3767765
0.4003876
0.4304371
0.4605608
0.4803811
0.4835712
0.4734745
0.4602952
0.4509845
0.4411783
0.4180761
0.3723387
0.3073196
0.2365663
0.1726079
0.1183060
0.0684864
0.0188422
-0.0277940
-0.0641786
-0.0867201
-0.0996399
-0.1110517
-0.1259980
-0.1436882
-0.1600704
-0.1715396
-0.1767573
-0.1770365
-0.1760412
-0.1780252
-0.1844960
-0.1918092
-0.1929936
-0.1838970
-0.1687235
-0.1585986
-0.1625205
-0.1785565
-0.1945181
-0.1982862
-0.1879914
-0.1726283
-0.1633439
-0.1638078
-0.1677814
-0.1653730
-0.1523432
-0.1342053
-0.1212431
-0.1190291
-0.1235627
-0.1256847
-0.1203336
-0.1116053
-0.1086140
-0.1159646
-0.1283268
-0.1351667
-0.1312619
-0.1219425
-0.1175387
-0.1234628
-0.1363465
-0.1486184
-0.1550426
-0.1552702
-0.1527400
-0.1528337
-0.1606496
-0.1773071
-0.1966026
-0.2067876
-0.1992145
-0.1774337
-0.1564343
-0.1499094
-0.1572577
-0.1646261
-0.1597504
-0.1446869
-0.1329198
-0.1349532
-0.1482897
-0.1612444
-0.1647450
-0.1593043
-0.1513465
-0.1448387
-0.1379964
-0.1274941
-0.1135912
-0.0999016
-0.0895703
-0.0835498
-0.0817516
-0.0830957
-0.0838397
-0.0789642
-0.0683837
-0.0604363
-0.0628868
-0.0637495
-0.0205840
0.1218223
0.3878377
0.7333477
1.0513397
1.2262547
1.1998991
0.9998714
0.7129532
0.4298106
0.2036609
0.0450619
-0.0577268
-0.1184847
-0.1478457
-0.1579535
-0.1637101
-0.1763997
-0.1970963
-0.2175358
-0.2276222
-0.2230827
-0.2081568
-0.1922421
-0.1829335
-0.1805750
-0.1790081
-0.1719855
-0.1591687
-0.1461142
-0.1386297
-0.1369474
-0.1350007
-0.1255254
-0.1064041
-0.0822714
-0.0600656
-0.0434309
-0.0313350
-0.0208233
-0.0099931
0.0011021
0.0111794
0.0195072
0.0282237
0.0431171
0.0707829
0.1134738
0.1659857
0.2178312
0.2598456
0.2905920
0.3171427
0.3487732
0.3888465
0.4325957
0.4724690
0.5046508
0.5300572
0.5500441
0.5621723
0.5600940
0.5375510
0.4935349
0.4345725
0.3716196
0.3133264
0.2609523
0.2091381
0.1521160
0.0906896
0.0339400
-0.0073412
-0.0310372
-0.0476191
-0.0716985
-0.1081850
-0.1470890
-0.1728822
-0.1794528
-0.1760584
-0.1783932
-0.1930275
-0.2101967
-0.2126694
-0.1926687
-0.1599751
-0.1330407
-0.1226854
-0.1248755
-0.1281278
-0.1259377
-0.1215626
-0.1221891
-0.1301932
-0.1407062
-0.1469041
-0.1461715
-0.1407576
-0.1343753
-0.1302327
-0.1310863
-0.1374377
-0.1446825
-0.1459069
-0.1412187
-0.1420146
-0.1585844
-0.1777422
-0.1546746
-0.0369440
0.1909189
0.4793849
0.7323966
0.8631625
0.8432337
0.7067951
0.5139055
0.3104887
0.1165839
-0.0591228
-0.2032125
-0.2980370
-0.3350700
-0.3243725
-0.2894662
-0.2527414
-0.2250569
-0.2066859
-0.1945857
-0.1873072
-0.1849867
-0.1874339
-0.1928833
-0.1979120
-0.1988297
-0.1942443
-0.1867252
-0.1816250
-0.1835643
-0.1927439
-0.2033425
-0.2059481
-0.1938359
-0.1685015
-0.1386092
-0.1124961
-0.0914068
-0.0697278
-0.0410832
-0.0042644
0.0356519
0.0714026
0.0994233
0.1224628
0.1465500
0.1755743
0.2090101
0.2442587
0.2801415
0.3178734
0.3588947
0.4015678
0.4401667
0.4686171
0.4864050
0.4995586
0.5135223
0.5247426
0.5210191
0.4916836
0.4379690
0.3735761
0.3146645
0.2678096
0.2263907
0.1787701
0.1207154
0.0601872
0.0103373
-0.0217765
-0.0403498
-0.0565396
-0.0792120
-0.1078092
-0.1326826
-0.1432201
-0.1374034
-0.1242390
-0.1168873
-0.1229351
-0.1397992
-0.1578231
-0.1680486
-0.1690409
-0.1673901
-0.1709302
-0.1807327
-0.1899435
-0.1907009
-0.1821382
-0.1718977
-0.1699058
-0.1795943
-0.1940994
-0.2016831
-0.1964007
-0.1837722
-0.1753563
-0.1776806
-0.1865369
-0.1912690
-0.1841384
-0.1667999
-0.1492090
-0.1417827
-0.1469490
-0.1575805
-0.1638724
-0.1618538
-0.1554824
-0.1512743
-0.1512141
-0.1503205
-0.1410608
-0.1209898
-0.0961641
-0.0760160
-0.0646029
-0.0579031
-0.0499962
-0.0408625
-0.0375091
-0.0471266
-0.0665037
-0.0736665
-0.0290011
0.1084951
0.3535342
0.6714691
0.9790493
1.1761080
1.1940021
1.0309449
0.7494189
0.4378672
0.1662009
-0.0344952
-0.1635440
-0.2327817
-0.2573311
-0.2556200
-0.2482816
-0.2504251
-0.2630876
-0.2740691
-0.2703828
-0.2514772
-0.2294689
-0.2159618
-0.2101899
-0.2013586
-0.1815339
-0.1545964
-0.1326393
-0.1244060
-0.1271910
-0.1298492
-0.1241605
-0.1131760
-0.1074893
-0.1131647
-0.1242932
-0.1276724
-0.1141739
-0.0860812
-0.0550361
-0.0329696
-0.0229421
-0.0171465
-0.0040930
0.0214299
0.0548619
0.0873273
0.1141517
0.1392244
0.1722551
0.2207705
0.2827560
0.3468643
0.4009481
0.4405934
0.4689728
0.4893914
0.4996303
0.4937886
0.4689287
0.4297423
0.3862267
0.3450847
0.3026015
0.2479460
0.1759574
0.0964978
0.0289959
-0.0138985
-0.0377141
-0.0609949
-0.0974911
-0.1421788
-0.1756617
-0.1842506
-0.1753840
-0.1709468
-0.1850439
-0.2106379
-0.2287596
-0.2281940
-0.2140845
-0.1990444
-0.1891784
-0.1799454
-0.1643103
-0.1428579
-0.1246816
-0.1188978
-0.1269484
-0.1433013
-0.1612593
-0.1766174
-0.1880121
-0.1968325
-0.2062500
-0.2176705
-0.2280201
-0.2327544
-0.2320926
-0.2324244
-0.2402593
-0.2552521
-0.2700963
-0.2778858
-0.2797185
-0.2839650
-0.2964646
-0.3120092
-0.3182828
-0.3093823
-0.2932653
-0.2837194
-0.2857277
-0.2903733
-0.2842115
-0.2631767
-0.2374851
-0.2226383
-0.2246047
-0.2338201
-0.2347053
-0.2208708
-0.1999716
-0.1845755
-0.1806027
-0.1846437
-0.1897352
-0.1920114
-0.1927663
-0.1954249
-0.2007097
-0.2049402
-0.2035538
-0.1962796
-0.1888504
-0.1898338
-0.2036031
-0.2207617
-0.2113704
-0.1311877
0.0547857
0.3431927
0.6785584
0.9677245
1.1180596
1.0807682
0.8751762
0.5777505
0.2813086
0.0510194
-0.0954582
-0.1768251
-0.2210807
-0.2444508
-0.2491049
-0.2357637
-0.2148283
-0.2030872
-0.2104089
-0.2323443
-0.2563106
-0.2731389
-0.2824407
-0.2895170
-0.2988818
-0.3096775
-0.3161382
-0.3130488
-0.3013123
-0.2877773
-0.2794828
-0.2780782
-0.2788045
-0.2740750
-0.2593103
-0.2367713
-0.2127734
-0.1898736
-0.1633430
-0.1275454
-0.0846608
-0.0440999
-0.0127479
0.0124326
0.0412463
0.0800554
0.1246371
0.1635147
0.1897702
0.2097078
0.2377050
0.2813145
0.3330389
0.3779032
0.4074557
0.4249691
0.4385070
0.4508990
0.4561879
0.4449009
0.4130706
0.3665035
0.3161218
0.2697685
0.2290842
0.1923442
0.1573963
0.1222877
0.0861249
0.0500702
0.0155557
-0.0185238
-0.0543935
-0.0906390
-0.1212727
-0.1411684
-0.1517784
-0.1607623
-0.1758373
-0.1981882
-0.2213052
-0.2372662
-0.2449242
-0.2507590
-0.2610391
-0.2749745
-0.2867102
-0.2919544
-0.2908579
-0.2862588
-0.2813369
-0.2777435
-0.2739543
-0.2663080
-0.2533671
-0.2385536
-0.2271057
-0.2209633
-0.2175209
-0.2128968
-0.2061637
-0.2010658
-0.2030577
-0.2130102
-0.2243197
-0.2286419
-0.2247776
-0.2198591
-0.2215451
-0.2309406
-0.2430617
-0.2518706
-0.2545569
-0.2531630
-0.2527920
-0.2568480
-0.2637880
-0.2694344
-0.2716436
-0.2711461
-0.2687533
-0.2637926
-0.2549726
-0.2415613
-0.2248135
-0.2095976
-0.2027226
-0.2068833
-0.2166732
-0.2225348
-0.2186635
-0.2065488
-0.1921743
-0.1807890
-0.1728874
-0.1639742
-0.1493459
-0.1297432
-0.1109329
-0.0978413
-0.0918595
-0.0943708
-0.1083011
-0.1306609
-0.1411439
-0.0989409
0.0431667
0.3075219
0.6582221
0.9944001
1.1898392
1.1618142
0.9208305
0.5633174
0.2133989
-0.0434463
-0.1908596
-0.2628412
-0.3002053
-0.3215737
-0.3266579
-0.3149035
-0.2937174
-0.2721820
-0.2544469
-0.2408190
-0.2312917
-0.2259625
-0.2234964
-0.2204438
-0.2127338
-0.1994098
-0.1850734
-0.1758943
-0.1717771
-0.1651813
-0.1499741
-0.1295588
-0.1140752
-0.1106555
-0.1173431
-0.1246550
-0.1221927
-0.1062710
-0.0829382
-0.0621733
-0.0481199
-0.0359826
-0.0180266
0.0094714
0.0444361
0.0809933
0.1135819
0.1425315
0.1756378
0.2205924
0.2751233
0.3278166
0.3699033
0.4041300
0.4411368
0.4881062
0.5404193
0.5832726
0.6030163
0.5988975
0.5824102
0.5637390
0.5413268
0.5068349
0.4570807
0.3973236
0.3349964
0.2744956
0.2175245
0.1650169
0.1178268
0.0762856
0.0387525
0.0015195
-0.0368437
-0.0711226
-0.0937719
-0.1050448
-0.1144566
-0.1293672
-0.1454882
-0.1522069
-0.1456859
-0.1337489
-0.1275909
-0.1294790
-0.1295989
-0.1172965
-0.0954935
-0.0783734
-0.0706566
-0.0553506
-0.0108892
0.0639861
0.1574277
0.2808395
0.4812637
0.7934482
1.1685343
1.4604420
1.5083793
1.2589888
0.8186797
0.3799506
0.0843120
-0.0539242
-0.1064508
-0.1371077
-0.1564535
-0.1496244
-0.1202342
-0.0956349
-0.0982239
-0.1232886
-0.1474528
-0.1547327
-0.1500800
-0.1476422
-0.1518142
-0.1552909
-0.1520909
-0.1438377
-0.1327693
-0.1169640
-0.0959375
-0.0749683
-0.0598917
-0.0513526
-0.0468507
-0.0451246
-0.0463783
-0.0506595
-0.0568763
-0.0611474
-0.0568614
-0.0398708
-0.0132261
0.0161808
0.0443189
0.0704818
0.0940659
0.1157088
0.1395717
0.1695524
0.2046221
0.2419014
0.2821141
0.3275158
0.3761810
0.4221524
0.4594956
0.4838153
0.4934707
0.4927094
0.4896825
0.4870654
0.4772460
0.4499000
0.4020458
0.3397648
0.2745168
0.2186303
0.1778087
0.1448293
0.1058355
0.0559146
0.0042142
-0.0380257
-0.0695665
-0.0977580
-0.1297684
-0.1661455
-0.1985617
-0.2142270
-0.2080427
-0.1903292
-0.1774544
-0.1756357
-0.1786272
-0.1783662
-0.1711709
-0.1564423
-0.1377799
-0.1242763
-0.1226570
-0.1277638
-0.1265722
-0.1114823
-0.0862040
-0.0613754
-0.0479651
-0.0502514
-0.0604482
-0.0649212
-0.0601417
-0.0570383
-0.0655801
-0.0822665
-0.0980517
-0.1109738
-0.1243117
-0.1385812
-0.1517715
-0.1627234
-0.1700728
-0.1729188
-0.1746689
-0.1796793
-0.1851491
-0.1846963
-0.1805487
-0.1819781
-0.1901100
-0.1949343
-0.1898258
-0.1793873
-0.1710602
-0.1678619
-0.1698378
-0.1737936
-0.1726035
-0.1639806
-0.1573678
-0.1620967
-0.1723248
-0.1746009
-0.1662490
-0.1553666
-0.1481315
-0.1477274
-0.1590062
-0.1807539
-0.1991736
-0.2021059
-0.1945636
-0.1895843
-0.1909843
-0.1946799
-0.1970262
-0.1920486
-0.1725569
-0.1444477
-0.1266796
-0.1269498
-0.1318981
-0.1300539
-0.1264730
-0.1256266
-0.1215482
-0.1169200
-0.1292605
-0.1623714
-0.1877982
-0.1623823
-0.0463189
0.1909002
0.5409505
0.9191987
1.1931937
1.2714308
1.1498222
0.8811978
0.5436061
0.2337086
0.0250767
-0.0898948
-0.1689739
-0.2244277
-0.2232047
-0.1890567
-0.2068433
-0.2769248
-0.2541869
-0.0098998
