-0.0937616
-0.1263878
-0.1006445
-0.0988313
-0.1309477
-0.1473038
-0.1382694
-0.1425228
-0.1710624
-0.1920998
-0.1894351
-0.1807080
-0.1770310
-0.1703533
-0.1618445
-0.1633804
-0.1697373
-0.1630643
-0.1454341
-0.1379429
-0.1479002
-0.1612394
-0.1647442
-0.1547888
-0.1305223
-0.1001409
-0.0869228
-0.1051113
-0.1299038
-0.1068690
0.0089926
0.2258803
0.5067637
0.7709269
0.9217973
0.9043138
0.7424918
0.5147374
0.2966457
0.1285847
0.0180408
-0.0476654
-0.0877924
-0.1142554
-0.1292234
-0.1355555
-0.1400785
-0.1444133
-0.1442298
-0.1415463
-0.1461132
-0.1600706
-0.1728051
-0.1764523
-0.1763674
-0.1811013
-0.1907264
-0.1991930
-0.2006043
-0.1907006
-0.1698521
-0.1465630
-0.1311258
-0.1247787
-0.1207259
-0.1142277
-0.1049722
-0.0921646
-0.0752711
-0.0574733
-0.0408112
-0.0206179
0.0073825
0.0373329
0.0590756
0.0722153
0.0871059
0.1127152
0.1486694
0.1874042
0.2199595
0.2424713
0.2605634
0.2839030
0.3138683
0.3415465
0.3601592
0.3723757
0.3812132
0.3809504
0.3635373
0.3298396
0.2894376
0.2521096
0.2223107
0.1983019
0.1739202
0.1440831
0.1101213
0.0776151
0.0501825
0.0289896
0.0155153
0.0085313
0.0007623
-0.0132538
-0.0267906
-0.0274022
-0.0150747
-0.0050080
-0.0075409
-0.0106388
0.0120190
0.0766338
0.1774662
0.3029196
0.4620315
0.6831814
0.9693404
1.2514422
1.4059015
1.3427597
1.0843584
0.7518825
0.4712596
0.2902628
0.1767924
0.0811840
-0.0092600
-0.0725842
-0.0949927
-0.0974938
-0.1146477
-0.1546077
-0.1920001
-0.2007570
-0.1837433
-0.1658902
-0.1660749
-0.1820391
-0.1983036
-0.2022589
-0.1933211
-0.1806926
-0.1738164
-0.1749460
-0.1802771
-0.1851527
-0.1856533
-0.1783112
-0.1631578
-0.1457490
-0.1315924
-0.1192669
-0.1030698
-0.0814865
-0.0587134
-0.0382955
-0.0194544
-0.0000401
0.0200098
0.0387772
0.0546680
0.0694435
0.0894820
0.1210468
0.1621952
0.2021165
0.2311688
0.2497041
0.2652670
0.2836611
0.3046194
0.3233370
0.3337794
0.3326229
0.3219616
0.3064509
0.2869408
0.2595539
0.2221374
0.1788382
0.1367710
0.1000614
0.0678160
0.0360241
0.0015103
-0.0336493
-0.0620675
-0.0782806
-0.0857469
-0.0935500
-0.1061686
-0.1194033
-0.1264237
-0.1251008
-0.1191705
-0.1142114
-0.1123160
-0.1094147
-0.0993125
-0.0823118
-0.0679577
-0.0664051
-0.0781229
-0.0944557
-0.1072003
-0.1154694
-0.1242773
-0.1384033
-0.1568172
-0.1720629
-0.1767897
-0.1720636
-0.1672882
-0.1706247
-0.1813614
-0.1926485
-0.1992428
-0.2009713
-0.2005576
-0.1997123
-0.1965460
-0.1869714
-0.1705705
-0.1544061
-0.1474552
-0.1504071
-0.1541771
-0.1503520
-0.1412147
-0.1376530
-0.1474272
-0.1657257
-0.1775988
-0.1718178
-0.1536553
-0.1412727
-0.1465238
-0.1615561
-0.1685241
-0.1614537
-0.1535693
-0.1616124
-0.1861513
-0.2098883
-0.2149786
-0.2008867
-0.1843708
-0.1815090
-0.1912119
-0.1987189
-0.1940244
-0.1821345
-0.1739424
-0.1719357
-0.1689755
-0.1589271
-0.1444959
-0.1345734
-0.1357023
-0.1458794
-0.1559161
-0.1579030
-0.1532834
-0.1517568
-0.1614990
-0.1808161
-0.1991621
-0.2057986
-0.1987481
-0.1868999
-0.1820845
-0.1869959
-0.1924588
-0.1896012
-0.1831862
-0.1879441
-0.2102549
-0.2368223
-0.2443449
-0.2204989
-0.1754695
-0.1337305
-0.1141782
-0.1168252
-0.1277247
-0.1352312
-0.1391295
-0.1442823
-0.1498956
-0.1487814
-0.1359715
-0.1150757
-0.0958516
-0.0865149
-0.0879312
-0.0945060
-0.1003958
-0.1022350
-0.0912848
-0.0432995
0.0746675
0.2753766
0.5231684
0.7372559
0.8330059
0.7736352
0.5926027
0.3683811
0.1722449
0.0322306
-0.0613602
-0.1250711
-0.1623037
-0.1695434
-0.1521967
-0.1281219
-0.1163128
-0.1240179
-0.1440473
-0.1632126
-0.1737246
-0.1776127
-0.1813551
-0.1874820
-0.1914105
-0.1850010
-0.1632015
-0.1299220
-0.0988629
-0.0858379
-0.0968430
-0.1235047
-0.1512567
-0.1709961
-0.1820197
-0.1862641
-0.1832882
-0.1712290
-0.1504977
-0.1250782
-0.0999122
-0.0770061
-0.0547169
-0.0314784
-0.0089993
0.0101677
0.0274053
0.0473568
0.0717611
0.0963560
0.1153272
0.1276215
0.1379790
0.1524394
0.1728430
0.1946571
0.2103905
0.2165341
0.2170841
0.2188961
0.2236779
0.2259431
0.2188975
0.2011863
0.1777560
0.1548102
0.1338322
0.1104567
0.0802077
0.0455113
0.0149519
-0.0059042
-0.0213102
-0.0408601
-0.0686964
-0.0984659
-0.1184268
-0.1207853
-0.1075041
-0.0890403
-0.0772325
-0.0775373
-0.0865675
-0.0961840
-0.0999427
-0.0974133
-0.0944150
-0.0984445
-0.1112979
-0.1258598
-0.1325059
-0.1294467
-0.1246603
-0.1264646
-0.1339082
-0.1380493
-0.1318992
-0.1177066
-0.1043630
-0.0983270
-0.0978720
-0.0968685
-0.0934459
-0.0924964
-0.0984788
-0.1079362
-0.1116826
-0.1037512
-0.0862224
-0.0657888
-0.0477582
-0.0336787
-0.0231337
-0.0167379
-0.0170667
-0.0260110
-0.0411435
-0.0562081
-0.0665434
-0.0734697
-0.0822266
-0.0955766
-0.1097169
-0.1165061
-0.1107882
-0.0973414
-0.0902345
-0.1021395
-0.1317404
-0.1621529
-0.1737063
-0.1601042
-0.1338902
-0.1169593
-0.1236479
-0.1494882
-0.1753586
-0.1844687
-0.1765805
-0.1651485
-0.1609063
-0.1603514
-0.1514629
-0.1292808
-0.1035378
-0.0897426
-0.0930518
-0.1024348
-0.1020908
-0.0878176
-0.0700493
-0.0613760
-0.0648135
-0.0751238
-0.0853397
-0.0843426
-0.0485901
0.0536045
0.2374755
0.4749976
0.6942646
0.8142545
0.7923698
0.6481691
0.4456648
0.2515482
0.1034069
0.0059736
-0.0537716
-0.0912690
-0.1172762
-0.1367761
-0.1504305
-0.1572146
-0.1569518
-0.1514411
-0.1438815
-0.1369539
-0.1307959
-0.1232437
-0.1130204
-0.1023410
-0.0951388
-0.0926670
-0.0918655
-0.0883825
-0.0809566
-0.0732063
-0.0712124
-0.0778348
-0.0880512
-0.0911070
-0.0796648
-0.0573432
-0.0360366
-0.0252806
-0.0245346
-0.0254370
-0.0205227
-0.0092842
0.0039963
0.0175920
0.0360020
0.0649323
0.1033869
0.1432229
0.1774072
0.2069171
0.2382599
0.2756416
0.3171722
0.3577625
0.3934910
0.4224284
0.4424510
0.4502067
0.4436565
0.4253139
0.4007837
0.3725843
0.3369606
0.2894068
0.2329881
0.1781932
0.1331221
0.0955261
0.0565151
0.0120027
-0.0309121
-0.0600035
-0.0706515
-0.0719808
-0.0792479
-0.0998738
-0.1277390
-0.1509042
-0.1628414
-0.1652733
-0.1626955
-0.1574486
-0.1501257
-0.1420971
-0.1358293
-0.1328938
-0.1322230
-0.1304430
-0.1239671
-0.1109245
-0.0916896
-0.0690521
-0.0488136
-0.0383525
-0.0410360
-0.0508604
-0.0550865
-0.0449486
-0.0240973
-0.0055887
-0.0003428
-0.0085029
-0.0211657
-0.0292920
-0.0304836
-0.0280682
-0.0258515
-0.0251672
-0.0241191
-0.0129861
0.0326383
0.1465553
0.3451766
0.5960092
0.8154260
0.9107478
0.8398434
0.6397935
0.3996825
0.2007167
0.0736019
0.0027939
-0.0385684
-0.0629032
-0.0712295
-0.0688437
-0.0684864
-0.0784500
-0.0938253
-0.1032572
-0.1030368
-0.1018295
-0.1108036
-0.1303642
-0.1481271
-0.1503227
-0.1344280
-0.1103717
-0.0908460
-0.0818185
-0.0810845
-0.0828597
-0.0826339
-0.0794411
-0.0752451
-0.0718459
-0.0675185
-0.0569644
-0.0354908
-0.0038245
0.0310885
0.0605781
0.0806642
0.0945730
0.1082727
0.1234142
0.1363940
0.1457389
0.1586049
0.1863502
0.2321312
0.2844798
0.3254612
0.3461699
0.3539699
0.3639963
0.3835399
0.4053893
0.4165155
0.4115611
0.3959806
0.3770756
0.3553949
0.3261779
0.2865576
0.2388206
0.1879673
0.1390518
0.0967962
0.0643034
0.0394458
0.0138955
-0.0199982
-0.0584881
-0.0843883
-0.0808912
-0.0505683
-0.0184190
-0.0115563
-0.0343246
-0.0651329
-0.0785169
-0.0686264
-0.0502619
-0.0396380
-0.0384438
-0.0383350
-0.0374618
-0.0451837
-0.0644134
-0.0703516
-0.0159623
0.1297708
0.3423973
0.5418879
0.6392471
0.5941856
0.4377889
0.2450726
0.0839567
-0.0181043
-0.0707256
-0.0955007
-0.1070662
-0.1118731
-0.1146566
-0.1199823
-0.1289044
-0.1380368
-0.1429642
-0.1415715
-0.1345937
-0.1251398
-0.1183295
-0.1188065
-0.1250912
-0.1259950
-0.1068972
-0.0650995
-0.0198486
-0.0016993
-0.0255822
-0.0734057
-0.1072134
-0.1028486
-0.0708499
-0.0438258
-0.0443581
-0.0660044
-0.0839424
-0.0810053
-0.0618396
-0.0435182
-0.0360109
-0.0337208
-0.0240851
-0.0008191
0.0319386
0.0653401
0.0929904
0.1138208
0.1311084
0.1496579
0.1723249
0.1976990
0.2210412
0.2380619
0.2481759
0.2540028
0.2573181
0.2555635
0.2434123
0.2188283
0.1870235
0.1568558
0.1329473
0.1124359
0.0898071
0.0635610
0.0370143
0.0133554
-0.0083340
-0.0313761
-0.0565466
-0.0801977
-0.0980886
-0.1102705
-0.1204531
-0.1302765
-0.1363384
-0.1347573
-0.1275226
-0.1215336
-0.1206303
-0.1206613
-0.1144820
-0.1015495
-0.0905911
-0.0911229
-0.1023764
-0.1123155
-0.1093167
-0.0946898
-0.0820433
-0.0835085
-0.0975188
-0.1109944
-0.1129548
-0.1051845
-0.0998880
-0.1075587
-0.1269354
-0.1463108
-0.1548142
-0.1528440
-0.1513839
-0.1606887
-0.1793845
-0.1946871
-0.1938297
-0.1763073
-0.1554436
-0.1470859
-0.1555136
-0.1703981
-0.1782434
-0.1763984
-0.1745975
-0.1826906
-0.1983722
-0.2081459
-0.2000513
-0.1747754
-0.1445828
-0.1224536
-0.1128015
-0.1115344
-0.1123656
-0.1112294
-0.1062299
-0.0972049
-0.0869191
-0.0800587
-0.0780962
-0.0760399
-0.0674175
-0.0530653
-0.0420584
-0.0416647
-0.0481196
-0.0509526
-0.0464908
-0.0414187
-0.0365019
-0.0075793
0.0869101
0.2668908
0.4942014
0.6803997
0.7411244
0.6524642
0.4614969
0.2467082
0.0674564
-0.0572539
-0.1355205
-0.1800344
-0.1992825
-0.2016913
-0.1979030
-0.1952690
-0.1933652
-0.1883893
-0.1807913
-0.1754437
-0.1745445
-0.1740263
-0.1691687
-0.1618072
-0.1586870
-0.1620714
-0.1645551
-0.1559924
-0.1357284
-0.1155301
-0.1082146
-0.1138434
-0.1192431
-0.1117968
-0.0922519
-0.0730167
-0.0650905
-0.0681342
-0.0727170
-0.0703676
-0.0607560
-0.0502414
-0.0447759
-0.0442474
-0.0425705
-0.0323718
-0.0102067
0.0210224
0.0538991
0.0819458
0.1049746
0.1289414
0.1591059
0.1930608
0.2217997
0.2384427
0.2450657
0.2498200
0.2574409
0.2635990
0.2593320
0.2410084
0.2153717
0.1942010
0.1837883
0.1794968
0.1699763
0.1460845
0.1065861
0.0575564
0.0078277
-0.0359481
-0.0720991
-0.1032005
-0.1323714
-0.1596118
-0.1812854
-0.1929095
-0.1926083
-0.1825214
-0.1674549
-0.1522007
-0.1397978
-0.1317637
-0.1290045
-0.1315575
-0.1374382
-0.1425750
-0.1426193
-0.1352724
-0.1215929
-0.1058197
-0.0936068
-0.0889047
-0.0911894
-0.0955791
-0.0964747
-0.0921551
-0.0864886
-0.0858147
-0.0929473
-0.1035438
-0.1092125
-0.1055786
-0.0974468
-0.0949379
-0.1037544
-0.1194890
-0.1320387
-0.1356396
-0.1341447
-0.1361006
-0.1448801
-0.1545173
-0.1558901
-0.1465410
-0.1334278
-0.1260199
-0.1276930
-0.1341075
-0.1387139
-0.1387873
-0.1368414
-0.1375901
-0.1434944
-0.1517886
-0.1550717
-0.1461413
-0.1246069
-0.0996265
-0.0842816
-0.0843935
-0.0921730
-0.0930444
-0.0806766
-0.0641892
-0.0580859
-0.0654233
-0.0745971
-0.0752935
-0.0749084
-0.0924404
-0.1307658
-0.1557052
-0.1099705
0.0416845
0.2729995
0.4997090
0.6278799
0.6105135
0.4700942
0.2749025
0.0930567
-0.0403402
-0.1252320
-0.1768174
-0.2061517
-0.2158292
-0.2077977
-0.1899559
-0.1731813
-0.1629931
-0.1559745
-0.1452285
-0.1291961
-0.1146572
-0.1106330
-0.1191845
-0.1326699
-0.1407717
-0.1402380
-0.1369125
-0.1376691
-0.1410143
-0.1370483
-0.1177808
-0.0874890
-0.0616374
-0.0537307
-0.0622287
-0.0710442
-0.0642264
-0.0406274
-0.0137973
0.0024936
0.0079499
0.0149286
0.0348868
0.0667005
0.0986088
0.1207938
0.1347111
0.1496033
0.1711483
0.1955386
0.2151616
0.2283368
0.2415782
0.2623722
0.2911358
0.3207297
0.3427532
0.3533022
0.3532465
0.3448124
0.3291335
0.3064196
0.2768306
0.2407540
0.1996485
0.1577249
0.1215341
0.0955275
0.0776025
0.0609745
0.0417943
0.0236453
0.0124988
0.0075691
-0.0001372
-0.0182891
-0.0433292
-0.0626713
-0.0676908
-0.0628376
-0.0601279
-0.0655983
-0.0737530
-0.0755390
-0.0684761
-0.0561611
-0.0394351
-0.0119808
0.0347868
0.1065289
0.2086010
0.3497141
0.5331953
0.7372699
0.9061181
0.9713120
0.8946244
0.6974465
0.4497466
0.2273738
0.0732916
-0.0106267
-0.0457966
-0.0562999
-0.0600741
-0.0684044
-0.0851529
-0.1056864
-0.1210546
-0.1268760
-0.1280969
-0.1334600
-0.1454078
-0.1572862
-0.1613769
-0.1581636
-0.1557114
-0.1601069
-0.1684902
-0.1725461
-0.1676942
-0.1571845
-0.1471639
-0.1393283
-0.1297197
-0.1143354
-0.0943973
-0.0752260
-0.0605725
-0.0491353
-0.0365703
-0.0198543
0.0006328
0.0221855
0.0419790
0.0590546
0.0756788
0.0966751
0.1254570
0.1591738
0.1885808
0.2050700
0.2092304
0.2115897
0.2230570
0.2440431
0.2640763
0.2729973
0.2716745
0.2701973
0.2755206
0.2825150
0.2783825
0.2553930
0.2182037
0.1786584
0.1444588
0.1136963
0.0800532
0.0421182
0.0065592
-0.0180274
-0.0298637
-0.0360741
-0.0458218
-0.0612818
-0.0755055
-0.0797044
-0.0732457
-0.0663336
-0.0717121
-0.0925562
-0.1183824
-0.1336452
-0.1311690
-0.1176331
-0.1063185
-0.1048930
-0.1101840
-0.1139436
-0.1124030
-0.1095117
-0.1114406
-0.1193024
-0.1280595
-0.1320532
-0.1306770
-0.1286753
-0.1317495
-0.1419855
-0.1562843
-0.1680910
-0.1714054
-0.1652748
-0.1554883
-0.1504876
-0.1532688
-0.1569051
-0.1503360
-0.1308845
-0.1103411
-0.1054663
-0.1205905
-0.1413443
-0.1486029
-0.1388406
-0.1277859
-0.1318695
-0.1478541
-0.1546309
-0.1366021
-0.1028957
-0.0803131
-0.0868990
-0.1144561
-0.1381004
-0.1414185
-0.1304907
-0.1244335
-0.1354253
-0.1590865
-0.1815201
-0.1921882
-0.1900366
-0.1807539
-0.1709534
-0.1640514
-0.1587618
-0.1503719
-0.1349879
-0.1139886
-0.0935327
-0.0783078
-0.0666948
-0.0545412
-0.0431044
-0.0374998
-0.0313261
0.0054288
0.1120698
0.2979825
0.5131351
0.6645607
0.6752591
0.5383841
0.3195952
0.1071726
-0.0442946
-0.1314851
-0.1785846
-0.2060276
-0.2207914
-0.2255886
-0.2260947
-0.2269584
-0.2265929
-0.2210492
-0.2117694
-0.2050200
-0.2025382
-0.1964327
-0.1770836
-0.1456054
-0.1151984
-0.0985703
-0.0955925
-0.0951306
-0.0881349
-0.0765760
-0.0690680
-0.0699298
-0.0745825
-0.0750872
-0.0680836
-0.0566279
-0.0458516
-0.0385025
-0.0343054
-0.0316768
-0.0288672
-0.0242645
-0.0172206
-0.0090638
-0.0022939
0.0023215
0.0078193
0.0192844
0.0392276
0.0646390
0.0891109
0.1084704
0.1246819
0.1441021
0.1712686
0.2036327
0.2322285
0.2483670
0.2509700
0.2478638
0.2490209
0.2570481
0.2636035
0.2558119
0.2274709
0.1847549
0.1409754
0.1055060
0.0775469
0.0500987
0.0190067
-0.0125799
-0.0381668
-0.0549639
-0.0662582
-0.0773879
-0.0904867
-0.1034313
-0.1130479
-0.1184647
-0.1215486
-0.1249804
-0.1301954
-0.1363963
-0.1406622
-0.1392027
-0.1297752
-0.1140392
-0.0975591
-0.0864378
-0.0827195
-0.0825361
-0.0790873
-0.0683572
-0.0528542
-0.0400286
-0.0363015
-0.0414846
-0.0486799
-0.0505566
-0.0468620
-0.0456468
-0.0557289
-0.0769385
-0.0984147
-0.1081101
-0.1047733
-0.0998420
-0.1063435
-0.1256429
-0.1457219
-0.1528829
-0.1448104
-0.1319236
-0.1266401
-0.1323064
-0.1424124
-0.1489979
-0.1503788
-0.1508410
-0.1541517
-0.1583238
-0.1566004
-0.1431957
-0.1184634
-0.0893915
-0.0654075
-0.0527808
-0.0514930
-0.0565367
-0.0624981
-0.0678002
-0.0750985
-0.0875718
-0.1046809
-0.1214710
-0.1319011
-0.1328507
-0.1255147
-0.1141239
-0.1039714
-0.0995604
-0.1022680
-0.1084256
-0.1110122
-0.1059332
-0.0973906
-0.0946915
-0.1013702
-0.1088164
-0.1045901
-0.0878317
-0.0711265
-0.0605849
-0.0345827
0.0482295
0.2084499
0.4092306
0.5651768
0.5978655
0.4919300
0.3027271
0.1119457
-0.0262160
-0.1045335
-0.1434011
-0.1624665
-0.1700758
-0.1698616
-0.1671366
-0.1662532
-0.1661476
-0.1630914
-0.1578246
-0.1567677
-0.1642320
-0.1749029
-0.1770535
-0.1645742
-0.1445861
-0.1311493
-0.1307996
-0.1351910
-0.1290886
-0.1059595
-0.0754761
-0.0553593
-0.0554371
-0.0690552
-0.0793809
-0.0738684
-0.0533941
-0.0290354
-0.0113624
-0.0024836
0.0035649
0.0145619
0.0341340
0.0600888
0.0868672
0.1094752
0.1263791
0.1401679
0.1558383
0.1773728
0.2045043
0.2323702
0.2551423
0.2709320
0.2832151
0.2968659
0.3124278
0.3245690
0.3267958
0.3179501
0.3036167
0.2904852
0.2793952
0.2646975
0.2407026
0.2078446
0.1717098
0.1368741
0.1034830
0.0701527
0.0382277
0.0112365
-0.0091737
-0.0241971
-0.0338124
-0.0342888
-0.0232240
-0.0070807
0.0006133
-0.0072449
-0.0201230
-0.0157665
0.0216201
0.0924988
0.1936272
0.3335305
0.5255288
0.7575476
0.9712315
1.0822147
1.0337825
0.8389179
0.5727356
0.3226829
0.1401272
0.0285157
-0.0353235
-0.0754772
-0.1066154
-0.1356140
-0.1635106
-0.1856162
-0.1951536
-0.1905736
-0.1788904
-0.1702077
-0.1690581
-0.1722231
-0.1748068
-0.1765722
-0.1811160
-0.1900205
-0.2000225
-0.2063816
-0.2074104
-0.2045450
-0.1990247
-0.1902810
-0.1776789
-0.1622951
-0.1459170
-0.1288315
-0.1097621
-0.0883596
-0.0671020
-0.0498431
-0.0381262
-0.0291721
-0.0178141
-0.0005170
0.0222033
0.0465790
0.0684220
0.0860099
0.1013754
0.1186882
0.1401697
0.1631684
0.1824243
0.1963643
0.2104693
0.2323312
0.2619946
0.2878495
0.2941736
0.2745091
0.2379159
0.2013824
0.1756786
0.1585963
0.1411707
0.1186381
0.0943056
0.0740871
0.0596222
0.0473584
0.0327810
0.0140668
-0.0078006
-0.0305196
-0.0510652
-0.0660940
-0.0741088
-0.0781241
-0.0846668
-0.0981255
-0.1160646
-0.1317369
-0.1418049
-0.1501416
-0.1627195
-0.1795821
-0.1936600
-0.1978742
-0.1921624
-0.1827005
-0.1750926
-0.1697829
-0.1641160
-0.1568715
-0.1486699
-0.1382209
-0.1209822
-0.0941418
-0.0628726
-0.0393459
-0.0332401
-0.0423464
-0.0531385
-0.0522075
-0.0387175
-0.0256008
-0.0266655
-0.0412313
-0.0530014
-0.0470092
-0.0277814
-0.0161639
-0.0222628
-0.0201642
0.0441829
0.2085817
0.4484969
0.6738598
0.7801634
0.7168014
0.5181013
0.2741081
0.0689637
-0.0628367
-0.1349898
-0.1768090
-0.2042626
-0.2160498
-0.2083539
-0.1875031
-0.1681936
-0.1623605
-0.1712520
-0.1866684
-0.1978755
-0.1982962
-0.1889715
-0.1778082
-0.1744415
-0.1830774
-0.1985327
-0.2093778
-0.2063900
-0.1896572
-0.1683681
-0.1532799
-0.1481537
-0.1473923
-0.1414450
-0.1246867
-0.0992040
-0.0725039
-0.0519082
-0.0395173
-0.0305259
-0.0161780
0.0098535
0.0459802
0.0829284
0.1104989
0.1258823
0.1361999
0.1520682
0.1772838
0.2046555
0.2229996
0.2287158
0.2297460
0.2375026
0.2552481
0.2747645
0.2839138
0.2769469
0.2580704
0.2362903
0.2173317
0.1997394
0.1774608
0.1457623
0.1057492
0.0646610
0.0316664
0.0114391
0.0004019
-0.0100668
-0.0254834
-0.0433929
-0.0569165
-0.0615994
-0.0568470
-0.0421659
-0.0169887
0.0130311
0.0336137
0.0333735
0.0208507
0.0252135
0.0733424
0.1665511
0.2869556
0.4291076
0.6143058
0.8569542
1.1120315
1.2704015
1.2283794
0.9753425
0.6128958
0.2822220
0.0667248
-0.0432161
-0.1050786
-0.1579896
-0.2005684
-0.2177073
-0.2108235
-0.1971921
-0.1895250
-0.1864418
-0.1817099
-0.1742121
-0.1654951
-0.1533792
-0.1346102
-0.1131588
-0.1002553
-0.1031431
-0.1158212
-0.1239816
-0.1192929
-0.1070190
-0.0991935
-0.1022134
-0.1124407
-0.1222445
-0.1275453
-0.1295095
-0.1317756
-0.1374595
-0.1466260
-0.1541387
-0.1510012
-0.1310520
-0.0976681
-0.0623755
-0.0352260
-0.0165010
0.0017432
0.0266499
0.0581238
0.0909290
0.1210174
0.1481115
0.1733199
0.1976242
0.2239945
0.2575794
0.2991237
0.3378912
0.3555916
0.3413354
0.3024285
0.2577513
0.2195217
0.1830641
0.1358233
0.0752691
0.0150379
-0.0280996
-0.0515738
-0.0684579
-0.0915434
-0.1192366
-0.1396171
-0.1463831
-0.1465293
-0.1509892
-0.1604657
-0.1634559
-0.1482100
-0.1148490
-0.0755192
-0.0450943
-0.0340638
-0.0487871
-0.0924668
-0.1601588
-0.2333711
-0.2859397
-0.3012320
-0.2848613
-0.2587998
-0.2419384
-0.2362466
-0.2307494
-0.2166748
-0.1972270
-0.1832976
-0.1817336
-0.1891801
-0.1966820
-0.1984387
-0.1955547
-0.1929615
-0.1943217
-0.1992441
-0.2037732
-0.2036169
-0.1983033
-0.1923653
-0.1911017
-0.1946517
-0.1974403
-0.1944724
-0.1875116
-0.1837254
-0.1879072
-0.1969256
-0.2028298
-0.2013389
-0.1961187
-0.1940917
-0.1977707
-0.2038024
-0.2082467
-0.2105686
-0.2117584
-0.2114684
-0.2098449
-0.2109916
-0.2208244
-0.2395872
-0.2580482
-0.2637612
-0.2522479
-0.2314023
-0.2140209
-0.2061925
-0.2037348
-0.1993878
-0.1913123
-0.1835719
-0.1804907
-0.1832064
-0.1908129
-0.2012317
-0.2097354
-0.2097820
-0.1989370
-0.1838741
-0.1764365
-0.1824732
-0.1951391
-0.2012490
-0.1948917
-0.1830249
-0.1759326
-0.1736493
-0.1655075
-0.1441703
-0.1165965
-0.0974904
-0.0930803
-0.0955049
-0.0939110
-0.0857953
-0.0708381
-0.0328671
0.0639900
0.2485456
0.5029344
0.7504043
0.8922885
0.8699477
0.7010414
0.4617343
0.2343020
0.0644625
-0.0450405
-0.1132755
-0.1581935
-0.1879454
-0.2039367
-0.2057097
-0.1935457
-0.1709293
-0.1467338
-0.1325008
-0.1341768
-0.1465991
-0.1585016
-0.1634975
-0.1644624
-0.1667188
-0.1692565
-0.1650685
-0.1500626
-0.1297385
-0.1153975
-0.1134163
-0.1190691
-0.1217923
-0.1162546
-0.1072033
-0.1033825
-0.1078996
-0.1150237
-0.1153579
-0.1035951
-0.0825405
-0.0608507
-0.0461549
-0.0388881
-0.0325428
-0.0204278
-0.0020413
0.0176614
0.0350192
0.0527884
0.0776639
0.1121469
0.1493332
0.1776709
0.1926715
0.2033838
0.2249148
0.2629526
0.3057657
0.3319761
0.3268001
0.2922633
0.2436061
0.1963695
0.1558867
0.1179500
0.0785733
0.0417749
0.0168633
0.0085590
0.0110590
0.0125453
0.0057355
-0.0057267
-0.0113434
-0.0046965
0.0097520
0.0215813
0.0256888
0.0264283
0.0295959
0.0331588
0.0299293
0.0199582
0.0170546
0.0402756
0.0998132
0.1939152
0.3187654
0.4734470
0.6446339
0.7844026
0.8165644
0.6864236
0.4178431
0.1180125
-0.0885113
-0.1454061
-0.0952785
-0.0310497
-0.0165488
-0.0477400
-0.0802846
-0.0849837
-0.0738331
-0.0784812
-0.1126941
-0.1592751
-0.1889426
-0.1866283
-0.1607025
-0.1323940
-0.1187696
-0.1226329
-0.1341468
-0.1404272
-0.1347995
-0.1191753
-0.0996316
-0.0805852
-0.0626065
-0.0446178
-0.0271165
-0.0122459
-0.0004194
0.0115307
0.0264548
0.0409559
0.0458817
0.0349597
0.0129425
-0.0056077
-0.0060230
0.0166709
0.0550778
0.0952873
0.1270703
0.1508705
0.1757903
0.2102869
0.2541035
0.2986787
0.3352110
0.3625994
0.3874159
0.4153049
0.4425234
0.4578902
0.4543438
0.4367708
0.4158363
0.3947049
0.3650120
0.3173928
0.2543571
0.1907565
0.1411919
0.1075585
0.0793637
0.0460162
0.0078502
-0.0255672
-0.0468094
-0.0581585
-0.0678029
-0.0808531
-0.0954645
-0.1063418
-0.1103318
-0.1091508
-0.1080879
-0.1121497
-0.1227750
-0.1381002
-0.1561722
-0.1770930
-0.2016517
-0.2282845
-0.2515795
-0.2638516
-0.2594793
-0.2395704
-0.2125521
-0.1886546
-0.1728596
-0.1633490
-0.1562839
-0.1507082
-0.1483604
-0.1496212
-0.1506874
-0.1456835
-0.1327253
-0.1179165
-0.1112800
-0.1169125
-0.1281024
-0.1342185
-0.1323315
-0.1303264
-0.1380943
-0.1567705
-0.1773913
-0.1899412
-0.1933237
-0.1958865
-0.2056366
-0.2206325
-0.2306156
-0.2283500
-0.2177478
-0.2099269
-0.2122744
-0.2220745
-0.2298597
-0.2280899
-0.2170193
-0.2026454
-0.1890866
-0.1741607
-0.1541993
-0.1326009
-0.1202373
-0.1247387
-0.1397804
-0.1469962
-0.1303166
-0.0900108
-0.0436779
-0.0129819
-0.0077210
-0.0210748
-0.0386125
-0.0505359
-0.0560959
-0.0592210
-0.0606632
-0.0503283
-0.0036354
0.1104501
0.3067682
0.5599232
0.8017186
0.9499893
0.9524196
0.8142798
0.5903764
0.3497078
0.1416730
-0.0136968
-0.1149509
-0.1680483
-0.1854192
-0.1866910
-0.1905500
-0.2025278
-0.2125467
-0.2066000
-0.1816683
-0.1492958
-0.1242254
-0.1095523
-0.0944249
-0.0677013
-0.0327189
-0.0059712
-0.0006860
-0.0134917
-0.0280902
-0.0309415
-0.0227490
-0.0154877
-0.0190079
-0.0306789
-0.0384651
-0.0342020
-0.0227529
-0.0171899
-0.0255865
-0.0431164
-0.0561460
-0.0536514
-0.0366325
-0.0180900
-0.0121328
-0.0201803
-0.0276711
-0.0165005
0.0179283
0.0619783
0.0961554
0.1126826
0.1217897
0.1408090
0.1764014
0.2178346
0.2487976
0.2649715
0.2775095
0.2989579
0.3283986
0.3519143
0.3560101
0.3390585
0.3106103
0.2809996
0.2515316
0.2143269
0.1620518
0.0981491
0.0374751
-0.0034077
-0.0180829
-0.0153435
-0.0132388
-0.0244725
-0.0436275
-0.0493365
-0.0222755
0.0384365
0.1182860
0.2052628
0.2992232
0.3986246
0.4781090
0.4852621
0.3700448
0.1281137
-0.1803007
-0.4584391
-0.6291788
-0.6740432
-0.6269745
-0.5370044
-0.4363396
-0.3352746
-0.2363971
-0.1473493
-0.0799043
-0.0399916
-0.0222394
-0.0156323
-0.0125526
-0.0102979
-0.0063185
0.0026130
0.0150627
0.0228530
0.0180677
0.0017638
-0.0160187
-0.0248808
-0.0219516
-0.0115387
0.0018251
0.0183811
0.0402206
0.0652429
0.0885078
0.1114786
0.1456990
0.2017022
0.2740526
0.3415063
0.3844537
0.4016196
0.4091352
0.4239884
0.4489399
0.4737028
0.4905369
0.5065345
0.5372908
0.5880398
0.6446505
0.6863731
0.7067769
0.7201862
0.7470366
0.7922558
0.8362112
0.8470524
0.8057351
0.7228075
0.6313460
0.5618796
0.5216902
0.4948636
0.4595673
0.4065301
0.3449176
0.2923045
0.2577819
0.2339782
0.2059143
0.1668534
0.1240854
0.0900874
0.0701600
0.0585366
0.0448248
0.0243366
0.0033183
-0.0067347
-0.0015763
0.0095183
0.0115687
-0.0022915
-0.0257430
-0.0470538
-0.0605260
-0.0706946
-0.0859980
-0.1079157
-0.1269495
-0.1317732
-0.1229188
-0.1144045
-0.1195752
-0.1368574
-0.1514190
-0.1501389
-0.1339357
-0.1162480
-0.1099217
-0.1146603
-0.1176595
-0.1084237
-0.0925792
-0.0879180
-0.1052133
-0.1345497
-0.1522692
-0.1420332
-0.1106195
-0.0844181
-0.0882455
-0.1234100
-0.1654076
-0.1851951
-0.1740816
-0.1482802
-0.1312873
-0.1338723
-0.1493657
-0.1643305
-0.1722148
-0.1775645
-0.1878298
-0.2025974
-0.2137070
-0.2162519
-0.2152643
-0.2184821
-0.2254237
-0.2279740
-0.2210873
-0.2089665
-0.1992198
-0.1926089
-0.1806736
-0.1551188
-0.1199649
-0.0920360
-0.0863734
-0.1019342
-0.1246242
-0.1430516
-0.1563560
-0.1665965
-0.1703617
-0.1626336
-0.1458001
-0.1294888
-0.1206382
-0.1163027
-0.1081416
-0.0935215
-0.0791929
-0.0708339
-0.0612301
-0.0372918
-0.0034115
0.0103443
-0.0225969
-0.0828544
-0.0993763
0.0016793
0.2319123
0.5172373
0.7389448
0.8083057
0.7171595
0.5290767
0.3270644
0.1658555
0.0600855
-0.0002979
-0.0323636
-0.0510868
-0.0657203
-0.0795342
-0.0927676
-0.1051748
-0.1156912
-0.1223826
-0.1247133
-0.1245477
-0.1238613
-0.1227461
-0.1199917
-0.1142060
-0.1049656
-0.0950777
-0.0905644
-0.0948350
-0.1032502
-0.1074487
-0.1057269
-0.1058275
-0.1163520
-0.1373039
-0.1590385
-0.1688751
-0.1601901
-0.1379783
-0.1147203
-0.0982751
-0.0849713
-0.0668953
-0.0437259
-0.0234199
-0.0118720
-0.0051478
0.0077717
0.0355197
0.0759078
0.1155449
0.1402744
0.1481924
0.1509005
0.1612374
0.1824117
0.2092601
0.2350855
0.2546154
0.2643966
0.2640408
0.2552057
0.2375424
0.2083252
0.1680967
0.1245001
0.0886928
0.0684924
0.0635707
0.0641371
0.0554739
0.0287522
-0.0110887
-0.0502476
-0.0781609
-0.0926669
-0.0962862
-0.0928608
-0.0870738
-0.0821787
-0.0776847
-0.0722589
-0.0675748
-0.0655166
-0.0630998
-0.0547723
-0.0397492
-0.0241092
-0.0158145
-0.0186337
-0.0284466
-0.0342271
-0.0269199
-0.0105286
-0.0009995
-0.0107847
-0.0368432
-0.0653203
-0.0840589
-0.0890099
-0.0840118
-0.0780015
-0.0783407
-0.0833384
-0.0842032
-0.0762607
-0.0647385
-0.0579586
-0.0585025
-0.0623364
-0.0632635
-0.0579248
-0.0498456
-0.0475758
-0.0544873
-0.0621440
-0.0594351
-0.0467831
-0.0349160
-0.0305666
-0.0301914
-0.0279443
-0.0239521
-0.0240715
-0.0352972
-0.0601835
-0.0919688
-0.1174877
-0.1290971
-0.1315517
-0.1344023
-0.1421001
-0.1548255
-0.1723886
-0.1912511
-0.2032604
-0.2044385
-0.2015786
-0.2044594
-0.2143232
-0.2238084
-0.2248417
-0.2143822
-0.1972221
-0.1846388
-0.1840271
-0.1884310
-0.1835171
-0.1661375
-0.1476812
-0.1375308
-0.1324474
-0.1249711
-0.1135611
-0.1012197
-0.0912923
-0.0867027
-0.0871746
-0.0873252
-0.0838972
-0.0825083
-0.0893903
-0.1002169
-0.1070320
-0.1121822
-0.1224596
-0.1292675
-0.1043117
-0.0166667
0.1465123
0.3643131
0.5764280
0.7050403
0.7029889
0.5849250
0.4079715
0.2287605
0.0820336
-0.0178303
-0.0740852
-0.1022920
-0.1163827
-0.1228640
-0.1297003
-0.1458465
-0.1655760
-0.1700571
-0.1537134
-0.1332337
-0.1224660
-0.1162412
-0.1073915
-0.1003362
-0.0984105
-0.0964243
-0.0930861
-0.0914314
-0.0839124
-0.0615662
-0.0395248
-0.0428617
-0.0640580
-0.0689929
-0.0490164
-0.0286455
-0.0178216
-0.0010917
0.0208268
0.0309689
0.0451421
0.0974964
0.1589617
0.1422956
0.0260676
