0.2193809
0.3158464
0.3060540
0.2979948
0.3369064
0.3805586
0.4002946
0.4119781
0.4181627
0.3987209
0.3593821
0.3288886
0.3085036
0.2740570
0.2230677
0.1740928
0.1265808
0.0661634
0.0041432
-0.0308345
-0.0382048
-0.0461381
-0.0690631
-0.0958275
-0.1164546
-0.1320176
-0.1413552
-0.1430605
-0.1471565
-0.1638214
-0.1850917
-0.1947707
-0.1897685
-0.1779119
-0.1650055
-0.1572928
-0.1639255
-0.1826510
-0.1953676
-0.1914377
-0.1833650
-0.1872727
-0.2007138
-0.2117816
-0.2174061
-0.2202827
-0.2186002
-0.2101124
-0.1980014
-0.1851015
-0.1707866
-0.1580083
-0.1529928
-0.1540936
-0.1517367
-0.1425523
-0.1329170
-0.1267259
-0.1209750
-0.1147363
-0.1108296
-0.1073290
-0.0988600
-0.0878056
-0.0839484
-0.0918322
-0.1067858
-0.1223766
-0.1337002
-0.1364215
-0.1320206
-0.1309312
-0.1407116
-0.1536134
-0.1548896
-0.1410612
-0.1221551
-0.1087738
-0.1038449
-0.1036178
-0.1008612
-0.0917599
-0.0852150
-0.0985128
-0.1341755
-0.1616169
-0.1258916
0.0236203
0.3030742
0.6721350
1.0331948
1.2685492
1.3023839
1.1400288
0.8535438
0.5334911
0.2474044
0.0250225
-0.1322949
-0.2311825
-0.2745622
-0.2690736
-0.2357509
-0.2019226
-0.1819710
-0.1733664
-0.1702871
-0.1718856
-0.1769000
-0.1801370
-0.1786050
-0.1760675
-0.1787632
-0.1888599
-0.2017613
-0.2079958
-0.2008451
-0.1854506
-0.1766755
-0.1837204
-0.2000997
-0.2120873
-0.2123066
-0.2012644
-0.1819014
-0.1592619
-0.1411057
-0.1315545
-0.1255937
-0.1145174
-0.0954990
-0.0732619
-0.0548563
-0.0446512
-0.0410039
-0.0359787
-0.0218579
0.0006301
0.0239951
0.0442567
0.0653048
0.0929915
0.1297522
0.1748352
0.2237728
0.2667804
0.2939856
0.3052220
0.3114763
0.3253147
0.3515282
0.3851756
0.4147209
0.4287977
0.4250309
0.4120591
0.3994480
0.3868456
0.3661688
0.3319040
0.2851429
0.2301653
0.1723296
0.1180895
0.0721601
0.0341621
0.0001940
-0.0329657
-0.0658510
-0.0954992
-0.1153280
-0.1199397
-0.1131306
-0.1084061
-0.1186170
-0.1458212
-0.1808185
-0.2094428
-0.2204944
-0.2138261
-0.2024445
-0.2013266
-0.2114915
-0.2190796
-0.2121246
-0.1940703
-0.1782227
-0.1722923
-0.1713672
-0.1646021
-0.1471849
-0.1262827
-0.1149829
-0.1194424
-0.1330145
-0.1434893
-0.1431161
-0.1304362
-0.1081368
-0.0846664
-0.0741606
-0.0868035
-0.1178564
-0.1499258
-0.1668889
-0.1646460
-0.1511912
-0.1400639
-0.1420183
-0.1581410
-0.1794249
-0.1942670
-0.1971471
-0.1915058
-0.1868134
-0.1921361
-0.2080761
-0.2236945
-0.2254037
-0.2111141
-0.1927486
-0.1832278
-0.1837304
-0.1848033
-0.1767063
-0.1572947
-0.1331707
-0.1153861
-0.1117985
-0.1212934
-0.1356315
-0.1469233
-0.1529135
-0.1567306
-0.1630681
-0.1721331
-0.1747207
-0.1566708
-0.1138173
-0.0619678
-0.0268576
-0.0222376
-0.0392967
-0.0569164
-0.0601714
-0.0503373
-0.0407170
-0.0435436
-0.0589284
-0.0754227
-0.0810685
-0.0735939
-0.0617276
-0.0597273
-0.0782560
-0.1112401
-0.1250425
-0.0650650
0.1146160
0.4153347
0.7775104
1.0975433
1.2720506
1.2472887
1.0439696
0.7399321
0.4244483
0.1593573
-0.0306571
-0.1463343
-0.2004879
-0.2117599
-0.2014884
-0.1883292
-0.1809622
-0.1750766
-0.1605815
-0.1347655
-0.1074134
-0.0913393
-0.0900485
-0.0971820
-0.1055589
-0.1129541
-0.1206862
-0.1310974
-0.1463591
-0.1658743
-0.1839625
-0.1930033
-0.1907102
-0.1837072
-0.1829844
-0.1945957
-0.2131463
-0.2247991
-0.2194822
-0.2012780
-0.1848965
-0.1810897
-0.1870095
-0.1902667
-0.1792205
-0.1497092
-0.1073128
-0.0660958
-0.0408810
-0.0350052
-0.0350584
-0.0206977
0.0180115
0.0719855
0.1216741
0.1554523
0.1804387
0.2137616
0.2622838
0.3136447
0.3497295
0.3662175
0.3749007
0.3887560
0.4100896
0.4331835
0.4524550
0.4644922
0.4653072
0.4507932
0.4217894
0.3867686
0.3557655
0.3292760
0.2953009
0.2421105
0.1748118
0.1148729
0.0802399
0.0681758
0.0599749
0.0403262
0.0096592
-0.0200046
-0.0372454
-0.0395030
-0.0328951
-0.0264908
-0.0268600
-0.0362962
-0.0529491
-0.0706814
-0.0813558
-0.0815999
-0.0773531
-0.0779553
-0.0845768
-0.0874554
-0.0765310
-0.0536063
-0.0329757
-0.0303588
-0.0501205
-0.0810467
-0.1046641
-0.1102576
-0.1034242
-0.0997703
-0.1098933
-0.1298178
-0.1444766
-0.1403797
-0.1175966
-0.0911822
-0.0787220
-0.0837529
-0.0921188
-0.0864215
-0.0633472
-0.0356486
-0.0186789
-0.0169347
-0.0225929
-0.0244914
-0.0177590
-0.0058188
0.0053374
0.0127887
0.0159354
0.0131542
0.0031657
-0.0114535
-0.0276171
-0.0494605
-0.0847650
-0.1242690
-0.1237697
-0.0170318
0.2373781
0.6080165
0.9850494
1.2321912
1.2628195
1.0836328
0.7767016
0.4432404
0.1564526
-0.0518001
-0.1802628
-0.2431070
-0.2590053
-0.2447453
-0.2134268
-0.1763965
-0.1449843
-0.1284162
-0.1286841
-0.1374824
-0.1405820
-0.1287622
-0.1056674
-0.0834514
-0.0703251
-0.0641031
-0.0577476
-0.0479129
-0.0367784
-0.0289176
-0.0291235
-0.0406965
-0.0616537
-0.0828266
-0.0936008
-0.0920700
-0.0885051
-0.0959926
-0.1158364
-0.1333712
-0.1314164
-0.1089508
-0.0834760
-0.0723504
-0.0741974
-0.0723802
-0.0550815
-0.0268613
0.0000001
0.0203363
0.0391718
0.0630214
0.0924077
0.1233909
0.1538906
0.1864393
0.2247881
0.2693883
0.3173795
0.3660924
0.4147666
0.4631746
0.5105266
0.5553218
0.5934794
0.6167490
0.6174909
0.5977385
0.5703584
0.5470751
0.5258622
0.4931054
0.4385662
0.3666718
0.2933163
0.2331734
0.1898575
0.1558708
0.1199700
0.0752541
0.0235590
-0.0246945
-0.0558349
-0.0632751
-0.0560899
-0.0548119
-0.0740475
-0.1087367
-0.1399740
-0.1539989
-0.1528748
-0.1475627
-0.1453866
-0.1462113
-0.1467978
-0.1439918
-0.1336433
-0.1106341
-0.0738291
-0.0312752
0.0024667
0.0171819
0.0154887
0.0092268
0.0078841
0.0122403
0.0180303
0.0215411
0.0204510
0.0135881
0.0036883
-0.0017922
0.0028234
0.0133828
0.0169822
0.0026791
-0.0291299
-0.0677846
-0.1016117
-0.1257732
-0.1424456
-0.1558765
-0.1690395
-0.1838166
-0.2006015
-0.2157979
-0.2224557
-0.2168808
-0.2038886
-0.1925218
-0.1866355
-0.1821121
-0.1728830
-0.1563650
-0.1325617
-0.1020009
-0.0678263
-0.0378861
-0.0200634
-0.0135052
-0.0067104
0.0120047
0.0409306
0.0640872
0.0663601
0.0486691
0.0257832
0.0101830
0.0018351
-0.0062844
-0.0182576
-0.0342129
-0.0547741
-0.0800635
-0.1044884
-0.1185062
-0.1192410
-0.1170138
-0.1270886
-0.1537770
-0.1848140
-0.2033159
-0.2044553
-0.1986084
-0.1992352
-0.2111159
-0.2303757
-0.2500966
-0.2613401
-0.2529969
-0.2195118
-0.1710591
-0.1299474
-0.1116623
-0.1109721
-0.1100704
-0.0989993
-0.0838950
-0.0750973
-0.0727655
-0.0692260
-0.0633760
-0.0649941
-0.0803682
-0.0984604
-0.0997598
-0.0802632
-0.0599434
-0.0625295
-0.0899138
-0.1212073
-0.1355765
-0.1314554
-0.1237817
-0.1277162
-0.1473104
-0.1756963
-0.2009455
-0.2121255
-0.2053103
-0.1880561
-0.1763334
-0.1819076
-0.2005400
-0.2150422
-0.2117767
-0.1920026
-0.1657055
-0.1389914
-0.1132554
-0.0941054
-0.0913756
-0.1052814
-0.1180060
-0.1072356
-0.0696498
-0.0269700
-0.0062664
-0.0156252
-0.0400319
-0.0582975
-0.0609890
-0.0544647
-0.0544458
-0.0768705
-0.1235778
-0.1621482
-0.1202196
0.0791944
0.4508482
0.9044287
1.2761507
1.4213095
1.2968935
0.9733819
0.5781414
0.2229907
-0.0356235
-0.1945197
-0.2799107
-0.3227211
-0.3421008
-0.3408403
-0.3148652
-0.2695432
-0.2253559
-0.2038451
-0.2082674
-0.2219790
-0.2267216
-0.2189991
-0.2073325
-0.1984140
-0.1913778
-0.1845079
-0.1813153
-0.1860783
-0.1955787
-0.2000391
-0.1939069
-0.1829753
-0.1780559
-0.1829880
-0.1923115
-0.2003273
-0.2077359
-0.2172023
-0.2267521
-0.2326295
-0.2371039
-0.2472689
-0.2635737
-0.2733776
-0.2607544
-0.2234968
-0.1779094
-0.1447696
-0.1308442
-0.1252625
-0.1132465
-0.0907892
-0.0649422
-0.0427259
-0.0234541
-0.0014094
0.0277370
0.0644850
0.1065295
0.1496504
0.1886729
0.2198896
0.2430224
0.2602655
0.2738265
0.2850682
0.2952192
0.3049839
0.3124752
0.3127399
0.3018427
0.2826958
0.2649683
0.2559044
0.2506374
0.2346673
0.1984422
0.1483079
0.1008985
0.0674201
0.0454408
0.0253456
0.0017837
-0.0222497
-0.0402091
-0.0483090
-0.0472949
-0.0399771
-0.0283831
-0.0131461
0.0051077
0.0238664
0.0379527
0.0420065
0.0370394
0.0362196
0.0614386
0.1300607
0.2445736
0.3966816
0.5778055
0.7758433
0.9556315
1.0495596
0.9847799
0.7361987
0.3598347
-0.0288441
-0.3187140
-0.4585888
-0.4655628
-0.3925893
-0.2922038
-0.2012467
-0.1405751
-0.1141354
-0.1077014
-0.0982226
-0.0724739
-0.0379493
-0.0142888
-0.0141232
-0.0324312
-0.0528870
-0.0625713
-0.0608705
-0.0567996
-0.0599266
-0.0730612
-0.0905317
-0.1017499
-0.0985582
-0.0826008
-0.0658838
-0.0612627
-0.0705049
-0.0825640
-0.0843493
-0.0720639
-0.0515179
-0.0297078
-0.0087733
0.0124925
0.0347268
0.0579974
0.0846454
0.1190157
0.1622964
0.2084914
0.2481805
0.2776793
0.3034158
0.3358773
0.3795081
0.4290501
0.4745659
0.5086840
0.5302790
0.5441875
0.5584408
0.5797164
0.6088145
0.6395910
0.6629266
0.6730260
0.6710708
0.6631146
0.6538006
0.6415504
0.6200973
0.5850903
0.5391248
0.4902956
0.4460633
0.4082147
0.3728559
0.3349179
0.2931752
0.2513028
0.2142308
0.1842857
0.1616432
0.1472350
0.1423106
0.1441143
0.1444595
0.1358112
0.1194980
0.1061291
0.1058990
0.1178315
0.1293386
0.1275910
0.1118149
0.0939810
0.0871761
0.0936843
0.1041310
0.1066097
0.0957563
0.0748762
0.0523251
0.0364817
0.0317785
0.0366482
0.0442019
0.0459280
0.0370204
0.0201126
0.0038754
-0.0038537
-0.0030423
-0.0013202
-0.0059132
-0.0155822
-0.0210282
-0.0135113
0.0066459
0.0293924
0.0424882
0.0407145
0.0291005
0.0178229
0.0137256
0.0158444
0.0177819
0.0136535
0.0025650
-0.0110476
-0.0208418
-0.0230960
-0.0188948
-0.0126865
-0.0094553
-0.0130366
-0.0250335
-0.0431139
-0.0608971
-0.0724676
-0.0787808
-0.0881947
-0.1079825
-0.1343625
-0.1524485
-0.1485256
-0.1237581
-0.0952237
-0.0819338
-0.0889786
-0.1052157
-0.1157082
-0.1152602
-0.1103100
-0.1101422
-0.1179469
-0.1290982
-0.1355337
-0.1312048
-0.1152529
-0.0923755
-0.0710967
-0.0604725
-0.0656416
-0.0840306
-0.1057195
-0.1196323
-0.1215194
-0.1165178
-0.1136036
-0.1172653
-0.1242532
-0.1278832
-0.1251202
-0.1194256
-0.1167309
-0.1188807
-0.1217006
-0.1199885
-0.1140019
-0.1102658
-0.1156708
-0.1304750
-0.1463086
-0.1509457
-0.1371619
-0.1103238
-0.0888601
-0.0946758
-0.1365947
-0.1957417
-0.2237442
-0.1604185
0.0334512
0.3459081
0.7079448
1.0203236
1.1983484
1.2066161
1.0641945
0.8227342
0.5370561
0.2477299
-0.0190291
-0.2436064
-0.4098611
-0.5098856
-0.5495677
-0.5467755
-0.5215509
-0.4855202
-0.4391363
-0.3794261
-0.3116049
-0.2529195
-0.2229418
-0.2278317
-0.2536042
-0.2760286
-0.2791249
-0.2659404
-0.2523907
-0.2505368
-0.2573113
-0.2592423
-0.2478066
-0.2293144
-0.2191454
-0.2266107
-0.2459202
-0.2615810
-0.2621146
-0.2492644
-0.2355155
-0.2333576
-0.2456795
-0.2643185
-0.2765523
-0.2738071
-0.2566852
-0.2337849
-0.2153712
-0.2058583
-0.2006522
-0.1905519
-0.1703935
-0.1439826
-0.1205744
-0.1064262
-0.0994388
-0.0914441
-0.0755617
-0.0519175
-0.0268892
-0.0070075
0.0065794
0.0181809
0.0329430
0.0523408
0.0732519
0.0903218
0.0995494
0.1012328
0.1005196
0.1042989
0.1155572
0.1292792
0.1341561
0.1204114
0.0883642
0.0499299
0.0200868
0.0048896
-0.0026263
-0.0141997
-0.0339150
-0.0542689
-0.0644809
-0.0621316
-0.0561640
-0.0583507
-0.0719094
-0.0886743
-0.0975360
-0.0954301
-0.0897185
-0.0899525
-0.0978530
-0.1055666
-0.1035305
-0.0901821
-0.0745021
-0.0689877
-0.0790269
-0.0979506
-0.1122813
-0.1127448
-0.1016568
-0.0907339
-0.0913854
-0.1050547
-0.1209454
-0.1235065
-0.1049789
-0.0733005
-0.0477372
-0.0442469
-0.0623673
-0.0856084
-0.0960532
-0.0904059
-0.0821441
-0.0870312
-0.1060993
-0.1237014
-0.1230259
-0.1030055
-0.0792035
-0.0684881
-0.0737866
-0.0836116
-0.0850065
-0.0760111
-0.0662947
-0.0671658
-0.0813046
-0.1007754
-0.1133963
-0.1114384
-0.0967122
-0.0794075
-0.0714079
-0.0781629
-0.0954097
-0.1141816
-0.1297275
-0.1451666
-0.1658685
-0.1909922
-0.2121650
-0.2213453
-0.2193952
-0.2157746
-0.2193791
-0.2302004
-0.2403923
-0.2427298
-0.2366181
-0.2257117
-0.2115994
-0.1919966
-0.1653001
-0.1352493
-0.1096619
-0.0944632
-0.0894062
-0.0896624
-0.0911674
-0.0941178
-0.1015192
-0.1150041
-0.1324693
-0.1493636
-0.1615388
-0.1669849
-0.1660426
-0.1610550
-0.1556708
-0.1534128
-0.1560336
-0.1630551
-0.1730627
-0.1854615
-0.2005868
-0.2175678
-0.2321821
-0.2379864
-0.2310373
-0.2139645
-0.1946575
-0.1800659
-0.1710295
-0.1631817
-0.1526047
-0.1401347
-0.1300258
-0.1247905
-0.1219657
-0.1163332
-0.1052551
-0.0915901
-0.0815009
-0.0797843
-0.0871070
-0.1006259
-0.1162984
-0.1309852
-0.1436967
-0.1555697
-0.1680688
-0.1802909
-0.1881102
-0.1872176
-0.1781570
-0.1679958
-0.1651222
-0.1707700
-0.1761436
-0.1700170
-0.1505585
-0.1288947
-0.1192341
-0.1246909
-0.1334752
-0.1298976
-0.1092404
-0.0815526
-0.0610991
-0.0529543
-0.0503960
-0.0445031
-0.0345243
-0.0279869
-0.0316184
-0.0436789
-0.0554534
-0.0593338
-0.0550442
-0.0489145
-0.0482043
-0.0559317
-0.0697747
-0.0848154
-0.0976901
-0.1095649
-0.1258480
-0.1512571
-0.1810644
-0.1933348
-0.1496791
-0.0093266
0.2470192
0.5957813
0.9660760
1.2595882
1.3886161
1.3142283
1.0641732
0.7200908
0.3803163
0.1181253
-0.0424829
-0.1221410
-0.1592216
-0.1810894
-0.1931482
-0.1895911
-0.1715137
-0.1533303
-0.1515666
-0.1684142
-0.1879434
-0.1900868
-0.1692989
-0.1397261
-0.1220472
-0.1251492
-0.1401023
-0.1507854
-0.1492070
-0.1404608
-0.1340623
-0.1320825
-0.1266646
-0.1092153
-0.0816056
-0.0575711
-0.0518957
-0.0669363
-0.0893407
-0.1009992
-0.0949675
-0.0815611
-0.0780957
-0.0912692
-0.1092742
-0.1122618
-0.0917107
-0.0596159
-0.0379541
-0.0385210
-0.0527426
-0.0606989
-0.0495361
-0.0232992
0.0038203
0.0222821
0.0350994
0.0524315
0.0798014
0.1119890
0.1380625
0.1521773
0.1596620
0.1724799
0.1980288
0.2316980
0.2605216
0.2749163
0.2774564
0.2801471
0.2926682
0.3126771
0.3270161
0.3223098
0.2953610
0.2548903
0.2140964
0.1807309
0.1527090
0.1226089
0.0871126
0.0525940
0.0304572
0.0253942
0.0283787
0.0235346
0.0038743
-0.0204914
-0.0321287
-0.0250901
-0.0122382
-0.0118207
-0.0271940
-0.0423205
-0.0388574
-0.0166696
0.0044001
0.0033232
-0.0224795
-0.0558524
-0.0762036
-0.0762122
-0.0646431
-0.0561942
-0.0595183
-0.0724238
-0.0853908
-0.0893481
-0.0824736
-0.0714781
-0.0658125
-0.0690326
-0.0755493
-0.0769197
-0.0716396
-0.0673579
-0.0720987
-0.0838830
-0.0907992
-0.0820787
-0.0584048
-0.0309682
-0.0114444
-0.0037442
-0.0041581
-0.0067113
-0.0072991
-0.0048048
-0.0012279
-0.0010122
-0.0075749
-0.0183763
-0.0246431
-0.0190888
-0.0051999
0.0029688
-0.0072280
-0.0346121
-0.0646754
-0.0830785
-0.0884049
-0.0915844
-0.1037380
-0.1254448
-0.1472311
-0.1588235
-0.1572902
-0.1477713
-0.1385419
-0.1356117
-0.1398939
-0.1473882
-0.1522565
-0.1515825
-0.1481121
-0.1474960
-0.1518824
-0.1567645
-0.1554200
-0.1466419
-0.1369610
-0.1343603
-0.1401484
-0.1476847
-0.1488032
-0.1407188
-0.1270796
-0.1140677
-0.1063280
-0.1047911
-0.1056209
-0.1012787
-0.0860705
-0.0635745
-0.0473022
-0.0499420
-0.0697788
-0.0894992
-0.0913559
-0.0741884
-0.0539823
-0.0467333
-0.0517797
-0.0533320
-0.0381735
-0.0107511
0.0093125
0.0045513
-0.0224406
-0.0417998
-0.0031358
0.1440930
0.4201793
0.7881425
1.1520393
1.3933444
1.4300212
1.2595659
0.9546358
0.6157786
0.3185018
0.0913391
-0.0697400
-0.1752805
-0.2308225
-0.2433755
-0.2297487
-0.2127250
-0.2077505
-0.2139309
-0.2185046
-0.2106230
-0.1918834
-0.1746306
-0.1704042
-0.1795662
-0.1915094
-0.1947543
-0.1871654
-0.1768164
-0.1732126
-0.1777895
-0.1828612
-0.1793150
-0.1647083
-0.1441922
-0.1251343
-0.1119949
-0.1051647
-0.1019270
-0.0974221
-0.0868760
-0.0699398
-0.0531900
-0.0457826
-0.0502698
-0.0580922
-0.0565165
-0.0415803
-0.0233886
-0.0167526
-0.0258963
-0.0392770
-0.0403314
-0.0230217
0.0037866
0.0268925
0.0427191
0.0606345
0.0931524
0.1434251
0.2022358
0.2565142
0.2998456
0.3344515
0.3645798
0.3909319
0.4128999
0.4337569
0.4591010
0.4881070
0.5088659
0.5069168
0.4804187
0.4448575
0.4194471
0.4079884
0.3950137
0.3623152
0.3082347
0.2488736
0.2008029
0.1650507
0.1291872
0.0833153
0.0316129
-0.0119411
-0.0373987
-0.0475089
-0.0540138
-0.0673433
-0.0900365
-0.1178417
-0.1444461
-0.1648655
-0.1768764
-0.1818624
-0.1842727
-0.1881694
-0.1929520
-0.1931393
-0.1837137
-0.1660861
-0.1481304
-0.1374824
-0.1344203
-0.1314909
-0.1205131
-0.1003576
-0.0784083
-0.0649094
-0.0653378
-0.0762136
-0.0864468
-0.0836652
-0.0628382
-0.0316030
-0.0064782
-0.0006723
-0.0131248
-0.0293512
-0.0342768
-0.0252941
-0.0130199
-0.0093093
-0.0150227
-0.0201571
-0.0155534
-0.0029204
0.0073956
0.0067745
-0.0062104
-0.0306000
-0.0690735
-0.1231349
-0.1783781
-0.1955405
-0.1227633
0.0727699
0.3745988
0.7116915
0.9848527
1.1098620
1.0531055
0.8425845
0.5515412
0.2643753
0.0418885
-0.0968903
-0.1685319
-0.2024092
-0.2190386
-0.2233290
-0.2125611
-0.1878024
-0.1578971
-0.1344801
-0.1245968
-0.1275190
-0.1367600
-0.1444914
-0.1459912
-0.1425311
-0.1404138
-0.1453734
-0.1564828
-0.1659032
-0.1654775
-0.1538480
-0.1374722
-0.1255053
-0.1236869
-0.1314106
-0.1425507
-0.1488768
-0.1447479
-0.1309007
-0.1141164
-0.1014357
-0.0928768
-0.0800949
-0.0540815
-0.0152234
0.0250315
0.0534871
0.0662400
0.0707321
0.0782045
0.0949762
0.1198128
0.1475268
0.1745074
0.2021329
0.2360224
0.2813580
0.3371249
0.3938100
0.4376835
0.4600533
0.4647166
0.4662612
0.4786348
0.5028928
0.5253902
0.5287984
0.5064070
0.4672319
0.4280337
0.3997793
0.3802573
0.3584948
0.3259176
0.2836065
0.2398506
0.2020906
0.1715150
0.1438640
0.1137983
0.0790550
0.0425171
0.0111216
-0.0086446
-0.0159571
-0.0168337
-0.0194994
-0.0279246
-0.0396182
-0.0495764
-0.0560684
-0.0621838
-0.0718370
-0.0850787
-0.0978163
-0.1052300
-0.1043615
-0.0944598
-0.0777610
-0.0610915
-0.0540009
-0.0615352
-0.0780674
-0.0907313
-0.0914622
-0.0857873
-0.0880140
-0.1063453
-0.1331249
-0.1512381
-0.1506393
-0.1374619
-0.1261791
-0.1243319
-0.1268973
-0.1248292
-0.1160051
-0.1063012
-0.1019102
-0.1032987
-0.1066580
-0.1086926
-0.1080092
-0.1028877
-0.0910735
-0.0740313
-0.0598651
-0.0580994
-0.0696050
-0.0835996
-0.0873909
-0.0791571
-0.0692039
-0.0680150
-0.0745496
-0.0775881
-0.0680038
-0.0482211
-0.0292489
-0.0200335
-0.0219663
-0.0337663
-0.0575880
-0.0941754
-0.1285121
-0.1221138
-0.0259664
0.1895084
0.5067400
0.8553941
1.1355723
1.2593740
1.1891306
0.9520234
0.6243840
0.2958627
0.0332228
-0.1385431
-0.2312850
-0.2726700
-0.2853559
-0.2790126
-0.2552442
-0.2161345
-0.1686089
-0.1238036
-0.0939700
-0.0880738
-0.1067190
-0.1395787
-0.1699119
-0.1860909
-0.1913820
-0.2005116
-0.2226756
-0.2473742
-0.2509359
-0.2204475
-0.1700950
-0.1306081
-0.1218033
-0.1370237
-0.1544221
-0.1606056
-0.1610385
-0.1690146
-0.1886519
-0.2108312
-0.2233844
-0.2211001
-0.2053076
-0.1783741
-0.1432308
-0.1070558
-0.0797069
-0.0650506
-0.0556711
-0.0395846
-0.0128440
0.0163609
0.0374910
0.0510118
0.0704590
0.1100566
0.1702416
0.2359275
0.2888157
0.3208688
0.3370716
0.3484345
0.3639361
0.3861698
0.4099950
0.4245357
0.4203123
0.3980878
0.3703497
0.3509575
0.3412034
0.3268182
0.2909099
0.2308417
0.1614546
0.1010490
0.0555525
0.0176534
-0.0206208
-0.0582856
-0.0885825
-0.1077872
-0.1180128
-0.1231902
-0.1258128
-0.1278398
-0.1316668
-0.1378071
-0.1424049
-0.1396093
-0.1278951
-0.1131414
-0.1035342
-0.1009604
-0.0989072
-0.0899212
-0.0742674
-0.0602498
-0.0568565
-0.0670494
-0.0867188
-0.1075718
-0.1211269
-0.1230854
-0.1164971
-0.1102743
-0.1122160
-0.1215474
-0.1282880
-0.1217765
-0.1017410
-0.0807638
-0.0736170
-0.0826353
-0.0942488
-0.0911395
-0.0681078
-0.0364326
-0.0140037
-0.0112735
-0.0234683
-0.0311016
-0.0048736
0.0873649
0.2692424
0.5386219
0.8523852
1.1293219
1.2798888
1.2497393
1.0483279
0.7424341
0.4201701
0.1505598
-0.0373932
-0.1494874
-0.2066706
-0.2288395
-0.2307494
-0.2246299
-0.2201952
-0.2210924
-0.2242882
-0.2253766
-0.2243566
-0.2249859
-0.2281375
-0.2270528
-0.2116437
-0.1796592
-0.1432867
-0.1219483
-0.1261974
-0.1485500
-0.1707168
-0.1796829
-0.1771664
-0.1754429
-0.1854364
-0.2075313
-0.2313225
-0.2434929
-0.2375724
-0.2183093
-0.1977621
-0.1864710
-0.1861714
-0.1892257
-0.1855456
-0.1716263
-0.1529028
-0.1361051
-0.1196246
-0.0935317
-0.0502574
0.0057549
0.0602472
0.1011075
0.1282377
0.1522301
0.1837326
0.2238889
0.2645955
0.2970348
0.3189315
0.3343511
0.3493244
0.3690501
0.3964223
0.4288267
0.4555798
0.4621159
0.4407574
0.3986180
0.3532742
0.3178540
0.2886999
0.2487515
0.1856526
0.1074272
0.0386625
-0.0004066
-0.0110864
-0.0128011
-0.0237473
-0.0452570
-0.0638294
-0.0671716
-0.0580646
-0.0522640
-0.0620060
-0.0819080
-0.0930336
-0.0821918
-0.0565415
-0.0378124
-0.0417153
-0.0633864
-0.0834407
-0.0882263
-0.0831729
-0.0852254
-0.1031851
-0.1284176
-0.1457893
-0.1503877
-0.1500758
-0.1533402
-0.1595915
-0.1629355
-0.1617140
-0.1603056
-0.1618930
-0.1631962
-0.1590830
-0.1511920
-0.1480014
-0.1540468
-0.1616093
-0.1576395
-0.1395045
-0.1198063
-0.1128768
-0.1188941
-0.1249431
-0.1212941
-0.1130469
-0.1137383
-0.1288336
-0.1480651
-0.1552678
-0.1448996
-0.1271360
-0.1166226
-0.1185242
-0.1270809
-0.1352929
-0.1419277
-0.1487621
-0.1547645
-0.1557150
-0.1484296
-0.1331911
-0.1119275
-0.0856218
-0.0550853
-0.0247257
-0.0041926
-0.0035468
-0.0245221
-0.0553864
-0.0726053
-0.0454202
0.0586263
0.2618054
0.5556128
0.8843263
1.1532746
1.2677142
1.1819953
0.9256139
0.5861763
0.2603123
0.0075040
-0.1628105
-0.2703123
-0.3348135
-0.3636319
-0.3579193
-0.3239885
-0.2768366
-0.2337145
-0.2044242
-0.1873544
-0.1749188
-0.1626891
-0.1529189
-0.1501385
-0.1552092
-0.1640685
-0.1708606
-0.1715751
-0.1657381
-0.1559531
-0.1463694
-0.1414119
-0.1446219
-0.1564005
-0.1721573
-0.1849485
-0.1920824
-0.1979057
-0.2077317
-0.2197594
-0.2259866
-0.2220588
-0.2140947
-0.2133592
-0.2234404
-0.2335540
-0.2265993
-0.1958330
-0.1533167
-0.1196044
-0.1039879
-0.0961186
-0.0776861
-0.0408107
0.0058359
0.0470566
0.0752105
0.0951869
0.1174644
0.1469107
0.1780084
0.2007587
0.2108708
0.2139567
0.2204695
0.2369744
0.2607392
0.2807844
0.2848713
0.2680594
0.2354769
0.1961152
0.1543736
0.1088981
0.0588303
0.0087510
-0.0331363
-0.0603217
-0.0714066
-0.0702987
-0.0645966
-0.0630978
-0.0724597
-0.0932931
-0.1179375
-0.1341310
-0.1351714
-0.1279301
-0.1278011
-0.1429475
-0.1647955
-0.1764650
-0.1701547
-0.1545866
-0.1458389
-0.1524766
-0.1695062
-0.1851981
-0.1926953
-0.1949273
-0.1989594
-0.2070032
-0.2137899
-0.2116464
-0.1970194
-0.1735230
-0.1506491
-0.1378756
-0.1362376
-0.1355094
-0.1237072
-0.1016519
-0.0856201
-0.0920745
-0.1192476
-0.1456070
-0.1483674
-0.1246546
-0.0945890
-0.0828394
-0.0966993
-0.1221455
-0.1398377
-0.1425175
-0.1373681
-0.1358480
-0.1439050
-0.1590855
-0.1729658
-0.1769380
-0.1692246
-0.1574797
-0.1529633
-0.1610371
-0.1771702
-0.1915319
-0.1969743
-0.1936255
-0.1873143
-0.1839532
-0.1848933
-0.1867775
-0.1847411
-0.1758403
-0.1616802
-0.1492546
-0.1466943
-0.1546333
-0.1629554
-0.1606412
-0.1497477
-0.1456123
-0.1605014
-0.1889425
-0.2117368
-0.2141632
-0.1991148
-0.1829116
-0.1795939
-0.1896412
-0.2027645
-0.2092156
-0.2067586
-0.1988150
-0.1905390
-0.1877917
-0.1950656
-0.2098874
-0.2210528
-0.2172027
-0.1985454
-0.1781597
-0.1704114
-0.1778479
-0.1887547
-0.1874599
-0.1686596
-0.1427253
-0.1258075
-0.1236927
-0.1263930
-0.1195258
-0.1000375
-0.0796409
-0.0730336
-0.0829982
-0.0968598
-0.0981764
-0.0827879
-0.0629538
-0.0556098
-0.0685605
-0.0980096
-0.1319652
-0.1459755
-0.0956437
0.0719440
0.3796585
0.7808269
1.1589848
1.3805748
1.3691207
1.1464297
0.8095831
0.4653269
0.1770655
-0.0400179
-0.1904169
-0.2761774
-0.2998599
-0.2775018
-0.2392408
-0.2141367
-0.2140157
-0.2311871
-0.2501195
-0.2598520
-0.2564845
-0.2396863
-0.2131043
-0.1873048
-0.1749907
-0.1789622
-0.1876875
-0.1864774
-0.1721413
-0.1547537
-0.1465585
-0.1514337
-0.1642124
-0.1774917
-0.1879989
-0.1972756
-0.2078583
-0.2201964
-0.2328234
-0.2430985
-0.2470093
-0.2413063
-0.2283629
-0.2165668
-0.2123922
-0.2130118
-0.2095345
-0.1965101
-0.1756035
-0.1516165
-0.1289488
-0.1112769
-0.0995200
-0.0876923
-0.0638953
-0.0197317
0.0397324
0.0967477
0.1345279
0.1523717
0.1664497
0.1934132
0.2337924
0.2739372
0.3029085
0.3226718
0.3410363
0.3599577
0.3742926
0.3789700
0.3734805
0.3601323
0.3404107
0.3131319
0.2755148
0.2267980
0.1710340
0.1151866
0.0643465
0.0198943
-0.0181014
-0.0484951
-0.0693403
-0.0798046
-0.0825138
-0.0844874
-0.0933995
-0.1105797
-0.1291083
-0.1409046
-0.1442261
-0.1424555
-0.1382775
-0.1325464
-0.1268842
-0.1227266
-0.1176118
-0.1061502
-0.0864247
-0.0642085
-0.0497382
-0.0496572
-0.0610692
-0.0737095
-0.0797563
-0.0816721
-0.0884247
-0.1040024
-0.1221778
-0.1327138
-0.1299027
-0.1150875
-0.0949102
-0.0785845
-0.0732366
-0.0790449
-0.0900816
-0.1007472
-0.1098287
-0.1184031
-0.1267763
-0.1346737
-0.1422562
-0.1493494
-0.1541787
-0.1531704
-0.1424637
-0.1219588
-0.0990337
-0.0848952
-0.0836377
-0.0866547
-0.0816222
-0.0664127
-0.0513422
-0.0484290
-0.0607503
-0.0810128
-0.0975891
-0.1024985
-0.0961906
-0.0853726
-0.0761788
-0.0704267
-0.0676010
-0.0667918
-0.0656576
-0.0613876
-0.0554576
-0.0553318
-0.0688957
-0.0964312
-0.1244922
-0.1216464
-0.0415947
0.1559304
0.4706557
0.8397700
1.1536777
1.3069792
1.2533750
1.0270320
0.7150432
0.4033721
0.1403938
-0.0590135
-0.1900528
-0.2501590
-0.2501359
-0.2186666
-0.1868632
-0.1690717
-0.1603347
-0.1501785
-0.1367423
-0.1283113
-0.1329200
-0.1486069
-0.1658142
-0.1778764
-0.1848606
-0.1874164
-0.1836837
-0.1757801
-0.1734753
-0.1849555
-0.2058021
-0.2222457
-0.2254696
-0.2201072
-0.2186190
-0.2280259
-0.2411803
-0.2414672
-0.2186167
-0.1797850
-0.1424093
-0.1171168
-0.1013581
-0.0879492
-0.0729863
-0.0543286
-0.0293387
0.0014386
0.0317694
0.0549267
0.0710576
0.0882384
0.1160290
0.1563532
0.1994290
0.2311624
0.2470867
0.2569101
0.2733629
0.3000011
0.3323245
0.3653447
0.3945772
0.4141598
0.4217936
0.4242972
0.4314048
0.4430592
0.4471100
0.4308123
0.3928590
0.3444301
0.2995789
0.2636373
0.2305952
0.1929202
0.1522195
0.1168099
0.0911009
0.0735088
0.0634216
0.0615283
0.0615485
0.0502810
0.0209560
-0.0182629
-0.0528317
-0.0753402
-0.0884560
-0.0988046
-0.1111243
-0.1261670
-0.1420495
-0.1575594
-0.1726244
-0.1845985
-0.1882424
-0.1831838
-0.1775131
-0.1787210
-0.1838932
-0.1839310
-0.1747156
-0.1593427
-0.1427297
-0.1292210
-0.1217015
-0.1166764
-0.1029719
-0.0720486
-0.0291824
0.0095872
0.0308006
0.0325039
0.0238596
0.0185699
0.0245091
0.0364461
0.0415477
0.0327930
0.0126835
-0.0156991
-0.0531175
-0.0956568
-0.1255172
-0.1114721
-0.0169879
0.1829074
0.4743579
0.7868822
1.0143350
1.0701352
0.9344215
0.6596931
0.3389239
0.0597581
-0.1317930
-0.2386352
-0.2884798
-0.3040617
-0.2954680
-0.2705215
-0.2404507
-0.2154910
-0.2009241
-0.1956975
-0.1911527
-0.1764709
-0.1511120
-0.1265159
-0.1102191
-0.0956783
-0.0750856
-0.0548702
-0.0491235
-0.0621909
-0.0855311
-0.1081787
-0.1246049
-0.1362205
-0.1493742
-0.1679765
-0.1868187
-0.1982915
-0.2050876
-0.2164515
-0.2315083
-0.2381708
-0.2307977
-0.2171975
-0.2052027
-0.1934877
-0.1785956
-0.1605987
-0.1395124
-0.1155913
-0.0935072
-0.0762788
-0.0560407
-0.0214025
0.0278039
0.0834563
0.1429136
0.2079371
0.2739337
0.3327682
0.3828210
0.4256766
0.4586220
0.4807877
0.4984935
0.5133258
0.5148841
0.4974007
0.4721224
0.4499078
0.4233184
0.3795643
0.3193739
0.2507351
0.1777775
0.1082375
0.0564658
0.0255618
0.0007027
-0.0293442
-0.0597297
-0.0850164
-0.1063856
-0.1175104
-0.1085272
-0.0907400
-0.0889344
-0.1021649
-0.1035730
-0.0855916
-0.0697751
-0.0652167
-0.0575333
-0.0468669
-0.0522186
-0.0688970
-0.0697176
-0.0571001
-0.0604421
-0.0753096
-0.0709471
-0.0670521
-0.1180104
-0.1929759
-0.1669817
0.0103872
