0.2408007
0.2115928
0.2868016
0.3323812
0.3412190
0.3804824
0.4503924
0.4878223
0.4751703
0.4564599
0.4545910
0.4442534
0.4068128
0.3550732
0.3010963
0.2443651
0.1922808
0.1549536
0.1218054
0.0755923
0.0242450
-0.0112832
-0.0335457
-0.0633923
-0.1043409
-0.1391317
-0.1569367
-0.1612703
-0.1570458
-0.1503000
-0.1538340
-0.1740474
-0.1981443
-0.2094912
-0.2078954
-0.2020935
-0.1929777
-0.1777888
-0.1604639
-0.1447829
-0.1266747
-0.1042657
-0.0857760
-0.0778758
-0.0762683
-0.0761579
-0.0815054
-0.0959873
-0.1147538
-0.1318692
-0.1463890
-0.1561173
-0.1557342
-0.1461211
-0.1362860
-0.1324763
-0.1338076
-0.1393526
-0.1490553
-0.1569870
-0.1553656
-0.1473707
-0.1455627
-0.1551212
-0.1668148
-0.1675964
-0.1515708
-0.1224000
-0.0926436
-0.0779339
-0.0827601
-0.0935776
-0.0935553
-0.0817838
-0.0711337
-0.0709479
-0.0794251
-0.0894339
-0.0940491
-0.0891064
-0.0772349
-0.0675887
-0.0671492
-0.0750799
-0.0880753
-0.1056981
-0.1271599
-0.1490825
-0.1700058
-0.1904564
-0.2050735
-0.2027875
-0.1810398
-0.1543675
-0.1428257
-0.1540414
-0.1784070
-0.1979225
-0.1990926
-0.1830745
-0.1654791
-0.1620157
-0.1731673
-0.1860355
-0.1894224
-0.1820646
-0.1687550
-0.1559778
-0.1505277
-0.1546585
-0.1614715
-0.1606405
-0.1492444
-0.1327610
-0.1163733
-0.0998905
-0.0802677
-0.0552886
-0.0266248
-0.0029751
0.0028040
-0.0149875
-0.0472347
-0.0767762
-0.0916932
-0.0910392
-0.0816430
-0.0720033
-0.0659333
-0.0602374
-0.0518688
-0.0458784
-0.0458578
-0.0308653
0.0482653
0.2333469
0.5102454
0.7947892
0.9725104
0.9663021
0.7830323
0.5041413
0.2289307
0.0190731
-0.1137797
-0.1840848
-0.2101463
-0.2107631
-0.2054757
-0.2061820
-0.2106009
-0.2091702
-0.1984693
-0.1864086
-0.1842094
-0.1929711
-0.1988608
-0.1853159
-0.1519738
-0.1178174
-0.1025755
-0.1084062
-0.1227904
-0.1345385
-0.1413958
-0.1453030
-0.1473323
-0.1477623
-0.1466750
-0.1430194
-0.1344835
-0.1185507
-0.0943399
-0.0657278
-0.0420396
-0.0309126
-0.0285220
-0.0206844
0.0032961
0.0393112
0.0721499
0.0897696
0.0957087
0.1104705
0.1575994
0.2403698
0.3298961
0.3826238
0.3758224
0.3268916
0.2776828
0.2603809
0.2760081
0.3009547
0.3123444
0.3087620
0.3077777
0.3245320
0.3555283
0.3839200
0.3961034
0.3900055
0.3717174
0.3500980
0.3329646
0.3222491
0.3113421
0.2905183
0.2566668
0.2169212
0.1828025
0.1611229
0.1494980
0.1401467
0.1286017
0.1172229
0.1077585
0.0932101
0.0638987
0.0227994
-0.0119653
-0.0244313
-0.0165840
-0.0019801
0.0139839
0.0411895
0.0902664
0.1556306
0.2211318
0.2878791
0.3909179
0.5712243
0.8164237
1.0324824
1.0931833
0.9363351
0.6198385
0.2838757
0.0530121
-0.0375723
-0.0379243
-0.0202520
-0.0213323
-0.0360433
-0.0498134
-0.0632374
-0.0848774
-0.1130615
-0.1358043
-0.1465153
-0.1516424
-0.1613289
-0.1775069
-0.1937315
-0.2042256
-0.2100992
-0.2161472
-0.2231287
-0.2258956
-0.2201543
-0.2078258
-0.1919103
-0.1684371
-0.1301981
-0.0798726
-0.0333335
-0.0050985
0.0075202
0.0221023
0.0528442
0.0957804
0.1320217
0.1456565
0.1393208
0.1320475
0.1412635
0.1677637
0.1986080
0.2218261
0.2357948
0.2469757
0.2631421
0.2885378
0.3214585
0.3550544
0.3827549
0.4045231
0.4273668
0.4590713
0.5004113
0.5417673
0.5677326
0.5685206
0.5490619
0.5250872
0.5083729
0.4968928
0.4798423
0.4493893
0.4058045
0.3544723
0.3020752
0.2551075
0.2181477
0.1909365
0.1672355
0.1385826
0.1021582
0.0661296
0.0443894
0.0426297
0.0508382
0.0532017
0.0449240
0.0352463
0.0333663
0.0356320
0.0292353
0.0066210
-0.0259294
-0.0535453
-0.0658506
-0.0656244
-0.0652648
-0.0747828
-0.0932578
-0.1111657
-0.1192769
-0.1156359
-0.1072017
-0.1061652
-0.1211865
-0.1485761
-0.1734689
-0.1832895
-0.1804490
-0.1796592
-0.1919584
-0.2120234
-0.2216153
-0.2064792
-0.1716484
-0.1400935
-0.1338017
-0.1545575
-0.1838685
-0.2014253
-0.2017610
-0.1935352
-0.1869825
-0.1851691
-0.1855186
-0.1855981
-0.1852263
-0.1838797
-0.1792125
-0.1713959
-0.1683658
-0.1813435
-0.2107899
-0.2395229
-0.2461010
-0.2267308
-0.2003566
-0.1898954
-0.2002139
-0.2161434
-0.2207967
-0.2138691
-0.2116961
-0.2302965
-0.2692062
-0.3115445
-0.3377889
-0.3381975
-0.3151632
-0.2795109
-0.2455166
-0.2232831
-0.2104984
-0.1937872
-0.1636115
-0.1286842
-0.1117584
-0.1280282
-0.1678380
-0.2027333
-0.2107695
-0.1969126
-0.1876132
-0.2041013
-0.2417900
-0.2770224
-0.2921362
-0.2907841
-0.2894887
-0.2985726
-0.3132889
-0.3208858
-0.3134142
-0.2939491
-0.2722066
-0.2552318
-0.2425288
-0.2292709
-0.2122752
-0.1923448
-0.1732490
-0.1605398
-0.1595075
-0.1707095
-0.1868981
-0.1967006
-0.1933931
-0.1810439
-0.1726148
-0.1808808
-0.2077711
-0.2402673
-0.2584114
-0.2508007
-0.2240902
-0.1977646
-0.1897205
-0.2053040
-0.2365375
-0.2692400
-0.2918986
-0.3007321
-0.2985787
-0.2900389
-0.2774561
-0.2597078
-0.2334675
-0.1973081
-0.1572146
-0.1269278
-0.1184573
-0.1301266
-0.1458999
-0.1484365
-0.1324999
-0.1056626
-0.0782778
-0.0550287
-0.0357471
-0.0217179
-0.0184892
-0.0318578
-0.0627512
-0.1067866
-0.1544708
-0.1847844
-0.1588900
-0.0333732
0.2027709
0.4965416
0.7427348
0.8417772
0.7606551
0.5474393
0.2903998
0.0603031
-0.1162967
-0.2409250
-0.3149994
-0.3346490
-0.3080224
-0.2644985
-0.2372329
-0.2364033
-0.2435415
-0.2332715
-0.1991945
-0.1586675
-0.1348600
-0.1363850
-0.1538647
-0.1728732
-0.1867029
-0.1972841
-0.2091276
-0.2262976
-0.2520740
-0.2849032
-0.3133104
-0.3205257
-0.3000137
-0.2666498
-0.2481805
-0.2609320
-0.2919343
-0.3067405
-0.2787285
-0.2129041
-0.1398801
-0.0853811
-0.0472473
-0.0042332
0.0540774
0.1097561
0.1309244
0.1037312
0.0495086
0.0090219
0.0079315
0.0367419
0.0644047
0.0700870
0.0596951
0.0529939
0.0601551
0.0744299
0.0847670
0.0895496
0.0954919
0.1059679
0.1150694
0.1150781
0.1074720
0.1027083
0.1086870
0.1233711
0.1414525
0.1645094
0.1980566
0.2375665
0.2632570
0.2546192
0.2111170
0.1564292
0.1203307
0.1150246
0.1277704
0.1353602
0.1251700
0.1027946
0.0818378
0.0695047
0.0625746
0.0542608
0.0421098
0.0297381
0.0228604
0.0238049
0.0286322
0.0290379
0.0175248
-0.0081968
-0.0437947
-0.0792928
-0.1025393
-0.1057561
-0.0914451
-0.0708748
-0.0546907
-0.0448238
-0.0362327
-0.0257771
-0.0176208
-0.0189614
-0.0307980
-0.0442222
-0.0475183
-0.0376747
-0.0240033
-0.0195296
-0.0294312
-0.0482906
-0.0667580
-0.0788920
-0.0844896
-0.0879337
-0.0957396
-0.1121568
-0.1337983
-0.1483299
-0.1412729
-0.1080803
-0.0620511
-0.0289884
-0.0292914
-0.0612943
-0.1021224
-0.1271733
-0.1304025
-0.1264470
-0.1340733
-0.1578887
-0.1846346
-0.1956341
-0.1833642
-0.1579254
-0.1384795
-0.1375232
-0.1513726
-0.1642802
-0.1626112
-0.1481253
-0.1389186
-0.1540573
-0.1926050
-0.2283276
-0.2310219
-0.1972478
-0.1578395
-0.1502077
-0.1812607
-0.2189697
-0.2219237
-0.1775651
-0.1122927
-0.0664783
-0.0611442
-0.0854361
-0.1073636
-0.0897108
-0.0010487
0.1708310
0.4002263
0.6178510
0.7379701
0.7076596
0.5393518
0.2988110
0.0611465
-0.1265274
-0.2509155
-0.3161053
-0.3305975
-0.3085865
-0.2730178
-0.2465898
-0.2369478
-0.2344000
-0.2267477
-0.2147093
-0.2110669
-0.2262155
-0.2566504
-0.2868813
-0.3007089
-0.2913622
-0.2642516
-0.2330326
-0.2127520
-0.2128631
-0.2319271
-0.2571431
-0.2715537
-0.2655695
-0.2429154
-0.2148879
-0.1892688
-0.1658600
-0.1416081
-0.1167554
-0.0941241
-0.0738940
-0.0519069
-0.0243990
0.0065688
0.0343733
0.0554242
0.0740832
0.0978161
0.1276636
0.1563033
0.1770088
0.1923756
0.2115409
0.2394528
0.2716934
0.3008081
0.3256640
0.3520291
0.3834537
0.4134515
0.4292074
0.4237861
0.4030277
0.3788071
0.3566141
0.3320519
0.2991211
0.2588160
0.2180824
0.1824860
0.1523703
0.1254706
0.1004972
0.0769524
0.0532429
0.0278463
0.0031707
-0.0141420
-0.0199255
-0.0194871
-0.0243432
-0.0392894
-0.0543389
-0.0530124
-0.0295390
0.0039294
0.0282016
0.0342982
0.0293991
0.0267273
0.0310386
0.0348068
0.0283430
0.0123748
-0.0007736
0.0011802
0.0180712
0.0362017
0.0389124
0.0192052
-0.0151242
-0.0465530
-0.0587297
-0.0455787
-0.0133461
0.0237403
0.0500078
0.0544757
0.0358648
0.0040107
-0.0256140
-0.0424615
-0.0484270
-0.0553409
-0.0740394
-0.1040986
-0.1329331
-0.1451270
-0.1336707
-0.1026360
-0.0595373
-0.0072841
0.0536157
0.1148131
0.1562857
0.1597825
0.1324439
0.1181353
0.1779938
0.3462095
0.5932260
0.8300249
0.9566905
0.9211658
0.7452575
0.5024987
0.2696327
0.0885209
-0.0393313
-0.1310649
-0.1974105
-0.2353052
-0.2399516
-0.2199241
-0.1976664
-0.1933012
-0.2070193
-0.2183402
-0.2054714
-0.1674345
-0.1262596
-0.1054006
-0.1062913
-0.1082194
-0.0912711
-0.0565201
-0.0220033
-0.0014670
0.0086881
0.0207346
0.0379113
0.0497903
0.0455622
0.0278032
0.0092997
-0.0023313
-0.0116809
-0.0252421
-0.0384639
-0.0386464
-0.0206381
0.0054854
0.0257860
0.0395298
0.0610154
0.1035436
0.1642182
0.2269881
0.2794912
0.3232902
0.3661736
0.4077810
0.4375462
0.4476010
0.4444605
0.4454332
0.4640016
0.4993774
0.5386326
0.5669314
0.5764591
0.5685064
0.5490333
0.5218887
0.4850922
0.4336179
0.3669718
0.2944869
0.2312100
0.1855699
0.1506834
0.1110375
0.0605949
0.0126019
-0.0130474
-0.0138616
-0.0128637
-0.0379433
-0.0914736
-0.1428503
-0.1549578
-0.1199979
-0.0684475
-0.0412151
-0.0528066
-0.0819525
-0.0961979
-0.0822042
-0.0519921
-0.0248301
-0.0083839
0.0031285
0.0180045
0.0379855
0.0577667
0.0692763
0.0663576
0.0497554
0.0307870
0.0271449
0.0485297
0.0841187
0.1089627
0.1077570
0.0902035
0.0771014
0.0724069
0.0598301
0.0363757
0.0446001
0.1541795
0.3948727
0.7037507
0.9475076
1.0104242
0.8726867
0.6129463
0.3421858
0.1339220
0.0028278
-0.0726610
-0.1205422
-0.1595851
-0.1932685
-0.2084532
-0.1863009
-0.1261705
-0.0607967
-0.0389729
-0.0841910
-0.1696249
-0.2390300
-0.2557723
-0.2310836
-0.2049424
-0.2036933
-0.2195721
-0.2278217
-0.2160016
-0.1940912
-0.1815807
-0.1903173
-0.2175877
-0.2485185
-0.2624679
-0.2428365
-0.1886780
-0.1188963
-0.0606138
-0.0284948
-0.0150252
-0.0031201
0.0125349
0.0208279
0.0128079
0.0009298
0.0132759
0.0659566
0.1437463
0.2114924
0.2455646
0.2534154
0.2625576
0.2919463
0.3351421
0.3703627
0.3844602
0.3854818
0.3927437
0.4167589
0.4492411
0.4708291
0.4672998
0.4398648
0.4025304
0.3702272
0.3475333
0.3266059
0.2957483
0.2516014
0.2044105
0.1705898
0.1574282
0.1532469
0.1338373
0.0818825
0.0025853
-0.0790809
-0.1367767
-0.1599983
-0.1568995
-0.1445483
-0.1371532
-0.1393188
-0.1450628
-0.1421201
-0.1213219
-0.0865136
-0.0554942
-0.0469328
-0.0625575
-0.0829509
-0.0845155
-0.0622269
-0.0339281
-0.0207489
-0.0249810
-0.0296721
-0.0193580
0.0018560
0.0140958
0.0019941
-0.0299674
-0.0610591
-0.0718349
-0.0598940
-0.0423263
-0.0442345
-0.0811748
-0.1467844
-0.2151798
-0.2588649
-0.2692351
-0.2610330
-0.2554637
-0.2591804
-0.2618536
-0.2536561
-0.2399049
-0.2338574
-0.2367435
-0.2312196
-0.1984031
-0.1393064
-0.0756031
-0.0293890
-0.0058568
0.0030683
0.0030030
-0.0090263
-0.0355395
-0.0697683
-0.0997933
-0.1186934
-0.1268542
-0.1269399
-0.1230776
-0.1249550
-0.1424217
-0.1650319
-0.1476505
-0.0299473
0.2140862
0.5388781
0.8422182
1.0252636
1.0474473
0.9334348
0.7369613
0.5017966
0.2504093
-0.0036020
-0.2418446
-0.4395917
-0.5735444
-0.6313219
-0.6181756
-0.5573155
-0.4805897
-0.4126128
-0.3597242
-0.3135851
-0.2658549
-0.2191292
-0.1839062
-0.1672293
-0.1670232
-0.1772118
-0.1946410
-0.2180625
-0.2420513
-0.2566963
-0.2560248
-0.2452649
-0.2368514
-0.2383539
-0.2456340
-0.2489616
-0.2450099
-0.2409020
-0.2456199
-0.2585501
-0.2680296
-0.2611515
-0.2337735
-0.1907720
-0.1384583
-0.0789805
-0.0123919
0.0574220
0.1206438
0.1664477
0.1910473
0.2018211
0.2133747
0.2377610
0.2759784
0.3174028
0.3480094
0.3611733
0.3621718
0.3623980
0.3686560
0.3779876
0.3829825
0.3812078
0.3777393
0.3775264
0.3759125
0.3581792
0.3101280
0.2310623
0.1381287
0.0579463
0.0111488
0.0003637
0.0094287
0.0140733
-0.0028413
-0.0411611
-0.0849814
-0.1149186
-0.1221566
-0.1133428
-0.1025810
-0.0979220
-0.0947431
-0.0821152
-0.0560536
-0.0265605
-0.0105965
-0.0167944
-0.0370314
-0.0542425
-0.0591202
-0.0582214
-0.0649247
-0.0836307
-0.1047391
-0.1147985
-0.1088679
-0.0915763
-0.0690934
-0.0448762
-0.0236257
-0.0131971
-0.0161082
-0.0203459
-0.0063798
0.0326296
0.0840453
0.1389975
0.2218458
0.3817213
0.6380039
0.9307661
1.1374118
1.1548595
0.9755345
0.6862194
0.3946702
0.1577638
-0.0268074
-0.1765593
-0.2883763
-0.3466597
-0.3527416
-0.3327623
-0.3156649
-0.3110431
-0.3118844
-0.3131892
-0.3206847
-0.3413876
-0.3715067
-0.3971423
-0.4050311
-0.3908019
-0.3598758
-0.3250943
-0.3025684
-0.3025517
-0.3187063
-0.3288418
-0.3132964
-0.2752522
-0.2387274
-0.2222671
-0.2166040
-0.1938170
-0.1400051
-0.0742625
-0.0307152
-0.0230222
-0.0316634
-0.0281237
-0.0075866
0.0071171
-0.0063951
-0.0423816
-0.0693378
-0.0575488
-0.0023857
0.0764417
0.1527573
0.2096352
0.2433277
0.2594924
0.2680779
0.2779997
0.2916133
0.3028290
0.3025722
0.2879776
0.2660316
0.2471359
0.2349661
0.2232299
0.2023703
0.1688474
0.1279087
0.0883896
0.0558206
0.0304314
0.0107378
-0.0022424
-0.0054195
0.0010815
0.0094158
0.0065300
-0.0165616
-0.0568260
-0.1010519
-0.1368461
-0.1623569
-0.1849245
-0.2103518
-0.2346170
-0.2469985
-0.2407380
-0.2193101
-0.1922037
-0.1662857
-0.1427672
-0.1218994
-0.1084155
-0.1108451
-0.1352490
-0.1791331
-0.2299923
-0.2691934
-0.2799681
-0.2568974
-0.2114220
-0.1670470
-0.1442215
-0.1454252
-0.1542006
-0.1507193
-0.1300178
-0.1050968
-0.0917995
-0.0912179
-0.0881154
-0.0671921
-0.0305134
0.0017152
0.0079886
-0.0162412
-0.0556651
-0.0889776
-0.1056312
-0.1108372
-0.1167855
-0.1304240
-0.1488492
-0.1641297
-0.1711197
-0.1717629
-0.1742568
-0.1877438
-0.2122162
-0.2258089
-0.1800961
-0.0180557
0.2841343
0.6768560
1.0371070
1.2249880
1.1654991
0.8954196
0.5372118
0.2203135
0.0116613
-0.0968057
-0.1494085
-0.1819096
-0.2068026
-0.2257307
-0.2420112
-0.2580762
-0.2681099
-0.2620318
-0.2391386
-0.2140997
-0.2054753
-0.2179838
-0.2381632
-0.2486906
-0.2464266
-0.2457163
-0.2640784
-0.3044549
-0.3502518
-0.3770593
-0.3710969
-0.3399503
-0.3075327
-0.2969204
-0.3139405
-0.3443062
-0.3663758
-0.3680334
-0.3523954
-0.3282187
-0.2967743
-0.2504810
-0.1848559
-0.1091861
-0.0417800
0.0066775
0.0433391
0.0845836
0.1369929
0.1884298
0.2190753
0.2207393
0.2043881
0.1893063
0.1866811
0.1942421
0.2044700
0.2144168
0.2261876
0.2399180
0.2493898
0.2458311
0.2254802
0.1929928
0.1579322
0.1280802
0.1048831
0.0836398
0.0578464
0.0250121
-0.0099959
-0.0373969
-0.0499822
-0.0495899
-0.0459267
-0.0479282
-0.0560055
-0.0634572
-0.0657278
-0.0672001
-0.0773483
-0.0997100
-0.1256861
-0.1409510
-0.1391071
-0.1287950
-0.1261139
-0.1389269
-0.1585101
-0.1673690
-0.1560829
-0.1328874
-0.1167247
-0.1204655
-0.1400390
-0.1589488
-0.1629906
-0.1512807
-0.1344580
-0.1233658
-0.1193890
-0.1145906
-0.1003365
-0.0762220
-0.0516078
-0.0383378
-0.0405308
-0.0505616
-0.0559426
-0.0517468
-0.0463119
-0.0529266
-0.0745198
-0.0976237
-0.1040963
-0.0899715
-0.0709293
-0.0667239
-0.0808735
-0.0994857
-0.1121406
-0.1297079
-0.1729426
-0.2378551
-0.2754680
-0.2165119
-0.0279686
0.2479960
0.5114610
0.6672294
0.6803713
0.5813671
0.4252727
0.2483205
0.0592071
-0.1376074
-0.3197062
-0.4514627
-0.5095503
-0.5017747
-0.4607694
-0.4201119
-0.3954667
-0.3844770
-0.3791879
-0.3756688
-0.3738699
-0.3733506
-0.3725095
-0.3712042
-0.3714798
-0.3747095
-0.3791562
-0.3813426
-0.3790438
-0.3714587
-0.3564973
-0.3299593
-0.2894667
-0.2392538
-0.1895149
-0.1500118
-0.1244815
-0.1107361
-0.1036029
-0.0953566
-0.0748034
-0.0315075
0.0340576
0.1045784
0.1549645
0.1727825
0.1715342
0.1812975
0.2225450
0.2874367
0.3475246
0.3808008
0.3910149
0.4001760
0.4233441
0.4530802
0.4697341
0.4654555
0.4549446
0.4604031
0.4863796
0.5117891
0.5084715
0.4674058
0.4058233
0.3491404
0.3075834
0.2708385
0.2235492
0.1637160
0.1056748
0.0665364
0.0506491
0.0467050
0.0389822
0.0213387
0.0010491
-0.0104602
-0.0107604
-0.0104075
-0.0229662
-0.0502144
-0.0782320
-0.0904704
-0.0852705
-0.0778851
-0.0824803
-0.0932201
-0.0874857
-0.0508201
0.0025882
0.0378898
0.0304220
-0.0111918
-0.0530432
-0.0665048
-0.0506394
-0.0263144
-0.0121577
-0.0090164
-0.0064250
0.0005857
0.0048647
-0.0030674
-0.0214545
-0.0358947
-0.0323896
-0.0118405
0.0089823
0.0119061
-0.0063503
-0.0321312
-0.0492626
-0.0553819
-0.0632183
-0.0849536
-0.1155520
-0.1331529
-0.1180399
-0.0723485
-0.0207616
0.0090140
0.0072534
-0.0142542
-0.0364028
-0.0486070
-0.0524813
-0.0543695
-0.0572816
-0.0593178
-0.0569072
-0.0477055
-0.0312597
-0.0092205
0.0138166
0.0305933
0.0341816
0.0218707
-0.0034143
-0.0347987
-0.0641485
-0.0847649
-0.0948203
-0.1001081
-0.1116993
-0.1372440
-0.1726469
-0.2035318
-0.2175004
-0.2163187
-0.2151710
-0.2279743
-0.2524734
-0.2707048
-0.2656676
-0.2380115
-0.2057551
-0.1872548
-0.1847048
-0.1842990
-0.1717108
-0.1463378
-0.1199817
-0.1023707
-0.0899353
-0.0706939
-0.0399999
-0.0088333
0.0060055
-0.0004259
-0.0158157
-0.0242229
-0.0236424
-0.0274467
-0.0476393
-0.0787422
-0.1011016
-0.1006819
-0.0833313
-0.0675980
-0.0650957
-0.0714848
-0.0770367
-0.0812072
-0.0918126
-0.1108766
-0.1276819
-0.1301198
-0.1191715
-0.1028647
-0.0705768
0.0203179
0.2165868
0.5142137
0.8294383
1.0351838
1.0421180
0.8574840
0.5727761
0.2958481
0.0884769
-0.0451445
-0.1268705
-0.1721088
-0.1849653
-0.1726448
-0.1533149
-0.1470591
-0.1624470
-0.1937846
-0.2288663
-0.2570449
-0.2725319
-0.2755462
-0.2726059
-0.2728369
-0.2802610
-0.2893760
-0.2906202
-0.2814529
-0.2706216
-0.2693166
-0.2779942
-0.2840395
-0.2740343
-0.2473937
-0.2160563
-0.1910332
-0.1716220
-0.1490530
-0.1190815
-0.0884972
-0.0684082
-0.0618739
-0.0591079
-0.0456204
-0.0158133
0.0210602
0.0486102
0.0575686
0.0532308
0.0496482
0.0568025
0.0728007
0.0874250
0.0925568
0.0891942
0.0850523
0.0866397
0.0947835
0.1072936
0.1236083
0.1449745
0.1707289
0.1964624
0.2169085
0.2304089
0.2403699
0.2525089
0.2702478
0.2916536
0.3101116
0.3184406
0.3138376
0.3002829
0.2862454
0.2783550
0.2754117
0.2686066
0.2493883
0.2183026
0.1856149
0.1624159
0.1510325
0.1440468
0.1318609
0.1105726
0.0830861
0.0540706
0.0252153
-0.0040604
-0.0319136
-0.0516652
-0.0553541
-0.0400089
-0.0105081
0.0230831
0.0508204
0.0673317
0.0737801
0.0765944
0.0830060
0.0957884
0.1112798
0.1228276
0.1272736
0.1288730
0.1362004
0.1535137
0.1744836
0.1857309
0.1781619
0.1550093
0.1281534
0.1067602
0.0903065
0.0726873
0.0518948
0.0340221
0.0266959
0.0288478
0.0286954
0.0137171
-0.0169687
-0.0509535
-0.0736149
-0.0806157
-0.0798724
-0.0824151
-0.0918308
-0.1018905
-0.1036528
-0.0948266
-0.0823950
-0.0760505
-0.0789612
-0.0846467
-0.0822298
-0.0648607
-0.0350887
-0.0047960
0.0098328
-0.0026975
-0.0382995
-0.0696360
-0.0495341
0.0691624
0.3026982
0.6132705
0.9143448
1.1075938
1.1300432
0.9813602
0.7166741
0.4146530
0.1432575
-0.0594781
-0.1863108
-0.2507578
-0.2751434
-0.2809080
-0.2818873
-0.2820524
-0.2793185
-0.2727065
-0.2662497
-0.2660301
-0.2739116
-0.2845679
-0.2886918
-0.2796479
-0.2581623
-0.2312336
-0.2062348
-0.1855461
-0.1664043
-0.1452532
-0.1218390
-0.0995791
-0.0824654
-0.0709982
-0.0603330
-0.0431053
-0.0158066
0.0169054
0.0449695
0.0610149
0.0663715
0.0693950
0.0776133
0.0908205
0.1018230
0.1048741
0.1037203
0.1101446
0.1332642
0.1704066
0.2094017
0.2399645
0.2623895
0.2850939
0.3141397
0.3457426
0.3697051
0.3805166
0.3843132
0.3936143
0.4148547
0.4416226
0.4600177
0.4598479
0.4409822
0.4107933
0.3770347
0.3428882
0.3073414
0.2687685
0.2272618
0.1840592
0.1406841
0.1000119
0.0670408
0.0462048
0.0369743
0.0328934
0.0256356
0.0100761
-0.0140016
-0.0437928
-0.0760084
-0.1075273
-0.1343824
-0.1517608
-0.1568848
-0.1524805
-0.1462397
-0.1454440
-0.1515039
-0.1591540
-0.1601147
-0.1480234
-0.1222070
-0.0886362
-0.0566335
-0.0325935
-0.0156312
0.0005811
0.0209310
0.0428042
0.0565751
0.0534777
0.0347477
0.0126941
0.0006019
0.0004429
0.0015577
-0.0074488
-0.0260070
-0.0417197
-0.0432813
-0.0326895
-0.0240074
-0.0297834
-0.0491894
-0.0702596
-0.0831971
-0.0896570
-0.0986633
-0.1158940
-0.1390079
-0.1617781
-0.1794549
-0.1898079
-0.1922280
-0.1885945
-0.1842871
-0.1852383
-0.1915329
-0.1941591
-0.1808344
-0.1477402
-0.1054167
-0.0707493
-0.0518657
-0.0419153
-0.0285497
-0.0084775
0.0085883
0.0100660
-0.0063093
-0.0294058
-0.0445717
-0.0469989
-0.0455887
-0.0533168
-0.0736338
-0.0964957
-0.1076067
-0.1016094
-0.0872981
-0.0807947
-0.0923676
-0.1175380
-0.1404224
-0.1471728
-0.1373225
-0.1221113
-0.1121146
-0.1075935
-0.1014217
-0.0903714
-0.0806154
-0.0774253
-0.0652136
0.0008225
0.1730636
0.4665518
0.8247961
1.1307571
1.2649646
1.1737777
0.8994124
0.5502452
0.2344793
0.0066840
-0.1378274
-0.2285917
-0.2841592
-0.3046541
-0.2887256
-0.2493920
-0.2114161
-0.1948834
-0.2018521
-0.2176063
-0.2239147
-0.2122035
-0.1870811
-0.1606891
-0.1445579
-0.1436947
-0.1541527
-0.1652844
-0.1669738
-0.1572776
-0.1433934
-0.1343691
-0.1320851
-0.1287222
-0.1131013
-0.0806606
-0.0382203
0.0013374
0.0295802
0.0475338
0.0607897
0.0718921
0.0791336
0.0814639
0.0820657
0.0866153
0.0991429
0.1197429
0.1452289
0.1714130
0.1953423
0.2165800
0.2375726
0.2628579
0.2958908
0.3342330
0.3682567
0.3876780
0.3914662
0.3905437
0.3990730
0.4222114
0.4515566
0.4716585
0.4716443
0.4527142
0.4256854
0.4007509
0.3788468
0.3528367
0.3168725
0.2742321
0.2360828
0.2122441
0.2016656
0.1911515
0.1652703
0.1201423
0.0677381
0.0250507
-0.0014794
-0.0201825
-0.0432303
-0.0729016
-0.0995132
-0.1127439
-0.1141541
-0.1169795
-0.1321587
-0.1552036
-0.1692103
-0.1617587
-0.1373332
-0.1121822
-0.0984489
-0.0945350
-0.0893933
-0.0738486
-0.0477416
-0.0182437
0.0067922
0.0235565
0.0323094
0.0356683
0.0379403
0.0435245
0.0525764
0.0585557
0.0533810
0.0365218
0.0172289
0.0060456
0.0043944
0.0031402
-0.0088074
-0.0343351
-0.0655205
-0.0906305
-0.1042488
-0.1112852
-0.1217697
-0.1420964
-0.1701738
-0.1967955
-0.2113589
-0.2089945
-0.1945069
-0.1784561
-0.1674309
-0.1583213
-0.1432483
-0.1197103
-0.0948381
-0.0798277
-0.0804559
-0.0919348
-0.1020333
-0.1002210
-0.0858372
-0.0686136
-0.0613020
-0.0705867
-0.0926818
-0.1160461
-0.1299064
-0.1333678
-0.1369568
-0.1531215
-0.1838473
-0.2182944
-0.2429235
-0.2530715
-0.2547097
-0.2564753
-0.2609035
-0.2629118
-0.2562883
-0.2413656
-0.2255071
-0.2155666
-0.2108564
-0.2044825
-0.1907901
-0.1705440
-0.1497375
-0.1345132
-0.1264142
-0.1212537
-0.1131382
-0.1006813
-0.0888050
-0.0836786
-0.0866491
-0.0938551
-0.1005795
-0.1045724
-0.1058906
-0.1054774
-0.1048609
-0.1067841
-0.1145999
-0.1288066
-0.1434779
-0.1491063
-0.1427738
-0.1345625
-0.1388028
-0.1568525
-0.1726506
-0.1699229
-0.1519681
-0.1365402
-0.1240528
-0.0721083
0.0857659
0.3777665
0.7392583
1.0263826
1.1032016
0.9355583
0.6115047
0.2729144
0.0209227
-0.1278595
-0.2131575
-0.2736439
-0.3164186
-0.3302260
-0.3140947
-0.2863015
-0.2690647
-0.2716231
-0.2888374
-0.3098104
-0.3240833
-0.3243655
-0.3106441
-0.2928223
-0.2850240
-0.2940392
-0.3134059
-0.3297314
-0.3349955
-0.3323974
-0.3298725
-0.3284814
-0.3192711
-0.2931043
-0.2520833
-0.2087341
-0.1743313
-0.1503440
-0.1309083
-0.1104845
-0.0879850
-0.0657165
-0.0460569
-0.0284903
-0.0092625
0.0153153
0.0447936
0.0741856
0.0977156
0.1131774
0.1236977
0.1355094
0.1522877
0.1706054
0.1826762
0.1852556
0.1845401
0.1904412
0.2066944
0.2277036
0.2438847
0.2489840
0.2441819
0.2376310
0.2390426
0.2513953
0.2662843
0.2685293
0.2478924
0.2088567
0.1694978
0.1478431
0.1456539
0.1456584
0.1276135
0.0878030
0.0410375
0.0040318
-0.0201248
-0.0407938
-0.0667692
-0.0963644
-0.1186158
-0.1232412
-0.1115363
-0.0987611
-0.1027593
-0.1253487
-0.1432844
-0.1214027
-0.0412235
0.0811474
0.2119881
0.3431856
0.5144613
0.7730013
1.0940344
1.3473527
1.3693780
1.0953671
0.6311602
0.1884544
-0.0659682
-0.1157494
-0.0695783
-0.0440444
-0.0723496
-0.1138925
-0.1290111
-0.1263817
-0.1408591
-0.1848208
-0.2352946
-0.2644836
-0.2707288
-0.2757259
-0.2975782
-0.3327120
-0.3635768
-0.3787760
-0.3819002
-0.3828065
-0.3863281
-0.3918306
-0.3985558
-0.4054951
-0.4078582
-0.4000217
-0.3830557
-0.3644182
-0.3475991
-0.3252169
-0.2860299
-0.2288113
-0.1672379
-0.1192067
-0.0903695
-0.0690828
-0.0395985
0.0000598
0.0362780
0.0564718
0.0639148
0.0736530
0.0962546
0.1283424
0.1574558
0.1736769
0.1777208
0.1799750
0.1908356
0.2100320
0.2258644
0.2264992
0.2123280
0.1970191
0.1961471
0.2130666
0.2341558
0.2394305
0.2210102
0.1909698
0.1682973
0.1584244
0.1486799
0.1239182
0.0832574
0.0405426
0.0110221
-0.0014028
-0.0060955
-0.0167036
-0.0397147
-0.0710398
-0.1026364
-0.1298849
-0.1516466
-0.1667867
-0.1745681
-0.1774332
-0.1801794
-0.1862211
-0.1959682
-0.2077272
-0.2185642
-0.2256013
-0.2284577
-0.2299375
-0.2335137
-0.2409678
-0.2520360
-0.2636326
-0.2691913
-0.2627047
-0.2457111
-0.2278724
-0.2184919
-0.2188050
-0.2233515
-0.2265792
-0.2268691
-0.2262691
-0.2279943
-0.2333273
-0.2404462
-0.2468031
-0.2515361
-0.2540337
-0.2520602
-0.2445018
-0.2350673
-0.2300334
-0.2324848
-0.2408351
-0.2514854
-0.2599481
-0.2611895
-0.2535450
-0.2426427
-0.2378654
-0.2435772
-0.2552744
-0.2646406
-0.2676384
-0.2681651
-0.2738878
-0.2869134
-0.2989303
-0.2989944
-0.2869039
-0.2748802
-0.2741291
-0.2835428
-0.2941239
-0.3007489
-0.3058460
-0.3136723
-0.3243944
-0.3330214
-0.3322727
-0.3174717
-0.2902710
-0.2578723
-0.2291867
-0.2116415
-0.2079088
-0.2119207
-0.2109187
-0.1975078
-0.1795018
-0.1724127
-0.1813142
-0.1947923
-0.1983683
-0.1902840
-0.1820595
-0.1852515
-0.1986980
-0.2085249
-0.2018955
-0.1811886
-0.1614905
-0.1523491
-0.1464093
-0.1306475
-0.1058671
-0.0879456
-0.0857693
-0.0770698
-0.0078092
0.1747696
0.4713311
0.8021562
1.0370871
1.0727921
0.8982529
0.5959044
0.2825298
0.0404291
-0.1131229
-0.2065670
-0.2708496
-0.3127204
-0.3242124
-0.3083986
-0.2866522
-0.2803489
-0.2917722
-0.3048794
-0.3011786
-0.2751379
-0.2392257
-0.2148086
-0.2136484
-0.2268137
-0.2342851
-0.2252099
-0.2062919
-0.1920927
-0.1907595
-0.1977161
-0.1997236
-0.1868297
-0.1637326
-0.1471518
-0.1484137
-0.1609112
-0.1679402
-0.1599640
-0.1409018
-0.1210724
-0.1081425
-0.1020627
-0.0947922
-0.0769590
-0.0473959
-0.0139252
0.0160679
0.0416223
0.0639987
0.0825602
0.0976610
0.1126897
0.1303822
0.1509609
0.1753483
0.2056226
0.2408357
0.2765886
0.3094223
0.3376576
0.3588757
0.3719624
0.3805670
0.3883386
0.3916202
0.3834986
0.3646953
0.3439971
0.3278786
0.3151342
0.3011763
0.2826445
0.2588433
0.2329800
0.2102885
0.1917348
0.1731491
0.1535611
0.1383172
0.1291075
0.1176919
0.0965422
0.0706087
0.0518183
0.0461014
0.0513036
0.0631141
0.0774313
0.0907029
0.1020431
0.1115563
0.1155196
0.1095852
0.0977964
0.0903330
0.0903691
0.0911851
0.0876414
0.0816936
0.0753962
0.0681464
0.0625851
0.0637518
0.0705468
0.0765174
0.0797067
0.0834532
0.0883457
0.0922305
0.0963199
0.1019626
0.1040346
0.0973136
0.0862770
0.0789781
0.0752550
0.0703147
0.0643910
0.0591298
0.0512196
0.0397443
0.0318849
0.0305761
0.0252987
0.0066929
-0.0180957
-0.0353864
-0.0416575
-0.0416173
-0.0404260
-0.0455876
-0.0629700
-0.0824887
-0.0827446
-0.0586618
-0.0291651
-0.0105793
-0.0005303
0.0058515
0.0060663
0.0048012
0.0153959
0.0377908
0.0570016
0.0694759
0.0863997
0.1068746
0.1157789
0.1111702
0.1042909
0.0962321
0.0953197
0.1544178
0.3360105
0.6266336
0.9298466
1.1485778
1.2264397
1.1215930
0.8326246
0.4755834
