-0.1821486
-0.2606837
-0.1757254
-0.1190867
-0.1412104
-0.1510580
-0.1160863
-0.0951145
-0.1030649
-0.0889379
-0.0434928
-0.0127724
-0.0051639
0.0186110
0.0650846
0.1018688
0.1282068
0.1760301
0.2434582
0.2938594
0.3182904
0.3417457
0.3733071
0.4010521
0.4278250
0.4653428
0.5022403
0.5192397
0.5246505
0.5383106
0.5545198
0.5545563
0.5398161
0.5208582
0.4905047
0.4379748
0.3742400
0.3173459
0.2678443
0.2194328
0.1756418
0.1374302
0.0944672
0.0461036
0.0099862
-0.0063341
-0.0209389
-0.0494577
-0.0823808
-0.1045413
-0.1172276
-0.1278319
-0.1356665
-0.1393141
-0.1425791
-0.1460248
-0.1470013
-0.1498397
-0.1593231
-0.1653061
-0.1541133
-0.1346623
-0.1318281
-0.1526338
-0.1784403
-0.1912386
-0.1897290
-0.1801108
-0.1686601
-0.1630195
-0.1652462
-0.1646436
-0.1501891
-0.1263696
-0.1055046
-0.0914796
-0.0832416
-0.0856580
-0.1026368
-0.1259780
-0.1432748
-0.1508594
-0.1503049
-0.1415120
-0.1284282
-0.1211352
-0.1221914
-0.1202092
-0.1057967
-0.0850847
-0.0707903
-0.0694707
-0.0825768
-0.1084295
-0.1373211
-0.1560480
-0.1633217
-0.1709476
-0.1858184
-0.2008052
-0.2062611
-0.2001750
-0.1849183
-0.1645913
-0.1476413
-0.1423450
-0.1479148
-0.1572682
-0.1667047
-0.1749274
-0.1772478
-0.1718035
-0.1676948
-0.1750099
-0.1889458
-0.1943398
-0.1838656
-0.1628807
-0.1397333
-0.1201353
-0.1073237
-0.0989888
-0.0872186
-0.0689306
-0.0532881
-0.0531713
-0.0720202
-0.0989112
-0.1051951
-0.0414162
0.1454977
0.4694122
0.8705710
1.2264182
1.4062326
1.3384214
1.0534259
0.6700056
0.3226961
0.0831977
-0.0565897
-0.1363146
-0.1782348
-0.1853515
-0.1665276
-0.1453481
-0.1439987
-0.1645713
-0.1885239
-0.1966083
-0.1906737
-0.1912698
-0.2107210
-0.2363299
-0.2473300
-0.2404496
-0.2277647
-0.2151849
-0.1968558
-0.1700715
-0.1437354
-0.1289127
-0.1274269
-0.1316797
-0.1325772
-0.1279929
-0.1246332
-0.1286210
-0.1342121
-0.1284570
-0.1087431
-0.0875598
-0.0762021
-0.0717008
-0.0643820
-0.0503942
-0.0309596
-0.0061911
0.0233451
0.0530768
0.0783531
0.1005136
0.1268251
0.1658298
0.2213067
0.2862891
0.3446127
0.3847582
0.4121086
0.4423981
0.4843413
0.5338015
0.5815922
0.6190095
0.6380226
0.6358523
0.6205903
0.6048913
0.5919582
0.5718970
0.5320331
0.4678346
0.3861469
0.3023009
0.2319026
0.1802222
0.1394978
0.0982060
0.0510194
0.0001054
-0.0470470
-0.0791462
-0.0883025
-0.0811345
-0.0773115
-0.0914345
-0.1193685
-0.1454944
-0.1592347
-0.1616958
-0.1611702
-0.1661641
-0.1793785
-0.1952028
-0.2051242
-0.2065806
-0.2040012
-0.2020066
-0.2018836
-0.2039314
-0.2079850
-0.2116032
-0.2124674
-0.2123146
-0.2141620
-0.2166803
-0.2158908
-0.2109577
-0.2034201
-0.1925046
-0.1768372
-0.1597485
-0.1474326
-0.1419148
-0.1396166
-0.1360787
-0.1292118
-0.1198916
-0.1124655
-0.1123193
-0.1196662
-0.1277439
-0.1295625
-0.1241715
-0.1151675
-0.1072120
-0.1058721
-0.1157670
-0.1351689
-0.1557391
-0.1704002
-0.1789060
-0.1847691
-0.1908978
-0.1995321
-0.2116575
-0.2241042
-0.2308362
-0.2290093
-0.2211612
-0.2113875
-0.2030922
-0.2002458
-0.2057680
-0.2169677
-0.2257950
-0.2251277
-0.2140791
-0.1988634
-0.1900876
-0.1952364
-0.2092713
-0.2155453
-0.2016362
-0.1732981
-0.1486954
-0.1405328
-0.1477963
-0.1623730
-0.1775889
-0.1900030
-0.1977604
-0.2000103
-0.1978811
-0.1956846
-0.1988962
-0.2071439
-0.2100566
-0.1958751
-0.1658820
-0.1355101
-0.1193627
-0.1191842
-0.1255416
-0.1207639
-0.0736948
0.0587988
0.3059277
0.6444350
0.9837794
1.2005463
1.2083392
1.0134707
0.7088672
0.4083753
0.1787183
0.0245470
-0.0773051
-0.1433491
-0.1795955
-0.1943445
-0.2017288
-0.2126037
-0.2270836
-0.2384947
-0.2443035
-0.2509728
-0.2653285
-0.2824702
-0.2882803
-0.2765613
-0.2584918
-0.2504291
-0.2555469
-0.2620038
-0.2567809
-0.2368324
-0.2083265
-0.1798176
-0.1569320
-0.1411324
-0.1317404
-0.1273713
-0.1238717
-0.1134715
-0.0913201
-0.0632867
-0.0422524
-0.0348545
-0.0356034
-0.0351753
-0.0299464
-0.0210151
-0.0080035
0.0117783
0.0385326
0.0670229
0.0905158
0.1094447
0.1353308
0.1810961
0.2444275
0.3053230
0.3458008
0.3694866
0.3955186
0.4345594
0.4782267
0.5135619
0.5407701
0.5707118
0.6065276
0.6337344
0.6330661
0.6027251
0.5623815
0.5305435
0.5018096
0.4548635
0.3826915
0.3044836
0.2425061
0.1959166
0.1471196
0.0901266
0.0408491
0.0154079
0.0056530
-0.0150040
-0.0600881
-0.1106729
-0.1346103
-0.1249129
-0.1107926
-0.1252237
-0.1677037
-0.2080683
-0.2242119
-0.2243580
-0.2290507
-0.2417263
-0.2468052
-0.2340695
-0.2150587
-0.2099100
-0.2208599
-0.2261243
-0.2047923
-0.1644573
-0.1360000
-0.1389159
-0.1593715
-0.1684408
-0.1565412
-0.1407874
-0.1391755
-0.1470066
-0.1444892
-0.1240699
-0.1029747
-0.1044939
-0.1286253
-0.1479721
-0.1378499
-0.1070659
-0.0906892
-0.1110452
-0.1533458
-0.1842499
-0.1887132
-0.1814144
-0.1837357
-0.1974939
-0.2058801
-0.1976639
-0.1838325
-0.1851545
-0.2048102
-0.2211157
-0.2123382
-0.1838712
-0.1630452
-0.1680204
-0.1896311
-0.2060240
-0.2082804
-0.2058060
-0.2091084
-0.2141174
-0.2072680
-0.1842926
-0.1584822
-0.1460895
-0.1459398
-0.1405841
-0.1197246
-0.0958732
-0.0909592
-0.1107380
-0.1389146
-0.1561157
-0.1589924
-0.1587384
-0.1647857
-0.1743537
-0.1787523
-0.1768191
-0.1771539
-0.1849640
-0.1911073
-0.1806162
-0.1520974
-0.1228846
-0.1125367
-0.1243078
-0.1428564
-0.1430123
-0.0952239
0.0320998
0.2607660
0.5783992
0.9194517
1.1778148
1.2575987
1.1317702
0.8605006
0.5502514
0.2878811
0.1039655
-0.0150242
-0.0923579
-0.1402753
-0.1626387
-0.1661608
-0.1634504
-0.1655860
-0.1751828
-0.1892391
-0.2065956
-0.2276801
-0.2469509
-0.2526867
-0.2397522
-0.2196454
-0.2118602
-0.2243900
-0.2458261
-0.2575441
-0.2515837
-0.2352913
-0.2197202
-0.2065576
-0.1893754
-0.1668073
-0.1482056
-0.1410599
-0.1365092
-0.1162520
-0.0760695
-0.0354426
-0.0179408
-0.0246115
-0.0322646
-0.0185541
0.0152446
0.0488750
0.0681991
0.0805293
0.1021515
0.1348621
0.1633060
0.1777341
0.1910886
0.2250847
0.2819032
0.3386692
0.3725012
0.3851252
0.3983085
0.4280351
0.4688722
0.5048132
0.5302929
0.5536918
0.5790635
0.5921357
0.5735713
0.5257210
0.4766654
0.4514886
0.4436977
0.4218430
0.3641297
0.2814083
0.2044892
0.1526808
0.1188877
0.0850389
0.0463921
0.0143668
-0.0039801
-0.0202536
-0.0508352
-0.0921554
-0.1201264
-0.1181498
-0.0995409
-0.0955933
-0.1223462
-0.1640291
-0.1909163
-0.1904533
-0.1771914
-0.1725303
-0.1801520
-0.1865572
-0.1832023
-0.1789148
-0.1858451
-0.1994978
-0.2015088
-0.1823189
-0.1544003
-0.1396976
-0.1468220
-0.1635261
-0.1704707
-0.1595784
-0.1383729
-0.1193462
-0.1092479
-0.1091410
-0.1191525
-0.1369165
-0.1527514
-0.1539584
-0.1378194
-0.1170072
-0.1085047
-0.1182942
-0.1385550
-0.1574454
-0.1683886
-0.1709506
-0.1672947
-0.1610303
-0.1584890
-0.1665670
-0.1850719
-0.2019011
-0.2012167
-0.1799047
-0.1532037
-0.1400856
-0.1443781
-0.1539127
-0.1568135
-0.1531807
-0.1494924
-0.1467864
-0.1396172
-0.1262075
-0.1148013
-0.1157388
-0.1273466
-0.1341956
-0.1235835
-0.1023809
-0.0922336
-0.1063481
-0.1350219
-0.1568822
-0.1610548
-0.1539451
-0.1458075
-0.1366169
-0.1189129
-0.0933040
-0.0764381
-0.0874924
-0.1214811
-0.1344515
-0.0590099
0.1560465
0.5067481
0.9189895
1.2685001
1.4326726
1.3528319
1.0686370
0.6948283
0.3522171
0.1046606
-0.0517815
-0.1498156
-0.2072109
-0.2195040
-0.1866245
-0.1346910
-0.1034637
-0.1130520
-0.1489969
-0.1818280
-0.1960096
-0.1965477
-0.1936313
-0.1902874
-0.1859484
-0.1839835
-0.1889484
-0.1976195
-0.1983477
-0.1826094
-0.1559702
-0.1344861
-0.1292928
-0.1368077
-0.1452171
-0.1475017
-0.1446216
-0.1382714
-0.1267011
-0.1092231
-0.0898492
-0.0725509
-0.0549965
-0.0305147
0.0041006
0.0451039
0.0859921
0.1228855
0.1547966
0.1806255
0.1993434
0.2145124
0.2356038
0.2700874
0.3136923
0.3531962
0.3818972
0.4088910
0.4484166
0.5015226
0.5534535
0.5899335
0.6115214
0.6291420
0.6482988
0.6620101
0.6597301
0.6396262
0.6087319
0.5720266
0.5261856
0.4670905
0.4004313
0.3395351
0.2923197
0.2546006
0.2175453
0.1777148
0.1373528
0.0986740
0.0627194
0.0327717
0.0137142
0.0055363
-0.0001227
-0.0135542
-0.0365745
-0.0607694
-0.0778151
-0.0898743
-0.1064954
-0.1315174
-0.1576233
-0.1761971
-0.1884205
-0.2018287
-0.2182408
-0.2316881
-0.2393380
-0.2480942
-0.2651317
-0.2842838
-0.2882959
-0.2676583
-0.2344678
-0.2129967
-0.2151869
-0.2282319
-0.2286592
-0.2065482
-0.1725886
-0.1432817
-0.1252742
-0.1155566
-0.1103223
-0.1072299
-0.1012604
-0.0859869
-0.0623806
-0.0428435
-0.0415911
-0.0599945
-0.0840218
-0.0985104
-0.1030694
-0.1110282
-0.1323176
-0.1609462
-0.1820161
-0.1883955
-0.1860473
-0.1837440
-0.1830207
-0.1807474
-0.1776505
-0.1791352
-0.1872079
-0.1952585
-0.1941966
-0.1838024
-0.1751618
-0.1792456
-0.1936875
-0.2036236
-0.1962398
-0.1721364
-0.1417156
-0.1141098
-0.0928807
-0.0798172
-0.0768938
-0.0824916
-0.0895103
-0.0915948
-0.0914488
-0.0997030
-0.1227973
-0.1528482
-0.1731202
-0.1754948
-0.1702474
-0.1754738
-0.1978433
-0.2271500
-0.2494412
-0.2609478
-0.2671678
-0.2724987
-0.2757567
-0.2751792
-0.2727360
-0.2703688
-0.2639520
-0.2454455
-0.2132806
-0.1784958
-0.1566357
-0.1523665
-0.1543634
-0.1468937
-0.1246818
-0.0950149
-0.0680812
-0.0492282
-0.0400425
-0.0417987
-0.0530808
-0.0620506
-0.0406716
0.0514259
0.2494626
0.5562268
0.9199431
1.2381296
1.3977589
1.3354652
1.0777563
0.7264073
0.3947741
0.1445892
-0.0266418
-0.1468738
-0.2271702
-0.2584190
-0.2399642
-0.1980794
-0.1695378
-0.1695584
-0.1815788
-0.1802191
-0.1606746
-0.1415620
-0.1403912
-0.1529140
-0.1610812
-0.1578302
-0.1562655
-0.1712022
-0.1960327
-0.2044586
-0.1779117
-0.1292361
-0.0950694
-0.1018369
-0.1396027
-0.1718985
-0.1719753
-0.1470509
-0.1257826
-0.1255637
-0.1370773
-0.1405660
-0.1308800
-0.1207776
-0.1204801
-0.1205486
-0.1006225
-0.0542410
0.0012225
0.0435137
0.0713473
0.1052795
0.1621371
0.2343418
0.2987323
0.3425466
0.3745830
0.4101568
0.4509023
0.4846556
0.5040267
0.5189445
0.5464336
0.5896490
0.6320148
0.6537899
0.6509512
0.6348183
0.6158632
0.5929168
0.5582829
0.5082509
0.4454687
0.3741559
0.2981326
0.2242788
0.1635107
0.1234402
0.0991035
0.0740972
0.0345109
-0.0175379
-0.0656782
-0.0950708
-0.1056593
-0.1103475
-0.1224972
-0.1459967
-0.1747765
-0.1988607
-0.2111963
-0.2115245
-0.2057455
-0.2016977
-0.2047214
-0.2158425
-0.2323261
-0.2489934
-0.2601205
-0.2623906
-0.2576279
-0.2525156
-0.2538592
-0.2619824
-0.2683400
-0.2616292
-0.2385000
-0.2082815
-0.1856735
-0.1780514
-0.1800405
-0.1800482
-0.1714975
-0.1584496
-0.1515568
-0.1581387
-0.1745281
-0.1877257
-0.1860620
-0.1696898
-0.1507955
-0.1430719
-0.1504625
-0.1653750
-0.1769919
-0.1810400
-0.1819287
-0.1862903
-0.1954131
-0.2041498
-0.2060580
-0.1985949
-0.1844649
-0.1701958
-0.1632596
-0.1673611
-0.1782212
-0.1856985
-0.1835388
-0.1775189
-0.1796923
-0.1882117
-0.1694770
-0.0647462
0.1724822
0.5300562
0.9196767
1.2108882
1.2996862
1.1650105
0.8742160
0.5376336
0.2482947
0.0471861
-0.0719865
-0.1356988
-0.1681167
-0.1851172
-0.1972366
-0.2105330
-0.2249126
-0.2360026
-0.2411391
-0.2430414
-0.2470216
-0.2552360
-0.2642853
-0.2682971
-0.2642924
-0.2550368
-0.2470465
-0.2454877
-0.2501101
-0.2553455
-0.2545899
-0.2457840
-0.2338581
-0.2268552
-0.2278799
-0.2306093
-0.2241483
-0.2031287
-0.1724873
-0.1422457
-0.1187978
-0.1017963
-0.0878339
-0.0748704
-0.0626712
-0.0505114
-0.0361075
-0.0171197
0.0070441
0.0354054
0.0667581
0.0999803
0.1336524
0.1672716
0.2033722
0.2463638
0.2972235
0.3502581
0.3977217
0.4382313
0.4784576
0.5245196
0.5722465
0.6081019
0.6211286
0.6134584
0.5974398
0.5817083
0.5613279
0.5234517
0.4627697
0.3897800
0.3228488
0.2726276
0.2344736
0.1948364
0.1438197
0.0823745
0.0196589
-0.0349856
-0.0780071
-0.1118511
-0.1411509
-0.1687366
-0.1937359
-0.2123558
-0.2212634
-0.2216909
-0.2201691
-0.2236981
-0.2333998
-0.2437221
-0.2487384
-0.2487936
-0.2498920
-0.2562062
-0.2639277
-0.2636559
-0.2494810
-0.2253839
-0.2020701
-0.1876904
-0.1823336
-0.1810881
-0.1805111
-0.1809269
-0.1837123
-0.1884876
-0.1932372
-0.1956739
-0.1937244
-0.1859492
-0.1733453
-0.1610858
-0.1568810
-0.1655398
-0.1844019
-0.2050522
-0.2205980
-0.2311630
-0.2417136
-0.2549935
-0.2676528
-0.2732823
-0.2682732
-0.2546687
-0.2385320
-0.2260487
-0.2198205
-0.2172632
-0.2126865
-0.2023498
-0.1881578
-0.1755072
-0.1664835
-0.1559202
-0.1365589
-0.1096351
-0.0887785
-0.0897638
-0.1142779
-0.1452279
-0.1609424
-0.1550904
-0.1415919
-0.1391511
-0.1519672
-0.1673113
-0.1718185
-0.1663532
-0.1587150
-0.1379831
-0.0600626
0.1289968
0.4407258
0.8071700
1.0998694
1.2007155
1.0738558
0.7840301
0.4501960
0.1740076
-0.0040045
-0.0987574
-0.1453196
-0.1688562
-0.1777612
-0.1735202
-0.1614749
-0.1528159
-0.1578543
-0.1769266
-0.1974888
-0.2024383
-0.1849160
-0.1563989
-0.1385899
-0.1448578
-0.1686115
-0.1902391
-0.1957626
-0.1886243
-0.1838222
-0.1921174
-0.2107841
-0.2280794
-0.2339296
-0.2258958
-0.2078887
-0.1864044
-0.1677364
-0.1554628
-0.1480799
-0.1397757
-0.1259199
-0.1087844
-0.0964188
-0.0938865
-0.0954796
-0.0876080
-0.0614013
-0.0224339
0.0136634
0.0363860
0.0508592
0.0724792
0.1111115
0.1611984
0.2077764
0.2418379
0.2691546
0.3039051
0.3541613
0.4140077
0.4692988
0.5099177
0.5360191
0.5535922
0.5657974
0.5692079
0.5574280
0.5271854
0.4810958
0.4259193
0.3692800
0.3175974
0.2750735
0.2423597
0.2154643
0.1872755
0.1522585
0.1108574
0.0690533
0.0327556
0.0022502
-0.0274496
-0.0602738
-0.0933115
-0.1182478
-0.1293709
-0.1300688
-0.1306583
-0.1393221
-0.1552630
-0.1707210
-0.1790985
-0.1806267
-0.1807112
-0.1842123
-0.1920657
-0.2022475
-0.2117427
-0.2167494
-0.2130566
-0.1994681
-0.1817514
-0.1705452
-0.1719824
-0.1800396
-0.1810616
-0.1683584
-0.1514490
-0.1478449
-0.1642756
-0.1876966
-0.1971888
-0.1849346
-0.1639774
-0.1548729
-0.1660783
-0.1882159
-0.2057133
-0.2113496
-0.2094221
-0.2079050
-0.2103079
-0.2143393
-0.2153427
-0.2096034
-0.1961937
-0.1780425
-0.1609445
-0.1491566
-0.1410673
-0.1312761
-0.1188000
-0.1104462
-0.1088512
-0.0917600
-0.0067033
0.2000637
0.5325023
0.9131966
1.2075140
1.2968477
1.1498810
0.8379110
0.4845596
0.1919349
-0.0020911
-0.1147009
-0.1803199
-0.2215632
-0.2455884
-0.2551120
-0.2559852
-0.2554259
-0.2574479
-0.2621153
-0.2680992
-0.2746068
-0.2812567
-0.2871741
-0.2903331
-0.2874398
-0.2750918
-0.2524049
-0.2229410
-0.1931723
-0.1682159
-0.1491943
-0.1348578
-0.1246775
-0.1189009
-0.1158795
-0.1117501
-0.1047747
-0.0990849
-0.1010449
-0.1102311
-0.1159031
-0.1058093
-0.0796160
-0.0516284
-0.0378492
-0.0400063
-0.0433950
-0.0309211
0.0011196
0.0409837
0.0739135
0.0959472
0.1164560
0.1488907
0.1995279
0.2635169
0.3294677
0.3873334
0.4338407
0.4728306
0.5110622
0.5523137
0.5936078
0.6260363
0.6394734
0.6280873
0.5935881
0.5445477
0.4917941
0.4420707
0.3941958
0.3412436
0.2777759
0.2063257
0.1371437
0.0807635
0.0396780
0.0069148
-0.0266849
-0.0630590
-0.0944390
-0.1104793
-0.1085678
-0.0977486
-0.0922626
-0.0999463
-0.1158382
-0.1274673
-0.1275166
-0.1214076
-0.1213703
-0.1325950
-0.1463442
-0.1480346
-0.1320759
-0.1079311
-0.0915856
-0.0919591
-0.1057526
-0.1237520
-0.1398529
-0.1538290
-0.1679845
-0.1837309
-0.2008851
-0.2174210
-0.2286059
-0.2284646
-0.2148818
-0.1936217
-0.1757101
-0.1696260
-0.1756058
-0.1867569
-0.1948000
-0.1953661
-0.1899036
-0.1838626
-0.1820726
-0.1839221
-0.1826515
-0.1710893
-0.1498023
-0.1291614
-0.1212838
-0.1286843
-0.1415775
-0.1473718
-0.1425156
-0.1344495
-0.1328472
-0.1403532
-0.1513711
-0.1578238
-0.1555438
-0.1470977
-0.1402282
-0.1425276
-0.1549106
-0.1689684
-0.1719020
-0.1563519
-0.1272798
-0.1001538
-0.0916323
-0.1078643
-0.1340779
-0.1289924
-0.0327979
0.2020601
0.5655359
0.9644597
1.2527029
1.3118895
1.1261124
0.7888230
0.4355619
0.1604265
-0.0176577
-0.1262091
-0.1919037
-0.2222831
-0.2206084
-0.2019347
-0.1870225
-0.1846584
-0.1870090
-0.1831315
-0.1726291
-0.1641390
-0.1638881
-0.1693864
-0.1733481
-0.1704119
-0.1595701
-0.1433142
-0.1271844
-0.1189040
-0.1239239
-0.1393007
-0.1534552
-0.1555213
-0.1464805
-0.1393013
-0.1457718
-0.1631396
-0.1752477
-0.1676161
-0.1411875
-0.1112632
-0.0931979
-0.0885824
-0.0843161
-0.0648897
-0.0264687
0.0199417
0.0587535
0.0838094
0.1037199
0.1344597
0.1860708
0.2545166
0.3248376
0.3822464
0.4215211
0.4476980
0.4698105
0.4946686
0.5245940
0.5577297
0.5892288
0.6139518
0.6300648
0.6397080
0.6444692
0.6397564
0.6152632
0.5634395
0.4889272
0.4088628
0.3414316
0.2921265
0.2511015
0.2046871
0.1495463
0.0956059
0.0564239
0.0380321
0.0362107
0.0415992
0.0454917
0.0421095
0.0291527
0.0092268
-0.0099012
-0.0205022
-0.0237183
-0.0319372
-0.0576684
-0.0975847
-0.1303515
-0.1348390
-0.1120388
-0.0872387
-0.0884792
-0.1218606
-0.1673189
-0.1978424
-0.2027803
-0.1937155
-0.1899268
-0.1999556
-0.2167258
-0.2273646
-0.2247920
-0.2103805
-0.1890985
-0.1650837
-0.1415540
-0.1221679
-0.1097335
-0.1029587
-0.0964123
-0.0863249
-0.0765024
-0.0754016
-0.0849706
-0.0943559
-0.0889364
-0.0670507
-0.0451956
-0.0436338
-0.0663140
-0.0962032
-0.1113822
-0.1058607
-0.0944327
-0.0972757
-0.1201762
-0.1495471
-0.1654881
-0.1590726
-0.1387398
-0.1226472
-0.1247963
-0.1452312
-0.1708686
-0.1862854
-0.1857091
-0.1756960
-0.1670262
-0.1654401
-0.1700966
-0.1765538
-0.1739296
-0.1349868
-0.0138566
0.2321101
0.6013158
1.0198061
1.3596598
1.5024990
1.4049789
1.1179338
0.7495179
0.4058716
0.1503058
-0.0040175
-0.0791689
-0.1117000
-0.1342716
-0.1629253
-0.1944284
-0.2161800
-0.2218111
-0.2184839
-0.2189658
-0.2281518
-0.2398656
-0.2463704
-0.2472299
-0.2470502
-0.2479096
-0.2482546
-0.2485967
-0.2537474
-0.2667477
-0.2823202
-0.2896084
-0.2825664
-0.2661044
-0.2500189
-0.2371691
-0.2202460
-0.1918431
-0.1558168
-0.1253845
-0.1093534
-0.1023581
-0.0900772
-0.0633232
-0.0262598
0.0086395
0.0330931
0.0508277
0.0734214
0.1084602
0.1520444
0.1930982
0.2243185
0.2482676
0.2736687
0.3072376
0.3489134
0.3931423
0.4333934
0.4658648
0.4906688
0.5114141
0.5337701
0.5614778
0.5902083
0.6058810
0.5939677
0.5540309
0.5031400
0.4607741
0.4296441
0.3942987
0.3405881
0.2748727
0.2206948
0.1948232
0.1880392
0.1724556
0.1288116
0.0648676
0.0059340
-0.0302903
-0.0470296
-0.0594059
-0.0779341
-0.1024605
-0.1275149
-0.1484471
-0.1626572
-0.1691770
-0.1698939
-0.1699600
-0.1739410
-0.1804637
-0.1828198
-0.1773758
-0.1703453
-0.1723565
-0.1848699
-0.1952530
-0.1888177
-0.1650511
-0.1392972
-0.1282793
-0.1355906
-0.1508698
-0.1605426
-0.1585106
-0.1488284
-0.1409230
-0.1424043
-0.1537714
-0.1672055
-0.1708516
-0.1581127
-0.1357421
-0.1209147
-0.1258986
-0.1445407
-0.1569019
-0.1492121
-0.1276642
-0.1109457
-0.1105094
-0.1200152
-0.1234617
-0.1118298
-0.0917435
-0.0794170
-0.0860536
-0.1049335
-0.1061045
-0.0413789
0.1364616
0.4409438
0.8229966
1.1746997
1.3770218
1.3641362
1.1569827
0.8423941
0.5185940
0.2498077
0.0559903
-0.0697412
-0.1413399
-0.1736430
-0.1844458
-0.1915815
-0.2037482
-0.2166976
-0.2214744
-0.2161271
-0.2081627
-0.2064294
-0.2122230
-0.2184507
-0.2169241
-0.2066363
-0.1950586
-0.1908248
-0.1950000
-0.1998739
-0.1958506
-0.1787692
-0.1516423
-0.1218224
-0.0971723
-0.0828940
-0.0797980
-0.0848331
-0.0930707
-0.0993220
-0.0992085
-0.0904079
-0.0732377
-0.0496606
-0.0221904
0.0059766
0.0314080
0.0529373
0.0733111
0.0966682
0.1241648
0.1531271
0.1808775
0.2091023
0.2442385
0.2925039
0.3525912
0.4131176
0.4601393
0.4896794
0.5119427
0.5407665
0.5782081
0.6102416
0.6180526
0.5940093
0.5477430
0.4976055
0.4562325
0.4237086
0.3928116
0.3576768
0.3161646
0.2677134
0.2144150
0.1643673
0.1285089
0.1101415
0.0990866
0.0795728
0.0447320
0.0021899
-0.0350419
-0.0621775
-0.0859382
-0.1143380
-0.1455826
-0.1701247
-0.1834165
-0.1924470
-0.2068387
-0.2257711
-0.2374599
-0.2316848
-0.2107262
-0.1879515
-0.1772013
-0.1829920
-0.1983848
-0.2108360
-0.2110374
-0.1982506
-0.1791723
-0.1623395
-0.1518956
-0.1443466
-0.1316238
-0.1097818
-0.0852355
-0.0701928
-0.0707858
-0.0812165
-0.0904876
-0.0934240
-0.0941388
-0.1001236
-0.1143723
-0.1327714
-0.1481975
-0.1571571
-0.1628052
-0.1718861
-0.1891920
-0.2141874
-0.2405431
-0.2581587
-0.2590376
-0.2450394
-0.2290270
-0.2244722
-0.2325163
-0.2410208
-0.2373635
-0.2212384
-0.2044251
-0.1988165
-0.2052900
-0.2141763
-0.2160205
-0.2105761
-0.2043660
-0.2012888
-0.1990442
-0.1949403
-0.1912394
-0.1922195
-0.1981589
-0.2051537
-0.2102554
-0.2145887
-0.2211463
-0.2305589
-0.2393537
-0.2423382
-0.2369279
-0.2248804
-0.2095102
-0.1923656
-0.1739069
-0.1561360
-0.1420156
-0.1322748
-0.1247796
-0.1174246
-0.1105771
-0.1071165
-0.1106673
-0.1202515
-0.1203361
-0.0743019
0.0651499
0.3257004
0.6820737
1.0468065
1.3014845
1.3565075
1.2007646
0.9038003
0.5690335
0.2765557
0.0575581
-0.0919821
-0.1841561
-0.2260008
-0.2253921
-0.2009040
-0.1792690
-0.1796504
-0.2007125
-0.2256112
-0.2403237
-0.2454462
-0.2502911
-0.2590391
-0.2654490
-0.2603248
-0.2423571
-0.2212266
-0.2098756
-0.2130791
-0.2237640
-0.2309116
-0.2298261
-0.2236616
-0.2173106
-0.2132352
-0.2123859
-0.2147949
-0.2174829
-0.2143120
-0.2004205
-0.1768099
-0.1498023
-0.1255981
-0.1048037
-0.0821146
-0.0520179
-0.0146413
0.0252615
0.0645000
0.1038517
0.1440792
0.1833905
0.2209004
0.2590450
0.2988250
0.3347307
0.3590405
0.3717746
0.3832074
0.4043330
0.4351422
0.4634147
0.4761065
0.4724045
0.4646713
0.4654435
0.4742210
0.4781729
0.4645787
0.4308727
0.3842769
0.3349401
0.2890675
0.2456897
0.1999223
0.1515577
0.1093860
0.0830054
0.0697366
0.0537155
0.0208802
-0.0263852
-0.0714391
-0.0999527
-0.1133355
-0.1254474
-0.1465205
-0.1717745
-0.1871621
-0.1849436
-0.1707713
-0.1563932
-0.1503207
-0.1570109
-0.1791351
-0.2143218
-0.2507520
-0.2717634
-0.2684191
-0.2479995
-0.2296662
-0.2299218
-0.2489617
-0.2698291
-0.2729804
-0.2538207
-0.2260161
-0.2077318
-0.2055918
-0.2113118
-0.2114524
-0.1998149
-0.1821791
-0.1699845
-0.1690411
-0.1750511
-0.1807586
-0.1851458
-0.1928161
-0.2058431
-0.2200305
-0.2293890
-0.2314867
-0.2281570
-0.2235176
-0.2218790
-0.2253895
-0.2322258
-0.2371945
-0.2344837
-0.2214338
-0.2028203
-0.1922227
-0.2049738
-0.2449538
-0.2977897
-0.3391911
-0.3517506
-0.3360701
-0.3088377
-0.2900062
-0.2871262
-0.2886882
-0.2746440
-0.2368206
-0.1894094
-0.1580176
-0.1571318
-0.1764083
-0.1879588
-0.1701534
-0.1291280
-0.0968343
-0.1030569
-0.1469473
-0.1981271
-0.2262550
-0.2263127
-0.2140638
-0.2019234
-0.1855378
-0.1549901
-0.1142454
-0.0830398
-0.0774285
-0.0933181
-0.1141604
-0.1283701
-0.1232200
-0.0569558
0.1417528
0.5140304
0.9950256
1.4100463
1.5734164
1.4168354
1.0360052
0.6149209
0.2964905
0.1097840
0.0012830
-0.0824155
-0.1476930
-0.1732064
-0.1525943
-0.1087411
-0.0743779
-0.0685725
-0.0903835
-0.1272150
-0.1659820
-0.1991583
-0.2243125
-0.2408274
-0.2480703
-0.2449995
-0.2295454
-0.1996320
-0.1572646
-0.1108285
-0.0712263
-0.0466714
-0.0422448
-0.0599379
-0.0930341
-0.1221625
-0.1254990
-0.0984285
-0.0617435
-0.0467436
-0.0692776
-0.1154744
-0.1515784
-0.1501839
-0.1106435
-0.0557607
-0.0096406
0.0205033
0.0438882
0.0737793
0.1166525
0.1677827
0.2139935
0.2449727
0.2661565
0.2973861
0.3535511
0.4267240
0.4908887
0.5253256
0.5323578
0.5320604
0.5401375
0.5516892
0.5481725
0.5202652
0.4798227
0.4459305
0.4228066
0.3978155
0.3604653
0.3164169
0.2800913
0.2575984
0.2401633
0.2132124
0.1708488
0.1220831
0.0823842
0.0580431
0.0399547
0.0138818
-0.0251278
-0.0698166
-0.1089472
-0.1355852
-0.1499709
-0.1581895
-0.1672234
-0.1788476
-0.1892902
-0.1960806
-0.2025561
-0.2129431
-0.2246874
-0.2282861
-0.2147325
-0.1837350
-0.1475321
-0.1268948
-0.1387856
-0.1838377
-0.2453514
-0.3001638
-0.3304043
-0.3297151
-0.3059476
-0.2789896
-0.2690738
-0.2816441
-0.3037245
-0.3154638
-0.3042577
-0.2705081
-0.2260514
-0.1890250
-0.1753866
-0.1896293
-0.2212010
-0.2502139
-0.2601871
-0.2510273
-0.2409277
-0.2496169
-0.2752936
-0.2924440
-0.2783411
-0.2394874
-0.2061089
-0.2009061
-0.2175731
-0.2302090
-0.2204312
-0.1941580
-0.1730145
-0.1703439
-0.1778223
-0.1775584
-0.1626560
-0.1357314
-0.0841428
0.0326003
0.2557164
0.5787664
0.9246496
1.1752110
1.2366437
1.0936730
0.8120813
0.4907644
0.2068045
-0.0046564
-0.1374148
-0.1994033
-0.2106113
-0.2004374
-0.1947542
-0.2034357
-0.2204721
-0.2337111
-0.2347290
-0.2238650
-0.2090929
-0.2000617
-0.2024015
-0.2156753
-0.2331185
-0.2434173
-0.2386633
-0.2239787
-0.2148321
-0.2207568
-0.2351458
-0.2447223
-0.2452214
-0.2432264
-0.2454833
-0.2509369
-0.2515017
-0.2372739
-0.2029793
-0.1530053
-0.1000527
-0.0577013
-0.0342600
-0.0309502
-0.0406800
-0.0484212
-0.0387969
-0.0068456
0.0400607
0.0905672
0.1371751
0.1783924
0.2189738
0.2676386
0.3287457
0.3951400
0.4532296
0.4954195
0.5244548
0.5471831
0.5686672
0.5909729
0.6119751
0.6247661
0.6222411
0.6030101
0.5710281
0.5307528
0.4843730
0.4310850
0.3668828
0.2885373
0.2008220
0.1167250
0.0476744
-0.0039529
-0.0419916
-0.0715615
-0.0988263
-0.1287948
-0.1584917
-0.1770314
-0.1777416
-0.1678928
-0.1629836
-0.1728832
-0.1944932
-0.2150642
-0.2223131
-0.2151987
-0.2055635
-0.2059804
-0.2164557
-0.2265505
-0.2284090
-0.2222309
-0.2110550
-0.1977364
-0.1873837
-0.1859587
-0.1943456
-0.2074384
-0.2194059
-0.2273676
-0.2319796
-0.2377905
-0.2498938
-0.2657291
-0.2731951
-0.2617655
-0.2331720
-0.1976587
-0.1638990
-0.1372061
-0.1227769
-0.1232427
-0.1337763
-0.1442231
-0.1466109
-0.1408561
-0.1365340
-0.1482447
-0.1820904
-0.2245324
-0.2512787
-0.2505068
-0.2322528
-0.2132998
-0.1994679
-0.1854544
-0.1656006
-0.1408501
-0.1190456
-0.1102770
-0.1181467
-0.1349729
-0.1490587
-0.1553858
-0.1552058
-0.1491525
-0.1385219
-0.1308512
-0.1347555
-0.1483127
-0.1594961
-0.1594704
-0.1513641
-0.1464652
-0.1545064
-0.1743711
-0.1909582
-0.1864332
-0.1598853
-0.1311997
-0.1203495
-0.1279253
-0.1409558
-0.1510727
-0.1593597
-0.1681375
-0.1760472
-0.1798311
-0.1766562
-0.1665474
-0.1540744
-0.1440807
-0.1360549
-0.1286273
-0.1281395
-0.1428954
-0.1678100
-0.1854434
-0.1861618
-0.1788126
-0.1777657
-0.1865921
-0.1973700
-0.1995981
-0.1878468
-0.1665229
-0.1481200
-0.1418854
-0.1450439
-0.1493655
-0.1521518
-0.1544207
-0.1539062
-0.1489014
-0.1443261
-0.1439343
-0.1399564
-0.1206037
-0.0865214
-0.0526861
-0.0362090
-0.0463537
-0.0796116
-0.1176708
-0.1376204
-0.1336859
-0.1249523
-0.1347209
-0.1657795
-0.1997588
-0.2150047
-0.2024406
-0.1722805
-0.1490687
-0.1519404
-0.1760924
-0.2005703
-0.2139855
-0.2219571
-0.2301407
-0.2351084
-0.2353108
-0.2363694
-0.2390513
-0.2329405
-0.2080717
-0.1657525
-0.1159413
-0.0709936
-0.0409494
-0.0264335
-0.0176987
-0.0080659
-0.0036245
-0.0112040
-0.0241981
-0.0316842
-0.0342683
-0.0383624
-0.0420175
-0.0397317
-0.0344437
-0.0313386
-0.0263679
-0.0145645
-0.0041896
-0.0084532
-0.0225476
-0.0126429
0.0761131
0.2936128
0.6400232
1.0319718
1.3308585
1.4282510
1.3104698
1.0478421
0.7389908
0.4638845
0.2598528
0.1198494
0.0185800
-0.0543808
-0.0937770
-0.1040053
-0.1043409
-0.1079268
-0.1145047
-0.1240333
-0.1376499
-0.1457463
-0.1366942
-0.1186865
-0.1136015
-0.1288581
-0.1517067
-0.1673330
-0.1663331
-0.1431397
-0.1066371
-0.0826698
-0.0855521
-0.0973992
-0.0947528
-0.0814443
-0.0745323
-0.0744845
-0.0719875
-0.0670808
-0.0587817
-0.0342158
0.0090202
0.0483895
0.0652537
0.0685350
0.0730433
0.0791363
0.0889910
0.1123372
0.1399321
0.1458573
0.1329196
0.1387012
0.1807504
0.2357487
0.2857348
0.3383250
0.3886397
0.4143716
0.4232630
0.4499816
0.4939558
0.5210909
0.5346212
0.5725940
0.6277386
0.6519770
0.6476524
0.6594196
0.6690936
0.6146914
0.5283499
0.5121184
0.5358531
0.4214865
0.1142411
