0.2324588
0.1868463
-0.0494365
-0.1847622
-0.1556132
-0.1195947
-0.1508124
-0.1778369
-0.1748606
-0.2011898
-0.2577512
-0.2750350
-0.2475102
-0.2427310
-0.2764469
-0.2961902
-0.2852215
-0.2782604
-0.2801446
-0.2630674
-0.2374676
-0.2415045
-0.2681675
-0.2762881
-0.2622455
-0.2552044
-0.2567615
-0.2457757
-0.2259421
-0.2137239
-0.1976675
-0.1590048
-0.1127004
-0.0846019
-0.0700406
-0.0532254
-0.0416121
-0.0445535
-0.0447561
-0.0254315
-0.0001229
0.0144124
0.0288538
0.0589752
0.0994898
0.1422511
0.1924597
0.2472001
0.2867750
0.3057293
0.3251662
0.3593643
0.3970942
0.4273297
0.4554318
0.4838751
0.5042183
0.5161977
0.5287676
0.5370819
0.5240600
0.4876637
0.4419023
0.3910085
0.3280992
0.2579376
0.1952947
0.1420830
0.0897017
0.0409269
0.0068030
-0.0143977
-0.0346255
-0.0577838
-0.0816299
-0.1090062
-0.1395696
-0.1611715
-0.1676023
-0.1740512
-0.1976523
-0.2332458
-0.2632703
-0.2796884
-0.2829385
-0.2734208
-0.2579717
-0.2511716
-0.2570738
-0.2617352
-0.2535809
-0.2378477
-0.2233302
-0.2102374
-0.1986777
-0.1934377
-0.1929192
-0.1879328
-0.1772923
-0.1707440
-0.1729038
-0.1783459
-0.1840536
-0.1917180
-0.1973369
-0.1943381
-0.1871617
-0.1861390
-0.1892003
-0.1838823
-0.1671423
-0.1494926
-0.1407924
-0.1437298
-0.1573144
-0.1745716
-0.1819806
-0.1738855
-0.1626043
-0.1632459
-0.1747565
-0.1859833
-0.1920515
-0.1937967
-0.1898226
-0.1809947
-0.1756243
-0.1798261
-0.1889332
-0.1957351
-0.1995995
-0.2019936
-0.2026515
-0.2053576
-0.2166768
-0.2335407
-0.2429981
-0.2393889
-0.2312151
-0.2269644
-0.2250742
-0.2215303
-0.2165018
-0.2101349
-0.2017458
-0.1949803
-0.1936762
-0.1917318
-0.1773715
-0.1484407
-0.1150154
-0.0882136
-0.0746018
-0.0773076
-0.0916026
-0.1026155
-0.0986042
-0.0846029
-0.0745910
-0.0749351
-0.0843124
-0.1016555
-0.1179707
-0.0999263
0.0052515
0.2377042
0.5875774
0.9768775
1.2797955
1.3851405
1.2637597
0.9814755
0.6456526
0.3414482
0.1101952
-0.0382559
-0.1128812
-0.1356317
-0.1330498
-0.1273291
-0.1315923
-0.1465031
-0.1613916
-0.1670036
-0.1681261
-0.1761701
-0.1905154
-0.1974958
-0.1885562
-0.1698999
-0.1533460
-0.1464435
-0.1518397
-0.1672012
-0.1841164
-0.1937784
-0.1945481
-0.1901078
-0.1834882
-0.1777218
-0.1764623
-0.1764188
-0.1647755
-0.1332567
-0.0911966
-0.0567263
-0.0380072
-0.0291677
-0.0200355
-0.0032160
0.0237453
0.0559959
0.0840761
0.1041867
0.1231246
0.1502385
0.1883087
0.2333797
0.2775690
0.3112790
0.3306484
0.3449324
0.3686671
0.4042206
0.4395811
0.4649957
0.4833859
0.5019490
0.5217531
0.5391967
0.5513879
0.5568028
0.5545151
0.5435693
0.5202797
0.4792887
0.4229065
0.3657260
0.3219871
0.2899082
0.2554725
0.2104309
0.1608050
0.1196911
0.0969316
0.0927752
0.0959356
0.0907268
0.0715891
0.0484216
0.0341733
0.0309802
0.0314070
0.0275910
0.0150508
-0.0064389
-0.0302696
-0.0458671
-0.0491157
-0.0468503
-0.0484079
-0.0567092
-0.0690381
-0.0809561
-0.0874242
-0.0858312
-0.0805022
-0.0797163
-0.0869336
-0.0990365
-0.1124123
-0.1247899
-0.1317450
-0.1286952
-0.1175865
-0.1060664
-0.0993214
-0.0969967
-0.0970634
-0.0977404
-0.0969422
-0.0947440
-0.0946369
-0.0976844
-0.0980808
-0.0897478
-0.0748080
-0.0604247
-0.0500027
-0.0426907
-0.0387670
-0.0397828
-0.0446451
-0.0496683
-0.0515768
-0.0487188
-0.0419573
-0.0355758
-0.0338034
-0.0361948
-0.0410389
-0.0509047
-0.0628411
-0.0478239
0.0490604
0.2721856
0.6099169
0.9805487
1.2632958
1.3567609
1.2318608
0.9458095
0.6055186
0.3073915
0.0980150
-0.0251894
-0.0896677
-0.1233363
-0.1414780
-0.1477656
-0.1445586
-0.1387145
-0.1357960
-0.1343196
-0.1313786
-0.1298779
-0.1337195
-0.1392016
-0.1389588
-0.1334834
-0.1320244
-0.1414003
-0.1582365
-0.1725838
-0.1764654
-0.1693516
-0.1573111
-0.1466845
-0.1390732
-0.1342576
-0.1350319
-0.1427022
-0.1488864
-0.1409270
-0.1184827
-0.0971780
-0.0911948
-0.0976713
-0.1023375
-0.0954473
-0.0775236
-0.0534396
-0.0265273
0.0020334
0.0317447
0.0630000
0.0997133
0.1499662
0.2183646
0.2951360
0.3591766
0.3987571
0.4258330
0.4629092
0.5180010
0.5793362
0.6323851
0.6732398
0.7041379
0.7235987
0.7257498
0.7071871
0.6716849
0.6273027
0.5781355
0.5198326
0.4462447
0.3603199
0.2742608
0.1985069
0.1354623
0.0843801
0.0451607
0.0142467
-0.0162878
-0.0499326
-0.0800777
-0.0982298
-0.1054661
-0.1115210
-0.1235609
-0.1385530
-0.1465643
-0.1411492
-0.1271023
-0.1166409
-0.1161878
-0.1193416
-0.1159290
-0.1047270
-0.0921544
-0.0812411
-0.0691939
-0.0558691
-0.0479974
-0.0526433
-0.0697460
-0.0919655
-0.1096089
-0.1165495
-0.1145658
-0.1119201
-0.1158515
-0.1270988
-0.1420602
-0.1568616
-0.1675002
-0.1704056
-0.1669609
-0.1648555
-0.1710049
-0.1841901
-0.1967573
-0.2020174
-0.1989432
-0.1921297
-0.1879301
-0.1874131
-0.1825159
-0.1633978
-0.1311535
-0.0993431
-0.0812087
-0.0787692
-0.0854624
-0.0948395
-0.1038624
-0.1110179
-0.1150876
-0.1160825
-0.1166845
-0.1219396
-0.1347780
-0.1502604
-0.1578057
-0.1528844
-0.1439168
-0.1433557
-0.1541119
-0.1692101
-0.1825073
-0.1940047
-0.2053480
-0.2159088
-0.2247752
-0.2329873
-0.2418622
-0.2500796
-0.2528755
-0.2447287
-0.2251792
-0.2025724
-0.1889437
-0.1891506
-0.1965410
-0.1997222
-0.1914377
-0.1718747
-0.1481845
-0.1313677
-0.1279926
-0.1322340
-0.1300181
-0.1134208
-0.0877901
-0.0638043
-0.0479824
-0.0435401
-0.0522830
-0.0631396
-0.0349910
0.0983486
0.3845543
0.7940773
1.2017323
1.4452744
1.4283754
1.1822188
0.8313845
0.5008999
0.2504938
0.0785281
-0.0361507
-0.1066572
-0.1402415
-0.1494076
-0.1511639
-0.1559481
-0.1621521
-0.1640093
-0.1617871
-0.1599872
-0.1579650
-0.1499439
-0.1361919
-0.1275152
-0.1341919
-0.1543604
-0.1772742
-0.1948150
-0.2059265
-0.2126151
-0.2166476
-0.2199393
-0.2244310
-0.2298198
-0.2321021
-0.2259090
-0.2105232
-0.1943204
-0.1899132
-0.2012057
-0.2168510
-0.2204586
-0.2065477
-0.1831007
-0.1599420
-0.1392991
-0.1172231
-0.0889140
-0.0511412
-0.0034535
0.0503081
0.1030086
0.1482030
0.1835802
0.2117767
0.2386094
0.2687148
0.3012344
0.3307978
0.3534067
0.3696158
0.3819782
0.3928978
0.4058482
0.4238289
0.4432284
0.4527016
0.4425776
0.4143961
0.3784260
0.3428448
0.3077397
0.2690149
0.2257556
0.1824996
0.1438566
0.1075868
0.0661983
0.0180239
-0.0259590
-0.0513068
-0.0560658
-0.0536200
-0.0592219
-0.0768852
-0.0993496
-0.1166511
-0.1234546
-0.1217667
-0.1194097
-0.1247519
-0.1406861
-0.1623181
-0.1795723
-0.1831230
-0.1715663
-0.1549926
-0.1490849
-0.1627085
-0.1914920
-0.2234212
-0.2475158
-0.2563696
-0.2462628
-0.2208346
-0.1928291
-0.1760087
-0.1728798
-0.1721204
-0.1594706
-0.1312812
-0.0977682
-0.0731974
-0.0627622
-0.0597817
-0.0557252
-0.0497982
-0.0460716
-0.0449673
-0.0439785
-0.0459855
-0.0591583
-0.0851352
-0.1123052
-0.1259521
-0.1238302
-0.1182703
-0.1229636
-0.1401464
-0.1618085
-0.1815899
-0.2015401
-0.2246982
-0.2444595
-0.2487290
-0.2367739
-0.2251453
-0.2304882
-0.2493041
-0.2610795
-0.2508659
-0.2231601
-0.1927549
-0.1673589
-0.1427750
-0.1124133
-0.0765487
-0.0407963
-0.0093893
0.0145181
0.0227158
0.0072098
-0.0159726
0.0106138
0.1623717
0.4722019
0.8835444
1.2644347
1.4776941
1.4559452
1.2304892
0.9008030
0.5723695
0.3073316
0.1158528
-0.0191209
-0.1135403
-0.1727488
-0.1999146
-0.2068226
-0.2132923
-0.2340779
-0.2662502
-0.2924882
-0.2990744
-0.2887521
-0.2742227
-0.2627948
-0.2521591
-0.2391243
-0.2258196
-0.2151807
-0.2047194
-0.1890676
-0.1685067
-0.1520866
-0.1497074
-0.1606221
-0.1719822
-0.1712470
-0.1591235
-0.1474005
-0.1446649
-0.1480060
-0.1490320
-0.1432985
-0.1316000
-0.1162516
-0.1003895
-0.0891274
-0.0867536
-0.0910982
-0.0920153
-0.0773043
-0.0420187
0.0068265
0.0556290
0.0960037
0.1313492
0.1713215
0.2215283
0.2801897
0.3423083
0.4029377
0.4567431
0.4989072
0.5291045
0.5531637
0.5784294
0.6059283
0.6261889
0.6238875
0.5901369
0.5323144
0.4698649
0.4179602
0.3757265
0.3310867
0.2748058
0.2079830
0.1384806
0.0740001
0.0185903
-0.0273338
-0.0656553
-0.0990058
-0.1292464
-0.1557118
-0.1739676
-0.1780000
-0.1664781
-0.1468889
-0.1309294
-0.1247911
-0.1250222
-0.1236968
-0.1162684
-0.1053490
-0.0991310
-0.1049856
-0.1208042
-0.1323757
-0.1237207
-0.0931818
-0.0579633
-0.0403227
-0.0486850
-0.0722928
-0.0934634
-0.1041471
-0.1105005
-0.1225876
-0.1424132
-0.1641280
-0.1836228
-0.2025111
-0.2213629
-0.2343914
-0.2357220
-0.2289901
-0.2258494
-0.2339521
-0.2485292
-0.2565509
-0.2485158
-0.2267829
-0.2034762
-0.1896292
-0.1849676
-0.1781038
-0.1574092
-0.1224557
-0.0858854
-0.0644535
-0.0662267
-0.0838637
-0.1005742
-0.1049018
-0.1002655
-0.0992179
-0.1095175
-0.1279629
-0.1466483
-0.1613749
-0.1728860
-0.1828873
-0.1914208
-0.1977702
-0.2027500
-0.2094117
-0.2203970
-0.2338017
-0.2428905
-0.2418818
-0.2320421
-0.2206720
-0.2136756
-0.2098454
-0.2029814
-0.1894313
-0.1713796
-0.1472401
-0.0940430
0.0363180
0.2882988
0.6545959
1.0518576
1.3517498
1.4509312
1.3279868
1.0473074
0.7138661
0.4168776
0.1992512
0.0617475
-0.0158135
-0.0572280
-0.0822339
-0.1033071
-0.1247770
-0.1461871
-0.1671872
-0.1879126
-0.2058096
-0.2163220
-0.2187877
-0.2193550
-0.2253169
-0.2366927
-0.2452068
-0.2428071
-0.2312157
-0.2217828
-0.2241641
-0.2353136
-0.2421145
-0.2359673
-0.2223182
-0.2134440
-0.2135407
-0.2143445
-0.2058517
-0.1888136
-0.1746290
-0.1726155
-0.1781060
-0.1748333
-0.1510050
-0.1127582
-0.0792751
-0.0635235
-0.0595526
-0.0499949
-0.0243764
0.0120890
0.0473200
0.0776939
0.1128242
0.1642901
0.2302990
0.2942057
0.3405836
0.3716530
0.4046694
0.4524330
0.5087419
0.5544934
0.5768849
0.5811709
0.5835465
0.5929984
0.6007334
0.5884175
0.5469823
0.4857661
0.4221135
0.3638220
0.3044928
0.2359956
0.1628287
0.1019616
0.0676407
0.0561856
0.0468453
0.0199148
-0.0248720
-0.0689024
-0.0941062
-0.1004711
-0.1035104
-0.1164017
-0.1372885
-0.1542579
-0.1604084
-0.1613945
-0.1670832
-0.1774887
-0.1809830
-0.1688645
-0.1489198
-0.1394451
-0.1491825
-0.1677168
-0.1785359
-0.1783090
-0.1784265
-0.1878347
-0.1998476
-0.2003983
-0.1877502
-0.1777520
-0.1853381
-0.2039005
-0.2100851
-0.1910812
-0.1613766
-0.1470920
-0.1563483
-0.1714199
-0.1705567
-0.1517172
-0.1315275
-0.1247209
-0.1299866
-0.1358060
-0.1347466
-0.1279345
-0.1176077
-0.1014456
-0.0775735
-0.0522474
-0.0379446
-0.0433320
-0.0665677
-0.0949522
-0.1034034
-0.0518806
0.1037738
0.3800092
0.7327336
1.0579102
1.2382527
1.2084238
0.9914619
0.6798204
0.3776608
0.1486013
0.0018269
-0.0863137
-0.1426251
-0.1817562
-0.2076464
-0.2215817
-0.2273959
-0.2306489
-0.2345124
-0.2378125
-0.2377724
-0.2340260
-0.2290334
-0.2250090
-0.2216528
-0.2172871
-0.2119898
-0.2095023
-0.2152710
-0.2308363
-0.2495222
-0.2596705
-0.2546590
-0.2400478
-0.2294283
-0.2321213
-0.2446177
-0.2541184
-0.2510224
-0.2385985
-0.2298925
-0.2338200
-0.2442375
-0.2441311
-0.2213352
-0.1795939
-0.1341750
-0.0977263
-0.0705801
-0.0431665
-0.0061899
0.0415657
0.0941956
0.1458825
0.1961267
0.2481591
0.3039686
0.3620701
0.4189026
0.4704480
0.5128488
0.5437453
0.5641513
0.5779801
0.5882947
0.5935029
0.5874460
0.5640176
0.5227947
0.4703807
0.4152370
0.3604840
0.3022905
0.2358314
0.1623524
0.0901014
0.0288871
-0.0164557
-0.0489836
-0.0772609
-0.1087287
-0.1430364
-0.1711736
-0.1825367
-0.1749112
-0.1587743
-0.1510590
-0.1619373
-0.1853067
-0.2027873
-0.1997068
-0.1786412
-0.1566893
-0.1489567
-0.1551320
-0.1618859
-0.1567038
-0.1385195
-0.1164537
-0.1007782
-0.0959403
-0.1003743
-0.1097635
-0.1189497
-0.1229173
-0.1198444
-0.1141911
-0.1137741
-0.1211384
-0.1291672
-0.1282960
-0.1184866
-0.1117633
-0.1211973
-0.1475523
-0.1773287
-0.1940346
-0.1918621
-0.1795755
-0.1721255
-0.1783701
-0.1953784
-0.2124253
-0.2194876
-0.2133340
-0.1979943
-0.1805046
-0.1655488
-0.1535062
-0.1434506
-0.1371099
-0.1383890
-0.1487453
-0.1642767
-0.1782299
-0.1859943
-0.1873566
-0.1846973
-0.1801233
-0.1747051
-0.1698162
-0.1677101
-0.1693357
-0.1717896
-0.1700829
-0.1631846
-0.1573895
-0.1612195
-0.1759239
-0.1921072
-0.1971881
-0.1867692
-0.1688343
-0.1569497
-0.1590770
-0.1718775
-0.1842455
-0.1854271
-0.1709959
-0.1443452
-0.1148506
-0.0931465
-0.0843794
-0.0845486
-0.0853784
-0.0836928
-0.0820917
-0.0743729
-0.0288812
0.1065963
0.3697952
0.7401343
1.1238066
1.3895131
1.4377430
1.2569930
0.9270979
0.5689255
0.2782454
0.0882773
-0.0217315
-0.0898911
-0.1401891
-0.1762294
-0.1946328
-0.1983603
-0.1974908
-0.2013843
-0.2128445
-0.2284290
-0.2416880
-0.2464024
-0.2399829
-0.2262064
-0.2139998
-0.2112161
-0.2180771
-0.2268342
-0.2288338
-0.2226244
-0.2150477
-0.2139733
-0.2199767
-0.2254448
-0.2217149
-0.2067389
-0.1861594
-0.1679641
-0.1564876
-0.1507310
-0.1472819
-0.1442639
-0.1424296
-0.1427410
-0.1435129
-0.1404004
-0.1290274
-0.1074223
-0.0765660
-0.0396498
-0.0008380
0.0364507
0.0711503
0.1046805
0.1394092
0.1770443
0.2182112
0.2625739
0.3083893
0.3520845
0.3896587
0.4200426
0.4472737
0.4777737
0.5135183
0.5474800
0.5670854
0.5635401
0.5383347
0.5010642
0.4614769
0.4231747
0.3830111
0.3349409
0.2752994
0.2069869
0.1400280
0.0867562
0.0535804
0.0355352
0.0192773
-0.0065304
-0.0418228
-0.0753006
-0.0944268
-0.0963284
-0.0898965
-0.0877498
-0.0957209
-0.1088917
-0.1168309
-0.1129071
-0.0996123
-0.0857611
-0.0789168
-0.0805001
-0.0873907
-0.0964679
-0.1062210
-0.1147528
-0.1187552
-0.1161562
-0.1090795
-0.1023565
-0.0983995
-0.0944490
-0.0859554
-0.0726221
-0.0602698
-0.0562185
-0.0628156
-0.0752798
-0.0854730
-0.0882150
-0.0853889
-0.0846729
-0.0929627
-0.1090666
-0.1228777
-0.1237343
-0.1108268
-0.0944462
-0.0859505
-0.0873358
-0.0918105
-0.0931966
-0.0915922
-0.0891239
-0.0838611
-0.0723169
-0.0581822
-0.0548733
-0.0759931
-0.1215620
-0.1706888
-0.1829277
-0.1068945
0.0999126
0.4385892
0.8417709
1.1844898
1.3439752
1.2720907
1.0217803
0.7045669
0.4178137
0.2028565
0.0562440
-0.0367102
-0.0861632
-0.1048103
-0.1134603
-0.1305615
-0.1588051
-0.1873358
-0.2068285
-0.2186566
-0.2293704
-0.2411353
-0.2509205
-0.2564269
-0.2580426
-0.2545766
-0.2414080
-0.2162504
-0.1854421
-0.1610190
-0.1502387
-0.1492621
-0.1480623
-0.1407045
-0.1300486
-0.1233155
-0.1244581
-0.1307417
-0.1354070
-0.1330634
-0.1234149
-0.1109336
-0.1010640
-0.0959165
-0.0926931
-0.0857953
-0.0706819
-0.0467104
-0.0175553
0.0107642
0.0336770
0.0521768
0.0740484
0.1093497
0.1620704
0.2252818
0.2857031
0.3345656
0.3744530
0.4154693
0.4649358
0.5204547
0.5713010
0.6051046
0.6144200
0.6003792
0.5724030
0.5430570
0.5195001
0.4975427
0.4648281
0.4122577
0.3437160
0.2742053
0.2175811
0.1758432
0.1401458
0.1011999
0.0577542
0.0156897
-0.0190548
-0.0454284
-0.0661546
-0.0836709
-0.0983168
-0.1102160
-0.1215273
-0.1351867
-0.1507922
-0.1628316
-0.1648899
-0.1564623
-0.1447996
-0.1388108
-0.1408926
-0.1453423
-0.1451158
-0.1395945
-0.1349544
-0.1370034
-0.1446902
-0.1513165
-0.1514800
-0.1458929
-0.1398759
-0.1385590
-0.1435880
-0.1525785
-0.1603783
-0.1620287
-0.1567762
-0.1497491
-0.1482471
-0.1550689
-0.1656961
-0.1729507
-0.1745990
-0.1756242
-0.1824385
-0.1953694
-0.2078770
-0.2131974
-0.2105441
-0.2041327
-0.1974395
-0.1903251
-0.1818007
-0.1736412
-0.1696107
-0.1711752
-0.1749599
-0.1752126
-0.1691412
-0.1597924
-0.1531955
-0.1521711
-0.1529924
-0.1485549
-0.1351535
-0.1164091
-0.1008303
-0.0954357
-0.1012456
-0.1146513
-0.1326434
-0.1542571
-0.1723579
-0.1609902
-0.0743171
0.1305883
0.4552755
0.8345273
1.1518809
1.2960457
1.2232381
0.9800260
0.6695590
0.3888933
0.1851656
0.0555811
-0.0239162
-0.0736356
-0.1047763
-0.1250375
-0.1407133
-0.1534535
-0.1602511
-0.1601769
-0.1597782
-0.1683499
-0.1870693
-0.2056077
-0.2120999
-0.2058569
-0.1981766
-0.2004189
-0.2127294
-0.2247746
-0.2260798
-0.2147532
-0.1972912
-0.1819401
-0.1730916
-0.1708538
-0.1734828
-0.1784917
-0.1822626
-0.1811268
-0.1740959
-0.1633854
-0.1508002
-0.1339187
-0.1072470
-0.0680219
-0.0210393
0.0224893
0.0519524
0.0652087
0.0710107
0.0833944
0.1119074
0.1551208
0.2021637
0.2409230
0.2670446
0.2871577
0.3132872
0.3524458
0.4005974
0.4466943
0.4823649
0.5075025
0.5275304
0.5467894
0.5643383
0.5741736
0.5684127
0.5415449
0.4939508
0.4327187
0.3687533
0.3113925
0.2637760
0.2223335
0.1809223
0.1360864
0.0891466
0.0446148
0.0075493
-0.0188991
-0.0360885
-0.0505804
-0.0696041
-0.0936213
-0.1144145
-0.1227895
-0.1185294
-0.1116385
-0.1134305
-0.1268431
-0.1451731
-0.1590465
-0.1639635
-0.1620235
-0.1583478
-0.1570591
-0.1595535
-0.1639743
-0.1653433
-0.1583210
-0.1423460
-0.1239462
-0.1123346
-0.1121755
-0.1207435
-0.1309908
-0.1362885
-0.1338861
-0.1269648
-0.1237657
-0.1316330
-0.1492526
-0.1653903
-0.1677265
-0.1543416
-0.1361527
-0.1271849
-0.1322556
-0.1444606
-0.1540671
-0.1580583
-0.1604015
-0.1654454
-0.1738410
-0.1837654
-0.1922326
-0.1943799
-0.1853567
-0.1661322
-0.1458475
-0.1350093
-0.1357470
-0.1404425
-0.1404313
-0.1348307
-0.1303069
-0.1335052
-0.1452809
-0.1620111
-0.1800470
-0.1966668
-0.2077807
-0.2086491
-0.1992523
-0.1872094
-0.1824563
-0.1886509
-0.2008963
-0.2114587
-0.2165485
-0.2184146
-0.2228993
-0.2348059
-0.2532792
-0.2705500
-0.2766487
-0.2673158
-0.2478714
-0.2287159
-0.2161253
-0.2069417
-0.1925859
-0.1687599
-0.1409117
-0.1197265
-0.1116810
-0.1133350
-0.1101645
-0.0750903
0.0306184
0.2428365
0.5646795
0.9414941
1.2685424
1.4375513
1.3948171
1.1695921
0.8519518
0.5384896
0.2875373
0.1115410
-0.0018347
-0.0685653
-0.1032461
-0.1224690
-0.1427372
-0.1720207
-0.2053343
-0.2311402
-0.2432990
-0.2468007
-0.2517061
-0.2624583
-0.2745546
-0.2810298
-0.2793574
-0.2709780
-0.2572204
-0.2392331
-0.2211446
-0.2094467
-0.2071914
-0.2099944
-0.2098441
-0.2037023
-0.1975290
-0.1998864
-0.2104240
-0.2163097
-0.2031133
-0.1699673
-0.1317712
-0.1047952
-0.0909825
-0.0775522
-0.0515199
-0.0137275
0.0214379
0.0401690
0.0434144
0.0467175
0.0653297
0.0998398
0.1370213
0.1635814
0.1774370
0.1867066
0.2009881
0.2248330
0.2573940
0.2954135
0.3353926
0.3735865
0.4058996
0.4299602
0.4475221
0.4627154
0.4764295
0.4835456
0.4772259
0.4553977
0.4219857
0.3824376
0.3391182
0.2907376
0.2357388
0.1768458
0.1223955
0.0814735
0.0561532
0.0389114
0.0187495
-0.0097282
-0.0425807
-0.0706540
-0.0877349
-0.0964041
-0.1063079
-0.1251578
-0.1505600
-0.1715370
-0.1787297
-0.1729229
-0.1640753
-0.1629062
-0.1725973
-0.1865607
-0.1936546
-0.1869043
-0.1684182
-0.1464911
-0.1286717
-0.1173397
-0.1097135
-0.1004588
-0.0858991
-0.0683517
-0.0562040
-0.0575238
-0.0726059
-0.0932216
-0.1092479
-0.1162211
-0.1177562
-0.1214443
-0.1312062
-0.1423816
-0.1451076
-0.1340021
-0.1145523
-0.0989999
-0.0950669
-0.0980354
-0.0943970
-0.0757974
-0.0503312
-0.0344860
-0.0248108
0.0241779
0.1824734
0.4871076
0.8895263
1.2599270
1.4563923
1.4102638
1.1628671
0.8280560
0.5157788
0.2791042
0.1167294
0.0087366
-0.0579868
-0.0915984
-0.1064278
-0.1218736
-0.1496171
-0.1852502
-0.2145657
-0.2286300
-0.2326581
-0.2398555
-0.2570765
-0.2778113
-0.2891235
-0.2835925
-0.2642440
-0.2406554
-0.2221526
-0.2125894
-0.2084375
-0.2016201
-0.1859799
-0.1621955
-0.1370316
-0.1182061
-0.1088229
-0.1046032
-0.0964994
-0.0784338
-0.0536785
-0.0322905
-0.0213462
-0.0183900
-0.0143665
-0.0015942
0.0210794
0.0491293
0.0775811
0.1062436
0.1396096
0.1804729
0.2242481
0.2615997
0.2872253
0.3052033
0.3257067
0.3568163
0.3984265
0.4429540
0.4828091
0.5180773
0.5554501
0.5980570
0.6375831
0.6584891
0.6499949
0.6134628
0.5595325
0.4994918
0.4383288
0.3743493
0.3053795
0.2353383
0.1734306
0.1262635
0.0919412
0.0624850
0.0310107
-0.0034321
-0.0361515
-0.0612193
-0.0772221
-0.0893835
-0.1047005
-0.1245505
-0.1433706
-0.1549086
-0.1586339
-0.1599870
-0.1652327
-0.1752714
-0.1831209
-0.1789727
-0.1607175
-0.1392281
-0.1299233
-0.1374428
-0.1500247
-0.1505807
-0.1338169
-0.1126072
-0.1066888
-0.1231967
-0.1482840
-0.1606750
-0.1545842
-0.1460547
-0.1540168
-0.1776569
-0.1965948
-0.1931737
-0.1713314
-0.1523352
-0.1534034
-0.1717407
-0.1894796
-0.1931779
-0.1864829
-0.1829306
-0.1893056
-0.1999007
-0.2059870
-0.2058739
-0.2041127
-0.2046675
-0.2076571
-0.2108767
-0.2121693
-0.2111311
-0.2100142
-0.2126082
-0.2212869
-0.2346162
-0.2471077
-0.2515141
-0.2439283
-0.2288009
-0.2173815
-0.2183141
-0.2297065
-0.2417861
-0.2465618
-0.2438443
-0.2398492
-0.2422368
-0.2546561
-0.2725181
-0.2841616
-0.2793141
-0.2582909
-0.2328171
-0.2174520
-0.2189346
-0.2315922
-0.2426228
-0.2438525
-0.2391017
-0.2383576
-0.2446684
-0.2497183
-0.2435813
-0.2262989
-0.2079391
-0.1986500
-0.1998824
-0.2042913
-0.2037092
-0.1983936
-0.1982957
-0.2132219
-0.2412801
-0.2684911
-0.2800639
-0.2715058
-0.2504776
-0.2304510
-0.2215089
-0.2235464
-0.2271579
-0.2228711
-0.2104239
-0.1987681
-0.1977377
-0.2099081
-0.2281438
-0.2393618
-0.2334191
-0.2120526
-0.1886909
-0.1768015
-0.1780555
-0.1828099
-0.1811728
-0.1722470
-0.1634782
-0.1622884
-0.1679770
-0.1716323
-0.1649295
-0.1485896
-0.1308264
-0.1191642
-0.1165828
-0.1216364
-0.1215501
-0.0801939
0.0572695
0.3293489
0.7133752
1.1120334
1.3930154
1.4601070
1.3051182
1.0027416
0.6571018
0.3470336
0.1082543
-0.0525542
-0.1419423
-0.1764250
-0.1812852
-0.1815563
-0.1910111
-0.2091287
-0.2272706
-0.2384022
-0.2436438
-0.2508066
-0.2660316
-0.2866366
-0.3022280
-0.3027640
-0.2871375
-0.2663656
-0.2569214
-0.2655620
-0.2790123
-0.2735850
-0.2390987
-0.1910622
-0.1560482
-0.1464221
-0.1514457
-0.1509721
-0.1348765
-0.1101682
-0.0921481
-0.0895306
-0.0971376
-0.1015287
-0.0921250
-0.0675274
-0.0354812
-0.0096743
-0.0021870
-0.0121736
-0.0222663
-0.0124080
0.0204476
0.0597383
0.0876404
0.1030169
0.1198138
0.1503763
0.1926901
0.2335687
0.2629376
0.2835789
0.3058864
0.3348182
0.3656937
0.3923804
0.4138551
0.4301685
0.4376224
0.4336387
0.4237056
0.4172456
0.4156463
0.4077020
0.3786062
0.3235133
0.2530954
0.1858445
0.1331502
0.0913294
0.0494550
0.0041126
-0.0362730
-0.0610637
-0.0678820
-0.0638703
-0.0606925
-0.0686007
-0.0904216
-0.1183504
-0.1387504
-0.1425528
-0.1315199
-0.1157727
-0.1066001
-0.1091627
-0.1182515
-0.1218380
-0.1125250
-0.0960155
-0.0860702
-0.0911267
-0.1071810
-0.1225403
-0.1280537
-0.1247323
-0.1233817
-0.1343847
-0.1551645
-0.1698663
-0.1645918
-0.1419606
-0.1186621
-0.1099296
-0.1174736
-0.1300413
-0.1338223
-0.1245448
-0.1114716
-0.1080531
-0.1175850
-0.1298024
-0.1318871
-0.1204564
-0.1030140
-0.0913625
-0.0940813
-0.1110572
-0.1329482
-0.1483140
-0.1531380
-0.1528539
-0.1560411
-0.1680501
-0.1887019
-0.2120023
-0.2286377
-0.2330516
-0.2290304
-0.2259739
-0.2296841
-0.2384322
-0.2464326
-0.2485592
-0.2433968
-0.2348817
-0.2297216
-0.2302172
-0.2305276
-0.2222588
-0.2026426
-0.1760353
-0.1500314
-0.1319238
-0.1254471
-0.1273562
-0.1289641
-0.1240008
-0.1141207
-0.1053434
-0.1006693
-0.0973769
-0.0905247
-0.0792655
-0.0698854
-0.0665879
-0.0505707
0.0295774
0.2303387
0.5591833
0.9421505
1.2500083
1.3687363
1.2630984
0.9898915
0.6561730
0.3566198
0.1353613
-0.0092637
-0.0977946
-0.1506596
-0.1833433
-0.2046900
-0.2159276
-0.2161961
-0.2102898
-0.2074232
-0.2120179
-0.2188478
-0.2180106
-0.2037681
-0.1801006
-0.1590600
-0.1513073
-0.1560962
-0.1623847
-0.1609832
-0.1529707
-0.1455405
-0.1438470
-0.1486763
-0.1575268
-0.1650470
-0.1661233
-0.1616189
-0.1583750
-0.1612075
-0.1671386
-0.1688582
-0.1615964
-0.1463158
-0.1291916
-0.1178492
-0.1140888
-0.1094711
-0.0913015
-0.0538255
-0.0020783
0.0533104
0.1022205
0.1395204
0.1696033
0.2052590
0.2558159
0.3156716
0.3690556
0.4070168
0.4367278
0.4737509
0.5267117
0.5880666
0.6380931
0.6603464
0.6556029
0.6385924
0.6199232
0.5950902
0.5529988
0.4903370
0.4144123
0.3365800
0.2668834
0.2108893
0.1663779
0.1243821
0.0768093
0.0231213
-0.0299214
-0.0723940
-0.0962772
-0.1018337
-0.0999732
-0.1036401
-0.1153953
-0.1268219
-0.1300122
-0.1254692
-0.1192842
-0.1177122
-0.1246012
-0.1389004
-0.1537513
-0.1621946
-0.1646779
-0.1682529
-0.1788349
-0.1963504
-0.2151583
-0.2263216
-0.2229149
-0.2077996
-0.1939115
-0.1925614
-0.2031497
-0.2171528
-0.2286875
-0.2374522
-0.2451372
-0.2537947
-0.2652287
-0.2777893
-0.2855006
-0.2830966
-0.2700620
-0.2487080
-0.2218332
-0.1933576
-0.1669579
-0.1429069
-0.1207456
-0.1054139
-0.1042964
-0.1159533
-0.1274970
-0.1265285
-0.1126285
-0.0961340
-0.0891326
-0.0973500
-0.1158797
-0.1320850
-0.1365726
-0.1316795
-0.1269669
-0.1289724
-0.1388141
-0.1551759
-0.1728523
-0.1815907
-0.1747064
-0.1585395
-0.1468588
-0.1457169
-0.1490759
-0.1495840
-0.1484787
-0.1506735
-0.1466308
-0.0968734
0.0574118
0.3487874
0.7345596
1.0974625
1.3089631
1.3045584
1.1112770
0.8178903
0.5216019
0.2858308
0.1259700
0.0238542
-0.0450938
-0.0948248
-0.1288598
-0.1470279
-0.1511013
-0.1497481
-0.1575651
-0.1827561
-0.2162616
-0.2402759
-0.2479131
-0.2481542
-0.2519671
-0.2608665
-0.2694999
-0.2725526
-0.2678803
-0.2580984
-0.2497795
-0.2473365
-0.2484137
-0.2480778
-0.2446453
-0.2381331
-0.2273088
-0.2125222
-0.1967059
-0.1789267
-0.1523447
-0.1143049
-0.0737372
-0.0426415
-0.0237465
-0.0108016
0.0032792
0.0222538
0.0452280
0.0654650
0.0757315
0.0790319
0.0897229
0.1204349
0.1705853
0.2278952
0.2767511
0.3071154
0.3236257
0.3460778
0.3919668
0.4563528
0.5156827
0.5521985
0.5678352
0.5746099
0.5798339
0.5820699
0.5743492
0.5492073
0.5048313
0.4464700
0.3796766
0.3062345
0.2303103
0.1617702
0.1064158
0.0589232
0.0134368
-0.0244482
-0.0454475
-0.0524354
-0.0595933
-0.0772613
-0.1035582
-0.1291319
-0.1465230
-0.1578512
-0.1747312
-0.2048850
-0.2378751
-0.2528416
-0.2435635
-0.2273325
-0.2251967
-0.2412058
-0.2639779
-0.2797875
-0.2802839
-0.2658205
-0.2460982
-0.2320407
-0.2248329
-0.2177555
-0.2074885
-0.1964485
-0.1861446
-0.1772556
-0.1746043
-0.1823897
-0.1954286
-0.2041394
-0.2071323
-0.2106523
-0.2174222
-0.2238214
-0.2255244
-0.2188889
-0.2009870
-0.1759366
-0.1565569
-0.1517776
-0.1565022
-0.1602461
-0.1601651
-0.1594871
-0.1599706
-0.1624355
-0.1677970
-0.1716137
-0.1650845
-0.1469799
-0.1270626
-0.1138953
-0.1087667
-0.1146482
-0.1365011
-0.1612660
-0.1443439
-0.0274653
0.2226736
0.5803913
0.9512855
1.2046119
1.2447416
1.0714880
0.7726241
0.4586161
0.2048932
0.0382445
-0.0511050
-0.0934202
-0.1200168
-0.1470416
-0.1759005
-0.2031344
-0.2235323
-0.2319403
-0.2329486
-0.2422129
-0.2674065
-0.2948268
-0.3059004
-0.2999545
-0.2902328
-0.2853913
-0.2856407
-0.2889110
-0.2899557
-0.2809538
-0.2626975
-0.2479046
-0.2459224
-0.2521684
-0.2577186
-0.2588418
-0.2529378
-0.2380011
-0.2208325
-0.2120590
-0.2082774
-0.1931780
-0.1606690
-0.1226027
-0.0899253
-0.0606483
-0.0295257
0.0045675
0.0427275
0.0836091
0.1172152
0.1359401
0.1508528
0.1821869
0.2352305
0.2987409
0.3618609
0.4178332
0.4584635
0.4826690
0.5048131
0.5380022
0.5747509
0.5980558
0.6029064
0.5933069
0.5696356
0.5339416
0.4954378
0.4553377
0.3985620
0.3152040
0.2181084
0.1268018
0.0474542
-0.0212188
-0.0784339
-0.1270443
-0.1710164
-0.1998626
-0.1966316
-0.1691083
-0.1500477
-0.1572657
-0.1751724
-0.1827099
-0.1768964
-0.1634901
-0.1484202
-0.1432898
-0.1558628
-0.1721530
-0.1704204
-0.1519937
-0.1355687
-0.1271894
-0.1219723
-0.1262163
-0.1471077
-0.1691388
-0.1725652
-0.1668825
-0.1751016
-0.1948958
-0.2058265
-0.2035623
-0.1980084
-0.1915458
-0.1856454
-0.1902435
-0.2010136
-0.1915038
-0.1538829
-0.1191448
-0.1113952
-0.1159807
-0.1177679
-0.1262538
-0.1264311
-0.0467550
0.1795896
0.5429561
0.9618658
1.3187008
1.4849601
1.3841590
1.0701265
0.6952924
0.3768322
0.1388467
-0.0204949
-0.0940783
-0.1148819
-0.1467832
-0.1970119
-0.2190248
-0.2147016
-0.2365021
-0.2807410
-0.2940682
-0.2923429
-0.3369987
-0.3867679
-0.3402361
-0.2454774
-0.2635213
-0.3682975
-0.3150055
-0.0232865
