-0.0097511
0.2255512
0.5647575
0.9269903
1.2110840
1.3338755
1.2602007
1.0229095
0.7091469
0.4088962
0.1717832
0.0099808
-0.0779678
-0.1038271
-0.0974252
-0.0930081
-0.1035050
-0.1182348
-0.1244250
-0.1209139
-0.1133147
-0.1078584
-0.1113845
-0.1282782
-0.1544852
-0.1792546
-0.1938819
-0.1967076
-0.1922669
-0.1891838
-0.1954806
-0.2107115
-0.2243050
-0.2255946
-0.2142707
-0.1989756
-0.1884443
-0.1856782
-0.1861487
-0.1785002
-0.1519721
-0.1086220
-0.0657875
-0.0411587
-0.0350728
-0.0297978
-0.0063245
0.0382370
0.0881296
0.1237110
0.1413553
0.1587611
0.1973870
0.2593640
0.3250796
0.3737061
0.4021499
0.4231436
0.4494766
0.4830168
0.5164138
0.5421138
0.5595371
0.5743312
0.5909420
0.6069545
0.6153777
0.6106642
0.5909132
0.5566417
0.5109396
0.4599687
0.4095072
0.3597619
0.3051133
0.2398863
0.1648765
0.0897849
0.0293633
-0.0062791
-0.0207425
-0.0298192
-0.0484613
-0.0789064
-0.1116533
-0.1359548
-0.1479773
-0.1512415
-0.1525353
-0.1573208
-0.1665182
-0.1761053
-0.1798545
-0.1734370
-0.1577766
-0.1397144
-0.1278122
-0.1247673
-0.1243226
-0.1185327
-0.1084632
-0.1047736
-0.1161488
-0.1388836
-0.1595145
-0.1671983
-0.1629300
-0.1573175
-0.1599025
-0.1705895
-0.1815609
-0.1869987
-0.1891043
-0.1940118
-0.2043730
-0.2182801
-0.2334529
-0.2485547
-0.2602317
-0.2627019
-0.2531811
-0.2371055
-0.2257050
-0.2267183
-0.2371893
-0.2464307
-0.2469536
-0.2413649
-0.2367527
-0.2334720
-0.2231765
-0.1991838
-0.1659952
-0.1363647
-0.1203919
-0.1190362
-0.1263583
-0.1351166
-0.1406134
-0.1425021
-0.1451024
-0.1547909
-0.1739387
-0.1955715
-0.2058835
-0.1963325
-0.1751436
-0.1637285
-0.1774575
-0.2097201
-0.2376831
-0.2446311
-0.2351924
-0.2286101
-0.2391799
-0.2638622
-0.2865756
-0.2921574
-0.2766734
-0.2470850
-0.2138552
-0.1846594
-0.1628818
-0.1483554
-0.1379810
-0.1276705
-0.1162514
-0.1074472
-0.1063661
-0.1132725
-0.1214271
-0.1224147
-0.1151160
-0.1089250
-0.1129924
-0.1151236
-0.0702864
0.0798621
0.3597770
0.7204034
1.0463725
1.2146446
1.1652686
0.9323023
0.6141711
0.3105915
0.0753366
-0.0873567
-0.1957234
-0.2652056
-0.3027420
-0.3138486
-0.3080950
-0.2973821
-0.2903130
-0.2877516
-0.2831163
-0.2681370
-0.2403454
-0.2060815
-0.1763277
-0.1592334
-0.1557691
-0.1612873
-0.1700310
-0.1776261
-0.1803818
-0.1751575
-0.1622962
-0.1475232
-0.1374362
-0.1320105
-0.1243325
-0.1100118
-0.0949217
-0.0900423
-0.0981275
-0.1081767
-0.1052877
-0.0855404
-0.0594544
-0.0401397
-0.0293204
-0.0167695
0.0068633
0.0395546
0.0720680
0.1004489
0.1304868
0.1691356
0.2149216
0.2596968
0.2986727
0.3354618
0.3760856
0.4202163
0.4613290
0.4959101
0.5295032
0.5702405
0.6165481
0.6547249
0.6707871
0.6628526
0.6395689
0.6079517
0.5664948
0.5107537
0.4420940
0.3679256
0.2944936
0.2228407
0.1530086
0.0894283
0.0383118
-0.0009068
-0.0381115
-0.0830725
-0.1339774
-0.1784241
-0.2067520
-0.2220861
-0.2355117
-0.2529492
-0.2692928
-0.2754548
-0.2690876
-0.2571406
-0.2486906
-0.2468676
-0.2484346
-0.2500784
-0.2528641
-0.2594534
-0.2684155
-0.2737255
-0.2706152
-0.2606763
-0.2500250
-0.2426787
-0.2368270
-0.2283524
-0.2174798
-0.2100358
-0.2105715
-0.2155014
-0.2165705
-0.2125328
-0.2140994
-0.2328593
-0.2651210
-0.2908312
-0.2917952
-0.2703053
-0.2473348
-0.2417483
-0.2527026
-0.2630556
-0.2580895
-0.2386739
-0.2172850
-0.2053541
-0.2063981
-0.2175636
-0.2322407
-0.2409743
-0.2354252
-0.2158449
-0.1933285
-0.1810614
-0.1824444
-0.1891124
-0.1903521
-0.1826017
-0.1701620
-0.1606637
-0.1626168
-0.1826598
-0.2139439
-0.2196412
-0.1344966
0.0975489
0.4676350
0.8775707
1.1807595
1.2660791
1.1204438
0.8231497
0.4847439
0.1856447
-0.0425583
-0.1973511
-0.2825761
-0.3065706
-0.2916180
-0.2712563
-0.2708247
-0.2910377
-0.3130193
-0.3193090
-0.3091555
-0.2953790
-0.2902242
-0.2956145
-0.3043950
-0.3074640
-0.2994084
-0.2805903
-0.2572210
-0.2392375
-0.2345213
-0.2421555
-0.2518444
-0.2524618
-0.2422887
-0.2300412
-0.2252749
-0.2282598
-0.2293237
-0.2172260
-0.1879610
-0.1468727
-0.1039772
-0.0673451
-0.0392407
-0.0164130
0.0068694
0.0350383
0.0684014
0.1031878
0.1354160
0.1659273
0.2012144
0.2478597
0.3053948
0.3650359
0.4163385
0.4559783
0.4904521
0.5296252
0.5763893
0.6221186
0.6530939
0.6624208
0.6557672
0.6450508
0.6364205
0.6243039
0.5966047
0.5452807
0.4725284
0.3882707
0.3029620
0.2226809
0.1492136
0.0823031
0.0209093
-0.0360138
-0.0876982
-0.1302981
-0.1591261
-0.1734628
-0.1790536
-0.1851625
-0.1984254
-0.2184994
-0.2387058
-0.2511779
-0.2529165
-0.2481137
-0.2445371
-0.2467797
-0.2523536
-0.2542725
-0.2477566
-0.2347041
-0.2216036
-0.2130365
-0.2075861
-0.2005284
-0.1902251
-0.1810907
-0.1800472
-0.1903076
-0.2082080
-0.2251538
-0.2329081
-0.2289880
-0.2186833
-0.2115437
-0.2143347
-0.2263436
-0.2412494
-0.2533096
-0.2616041
-0.2690013
-0.2784237
-0.2908321
-0.3056936
-0.3210394
-0.3319606
-0.3312096
-0.3152803
-0.2914609
-0.2757749
-0.2792353
-0.2948263
-0.3010904
-0.2820657
-0.2441133
-0.2110148
-0.2008725
-0.2081934
-0.2098942
-0.1890580
-0.1516987
-0.1196977
-0.1086755
-0.1146013
-0.1217634
-0.1214013
-0.1203608
-0.1303034
-0.1461117
-0.1315634
-0.0274616
0.2148958
0.5903161
1.0167627
1.3589040
1.4941367
1.3805593
1.0775577
0.7032609
0.3630969
0.1040659
-0.0789938
-0.2063711
-0.2865690
-0.3184194
-0.3078155
-0.2752080
-0.2465465
-0.2384550
-0.2507158
-0.2700291
-0.2808111
-0.2760032
-0.2614925
-0.2510140
-0.2547193
-0.2703949
-0.2851326
-0.2860607
-0.2701470
-0.2447772
-0.2208957
-0.2067054
-0.2056827
-0.2160520
-0.2299989
-0.2362188
-0.2277451
-0.2085334
-0.1900658
-0.1794611
-0.1715082
-0.1539541
-0.1206780
-0.0782399
-0.0386472
-0.0066249
0.0244613
0.0639957
0.1128853
0.1618851
0.2004947
0.2266767
0.2483168
0.2761933
0.3150192
0.3593237
0.3970153
0.4184473
0.4245985
0.4275591
0.4418191
0.4726051
0.5107757
0.5389175
0.5438981
0.5253433
0.4930931
0.4569492
0.4189649
0.3748596
0.3211961
0.2600365
0.1973404
0.1384677
0.0856117
0.0382686
-0.0050696
-0.0453274
-0.0814601
-0.1098882
-0.1262552
-0.1295061
-0.1249457
-0.1222106
-0.1286275
-0.1439912
-0.1621527
-0.1776760
-0.1905168
-0.2044839
-0.2220607
-0.2409088
-0.2546237
-0.2568234
-0.2461090
-0.2286984
-0.2158127
-0.2162349
-0.2294127
-0.2454817
-0.2529809
-0.2477600
-0.2352874
-0.2248940
-0.2218699
-0.2242752
-0.2258096
-0.2209772
-0.2087781
-0.1935696
-0.1825982
-0.1805477
-0.1848614
-0.1874631
-0.1829652
-0.1749077
-0.1720538
-0.1782474
-0.1877199
-0.1911777
-0.1846897
-0.1713840
-0.1575184
-0.1516913
-0.1664566
-0.2095231
-0.2608246
-0.2583791
-0.1240924
0.1734492
0.5697124
0.9223827
1.0942208
1.0357178
0.8020164
0.5004539
0.2229995
0.0153599
-0.1138343
-0.1748504
-0.1901610
-0.1908632
-0.2027279
-0.2295146
-0.2538435
-0.2587082
-0.2470854
-0.2377541
-0.2432259
-0.2561790
-0.2592358
-0.2449632
-0.2227472
-0.2066487
-0.2002170
-0.1951865
-0.1829912
-0.1642402
-0.1465562
-0.1360615
-0.1331780
-0.1350322
-0.1383618
-0.1394296
-0.1345548
-0.1238740
-0.1132805
-0.1086072
-0.1063412
-0.0930373
-0.0579044
-0.0066289
0.0401862
0.0651977
0.0710735
0.0775214
0.1010526
0.1388172
0.1732613
0.1916827
0.1997395
0.2160845
0.2552307
0.3155558
0.3817013
0.4368115
0.4735386
0.4962941
0.5149614
0.5359249
0.5571227
0.5703602
0.5686893
0.5526755
0.5298982
0.5075695
0.4848033
0.4523953
0.4014150
0.3330097
0.2596607
0.1957007
0.1454000
0.1001945
0.0486996
-0.0095813
-0.0611565
-0.0909778
-0.0988670
-0.1022807
-0.1207849
-0.1573468
-0.1960638
-0.2190199
-0.2246044
-0.2282509
-0.2455448
-0.2760413
-0.3042327
-0.3151434
-0.3075836
-0.2929380
-0.2835955
-0.2836473
-0.2884705
-0.2899617
-0.2818009
-0.2625818
-0.2363403
-0.2094343
-0.1848717
-0.1594181
-0.1279901
-0.0919430
-0.0617358
-0.0492368
-0.0567929
-0.0750340
-0.0921862
-0.1045776
-0.1169466
-0.1335741
-0.1517244
-0.1647582
-0.1699048
-0.1710936
-0.1747497
-0.1846744
-0.2010204
-0.2218366
-0.2436482
-0.2615136
-0.2714622
-0.2746530
-0.2780899
-0.2887746
-0.3058659
-0.3194515
-0.3187012
-0.3020461
-0.2791581
-0.2625138
-0.2565486
-0.2543049
-0.2441483
-0.2203635
-0.1886068
-0.1616050
-0.1484198
-0.1462178
-0.1420468
-0.1238779
-0.0916873
-0.0585131
-0.0398589
-0.0404767
-0.0505596
-0.0550997
-0.0477354
-0.0358727
-0.0322797
-0.0416950
-0.0560080
-0.0633400
-0.0626269
-0.0683057
-0.0960383
-0.1369542
-0.1429242
-0.0442413
0.2018556
0.5638182
0.9312738
1.1676591
1.1875355
1.0018383
0.6987197
0.3809365
0.1128486
-0.0882443
-0.2275805
-0.3108298
-0.3430766
-0.3370762
-0.3120863
-0.2830777
-0.2546637
-0.2262980
-0.1994324
-0.1764764
-0.1552055
-0.1297192
-0.0992452
-0.0730663
-0.0627055
-0.0687056
-0.0777359
-0.0747261
-0.0575186
-0.0388389
-0.0343882
-0.0494454
-0.0756851
-0.0988858
-0.1095952
-0.1087128
-0.1051261
-0.1079956
-0.1194783
-0.1332307
-0.1396274
-0.1331234
-0.1155102
-0.0929203
-0.0703350
-0.0489269
-0.0275043
-0.0047911
0.0203984
0.0501545
0.0871026
0.1327758
0.1871301
0.2496957
0.3197586
0.3940565
0.4649378
0.5232752
0.5654914
0.5980008
0.6329400
0.6771643
0.7242652
0.7580144
0.7651876
0.7462089
0.7135927
0.6797727
0.6460238
0.6027288
0.5400731
0.4586155
0.3701103
0.2887326
0.2214418
0.1655502
0.1136093
0.0596853
0.0024819
-0.0544582
-0.1039325
-0.1381243
-0.1536696
-0.1551399
-0.1523454
-0.1524874
-0.1545556
-0.1518187
-0.1396343
-0.1203187
-0.1009486
-0.0879488
-0.0841197
-0.0886599
-0.0974329
-0.1036676
-0.1018128
-0.0928614
-0.0841657
-0.0813106
-0.0807955
-0.0738860
-0.0583714
-0.0430938
-0.0379725
-0.0416104
-0.0431618
-0.0368557
-0.0300646
-0.0336795
-0.0474435
-0.0602178
-0.0646142
-0.0647861
-0.0655964
-0.0599233
-0.0376260
-0.0097569
-0.0120211
-0.0669342
-0.1354911
-0.1166055
0.0845676
0.4687192
0.9142642
1.2422486
1.3268666
1.1656747
0.8614316
0.5423241
0.2894534
0.1185908
0.0086982
-0.0628665
-0.1070242
-0.1288531
-0.1348475
-0.1329665
-0.1303337
-0.1333525
-0.1469239
-0.1695276
-0.1901815
-0.1958287
-0.1853311
-0.1739926
-0.1797876
-0.2040406
-0.2283355
-0.2322362
-0.2125749
-0.1837494
-0.1609553
-0.1466270
-0.1333886
-0.1158336
-0.0954055
-0.0750924
-0.0544618
-0.0325478
-0.0127639
-0.0005138
0.0045947
0.0107640
0.0258521
0.0486706
0.0711127
0.0889338
0.1078518
0.1374225
0.1802030
0.2289289
0.2740638
0.3120339
0.3453973
0.3772794
0.4085014
0.4399055
0.4740435
0.5118151
0.5484886
0.5763751
0.5930055
0.6050114
0.6215952
0.6439118
0.6622318
0.6640982
0.6443697
0.6069058
0.5581967
0.5018662
0.4396799
0.3752595
0.3140189
0.2594957
0.2118309
0.1705392
0.1367283
0.1105948
0.0878909
0.0621773
0.0321140
0.0046247
-0.0118248
-0.0172268
-0.0213387
-0.0339757
-0.0551524
-0.0759752
-0.0880891
-0.0901666
-0.0857604
-0.0785727
-0.0723012
-0.0724770
-0.0832229
-0.1006755
-0.1135561
-0.1143748
-0.1090357
-0.1109145
-0.1239378
-0.1352192
-0.1285003
-0.1040596
-0.0810349
-0.0781621
-0.0948425
-0.1139174
-0.1213247
-0.1188566
-0.1171791
-0.1212100
-0.1267876
-0.1299827
-0.1337779
-0.1426183
-0.1535457
-0.1577142
-0.1516851
-0.1438624
-0.1464825
-0.1614293
-0.1765194
-0.1774934
-0.1631452
-0.1472082
-0.1447059
-0.1566989
-0.1686633
-0.1637523
-0.1379530
-0.1034052
-0.0781445
-0.0725683
-0.0840152
-0.1019034
-0.1169441
-0.1268047
-0.1356068
-0.1492044
-0.1695080
-0.1913018
-0.2047553
-0.2034360
-0.1915172
-0.1820481
-0.1858604
-0.2013916
-0.2163441
-0.2198388
-0.2120655
-0.2017442
-0.1963656
-0.1976411
-0.2048605
-0.2149553
-0.2108132
-0.1492580
0.0276374
0.3509785
0.7806302
1.2005560
1.4702990
1.5013328
1.3029251
0.9659875
0.6033380
0.2946698
0.0699436
-0.0740955
-0.1526509
-0.1848203
-0.1930613
-0.1975876
-0.2068965
-0.2169726
-0.2230479
-0.2304917
-0.2501577
-0.2826196
-0.3116381
-0.3181033
-0.3006924
-0.2791276
-0.2744717
-0.2873556
-0.2979973
-0.2875800
-0.2573302
-0.2255329
-0.2076031
-0.2013162
-0.1912247
-0.1650211
-0.1241355
-0.0799398
-0.0426319
-0.0149772
0.0051953
0.0198471
0.0296938
0.0367733
0.0451015
0.0571774
0.0707642
0.0812519
0.0881382
0.0979057
0.1184073
0.1497909
0.1824402
0.2057325
0.2190812
0.2330831
0.2588235
0.2964530
0.3351587
0.3643681
0.3842413
0.4048684
0.4357164
0.4762571
0.5162427
0.5439555
0.5540261
0.5487330
0.5337084
0.5129957
0.4869664
0.4532990
0.4097204
0.3571837
0.3016568
0.2522717
0.2155883
0.1898693
0.1651622
0.1308805
0.0850719
0.0364912
-0.0032977
-0.0304240
-0.0511875
-0.0740575
-0.1000763
-0.1223229
-0.1348291
-0.1404746
-0.1484336
-0.1637593
-0.1810123
-0.1896645
-0.1858149
-0.1773630
-0.1766198
-0.1878662
-0.2026997
-0.2076326
-0.1959287
-0.1723493
-0.1476104
-0.1291452
-0.1165105
-0.1038341
-0.0856940
-0.0618010
-0.0381115
-0.0238651
-0.0253677
-0.0398757
-0.0551566
-0.0576640
-0.0443016
-0.0269125
-0.0232458
-0.0411236
-0.0708210
-0.0939688
-0.1009145
-0.0993471
-0.1055124
-0.1271765
-0.1558698
-0.1758973
-0.1800418
-0.1756487
-0.1759459
-0.1870087
-0.2038531
-0.2178106
-0.2254994
-0.2300539
-0.2353489
-0.2410389
-0.2432829
-0.2387064
-0.2268230
-0.2099558
-0.1928460
-0.1823388
-0.1848480
-0.2013630
-0.2246799
-0.2436250
-0.2519374
-0.2530420
-0.2550737
-0.2610558
-0.2651042
-0.2592718
-0.2436693
-0.2284076
-0.2246173
-0.2337158
-0.2461055
-0.2506612
-0.2454641
-0.2393509
-0.2429918
-0.2579458
-0.2738852
-0.2771564
-0.2636705
-0.2433812
-0.2281214
-0.2090892
-0.1446448
0.0222348
0.3201359
0.7100967
1.0873176
1.3309422
1.3689107
1.2110570
0.9305030
0.6152435
0.3292316
0.1033339
-0.0537355
-0.1449619
-0.1826876
-0.1872858
-0.1802769
-0.1755100
-0.1760816
-0.1783921
-0.1780822
-0.1734697
-0.1666112
-0.1629547
-0.1685470
-0.1850031
-0.2067660
-0.2251240
-0.2361352
-0.2435450
-0.2523854
-0.2603300
-0.2578527
-0.2384783
-0.2079506
-0.1813241
-0.1701483
-0.1726887
-0.1763883
-0.1688025
-0.1460819
-0.1130226
-0.0776872
-0.0463906
-0.0212997
-0.0000369
0.0225921
0.0503791
0.0816334
0.1098868
0.1300926
0.1443075
0.1601530
0.1831915
0.2118749
0.2410969
0.2699184
0.3035075
0.3462197
0.3941088
0.4367894
0.4676906
0.4911272
0.5173630
0.5503080
0.5811260
0.5948304
0.5831276
0.5508189
0.5107227
0.4736239
0.4426405
0.4145662
0.3838901
0.3455111
0.2964417
0.2377411
0.1749670
0.1147635
0.0597227
0.0075145
-0.0434645
-0.0881811
-0.1173534
-0.1277068
-0.1288300
-0.1367985
-0.1591883
-0.1874976
-0.2065203
-0.2113691
-0.2130489
-0.2253828
-0.2473418
-0.2611563
-0.2498597
-0.2162771
-0.1830459
-0.1728544
-0.1884019
-0.2112891
-0.2196743
-0.2069939
-0.1851216
-0.1714531
-0.1734285
-0.1839571
-0.1898545
-0.1843006
-0.1722761
-0.1651271
-0.1700861
-0.1846313
-0.2005318
-0.2128302
-0.2241655
-0.2399796
-0.2602133
-0.2771750
-0.2825341
-0.2761320
-0.2670451
-0.2655885
-0.2743660
-0.2868662
-0.2940094
-0.2918583
-0.2841017
-0.2784406
-0.2802953
-0.2879623
-0.2923182
-0.2822990
-0.2536842
-0.2146363
-0.1819631
-0.1694710
-0.1780258
-0.1965423
-0.2127583
-0.2227845
-0.2302973
-0.2381116
-0.2431356
-0.2407420
-0.2325505
-0.2271503
-0.2318188
-0.2445259
-0.2558841
-0.2595591
-0.2598191
-0.2676243
-0.2888890
-0.3168984
-0.3366672
-0.3372534
-0.3207948
-0.3006261
-0.2906623
-0.2951503
-0.3068449
-0.3144667
-0.3126934
-0.3057564
-0.3013198
-0.3007686
-0.2965066
-0.2804377
-0.2554306
-0.2364221
-0.2375077
-0.2572169
-0.2783705
-0.2845677
-0.2767267
-0.2715054
-0.2824234
-0.3038491
-0.3156318
-0.3038960
-0.2758591
-0.2530202
-0.2503189
-0.2632416
-0.2753175
-0.2763766
-0.2715110
-0.2721835
-0.2807170
-0.2859087
-0.2746086
-0.2465432
-0.2162792
-0.2000725
-0.2013477
-0.2098350
-0.2147135
-0.2169981
-0.2271369
-0.2501384
-0.2751407
-0.2826404
-0.2634701
-0.2296140
-0.2042776
-0.2004079
-0.2095654
-0.2123481
-0.1987795
-0.1770751
-0.1626622
-0.1607491
-0.1613424
-0.1505007
-0.1243869
-0.0923539
-0.0691513
-0.0656770
-0.0829360
-0.1058888
-0.0972518
-0.0023620
0.2239693
0.5774549
0.9816834
1.3100630
1.4472173
1.3505861
1.0696785
0.7119957
0.3829479
0.1404753
-0.0127121
-0.1056634
-0.1683010
-0.2142620
-0.2433328
-0.2543517
-0.2541838
-0.2548687
-0.2632841
-0.2749889
-0.2794305
-0.2715972
-0.2579515
-0.2502441
-0.2537701
-0.2625623
-0.2661898
-0.2601301
-0.2484240
-0.2366676
-0.2241865
-0.2045023
-0.1734695
-0.1359144
-0.1031280
-0.0830104
-0.0723327
-0.0590912
-0.0336394
0.0013416
0.0318355
0.0446539
0.0400563
0.0324381
0.0373599
0.0570532
0.0792514
0.0911584
0.0940054
0.1021083
0.1268961
0.1634789
0.1952590
0.2121519
0.2223442
0.2441638
0.2865140
0.3390353
0.3826238
0.4090226
0.4289215
0.4606635
0.5116255
0.5705991
0.6173109
0.6388092
0.6376872
0.6262194
0.6132806
0.5963817
0.5658333
0.5167719
0.4570068
0.4019042
0.3602151
0.3250604
0.2805165
0.2183644
0.1478625
0.0877708
0.0487895
0.0252047
0.0041146
-0.0193308
-0.0383919
-0.0458361
-0.0450461
-0.0473585
-0.0592729
-0.0753337
-0.0850436
-0.0852170
-0.0833895
-0.0890891
-0.1035237
-0.1187788
-0.1260883
-0.1235714
-0.1163517
-0.1109415
-0.1103451
-0.1134887
-0.1179133
-0.1229110
-0.1306631
-0.1438642
-0.1608865
-0.1733869
-0.1713413
-0.1533484
-0.1318444
-0.1248116
-0.1392098
-0.1627532
-0.1746930
-0.1663247
-0.1496716
-0.1440861
-0.1547435
-0.1667261
-0.1613386
-0.1363998
-0.1082205
-0.0941360
-0.0958359
-0.1011682
-0.1002007
-0.0961819
-0.0998190
-0.1150046
-0.1327863
-0.1397949
-0.1312420
-0.1148353
-0.1027246
-0.1006794
-0.1048790
-0.1078204
-0.1061473
-0.1027525
-0.1025041
-0.1076843
-0.1183426
-0.1347523
-0.1537265
-0.1570293
-0.1043645
0.0519750
0.3303745
0.6866543
1.0173975
1.2080460
1.1957894
1.0019112
0.7118720
0.4224377
0.1961454
0.0489329
-0.0338884
-0.0752608
-0.0936281
-0.1008979
-0.1046065
-0.1096561
-0.1188641
-0.1328343
-0.1496987
-0.1656521
-0.1768486
-0.1815752
-0.1807540
-0.1765049
-0.1707949
-0.1657552
-0.1643242
-0.1688110
-0.1780499
-0.1870329
-0.1909065
-0.1895139
-0.1868494
-0.1853482
-0.1815156
-0.1685376
-0.1436703
-0.1124470
-0.0847689
-0.0663820
-0.0540157
-0.0387492
-0.0140900
0.0190104
0.0545518
0.0884087
0.1229218
0.1648314
0.2184419
0.2803398
0.3409457
0.3922072
0.4345789
0.4761662
0.5240049
0.5757233
0.6204546
0.6491408
0.6645613
0.6806876
0.7106557
0.7537004
0.7931053
0.8076476
0.7869998
0.7382333
0.6786709
0.6219703
0.5692125
0.5116066
0.4414181
0.3611363
0.2827844
0.2181526
0.1690851
0.1269353
0.0814543
0.0302862
-0.0199058
-0.0609357
-0.0910955
-0.1158423
-0.1412299
-0.1671156
-0.1866290
-0.1919358
-0.1809511
-0.1597665
-0.1393746
-0.1288279
-0.1289316
-0.1311319
-0.1239695
-0.1034865
-0.0786949
-0.0656044
-0.0735478
-0.0960323
-0.1153437
-0.1174729
-0.1040208
-0.0905546
-0.0935261
-0.1177205
-0.1542763
-0.1889492
-0.2123309
-0.2244469
-0.2321939
-0.2428499
-0.2581340
-0.2724985
-0.2771876
-0.2677823
-0.2494541
-0.2347999
-0.2348154
-0.2499284
-0.2689603
-0.2775923
-0.2693466
-0.2493661
-0.2278301
-0.2098360
-0.1918475
-0.1677660
-0.1377178
-0.1101393
-0.0949116
-0.0943415
-0.1007399
-0.1029101
-0.0957280
-0.0845433
-0.0807147
-0.0917564
-0.1140779
-0.1353316
-0.1463442
-0.1523905
-0.1690627
-0.1987477
-0.2059953
-0.1220264
0.1098737
0.4761783
0.8733911
1.1545852
1.2147412
1.0509581
0.7528943
0.4371754
0.1819308
0.0066767
-0.1042986
-0.1703700
-0.2025472
-0.2090442
-0.2009392
-0.1896441
-0.1823342
-0.1820464
-0.1899387
-0.2042539
-0.2176895
-0.2200455
-0.2069774
-0.1859580
-0.1712687
-0.1718202
-0.1841577
-0.1971929
-0.2024155
-0.1991524
-0.1921788
-0.1870509
-0.1876313
-0.1948455
-0.2049650
-0.2096434
-0.2006691
-0.1769105
-0.1462394
-0.1189031
-0.0981716
-0.0781460
-0.0514463
-0.0183985
0.0127917
0.0355032
0.0534888
0.0790028
0.1214206
0.1774493
0.2327740
0.2741664
0.3011255
0.3262402
0.3636934
0.4163636
0.4733411
0.5198535
0.5500789
0.5711231
0.5951654
0.6276862
0.6626493
0.6883284
0.6972809
0.6905761
0.6728821
0.6446072
0.6000970
0.5342453
0.4508572
0.3637996
0.2886170
0.2316182
0.1864841
0.1416419
0.0911600
0.0386539
-0.0084337
-0.0466092
-0.0778303
-0.1051942
-0.1299404
-0.1533091
-0.1787727
-0.2091446
-0.2407090
-0.2624870
-0.2642898
-0.2467979
-0.2231261
-0.2093211
-0.2121620
-0.2247105
-0.2324562
-0.2245917
-0.2022951
-0.1778832
-0.1637102
-0.1581702
-0.1430194
-0.1000411
-0.0342265
0.0245818
0.0548895
0.0855441
0.1971287
0.4613436
0.8598738
1.2595107
1.4819691
1.4219517
1.1172746
0.7136349
0.3589930
0.1188323
-0.0273698
-0.1280454
-0.2065839
-0.2564913
-0.2702881
-0.2600259
-0.2492483
-0.2526075
-0.2680728
-0.2857632
-0.2984702
-0.3031855
-0.2983828
-0.2853781
-0.2717411
-0.2682905
-0.2790289
-0.2945528
-0.2981182
-0.2800783
-0.2465678
-0.2136742
-0.1930799
-0.1832774
-0.1738470
-0.1570235
-0.1349920
-0.1173448
-0.1126628
-0.1218494
-0.1377060
-0.1501762
-0.1532586
-0.1486233
-0.1428997
-0.1402128
-0.1359635
-0.1179751
-0.0756590
-0.0104804
0.0617553
0.1205431
0.1554712
0.1736953
0.1932600
0.2279395
0.2769150
0.3280547
0.3709940
0.4071292
0.4466116
0.4953093
0.5452890
0.5792788
0.5850357
0.5650279
0.5321685
0.4972376
0.4611163
0.4177610
0.3621171
0.2944365
0.2194456
0.1447133
0.0802073
0.0356961
0.0139619
0.0054198
-0.0075377
-0.0371063
-0.0796799
-0.1196339
-0.1440950
-0.1539162
-0.1604767
-0.1728590
-0.1888366
-0.1977990
-0.1915238
-0.1721035
-0.1503197
-0.1369747
-0.1352365
-0.1399087
-0.1430806
-0.1408926
-0.1360952
-0.1346599
-0.1394153
-0.1464871
-0.1483262
-0.1409608
-0.1284991
-0.1201615
-0.1223436
-0.1329874
-0.1433002
-0.1452037
-0.1379866
-0.1285279
-0.1252593
-0.1315206
-0.1438647
-0.1555476
-0.1609808
-0.1578114
-0.1470296
-0.1327134
-0.1211067
-0.1177958
-0.1240076
-0.1355076
-0.1461095
-0.1529455
-0.1579343
-0.1636686
-0.1688154
-0.1693243
-0.1644347
-0.1594868
-0.1608327
-0.1684081
-0.1752609
-0.1751435
-0.1695052
-0.1661039
-0.1712542
-0.1841871
-0.1983988
-0.2070403
-0.2067395
-0.1981570
-0.1853554
-0.1748849
-0.1728737
-0.1802468
-0.1907208
-0.1955531
-0.1915872
-0.1840714
-0.1807606
-0.1835410
-0.1864209
-0.1815278
-0.1667199
-0.1479207
-0.1350146
-0.1352755
-0.1489447
-0.1691770
-0.1860884
-0.1929405
-0.1908729
-0.1880285
-0.1922053
-0.2027147
-0.2100062
-0.2050413
-0.1896146
-0.1763616
-0.1773315
-0.1921184
-0.2074660
-0.2093343
-0.1967965
-0.1850044
-0.1925018
-0.2198159
-0.2342462
-0.1755218
0.0131650
0.3419567
0.7475394
1.1089176
1.3049566
1.2784429
1.0615799
0.7467388
0.4294409
0.1674331
-0.0228103
-0.1459360
-0.2107227
-0.2280468
-0.2153174
-0.1949546
-0.1855029
-0.1934537
-0.2123641
-0.2290287
-0.2328031
-0.2235720
-0.2129261
-0.2150787
-0.2330181
-0.2536966
-0.2600536
-0.2492909
-0.2372813
-0.2426844
-0.2672820
-0.2940343
-0.3048327
-0.2983271
-0.2889554
-0.2896237
-0.2977079
-0.2986823
-0.2815852
-0.2491059
-0.2133717
-0.1842625
-0.1623134
-0.1406520
-0.1116920
-0.0727812
-0.0280581
0.0137481
0.0445171
0.0623171
0.0737544
0.0906687
0.1222023
0.1672414
0.2135807
0.2460988
0.2584344
0.2582060
0.2604027
0.2740910
0.2943069
0.3070885
0.3036805
0.2904769
0.2841245
0.2954843
0.3181487
0.3333407
0.3262978
0.2977680
0.2603304
0.2251932
0.1933874
0.1587261
0.1174363
0.0739673
0.0379811
0.0167111
0.0101624
0.0121242
0.0143869
0.0108554
0.0004530
-0.0120414
-0.0189277
-0.0156543
-0.0050856
0.0048319
0.0085261
0.0081113
0.0107995
0.0203774
0.0311186
0.0309827
0.0120546
-0.0217011
-0.0573669
-0.0840062
-0.1008623
-0.1153373
-0.1336993
-0.1539038
-0.1670683
-0.1660452
-0.1532582
-0.1402032
-0.1380967
-0.1477650
-0.1587068
-0.1591666
-0.1480470
-0.1366239
-0.1371956
-0.1491611
-0.1572890
-0.1458249
-0.1150683
-0.0827227
-0.0677253
-0.0733043
-0.0865272
-0.0929342
-0.0893868
-0.0831000
-0.0815670
-0.0860096
-0.0933472
-0.1009548
-0.1079306
-0.1140377
-0.1206066
-0.1320917
-0.1527652
-0.1794790
-0.2005594
-0.2065416
-0.2021226
-0.2028139
-0.2168041
-0.2329427
-0.2311615
-0.2048419
-0.1690884
-0.1453970
-0.1416463
-0.1505064
-0.1635747
-0.1763588
-0.1718378
-0.1047196
0.0805788
0.3989308
0.7848979
1.1097789
1.2517025
1.1662534
0.9053326
0.5770757
0.2833617
0.0779490
-0.0376091
-0.0918936
-0.1172421
-0.1335705
-0.1454729
-0.1490032
-0.1417945
-0.1291204
-0.1213929
-0.1260410
-0.1420170
-0.1618825
-0.1783859
-0.1891250
-0.1964496
-0.2041559
-0.2137091
-0.2223435
-0.2247835
-0.2181022
-0.2058483
-0.1968044
-0.1978554
-0.2065924
-0.2114437
-0.2013463
-0.1767829
-0.1501989
-0.1334771
-0.1248343
-0.1097553
-0.0758329
-0.0259584
0.0239526
0.0599615
0.0822456
0.1025750
0.1306910
0.1642094
0.1924716
0.2097163
0.2230026
0.2462884
0.2870296
0.3389354
0.3873228
0.4210913
0.4401738
0.4525816
0.4649276
0.4760317
0.4796409
0.4725568
0.4589230
0.4464368
0.4393853
0.4356352
0.4289962
0.4133122
0.3852674
0.3456600
0.2994058
0.2535982
0.2135451
0.1791926
0.1458473
0.1101324
0.0757603
0.0515272
0.0416091
0.0386076
0.0287240
0.0047145
-0.0276288
-0.0567212
-0.0777741
-0.0968177
-0.1223842
-0.1545745
-0.1836446
-0.1997826
-0.2036269
-0.2061398
-0.2179053
-0.2391177
-0.2600914
-0.2707139
-0.2691945
-0.2627412
-0.2605180
-0.2651131
-0.2697829
-0.2643623
-0.2449382
-0.2180735
-0.1953249
-0.1835334
-0.1801982
-0.1775849
-0.1708961
-0.1626397
-0.1591308
-0.1625745
-0.1670908
-0.1637076
-0.1498211
-0.1332338
-0.1262538
-0.1353895
-0.1560262
-0.1764862
-0.1878508
-0.1911873
-0.1956679
-0.2090067
-0.2292792
-0.2461788
-0.2503151
-0.2415083
-0.2288399
-0.2230734
-0.2281189
-0.2387128
-0.2464249
-0.2483064
-0.2490376
-0.2539314
-0.2608278
-0.2608364
-0.2478881
-0.2268174
-0.2107958
-0.2097308
-0.2206942
-0.2304499
-0.2286470
-0.2185587
-0.2135065
-0.2221200
-0.2381724
-0.2459049
-0.2350834
-0.2105263
-0.1875281
-0.1787171
-0.1854556
-0.2014489
-0.2223642
-0.2466501
-0.2615795
-0.2291981
-0.0958395
0.1694510
0.5335775
0.8935534
1.1219026
1.1375856
0.9518015
0.6541521
0.3517059
0.1103428
-0.0601610
-0.1789459
-0.2602433
-0.3030830
-0.3042876
-0.2734722
-0.2330879
-0.2048697
-0.1967334
-0.2015513
-0.2067817
-0.2051185
-0.1985437
-0.1954561
-0.2040508
-0.2253654
-0.2507727
-0.2678862
-0.2713271
-0.2677472
-0.2690419
-0.2803804
-0.2952697
-0.3021628
-0.2956254
-0.2812253
-0.2694778
-0.2647391
-0.2604679
-0.2461089
-0.2182619
-0.1843058
-0.1556277
-0.1382795
-0.1291469
-0.1188367
-0.0980089
-0.0632281
-0.0186333
0.0280283
0.0716313
0.1125731
0.1543204
0.1984333
0.2414239
0.2765257
0.3000148
0.3164115
0.3355555
0.3626922
0.3923694
0.4139605
0.4228916
0.4249440
0.4295010
0.4394307
0.4472647
0.4404431
0.4109073
0.3613720
0.3035957
0.2505684
0.2085556
0.1735430
0.1340939
0.0809626
0.0184401
-0.0342070
-0.0574770
-0.0504933
-0.0332749
-0.0286389
-0.0432450
-0.0667317
-0.0854606
-0.0931547
-0.0900393
-0.0783226
-0.0629574
-0.0536436
-0.0575794
-0.0654895
-0.0504315
0.0094976
0.1067443
0.2144259
0.3293065
0.4943049
0.7557375
1.0858051
1.3570064
1.4159347
1.2023618
0.8047901
0.3978004
0.1168425
-0.0186052
-0.0765889
-0.1258330
-0.1815179
-0.2212273
-0.2300238
-0.2187029
-0.2072953
-0.2052241
-0.2098506
-0.2158686
-0.2201153
-0.2199160
-0.2131259
-0.2028275
-0.1991117
-0.2105707
-0.2321498
-0.2460807
-0.2398540
-0.2215193
-0.2120092
-0.2222065
-0.2418591
-0.2517599
-0.2431443
-0.2242706
-0.2114612
-0.2151951
-0.2322243
-0.2489938
-0.2531548
-0.2426038
-0.2244793
-0.2077626
-0.1972311
-0.1906777
-0.1789781
-0.1514982
-0.1051600
-0.0475901
0.0099063
0.0603146
0.1014352
0.1335815
0.1602881
0.1875122
0.2179396
0.2483875
0.2758851
0.3035779
0.3372370
0.3775056
0.4172676
0.4447201
0.4494237
0.4302246
0.3983324
0.3674428
0.3389909
0.3014981
0.2452637
0.1731076
0.0973788
0.0327266
-0.0096204
-0.0296283
-0.0413313
-0.0594500
-0.0828747
-0.1000362
-0.1085127
-0.1167411
-0.1274885
-0.1353542
-0.1407005
-0.1443443
-0.1195404
