0.3589752
0.4412793
0.3484337
0.3220417
0.4008887
0.4424652
0.4033032
0.3751096
0.3858849
0.3642213
0.2949571
0.2482712
0.2476584
0.2394592
0.1994284
0.1607675
0.1348102
0.0984432
0.0583105
0.0443721
0.0450712
0.0223006
-0.0184580
-0.0382400
-0.0306661
-0.0181114
-0.0002007
0.0357937
0.0706999
0.0736319
0.0514906
0.0337907
0.0269263
0.0229757
0.0307610
0.0586223
0.0872529
0.0941039
0.0845895
0.0724573
0.0547732
0.0314304
0.0208024
0.0295061
0.0327077
0.0083903
-0.0324997
-0.0683505
-0.0938528
-0.1088282
-0.1062286
-0.0866186
-0.0621985
-0.0373123
-0.0086633
0.0110663
-0.0007303
-0.0397105
-0.0712968
-0.0719706
-0.0507798
-0.0266855
-0.0083060
0.0019191
0.0064136
0.0164844
0.0376827
0.0539324
0.0462843
0.0223738
0.0065811
0.0064623
0.0084916
0.0003484
-0.0210137
-0.0548167
-0.0912334
-0.1094708
-0.0992025
-0.0764246
-0.0636556
-0.0643047
-0.0694142
-0.0765068
-0.0863058
-0.0915736
-0.0832472
-0.0599343
-0.0242317
0.0181442
0.0504042
0.0539765
0.0372043
0.0425549
0.1166209
0.2797274
0.5187901
0.7849967
0.9934523
1.0541790
0.9301075
0.6667678
0.3623352
0.1093412
-0.0481178
-0.1241399
-0.1644440
-0.1984429
-0.2155912
-0.1948213
-0.1470338
-0.1115945
-0.1157936
-0.1542429
-0.2045339
-0.2467090
-0.2692375
-0.2717299
-0.2642659
-0.2558556
-0.2450194
-0.2267625
-0.2023421
-0.1763456
-0.1527763
-0.1398437
-0.1470111
-0.1688577
-0.1831583
-0.1747640
-0.1521162
-0.1321429
-0.1192345
-0.1081036
-0.0979665
-0.0939087
-0.0992555
-0.1120389
-0.1242989
-0.1239369
-0.1049822
-0.0761747
-0.0508266
-0.0300723
-0.0070691
0.0153578
0.0270215
0.0319343
0.0527221
0.1070729
0.1866892
0.2611276
0.2974987
0.2815193
0.2306540
0.1852500
0.1758983
0.1972847
0.2178122
0.2108597
0.1723498
0.1165395
0.0646021
0.0317014
0.0152024
-0.0017301
-0.0291310
-0.0581852
-0.0753044
-0.0806743
-0.0858211
-0.0992363
-0.1209449
-0.1453018
-0.1633867
-0.1683343
-0.1632466
-0.1590437
-0.1621331
-0.1702238
-0.1808493
-0.1950186
-0.2101870
-0.2185333
-0.2156640
-0.2044512
-0.1890109
-0.1718587
-0.1572006
-0.1492510
-0.1466707
-0.1449841
-0.1429153
-0.1392929
-0.1270466
-0.1000671
-0.0639558
-0.0283035
0.0142652
0.0929044
0.2356921
0.4376637
0.6447421
0.7696852
0.7405191
0.5523304
0.2756223
0.0085386
-0.1828262
-0.2860961
-0.3248917
-0.3323392
-0.3335052
-0.3377452
-0.3424502
-0.3445624
-0.3456853
-0.3460630
-0.3408991
-0.3265848
-0.3061271
-0.2863592
-0.2738656
-0.2728213
-0.2798613
-0.2816497
-0.2667171
-0.2416954
-0.2277928
-0.2383905
-0.2661137
-0.2932865
-0.3089687
-0.3146341
-0.3189688
-0.3284247
-0.3388914
-0.3372853
-0.3152985
-0.2797380
-0.2453828
-0.2207270
-0.2047378
-0.1925292
-0.1778917
-0.1546272
-0.1227762
-0.0908037
-0.0651667
-0.0400372
-0.0032151
0.0492183
0.1080475
0.1585420
0.1903638
0.2035006
0.2073977
0.2115924
0.2164921
0.2173168
0.2154185
0.2166807
0.2169006
0.1988702
0.1507649
0.0823802
0.0175477
-0.0274207
-0.0555458
-0.0822615
-0.1178793
-0.1549575
-0.1746958
-0.1693125
-0.1548571
-0.1556645
-0.1780187
-0.2055558
-0.2189868
-0.2134442
-0.1974089
-0.1819796
-0.1724263
-0.1653704
-0.1532301
-0.1338090
-0.1139746
-0.1013867
-0.0955637
-0.0903518
-0.0820372
-0.0718559
-0.0641654
-0.0652649
-0.0795739
-0.1029597
-0.1236573
-0.1335658
-0.1353456
-0.1358520
-0.1373218
-0.1388250
-0.1424591
-0.1535962
-0.1758953
-0.2067492
-0.2354273
-0.2472667
-0.2354622
-0.2094093
-0.1862591
-0.1734686
-0.1644378
-0.1512717
-0.1356780
-0.1255167
-0.1252024
-0.1312911
-0.1347505
-0.1275306
-0.1095167
-0.0880396
-0.0684623
-0.0485248
-0.0256613
-0.0057749
0.0013908
-0.0065036
-0.0233665
-0.0429663
-0.0616100
-0.0710911
-0.0521386
0.0228015
0.1760007
0.4042090
0.6647373
0.8842155
0.9898442
0.9422707
0.7516403
0.4750178
0.1973651
-0.0037448
-0.0956503
-0.1023868
-0.0797025
-0.0758834
-0.1090592
-0.1696779
-0.2365723
-0.2919470
-0.3263507
-0.3347788
-0.3148492
-0.2729752
-0.2273906
-0.1964030
-0.1827500
-0.1747457
-0.1628722
-0.1499964
-0.1448421
-0.1505125
-0.1611664
-0.1673065
-0.1640233
-0.1560298
-0.1536353
-0.1617957
-0.1749714
-0.1848769
-0.1906568
-0.1985597
-0.2137303
-0.2345365
-0.2524540
-0.2561438
-0.2400595
-0.2121008
-0.1887849
-0.1789776
-0.1750341
-0.1628564
-0.1375985
-0.1061273
-0.0764559
-0.0484753
-0.0150568
0.0287098
0.0772852
0.1175136
0.1423338
0.1594642
0.1815558
0.2087192
0.2267005
0.2233389
0.2021260
0.1781972
0.1644841
0.1622514
0.1613475
0.1486895
0.1195303
0.0817029
0.0478526
0.0243783
0.0089710
-0.0037918
-0.0170238
-0.0287678
-0.0308967
-0.0123589
0.0339902
0.1102993
0.2215007
0.3783538
0.5835677
0.8114298
1.0041185
1.0945002
1.0432475
0.8663131
0.6311211
0.4186821
0.2775551
0.2056690
0.1697163
0.1373409
0.0943994
0.0431718
-0.0072002
-0.0494475
-0.0823766
-0.1090457
-0.1325314
-0.1549293
-0.1784043
-0.2033509
-0.2259046
-0.2407255
-0.2462173
-0.2444123
-0.2369313
-0.2246650
-0.2105765
-0.1987216
-0.1901557
-0.1826141
-0.1742775
-0.1659320
-0.1601954
-0.1600471
-0.1659816
-0.1723683
-0.1691562
-0.1505603
-0.1207743
-0.0886318
-0.0582957
-0.0278037
0.0047145
0.0364272
0.0618727
0.0794855
0.0967010
0.1265946
0.1752802
0.2327915
0.2813955
0.3143520
0.3419293
0.3768387
0.4182228
0.4535051
0.4730745
0.4790498
0.4799238
0.4791540
0.4705496
0.4456617
0.4051606
0.3600364
0.3200177
0.2840360
0.2453547
0.2034078
0.1661203
0.1415334
0.1304445
0.1260754
0.1190120
0.1075890
0.1110755
0.1706535
0.3246123
0.5701444
0.8460554
1.0584369
1.1343039
1.0620166
0.8866277
0.6675364
0.4403161
0.2164974
0.0094792
-0.1539229
-0.2518043
-0.2880653
-0.2870332
-0.2701981
-0.2444745
-0.2118071
-0.1822777
-0.1717620
-0.1862818
-0.2122906
-0.2274392
-0.2232332
-0.2140450
-0.2200989
-0.2436498
-0.2667718
-0.2721407
-0.2610937
-0.2500729
-0.2529017
-0.2681427
-0.2816283
-0.2801218
-0.2634289
-0.2432382
-0.2299025
-0.2222155
-0.2113605
-0.1921044
-0.1671402
-0.1422403
-0.1206088
-0.1016074
-0.0825449
-0.0614934
-0.0389399
-0.0155291
0.0118660
0.0486759
0.0952621
0.1433034
0.1819377
0.2065435
0.2204313
0.2294901
0.2361811
0.2372741
0.2268934
0.2033694
0.1729822
0.1446102
0.1208154
0.0972337
0.0710649
0.0464907
0.0296278
0.0200248
0.0092284
-0.0117246
-0.0424236
-0.0700714
-0.0788770
-0.0655810
-0.0445998
-0.0346653
-0.0407180
-0.0514219
-0.0535606
-0.0453937
-0.0353115
-0.0300576
-0.0262423
-0.0139919
0.0105907
0.0377212
0.0518000
0.0479555
0.0375472
0.0348327
0.0404393
0.0408760
0.0235567
-0.0093342
-0.0410140
-0.0535391
-0.0433938
-0.0254144
-0.0197115
-0.0332211
-0.0549965
-0.0697984
-0.0741279
-0.0777340
-0.0908739
-0.1115063
-0.1253173
-0.1195023
-0.0975283
-0.0782983
-0.0780580
-0.0943943
-0.1109967
-0.1165357
-0.1140732
-0.1115501
-0.1082087
-0.0943886
-0.0639734
-0.0245728
0.0062792
0.0162031
0.0094666
0.0023671
0.0071067
0.0219392
0.0369128
0.0454039
0.0478039
0.0471648
0.0452461
0.0422807
0.0381224
0.0335907
0.0314022
0.0343942
0.0416934
0.0481235
0.0487196
0.0428260
0.0336038
0.0267344
0.0330360
0.0720691
0.1688898
0.3397385
0.5717421
0.8118345
0.9814790
1.0163796
0.9047404
0.6933680
0.4577622
0.2615767
0.1327358
0.0641924
0.0310778
0.0110361
-0.0042845
-0.0119412
-0.0087761
0.0008813
0.0071361
0.0028044
-0.0098363
-0.0204886
-0.0207500
-0.0133323
-0.0095279
-0.0166634
-0.0304647
-0.0412083
-0.0446359
-0.0443181
-0.0454623
-0.0496351
-0.0547125
-0.0570508
-0.0534466
-0.0430361
-0.0283633
-0.0141121
-0.0037970
0.0035071
0.0133891
0.0309846
0.0537195
0.0711005
0.0753571
0.0719949
0.0761774
0.0976907
0.1319379
0.1662012
0.1917337
0.2082262
0.2190266
0.2251677
0.2248710
0.2182051
0.2109076
0.2116009
0.2241226
0.2436944
0.2616538
0.2727813
0.2771504
0.2768792
0.2733025
0.2664632
0.2557601
0.2419544
0.2296539
0.2260308
0.2346137
0.2505948
0.2637985
0.2664325
0.2578910
0.2433864
0.2289823
0.2172460
0.2070083
0.1975361
0.1920115
0.1948189
0.2052746
0.2162738
0.2202361
0.2154073
0.2061864
0.1985265
0.1947259
0.1908872
0.1796717
0.1579909
0.1327082
0.1165843
0.1166797
0.1267054
0.1312431
0.1182174
0.0890091
0.0575754
0.0385256
0.0345147
0.0357881
0.0326754
0.0269269
0.0294277
0.0484465
0.0820067
0.1201564
0.1519305
0.1707309
0.1762650
0.1732401
0.1678118
0.1641693
0.1631610
0.1628142
0.1601431
0.1535392
0.1434531
0.1301021
0.1119699
0.0891794
0.0675723
0.0551804
0.0525831
0.0494472
0.0337832
0.0045931
-0.0260728
-0.0439030
-0.0450578
-0.0386231
-0.0366712
-0.0421025
-0.0472229
-0.0443777
-0.0356454
-0.0298867
-0.0315867
-0.0355320
-0.0326982
-0.0193753
-0.0000348
0.0173320
0.0279718
0.0330427
0.0361838
0.0384845
0.0384445
0.0364477
0.0357917
0.0371061
0.0348994
0.0255938
0.0220701
0.0580285
0.1710768
0.3716625
0.6203762
0.8356809
0.9340028
0.8769942
0.6916927
0.4501312
0.2266197
0.0637839
-0.0345521
-0.0875178
-0.1156830
-0.1299989
-0.1345471
-0.1333145
-0.1310141
-0.1295528
-0.1280840
-0.1271101
-0.1291923
-0.1339693
-0.1351546
-0.1259924
-0.1083267
-0.0941624
-0.0955340
-0.1116006
-0.1272670
-0.1272410
-0.1116130
-0.0949217
-0.0891309
-0.0909628
-0.0886614
-0.0784359
-0.0694070
-0.0718500
-0.0842113
-0.0941862
-0.0915891
-0.0781041
-0.0637615
-0.0550096
-0.0481012
-0.0346374
-0.0115771
0.0162779
0.0425351
0.0651209
0.0860434
0.1080848
0.1324845
0.1574019
0.1773592
0.1865007
0.1849242
0.1812158
0.1864045
0.2040299
0.2261270
0.2395992
0.2373235
0.2231720
0.2057576
0.1881319
0.1660659
0.1369992
0.1071231
0.0858275
0.0740003
0.0618030
0.0397074
0.0098594
-0.0154664
-0.0265573
-0.0262660
-0.0266538
-0.0358611
-0.0494274
-0.0554885
-0.0475176
-0.0302017
-0.0136177
-0.0046033
-0.0041628
-0.0094490
-0.0152694
-0.0157175
-0.0084545
0.0018696
0.0073053
0.0060052
0.0070727
0.0233594
0.0586551
0.1057231
0.1624806
0.2497343
0.4027268
0.6319801
0.8878881
1.0716070
1.0944480
0.9388787
0.6694427
0.3865053
0.1640423
0.0200734
-0.0665901
-0.1201897
-0.1485734
-0.1510615
-0.1347689
-0.1173950
-0.1148817
-0.1291279
-0.1481628
-0.1576324
-0.1531701
-0.1433214
-0.1405127
-0.1484512
-0.1586973
-0.1601150
-0.1508278
-0.1397045
-0.1363905
-0.1411048
-0.1449060
-0.1399751
-0.1292341
-0.1247627
-0.1355819
-0.1571591
-0.1741621
-0.1741290
-0.1583238
-0.1396562
-0.1304830
-0.1313734
-0.1301896
-0.1127092
-0.0764073
-0.0345145
-0.0048859
0.0065463
0.0111591
0.0262023
0.0580461
0.0965311
0.1254667
0.1388588
0.1470875
0.1667123
0.2037320
0.2470778
0.2786035
0.2887588
0.2824064
0.2707500
0.2588450
0.2406206
0.2055027
0.1506531
0.0875908
0.0359972
0.0091082
0.0036492
0.0032121
-0.0085294
-0.0362078
-0.0713639
-0.1011905
-0.1196933
-0.1315677
-0.1454025
-0.1635711
-0.1800902
-0.1888146
-0.1922557
-0.2004605
-0.2205558
-0.2478844
-0.2684261
-0.2709825
-0.2573192
-0.2398576
-0.2294922
-0.2268757
-0.2258572
-0.2231143
-0.2219209
-0.2270129
-0.2382256
-0.2500267
-0.2562437
-0.2550195
-0.2503995
-0.2495242
-0.2566568
-0.2679570
-0.2719733
-0.2574918
-0.2239464
-0.1853806
-0.1622730
-0.1662052
-0.1910351
-0.2195713
-0.2389875
-0.2491279
-0.2569620
-0.2661914
-0.2739737
-0.2758480
-0.2711958
-0.2640121
-0.2602762
-0.2649072
-0.2791937
-0.2990635
-0.3161009
-0.3227838
-0.3190289
-0.3132094
-0.3143501
-0.3224318
-0.3283596
-0.3249931
-0.3161724
-0.3118676
-0.3152562
-0.3186621
-0.3140023
-0.3040362
-0.2989995
-0.3017770
-0.3002619
-0.2783052
-0.2344977
-0.1870844
-0.1577351
-0.1511036
-0.1525026
-0.1455602
-0.1298072
-0.1200487
-0.1299067
-0.1555551
-0.1712390
-0.1378504
-0.0215095
0.1831630
0.4368301
0.6617014
0.7750050
0.7325367
0.5521900
0.2997804
0.0493778
-0.1504670
-0.2839365
-0.3554986
-0.3781684
-0.3709138
-0.3566805
-0.3532529
-0.3632317
-0.3751169
-0.3765435
-0.3670137
-0.3574438
-0.3575155
-0.3645183
-0.3656865
-0.3515291
-0.3258332
-0.3018896
-0.2895256
-0.2867776
-0.2840784
-0.2754093
-0.2642754
-0.2584258
-0.2594851
-0.2597998
-0.2514139
-0.2375912
-0.2323199
-0.2458927
-0.2716663
-0.2896153
-0.2842989
-0.2588060
-0.2304602
-0.2134772
-0.2068784
-0.1991505
-0.1826135
-0.1608695
-0.1423141
-0.1294681
-0.1175393
-0.1027027
-0.0884002
-0.0814704
-0.0830081
-0.0846795
-0.0744385
-0.0459575
-0.0036437
0.0400758
0.0724579
0.0876176
0.0887353
0.0841461
0.0799606
0.0747846
0.0616719
0.0365743
0.0049788
-0.0215244
-0.0362079
-0.0432221
-0.0510731
-0.0616309
-0.0691112
-0.0708026
-0.0749626
-0.0931991
-0.1243679
-0.1504118
-0.1528259
-0.1330922
-0.1125363
-0.1095848
-0.1202813
-0.1255388
-0.1160633
-0.1032699
-0.1020945
-0.1081195
-0.0991849
-0.0590912
0.0096070
0.1029486
0.2386955
0.4447087
0.7112783
0.9585600
1.0689745
0.9704443
0.6971880
0.3692765
0.1083983
-0.0354668
-0.0905897
-0.1146849
-0.1449851
-0.1850571
-0.2222353
-0.2473932
-0.2607217
-0.2675897
-0.2737610
-0.2823797
-0.2918058
-0.2964918
-0.2926422
-0.2834827
-0.2765698
-0.2746843
-0.2716538
-0.2599595
-0.2418613
-0.2295601
-0.2321049
-0.2432983
-0.2454312
-0.2266146
-0.1938235
-0.1673136
-0.1614526
-0.1713662
-0.1786227
-0.1693223
-0.1459186
-0.1220248
-0.1074841
-0.0996352
-0.0883619
-0.0677184
-0.0412906
-0.0165566
0.0043469
0.0268552
0.0570889
0.0938948
0.1285768
0.1524956
0.1649275
0.1741272
0.1910989
0.2211191
0.2590230
0.2915423
0.3054813
0.2962228
0.2700160
0.2378742
0.2062519
0.1731621
0.1334050
0.0870591
0.0415463
0.0047315
-0.0227785
-0.0466188
-0.0699186
-0.0877934
-0.0928386
-0.0861044
-0.0803883
-0.0901768
-0.1172650
-0.1468466
-0.1592058
-0.1468078
-0.1209839
-0.1020541
-0.1021498
-0.1164096
-0.1297905
-0.1318417
-0.1248062
-0.1179561
-0.1154735
-0.1116036
-0.0983001
-0.0762726
-0.0563801
-0.0495292
-0.0566380
-0.0698367
-0.0824329
-0.0950353
-0.1109520
-0.1280508
-0.1387772
-0.1392318
-0.1358106
-0.1398711
-0.1552994
-0.1731429
-0.1800793
-0.1719405
-0.1578424
-0.1508162
-0.1551048
-0.1630173
-0.1636104
-0.1536229
-0.1399174
-0.1320442
-0.1331679
-0.1382678
-0.1405559
-0.1388184
-0.1378558
-0.1416904
-0.1472266
-0.1460959
-0.1336264
-0.1151111
-0.1011806
-0.0959326
-0.0909412
-0.0735071
-0.0420124
-0.0118064
-0.0033560
-0.0229677
-0.0554844
-0.0772883
-0.0774026
-0.0659519
-0.0620586
-0.0741278
-0.0925854
-0.1015095
-0.0960619
-0.0873286
-0.0897977
-0.1048594
-0.1180726
-0.1139577
-0.0933782
-0.0745387
-0.0749879
-0.0930026
-0.1092706
-0.1085006
-0.0966794
-0.0907798
-0.0870257
-0.0424586
0.1010139
0.3614263
0.6787630
0.9352764
1.0255381
0.9221446
0.6861892
0.4196253
0.2026615
0.0627955
-0.0131121
-0.0482616
-0.0571132
-0.0471411
-0.0280093
-0.0130479
-0.0118296
-0.0239027
-0.0412934
-0.0569955
-0.0706415
-0.0860845
-0.1040617
-0.1182560
-0.1200051
-0.1079009
-0.0922637
-0.0884011
-0.1038569
-0.1317297
-0.1566305
-0.1673398
-0.1638627
-0.1529972
-0.1388110
-0.1192891
-0.0923566
-0.0626611
-0.0392236
-0.0255812
-0.0143782
0.0058622
0.0382922
0.0732172
0.0966352
0.1030021
0.0994436
0.0981562
0.1057210
0.1199259
0.1354549
0.1504010
0.1663424
0.1835353
0.1982826
0.2057719
0.2047512
0.1989378
0.1942158
0.1945083
0.1994791
0.2053894
0.2084369
0.2082409
0.2085019
0.2133238
0.2211965
0.2221097
0.2028435
0.1587681
0.1019327
0.0551952
0.0347249
0.0367190
0.0420005
0.0342641
0.0135442
-0.0077316
-0.0195988
-0.0230406
-0.0240009
-0.0225938
-0.0124497
0.0084662
0.0300056
0.0369925
0.0247845
0.0051473
-0.0049599
0.0006537
0.0136769
0.0219696
0.0214853
0.0173541
0.0156114
0.0165047
0.0162721
0.0133203
0.0102115
0.0094694
0.0097389
0.0079734
0.0045874
0.0040457
0.0091711
0.0156948
0.0139053
-0.0032914
-0.0335010
-0.0661436
-0.0911816
-0.1067450
-0.1178016
-0.1279140
-0.1344143
-0.1330519
-0.1256421
-0.1196547
-0.1190040
-0.1180017
-0.1085218
-0.0938825
-0.0905706
-0.1083146
-0.1248991
-0.0866464
0.0535075
0.2877230
0.5404007
0.7092325
0.7299770
0.6131399
0.4266688
0.2450157
0.1080244
0.0162640
-0.0461207
-0.0896229
-0.1164779
-0.1301655
-0.1402187
-0.1559624
-0.1779280
-0.1975485
-0.2055148
-0.2003339
-0.1893253
-0.1818631
-0.1816314
-0.1850000
-0.1861413
-0.1829370
-0.1780795
-0.1755468
-0.1763869
-0.1768360
-0.1698643
-0.1500008
-0.1187682
-0.0856655
-0.0621246
-0.0525886
-0.0504688
-0.0428841
-0.0206190
0.0147025
0.0522542
0.0812367
0.0996079
0.1146771
0.1359638
0.1676508
0.2066202
0.2458238
0.2791713
0.3046594
0.3241275
0.3401420
0.3530465
0.3612332
0.3640045
0.3634687
0.3635011
0.3670697
0.3740335
0.3805632
0.3806650
0.3691962
0.3442108
0.3069677
0.2605116
0.2087157
0.1559979
0.1068741
0.0652814
0.0338212
0.0125907
-0.0016423
-0.0139407
-0.0275407
-0.0415537
-0.0525387
-0.0579728
-0.0581390
-0.0556623
-0.0538810
-0.0546671
-0.0564167
-0.0542630
-0.0437496
-0.0257718
-0.0083212
-0.0021391
-0.0121832
-0.0318970
-0.0472295
-0.0487972
-0.0404936
-0.0345959
-0.0380173
-0.0448970
-0.0436044
-0.0300792
-0.0132859
-0.0076827
-0.0203961
-0.0449082
-0.0664635
-0.0738863
-0.0674174
-0.0567754
-0.0524812
-0.0576804
-0.0657089
-0.0650194
-0.0490337
-0.0232859
-0.0016344
0.0067197
0.0057998
0.0064940
0.0128099
0.0195332
0.0279800
0.0626292
0.1635460
0.3508331
0.5898562
0.7949263
0.8783786
0.8076899
0.6223251
0.3991045
0.2012874
0.0539122
-0.0457115
-0.1064623
-0.1348816
-0.1401005
-0.1367170
-0.1372858
-0.1432276
-0.1470777
-0.1446192
-0.1416706
-0.1465960
-0.1585430
-0.1672189
-0.1646968
-0.1543482
-0.1463858
-0.1460508
-0.1479862
-0.1421516
-0.1242466
-0.0998192
-0.0784696
-0.0649538
-0.0565160
-0.0477265
-0.0357801
-0.0210358
-0.0050470
0.0102477
0.0231799
0.0347001
0.0497457
0.0739724
0.1077668
0.1436859
0.1707192
0.1825512
0.1831312
0.1841496
0.1956168
0.2179432
0.2432467
0.2639901
0.2795797
0.2951308
0.3153333
0.3395767
0.3616552
0.3739512
0.3732093
0.3628134
0.3486999
0.3328393
0.3114939
0.2801571
0.2398189
0.1983456
0.1655856
0.1460232
0.1353499
0.1248771
0.1100075
0.0935839
0.0803810
0.0699710
0.0569519
0.0376528
0.0147006
-0.0054779
-0.0187642
-0.0266361
-0.0338045
-0.0429973
-0.0526342
-0.0599563
-0.0652275
-0.0710539
-0.0781353
-0.0843842
-0.0889686
-0.0945417
-0.1032227
-0.1116216
-0.1126128
-0.1031354
-0.0893589
-0.0824129
-0.0874107
-0.0967052
-0.0962042
-0.0800860
-0.0577621
-0.0437073
-0.0410302
-0.0382576
-0.0233597
0.0013668
0.0203547
0.0201393
0.0024145
-0.0184253
-0.0298553
-0.0319843
-0.0334692
-0.0392083
-0.0458938
-0.0498397
-0.0541573
-0.0639471
-0.0764370
-0.0811423
-0.0714791
-0.0533688
-0.0397602
-0.0375509
-0.0428641
-0.0502149
-0.0620832
-0.0812674
-0.0892960
-0.0387995
0.1182268
0.3828440
0.6872843
0.9250848
1.0116263
0.9278320
0.7192985
0.4615767
0.2222155
0.0410341
-0.0708707
-0.1239646
-0.1411203
-0.1457840
-0.1502125
-0.1531406
-0.1501228
-0.1447593
-0.1469272
-0.1606758
-0.1776865
-0.1846780
-0.1762401
-0.1594326
-0.1461713
-0.1414059
-0.1387168
-0.1278552
-0.1065873
-0.0841920
-0.0730232
-0.0775225
-0.0912313
-0.1024599
-0.1023212
-0.0899881
-0.0726960
-0.0598468
-0.0549539
-0.0526944
-0.0441096
-0.0246918
0.0020047
0.0275199
0.0455030
0.0572340
0.0703772
0.0908405
0.1157654
0.1360721
0.1461850
0.1500280
0.1575068
0.1763102
0.2064795
0.2406152
0.2688250
0.2853437
0.2917454
0.2937310
0.2950235
0.2947071
0.2895365
0.2776183
0.2600762
0.2395979
0.2166666
0.1872989
0.1467153
0.0966417
0.0472164
0.0096464
-0.0124368
-0.0236687
-0.0309997
-0.0386946
-0.0471133
-0.0530481
-0.0510846
-0.0373697
-0.0141759
0.0095553
0.0246953
0.0322606
0.0482624
0.0950908
0.1846443
0.3112873
0.4643193
0.6435087
0.8519295
1.0673906
1.2268550
1.2528913
1.1084296
0.8324911
0.5218570
0.2707133
0.1175212
0.0401955
-0.0053690
-0.0456990
-0.0822138
-0.1089165
-0.1266736
-0.1411615
-0.1553242
-0.1686224
-0.1813113
-0.1956354
-0.2121018
-0.2263157
-0.2317866
-0.2271815
-0.2196098
-0.2181309
-0.2238109
-0.2288340
-0.2263785
-0.2187505
-0.2139075
-0.2156542
-0.2191059
-0.2150088
-0.1977808
-0.1708186
-0.1449405
-0.1299832
-0.1258804
-0.1216275
-0.1034736
-0.0653193
-0.0139298
0.0340386
0.0627708
0.0702067
0.0716736
0.0874638
0.1241246
0.1682073
0.1989839
0.2071973
0.2022918
0.2027568
0.2192073
0.2457919
0.2678392
0.2769924
0.2764189
0.2710441
0.2573269
0.2271082
0.1802798
0.1293849
0.0902287
0.0689160
0.0578328
0.0431980
0.0171406
-0.0158820
-0.0435149
-0.0559196
-0.0524771
-0.0411032
-0.0336708
-0.0400116
-0.0610017
-0.0860184
-0.1011074
-0.1022866
-0.0987817
-0.1015807
-0.1113589
-0.1202907
-0.1241755
-0.1291068
-0.1443971
-0.1698978
-0.1932088
-0.2023883
-0.2009828
-0.2061035
-0.2290207
-0.2609623
-0.2821289
-0.2828589
-0.2715538
-0.2628079
-0.2628440
-0.2674850
-0.2695230
-0.2642412
-0.2493504
-0.2241815
-0.1924233
-0.1652387
-0.1568765
-0.1719655
-0.1974310
-0.2122021
-0.2075594
-0.1952347
-0.1937785
-0.2099626
-0.2354714
-0.2579800
-0.2710587
-0.2746416
-0.2708089
-0.2618957
-0.2521118
-0.2486809
-0.2582341
-0.2800270
-0.3039941
-0.3181109
-0.3178859
-0.3079393
-0.2965612
-0.2913443
-0.2973932
-0.3140645
-0.3326646
-0.3418865
-0.3380969
-0.3284482
-0.3224194
-0.3215575
-0.3187146
-0.3070699
-0.2892311
-0.2760749
-0.2746386
-0.2779340
-0.2710430
-0.2493735
-0.2270816
-0.2232093
-0.2407192
-0.2627231
-0.2695155
-0.2573339
-0.2402126
-0.2345334
-0.2425317
-0.2523498
-0.2546975
-0.2540735
-0.2544240
-0.2317495
-0.1319975
0.0873868
0.4032475
0.7137444
0.8894988
0.8555499
0.6402149
0.3503919
0.0944424
-0.0808387
-0.1906155
-0.2656944
-0.3157892
-0.3341186
-0.3233069
-0.3051440
-0.3035986
-0.3224648
-0.3431865
-0.3456870
-0.3297532
-0.3132925
-0.3104826
-0.3169761
-0.3191903
-0.3132133
-0.3087362
-0.3156821
-0.3321640
-0.3468437
-0.3507233
-0.3456428
-0.3418245
-0.3469064
-0.3576252
-0.3637775
-0.3600195
-0.3509613
-0.3440859
-0.3406686
-0.3349900
-0.3202009
-0.2942014
-0.2623385
-0.2349799
-0.2193039
-0.2119225
-0.2017663
-0.1814343
-0.1541415
-0.1292451
-0.1128319
-0.1027211
-0.0908964
-0.0713434
-0.0474236
-0.0302655
-0.0268729
-0.0304606
-0.0256649
-0.0035453
0.0303106
0.0615495
0.0785736
0.0793449
0.0694896
0.0542502
0.0326438
0.0019299
-0.0322182
-0.0555573
-0.0597254
-0.0539642
-0.0571292
-0.0779299
-0.1064153
-0.1257306
-0.1302138
-0.1300355
-0.1368993
-0.1458225
-0.1352261
-0.0886463
-0.0126361
0.0738410
0.1653426
0.2722483
0.3884897
0.4633371
0.4206100
0.2189296
-0.1006934
-0.4278373
-0.6514090
-0.7284279
-0.6958594
-0.6218901
-0.5492595
-0.4818860
-0.4119450
-0.3449179
-0.2962517
-0.2726150
-0.2634003
-0.2506744
-0.2262094
-0.1988033
-0.1842254
-0.1878255
-0.1993176
-0.2055539
-0.2047997
-0.2053854
-0.2127114
-0.2211449
-0.2183647
-0.1965866
-0.1610804
-0.1280039
-0.1106390
-0.1062472
-0.0991802
-0.0778305
-0.0450002
-0.0104681
0.0219803
0.0567411
0.0983795
0.1450127
0.1897097
0.2277875
0.2628495
0.3039113
0.3546228
0.4077989
0.4544698
0.4962731
0.5432876
0.5995707
0.6559895
0.6989267
0.7228897
0.7334505
0.7398573
0.7450622
0.7417830
0.7194340
0.6761656
0.6218229
0.5672753
0.5139479
0.4566889
0.3937227
0.3296588
0.2704420
0.2189657
0.1748401
0.1362170
0.1027263
0.0773073
0.0627504
0.0558541
0.0486283
0.0366698
0.0227221
0.0105501
-0.0003763
-0.0114578
-0.0197293
-0.0195067
-0.0084919
0.0085560
0.0212576
0.0201694
0.0051911
-0.0133105
-0.0251879
-0.0313830
-0.0404856
-0.0560933
-0.0728475
-0.0848004
-0.0924917
-0.1004247
-0.1109850
-0.1221361
-0.1297275
-0.1326710
-0.1365941
-0.1491954
-0.1693477
-0.1842805
-0.1818629
-0.1638082
-0.1432165
-0.1308221
-0.1266188
-0.1230360
-0.1134207
-0.0987333
-0.0872571
-0.0852824
-0.0874214
-0.0804561
-0.0588964
-0.0327430
-0.0172035
-0.0177894
-0.0274503
-0.0351580
-0.0354429
-0.0321992
-0.0343312
-0.0455088
-0.0588260
-0.0649775
-0.0644488
-0.0664774
-0.0760844
-0.0874206
-0.0908716
-0.0826262
-0.0668123
-0.0519906
-0.0453121
-0.0451466
-0.0367566
0.0040781
0.1018380
0.2698270
0.4953711
0.7284715
0.8931600
0.9269386
0.8201551
0.6204131
0.4002397
0.2171723
0.0929064
0.0178434
-0.0283937
-0.0583632
-0.0748733
-0.0815243
-0.0872382
-0.0984951
-0.1129271
-0.1236984
-0.1262870
-0.1194711
-0.1049430
-0.0886037
-0.0776607
-0.0735629
-0.0710683
-0.0658481
-0.0596242
-0.0568106
-0.0592851
-0.0646121
-0.0663467
-0.0574603
-0.0378967
-0.0174692
-0.0063319
-0.0035557
0.0001028
0.0093975
0.0196125
0.0234583
0.0185881
0.0095111
0.0057798
0.0159115
0.0385541
0.0614674
0.0732292
0.0742905
0.0738272
0.0788544
0.0894978
0.1014462
0.1098147
0.1139359
0.1207343
0.1390315
0.1678954
0.1953052
0.2111967
0.2173241
0.2217940
0.2288584
0.2369831
0.2424346
0.2418128
0.2343889
0.2235673
0.2130811
0.2019950
0.1873639
0.1704843
0.1552419
0.1416160
0.1267453
0.1109972
0.0964247
0.0807000
0.0604113
0.0404886
0.0326438
0.0418706
0.0588981
0.0682144
0.0626830
0.0515609
0.0546748
0.0853003
0.1395523
0.2108944
0.3156990
0.4877175
0.7304642
0.9782957
1.1213645
1.0819197
0.8734006
0.5913726
0.3467877
0.1965037
0.1243814
0.0812779
0.0380158
-0.0015091
-0.0271014
-0.0436860
-0.0625400
-0.0845150
-0.1009287
-0.1060055
-0.1031741
-0.1020434
-0.1108010
-0.1278451
-0.1409904
-0.1396147
-0.1267464
-0.1141701
-0.1077080
-0.1035962
-0.0972550
-0.0886454
-0.0804035
-0.0768003
-0.0821709
-0.0938779
-0.0993270
-0.0867660
-0.0577457
-0.0244969
0.0018477
0.0167463
0.0220148
0.0263228
0.0410290
0.0691361
0.1018446
0.1302860
0.1558663
0.1850737
0.2196172
0.2557412
0.2880136
0.3109953
0.3235229
0.3339113
0.3537486
0.3835276
0.4110632
0.4262296
0.4302595
0.4290140
0.4247738
0.4164686
0.4009126
0.3727368
0.3298733
0.2791658
0.2298920
0.1830578
0.1344762
0.0863543
0.0473974
0.0227091
0.0107654
0.0077577
0.0076554
0.0017483
-0.0134911
-0.0310441
-0.0429769
-0.0514528
-0.0631666
-0.0775593
-0.0879898
-0.0905981
-0.0861130
-0.0776905
-0.0716442
-0.0738799
-0.0809852
-0.0821968
-0.0746082
-0.0680884
-0.0704816
-0.0767780
-0.0780265
-0.0726504
-0.0644717
-0.0576443
-0.0570384
-0.0653653
-0.0772373
-0.0842391
-0.0871340
-0.0942811
-0.1078350
-0.1211828
-0.1297082
-0.1340231
-0.1335483
-0.1276360
-0.1220819
-0.1239044
-0.1306942
-0.1347679
-0.1356746
-0.1393187
-0.1479971
-0.1601149
-0.1748238
-0.1878029
-0.1887354
-0.1732939
-0.1519116
-0.1370728
-0.1278300
-0.1153013
-0.0965285
-0.0753431
-0.0575906
-0.0515099
-0.0607450
-0.0668288
-0.0282077
0.0918068
0.2971932
0.5556312
0.8075667
0.9785551
1.0071391
0.8806216
0.6423565
0.3617069
0.1014239
-0.0957935
-0.2142705
-0.2686286
-0.2877781
-0.2901979
-0.2815478
-0.2701224
-0.2671282
-0.2724180
-0.2755403
-0.2705479
-0.2573232
-0.2333514
-0.1996713
-0.1702465
-0.1594463
-0.1638443
-0.1696449
-0.1719602
-0.1740985
-0.1764443
-0.1793958
-0.1877697
-0.1994581
-0.2007566
-0.1855377
-0.1669038
-0.1580798
-0.1556833
-0.1531163
-0.1540027
-0.1593657
-0.1575663
-0.1403551
-0.1153289
-0.0931328
-0.0769147
-0.0697836
-0.0739055
-0.0769317
-0.0599037
-0.0239116
0.0112110
0.0366881
0.0606942
0.0846211
0.0999848
0.1104993
0.1301620
0.1565633
0.1709472
0.1660291
0.1511233
0.1323552
0.1100870
0.0892656
0.0697302
0.0375399
-0.0099414
-0.0465105
-0.0531302
-0.0541802
-0.0861832
-0.1459575
-0.2000716
-0.2294080
-0.2364937
-0.2283937
-0.2195138
-0.2290392
-0.2501518
-0.2474844
-0.2079251
-0.1625832
-0.1368879
-0.1173888
-0.0913794
-0.0758619
-0.0807673
-0.0877573
-0.0901222
-0.1062257
-0.1316927
-0.1317290
-0.1020404
-0.0801570
-0.0788419
-0.0720810
-0.0607161
-0.0783803
-0.1195982
-0.1434762
-0.1574433
-0.2037565
-0.2581652
-0.2539799
-0.2136198
-0.2255433
-0.2801848
-0.2837597
-0.2536367
-0.3078182
-0.4061574
-0.3206918
0.0200599
