-0.2584731
-0.4820116
-0.2201137
-0.1088814
-0.2600666
-0.3124077
-0.1751520
-0.1167586
-0.2214978
-0.2840604
-0.2288906
-0.2085525
-0.2754690
-0.3068372
-0.2688564
-0.2616005
-0.2962940
-0.2805522
-0.2188112
-0.2055193
-0.2363469
-0.2246480
-0.1781311
-0.1776216
-0.2132733
-0.2071396
-0.1616265
-0.1377981
-0.1298426
-0.0952632
-0.0604555
-0.0730133
-0.1006617
-0.0873712
-0.0537108
-0.0434936
-0.0334396
0.0124909
0.0631670
0.0786092
0.0844523
0.1146723
0.1451037
0.1485453
0.1497942
0.1698527
0.1829804
0.1771780
0.1879131
0.2299545
0.2654939
0.2753895
0.2917523
0.3295312
0.3556608
0.3524967
0.3455079
0.3485408
0.3457189
0.3392537
0.3504352
0.3661975
0.3486552
0.3009127
0.2621290
0.2394804
0.2055981
0.1581742
0.1232114
0.1057236
0.0903448
0.0791257
0.0796950
0.0737731
0.0447552
0.0141065
0.0046317
-0.0053802
-0.0449077
-0.0951430
-0.1176846
-0.1122776
-0.1058630
-0.1097085
-0.1219838
-0.1453215
-0.1723626
-0.1832516
-0.1802327
-0.1900787
-0.2133756
-0.2129859
-0.1739576
-0.1323693
-0.1221783
-0.1331276
-0.1415968
-0.1451642
-0.1481745
-0.1471777
-0.1443713
-0.1452278
-0.1381865
-0.1090963
-0.0744818
-0.0643301
-0.0752847
-0.0787167
-0.0700649
-0.0705875
-0.0846611
-0.0941035
-0.0916681
-0.0861558
-0.0801783
-0.0733775
-0.0776781
-0.0999311
-0.1218229
-0.1245175
-0.1182357
-0.1218329
-0.1313525
-0.1341690
-0.1345504
-0.1405517
-0.1454439
-0.1442276
-0.1475064
-0.1594175
-0.1644392
-0.1535350
-0.1393473
-0.1304333
-0.1170895
-0.0973059
-0.0875110
-0.0879801
-0.0588436
0.0541589
0.2816705
0.6118272
0.9780298
1.2662198
1.3740158
1.2815315
1.0506154
0.7597583
0.4634836
0.2026571
0.0101842
-0.1061391
-0.1635384
-0.1824364
-0.1792565
-0.1715945
-0.1680610
-0.1600140
-0.1423583
-0.1307666
-0.1385327
-0.1516076
-0.1495525
-0.1372333
-0.1330733
-0.1390522
-0.1436116
-0.1420713
-0.1360391
-0.1254289
-0.1159698
-0.1198997
-0.1364646
-0.1482270
-0.1475838
-0.1483686
-0.1610350
-0.1759925
-0.1810533
-0.1757875
-0.1610591
-0.1352318
-0.1076838
-0.0947374
-0.0951103
-0.0889399
-0.0661687
-0.0374721
-0.0148106
0.0006716
0.0121175
0.0273318
0.0626775
0.1258840
0.1975550
0.2496786
0.2795988
0.3079464
0.3487363
0.3994722
0.4534452
0.5031884
0.5389084
0.5609239
0.5862532
0.6275237
0.6739463
0.7062604
0.7193591
0.7178645
0.7029681
0.6769106
0.6470142
0.6128866
0.5632447
0.4963274
0.4288737
0.3743576
0.3263905
0.2724263
0.2098520
0.1422441
0.0752893
0.0217616
-0.0061792
-0.0154527
-0.0278059
-0.0533884
-0.0825415
-0.1039092
-0.1146825
-0.1140330
-0.1041832
-0.0976086
-0.1060835
-0.1231245
-0.1325699
-0.1317844
-0.1312829
-0.1360817
-0.1434310
-0.1540154
-0.1690874
-0.1806019
-0.1789158
-0.1667811
-0.1548362
-0.1493505
-0.1528769
-0.1664481
-0.1814071
-0.1815941
-0.1650739
-0.1516291
-0.1573462
-0.1733064
-0.1797205
-0.1695708
-0.1492787
-0.1282815
-0.1166030
-0.1207773
-0.1342586
-0.1424237
-0.1419422
-0.1438389
-0.1547867
-0.1685174
-0.1777957
-0.1811013
-0.1761262
-0.1611646
-0.1444625
-0.1383600
-0.1429934
-0.1477721
-0.1475764
-0.1455914
-0.1439900
-0.1449527
-0.1556173
-0.1768386
-0.1914606
-0.1797030
-0.1445993
-0.1098847
-0.0953016
-0.1033856
-0.1244781
-0.1440947
-0.1511439
-0.1485272
-0.1503441
-0.1627069
-0.1760079
-0.1810555
-0.1803549
-0.1767576
-0.1652198
-0.1454512
-0.1300804
-0.1296280
-0.1388334
-0.1459554
-0.1468787
-0.1443773
-0.1425738
-0.1461238
-0.1554874
-0.1609799
-0.1522413
-0.1353760
-0.1299502
-0.1466192
-0.1735701
-0.1786875
-0.1139344
0.0701289
0.3850014
0.7686503
1.1022027
1.2746722
1.2399293
1.0288515
0.7237395
0.4146396
0.1584698
-0.0318343
-0.1630080
-0.2373784
-0.2580320
-0.2431135
-0.2188476
-0.2015875
-0.1943475
-0.1937042
-0.1919526
-0.1803579
-0.1592138
-0.1393680
-0.1291749
-0.1275615
-0.1324821
-0.1445937
-0.1582446
-0.1617059
-0.1532842
-0.1464853
-0.1523857
-0.1655390
-0.1724463
-0.1664261
-0.1512143
-0.1371851
-0.1346279
-0.1428137
-0.1468409
-0.1341660
-0.1118849
-0.0977572
-0.0971913
-0.0997717
-0.0948280
-0.0785647
-0.0493852
-0.0097005
0.0282532
0.0499645
0.0533868
0.0500760
0.0539772
0.0733840
0.1071100
0.1419009
0.1613807
0.1660331
0.1778279
0.2172005
0.2811688
0.3496335
0.4051638
0.4406216
0.4570582
0.4634706
0.4731996
0.4935419
0.5214614
0.5499808
0.5720362
0.5792433
0.5681884
0.5494932
0.5391803
0.5379781
0.5290419
0.4984736
0.4487773
0.3908592
0.3327908
0.2782796
0.2270632
0.1747308
0.1189270
0.0655793
0.0228985
-0.0084059
-0.0326356
-0.0512659
-0.0651708
-0.0795367
-0.0976862
-0.1143943
-0.1239788
-0.1309005
-0.1442113
-0.1652493
-0.1874481
-0.2036997
-0.2083461
-0.1983303
-0.1790739
-0.1635522
-0.1594832
-0.1622352
-0.1638812
-0.1624425
-0.1590859
-0.1546846
-0.1532866
-0.1604466
-0.1731170
-0.1782988
-0.1662875
-0.1403848
-0.1124614
-0.0949762
-0.0961068
-0.1133764
-0.1314303
-0.1350041
-0.1253280
-0.1166109
-0.1172747
-0.1228069
-0.1258749
-0.1245702
-0.1208201
-0.1181276
-0.1203340
-0.1268047
-0.1312639
-0.1307935
-0.1315125
-0.1389339
-0.1480106
-0.1504269
-0.1470389
-0.1451091
-0.1468466
-0.1477405
-0.1434164
-0.1332758
-0.1211628
-0.1158619
-0.1252398
-0.1459620
-0.1646803
-0.1726805
-0.1734974
-0.1741717
-0.1766266
-0.1799643
-0.1828214
-0.1804482
-0.1680021
-0.1506888
-0.1432381
-0.1550160
-0.1803740
-0.2052050
-0.2182671
-0.2169638
-0.2087618
-0.2064843
-0.2155223
-0.2261605
-0.2241910
-0.2071008
-0.1842083
-0.1649397
-0.1544683
-0.1564568
-0.1699948
-0.1850271
-0.1892919
-0.1802922
-0.1659438
-0.1556725
-0.1548186
-0.1632936
-0.1741173
-0.1768385
-0.1674141
-0.1519883
-0.1386324
-0.1303939
-0.1282907
-0.1336085
-0.1434313
-0.1509896
-0.1546702
-0.1602262
-0.1701987
-0.1775618
-0.1740629
-0.1600487
-0.1435438
-0.1340885
-0.1375619
-0.1505021
-0.1592690
-0.1525479
-0.1362959
-0.1294881
-0.1430756
-0.1682002
-0.1858524
-0.1839492
-0.1661754
-0.1489462
-0.1478638
-0.1620835
-0.1738864
-0.1674471
-0.1441667
-0.1159140
-0.0903363
-0.0700223
-0.0592673
-0.0609672
-0.0693172
-0.0742925
-0.0712809
-0.0566103
-0.0111343
0.1049751
0.3312404
0.6679251
1.0465173
1.3427038
1.4399766
1.3018432
0.9908799
0.6206636
0.2890953
0.0442171
-0.1116901
-0.2012101
-0.2498432
-0.2721563
-0.2730266
-0.2580813
-0.2379015
-0.2227899
-0.2182651
-0.2241892
-0.2326056
-0.2287217
-0.2024227
-0.1602340
-0.1210291
-0.1000388
-0.1002718
-0.1156718
-0.1359920
-0.1511210
-0.1581668
-0.1641749
-0.1768739
-0.1935859
-0.2030500
-0.1966521
-0.1756321
-0.1509248
-0.1381870
-0.1471372
-0.1711764
-0.1920853
-0.1991694
-0.1993643
-0.2048439
-0.2158324
-0.2201854
-0.2059831
-0.1708908
-0.1228625
-0.0747720
-0.0351876
-0.0022478
0.0311427
0.0668080
0.1001847
0.1281279
0.1516554
0.1717758
0.1896346
0.2109105
0.2427377
0.2844293
0.3264634
0.3598597
0.3829805
0.4002229
0.4185501
0.4434360
0.4723876
0.4932398
0.4943092
0.4767090
0.4537952
0.4393994
0.4375737
0.4393270
0.4266429
0.3858410
0.3230755
0.2630743
0.2267912
0.2119095
0.1984234
0.1703164
0.1289926
0.0894401
0.0666742
0.0625843
0.0629686
0.0499109
0.0185231
-0.0209216
-0.0561398
-0.0825921
-0.1008930
-0.1123460
-0.1195621
-0.1256903
-0.1303523
-0.1305032
-0.1266548
-0.1240342
-0.1265134
-0.1329401
-0.1395736
-0.1427589
-0.1400818
-0.1327140
-0.1255963
-0.1217848
-0.1181563
-0.1097826
-0.0959659
-0.0789287
-0.0603684
-0.0421288
-0.0223281
0.0187867
0.1248787
0.3396610
0.6636082
1.0290993
1.3208658
1.4337221
1.3307795
1.0604358
0.7186833
0.3900628
0.1177889
-0.0843024
-0.2114104
-0.2673874
-0.2730844
-0.2599692
-0.2509364
-0.2486683
-0.2416401
-0.2200680
-0.1873606
-0.1570758
-0.1391855
-0.1325192
-0.1326308
-0.1413984
-0.1619426
-0.1873770
-0.2037014
-0.2047594
-0.1976905
-0.1920215
-0.1883059
-0.1791143
-0.1581593
-0.1280439
-0.1009394
-0.0898886
-0.0964057
-0.1082140
-0.1118620
-0.1055863
-0.0975495
-0.0944661
-0.0948890
-0.0910103
-0.0746848
-0.0447684
-0.0104958
0.0163984
0.0353980
0.0588839
0.0970517
0.1447493
0.1864424
0.2116585
0.2236901
0.2362244
0.2631114
0.3080561
0.3619417
0.4116828
0.4518355
0.4858817
0.5183809
0.5501159
0.5791901
0.6014255
0.6106896
0.6052407
0.5944102
0.5927911
0.6045923
0.6162935
0.6067552
0.5646787
0.4979842
0.4275210
0.3688565
0.3179401
0.2577873
0.1818707
0.1066364
0.0561765
0.0370594
0.0325073
0.0193381
-0.0129544
-0.0571700
-0.0971596
-0.1215101
-0.1315146
-0.1368219
-0.1443689
-0.1535821
-0.1606868
-0.1627481
-0.1575762
-0.1457464
-0.1346814
-0.1350326
-0.1488974
-0.1643141
-0.1646418
-0.1431974
-0.1092663
-0.0816990
-0.0746413
-0.0848557
-0.0930970
-0.0821435
-0.0540580
-0.0268439
-0.0150332
-0.0175463
-0.0241813
-0.0293985
-0.0378886
-0.0580505
-0.0902784
-0.1219460
-0.1371414
-0.1332499
-0.1245766
-0.1268383
-0.1413151
-0.1573058
-0.1664305
-0.1700059
-0.1748232
-0.1863900
-0.2052918
-0.2261865
-0.2401078
-0.2401881
-0.2264153
-0.2057990
-0.1887771
-0.1829286
-0.1860488
-0.1864862
-0.1753928
-0.1584176
-0.1492787
-0.1505099
-0.1470522
-0.1231700
-0.0822691
-0.0457135
-0.0325938
-0.0427101
-0.0598283
-0.0711616
-0.0809042
-0.0980110
-0.1062563
-0.0518535
0.1268376
0.4465342
0.8484311
1.2155999
1.4262619
1.4107071
1.1814996
0.8212402
0.4367304
0.1103371
-0.1229169
-0.2683334
-0.3495178
-0.3874033
-0.3908806
-0.3630255
-0.3144319
-0.2664770
-0.2385045
-0.2331164
-0.2360372
-0.2301181
-0.2101784
-0.1869349
-0.1765937
-0.1836621
-0.1940296
-0.1887851
-0.1654905
-0.1418650
-0.1371088
-0.1529677
-0.1745575
-0.1864952
-0.1860456
-0.1824424
-0.1855076
-0.1951391
-0.2021791
-0.1993128
-0.1886000
-0.1771178
-0.1688329
-0.1639990
-0.1631111
-0.1659776
-0.1677529
-0.1608932
-0.1422624
-0.1159797
-0.0889505
-0.0648705
-0.0416568
-0.0132161
0.0251045
0.0713315
0.1181866
0.1603747
0.1988351
0.2372171
0.2767018
0.3153591
0.3500845
0.3781503
0.3995962
0.4191851
0.4428958
0.4705800
0.4942838
0.5054257
0.5020799
0.4884918
0.4692616
0.4445567
0.4095530
0.3589731
0.2943675
0.2265435
0.1682546
0.1241675
0.0891391
0.0547389
0.0151853
-0.0307141
-0.0786402
-0.1195137
-0.1452274
-0.1558324
-0.1600929
-0.1681216
-0.1828907
-0.1972533
-0.1990262
-0.1821525
-0.1551904
-0.1365655
-0.1383675
-0.1551104
-0.1695175
-0.1682755
-0.1519732
-0.1326901
-0.1238724
-0.1302702
-0.1448388
-0.1552959
-0.1541498
-0.1423346
-0.1254850
-0.1104224
-0.1042307
-0.1107262
-0.1249466
-0.1350423
-0.1339079
-0.1280964
-0.1320503
-0.1523542
-0.1785127
-0.1908878
-0.1796161
-0.1559350
-0.1426273
-0.1521215
-0.1760054
-0.1966953
-0.2052809
-0.2050985
-0.2025270
-0.2008574
-0.2019594
-0.2069334
-0.2123451
-0.2096449
-0.1921743
-0.1630253
-0.1349240
-0.1213785
-0.1263173
-0.1410165
-0.1512899
-0.1485769
-0.1352689
-0.1215187
-0.1180925
-0.1291914
-0.1475578
-0.1572372
-0.1466018
-0.1209579
-0.0993253
-0.0971450
-0.1143679
-0.1404050
-0.1656722
-0.1853833
-0.1966059
-0.1982920
-0.1953432
-0.1983497
-0.2148278
-0.2394632
-0.2552398
-0.2477524
-0.2197160
-0.1896542
-0.1752098
-0.1790382
-0.1908054
-0.1991105
-0.1995100
-0.1950895
-0.1936642
-0.2021683
-0.2187340
-0.2306577
-0.2248704
-0.2019504
-0.1770728
-0.1654938
-0.1683743
-0.1737286
-0.1700099
-0.1572553
-0.1450017
-0.1410433
-0.1442862
-0.1483173
-0.1485854
-0.1439936
-0.1348044
-0.1236822
-0.1173988
-0.1217480
-0.1336410
-0.1430497
-0.1449650
-0.1452764
-0.1515823
-0.1616115
-0.1658695
-0.1613377
-0.1575411
-0.1657173
-0.1835081
-0.1945962
-0.1859128
-0.1632667
-0.1462994
-0.1479358
-0.1623897
-0.1742509
-0.1749815
-0.1677038
-0.1600691
-0.1579341
-0.1643574
-0.1783092
-0.1920887
-0.1939353
-0.1772756
-0.1478165
-0.1200931
-0.1059326
-0.1055719
-0.1094944
-0.1084677
-0.1013024
-0.0933938
-0.0901775
-0.0937934
-0.1038805
-0.1176181
-0.1290064
-0.1322088
-0.1277685
-0.1234924
-0.1272926
-0.1399207
-0.1552533
-0.1662157
-0.1697116
-0.1674669
-0.1636103
-0.1609264
-0.1584743
-0.1527872
-0.1415920
-0.1266828
-0.1141461
-0.1120190
-0.1250390
-0.1466548
-0.1518632
-0.0974401
0.0641710
0.3562983
0.7464837
1.1376142
1.4027091
1.4512888
1.2810056
0.9735427
0.6397025
0.3592120
0.1570246
0.0202046
-0.0716177
-0.1293617
-0.1568004
-0.1596086
-0.1487495
-0.1370117
-0.1338501
-0.1412306
-0.1516593
-0.1522527
-0.1358664
-0.1099978
-0.0919355
-0.0930061
-0.1086238
-0.1244736
-0.1305472
-0.1279070
-0.1240395
-0.1249163
-0.1318524
-0.1431043
-0.1554107
-0.1637038
-0.1622898
-0.1497266
-0.1327621
-0.1225508
-0.1249426
-0.1353775
-0.1442419
-0.1458073
-0.1407645
-0.1320379
-0.1209678
-0.1073635
-0.0909405
-0.0719176
-0.0513275
-0.0312826
-0.0142575
-0.0015980
0.0073191
0.0148097
0.0241352
0.0385194
0.0596426
0.0859735
0.1124398
0.1332197
0.1472019
0.1613296
0.1863119
0.2267041
0.2756925
0.3210474
0.3551523
0.3776005
0.3905599
0.3970620
0.4048130
0.4254793
0.4636386
0.5068731
0.5327044
0.5291868
0.5068162
0.4865565
0.4764284
0.4636694
0.4312021
0.3776033
0.3166782
0.2601494
0.2077842
0.1557621
0.1072579
0.0682371
0.0361338
0.0011386
-0.0391788
-0.0727845
-0.0861246
-0.0820507
-0.0792662
-0.0926542
-0.1179679
-0.1385124
-0.1439565
-0.1381888
-0.1298223
-0.1211380
-0.1092758
-0.0934996
-0.0752153
-0.0520510
-0.0187061
0.0233875
0.0614871
0.0812809
0.0804452
0.0693066
0.0584015
0.0488961
0.0361544
0.0186133
-0.0011360
-0.0226526
-0.0492185
-0.0800842
-0.1048352
-0.1115037
-0.1015056
-0.0922483
-0.1011133
-0.1274840
-0.1530077
-0.1598217
-0.1473477
-0.1316322
-0.1299479
-0.1458922
-0.1668958
-0.1743530
-0.1576294
-0.1216963
-0.0831530
-0.0576487
-0.0482869
-0.0442793
-0.0309095
-0.0020926
0.0351095
0.0664449
0.0797629
0.0698697
0.0387052
-0.0040226
-0.0375380
-0.0284272
0.0624519
0.2621390
0.5627883
0.9079407
1.2027944
1.3512885
1.3020814
1.0736168
0.7404164
0.3916508
0.0928286
-0.1266331
-0.2632535
-0.3262430
-0.3329122
-0.3073448
-0.2732984
-0.2440933
-0.2203612
-0.1985056
-0.1796057
-0.1685035
-0.1658945
-0.1648909
-0.1569496
-0.1398770
-0.1187011
-0.0997262
-0.0856695
-0.0764200
-0.0720134
-0.0729267
-0.0781413
-0.0847295
-0.0898872
-0.0928354
-0.0949372
-0.0989418
-0.1079205
-0.1228824
-0.1397054
-0.1493587
-0.1441043
-0.1253925
-0.1046301
-0.0935548
-0.0924746
-0.0888249
-0.0687034
-0.0301174
0.0153786
0.0535948
0.0796243
0.1000813
0.1260526
0.1648903
0.2167717
0.2756294
0.3317356
0.3754075
0.4023741
0.4181936
0.4361460
0.4670149
0.5086749
0.5469332
0.5689393
0.5760301
0.5818992
0.5976503
0.6198624
0.6339952
0.6280918
0.6014193
0.5606332
0.5112634
0.4558752
0.3988160
0.3474233
0.3053624
0.2672275
0.2241902
0.1753913
0.1300715
0.0965002
0.0714467
0.0437237
0.0072462
-0.0325779
-0.0659374
-0.0892413
-0.1066847
-0.1230353
-0.1383643
-0.1507406
-0.1610311
-0.1717537
-0.1819200
-0.1867633
-0.1843028
-0.1799528
-0.1821820
-0.1941981
-0.2114344
-0.2264535
-0.2347253
-0.2366111
-0.2363485
-0.2391925
-0.2464918
-0.2515804
-0.2425807
-0.2131741
-0.1720551
-0.1393511
-0.1301834
-0.1407177
-0.1521717
-0.1498265
-0.1368495
-0.1283581
-0.1341630
-0.1504198
-0.1668596
-0.1771217
-0.1800930
-0.1756245
-0.1645099
-0.1528145
-0.1514849
-0.1675842
-0.1957273
-0.2206394
-0.2303202
-0.2269347
-0.2239970
-0.2329966
-0.2535695
-0.2757200
-0.2885818
-0.2858874
-0.2664222
-0.2339267
-0.1974174
-0.1684961
-0.1551509
-0.1567675
-0.1648311
-0.1691795
-0.1655617
-0.1586951
-0.1574269
-0.1654539
-0.1765600
-0.1798113
-0.1700279
-0.1533605
-0.1425715
-0.1460610
-0.1603285
-0.1730236
-0.1741306
-0.1643236
-0.1523465
-0.1457564
-0.1460656
-0.1516456
-0.1614317
-0.1738475
-0.1841738
-0.1858333
-0.1750475
-0.1538579
-0.1284874
-0.1047411
-0.0851677
-0.0713349
-0.0682510
-0.0826420
-0.1113730
-0.1287519
-0.0875752
0.0597831
0.3294530
0.6826099
1.0285771
1.2592397
1.2986622
1.1382796
0.8363073
0.4847450
0.1667711
-0.0717973
-0.2258093
-0.3133061
-0.3534392
-0.3564133
-0.3288055
-0.2826447
-0.2358179
-0.2035043
-0.1897544
-0.1867348
-0.1819950
-0.1682353
-0.1481997
-0.1312531
-0.1256794
-0.1335915
-0.1505240
-0.1674383
-0.1745461
-0.1674438
-0.1516791
-0.1399283
-0.1426680
-0.1603306
-0.1830835
-0.1975959
-0.1962245
-0.1828098
-0.1698559
-0.1678791
-0.1762061
-0.1841765
-0.1808133
-0.1630526
-0.1363566
-0.1094967
-0.0883604
-0.0727277
-0.0579270
-0.0395374
-0.0164425
0.0099737
0.0381803
0.0681700
0.1024418
0.1450623
0.1970623
0.2519695
0.2986435
0.3306289
0.3516549
0.3709814
0.3947302
0.4224072
0.4496584
0.4724112
0.4892485
0.5016054
0.5121102
0.5224693
0.5325579
0.5403128
0.5414716
0.5306341
0.5048448
0.4666911
0.4233064
0.3823798
0.3482335
0.3186828
0.2844061
0.2352818
0.1718549
0.1094231
0.0663650
0.0473814
0.0404781
0.0305966
0.0136651
-0.0034714
-0.0142733
-0.0206974
-0.0297385
-0.0439007
-0.0583274
-0.0684650
-0.0770148
-0.0888738
-0.1007748
-0.1025602
-0.0913626
-0.0796788
-0.0842838
-0.1078824
-0.1349660
-0.1465201
-0.1380299
-0.1232362
-0.1205421
-0.1352619
-0.1551051
-0.1630696
-0.1534775
-0.1347160
-0.1188853
-0.1116244
-0.1102426
-0.1076085
-0.0977726
-0.0815131
-0.0677877
-0.0673829
-0.0831564
-0.1064591
-0.1231460
-0.1236049
-0.1093639
-0.0919733
-0.0843095
-0.0906710
-0.1047450
-0.1168824
-0.1220874
-0.1217520
-0.1213201
-0.1274911
-0.1438181
-0.1658646
-0.1829609
-0.1882078
-0.1861923
-0.1884143
-0.2007439
-0.2160519
-0.2192798
-0.2009719
-0.1680824
-0.1411496
-0.1376080
-0.1560130
-0.1772642
-0.1811235
-0.1608929
-0.1248305
-0.0882900
-0.0651673
-0.0621270
-0.0764714
-0.0985367
-0.1171559
-0.1252407
-0.1238444
-0.1221126
-0.1295840
-0.1450375
-0.1550818
-0.1475592
-0.1252417
-0.1029116
-0.0917249
-0.0896596
-0.0868726
-0.0774035
-0.0656567
-0.0639183
-0.0827338
-0.1178208
-0.1393472
-0.0919525
0.0854170
0.4183007
0.8544353
1.2609751
1.4851193
1.4452171
1.1794636
0.8103388
0.4587879
0.1822596
-0.0222496
-0.1729751
-0.2696685
-0.3009681
-0.2738694
-0.2237755
-0.1900652
-0.1853147
-0.1928038
-0.1908839
-0.1739361
-0.1518414
-0.1376118
-0.1385236
-0.1536854
-0.1749549
-0.1909062
-0.1931432
-0.1810580
-0.1618368
-0.1454523
-0.1370436
-0.1328290
-0.1252934
-0.1131397
-0.1033310
-0.1019417
-0.1061210
-0.1071921
-0.0989679
-0.0811148
-0.0576330
-0.0349933
-0.0192530
-0.0115201
-0.0068352
0.0009434
0.0139901
0.0302491
0.0458716
0.0575345
0.0655288
0.0761052
0.0984403
0.1373498
0.1891133
0.2436035
0.2894507
0.3199815
0.3385005
0.3571387
0.3863142
0.4246809
0.4620070
0.4914083
0.5157846
0.5427909
0.5764456
0.6130549
0.6423885
0.6534334
0.6422080
0.6146393
0.5807724
0.5468486
0.5131139
0.4762256
0.4319704
0.3788315
0.3218474
0.2706844
0.2308489
0.1978330
0.1615648
0.1155471
0.0616741
0.0090082
-0.0319370
-0.0578315
-0.0769025
-0.1007818
-0.1301218
-0.1520478
-0.1543597
-0.1394415
-0.1218189
-0.1140622
-0.1169174
-0.1216487
-0.1202239
-0.1131300
-0.1072843
-0.1074352
-0.1129145
-0.1230953
-0.1396752
-0.1588238
-0.1666627
-0.1514510
-0.1199870
-0.0949449
-0.0939079
-0.1142089
-0.1379555
-0.1477126
-0.1374325
-0.1136362
-0.0898684
-0.0789808
-0.0869367
-0.1092703
-0.1308562
-0.1331422
-0.1095394
-0.0754502
-0.0569444
-0.0657905
-0.0889561
-0.1044890
-0.1034579
-0.0943776
-0.0913904
-0.1020336
-0.1228693
-0.1425448
-0.1503369
-0.1447203
-0.1340790
-0.1293821
-0.1369298
-0.1557714
-0.1782493
-0.1939813
-0.1977389
-0.1941096
-0.1919035
-0.1945235
-0.1979680
-0.1961670
-0.1851168
-0.1645298
-0.1401484
-0.1226515
-0.1190140
-0.1248529
-0.1286029
-0.1229235
-0.1102300
-0.0993497
-0.0993393
-0.1135609
-0.1357401
-0.1532579
-0.1575846
-0.1511065
-0.1430488
-0.1411574
-0.1479185
-0.1607476
-0.1735889
-0.1813638
-0.1846232
-0.1873827
-0.1904510
-0.1912006
-0.1901638
-0.1920726
-0.1980314
-0.2013415
-0.1944298
-0.1778911
-0.1612221
-0.1556418
-0.1644842
-0.1772852
-0.1752660
-0.1480936
-0.1057242
-0.0702902
-0.0568206
-0.0642839
-0.0810935
-0.0904551
-0.0676396
0.0222839
0.2153843
0.5265853
0.9232591
1.3154898
1.5832464
1.6333283
1.4472569
1.0862214
0.6564426
0.2626929
-0.0276878
-0.1991243
-0.2758523
-0.2934521
-0.2777680
-0.2447757
-0.2096930
-0.1880616
-0.1885466
-0.2079807
-0.2338786
-0.2528335
-0.2596320
-0.2586498
-0.2548173
-0.2461125
-0.2293869
-0.2101696
-0.1986718
-0.1962419
-0.1933940
-0.1828997
-0.1686758
-0.1595197
-0.1586600
-0.1614143
-0.1599799
-0.1496269
-0.1325764
-0.1158007
-0.1036789
-0.0947187
-0.0867457
-0.0810203
-0.0779400
-0.0731182
-0.0625441
-0.0484903
-0.0358562
-0.0253867
-0.0143734
-0.0012191
0.0142764
0.0324140
0.0523811
0.0723467
0.0929096
0.1170955
0.1454204
0.1753429
0.2072899
0.2459899
0.2928328
0.3409941
0.3812262
0.4104674
0.4342726
0.4631824
0.5046141
0.5527887
0.5877501
0.5912844
0.5651899
0.5291263
0.5002271
0.4793071
0.4561526
0.4222740
0.3774465
0.3280848
0.2804687
0.2340572
0.1830330
0.1256658
0.0679473
0.0154806
-0.0322831
-0.0750205
-0.1050751
-0.1157126
-0.1124430
-0.1086204
-0.1107438
-0.1134105
-0.1081037
-0.0931090
-0.0752635
-0.0640505
-0.0633171
-0.0688877
-0.0759739
-0.0860513
-0.1012077
-0.1150341
-0.1186346
-0.1155496
-0.1199017
-0.1359765
-0.1486796
-0.1405065
-0.1130922
-0.0870722
-0.0830402
-0.1045045
-0.1365230
-0.1595250
-0.1662820
-0.1653251
-0.1674963
-0.1735002
-0.1773674
-0.1757569
-0.1674785
-0.1494217
-0.1221299
-0.0971541
-0.0900798
-0.1051261
-0.1309901
-0.1513206
-0.1569761
-0.1517730
-0.1500807
-0.1647081
-0.1923848
-0.2141867
-0.2141314
-0.1946831
-0.1720111
-0.1605073
-0.1640005
-0.1763984
-0.1873560
-0.1914207
-0.1936264
-0.2017698
-0.2129449
-0.2144866
-0.1999128
-0.1773304
-0.1597212
-0.1524945
-0.1523782
-0.1532804
-0.1515547
-0.1494136
-0.1530706
-0.1638866
-0.1739033
-0.1757373
-0.1739580
-0.1792206
-0.1925458
-0.2026712
-0.1989410
-0.1818326
-0.1620600
-0.1533502
-0.1627314
-0.1825226
-0.1948404
-0.1892281
-0.1732869
-0.1622045
-0.1619343
-0.1665720
-0.1671326
-0.1580359
-0.1397179
-0.1200372
-0.1095591
-0.1115699
-0.1197848
-0.1273325
-0.1331361
-0.1387552
-0.1457761
-0.1577527
-0.1770155
-0.1968912
-0.2042964
-0.1936059
-0.1730282
-0.1557626
-0.1495853
-0.1543278
-0.1625480
-0.1625522
-0.1479370
-0.1253051
-0.1074921
-0.1001485
-0.1003627
-0.1056844
-0.1160053
-0.1250872
-0.1135639
-0.0486371
0.1092322
0.3859122
0.7624057
1.1600427
1.4652220
1.5804426
1.4681329
1.1672187
0.7770172
0.4100828
0.1368054
-0.0371650
-0.1452162
-0.2185048
-0.2683327
-0.2941130
-0.2959594
-0.2809553
-0.2622659
-0.2508738
-0.2474888
-0.2461244
-0.2439554
-0.2408672
-0.2315104
-0.2087986
-0.1772781
-0.1533946
-0.1484808
-0.1573904
-0.1656775
-0.1629982
-0.1500138
-0.1375244
-0.1365590
-0.1430577
-0.1362001
-0.1006647
-0.0481757
-0.0083435
0.0005141
-0.0152330
-0.0366369
-0.0493265
-0.0510344
-0.0502158
-0.0568806
-0.0703592
-0.0783810
-0.0709561
-0.0503849
-0.0251798
-0.0014082
0.0165481
0.0258207
0.0318576
0.0478258
0.0804158
0.1211935
0.1561798
0.1789241
0.1927010
0.2077136
0.2379283
0.2908427
0.3558644
0.4104254
0.4418294
0.4578777
0.4747951
0.5005799
0.5297337
0.5474019
0.5399918
0.5095885
0.4764634
0.4592032
0.4537964
0.4398088
0.4045274
0.3532309
0.2992836
0.2529185
0.2166340
0.1830321
0.1400480
0.0859804
0.0359964
0.0066767
-0.0023117
-0.0054648
-0.0154517
-0.0352130
-0.0596185
-0.0787814
-0.0854349
-0.0843412
-0.0887653
-0.1039296
-0.1206849
-0.1281805
-0.1244482
-0.1121673
-0.0943970
-0.0785930
-0.0746626
-0.0833114
-0.0934715
-0.0947600
-0.0862427
-0.0725697
-0.0597849
-0.0549358
-0.0605413
-0.0690793
-0.0715426
-0.0706509
-0.0766088
-0.0911090
-0.1048538
-0.1098983
-0.1063409
-0.0989422
-0.0944668
-0.0983743
-0.1062696
-0.1036055
-0.0825010
-0.0541968
-0.0369727
-0.0368625
-0.0469055
-0.0579867
-0.0625886
-0.0559305
-0.0429196
-0.0377549
-0.0478628
-0.0627431
-0.0648460
-0.0471300
-0.0173815
0.0074665
0.0097341
-0.0158026
-0.0534007
-0.0803188
-0.0918332
-0.1029730
-0.1248160
-0.1511562
-0.1707170
-0.1802567
-0.1821388
-0.1795450
-0.1773315
-0.1791284
-0.1822772
-0.1827292
-0.1829364
-0.1868615
-0.1913798
-0.1923765
-0.1942688
-0.2019358
-0.2076616
-0.1984430
-0.1737950
-0.1462955
-0.1274293
-0.1205804
-0.1223482
-0.1226230
-0.1100169
-0.0858049
-0.0661514
-0.0632297
-0.0711372
-0.0762074
-0.0722359
-0.0601319
-0.0438106
-0.0336662
-0.0431967
-0.0737242
-0.1103318
-0.1381846
-0.1548129
-0.1641894
-0.1697713
-0.1759916
-0.1850451
-0.1898080
-0.1815411
-0.1661120
-0.1602139
-0.1695737
-0.1822536
-0.1847210
-0.1746205
-0.1589072
-0.1494048
-0.1565302
-0.1755862
-0.1833617
-0.1612753
-0.1189813
-0.0838943
-0.0715394
-0.0762609
-0.0842627
-0.0840280
-0.0706931
-0.0525431
-0.0477989
-0.0645448
-0.0893436
-0.1034495
-0.1025960
-0.0944153
-0.0870113
-0.0874674
-0.1000071
-0.1173644
-0.1248511
-0.1201100
-0.1177170
-0.1282386
-0.1445745
-0.1544695
-0.1546806
-0.1484173
-0.1407118
-0.1392238
-0.1472505
-0.1544761
-0.1477162
-0.1310690
-0.1215095
-0.1250602
-0.1318035
-0.1332483
-0.1295159
-0.1206955
-0.1064264
-0.0935153
-0.0906160
-0.0967201
-0.1056609
-0.1171738
-0.1325398
-0.1463252
-0.1540165
-0.1596367
-0.1644361
-0.1582674
-0.1350047
-0.1066394
-0.0895043
-0.0858155
-0.0891534
-0.0967395
-0.1058064
-0.1099349
-0.1093540
-0.1129312
-0.1208283
-0.1177784
-0.0925592
-0.0532430
-0.0176087
0.0000321
-0.0087171
-0.0403140
-0.0727641
-0.0825594
-0.0723728
-0.0668450
-0.0796628
-0.1009699
-0.1169511
-0.1238342
-0.1222205
-0.1150537
-0.1115074
-0.1174985
-0.1243720
-0.1213409
-0.1137241
-0.1131987
-0.1170000
-0.1138913
-0.1040218
-0.0961945
-0.0921282
-0.0883455
-0.0856639
-0.0833840
-0.0739667
-0.0560203
-0.0410221
-0.0356683
-0.0310686
-0.0199952
-0.0086266
-0.0000452
0.0157877
0.0424481
0.0642339
0.0656902
0.0490588
0.0225226
-0.0126453
-0.0521209
-0.0759699
-0.0485461
0.0789072
0.3513390
0.7592570
1.1971796
1.5026851
1.5594197
1.3643077
1.0084544
0.6146023
0.2811255
0.0473285
-0.1039514
-0.2018507
-0.2496018
-0.2400676
-0.1905551
-0.1366333
-0.1000044
-0.0835397
-0.0868109
-0.1039731
-0.1170652
-0.1143495
-0.1075277
-0.1132138
-0.1277444
-0.1353105
-0.1283206
-0.1076996
-0.0797140
-0.0630820
-0.0777952
-0.1144144
-0.1368963
-0.1285206
-0.1120213
-0.1125218
-0.1252374
-0.1325829
-0.1295839
-0.1201788
-0.1095562
-0.1085037
-0.1243941
-0.1434897
-0.1440084
-0.1273447
-0.1128233
-0.1042947
-0.0883245
-0.0612944
-0.0300829
0.0088911
0.0615953
0.1127336
0.1399548
0.1471102
0.1566874
0.1762516
0.1972214
0.2165341
0.2352812
0.2485845
0.2592717
0.2848107
0.3283977
0.3636251
0.3714225
0.3703657
0.3865140
0.4155059
0.4373529
0.4463425
0.4462282
0.4394604
0.4376099
0.4554377
0.4799061
0.4747722
0.4298967
0.3760145
0.3402621
0.3195394
0.3050152
0.2957053
0.2794166
0.2382575
0.1822753
0.1428512
0.1274924
0.1145057
0.0917790
0.0656705
0.0361408
0.0001688
-0.0274631
-0.0342137
-0.0394748
-0.0660266
-0.0966255
-0.0991588
-0.0789240
-0.0661074
-0.0692643
-0.0792716
-0.0976425
-0.1229812
-0.1335865
-0.1204254
-0.1113518
-0.1287782
-0.1526952
-0.1560086
-0.1421466
-0.1199135
-0.0818643
-0.0360057
-0.0149637
-0.0253166
-0.0322242
-0.0183298
-0.0096494
-0.0218642
-0.0331930
-0.0306403
-0.0300923
-0.0345019
-0.0269607
-0.0161855
-0.0308204
-0.0616602
-0.0698952
-0.0551307
-0.0530522
-0.0688879
-0.0781431
-0.0844442
-0.1081943
-0.1309803
-0.1220823
-0.1033424
-0.1168580
-0.1505762
-0.1660373
-0.1694753
-0.1838227
-0.1884740
-0.1614039
-0.1377947
-0.1520152
-0.1699243
-0.1513014
-0.1230182
-0.1198975
-0.1189853
-0.1013667
-0.1027243
-0.1343172
-0.1406352
-0.1031796
-0.0891209
-0.1299768
-0.1592579
-0.1360726
-0.1135139
-0.1222897
-0.1150514
-0.0837938
-0.0907551
-0.1304625
-0.1175278
-0.0565645
-0.0496235
-0.0980090
-0.0946390
-0.0426336
-0.0545568
-0.1103428
-0.0784962
-0.0015269
-0.0549228
-0.1883053
-0.1530530
0.0713587
0.2772279
0.5001231
0.9828612
1.5285810
1.4755289
0.6368355
