-0.1462577
-0.2428351
-0.1519957
-0.1117390
-0.1699920
-0.1944449
-0.1471282
-0.1216144
-0.1453932
-0.1436717
-0.0955141
-0.0661011
-0.0790741
-0.0873920
-0.0743090
-0.0718930
-0.0785629
-0.0555065
-0.0038480
0.0381884
0.0682314
0.1152654
0.1742203
0.2148056
0.2427108
0.2886081
0.3501254
0.4013685
0.4437427
0.4952943
0.5466454
0.5740985
0.5789777
0.5748483
0.5575882
0.5235860
0.4920980
0.4751925
0.4515019
0.4015480
0.3422618
0.2965749
0.2558957
0.2020625
0.1422082
0.0953556
0.0646871
0.0425567
0.0230575
-0.0028960
-0.0423410
-0.0820840
-0.1011233
-0.1056017
-0.1215871
-0.1488640
-0.1552924
-0.1251264
-0.0817588
-0.0534869
-0.0447581
-0.0494770
-0.0666548
-0.0932488
-0.1203921
-0.1418176
-0.1529089
-0.1465060
-0.1262597
-0.1150178
-0.1293341
-0.1540370
-0.1626327
-0.1539535
-0.1479680
-0.1543302
-0.1655140
-0.1732741
-0.1740910
-0.1666287
-0.1586366
-0.1655243
-0.1880112
-0.2035894
-0.1938869
-0.1672559
-0.1410362
-0.1161906
-0.0850150
-0.0520827
-0.0320517
-0.0326830
-0.0482904
-0.0638712
-0.0640674
-0.0482349
-0.0354008
-0.0408749
-0.0522089
-0.0474753
-0.0335102
-0.0405323
-0.0762654
-0.1113255
-0.1195336
-0.1120702
-0.1192159
-0.1516575
-0.1916316
-0.2166866
-0.2250811
-0.2363743
-0.2637751
-0.2879111
-0.2725584
-0.2127819
-0.1502033
-0.1268801
-0.1391852
-0.1538342
-0.1545756
-0.1506101
-0.1480790
-0.1387158
-0.1184517
-0.0990968
-0.0950329
-0.1060851
-0.1175494
-0.1162055
-0.1065953
-0.1072910
-0.1243683
-0.1352953
-0.1145530
-0.0727230
-0.0507888
-0.0725534
-0.1209221
-0.1660317
-0.1973249
-0.2181090
-0.2258355
-0.2141836
-0.1887280
-0.1688927
-0.1730859
-0.2025198
-0.2371773
-0.2506076
-0.2342927
-0.2044699
-0.1805273
-0.1640934
-0.1470051
-0.1303386
-0.1227374
-0.1259026
-0.1342895
-0.1445204
-0.1534121
-0.1515474
-0.1315556
-0.1006081
-0.0742915
-0.0597224
-0.0527233
-0.0489329
-0.0497162
-0.0579526
-0.0724345
-0.0851171
-0.0838387
-0.0636293
-0.0358740
-0.0189307
-0.0192142
-0.0285134
-0.0346830
-0.0176879
0.0656897
0.2684569
0.6024710
1.0004646
1.3376528
1.4981325
1.4340997
1.1819050
0.8325196
0.4805639
0.1880351
-0.0191354
-0.1391054
-0.1894268
-0.2027801
-0.2084240
-0.2145246
-0.2154066
-0.2121953
-0.2156001
-0.2301438
-0.2467863
-0.2533519
-0.2464333
-0.2330925
-0.2251359
-0.2301863
-0.2451396
-0.2608210
-0.2739056
-0.2880493
-0.3017758
-0.3047460
-0.2914340
-0.2706047
-0.2548947
-0.2470280
-0.2416107
-0.2346938
-0.2264073
-0.2188435
-0.2150382
-0.2154822
-0.2133998
-0.1988636
-0.1697118
-0.1334767
-0.0975418
-0.0626816
-0.0266766
0.0113277
0.0506592
0.0893617
0.1265055
0.1682401
0.2258127
0.2987478
0.3641616
0.3947767
0.3887785
0.3731412
0.3751103
0.3958017
0.4128203
0.4045594
0.3712046
0.3336942
0.3109011
0.2982211
0.2739382
0.2273487
0.1720541
0.1273384
0.0951088
0.0627606
0.0231601
-0.0160781
-0.0407058
-0.0421320
-0.0240387
-0.0005515
0.0137570
0.0133116
-0.0006502
-0.0283888
-0.0697987
-0.1141767
-0.1414981
-0.1393494
-0.1148121
-0.0870567
-0.0709085
-0.0674919
-0.0669633
-0.0605885
-0.0529068
-0.0587542
-0.0834203
-0.1104019
-0.1175969
-0.1041376
-0.0923145
-0.1016560
-0.1277500
-0.1490066
-0.1505745
-0.1397419
-0.1381782
-0.1576229
-0.1837748
-0.1893278
-0.1643183
-0.1269844
-0.1013799
-0.0916201
-0.0841925
-0.0695867
-0.0531654
-0.0459326
-0.0502509
-0.0556180
-0.0479242
-0.0248689
-0.0016560
0.0031550
-0.0122398
-0.0320725
-0.0426932
-0.0466870
-0.0551811
-0.0717722
-0.0879490
-0.0924345
-0.0839977
-0.0762072
-0.0868934
-0.1188630
-0.1537717
-0.1707473
-0.1689143
-0.1648233
-0.1688500
-0.1719125
-0.1575694
-0.1225903
-0.0835009
-0.0641176
-0.0751271
-0.1034708
-0.1237316
-0.1224517
-0.1091427
-0.1019652
-0.1068524
-0.1136210
-0.1083028
-0.0856246
-0.0531123
-0.0265515
-0.0179613
-0.0245305
-0.0321562
-0.0319737
-0.0294211
-0.0347108
-0.0493730
-0.0663190
-0.0787054
-0.0806203
-0.0548944
0.0377150
0.2465413
0.5885987
1.0025733
1.3507869
1.4913351
1.3714532
1.0607019
0.6957658
0.3898345
0.1810206
0.0464219
-0.0489525
-0.1175509
-0.1535767
-0.1591102
-0.1548919
-0.1622868
-0.1816965
-0.1956600
-0.1908431
-0.1717765
-0.1546767
-0.1523385
-0.1642239
-0.1783061
-0.1837772
-0.1834546
-0.1906346
-0.2116478
-0.2354748
-0.2441447
-0.2306829
-0.2037042
-0.1766726
-0.1556229
-0.1361903
-0.1110273
-0.0806730
-0.0558006
-0.0454873
-0.0443265
-0.0359957
-0.0100255
0.0291142
0.0695137
0.1035194
0.1315323
0.1593685
0.1937402
0.2367402
0.2830425
0.3246837
0.3591337
0.3910324
0.4266283
0.4678903
0.5098770
0.5417381
0.5536684
0.5469704
0.5348926
0.5290004
0.5259932
0.5120625
0.4798006
0.4377746
0.4034149
0.3873359
0.3828292
0.3701138
0.3343325
0.2813207
0.2327135
0.2037698
0.1891092
0.1717945
0.1425288
0.1072135
0.0786082
0.0634136
0.0559528
0.0429912
0.0161589
-0.0199473
-0.0533672
-0.0773451
-0.0947976
-0.1122172
-0.1337230
-0.1604594
-0.1906676
-0.2192100
-0.2407765
-0.2547266
-0.2642397
-0.2706100
-0.2712486
-0.2637839
-0.2501252
-0.2360653
-0.2269583
-0.2216299
-0.2098383
-0.1798822
-0.1320364
-0.0815255
-0.0444676
-0.0228984
-0.0069248
0.0106137
0.0257859
0.0292704
0.0175986
-0.0014306
-0.0141113
-0.0133642
-0.0067344
-0.0099559
-0.0320100
-0.0684503
-0.1085115
-0.1443192
-0.1722847
-0.1904206
-0.1978986
-0.1958481
-0.1870532
-0.1755600
-0.1656761
-0.1587651
-0.1515095
-0.1400181
-0.1248771
-0.1093569
-0.0944735
-0.0804913
-0.0719010
-0.0724927
-0.0688371
-0.0196016
0.1308782
0.4150129
0.8028078
1.1937513
1.4575553
1.5033975
1.3281160
1.0088346
0.6524148
0.3430780
0.1178704
-0.0276550
-0.1171239
-0.1716914
-0.2022204
-0.2152763
-0.2202439
-0.2276795
-0.2423002
-0.2592809
-0.2672239
-0.2563642
-0.2276727
-0.1945004
-0.1718006
-0.1623539
-0.1560598
-0.1434285
-0.1268959
-0.1177695
-0.1241715
-0.1424866
-0.1587483
-0.1588894
-0.1406779
-0.1161644
-0.1002879
-0.0968245
-0.0968776
-0.0899614
-0.0740078
-0.0550867
-0.0396834
-0.0270330
-0.0077975
0.0280965
0.0802492
0.1359211
0.1817815
0.2166213
0.2506789
0.2936537
0.3450494
0.3950998
0.4340596
0.4623351
0.4923747
0.5378576
0.5989287
0.6597714
0.7021101
0.7192692
0.7161187
0.6984613
0.6658466
0.6147349
0.5471927
0.4750473
0.4127295
0.3636956
0.3160989
0.2562398
0.1860305
0.1228154
0.0809324
0.0571332
0.0360550
0.0076104
-0.0231358
-0.0425690
-0.0439300
-0.0358742
-0.0347983
-0.0484690
-0.0693305
-0.0850142
-0.0925558
-0.0996988
-0.1144677
-0.1367185
-0.1588363
-0.1721357
-0.1736597
-0.1691934
-0.1687711
-0.1769323
-0.1878201
-0.1915716
-0.1852986
-0.1768261
-0.1777428
-0.1923051
-0.2118789
-0.2213598
-0.2141476
-0.2007732
-0.1990673
-0.2145100
-0.2334211
-0.2376071
-0.2237088
-0.2061100
-0.2015892
-0.2120761
-0.2221842
-0.2140891
-0.1856570
-0.1528539
-0.1330981
-0.1283054
-0.1268852
-0.1201458
-0.1118221
-0.1108906
-0.1190188
-0.1276150
-0.1262940
-0.1131518
-0.0967105
-0.0875269
-0.0880301
-0.0917272
-0.0920596
-0.0896840
-0.0909711
-0.1026921
-0.1282645
-0.1618816
-0.1786626
-0.1321390
0.0275572
0.3190325
0.7012605
1.0750756
1.3211669
1.3570640
1.1789056
0.8603518
0.5106391
0.2213058
0.0328260
-0.0664021
-0.1153629
-0.1481013
-0.1753166
-0.1909254
-0.1923167
-0.1906918
-0.2012271
-0.2261522
-0.2503381
-0.2547129
-0.2350422
-0.2078216
-0.1958940
-0.2067826
-0.2266770
-0.2372363
-0.2360117
-0.2372657
-0.2538728
-0.2818958
-0.3035593
-0.3036832
-0.2832005
-0.2579052
-0.2437722
-0.2424404
-0.2411204
-0.2267170
-0.1988350
-0.1686423
-0.1464998
-0.1311482
-0.1095634
-0.0676236
-0.0036973
0.0672682
0.1255370
0.1641374
0.1936139
0.2291113
0.2751018
0.3239742
0.3672489
0.4054763
0.4469178
0.4973409
0.5515842
0.5959434
0.6193797
0.6214012
0.6083477
0.5840904
0.5467112
0.4931977
0.4250836
0.3500883
0.2796394
0.2225230
0.1773020
0.1317577
0.0742222
0.0073009
-0.0521266
-0.0892596
-0.1077806
-0.1280372
-0.1665871
-0.2168650
-0.2526337
-0.2538001
-0.2280756
-0.2034113
-0.1988807
-0.2075272
-0.2096984
-0.1983588
-0.1861085
-0.1886851
-0.2066093
-0.2249619
-0.2291447
-0.2187616
-0.2061618
-0.2032085
-0.2112629
-0.2234490
-0.2333297
-0.2393730
-0.2435233
-0.2488235
-0.2573116
-0.2668777
-0.2708248
-0.2643664
-0.2520674
-0.2451828
-0.2496822
-0.2592218
-0.2623953
-0.2560511
-0.2488015
-0.2499740
-0.2563654
-0.2533778
-0.2317340
-0.2008526
-0.1805785
-0.1786631
-0.1814709
-0.1707846
-0.1465225
-0.1270795
-0.1267829
-0.1377582
-0.1378898
-0.1164058
-0.0886235
-0.0822939
-0.1085449
-0.1488650
-0.1737382
-0.1731654
-0.1651673
-0.1736421
-0.2015245
-0.2283114
-0.2323449
-0.2129150
-0.1902679
-0.1852109
-0.1996976
-0.2176843
-0.2237230
-0.2177353
-0.2102447
-0.2064085
-0.1992791
-0.1788896
-0.1443300
-0.1051505
-0.0729089
-0.0535209
-0.0470254
-0.0504684
-0.0543120
-0.0311841
0.0678657
0.2911562
0.6427029
1.0512595
1.3868744
1.5239199
1.4099521
1.0926574
0.6874064
0.3106061
0.0264972
-0.1604404
-0.2753737
-0.3405985
-0.3665100
-0.3617280
-0.3416698
-0.3240956
-0.3177741
-0.3175359
-0.3120817
-0.2975802
-0.2826613
-0.2784601
-0.2846144
-0.2880373
-0.2768366
-0.2540682
-0.2362827
-0.2382268
-0.2586870
-0.2810824
-0.2886758
-0.2798958
-0.2679584
-0.2648696
-0.2673852
-0.2603685
-0.2328567
-0.1887344
-0.1420489
-0.1040219
-0.0752330
-0.0491374
-0.0218120
0.0028091
0.0181902
0.0251511
0.0345825
0.0590608
0.1024361
0.1579551
0.2151428
0.2675750
0.3152128
0.3608519
0.4048045
0.4434288
0.4734492
0.4967193
0.5183417
0.5394099
0.5535255
0.5520794
0.5324842
0.5002976
0.4632801
0.4236889
0.3769234
0.3189213
0.2551703
0.2000167
0.1640171
0.1419293
0.1157750
0.0713820
0.0115764
-0.0472173
-0.0908888
-0.1199599
-0.1462869
-0.1777898
-0.2077766
-0.2216704
-0.2145343
-0.1988529
-0.1923641
-0.1996187
-0.2086603
-0.2060961
-0.1926364
-0.1815527
-0.1822220
-0.1875475
-0.1803072
-0.1528616
-0.1184873
-0.1001551
-0.1077468
-0.1285706
-0.1411918
-0.1366699
-0.1247310
-0.1204259
-0.1270452
-0.1330805
-0.1256070
-0.1055524
-0.0881857
-0.0879862
-0.1047697
-0.1264807
-0.1439503
-0.1590562
-0.1774210
-0.1967007
-0.2063610
-0.1999804
-0.1853285
-0.1788818
-0.1887793
-0.2048720
-0.2086674
-0.1934142
-0.1712393
-0.1585070
-0.1566379
-0.1510294
-0.1288563
-0.0949314
-0.0682710
-0.0637777
-0.0784334
-0.0956450
-0.1025059
-0.1017340
-0.1060909
-0.1222252
-0.1421419
-0.1512380
-0.1434853
-0.1277021
-0.1190400
-0.1242356
-0.1347096
-0.1346853
-0.1173332
-0.0926529
-0.0778206
-0.0795581
-0.0878499
-0.0882159
-0.0789809
-0.0739361
-0.0851017
-0.0997604
-0.0732149
0.0515995
0.3067713
0.6683846
1.0535375
1.3498930
1.4634812
1.3607040
1.0823350
0.7209258
0.3746459
0.1060589
-0.0711607
-0.1770659
-0.2397574
-0.2776138
-0.2962879
-0.2962325
-0.2814936
-0.2619144
-0.2476455
-0.2421350
-0.2408422
-0.2369537
-0.2285787
-0.2203867
-0.2177710
-0.2196068
-0.2184633
-0.2092380
-0.1959952
-0.1875641
-0.1867314
-0.1871256
-0.1822797
-0.1750468
-0.1745816
-0.1838684
-0.1930010
-0.1872793
-0.1622684
-0.1294764
-0.1059308
-0.0985787
-0.1001805
-0.0997854
-0.0939751
-0.0857657
-0.0747934
-0.0530387
-0.0121729
0.0462528
0.1098010
0.1650124
0.2085191
0.2485678
0.2954745
0.3505269
0.4044305
0.4463800
0.4739995
0.4945002
0.5169249
0.5431081
0.5648762
0.5697074
0.5506319
0.5119319
0.4647543
0.4163954
0.3644264
0.3023685
0.2310129
0.1626762
0.1123321
0.0831650
0.0613252
0.0273518
-0.0250868
-0.0820717
-0.1225849
-0.1391717
-0.1446787
-0.1584156
-0.1867094
-0.2175334
-0.2333258
-0.2280846
-0.2119582
-0.2000323
-0.1978476
-0.1985994
-0.1936613
-0.1836176
-0.1773713
-0.1808816
-0.1884161
-0.1863081
-0.1663472
-0.1357328
-0.1123142
-0.1075906
-0.1141085
-0.1121830
-0.0907522
-0.0595128
-0.0375285
-0.0313133
-0.0297649
-0.0234472
-0.0223569
-0.0414676
-0.0604443
-0.0051361
0.2091244
0.5938607
1.0396056
1.3620205
1.4168178
1.1917162
0.8027534
0.4069652
0.1090256
-0.0712026
-0.1671229
-0.2166317
-0.2391385
-0.2426910
-0.2373815
-0.2361560
-0.2458315
-0.2617859
-0.2725545
-0.2694316
-0.2530426
-0.2325564
-0.2184431
-0.2142800
-0.2145219
-0.2103476
-0.1979756
-0.1817422
-0.1701700
-0.1697408
-0.1813344
-0.2003772
-0.2193945
-0.2319113
-0.2364711
-0.2379273
-0.2432225
-0.2534927
-0.2602071
-0.2517020
-0.2254001
-0.1918583
-0.1637440
-0.1410744
-0.1108091
-0.0627202
-0.0029338
0.0518318
0.0932188
0.1308935
0.1810247
0.2465947
0.3122534
0.3597137
0.3863803
0.4070078
0.4379664
0.4819462
0.5273784
0.5592158
0.5684550
0.5541738
0.5208930
0.4749209
0.4205394
0.3577903
0.2850222
0.2050837
0.1280458
0.0652926
0.0199166
-0.0155238
-0.0499759
-0.0832293
-0.1065166
-0.1144134
-0.1137033
-0.1175614
-0.1311890
-0.1459786
-0.1493309
-0.1387871
-0.1247338
-0.1196853
-0.1266160
-0.1381584
-0.1457339
-0.1478322
-0.1491036
-0.1524794
-0.1537462
-0.1449245
-0.1233157
-0.0970007
-0.0805893
-0.0839164
-0.1032914
-0.1237883
-0.1318092
-0.1269164
-0.1211791
-0.1260535
-0.1400640
-0.1502300
-0.1455345
-0.1279549
-0.1099412
-0.1022437
-0.1054708
-0.1130384
-0.1201259
-0.1278971
-0.1394885
-0.1542290
-0.1672895
-0.1740927
-0.1735706
-0.1677464
-0.1604365
-0.1569170
-0.1621266
-0.1760087
-0.1906956
-0.1955206
-0.1875932
-0.1769704
-0.1785754
-0.1969660
-0.2196738
-0.2276748
-0.2136198
-0.1893163
-0.1746838
-0.1796702
-0.1970841
-0.2115999
-0.2137254
-0.2050969
-0.1930646
-0.1831283
-0.1767522
-0.1737924
-0.1742635
-0.1772977
-0.1799034
-0.1781650
-0.1701124
-0.1579072
-0.1479265
-0.1470489
-0.1526440
-0.1388632
-0.0526902
0.1641911
0.5301252
0.9856369
1.4010673
1.6369708
1.6189612
1.3727528
0.9971800
0.6029622
0.2653587
0.0149280
-0.1467812
-0.2322709
-0.2630726
-0.2660345
-0.2640075
-0.2668025
-0.2716181
-0.2721616
-0.2669107
-0.2599822
-0.2568037
-0.2599312
-0.2670751
-0.2712080
-0.2639512
-0.2425910
-0.2155437
-0.1985250
-0.2015384
-0.2186570
-0.2329164
-0.2333045
-0.2259575
-0.2261436
-0.2388560
-0.2501893
-0.2411927
-0.2105654
-0.1806643
-0.1776802
-0.2049924
-0.2377526
-0.2455840
-0.2208101
-0.1835671
-0.1593111
-0.1527847
-0.1450444
-0.1147278
-0.0595666
0.0038849
0.0590999
0.1044774
0.1490448
0.1969805
0.2404243
0.2680394
0.2778171
0.2793154
0.2844488
0.2983493
0.3186622
0.3399228
0.3557333
0.3585870
0.3426618
0.3094626
0.2682673
0.2270979
0.1832085
0.1264250
0.0545716
-0.0167280
-0.0644462
-0.0804679
-0.0814363
-0.0933467
-0.1259716
-0.1642646
-0.1854207
-0.1820899
-0.1667286
-0.1548272
-0.1482937
-0.1375538
-0.1173425
-0.0960225
-0.0880863
-0.0998111
-0.1241275
-0.1480447
-0.1623618
-0.1645331
-0.1564668
-0.1435294
-0.1344708
-0.1366955
-0.1478062
-0.1541653
-0.1432426
-0.1191663
-0.1023438
-0.1096934
-0.1360715
-0.1591348
-0.1635941
-0.1569773
-0.1579466
-0.1709741
-0.1782706
-0.1594303
-0.1156931
-0.0705387
-0.0475157
-0.0517861
-0.0715344
-0.0861885
-0.0635054
0.0450858
0.2836880
0.6446417
1.0377846
1.3216877
1.3869979
1.2251518
0.9233908
0.5955610
0.3148420
0.1004464
-0.0523285
-0.1469500
-0.1900367
-0.2044281
-0.2215968
-0.2570269
-0.2983637
-0.3217405
-0.3179660
-0.3002602
-0.2883499
-0.2891488
-0.2935067
-0.2879771
-0.2670046
-0.2361074
-0.2076196
-0.1932033
-0.1952406
-0.2019682
-0.1942069
-0.1627825
-0.1204414
-0.0922580
-0.0910417
-0.1041409
-0.1078729
-0.0942023
-0.0788532
-0.0809235
-0.0976004
-0.1039902
-0.0792400
-0.0296256
0.0173134
0.0407079
0.0458371
0.0560515
0.0885013
0.1393535
0.1904630
0.2274745
0.2517715
0.2777713
0.3201753
0.3822721
0.4537806
0.5183888
0.5637707
0.5863554
0.5891213
0.5766570
0.5522078
0.5175205
0.4733321
0.4194761
0.3561923
0.2873042
0.2216301
0.1683974
0.1294582
0.0974656
0.0638689
0.0279676
-0.0044255
-0.0311612
-0.0590257
-0.0960253
-0.1395513
-0.1756306
-0.1917703
-0.1895950
-0.1831605
-0.1848830
-0.1946456
-0.2030675
-0.2032064
-0.1966638
-0.1892549
-0.1844197
-0.1824360
-0.1832212
-0.1864142
-0.1891821
-0.1875145
-0.1816757
-0.1786643
-0.1861921
-0.2031127
-0.2176019
-0.2175600
-0.2036625
-0.1902619
-0.1912398
-0.2052231
-0.2167083
-0.2124562
-0.1955121
-0.1820981
-0.1853471
-0.2030086
-0.2208500
-0.2269876
-0.2219405
-0.2146012
-0.2097097
-0.2015872
-0.1814281
-0.1495769
-0.1184603
-0.1026128
-0.1062427
-0.1204649
-0.1317882
-0.1330761
-0.1274515
-0.1233966
-0.1272517
-0.1398506
-0.1578501
-0.1758544
-0.1878261
-0.1897776
-0.1832991
-0.1752478
-0.1718604
-0.1733344
-0.1757680
-0.1782769
-0.1856509
-0.2015011
-0.2189621
-0.2215659
-0.1977381
-0.1557234
-0.1195987
-0.1024826
-0.0785424
0.0157482
0.2416721
0.6042515
1.0254518
1.3704033
1.5155754
1.4158535
1.1251061
0.7574717
0.4203677
0.1678649
-0.0001720
-0.1076763
-0.1743638
-0.2098188
-0.2226541
-0.2258810
-0.2306175
-0.2378254
-0.2406317
-0.2356170
-0.2293410
-0.2322683
-0.2477829
-0.2687771
-0.2841083
-0.2869490
-0.2778513
-0.2622441
-0.2459770
-0.2320306
-0.2197052
-0.2060379
-0.1883924
-0.1671068
-0.1465354
-0.1322952
-0.1253359
-0.1186774
-0.1025322
-0.0747056
-0.0452997
-0.0289770
-0.0309596
-0.0403276
-0.0380783
-0.0135462
0.0260623
0.0628335
0.0853521
0.0982899
0.1149186
0.1423315
0.1763876
0.2102363
0.2442312
0.2853138
0.3375920
0.3954713
0.4469979
0.4838432
0.5073254
0.5240153
0.5359459
0.5367038
0.5179716
0.4792265
0.4303080
0.3845293
0.3486876
0.3181722
0.2813336
0.2303552
0.1695540
0.1127481
0.0714092
0.0451727
0.0240611
-0.0004637
-0.0271860
-0.0478884
-0.0583017
-0.0653984
-0.0813921
-0.1088640
-0.1339818
-0.1387088
-0.1210028
-0.0998780
-0.0972968
-0.1152519
-0.1330873
-0.1289203
-0.1031959
-0.0795127
-0.0812088
-0.1078767
-0.1363639
-0.1444519
-0.1314677
-0.1155790
-0.1140667
-0.1283792
-0.1460416
-0.1533589
-0.1462485
-0.1318624
-0.1213928
-0.1201466
-0.1231340
-0.1202512
-0.1064787
-0.0875671
-0.0756423
-0.0783472
-0.0915474
-0.1032264
-0.1053390
-0.1011089
-0.0996104
-0.1045487
-0.1111260
-0.1139322
-0.1146631
-0.1198538
-0.1321623
-0.1459278
-0.1519175
-0.1464318
-0.1358479
-0.1314996
-0.1387573
-0.1510280
-0.1558530
-0.1479500
-0.1360960
-0.1362563
-0.1563949
-0.1865819
-0.2048354
-0.1960159
-0.1671732
-0.1427276
-0.1418638
-0.1605084
-0.1767607
-0.1735746
-0.1546933
-0.1386758
-0.1390846
-0.1513548
-0.1585562
-0.1493199
-0.1295127
-0.1159924
-0.1196256
-0.1354927
-0.1491152
-0.1503975
-0.1413288
-0.1320769
-0.1306143
-0.1349259
-0.1342779
-0.1187971
-0.0890112
-0.0569197
-0.0383856
-0.0424832
-0.0611230
-0.0610162
0.0135172
0.2161383
0.5569909
0.9713694
1.3301576
1.4981485
1.4081475
1.0999210
0.6941904
0.3205350
0.0528022
-0.1059865
-0.1921512
-0.2397354
-0.2611939
-0.2555988
-0.2273524
-0.1945546
-0.1787948
-0.1872333
-0.2068684
-0.2186092
-0.2166309
-0.2120673
-0.2176423
-0.2312087
-0.2374162
-0.2265419
-0.2090838
-0.2069855
-0.2283975
-0.2550532
-0.2600512
-0.2376968
-0.2102068
-0.2025246
-0.2145662
-0.2224860
-0.2057875
-0.1686843
-0.1332487
-0.1142759
-0.1045343
-0.0856479
-0.0504762
-0.0105720
0.0188966
0.0374063
0.0590989
0.0965618
0.1480447
0.2002945
0.2410753
0.2685207
0.2904721
0.3156891
0.3447917
0.3694767
0.3813052
0.3813384
0.3805463
0.3902928
0.4116808
0.4333783
0.4406007
0.4280922
0.4043747
0.3815544
0.3613670
0.3343722
0.2937970
0.2465109
0.2067548
0.1799790
0.1563935
0.1223263
0.0771083
0.0364133
0.0166157
0.0158545
0.0137357
-0.0075388
-0.0434511
-0.0719408
-0.0775806
-0.0677228
-0.0638109
-0.0794382
-0.1088549
-0.1357483
-0.1510245
-0.1607361
-0.1764595
-0.1993614
-0.2165055
-0.2141270
-0.1928060
-0.1678171
-0.1554449
-0.1600871
-0.1732584
-0.1830395
-0.1845585
-0.1823231
-0.1825957
-0.1844798
-0.1807917
-0.1679857
-0.1520345
-0.1420732
-0.1398793
-0.1384853
-0.1313411
-0.1209957
-0.1172353
-0.1259023
-0.1398795
-0.1433011
-0.1268351
-0.0980113
-0.0742765
-0.0663823
-0.0708246
-0.0776002
-0.0813112
-0.0831928
-0.0853628
-0.0865272
-0.0838980
-0.0780783
-0.0742292
-0.0764738
-0.0811800
-0.0789238
-0.0658517
-0.0517291
-0.0530872
-0.0759201
-0.1029006
-0.0945379
-0.0035972
0.2021811
0.5168592
0.8847796
1.2115452
1.3974246
1.3799552
1.1646584
0.8243326
0.4628639
0.1644062
-0.0383897
-0.1592839
-0.2289979
-0.2686334
-0.2830671
-0.2720978
-0.2444561
-0.2195087
-0.2140731
-0.2282905
-0.2467701
-0.2541144
-0.2479765
-0.2375709
-0.2324615
-0.2341288
-0.2367978
-0.2348142
-0.2287275
-0.2234542
-0.2204119
-0.2138214
-0.1971371
-0.1719783
-0.1479201
-0.1332413
-0.1274496
-0.1229259
-0.1129036
-0.0979749
-0.0847484
-0.0766526
-0.0661495
-0.0394651
0.0085065
0.0660784
0.1144468
0.1450208
0.1655968
0.1903675
0.2256713
0.2652745
0.2984024
0.3221221
0.3454628
0.3804612
0.4296315
0.4836116
0.5302633
0.5636797
0.5846005
0.5949856
0.5932638
0.5737503
0.5315096
0.4701834
0.4041093
0.3487043
0.3073655
0.2701873
0.2265886
0.1770575
0.1310877
0.0950567
0.0643143
0.0284489
-0.0154631
-0.0567318
-0.0813887
-0.0890200
-0.0954671
-0.1162938
-0.1503308
-0.1826898
-0.2020960
-0.2117292
-0.2235892
-0.2449901
-0.2707602
-0.2873310
-0.2850278
-0.2676704
-0.2497212
-0.2432121
-0.2477080
-0.2526953
-0.2484341
-0.2347442
-0.2207882
-0.2156531
-0.2170947
-0.2108663
-0.1851084
-0.1456755
-0.1131406
-0.1027115
-0.1096136
-0.1160049
-0.1104750
-0.0989962
-0.0973178
-0.1135042
-0.1383258
-0.1538155
-0.1515264
-0.1403620
-0.1354791
-0.1425164
-0.1554092
-0.1669031
-0.1765421
-0.1883625
-0.2041204
-0.2199328
-0.2287459
-0.2267628
-0.2183242
-0.2128762
-0.2154154
-0.2209404
-0.2196167
-0.2064926
-0.1856334
-0.1664129
-0.1562449
-0.1546007
-0.1529741
-0.1426124
-0.1233402
-0.1034775
-0.0912891
-0.0888017
-0.0934513
-0.1018615
-0.1107406
-0.1171593
-0.1197314
-0.1178548
-0.1096650
-0.0941252
-0.0769581
-0.0710801
-0.0845528
-0.1016955
-0.0738348
0.0635607
0.3465736
0.7388577
1.1293213
1.3853065
1.4249190
1.2537817
0.9458905
0.5949062
0.2745322
0.0250659
-0.1414283
-0.2325768
-0.2704429
-0.2841403
-0.2954824
-0.3071350
-0.3081746
-0.2935742
-0.2747278
-0.2681206
-0.2770333
-0.2885150
-0.2874714
-0.2711980
-0.2505332
-0.2382189
-0.2360082
-0.2333404
-0.2196192
-0.1966751
-0.1767415
-0.1688318
-0.1698472
-0.1685970
-0.1558044
-0.1310692
-0.1036182
-0.0858824
-0.0823773
-0.0841689
-0.0773147
-0.0575146
-0.0341316
-0.0192957
-0.0148580
-0.0103624
0.0071135
0.0406565
0.0806075
0.1155160
0.1460189
0.1841053
0.2369492
0.2959934
0.3462510
0.3837090
0.4186369
0.4619203
0.5112980
0.5516376
0.5677998
0.5578220
0.5339471
0.5099176
0.4880500
0.4607475
0.4228114
0.3773360
0.3292097
0.2781881
0.2210908
0.1577757
0.0928439
0.0335292
-0.0132537
-0.0446730
-0.0646400
-0.0813412
-0.1010060
-0.1239985
-0.1455842
-0.1596973
-0.1648177
-0.1683857
-0.1817226
-0.2060632
-0.2262914
-0.2246583
-0.2008466
-0.1735684
-0.1608779
-0.1620341
-0.1606827
-0.1448569
-0.1220081
-0.1118090
-0.1221567
-0.1354349
-0.1254870
-0.0894672
-0.0556638
-0.0546411
-0.0867652
-0.1237665
-0.1403459
-0.1388540
-0.1421410
-0.1654817
-0.1984652
-0.2160948
-0.2071543
-0.1874430
-0.1816394
-0.1958313
-0.2143949
-0.2224311
-0.2228647
-0.2284052
-0.2424062
-0.2525475
-0.2422017
-0.2061750
-0.1561588
-0.1112260
-0.0823719
-0.0668749
-0.0572264
-0.0513750
-0.0516336
-0.0576547
-0.0652431
-0.0700156
-0.0683543
-0.0573338
-0.0387816
-0.0224072
-0.0201238
-0.0360589
-0.0635053
-0.0910145
-0.1108491
-0.1237866
-0.1371817
-0.1566118
-0.1791013
-0.1971692
-0.2089356
-0.2194360
-0.2313780
-0.2404246
-0.2423350
-0.2400652
-0.2400508
-0.2437999
-0.2453553
-0.2352613
-0.2066487
-0.1607948
-0.1082704
-0.0624419
-0.0306373
-0.0121796
-0.0034524
-0.0024195
-0.0081141
-0.0136679
0.0073820
0.1092146
0.3516159
0.7446297
1.2037905
1.5704076
1.6976535
1.5394093
1.1733410
0.7442978
0.3756441
0.1151975
-0.0536009
-0.1639932
-0.2349442
-0.2756722
-0.2984954
-0.3146082
-0.3234950
-0.3173527
-0.2960975
-0.2720205
-0.2585465
-0.2572875
-0.2572743
-0.2471182
-0.2285469
-0.2160868
-0.2205352
-0.2350434
-0.2426023
-0.2359932
-0.2242022
-0.2191422
-0.2224264
-0.2267344
-0.2249254
-0.2157111
-0.2039073
-0.1962847
-0.1945360
-0.1925039
-0.1829307
-0.1655712
-0.1453398
-0.1240901
-0.0981827
-0.0635776
-0.0209875
0.0225535
0.0565730
0.0766747
0.0943572
0.1315229
0.1986874
0.2811227
0.3520853
0.3988302
0.4323294
0.4729741
0.5291023
0.5875007
0.6233777
0.6223340
0.5935844
0.5585740
0.5269661
0.4892120
0.4335713
0.3641920
0.2992633
0.2548745
0.2319450
0.2153320
0.1855683
0.1360843
0.0795570
0.0336333
0.0013604
-0.0293556
-0.0678867
-0.1084297
-0.1360311
-0.1410515
-0.1280950
-0.1139323
-0.1144843
-0.1293584
-0.1410332
-0.1336731
-0.1108896
-0.0909666
-0.0869760
-0.0957793
-0.1043842
-0.1032640
-0.0951525
-0.0927935
-0.1049343
-0.1235573
-0.1308469
-0.1214849
-0.1112347
-0.1182660
-0.1410667
-0.1607171
-0.1625345
-0.1514022
-0.1469495
-0.1646891
-0.1995490
-0.2285947
-0.2339404
-0.2215579
-0.2118649
-0.2135186
-0.2145769
-0.1999120
-0.1691963
-0.1352744
-0.1109674
-0.1000332
-0.0969059
-0.0936713
-0.0892843
-0.0901483
-0.0987156
-0.1056321
-0.0990427
-0.0791834
-0.0583334
-0.0485339
-0.0534950
-0.0684996
-0.0828117
-0.0862938
-0.0801748
-0.0786300
-0.0940776
-0.1228812
-0.1495369
-0.1624113
-0.1625374
-0.1604026
-0.1662314
-0.1793279
-0.1863352
-0.1765450
-0.1595463
-0.1567813
-0.1673010
-0.1456159
-0.0209034
0.2552227
0.6666970
1.1222256
1.4863137
1.6424354
1.5510897
1.2625843
0.8821223
0.5194956
0.2498226
0.0926064
0.0158043
-0.0319576
-0.0824472
-0.1343227
-0.1700908
-0.1800442
-0.1732810
-0.1718971
-0.1919841
-0.2255544
-0.2457770
-0.2361229
-0.2098038
-0.1942471
-0.2013566
-0.2199529
-0.2328917
-0.2339379
-0.2298645
-0.2308651
-0.2370264
-0.2333552
-0.2044082
-0.1558058
-0.1132528
-0.0963636
-0.1003580
-0.1065646
-0.1030210
-0.0908504
-0.0776892
-0.0691077
-0.0614612
-0.0420345
-0.0025493
0.0475645
0.0891249
0.1145691
0.1337060
0.1587941
0.1924717
0.2303840
0.2674606
0.3011003
0.3342636
0.3737001
0.4194349
0.4605143
0.4887184
0.5110911
0.5389678
0.5682314
0.5804509
0.5623850
0.5179940
0.4641286
0.4190095
0.3891139
0.3617318
0.3166851
0.2506726
0.1827583
0.1307190
0.0909242
0.0484629
-0.0009249
-0.0465715
-0.0751337
-0.0827532
-0.0804302
-0.0881852
-0.1154634
-0.1470684
-0.1593128
-0.1508475
-0.1447970
-0.1575775
-0.1780211
-0.1822248
-0.1599037
-0.1227006
-0.0935011
-0.0878904
-0.0993658
-0.1052986
-0.0947589
-0.0845286
-0.0969207
-0.1278241
-0.1501688
-0.1457824
-0.1220029
-0.1001300
-0.0981964
-0.1209833
-0.1563007
-0.1842007
-0.1974265
-0.2074009
-0.2242896
-0.2407255
-0.2434086
-0.2311697
-0.2128868
-0.1966210
-0.1882092
-0.1904375
-0.1963502
-0.1935851
-0.1814234
-0.1726712
-0.1738294
-0.1757706
-0.1688953
-0.1548094
-0.1385672
-0.1220904
-0.1089768
-0.1033963
-0.1017994
-0.0975542
-0.0933085
-0.0954193
-0.0985605
-0.0919731
-0.0795918
-0.0777534
-0.0937176
-0.1208728
-0.1523787
-0.1848437
-0.2119888
-0.2287369
-0.2375939
-0.2399571
-0.2299520
-0.2090936
-0.1947275
-0.1981944
-0.2062943
-0.2009068
-0.1858736
-0.1779507
-0.1811115
-0.1846311
-0.1775147
-0.1540236
-0.1163586
-0.0802027
-0.0633331
-0.0619361
-0.0548841
-0.0361154
-0.0219434
-0.0221352
-0.0291447
-0.0413097
-0.0643537
-0.0726529
0.0060713
0.2418479
0.6348207
1.0874374
1.4317994
1.5102640
1.2805855
0.8577076
0.4290529
0.1189304
-0.0607019
-0.1553253
-0.2063609
-0.2357763
-0.2486664
-0.2411862
-0.2231237
-0.2229442
-0.2503247
-0.2728378
-0.2577936
-0.2185743
-0.1908628
-0.1835678
-0.1826158
-0.1809300
-0.1752184
-0.1567490
-0.1327683
-0.1303154
-0.1536979
-0.1698340
-0.1595044
-0.1456912
-0.1472870
-0.1479740
-0.1370109
-0.1348245
-0.1513776
-0.1656710
-0.1687481
-0.1760035
-0.1801807
-0.1526546
-0.1065866
-0.0896832
-0.0996657
-0.0841056
-0.0369232
-0.0074807
-0.0015745
0.0282188
0.0825007
0.1165809
0.1502211
0.2443999
0.3580010
0.3861305
0.3632181
0.4346289
0.5697279
0.5232146
0.2000591
