0.2192231
0.2635833
0.2291819
0.2241980
0.2635803
0.2744779
0.2369091
0.2053689
0.2049777
0.2029693
0.1819076
0.1617394
0.1469302
0.1184290
0.0812663
0.0637523
0.0669705
0.0625427
0.0402146
0.0163548
-0.0012756
-0.0193908
-0.0351240
-0.0406142
-0.0453229
-0.0627063
-0.0823794
-0.0842399
-0.0719964
-0.0666796
-0.0756668
-0.0909518
-0.1075381
-0.1222623
-0.1258802
-0.1165564
-0.1100778
-0.1184895
-0.1294870
-0.1226485
-0.0950065
-0.0578501
-0.0210945
0.0074707
0.0211498
0.0239554
0.0286833
0.0368875
0.0347822
0.0168173
-0.0016984
-0.0043012
0.0068396
0.0172049
0.0141416
-0.0087234
-0.0477239
-0.0859495
-0.1064342
-0.1116733
-0.1190661
-0.1369124
-0.1572397
-0.1715773
-0.1800823
-0.1844983
-0.1844839
-0.1816037
-0.1768729
-0.1656765
-0.1447014
-0.1211144
-0.1052540
-0.0974744
-0.0908703
-0.0822114
-0.0713169
-0.0554389
-0.0342628
-0.0157804
-0.0080284
-0.0088998
-0.0112606
-0.0134280
-0.0186251
-0.0295913
-0.0485751
-0.0758090
-0.1034317
-0.1189875
-0.1204210
-0.1202483
-0.1299168
-0.1470345
-0.1620489
-0.1699400
-0.1708604
-0.1657858
-0.1555954
-0.1399574
-0.1161908
-0.0844257
-0.0526299
-0.0295431
-0.0145475
-0.0024278
0.0061430
0.0131282
0.0443744
0.1481534
0.3586928
0.6551909
0.9537104
1.1430657
1.1466163
0.9702210
0.6966513
0.4274281
0.2232477
0.0906249
0.0080204
-0.0472857
-0.0894860
-0.1236827
-0.1486216
-0.1628325
-0.1682214
-0.1670430
-0.1596880
-0.1479359
-0.1358823
-0.1252626
-0.1146622
-0.1050200
-0.0997594
-0.0972248
-0.0898731
-0.0747186
-0.0590646
-0.0522072
-0.0554726
-0.0625745
-0.0659054
-0.0615648
-0.0524736
-0.0466945
-0.0480215
-0.0487103
-0.0368886
-0.0108952
0.0188958
0.0418698
0.0555782
0.0633696
0.0694771
0.0768385
0.0859076
0.0961447
0.1111093
0.1386508
0.1813592
0.2294655
0.2682761
0.2914194
0.3038358
0.3146811
0.3305572
0.3519326
0.3717076
0.3798396
0.3731560
0.3585956
0.3444101
0.3309385
0.3119786
0.2820563
0.2408690
0.1943159
0.1523687
0.1215097
0.0976735
0.0709516
0.0387702
0.0100372
-0.0055422
-0.0085590
-0.0089490
-0.0168356
-0.0342477
-0.0525111
-0.0585299
-0.0478142
-0.0308151
-0.0221730
-0.0241741
-0.0250533
-0.0134029
0.0094800
0.0311633
0.0388198
0.0294393
0.0124152
0.0009024
-0.0015811
-0.0037545
-0.0137055
-0.0271176
-0.0323168
-0.0245517
-0.0112287
-0.0042387
-0.0096807
-0.0235399
-0.0356344
-0.0398192
-0.0413678
-0.0512354
-0.0718532
-0.0923616
-0.0998562
-0.0921737
-0.0780120
-0.0678046
-0.0661535
-0.0700059
-0.0722058
-0.0687633
-0.0633638
-0.0628713
-0.0689756
-0.0769783
-0.0817612
-0.0814339
-0.0762332
-0.0683485
-0.0627777
-0.0640903
-0.0714415
-0.0794505
-0.0840734
-0.0855466
-0.0865301
-0.0897103
-0.0959244
-0.1023284
-0.1042672
-0.1016587
-0.1014869
-0.1105148
-0.1263622
-0.1383189
-0.1366009
-0.1201843
-0.0976550
-0.0811738
-0.0765295
-0.0775211
-0.0729515
-0.0604434
-0.0498936
-0.0515108
-0.0641449
-0.0782239
-0.0874347
-0.0942989
-0.1052362
-0.1221098
-0.1386323
-0.1454141
-0.1396132
-0.1284553
-0.1213329
-0.1200974
-0.1198280
-0.1168544
-0.1115725
-0.1047850
-0.0968784
-0.0912247
-0.0933362
-0.1041518
-0.1167626
-0.1221069
-0.1176011
-0.1097329
-0.1078167
-0.1138839
-0.1189963
-0.1125813
-0.0962331
-0.0841882
-0.0874225
-0.1007372
-0.1093819
-0.1062901
-0.0988510
-0.0993638
-0.1116797
-0.1272722
-0.1332717
-0.1250527
-0.1114209
-0.1060243
-0.1133093
-0.1245307
-0.1274079
-0.1175120
-0.1007115
-0.0877638
-0.0867251
-0.0970312
-0.1096867
-0.1157311
-0.1153580
-0.1165490
-0.1245336
-0.1353181
-0.1404713
-0.1363398
-0.1278000
-0.1238569
-0.1290374
-0.1379891
-0.1398518
-0.1296528
-0.1140189
-0.1038604
-0.1031535
-0.1070077
-0.1086170
-0.1049870
-0.0971859
-0.0884309
-0.0819501
-0.0783875
-0.0749672
-0.0684468
-0.0591853
-0.0521253
-0.0529767
-0.0594082
-0.0509264
0.0104541
0.1580362
0.3871413
0.6405447
0.8317487
0.8920462
0.8073499
0.6209587
0.4042046
0.2174312
0.0873134
0.0106757
-0.0277203
-0.0426951
-0.0465331
-0.0490492
-0.0554589
-0.0660403
-0.0792082
-0.0937838
-0.1085367
-0.1216542
-0.1312012
-0.1353298
-0.1331048
-0.1268145
-0.1223247
-0.1247036
-0.1334888
-0.1435949
-0.1504967
-0.1537244
-0.1562446
-0.1610090
-0.1665807
-0.1658465
-0.1520072
-0.1277080
-0.1056310
-0.0968744
-0.0991666
-0.0982548
-0.0807732
-0.0455841
-0.0039836
0.0305964
0.0546297
0.0771728
0.1095064
0.1519858
0.1926695
0.2190347
0.2294798
0.2335286
0.2427035
0.2610505
0.2824388
0.2969849
0.3018942
0.3056442
0.3192016
0.3429947
0.3646502
0.3701072
0.3558065
0.3302097
0.3047385
0.2830697
0.2583644
0.2215380
0.1728674
0.1240913
0.0878669
0.0662907
0.0506125
0.0303807
0.0016261
-0.0314944
-0.0602368
-0.0771280
-0.0806549
-0.0748059
-0.0640731
-0.0501162
-0.0336571
-0.0177423
-0.0075477
-0.0071337
-0.0161441
-0.0286734
-0.0364235
-0.0358152
-0.0323829
-0.0355171
-0.0476756
-0.0606146
-0.0635611
-0.0542374
-0.0413324
-0.0367734
-0.0452789
-0.0604508
-0.0715328
-0.0749236
-0.0779264
-0.0895879
-0.1090991
-0.1257955
-0.1306203
-0.1258000
-0.1229331
-0.1322174
-0.1527572
-0.1724412
-0.1783974
-0.1690053
-0.1550477
-0.1481986
-0.1493912
-0.1493266
-0.1390239
-0.1186838
-0.0974318
-0.0856529
-0.0866633
-0.0948014
-0.1022052
-0.1075911
-0.1169535
-0.1351294
-0.1582532
-0.1756664
-0.1789139
-0.1691898
-0.1571291
-0.1546644
-0.1648142
-0.1789421
-0.1855529
-0.1820984
-0.1769825
-0.1802841
-0.1940815
-0.2114705
-0.2230325
-0.2242820
-0.2189227
-0.2153564
-0.2181623
-0.2219228
-0.2146694
-0.1893252
-0.1526194
-0.1215843
-0.1080799
-0.1047952
-0.0901284
-0.0532382
-0.0132261
-0.0018141
-0.0164227
0.0053125
0.1468612
0.4321551
0.7786643
1.0380370
1.0971719
0.9533641
0.7003939
0.4460573
0.2416129
0.0801915
-0.0556453
-0.1605167
-0.2182854
-0.2318167
-0.2283374
-0.2353765
-0.2574018
-0.2779615
-0.2814115
-0.2694093
-0.2565421
-0.2528522
-0.2534643
-0.2453134
-0.2215418
-0.1880621
-0.1579786
-0.1413649
-0.1387937
-0.1422323
-0.1426687
-0.1386919
-0.1371256
-0.1436787
-0.1539334
-0.1560276
-0.1425149
-0.1177901
-0.0930036
-0.0744079
-0.0573723
-0.0319823
0.0056501
0.0485240
0.0859883
0.1147717
0.1407819
0.1704503
0.2033867
0.2348470
0.2630922
0.2921201
0.3278185
0.3725689
0.4229531
0.4719156
0.5137216
0.5472870
0.5741008
0.5927581
0.5965788
0.5776088
0.5335514
0.4714188
0.4041155
0.3414928
0.2834403
0.2231290
0.1584284
0.0981346
0.0538372
0.0261239
0.0022529
-0.0308156
-0.0722943
-0.1076162
-0.1224664
-0.1167220
-0.1048810
-0.1029294
-0.1150179
-0.1330726
-0.1478983
-0.1580702
-0.1676481
-0.1780477
-0.1845919
-0.1806590
-0.1643027
-0.1414092
-0.1226365
-0.1156522
-0.1189188
-0.1235296
-0.1219560
-0.1148064
-0.1089609
-0.1098563
-0.1159484
-0.1204138
-0.1185392
-0.1138197
-0.1156613
-0.1295171
-0.1499656
-0.1656544
-0.1712687
-0.1726559
-0.1792056
-0.1924757
-0.2038816
-0.2040232
-0.1938547
-0.1853581
-0.1895249
-0.2037888
-0.2138221
-0.2093481
-0.1963823
-0.1913010
-0.2031238
-0.2236654
-0.2355801
-0.2290273
-0.2101796
-0.1942045
-0.1905362
-0.1952044
-0.1973133
-0.1916220
-0.1830330
-0.1790343
-0.1800856
-0.1788809
-0.1684134
-0.1500703
-0.1339765
-0.1307797
-0.1416658
-0.1565983
-0.1641930
-0.1637013
-0.1652875
-0.1773084
-0.1949591
-0.2038557
-0.1952873
-0.1764321
-0.1636560
-0.1652154
-0.1723535
-0.1697745
-0.1539901
-0.1371568
-0.1312251
-0.1330191
-0.1301968
-0.1189034
-0.1049463
-0.0801877
-0.0026843
0.1841900
0.4964392
0.8661551
1.1601511
1.2584294
1.1319416
0.8548927
0.5450718
0.2881204
0.1062275
-0.0189885
-0.1074702
-0.1643949
-0.1908479
-0.1980629
-0.2050706
-0.2231338
-0.2462909
-0.2595459
-0.2555980
-0.2421183
-0.2334447
-0.2370462
-0.2478813
-0.2540417
-0.2475981
-0.2316717
-0.2176132
-0.2139021
-0.2168036
-0.2126670
-0.1904340
-0.1520296
-0.1103096
-0.0768727
-0.0520851
-0.0275056
0.0017678
0.0288359
0.0418844
0.0399920
0.0390357
0.0584166
0.1016691
0.1520092
0.1876990
0.2013283
0.2044782
0.2149123
0.2399112
0.2716073
0.2974558
0.3138730
0.3287901
0.3516276
0.3824305
0.4112609
0.4273086
0.4282751
0.4215057
0.4159492
0.4123693
0.4020106
0.3763662
0.3380155
0.2996027
0.2709139
0.2483317
0.2189443
0.1753450
0.1252780
0.0853684
0.0646902
0.0553318
0.0409357
0.0148679
-0.0121534
-0.0239592
-0.0165385
-0.0007036
0.0129048
0.0287499
0.0650866
0.1401963
0.2634030
0.4392678
0.6732209
0.9612005
1.2661284
1.5095267
1.6026759
1.5032951
1.2502576
0.9417990
0.6730522
0.4845221
0.3589239
0.2580600
0.1607219
0.0717541
0.0050827
-0.0349990
-0.0569107
-0.0728393
-0.0909035
-0.1136574
-0.1390904
-0.1618922
-0.1771733
-0.1856325
-0.1938663
-0.2071787
-0.2219379
-0.2270178
-0.2147329
-0.1907110
-0.1713948
-0.1694264
-0.1807130
-0.1876062
-0.1767051
-0.1531571
-0.1358276
-0.1379849
-0.1534684
-0.1620276
-0.1478203
-0.1129023
-0.0736166
-0.0447184
-0.0272972
-0.0113077
0.0123131
0.0437273
0.0768531
0.1064187
0.1311866
0.1527712
0.1740037
0.1979235
0.2259102
0.2557263
0.2823399
0.3019264
0.3154446
0.3277616
0.3423262
0.3562119
0.3609133
0.3488498
0.3194534
0.2793186
0.2373034
0.1993813
0.1661230
0.1331544
0.0947678
0.0493179
0.0016516
-0.0408895
-0.0750750
-0.1033712
-0.1289806
-0.1511018
-0.1664492
-0.1745781
-0.1795791
-0.1854290
-0.1907760
-0.1905180
-0.1832194
-0.1748769
-0.1728606
-0.1766294
-0.1772818
-0.1673527
-0.1491181
-0.1318986
-0.1228969
-0.1226013
-0.1277214
-0.1351838
-0.1421789
-0.1449358
-0.1408633
-0.1327352
-0.1286695
-0.1354649
-0.1516672
-0.1688700
-0.1805415
-0.1879936
-0.1965899
-0.2081749
-0.2201778
-0.2315289
-0.2454796
-0.2641279
-0.2818811
-0.2876687
-0.2750953
-0.2497205
-0.2253133
-0.2127496
-0.2127188
-0.2183658
-0.2226885
-0.2217792
-0.2129204
-0.1942079
-0.1683222
-0.1438766
-0.1288080
-0.1217751
-0.1128148
-0.0943540
-0.0704180
-0.0530360
-0.0498735
-0.0577263
-0.0687606
-0.0786503
-0.0812602
-0.0532504
0.0470557
0.2499740
0.5331065
0.8111542
0.9778468
0.9713787
0.8098397
0.5699004
0.3322440
0.1407283
0.0004202
-0.0994069
-0.1670616
-0.2076796
-0.2291061
-0.2410824
-0.2492629
-0.2537605
-0.2538858
-0.2514043
-0.2479218
-0.2413834
-0.2279565
-0.2078782
-0.1882323
-0.1787025
-0.1838081
-0.1989162
-0.2139252
-0.2213410
-0.2215179
-0.2208267
-0.2249370
-0.2329998
-0.2372785
-0.2287654
-0.2048287
-0.1725061
-0.1439412
-0.1276132
-0.1230844
-0.1229970
-0.1190196
-0.1064682
-0.0855894
-0.0602227
-0.0348283
-0.0112180
0.0128205
0.0416874
0.0781695
0.1205680
0.1631237
0.1999253
0.2295425
0.2560351
0.2844649
0.3144485
0.3380316
0.3447118
0.3299313
0.2997849
0.2671351
0.2414515
0.2211533
0.1961651
0.1587436
0.1117138
0.0657112
0.0287868
-0.0005438
-0.0301444
-0.0649067
-0.1007118
-0.1275511
-0.1389551
-0.1388089
-0.1387579
-0.1483946
-0.1676053
-0.1881840
-0.2024384
-0.2098914
-0.2156756
-0.2228298
-0.2270528
-0.2202158
-0.1995009
-0.1719990
-0.1488480
-0.1349644
-0.1259586
-0.1154921
-0.1040063
-0.0983772
-0.1029303
-0.1123654
-0.1152325
-0.1050784
-0.0876330
-0.0759748
-0.0782731
-0.0908149
-0.1031922
-0.1092713
-0.1121430
-0.1190460
-0.1330459
-0.1501778
-0.1637401
-0.1703500
-0.1718135
-0.1719259
-0.1723666
-0.1720149
-0.1696382
-0.1662428
-0.1643786
-0.1653174
-0.1669136
-0.1642010
-0.1529660
-0.1341115
-0.1145939
-0.1025133
-0.1001222
-0.1022182
-0.1021870
-0.0987835
-0.0955701
-0.0945386
-0.0937946
-0.0939659
-0.1036946
-0.1300735
-0.1562942
-0.1313165
0.0044102
0.2662752
0.5901475
0.8541946
0.9501716
0.8503514
0.6181382
0.3584933
0.1519144
0.0210303
-0.0560557
-0.1097454
-0.1536691
-0.1841724
-0.1948185
-0.1883790
-0.1768618
-0.1718696
-0.1744411
-0.1737051
-0.1570874
-0.1241848
-0.0908521
-0.0776267
-0.0920840
-0.1219386
-0.1458573
-0.1516851
-0.1448511
-0.1399612
-0.1452096
-0.1554007
-0.1593246
-0.1522254
-0.1400773
-0.1324568
-0.1327080
-0.1353577
-0.1321273
-0.1196931
-0.1018487
-0.0846623
-0.0696641
-0.0516641
-0.0232212
0.0187017
0.0702688
0.1243502
0.1761159
0.2252791
0.2734660
0.3200039
0.3608478
0.3920884
0.4143574
0.4328023
0.4516949
0.4689045
0.4762970
0.4662564
0.4382268
0.3990317
0.3567410
0.3141196
0.2681377
0.2158555
0.1601156
0.1084655
0.0662622
0.0316651
-0.0017413
-0.0374673
-0.0718833
-0.0978242
-0.1123379
-0.1203951
-0.1301498
-0.1439901
-0.1546906
-0.1516302
-0.1317520
-0.1042789
-0.0838043
-0.0780374
-0.0822008
-0.0856565
-0.0838772
-0.0830550
-0.0921301
-0.1107763
-0.1269915
-0.1278131
-0.1120264
-0.0913305
-0.0791043
-0.0789374
-0.0840611
-0.0862846
-0.0838538
-0.0808796
-0.0810352
-0.0833585
-0.0838964
-0.0800073
-0.0724691
-0.0643826
-0.0590987
-0.0587169
-0.0631240
-0.0700269
-0.0768536
-0.0832239
-0.0907881
-0.0998325
-0.1067984
-0.1068540
-0.0995738
-0.0910259
-0.0888684
-0.0951977
-0.1050782
-0.1125190
-0.1169943
-0.1228348
-0.1322454
-0.1404025
-0.1387677
-0.1233042
-0.0989359
-0.0759190
-0.0619316
-0.0569408
-0.0545424
-0.0480371
-0.0363043
-0.0248816
-0.0211698
-0.0274634
-0.0378654
-0.0422939
-0.0346099
-0.0180830
-0.0036689
-0.0023792
-0.0164964
-0.0334456
-0.0246928
0.0468238
0.2078084
0.4498817
0.7166416
0.9201715
0.9846678
0.8895236
0.6795705
0.4346813
0.2231905
0.0735041
-0.0216389
-0.0818760
-0.1204447
-0.1409501
-0.1437216
-0.1313573
-0.1098506
-0.0873311
-0.0716336
-0.0665071
-0.0688573
-0.0712008
-0.0688537
-0.0646506
-0.0650757
-0.0714329
-0.0766035
-0.0722777
-0.0589278
-0.0465671
-0.0446199
-0.0521953
-0.0598526
-0.0604859
-0.0565210
-0.0556296
-0.0608894
-0.0669475
-0.0655825
-0.0533219
-0.0330857
-0.0099459
0.0131527
0.0362312
0.0611726
0.0906737
0.1265326
0.1668357
0.2052549
0.2358181
0.2599920
0.2874255
0.3267272
0.3747661
0.4172370
0.4418704
0.4504895
0.4558954
0.4664039
0.4755859
0.4692638
0.4417171
0.4020951
0.3636509
0.3288956
0.2884730
0.2348530
0.1741431
0.1217959
0.0872773
0.0654636
0.0440711
0.0178628
-0.0063217
-0.0180672
-0.0148401
-0.0043445
0.0029210
0.0018987
-0.0053999
-0.0141052
-0.0212137
-0.0273828
-0.0357359
-0.0488033
-0.0651675
-0.0786162
-0.0821319
-0.0746683
-0.0641273
-0.0618963
-0.0728272
-0.0906368
-0.1041782
-0.1084921
-0.1088374
-0.1132897
-0.1222431
-0.1267869
-0.1180813
-0.0974977
-0.0762907
-0.0650126
-0.0640290
-0.0650923
-0.0616482
-0.0560319
-0.0554945
-0.0618675
-0.0671833
-0.0611525
-0.0429470
-0.0242016
-0.0190070
-0.0306722
-0.0489869
-0.0609376
-0.0636355
-0.0660038
-0.0780233
-0.0995397
-0.1203370
-0.1304154
-0.1289858
-0.1236076
-0.1222722
-0.1275704
-0.1375984
-0.1501109
-0.1643352
-0.1795068
-0.1933123
-0.2023021
-0.2031798
-0.1937489
-0.1742649
-0.1492971
-0.1272004
-0.1149109
-0.1118112
-0.1101542
-0.1035830
-0.0949678
-0.0936747
-0.1041963
-0.1193767
-0.1272677
-0.1244057
-0.1196167
-0.1232015
-0.1343095
-0.1419456
-0.1382124
-0.1271518
-0.1187915
-0.1175062
-0.1200825
-0.1229829
-0.1227232
-0.1025375
-0.0236389
0.1546130
0.4306028
0.7328947
0.9467194
0.9843825
0.8434424
0.6027441
0.3620291
0.1798516
0.0584592
-0.0258279
-0.0875856
-0.1255264
-0.1391522
-0.1409484
-0.1485507
-0.1682160
-0.1901369
-0.2004614
-0.1957453
-0.1847799
-0.1782952
-0.1792177
-0.1826388
-0.1827517
-0.1782494
-0.1719766
-0.1672641
-0.1650937
-0.1637285
-0.1601739
-0.1524684
-0.1417366
-0.1322827
-0.1285083
-0.1304763
-0.1327683
-0.1291062
-0.1185672
-0.1060177
-0.0954283
-0.0839375
-0.0647387
-0.0361919
-0.0058559
0.0167597
0.0311682
0.0474589
0.0756503
0.1147124
0.1541733
0.1864541
0.2149854
0.2482871
0.2877617
0.3248337
0.3509308
0.3671833
0.3811687
0.3949161
0.3998585
0.3858826
0.3539735
0.3171374
0.2880675
0.2675381
0.2462186
0.2165269
0.1800470
0.1429499
0.1071173
0.0688797
0.0262407
-0.0155395
-0.0474439
-0.0651920
-0.0731397
-0.0799557
-0.0913532
-0.1070456
-0.1235644
-0.1387921
-0.1536279
-0.1700278
-0.1879000
-0.2035603
-0.2111169
-0.2066363
-0.1925986
-0.1780914
-0.1724533
-0.1770568
-0.1839149
-0.1837964
-0.1756952
-0.1670049
-0.1639211
-0.1630983
-0.1546761
-0.1338950
-0.1081732
-0.0909766
-0.0887423
-0.0954695
-0.1009763
-0.1028721
-0.1081949
-0.1234526
-0.1456608
-0.1651262
-0.1762089
-0.1830388
-0.1935916
-0.2093466
-0.2229106
-0.2267826
-0.2232236
-0.2231289
-0.2339689
-0.2498792
-0.2556182
-0.2412914
-0.2128513
-0.1874201
-0.1779256
-0.1822767
-0.1875322
-0.1840074
-0.1738773
-0.1652033
-0.1593619
-0.1480151
-0.1241429
-0.0934682
-0.0709336
-0.0652891
-0.0708100
-0.0772315
-0.0848295
-0.1013322
-0.1179158
-0.0925309
0.0287380
0.2592091
0.5358989
0.7436320
0.7883711
0.6597692
0.4305457
0.1980228
0.0221990
-0.0912994
-0.1635497
-0.2086602
-0.2265245
-0.2183952
-0.1984246
-0.1856823
-0.1878229
-0.1965881
-0.1993827
-0.1927460
-0.1837277
-0.1801549
-0.1817301
-0.1807834
-0.1705832
-0.1522712
-0.1340993
-0.1245923
-0.1263705
-0.1355186
-0.1458829
-0.1541187
-0.1615010
-0.1711051
-0.1828060
-0.1914197
-0.1911597
-0.1824548
-0.1729092
-0.1696702
-0.1706568
-0.1646495
-0.1412430
-0.1008694
-0.0545253
-0.0133590
0.0210383
0.0555810
0.0958240
0.1391572
0.1788322
0.2131492
0.2479966
0.2895594
0.3361006
0.3785006
0.4088178
0.4273020
0.4403430
0.4516921
0.4565290
0.4451024
0.4123969
0.3635038
0.3089590
0.2552713
0.2007334
0.1404059
0.0744717
0.0110918
-0.0393622
-0.0731468
-0.0960467
-0.1170027
-0.1390395
-0.1573481
-0.1664303
-0.1678614
-0.1696963
-0.1780805
-0.1900084
-0.1949056
-0.1841276
-0.1598408
-0.1346610
-0.1215141
-0.1227782
-0.1291692
-0.1295282
-0.1217989
-0.1143627
-0.1165685
-0.1280899
-0.1382712
-0.1369284
-0.1257751
-0.1177639
-0.1240471
-0.1423247
-0.1593206
-0.1644677
-0.1599412
-0.1572678
-0.1653349
-0.1820989
-0.1969035
-0.2000450
-0.1908668
-0.1781301
-0.1730290
-0.1804446
-0.1947940
-0.2037523
-0.1979415
-0.1792909
-0.1597069
-0.1494702
-0.1464310
-0.1385287
-0.1181207
-0.0921872
-0.0762727
-0.0786507
-0.0922939
-0.1029325
-0.1035878
-0.0999196
-0.1018478
-0.1116200
-0.1209213
-0.1187627
-0.1013393
-0.0757312
-0.0564613
-0.0565541
-0.0738968
-0.0791939
-0.0207748
0.1440229
0.4066995
0.6914966
0.8892212
0.9224417
0.7917862
0.5664234
0.3304379
0.1337924
-0.0147053
-0.1209463
-0.1841153
-0.2024034
-0.1894235
-0.1726452
-0.1712575
-0.1794681
-0.1763614
-0.1523232
-0.1225191
-0.1122415
-0.1302344
-0.1592647
-0.1738726
-0.1654020
-0.1475866
-0.1386889
-0.1412658
-0.1406717
-0.1218276
-0.0859766
-0.0513086
-0.0375325
-0.0487040
-0.0697249
-0.0795607
-0.0689581
-0.0465063
-0.0283620
-0.0222893
-0.0209732
-0.0099426
0.0182032
0.0570898
0.0937080
0.1217423
0.1470102
0.1797229
0.2227409
0.2683967
0.3059097
0.3306803
0.3470318
0.3636175
0.3863071
0.4137213
0.4379338
0.4494325
0.4429365
0.4204502
0.3895560
0.3575337
0.3254569
0.2883836
0.2431128
0.1956114
0.1579937
0.1362882
0.1228435
0.1037655
0.0744071
0.0455025
0.0323247
0.0384399
0.0521986
0.0599200
0.0603706
0.0636948
0.0773990
0.0982971
0.1204953
0.1470884
0.1890921
0.2555908
0.3531336
0.4963631
0.7072087
0.9864209
1.2792520
1.4801974
1.4925144
1.2996728
0.9825867
0.6619378
0.4166098
0.2502987
0.1254980
0.0172523
-0.0690377
-0.1207446
-0.1429348
-0.1550908
-0.1698088
-0.1826424
-0.1833756
-0.1718234
-0.1586574
-0.1526418
-0.1519149
-0.1495203
-0.1441677
-0.1417500
-0.1468293
-0.1560401
-0.1610922
-0.1565051
-0.1435437
-0.1283147
-0.1174315
-0.1143317
-0.1175822
-0.1219650
-0.1220717
-0.1163307
-0.1086245
-0.1056168
-0.1106671
-0.1190355
-0.1198653
-0.1045634
-0.0737714
-0.0358356
0.0012693
0.0361203
0.0726698
0.1138343
0.1564022
0.1926341
0.2180624
0.2379190
0.2638380
0.3019391
0.3441515
0.3730056
0.3763728
0.3579835
0.3334107
0.3151565
0.3010827
0.2777924
0.2360283
0.1822065
0.1335826
0.1021681
0.0844679
0.0666600
0.0381988
0.0003350
-0.0363934
-0.0614600
-0.0723280
-0.0753732
-0.0796975
-0.0893773
-0.1007315
-0.1064493
-0.1025940
-0.0925224
-0.0841768
-0.0826150
-0.0850514
-0.0847268
-0.0801829
-0.0784481
-0.0868511
-0.1029800
-0.1158441
-0.1176719
-0.1125118
-0.1116595
-0.1212642
-0.1359009
-0.1449457
-0.1445985
-0.1422358
-0.1482344
-0.1644639
-0.1819560
-0.1891510
-0.1811773
-0.1624484
-0.1432897
-0.1341042
-0.1389053
-0.1516593
-0.1606417
-0.1596025
-0.1549313
-0.1594919
-0.1779598
-0.1993954
-0.2066874
-0.1944663
-0.1761696
-0.1708715
-0.1831282
-0.1988304
-0.2025245
-0.1959088
-0.1955596
-0.2132257
-0.2422497
-0.2646571
-0.2691426
-0.2603133
-0.2518218
-0.2529478
-0.2621995
-0.2718036
-0.2757705
-0.2731173
-0.2659428
-0.2575257
-0.2518826
-0.2516076
-0.2543356
-0.2534389
-0.2445050
-0.2303922
-0.2182346
-0.2118966
-0.2088362
-0.2044070
-0.1980582
-0.1944485
-0.1981896
-0.2077201
-0.2153791
-0.2144084
-0.2052790
-0.1941116
-0.1856784
-0.1796257
-0.1730548
-0.1644181
-0.1541589
-0.1434656
-0.1339716
-0.1274521
-0.1224161
-0.1075075
-0.0575961
0.0582829
0.2545468
0.5056556
0.7445961
0.8926061
0.9015493
0.7775622
0.5711623
0.3463113
0.1522639
0.0122098
-0.0734347
-0.1187142
-0.1444320
-0.1699476
-0.2041966
-0.2423349
-0.2736508
-0.2941545
-0.3096446
-0.3258646
-0.3390697
-0.3398729
-0.3258127
-0.3068059
-0.2961672
-0.2967563
-0.2977557
-0.2865650
-0.2634831
-0.2423064
-0.2349806
-0.2375593
-0.2341678
-0.2145042
-0.1847921
-0.1609161
-0.1527793
-0.1562458
-0.1587635
-0.1514360
-0.1361061
-0.1219215
-0.1158316
-0.1166282
-0.1173043
-0.1116263
-0.0984641
-0.0819090
-0.0682474
-0.0608585
-0.0561600
-0.0456749
-0.0240479
0.0053409
0.0341210
0.0581171
0.0818972
0.1142196
0.1589806
0.2096217
0.2519749
0.2739633
0.2742203
0.2618354
0.2477811
0.2362861
0.2230336
0.2002520
0.1643840
0.1207242
0.0801853
0.0494495
0.0243792
-0.0047489
-0.0414633
-0.0790324
-0.1087792
-0.1295779
-0.1465866
-0.1618680
-0.1700123
-0.1654286
-0.1524347
-0.1432719
-0.1424112
-0.1349879
-0.0966606
-0.0162074
0.0974111
0.2336706
0.3978958
0.5961541
0.7978287
0.9238083
0.8907279
0.6818865
0.3779603
0.1100136
-0.0307035
-0.0483677
-0.0177643
-0.0098271
-0.0401285
-0.0792995
-0.0987825
-0.0996579
-0.1031629
-0.1237473
-0.1555929
-0.1822348
-0.1948133
-0.1993988
-0.2081426
-0.2259309
-0.2463406
-0.2584757
-0.2561688
-0.2424261
-0.2274644
-0.2212297
-0.2245749
-0.2274135
-0.2179400
-0.1944831
-0.1669181
-0.1461252
-0.1333949
-0.1205654
-0.0994935
-0.0706598
-0.0423697
-0.0214961
-0.0059749
0.0118635
0.0350056
0.0579209
0.0744816
0.0870609
0.1047451
0.1330123
0.1673688
0.1977615
0.2187403
0.2350663
0.2566344
0.2868651
0.3171159
0.3351557
0.3393188
0.3411318
0.3518749
0.3680837
0.3726623
0.3508186
0.3046257
0.2518526
0.2101074
0.1819951
0.1567425
0.1260484
0.0948365
0.0735983
0.0628668
0.0507400
0.0269121
-0.0047226
-0.0304383
-0.0427255
-0.0496666
-0.0669040
-0.1000904
-0.1367842
-0.1580547
-0.1581719
-0.1502015
-0.1513055
-0.1655977
-0.1836066
-0.1955632
-0.2007468
-0.2037394
-0.2053141
-0.2001370
-0.1840829
-0.1625646
-0.1489513
-0.1525594
-0.1691674
-0.1859528
-0.1953024
-0.2005232
-0.2075767
-0.2151156
-0.2155907
-0.2049713
-0.1891460
-0.1800718
-0.1850903
-0.1992573
-0.2090441
-0.2052228
-0.1915150
-0.1787913
-0.1719033
-0.1659132
-0.1566021
-0.1513082
-0.1633859
-0.1903113
-0.1959546
-0.1222759
0.0662431
0.3382576
0.5968732
0.7366214
0.7118226
0.5586883
0.3576547
0.1756263
0.0366056
-0.0664683
-0.1439310
-0.1967164
-0.2247643
-0.2369737
-0.2457019
-0.2536036
-0.2527454
-0.2382764
-0.2178865
-0.2046607
-0.2037905
-0.2096653
-0.2141961
-0.2145572
-0.2127810
-0.2102828
-0.2047442
-0.1931788
-0.1774929
-0.1647191
-0.1601411
-0.1617094
-0.1631485
-0.1609166
-0.1554648
-0.1471348
-0.1346350
-0.1178459
-0.0991568
-0.0809186
-0.0630268
-0.0437262
-0.0225211
-0.0026858
0.0096097
0.0114867
0.0101667
0.0206661
0.0529266
0.1011360
0.1476216
0.1776407
0.1904634
0.1975492
0.2106299
0.2301950
0.2451822
0.2453993
0.2337276
0.2229027
0.2196776
0.2159930
0.1983342
0.1634572
0.1217961
0.0857709
0.0571603
0.0277374
-0.0073559
-0.0392953
-0.0533065
-0.0480418
-0.0412440
-0.0497363
-0.0669245
-0.0693766
-0.0476038
-0.0213765
-0.0161138
-0.0260445
-0.0097471
0.0719334
0.2164525
0.3856390
0.5528800
0.7331155
0.9504187
1.1745809
1.3079920
1.2556267
1.0134749
0.6825098
0.3924187
0.2108233
0.1189866
0.0600157
-0.0012583
-0.0624515
-0.1099077
-0.1434323
-0.1715519
-0.1941361
-0.2025089
-0.1958468
-0.1867419
-0.1863029
-0.1905452
-0.1873818
-0.1739241
-0.1612508
-0.1617328
-0.1746122
-0.1857783
-0.1821102
-0.1656159
-0.1516493
-0.1522719
-0.1637389
-0.1724812
-0.1707278
-0.1623744
-0.1548291
-0.1495528
-0.1415023
-0.1254348
-0.1018536
-0.0772411
-0.0576697
-0.0421042
-0.0243369
-0.0018533
0.0213942
0.0432268
0.0696443
0.1080065
0.1556742
0.2003740
0.2325962
0.2550086
0.2784199
0.3090490
0.3406851
0.3609326
0.3656019
0.3633679
0.3625268
0.3565182
0.3299138
0.2791289
0.2198696
0.1705632
0.1334654
0.0966644
0.0518283
0.0047740
-0.0322025
-0.0553321
-0.0734699
-0.0961366
-0.1204861
-0.1355108
-0.1393376
-0.1447334
-0.1621814
-0.1830523
-0.1878017
-0.1694403
-0.1414570
-0.1216466
-0.1142285
-0.1105958
-0.1033677
-0.0947051
-0.0899198
-0.0859516
-0.0715195
-0.0421336
-0.0114027
-0.0001242
-0.0133135
-0.0347468
-0.0470621
-0.0512228
-0.0614052
-0.0849194
-0.1132084
-0.1321446
-0.1374182
-0.1385907
-0.1484844
-0.1691545
-0.1904081
-0.2034753
-0.2122903
-0.2263768
-0.2451155
-0.2562637
-0.2510607
-0.2350802
-0.2216395
-0.2177788
-0.2186925
-0.2143029
-0.2005341
-0.1843873
-0.1761174
-0.1755126
-0.1697370
-0.1479962
-0.1151178
-0.0865763
-0.0725748
-0.0710547
-0.0740408
-0.0761523
-0.0775412
-0.0818303
-0.0912734
-0.1032390
-0.1132870
-0.1217047
-0.1330517
-0.1482931
-0.1621722
-0.1704727
-0.1752162
-0.1797170
-0.1823835
-0.1787438
-0.1672404
-0.1508500
-0.1347224
-0.1229042
-0.1154117
-0.1088885
-0.1020185
-0.0976772
-0.0960391
-0.0896025
-0.0722668
-0.0503724
-0.0329627
-0.0061696
0.0749574
0.2576763
0.5458150
0.8764297
1.1426357
1.2518899
1.1785324
0.9696259
0.7038157
0.4454917
0.2300284
0.0725649
-0.0259292
-0.0791762
-0.1091930
-0.1324911
-0.1524729
-0.1639203
-0.1629508
-0.1540128
-0.1480958
-0.1520788
-0.1607123
-0.1636102
-0.1593501
-0.1560469
-0.1576615
-0.1579195
-0.1507196
-0.1393842
-0.1311432
-0.1272965
-0.1228030
-0.1127155
-0.0968212
-0.0797649
-0.0662491
-0.0539599
-0.0342993
-0.0046990
0.0234509
0.0361404
0.0338784
0.0303649
0.0353581
0.0458202
0.0536202
0.0558687
0.0572657
0.0659154
0.0855405
0.1092966
0.1250085
0.1298285
0.1347578
0.1503088
0.1730154
0.1915049
0.2013567
0.2086664
0.2225103
0.2475089
0.2793703
0.3048613
0.3116792
0.3014623
0.2876796
0.2787225
0.2699148
0.2545353
0.2349602
0.2188138
0.2097171
0.2047520
0.1967304
0.1787184
0.1515930
0.1257763
0.1089289
0.0944128
0.0705041
0.0388507
0.0137258
0.0033973
0.0015159
-0.0027425
-0.0136353
-0.0274268
-0.0355539
-0.0311675
-0.0183357
-0.0110383
-0.0168729
-0.0264726
-0.0254055
-0.0110581
0.0083790
0.0246272
0.0319710
0.0268006
0.0127696
0.0005298
-0.0039554
-0.0042722
-0.0024084
0.0074766
0.0275565
0.0476230
0.0550601
0.0471157
0.0295623
0.0107538
-0.0014968
-0.0069133
-0.0174138
-0.0434747
-0.0757982
-0.0938807
-0.0934148
-0.0908639
-0.0994429
-0.1148510
-0.1267057
-0.1306954
-0.1274999
-0.1209544
-0.1170900
-0.1153495
-0.1051776
-0.0823545
-0.0613948
-0.0581328
-0.0679192
-0.0756355
-0.0781670
-0.0808200
-0.0808685
-0.0721684
-0.0584330
-0.0466170
-0.0355803
-0.0241077
-0.0186803
-0.0212778
-0.0238471
-0.0264034
-0.0426227
-0.0745355
-0.1014699
-0.1081167
-0.1036871
-0.1011697
-0.1001758
-0.1013200
-0.1114509
-0.1232665
-0.1182127
-0.1004609
-0.0968773
-0.1131369
-0.1239731
-0.1162778
-0.1048248
-0.0978171
-0.0880449
-0.0832267
-0.0980517
-0.1136997
-0.1003461
-0.0790917
-0.0928924
-0.1161612
-0.0813743
-0.0066972
0.0092231
-0.0457362
-0.0493164
0.0722320
