-0.0858451
-0.1148198
-0.1122825
-0.1142140
-0.1250761
-0.1272801
-0.1196039
-0.1180807
-0.1262572
-0.1316361
-0.1303575
-0.1331550
-0.1452455
-0.1574772
-0.1595646
-0.1499649
-0.1332391
-0.1183044
-0.1166322
-0.1309168
-0.1478434
-0.1525502
-0.1476514
-0.1475873
-0.1564797
-0.1622825
-0.1528243
-0.1295143
-0.1050083
-0.0928461
-0.0978995
-0.1119365
-0.1203546
-0.1171945
-0.1107982
-0.1116507
-0.1192100
-0.1248474
-0.1231616
-0.1156170
-0.1069637
-0.1028384
-0.1076824
-0.1205168
-0.1346906
-0.1444463
-0.1494434
-0.1516114
-0.1515805
-0.1503523
-0.1506213
-0.1537291
-0.1577392
-0.1597732
-0.1576790
-0.1493688
-0.1344779
-0.1173235
-0.1040225
-0.0951866
-0.0847786
-0.0677600
-0.0467093
-0.0300934
-0.0253087
-0.0327431
-0.0453095
-0.0557536
-0.0657417
-0.0821643
-0.0970532
-0.0728520
0.0414189
0.2684868
0.5711929
0.8603356
1.0384020
1.0490194
0.9001017
0.6492605
0.3680196
0.1132020
-0.0816806
-0.2044494
-0.2623990
-0.2775290
-0.2741130
-0.2661528
-0.2555541
-0.2399408
-0.2202173
-0.2018188
-0.1904962
-0.1867464
-0.1845127
-0.1771223
-0.1648714
-0.1549197
-0.1533942
-0.1596871
-0.1690419
-0.1785866
-0.1896535
-0.2050945
-0.2245218
-0.2416520
-0.2477843
-0.2400543
-0.2252869
-0.2130242
-0.2050544
-0.1943170
-0.1739629
-0.1447206
-0.1124561
-0.0802538
-0.0442070
0.0027694
0.0623653
0.1261070
0.1810955
0.2220211
0.2562394
0.2953689
0.3427010
0.3900141
0.4256485
0.4444455
0.4507179
0.4525789
0.4525934
0.4435922
0.4153371
0.3663665
0.3078058
0.2540693
0.2104979
0.1709805
0.1270251
0.0784193
0.0350494
0.0078482
-0.0025242
-0.0067528
-0.0150838
-0.0258111
-0.0283458
-0.0171895
0.0011753
0.0175417
0.0345869
0.0709021
0.1517852
0.2970754
0.5148587
0.7989064
1.1222676
1.4285417
1.6367699
1.6731733
1.5161024
1.2170504
0.8739168
0.5749764
0.3578641
0.2103890
0.1015091
0.0108204
-0.0640370
-0.1185661
-0.1537477
-0.1771933
-0.1959026
-0.2112772
-0.2209487
-0.2229544
-0.2177056
-0.2081532
-0.1990859
-0.1945780
-0.1949137
-0.1970792
-0.1990540
-0.2024107
-0.2096666
-0.2198443
-0.2277014
-0.2275615
-0.2182925
-0.2050955
-0.1956986
-0.1931892
-0.1922150
-0.1831870
-0.1607093
-0.1277881
-0.0923033
-0.0599074
-0.0296486
0.0043877
0.0466126
0.0942500
0.1387238
0.1736706
0.2009402
0.2275671
0.2573568
0.2867026
0.3085655
0.3196317
0.3233524
0.3259758
0.3290019
0.3255074
0.3052974
0.2649141
0.2122496
0.1604900
0.1173327
0.0799099
0.0397510
-0.0070361
-0.0536688
-0.0870674
-0.0997825
-0.0979041
-0.0959798
-0.1036700
-0.1181421
-0.1292728
-0.1305237
-0.1240360
-0.1167150
-0.1131434
-0.1123473
-0.1103064
-0.1046533
-0.0968745
-0.0909932
-0.0913029
-0.1006919
-0.1186751
-0.1400681
-0.1578503
-0.1695410
-0.1794834
-0.1922956
-0.2047247
-0.2074364
-0.1966107
-0.1817848
-0.1790256
-0.1949994
-0.2189246
-0.2323142
-0.2273406
-0.2140995
-0.2084064
-0.2139439
-0.2193541
-0.2129149
-0.1966270
-0.1835392
-0.1829233
-0.1909578
-0.1962057
-0.1922708
-0.1838034
-0.1805896
-0.1869705
-0.1976226
-0.2029130
-0.1970183
-0.1810863
-0.1610716
-0.1444024
-0.1369696
-0.1397550
-0.1474471
-0.1526480
-0.1532694
-0.1549829
-0.1647083
-0.1813930
-0.1943683
-0.1922574
-0.1741873
-0.1515958
-0.1379029
-0.1364466
-0.1394587
-0.1383636
-0.1329758
-0.1300477
-0.1351423
-0.1474059
-0.1591414
-0.1550168
-0.1101534
0.0053027
0.2091295
0.4844729
0.7702248
0.9790176
1.0378868
0.9267676
0.6887414
0.4057791
0.1570974
-0.0142851
-0.1099128
-0.1587431
-0.1891385
-0.2108104
-0.2184583
-0.2090594
-0.1925346
-0.1845133
-0.1906435
-0.2011938
-0.2026791
-0.1938246
-0.1878770
-0.1981637
-0.2229082
-0.2467424
-0.2573102
-0.2578264
-0.2616769
-0.2763946
-0.2953688
-0.3048380
-0.2967303
-0.2742917
-0.2473424
-0.2237792
-0.2048886
-0.1866105
-0.1638210
-0.1338953
-0.0980351
-0.0603550
-0.0248013
0.0085439
0.0437325
0.0837208
0.1246756
0.1577542
0.1783218
0.1923351
0.2111734
0.2392231
0.2677445
0.2827780
0.2797873
0.2693011
0.2659833
0.2715714
0.2707137
0.2460533
0.1971389
0.1423446
0.1015989
0.0789066
0.0627795
0.0419507
0.0177614
0.0003837
-0.0048574
-0.0044746
-0.0097290
-0.0249057
-0.0445632
-0.0609906
-0.0713657
-0.0775880
-0.0826109
-0.0887170
-0.0962424
-0.1004966
-0.0920353
-0.0656199
-0.0302453
-0.0047314
0.0024086
0.0075289
0.0403819
0.1165772
0.2281661
0.3676826
0.5541724
0.8152435
1.1283832
1.3872782
1.4519340
1.2560320
0.8723759
0.4667396
0.1782085
0.0348989
-0.0272582
-0.0792492
-0.1386384
-0.1816440
-0.1927307
-0.1880725
-0.1940830
-0.2169978
-0.2411976
-0.2520241
-0.2513656
-0.2502709
-0.2534288
-0.2558577
-0.2522169
-0.2438717
-0.2353425
-0.2271022
-0.2152103
-0.1976873
-0.1783217
-0.1627223
-0.1524331
-0.1452086
-0.1400252
-0.1382080
-0.1382224
-0.1324003
-0.1128546
-0.0812535
-0.0500000
-0.0311653
-0.0242258
-0.0164589
0.0034730
0.0333241
0.0604123
0.0770073
0.0902735
0.1148484
0.1563513
0.2046071
0.2436908
0.2669426
0.2811387
0.2973312
0.3193196
0.3406650
0.3509687
0.3440418
0.3212837
0.2895336
0.2565850
0.2270562
0.2000373
0.1702396
0.1332240
0.0908560
0.0509298
0.0203203
-0.0012530
-0.0201231
-0.0420400
-0.0675382
-0.0932237
-0.1159204
-0.1348555
-0.1507647
-0.1642116
-0.1752199
-0.1840389
-0.1915759
-0.1988342
-0.2059574
-0.2114249
-0.2115520
-0.2014284
-0.1787698
-0.1486405
-0.1229793
-0.1121183
-0.1152874
-0.1210074
-0.1185844
-0.1088381
-0.1022064
-0.1064511
-0.1179263
-0.1260855
-0.1256478
-0.1221700
-0.1246925
-0.1345239
-0.1437782
-0.1452933
-0.1417092
-0.1428417
-0.1547093
-0.1727484
-0.1859858
-0.1869979
-0.1779193
-0.1679817
-0.1657148
-0.1724519
-0.1819065
-0.1856486
-0.1799646
-0.1687815
-0.1603584
-0.1601968
-0.1660667
-0.1700625
-0.1664082
-0.1573572
-0.1507276
-0.1516485
-0.1577883
-0.1632160
-0.1659605
-0.1703706
-0.1816015
-0.1982742
-0.2113503
-0.2111355
-0.1962242
-0.1758217
-0.1627460
-0.1631152
-0.1717547
-0.1770739
-0.1710258
-0.1557748
-0.1413767
-0.1361375
-0.1382890
-0.1375198
-0.1256689
-0.1057849
-0.0896369
-0.0860728
-0.0927111
-0.0996262
-0.1003875
-0.0981567
-0.1006713
-0.1105282
-0.1219817
-0.1272842
-0.1244515
-0.1178295
-0.1128278
-0.1124994
-0.1176917
-0.1241793
-0.1140500
-0.0516547
0.1019906
0.3580003
0.6740833
0.9601180
1.1185538
1.0948246
0.9036253
0.6154597
0.3170824
0.0737481
-0.0877597
-0.1746602
-0.2123081
-0.2270635
-0.2346155
-0.2375837
-0.2321535
-0.2179425
-0.2025857
-0.1967230
-0.2041054
-0.2172452
-0.2243743
-0.2214785
-0.2165463
-0.2207057
-0.2353333
-0.2492121
-0.2493831
-0.2349239
-0.2196400
-0.2203202
-0.2410418
-0.2681702
-0.2813025
-0.2706956
-0.2452995
-0.2239073
-0.2175413
-0.2193715
-0.2115574
-0.1826845
-0.1391572
-0.0991303
-0.0746231
-0.0600031
-0.0389764
-0.0025540
0.0415109
0.0777466
0.0999483
0.1174233
0.1443120
0.1841933
0.2263223
0.2564135
0.2695324
0.2719632
0.2722890
0.2731174
0.2716211
0.2653815
0.2551780
0.2426449
0.2276916
0.2092145
0.1869228
0.1610399
0.1308769
0.0956000
0.0571150
0.0207459
-0.0088930
-0.0327263
-0.0558509
-0.0798909
-0.0982118
-0.1016557
-0.0895519
-0.0724011
-0.0615246
-0.0573897
-0.0508298
-0.0355054
-0.0156598
0.0006813
0.0140467
0.0356117
0.0780640
0.1504248
0.2651588
0.4425984
0.6920276
0.9773601
1.2072133
1.2781552
1.1466111
0.8663786
0.5537301
0.3092382
0.1639064
0.0876839
0.0367819
-0.0112507
-0.0577708
-0.0997055
-0.1360697
-0.1631664
-0.1751102
-0.1739691
-0.1740177
-0.1891480
-0.2162110
-0.2359380
-0.2328633
-0.2118951
-0.1925503
-0.1880840
-0.1934596
-0.1942662
-0.1842066
-0.1707633
-0.1644031
-0.1655873
-0.1642071
-0.1502735
-0.1231294
-0.0908402
-0.0629636
-0.0444180
-0.0339366
-0.0259287
-0.0139693
0.0053599
0.0303897
0.0561559
0.0792376
0.1013579
0.1278129
0.1617062
0.1998274
0.2350424
0.2631757
0.2868496
0.3115767
0.3381203
0.3597287
0.3677722
0.3601582
0.3436974
0.3276802
0.3149931
0.2998649
0.2746062
0.2381816
0.1975155
0.1605831
0.1292893
0.0996020
0.0677085
0.0348740
0.0063933
-0.0132600
-0.0241664
-0.0310577
-0.0405342
-0.0572172
-0.0805586
-0.1043910
-0.1208454
-0.1268490
-0.1272851
-0.1302150
-0.1378139
-0.1431211
-0.1375488
-0.1213230
-0.1043711
-0.0959507
-0.0950075
-0.0925813
-0.0830700
-0.0707173
-0.0638994
-0.0646343
-0.0661277
-0.0610792
-0.0505826
-0.0432681
-0.0463073
-0.0588746
-0.0743960
-0.0873595
-0.0970097
-0.1059706
-0.1172485
-0.1321676
-0.1490084
-0.1627881
-0.1681700
-0.1648489
-0.1600420
-0.1634195
-0.1777195
-0.1948888
-0.2034377
-0.2003213
-0.1941249
-0.1950584
-0.2026094
-0.2052884
-0.1932917
-0.1698038
-0.1481276
-0.1380169
-0.1364121
-0.1321883
-0.1189218
-0.1016767
-0.0912038
-0.0925344
-0.1000214
-0.1031628
-0.0965132
-0.0841452
-0.0755837
-0.0777619
-0.0896808
-0.1034950
-0.1110971
-0.1112368
-0.1110056
-0.1194734
-0.1385904
-0.1601946
-0.1728972
-0.1726330
-0.1660801
-0.1628642
-0.1644910
-0.1623205
-0.1475337
-0.1223140
-0.0993894
-0.0901130
-0.0942340
-0.1012724
-0.0979536
-0.0689746
0.0096757
0.1690565
0.4243155
0.7425934
1.0348991
1.1932124
1.1537827
0.9378037
0.6352087
0.3456202
0.1254232
-0.0219301
-0.1183151
-0.1810152
-0.2158074
-0.2280075
-0.2302958
-0.2367896
-0.2521135
-0.2690632
-0.2768582
-0.2705880
-0.2536364
-0.2336802
-0.2175330
-0.2080138
-0.2033406
-0.1993253
-0.1936300
-0.1884379
-0.1878994
-0.1921885
-0.1950395
-0.1888460
-0.1727442
-0.1546675
-0.1441951
-0.1432069
-0.1443219
-0.1389324
-0.1261699
-0.1131473
-0.1064669
-0.1043972
-0.0981059
-0.0805629
-0.0538216
-0.0271611
-0.0078781
0.0058154
0.0221255
0.0458029
0.0720478
0.0918301
0.1034198
0.1167064
0.1437577
0.1844981
0.2231469
0.2407238
0.2319957
0.2098873
0.1927465
0.1871878
0.1834212
0.1669028
0.1338570
0.0953195
0.0665896
0.0530608
0.0459702
0.0315591
0.0044924
-0.0274762
-0.0521084
-0.0657539
-0.0770608
-0.0969063
-0.1251177
-0.1488533
-0.1553662
-0.1458131
-0.1347818
-0.1354601
-0.1464862
-0.1550717
-0.1526933
-0.1450760
-0.1446980
-0.1546527
-0.1631500
-0.1555640
-0.1303610
-0.1008469
-0.0812589
-0.0733560
-0.0680325
-0.0584821
-0.0486482
-0.0475027
-0.0570050
-0.0685289
-0.0716639
-0.0647508
-0.0556330
-0.0531926
-0.0594468
-0.0688286
-0.0729651
-0.0667362
-0.0538396
-0.0492444
-0.0719870
-0.1253733
-0.1767940
-0.1609564
-0.0182570
0.2530549
0.5748784
0.8242307
0.9045847
0.7998930
0.5725439
0.3146873
0.0964774
-0.0541936
-0.1409661
-0.1804235
-0.1921641
-0.1953830
-0.2037179
-0.2193170
-0.2342505
-0.2407386
-0.2401976
-0.2411333
-0.2486202
-0.2578883
-0.2594166
-0.2494539
-0.2341114
-0.2229901
-0.2198398
-0.2201854
-0.2175790
-0.2109469
-0.2051101
-0.2045373
-0.2075910
-0.2074327
-0.1983213
-0.1806481
-0.1599218
-0.1412324
-0.1248316
-0.1068287
-0.0837888
-0.0563743
-0.0284256
-0.0025764
0.0231424
0.0544066
0.0961603
0.1482954
0.2048257
0.2573345
0.3003649
0.3345535
0.3644697
0.3925091
0.4144529
0.4216996
0.4090049
0.3803863
0.3465421
0.3152519
0.2840727
0.2433698
0.1873985
0.1222809
0.0623741
0.0184623
-0.0104158
-0.0338002
-0.0592911
-0.0853931
-0.1040979
-0.1098109
-0.1058588
-0.1028123
-0.1101798
-0.1281797
-0.1461670
-0.1497484
-0.1322087
-0.1010882
-0.0723294
-0.0544146
-0.0364288
0.0063100
0.0920366
0.2184766
0.3722136
0.5523629
0.7777452
1.0590305
1.3573443
1.5763171
1.6112328
1.4232233
1.0747019
0.6915819
0.3827622
0.1836854
0.0636235
-0.0236678
-0.0985496
-0.1545247
-0.1840645
-0.1967814
-0.2127574
-0.2431746
-0.2804218
-0.3060407
-0.3067590
-0.2842181
-0.2524794
-0.2274918
-0.2167735
-0.2159434
-0.2140505
-0.2036200
-0.1872410
-0.1747528
-0.1733172
-0.1796025
-0.1816438
-0.1688413
-0.1409293
-0.1079092
-0.0814404
-0.0657129
-0.0556218
-0.0429422
-0.0241443
-0.0027172
0.0155135
0.0290451
0.0426783
0.0628454
0.0909850
0.1218378
0.1486345
0.1699170
0.1909172
0.2181418
0.2527801
0.2892345
0.3193649
0.3377204
0.3433711
0.3382711
0.3249988
0.3057440
0.2820265
0.2542385
0.2216505
0.1839706
0.1435071
0.1051545
0.0731360
0.0475142
0.0247557
0.0025040
-0.0166998
-0.0278911
-0.0307203
-0.0330690
-0.0454354
-0.0702900
-0.0977951
-0.1141813
-0.1154673
-0.1120028
-0.1179940
-0.1363891
-0.1552050
-0.1594895
-0.1463770
-0.1275268
-0.1169320
-0.1174056
-0.1195514
-0.1130886
-0.0978106
-0.0832349
-0.0786683
-0.0845570
-0.0930468
-0.0957989
-0.0910759
-0.0843148
-0.0826877
-0.0886309
-0.0976068
-0.1021007
-0.0989174
-0.0933822
-0.0956586
-0.1112874
-0.1345541
-0.1520778
-0.1545218
-0.1454963
-0.1384973
-0.1444049
-0.1616895
-0.1786906
-0.1851530
-0.1815264
-0.1776566
-0.1830085
-0.1977180
-0.2119903
-0.2138239
-0.1985541
-0.1726466
-0.1487335
-0.1358477
-0.1330721
-0.1322618
-0.1272703
-0.1204541
-0.1195271
-0.1279109
-0.1392152
-0.1424563
-0.1327245
-0.1156653
-0.1011343
-0.0938882
-0.0922086
-0.0947350
-0.1039694
-0.1172036
-0.1117366
-0.0437820
0.1271102
0.4004384
0.7143738
0.9652392
1.0594328
0.9636433
0.7193389
0.4142966
0.1342548
-0.0725367
-0.2004958
-0.2684320
-0.2976000
-0.3010743
-0.2857985
-0.2590621
-0.2310434
-0.2112072
-0.2026233
-0.2003469
-0.1965833
-0.1887747
-0.1827634
-0.1868487
-0.2018423
-0.2177578
-0.2221307
-0.2125395
-0.2001047
-0.1993032
-0.2140483
-0.2344111
-0.2470206
-0.2475717
-0.2424039
-0.2389417
-0.2367070
-0.2284771
-0.2089058
-0.1803729
-0.1504533
-0.1249626
-0.1038865
-0.0828613
-0.0574372
-0.0265550
0.0063712
0.0353470
0.0565094
0.0727522
0.0930579
0.1247758
0.1652354
0.2023723
0.2257804
0.2372279
0.2483309
0.2666732
0.2855247
0.2894545
0.2705288
0.2374331
0.2073147
0.1889906
0.1750860
0.1504861
0.1076567
0.0539055
0.0050322
-0.0275986
-0.0452086
-0.0586737
-0.0770214
-0.0969558
-0.1037335
-0.0849579
-0.0451927
-0.0046143
0.0211211
0.0410491
0.0863113
0.1848111
0.3391179
0.5304466
0.7397543
0.9550016
1.1520474
1.2760513
1.2598607
1.0766072
0.7776243
0.4707225
0.2501225
0.1386017
0.0906743
0.0460926
-0.0205565
-0.0942986
-0.1496942
-0.1786186
-0.1922412
-0.2050771
-0.2221618
-0.2390211
-0.2488591
-0.2485119
-0.2403642
-0.2308885
-0.2263847
-0.2279196
-0.2300044
-0.2254819
-0.2123754
-0.1953803
-0.1804705
-0.1691508
-0.1588146
-0.1475635
-0.1365396
-0.1270967
-0.1175741
-0.1046181
-0.0871005
-0.0668948
-0.0455686
-0.0222922
0.0035158
0.0289523
0.0501008
0.0687165
0.0939404
0.1340975
0.1864175
0.2375725
0.2766833
0.3069315
0.3415434
0.3871513
0.4329564
0.4588600
0.4546997
0.4298759
0.4030214
0.3832816
0.3633835
0.3307797
0.2832352
0.2316693
0.1885193
0.1557004
0.1250616
0.0892335
0.0498794
0.0147840
-0.0118060
-0.0344607
-0.0618833
-0.0971706
-0.1325740
-0.1538309
-0.1507796
-0.1259257
-0.0941247
-0.0730474
-0.0711703
-0.0826271
-0.0934947
-0.0945689
-0.0893376
-0.0895199
-0.1021801
-0.1211704
-0.1320596
-0.1263150
-0.1105709
-0.1010911
-0.1084404
-0.1277591
-0.1445813
-0.1499725
-0.1489116
-0.1531934
-0.1670475
-0.1816620
-0.1848707
-0.1752701
-0.1648632
-0.1668278
-0.1814064
-0.1951348
-0.1943550
-0.1789235
-0.1622870
-0.1585943
-0.1701759
-0.1869059
-0.1963264
-0.1939166
-0.1848508
-0.1776625
-0.1767237
-0.1797161
-0.1810485
-0.1774990
-0.1711606
-0.1672234
-0.1685662
-0.1723039
-0.1721037
-0.1644474
-0.1523768
-0.1423338
-0.1373356
-0.1343703
-0.1292220
-0.1227153
-0.1200584
-0.1233698
-0.1267019
-0.1208746
-0.1036171
-0.0831756
-0.0704058
-0.0678787
-0.0683734
-0.0642802
-0.0568543
-0.0549830
-0.0655302
-0.0855247
-0.1013057
-0.0905703
-0.0241923
0.1262625
0.3688153
0.6678640
0.9409907
1.0910346
1.0584632
0.8559994
0.5581395
0.2552214
0.0092119
-0.1596044
-0.2577343
-0.2994680
-0.3004378
-0.2794596
-0.2562419
-0.2430695
-0.2400404
-0.2401917
-0.2385727
-0.2351463
-0.2304634
-0.2225333
-0.2103538
-0.1986496
-0.1951878
-0.2019546
-0.2114045
-0.2143772
-0.2113534
-0.2126458
-0.2253989
-0.2421451
-0.2459158
-0.2283768
-0.2011638
-0.1864195
-0.1951940
-0.2163931
-0.2279042
-0.2174887
-0.1911389
-0.1617329
-0.1329951
-0.0975281
-0.0497311
0.0033228
0.0468770
0.0737113
0.0915159
0.1134737
0.1428480
0.1694640
0.1820965
0.1822130
0.1830018
0.1947571
0.2133239
0.2244436
0.2186054
0.1997295
0.1789806
0.1620336
0.1445062
0.1197122
0.0885752
0.0599220
0.0412635
0.0309456
0.0201521
0.0017672
-0.0236228
-0.0497841
-0.0712563
-0.0872777
-0.1004995
-0.1130716
-0.1240611
-0.1300947
-0.1284926
-0.1204642
-0.1115094
-0.1077822
-0.1108246
-0.1157717
-0.1158571
-0.1094942
-0.1023166
-0.1011677
-0.1062009
-0.1101467
-0.1059741
-0.0943432
-0.0823420
-0.0751700
-0.0705718
-0.0623756
-0.0487447
-0.0353347
-0.0295342
-0.0323003
-0.0369711
-0.0366575
-0.0321276
-0.0313432
-0.0408568
-0.0582743
-0.0741463
-0.0816902
-0.0840464
-0.0907923
-0.1067872
-0.1254331
-0.1346524
-0.1301182
-0.1213644
-0.1232334
-0.1411168
-0.1656874
-0.1826495
-0.1866619
-0.1844252
-0.1844740
-0.1860887
-0.1802335
-0.1612878
-0.1358109
-0.1178578
-0.1155671
-0.1235471
-0.1291418
-0.1255880
-0.1180948
-0.1169626
-0.1256020
-0.1362214
-0.1375901
-0.1267969
-0.1129828
-0.1092510
-0.1207230
-0.1402174
-0.1552433
-0.1591631
-0.1559747
-0.1547769
-0.1598193
-0.1660032
-0.1642464
-0.1513706
-0.1346138
-0.1264119
-0.1350509
-0.1600380
-0.1937694
-0.2224646
-0.2214832
-0.1523765
0.0240751
0.3164565
0.6740203
0.9915673
1.1576065
1.1173373
0.9033761
0.6100865
0.3332133
0.1225275
-0.0219321
-0.1203401
-0.1850566
-0.2171571
-0.2204557
-0.2101726
-0.2049654
-0.2127309
-0.2271278
-0.2380076
-0.2429798
-0.2475685
-0.2558463
-0.2641958
-0.2659514
-0.2608588
-0.2570821
-0.2622100
-0.2733179
-0.2784199
-0.2689395
-0.2493915
-0.2326500
-0.2255170
-0.2209619
-0.2061843
-0.1774659
-0.1447746
-0.1207973
-0.1070187
-0.0927580
-0.0678583
-0.0338824
-0.0009498
0.0251971
0.0499128
0.0824039
0.1239042
0.1655103
0.1974447
0.2180430
0.2325086
0.2448227
0.2538428
0.2577671
0.2595104
0.2643243
0.2717566
0.2728046
0.2579350
0.2280721
0.1955154
0.1723012
0.1579661
0.1401476
0.1079350
0.0642458
0.0244235
0.0025052
-0.0009397
0.0023153
0.0002485
-0.0093165
-0.0198752
-0.0251394
-0.0251117
-0.0241733
-0.0255280
-0.0285845
-0.0303813
-0.0277391
-0.0184462
-0.0027947
0.0147138
0.0271518
0.0320002
0.0369986
0.0566993
0.1015711
0.1733651
0.2755071
0.4259827
0.6487094
0.9391639
1.2348991
1.4297401
1.4340057
1.2354780
0.9087080
0.5648655
0.2863781
0.0977936
-0.0165748
-0.0798959
-0.1081676
-0.1155422
-0.1190907
-0.1317345
-0.1535742
-0.1750986
-0.1891553
-0.1969755
-0.2023663
-0.2041124
-0.1978886
-0.1846911
-0.1729928
-0.1700795
-0.1733158
-0.1734283
-0.1665218
-0.1594488
-0.1609347
-0.1691490
-0.1715832
-0.1581653
-0.1322595
-0.1067490
-0.0901584
-0.0789425
-0.0638714
-0.0416390
-0.0175500
0.0030876
0.0232601
0.0513248
0.0900750
0.1311955
0.1625469
0.1808485
0.1958373
0.2209201
0.2596524
0.3019242
0.3339364
0.3518100
0.3645708
0.3831226
0.4068635
0.4225537
0.4169913
0.3899572
0.3535561
0.3190494
0.2859715
0.2455534
0.1942662
0.1416921
0.1031382
0.0847306
0.0774105
0.0662096
0.0441784
0.0161497
-0.0098658
-0.0321988
-0.0553027
-0.0816741
-0.1065230
-0.1215508
-0.1233322
-0.1170007
-0.1116880
-0.1129741
-0.1197249
-0.1271230
-0.1317685
-0.1342152
-0.1376101
-0.1439701
-0.1509777
-0.1524553
-0.1434424
-0.1259408
-0.1089138
-0.1009355
-0.1022415
-0.1048255
-0.1010071
-0.0913205
-0.0830884
-0.0817024
-0.0851059
-0.0878595
-0.0891071
-0.0938071
-0.1054424
-0.1199296
-0.1293364
-0.1312900
-0.1321563
-0.1395165
-0.1527342
-0.1629045
-0.1624156
-0.1532802
-0.1450715
-0.1451925
-0.1524477
-0.1604120
-0.1656338
-0.1707390
-0.1793556
-0.1896541
-0.1945099
-0.1882826
-0.1728780
-0.1568097
-0.1481621
-0.1479875
-0.1499665
-0.1464025
-0.1350785
-0.1209592
-0.1114911
-0.1098623
-0.1121552
-0.1108782
-0.1018264
-0.0879771
-0.0764926
-0.0719174
-0.0733800
-0.0791397
-0.0914213
-0.1112298
-0.1241941
-0.0937041
0.0227932
0.2394315
0.5169353
0.7729579
0.9251711
0.9348993
0.8184964
0.6235122
0.3963510
0.1682192
-0.0389912
-0.2050074
-0.3145668
-0.3662780
-0.3738374
-0.3566240
-0.3292376
-0.2992220
-0.2714684
-0.2510025
-0.2404453
-0.2368325
-0.2333680
-0.2248949
-0.2113326
-0.1965225
-0.1851038
-0.1801857
-0.1817252
-0.1855739
-0.1853339
-0.1776717
-0.1665909
-0.1607985
-0.1648432
-0.1726864
-0.1716774
-0.1544058
-0.1264173
-0.1008494
-0.0849331
-0.0728659
-0.0529862
-0.0211360
0.0148965
0.0446551
0.0672058
0.0922862
0.1289006
0.1738589
0.2131876
0.2356141
0.2439230
0.2516660
0.2684125
0.2894582
0.3011724
0.2960661
0.2813289
0.2720285
0.2764161
0.2882694
0.2931084
0.2810556
0.2536819
0.2198366
0.1868110
0.1560430
0.1256188
0.0946910
0.0651240
0.0402380
0.0227304
0.0129154
0.0079136
0.0028368
-0.0061433
-0.0193616
-0.0344546
-0.0496414
-0.0657001
-0.0840252
-0.1028182
-0.1164738
-0.1203408
-0.1164829
-0.1135050
-0.1192342
-0.1332324
-0.1469297
-0.1512992
-0.1444908
-0.1326016
-0.1237823
-0.1214492
-0.1221312
-0.1189790
-0.1075037
-0.0889919
-0.0694813
-0.0555029
-0.0495525
-0.0483448
-0.0456306
-0.0380768
-0.0289321
-0.0248723
-0.0283219
-0.0337349
-0.0331669
-0.0259043
-0.0210497
-0.0287373
-0.0485301
-0.0680854
-0.0750135
-0.0699558
-0.0661531
-0.0749521
-0.0927752
-0.1041291
-0.0975343
-0.0771393
-0.0581324
-0.0517263
-0.0554356
-0.0573757
-0.0488371
-0.0323725
-0.0183760
-0.0145895
-0.0191552
-0.0237400
-0.0232898
-0.0219968
-0.0270450
-0.0322634
-0.0061883
0.0981732
0.3094293
0.6019838
0.8913351
1.0734200
1.0834418
0.9303167
0.6824295
0.4208850
0.1993643
0.0356931
-0.0725404
-0.1331028
-0.1575405
-0.1636859
-0.1692930
-0.1800626
-0.1871661
-0.1797188
-0.1590390
-0.1386094
-0.1303554
-0.1333792
-0.1373999
-0.1357058
-0.1323154
-0.1360262
-0.1494841
-0.1660448
-0.1767587
-0.1782476
-0.1733307
-0.1663484
-0.1599690
-0.1553041
-0.1519977
-0.1471122
-0.1359047
-0.1158876
-0.0900081
-0.0641067
-0.0402948
-0.0137613
0.0222421
0.0678955
0.1147178
0.1534615
0.1837629
0.2143057
0.2528125
0.2970787
0.3370726
0.3654704
0.3849193
0.4044275
0.4288999
0.4525817
0.4630160
0.4516763
0.4209267
0.3808840
0.3400544
0.2993379
0.2544614
0.2030253
0.1487117
0.0991545
0.0601930
0.0319863
0.0101646
-0.0096469
-0.0284217
-0.0441146
-0.0545438
-0.0599709
-0.0638835
-0.0715140
-0.0860275
-0.1044989
-0.1182618
-0.1196938
-0.1102423
-0.1009342
-0.1029389
-0.1164970
-0.1298495
-0.1307313
-0.1196503
-0.1106993
-0.1176454
-0.1392060
-0.1594781
-0.1635362
-0.1517077
-0.1379044
-0.1349982
-0.1431902
-0.1523400
-0.1538130
-0.1486175
-0.1442081
-0.1448624
-0.1465464
-0.1411594
-0.1247050
-0.1009513
-0.0782897
-0.0639494
-0.0599887
-0.0625972
-0.0649323
-0.0626927
-0.0586565
-0.0610093
-0.0749483
-0.0947277
-0.1052492
-0.0944161
-0.0659842
-0.0394069
-0.0340830
-0.0517869
-0.0751723
-0.0849032
-0.0782366
-0.0700245
-0.0758434
-0.0955336
-0.1139600
-0.1171596
-0.1065620
-0.0969897
-0.1014762
-0.1191678
-0.1380886
-0.1480361
-0.1491637
-0.1487935
-0.1524802
-0.1593666
-0.1645628
-0.1638229
-0.1558483
-0.1418953
-0.1246794
-0.1075063
-0.0930439
-0.0817596
-0.0718851
-0.0622317
-0.0552026
-0.0552044
-0.0625550
-0.0702261
-0.0694682
-0.0596206
-0.0504215
-0.0523420
-0.0645458
-0.0742494
-0.0696186
-0.0529656
-0.0391491
-0.0396317
-0.0497884
-0.0550370
-0.0492171
-0.0411894
-0.0364906
-0.0115692
0.0861150
0.2996116
0.6127132
0.9347190
1.1418655
1.1499985
0.9643311
0.6696534
0.3728642
0.1447323
-0.0001111
-0.0833937
-0.1313322
-0.1574815
-0.1658123
-0.1613560
-0.1542541
-0.1543237
-0.1638828
-0.1769073
-0.1849062
-0.1838581
-0.1770896
-0.1726735
-0.1769980
-0.1888155
-0.1992903
-0.1995438
-0.1893853
-0.1781630
-0.1759395
-0.1833250
-0.1901480
-0.1846586
-0.1645944
-0.1392808
-0.1205398
-0.1115528
-0.1048643
-0.0906632
-0.0658250
-0.0350838
-0.0053242
0.0202359
0.0439240
0.0719668
0.1106530
0.1615785
0.2188471
0.2715258
0.3109780
0.3374948
0.3596547
0.3857661
0.4152626
0.4395852
0.4523860
0.4572718
0.4629491
0.4707898
0.4700800
0.4477210
0.4019257
0.3445836
0.2898116
0.2413376
0.1921387
0.1360757
0.0781416
0.0316300
0.0053487
-0.0048899
-0.0117531
-0.0248998
-0.0446642
-0.0651308
-0.0809495
-0.0912407
-0.0989993
-0.1079374
-0.1192154
-0.1301763
-0.1361437
-0.1342023
-0.1261625
-0.1180839
-0.1158687
-0.1199519
-0.1243637
-0.1224170
-0.1140792
-0.1070301
-0.1095805
-0.1223713
-0.1369365
-0.1424631
-0.1350859
-0.1220779
-0.1166571
-0.1265000
-0.1458586
-0.1597009
-0.1572327
-0.1421297
-0.1292039
-0.1301476
-0.1416254
-0.1474245
-0.1336980
-0.1032904
-0.0745739
-0.0649949
-0.0755707
-0.0918579
-0.0994551
-0.0974378
-0.0967043
-0.1063411
-0.1224995
-0.1310244
-0.1213950
-0.0981560
-0.0780980
-0.0757790
-0.0917401
-0.1141269
-0.1303339
-0.1368121
-0.1393313
-0.1454895
-0.1569859
-0.1683601
-0.1729469
-0.1698533
-0.1646027
-0.1630197
-0.1653501
-0.1667211
-0.1627188
-0.1540473
-0.1459517
-0.1431429
-0.1450209
-0.1460380
-0.1411334
-0.1306099
-0.1194935
-0.1128187
-0.1119493
-0.1142147
-0.1147596
-0.1097632
-0.1000604
-0.0916752
-0.0907065
-0.0967924
-0.1032566
-0.1051116
-0.1048408
-0.1047801
-0.0890617
-0.0153399
0.1635924
0.4541092
0.7894714
1.0494271
1.1285506
1.0024994
0.7383231
0.4430472
0.1965795
0.0213948
-0.0984607
-0.1802559
-0.2259018
-0.2341274
-0.2176469
-0.2008651
-0.2009049
-0.2148774
-0.2269630
-0.2255621
-0.2124231
-0.1976575
-0.1889646
-0.1859457
-0.1831079
-0.1769426
-0.1697096
-0.1668012
-0.1712133
-0.1805708
-0.1884639
-0.1884800
-0.1788175
-0.1646290
-0.1547211
-0.1535581
-0.1560099
-0.1512260
-0.1324076
-0.1027128
-0.0718391
-0.0469834
-0.0264561
-0.0016720
0.0339876
0.0779422
0.1207309
0.1557318
0.1853018
0.2165183
0.2520931
0.2870177
0.3141381
0.3322202
0.3479634
0.3692389
0.3954909
0.4154388
0.4159464
0.3935548
0.3563586
0.3147725
0.2720537
0.2241992
0.1676094
0.1059347
0.0498766
0.0101664
-0.0105064
-0.0193647
-0.0271869
-0.0399258
-0.0562020
-0.0715682
-0.0839945
-0.0957552
-0.1109426
-0.1306983
-0.1504492
-0.1632088
-0.1668578
-0.1669687
-0.1707535
-0.1790408
-0.1862231
-0.1880950
-0.1879309
-0.1935846
-0.2084483
-0.2257667
-0.2333666
-0.2257150
-0.2109279
-0.2036951
-0.2106768
-0.2245394
-0.2328691
-0.2309407
-0.2245069
-0.2215670
-0.2230834
-0.2216216
-0.2086694
-0.1836669
-0.1557370
-0.1358945
-0.1279620
-0.1278395
-0.1303504
-0.1345632
-0.1425935
-0.1552921
-0.1696764
-0.1796697
-0.1799230
-0.1707542
-0.1595368
-0.1557465
-0.1637500
-0.1801301
-0.1971755
-0.2087909
-0.2146231
-0.2194549
-0.2273491
-0.2358120
-0.2378360
-0.2310181
-0.2222458
-0.2206863
-0.2272433
-0.2335973
-0.2318433
-0.2235030
-0.2182343
-0.2233468
-0.2342520
-0.2363928
-0.2188118
-0.1860076
-0.1545590
-0.1378413
-0.1356543
-0.1381651
-0.1367324
-0.1298240
-0.1210786
-0.1141390
-0.1097883
-0.1081353
-0.1122885
-0.1244830
-0.1323359
-0.0995466
0.0205245
0.2499105
0.5551668
0.8480222
1.0238591
1.0172599
0.8383102
0.5627673
0.2833798
0.0610807
-0.0897725
-0.1833722
-0.2384831
-0.2681772
-0.2818417
-0.2885194
-0.2949848
-0.3006533
-0.2974195
-0.2788725
-0.2504367
-0.2269359
-0.2186341
-0.2225144
-0.2284890
-0.2307415
-0.2308637
-0.2327707
-0.2372802
-0.2405945
-0.2371865
-0.2256784
-0.2118223
-0.2033022
-0.2016939
-0.2021091
-0.2000552
-0.1950604
-0.1877744
-0.1774951
-0.1634259
-0.1457210
-0.1250007
-0.1024165
-0.0785287
-0.0498248
-0.0094509
0.0442207
0.1020143
0.1520202
0.1923448
0.2317684
0.2786532
0.3323888
0.3840702
0.4224676
0.4414821
0.4448458
0.4414114
0.4339361
0.4162670
0.3837016
0.3409849
0.2966727
0.2544455
0.2134417
0.1723112
0.1296839
0.0855366
0.0445778
0.0126657
-0.0118566
-0.0361235
-0.0601875
-0.0750012
-0.0758376
-0.0688063
-0.0597179
-0.0434791
-0.0069386
0.0648148
0.1844263
0.3533961
0.5545864
0.7602358
0.9426010
1.0657877
1.0805943
0.9587272
0.7361247
0.4947934
0.2921136
0.1303782
-0.0003609
