0.0043200
0.0160134
0.0552049
0.0843207
0.0956051
0.1099506
0.1339984
0.1541550
0.1663607
0.1797112
0.1922862
0.1909915
0.1767423
0.1668004
0.1688608
0.1704831
0.1570845
0.1274303
0.0911178
0.0615314
0.0486440
0.0478431
0.0396182
0.0114819
-0.0239561
-0.0442236
-0.0462640
-0.0482756
-0.0642267
-0.0877187
-0.1016262
-0.0958803
-0.0752167
-0.0542342
-0.0443216
-0.0433629
-0.0409842
-0.0333300
-0.0243645
-0.0102537
0.0269865
0.1034737
0.2191998
0.3668414
0.5452917
0.7496844
0.9464223
1.0688247
1.0499035
0.8705519
0.5833869
0.2872844
0.0671589
-0.0522246
-0.1007533
-0.1206082
-0.1342451
-0.1446195
-0.1489202
-0.1450532
-0.1329728
-0.1175383
-0.1080040
-0.1105231
-0.1218403
-0.1322421
-0.1348445
-0.1325790
-0.1362655
-0.1532639
-0.1768427
-0.1908872
-0.1882612
-0.1801143
-0.1817725
-0.1925625
-0.1961651
-0.1804483
-0.1514376
-0.1263740
-0.1160146
-0.1148723
-0.1076604
-0.0850977
-0.0530965
-0.0248992
-0.0049272
0.0160078
0.0490028
0.0947590
0.1444876
0.1890089
0.2243972
0.2518701
0.2753646
0.2979186
0.3186383
0.3341890
0.3435034
0.3488098
0.3514227
0.3487485
0.3363046
0.3113351
0.2747896
0.2317455
0.1892799
0.1512764
0.1153318
0.0768992
0.0361669
-0.0011555
-0.0292647
-0.0466115
-0.0560612
-0.0631714
-0.0732101
-0.0869187
-0.0993010
-0.1046306
-0.1023889
-0.0967168
-0.0906937
-0.0828607
-0.0692163
-0.0479722
-0.0230807
-0.0030265
0.0059341
0.0059667
0.0048458
0.0060937
0.0046127
-0.0061609
-0.0250993
-0.0437884
-0.0550896
-0.0596601
-0.0645024
-0.0759484
-0.0937398
-0.1120206
-0.1265967
-0.1399605
-0.1573029
-0.1786462
-0.1978469
-0.2094804
-0.2141530
-0.2164586
-0.2197022
-0.2231700
-0.2229331
-0.2148415
-0.1980275
-0.1759702
-0.1536552
-0.1340305
-0.1174240
-0.1027433
-0.0879061
-0.0707933
-0.0521864
-0.0373087
-0.0324539
-0.0396148
-0.0547822
-0.0709992
-0.0831232
-0.0912296
-0.0999329
-0.1126122
-0.1257104
-0.1314028
-0.1279709
-0.1254478
-0.1373858
-0.1661376
-0.1979880
-0.2147731
-0.2114409
-0.2018146
-0.2048974
-0.2239448
-0.2408327
-0.2339618
-0.2011624
-0.1619760
-0.1373056
-0.1300213
-0.1265956
-0.1145558
-0.0952570
-0.0801998
-0.0775003
-0.0836217
-0.0881633
-0.0851153
-0.0777764
-0.0733601
-0.0756878
-0.0840972
-0.0963371
-0.1095457
-0.1200016
-0.1255295
-0.1285000
-0.1338598
-0.1428744
-0.1499352
-0.1470442
-0.1322054
-0.1133214
-0.1024154
-0.1042204
-0.1108607
-0.1101284
-0.0992419
-0.0867854
-0.0771476
-0.0527931
0.0244962
0.1884288
0.4357773
0.7121727
0.9311171
1.0175812
0.9472775
0.7544870
0.5061652
0.2651152
0.0677173
-0.0757370
-0.1681333
-0.2151449
-0.2246162
-0.2105314
-0.1911592
-0.1793541
-0.1753908
-0.1718756
-0.1656801
-0.1628320
-0.1710662
-0.1894729
-0.2073474
-0.2135935
-0.2067956
-0.1953642
-0.1874900
-0.1820835
-0.1713307
-0.1517135
-0.1296635
-0.1148710
-0.1098247
-0.1078631
-0.1006480
-0.0858895
-0.0682441
-0.0543539
-0.0473320
-0.0449471
-0.0420698
-0.0344861
-0.0209733
-0.0033961
0.0140826
0.0272210
0.0354693
0.0436109
0.0576427
0.0781462
0.0988144
0.1122325
0.1166041
0.1167378
0.1192117
0.1266815
0.1362506
0.1433006
0.1471610
0.1523558
0.1633596
0.1785240
0.1902704
0.1914289
0.1809908
0.1639671
0.1462109
0.1292902
0.1102888
0.0869576
0.0626234
0.0444086
0.0358414
0.0324053
0.0255287
0.0105205
-0.0098791
-0.0288102
-0.0412981
-0.0478743
-0.0534693
-0.0625181
-0.0742931
-0.0829883
-0.0829985
-0.0747530
-0.0657718
-0.0654356
-0.0768338
-0.0924347
-0.0991076
-0.0898907
-0.0711230
-0.0562195
-0.0517598
-0.0510126
-0.0420075
-0.0211757
0.0018687
0.0129306
0.0063757
-0.0099396
-0.0224741
-0.0246500
-0.0219365
-0.0251788
-0.0398440
-0.0613453
-0.0790528
-0.0843625
-0.0770751
-0.0661329
-0.0634355
-0.0744950
-0.0939044
-0.1103439
-0.1166571
-0.1155769
-0.1162285
-0.1250735
-0.1395530
-0.1503364
-0.1504287
-0.1422682
-0.1350686
-0.1347174
-0.1369645
-0.1313914
-0.1123281
-0.0858513
-0.0656359
-0.0607333
-0.0666025
-0.0690943
-0.0587310
-0.0407638
-0.0297533
-0.0343486
-0.0490054
-0.0610561
-0.0643093
-0.0644294
-0.0716171
-0.0893979
-0.1110609
-0.1264652
-0.1314703
-0.1306570
-0.1320910
-0.1407061
-0.1559853
-0.1736279
-0.1885033
-0.1976870
-0.2021470
-0.2046069
-0.2046093
-0.1969363
-0.1771870
-0.1490821
-0.1241451
-0.1122528
-0.1122835
-0.1130456
-0.1044269
-0.0877740
-0.0744917
-0.0738920
-0.0832010
-0.0904962
-0.0868989
-0.0745877
-0.0631787
-0.0600149
-0.0645399
-0.0706865
-0.0733899
-0.0729710
-0.0740403
-0.0805937
-0.0922735
-0.1050739
-0.1147846
-0.1192684
-0.1183721
-0.1130959
-0.1050131
-0.0955129
-0.0851042
-0.0739073
-0.0632623
-0.0563647
-0.0553104
-0.0540164
-0.0314657
0.0456037
0.2046802
0.4418204
0.7082808
0.9248377
1.0186943
0.9598302
0.7739409
0.5259053
0.2866407
0.1040007
-0.0084196
-0.0645440
-0.0902966
-0.1084164
-0.1289928
-0.1488998
-0.1601564
-0.1608671
-0.1589363
-0.1648541
-0.1807907
-0.1972233
-0.2009903
-0.1874851
-0.1653309
-0.1486267
-0.1440175
-0.1454171
-0.1413898
-0.1268396
-0.1068408
-0.0899461
-0.0792403
-0.0701026
-0.0557450
-0.0344560
-0.0116810
0.0049563
0.0129299
0.0170957
0.0245407
0.0373014
0.0504480
0.0574190
0.0573405
0.0571559
0.0659381
0.0861081
0.1102465
0.1276712
0.1347739
0.1383163
0.1481506
0.1672866
0.1895373
0.2062726
0.2147164
0.2197684
0.2282766
0.2417305
0.2544105
0.2584348
0.2504186
0.2335518
0.2141849
0.1968524
0.1815236
0.1642429
0.1405752
0.1098384
0.0766934
0.0480266
0.0275451
0.0131580
-0.0004855
-0.0169372
-0.0351212
-0.0513014
-0.0639266
-0.0761529
-0.0925198
-0.1127589
-0.1300687
-0.1368856
-0.1323524
-0.1233244
-0.1179456
-0.1187066
-0.1216443
-0.1214413
-0.1166274
-0.1099446
-0.1044141
-0.0997602
-0.0925556
-0.0791370
-0.0585303
-0.0340248
-0.0125177
-0.0002034
0.0036781
0.0081596
0.0229346
0.0501149
0.0889886
0.1523007
0.2713992
0.4706947
0.7254856
0.9470910
1.0254729
0.9058140
0.6343792
0.3288247
0.0959965
-0.0314514
-0.0900207
-0.1298699
-0.1685975
-0.1919344
-0.1858286
-0.1589241
-0.1351144
-0.1308455
-0.1431629
-0.1574572
-0.1628522
-0.1597251
-0.1558131
-0.1579163
-0.1662577
-0.1738414
-0.1708603
-0.1525666
-0.1250582
-0.1023414
-0.0953425
-0.1028880
-0.1138587
-0.1181532
-0.1149063
-0.1100072
-0.1068383
-0.1011246
-0.0856696
-0.0593829
-0.0300151
-0.0071782
0.0067139
0.0180272
0.0352640
0.0616710
0.0934332
0.1231972
0.1451011
0.1584453
0.1686277
0.1845209
0.2128517
0.2526700
0.2942700
0.3246225
0.3360477
0.3308409
0.3171702
0.3000857
0.2770676
0.2428494
0.1979329
0.1511767
0.1133600
0.0879551
0.0680419
0.0426826
0.0074713
-0.0304382
-0.0582507
-0.0694700
-0.0702671
-0.0734907
-0.0859366
-0.1018392
-0.1097742
-0.1063660
-0.1020809
-0.1114010
-0.1364637
-0.1621878
-0.1700384
-0.1569192
-0.1387686
-0.1344871
-0.1470731
-0.1613906
-0.1599186
-0.1397524
-0.1144597
-0.1006934
-0.1038854
-0.1161852
-0.1262728
-0.1297813
-0.1309385
-0.1361118
-0.1466973
-0.1574244
-0.1607792
-0.1536909
-0.1407461
-0.1304807
-0.1276668
-0.1293661
-0.1292250
-0.1253717
-0.1228729
-0.1277151
-0.1389565
-0.1480410
-0.1466586
-0.1351802
-0.1227152
-0.1185947
-0.1241613
-0.1329542
-0.1379261
-0.1375218
-0.1353946
-0.1359288
-0.1406177
-0.1476246
-0.1537004
-0.1567664
-0.1576019
-0.1594511
-0.1656447
-0.1769752
-0.1909705
-0.2038530
-0.2137260
-0.2219980
-0.2311721
-0.2409294
-0.2469998
-0.2446693
-0.2332384
-0.2162806
-0.1974421
-0.1768736
-0.1526964
-0.1259609
-0.1029917
-0.0911326
-0.0912638
-0.0953772
-0.0932674
-0.0821698
-0.0688617
-0.0617600
-0.0620514
-0.0637608
-0.0618847
-0.0586379
-0.0609260
-0.0724625
-0.0888008
-0.0982834
-0.0846751
-0.0281500
0.0909802
0.2793367
0.5127412
0.7310448
0.8593187
0.8471259
0.6982197
0.4677798
0.2299222
0.0404262
-0.0807912
-0.1424091
-0.1634999
-0.1609376
-0.1472308
-0.1322466
-0.1223992
-0.1185671
-0.1174820
-0.1166041
-0.1171726
-0.1218443
-0.1299122
-0.1363424
-0.1367522
-0.1332311
-0.1337012
-0.1439411
-0.1604007
-0.1726925
-0.1744143
-0.1706949
-0.1732802
-0.1874821
-0.2048201
-0.2097504
-0.1941101
-0.1645051
-0.1348944
-0.1121120
-0.0897178
-0.0566610
-0.0110330
0.0363122
0.0721284
0.0937836
0.1112197
0.1362397
0.1703293
0.2030983
0.2225653
0.2269321
0.2262253
0.2323460
0.2476168
0.2631850
0.2684631
0.2617864
0.2516281
0.2473903
0.2492601
0.2476543
0.2329868
0.2054164
0.1739671
0.1462509
0.1208758
0.0913950
0.0568061
0.0257912
0.0093926
0.0103407
0.0208470
0.0307610
0.0365455
0.0415780
0.0491544
0.0580895
0.0669512
0.0818446
0.1179432
0.1915316
0.3081630
0.4541210
0.5945535
0.6796387
0.6601071
0.5095354
0.2428519
-0.0827577
-0.3896543
-0.6133705
-0.7275141
-0.7455716
-0.7025033
-0.6322363
-0.5556044
-0.4811556
-0.4116309
-0.3488741
-0.2951882
-0.2525777
-0.2213797
-0.1991263
-0.1805263
-0.1593564
-0.1318802
-0.0995936
-0.0684702
-0.0442708
-0.0276505
-0.0140308
0.0012180
0.0176211
0.0301585
0.0351562
0.0353222
0.0385155
0.0512195
0.0731078
0.0980904
0.1206595
0.1408836
0.1630001
0.1896837
0.2187202
0.2458364
0.2704922
0.2982059
0.3364434
0.3874804
0.4449923
0.4982138
0.5404010
0.5736417
0.6052326
0.6393691
0.6727226
0.6981580
0.7121714
0.7179879
0.7210981
0.7219253
0.7133328
0.6859972
0.6369743
0.5736017
0.5091472
0.4538350
0.4083693
0.3647279
0.3135992
0.2530160
0.1912685
0.1409817
0.1088165
0.0900124
0.0730778
0.0501905
0.0232447
0.0000560
-0.0147235
-0.0243155
-0.0354392
-0.0499815
-0.0621921
-0.0648679
-0.0579598
-0.0501219
-0.0512488
-0.0635789
-0.0802344
-0.0923336
-0.0974557
-0.1012726
-0.1109778
-0.1271201
-0.1420144
-0.1464073
-0.1379062
-0.1231396
-0.1120007
-0.1096733
-0.1134124
-0.1161544
-0.1132270
-0.1063628
-0.1018705
-0.1047991
-0.1142839
-0.1241948
-0.1285887
-0.1272341
-0.1261693
-0.1323389
-0.1468391
-0.1633099
-0.1736462
-0.1757469
-0.1753533
-0.1798908
-0.1906552
-0.2013518
-0.2042533
-0.1976785
-0.1877002
-0.1828394
-0.1868040
-0.1955972
-0.2011544
-0.1981122
-0.1879627
-0.1771378
-0.1704381
-0.1653048
-0.1527762
-0.1260760
-0.0900059
-0.0607574
-0.0523052
-0.0584886
-0.0469581
0.0260408
0.1874002
0.4242422
0.6824353
0.8882829
0.9804701
0.9344901
0.7684935
0.5311983
0.2807897
0.0651541
-0.0896532
-0.1807223
-0.2216583
-0.2326511
-0.2317800
-0.2302018
-0.2316180
-0.2347129
-0.2365146
-0.2351409
-0.2313935
-0.2287887
-0.2312211
-0.2388559
-0.2458685
-0.2439090
-0.2298212
-0.2101029
-0.1960459
-0.1929763
-0.1945524
-0.1890830
-0.1721467
-0.1520815
-0.1417601
-0.1449923
-0.1522448
-0.1503082
-0.1352135
-0.1146809
-0.0986578
-0.0892080
-0.0800290
-0.0641344
-0.0402729
-0.0123307
0.0152478
0.0399975
0.0606971
0.0768551
0.0901132
0.1044202
0.1222353
0.1403108
0.1516178
0.1533940
0.1522541
0.1585221
0.1741982
0.1880291
0.1848036
0.1601223
0.1247203
0.0932167
0.0694923
0.0449008
0.0110081
-0.0280736
-0.0580753
-0.0689403
-0.0650397
-0.0605111
-0.0657495
-0.0794837
-0.0929466
-0.0995235
-0.0996812
-0.0983908
-0.1000330
-0.1058036
-0.1138141
-0.1199829
-0.1197563
-0.1113667
-0.0983550
-0.0876018
-0.0835134
-0.0844616
-0.0857402
-0.0852934
-0.0849171
-0.0859210
-0.0859896
-0.0821831
-0.0758169
-0.0714341
-0.0700866
-0.0659900
-0.0518219
-0.0249103
0.0171868
0.0887165
0.2162464
0.4151877
0.6582247
0.8699838
0.9642313
0.8989691
0.7036668
0.4559300
0.2298210
0.0597391
-0.0570421
-0.1343282
-0.1786624
-0.1922210
-0.1839461
-0.1702836
-0.1639069
-0.1647636
-0.1642428
-0.1571411
-0.1477689
-0.1444994
-0.1502958
-0.1600103
-0.1664658
-0.1677415
-0.1680455
-0.1724931
-0.1821050
-0.1934795
-0.2018327
-0.2036959
-0.1978253
-0.1852990
-0.1693246
-0.1539985
-0.1419346
-0.1325115
-0.1225866
-0.1092422
-0.0919622
-0.0721328
-0.0505367
-0.0255992
0.0057057
0.0451108
0.0908775
0.1377558
0.1790014
0.2095170
0.2287333
0.2412298
0.2536422
0.2692719
0.2848475
0.2930716
0.2893141
0.2759859
0.2595654
0.2427382
0.2201941
0.1837964
0.1327092
0.0774253
0.0319934
0.0014532
-0.0224266
-0.0521010
-0.0908502
-0.1286441
-0.1511885
-0.1526616
-0.1397513
-0.1244785
-0.1144120
-0.1095576
-0.1064445
-0.1029316
-0.0991215
-0.0958915
-0.0943479
-0.0960956
-0.1020763
-0.1103688
-0.1163820
-0.1168893
-0.1141553
-0.1149448
-0.1243045
-0.1402185
-0.1550584
-0.1627674
-0.1645109
-0.1670677
-0.1758250
-0.1895558
-0.2017907
-0.2067475
-0.2038373
-0.1971033
-0.1912119
-0.1882337
-0.1875150
-0.1873944
-0.1863954
-0.1833752
-0.1777702
-0.1702168
-0.1622016
-0.1542061
-0.1444830
-0.1309760
-0.1152405
-0.1036632
-0.1030254
-0.1137118
-0.1277002
-0.1346565
-0.1311070
-0.1236681
-0.1226781
-0.1322595
-0.1466336
-0.1561836
-0.1569250
-0.1539558
-0.1559136
-0.1663956
-0.1807391
-0.1907923
-0.1926200
-0.1898506
-0.1900086
-0.1976253
-0.2102380
-0.2203276
-0.2212945
-0.2127287
-0.2008635
-0.1934468
-0.1926142
-0.1918718
-0.1809620
-0.1555213
-0.1228110
-0.0970569
-0.0875967
-0.0908232
-0.0938272
-0.0859382
-0.0665885
-0.0429047
-0.0220506
-0.0074616
-0.0005792
-0.0019846
-0.0090872
-0.0159931
-0.0197730
-0.0250775
-0.0345824
-0.0292210
0.0366175
0.2049122
0.4651659
0.7338197
0.8933737
0.8681553
0.6745918
0.4037221
0.1545763
-0.0225971
-0.1323500
-0.2002699
-0.2409604
-0.2540709
-0.2396015
-0.2082439
-0.1761041
-0.1532161
-0.1393163
-0.1292453
-0.1202192
-0.1138619
-0.1129882
-0.1177503
-0.1248635
-0.1301185
-0.1316981
-0.1313758
-0.1325532
-0.1369800
-0.1432261
-0.1480470
-0.1488252
-0.1448214
-0.1371440
-0.1286108
-0.1231623
-0.1232187
-0.1257650
-0.1216985
-0.1019082
-0.0663884
-0.0270061
0.0012741
0.0140358
0.0223507
0.0427128
0.0809925
0.1264473
0.1620601
0.1807012
0.1907408
0.2060514
0.2314932
0.2587485
0.2755586
0.2775782
0.2708628
0.2642130
0.2608215
0.2573273
0.2490015
0.2340076
0.2129802
0.1866653
0.1556741
0.1221099
0.0896548
0.0609641
0.0354197
0.0103983
-0.0151318
-0.0389444
-0.0577515
-0.0703844
-0.0779998
-0.0813893
-0.0793918
-0.0710164
-0.0588181
-0.0488410
-0.0462264
-0.0509712
-0.0586047
-0.0650873
-0.0704655
-0.0774771
-0.0873006
-0.0976771
-0.1052809
-0.1089987
-0.1102203
-0.1105185
-0.1102289
-0.1094366
-0.1089801
-0.1091083
-0.1075361
-0.1007690
-0.0887479
-0.0774190
-0.0745114
-0.0813811
-0.0897247
-0.0882308
-0.0736815
-0.0552019
-0.0465333
-0.0534878
-0.0690612
-0.0810143
-0.0839711
-0.0836735
-0.0895616
-0.1040838
-0.1200465
-0.1282360
-0.1267268
-0.1222882
-0.1233303
-0.1323423
-0.1449396
-0.1548086
-0.1585398
-0.1565030
-0.1510878
-0.1450617
-0.1403323
-0.1362871
-0.1291400
-0.1148325
-0.0942850
-0.0751976
-0.0665160
-0.0698820
-0.0773595
-0.0790817
-0.0734189
-0.0686345
-0.0738352
-0.0888089
-0.1036585
-0.1084079
-0.1022228
-0.0931288
-0.0898308
-0.0947955
-0.1045613
-0.1147515
-0.1236878
-0.1321860
-0.1416018
-0.1522370
-0.1621219
-0.1665287
-0.1602585
-0.1428640
-0.1217817
-0.1075212
-0.1032056
-0.0999064
-0.0859849
-0.0625434
-0.0458348
-0.0478529
-0.0513228
-0.0077447
0.1304920
0.3661879
0.6394879
0.8547410
0.9338418
0.8572250
0.6661590
0.4312929
0.2143187
0.0470863
-0.0663009
-0.1353816
-0.1712806
-0.1830214
-0.1794352
-0.1705209
-0.1651021
-0.1667401
-0.1722327
-0.1748815
-0.1703628
-0.1604619
-0.1514396
-0.1483334
-0.1503232
-0.1517144
-0.1479126
-0.1405481
-0.1362454
-0.1398109
-0.1485935
-0.1539535
-0.1487059
-0.1334155
-0.1156177
-0.1029474
-0.0966537
-0.0910342
-0.0786531
-0.0565625
-0.0286542
-0.0026593
0.0158592
0.0280376
0.0410018
0.0620284
0.0923812
0.1265245
0.1575200
0.1832309
0.2073235
0.2347852
0.2671381
0.3017608
0.3345518
0.3622348
0.3826402
0.3943847
0.3971457
0.3915159
0.3776320
0.3544751
0.3219980
0.2840249
0.2469658
0.2137671
0.1800048
0.1387211
0.0902472
0.0451698
0.0148792
-0.0007406
-0.0136189
-0.0339283
-0.0577028
-0.0705401
-0.0637364
-0.0441214
-0.0261637
-0.0162874
-0.0083728
0.0053250
0.0233340
0.0389595
0.0536904
0.0816182
0.1382512
0.2283296
0.3490074
0.5028580
0.6978943
0.9249591
1.1345983
1.2467647
1.1979901
0.9895401
0.6925583
0.4036504
0.1887080
0.0589557
-0.0113838
-0.0525914
-0.0819303
-0.1061710
-0.1290115
-0.1517260
-0.1707111
-0.1803755
-0.1800869
-0.1757807
-0.1727561
-0.1682410
-0.1538260
-0.1260764
-0.0931748
-0.0693183
-0.0621843
-0.0663822
-0.0694106
-0.0638340
-0.0536459
-0.0491524
-0.0560277
-0.0693271
-0.0779077
-0.0746792
-0.0628735
-0.0525374
-0.0507064
-0.0547342
-0.0553085
-0.0461125
-0.0301084
-0.0156867
-0.0067512
0.0023952
0.0215963
0.0545994
0.0948875
0.1316618
0.1593626
0.1811800
0.2041153
0.2316911
0.2614028
0.2878210
0.3068509
0.3174296
0.3209410
0.3200151
0.3168058
0.3106404
0.2971814
0.2715439
0.2336448
0.1901482
0.1498083
0.1162632
0.0859525
0.0537847
0.0205468
-0.0063628
-0.0202434
-0.0228603
-0.0242576
-0.0344933
-0.0553631
-0.0797116
-0.0982445
-0.1072545
-0.1107582
-0.1156885
-0.1243918
-0.1311239
-0.1264956
-0.1067994
-0.0793810
-0.0575017
-0.0483781
-0.0464557
-0.0400385
-0.0251051
-0.0107039
-0.0083592
-0.0166542
-0.0196753
-0.0026170
0.0342040
0.0822543
0.1463175
0.2517182
0.4192571
0.6272896
0.8028039
0.8611383
0.7658195
0.5560109
0.3166781
0.1191890
-0.0156403
-0.1068639
-0.1768581
-0.2289819
-0.2555754
-0.2578854
-0.2515861
-0.2530971
-0.2644179
-0.2735552
-0.2685462
-0.2490525
-0.2246448
-0.2045059
-0.1908211
-0.1811098
-0.1738346
-0.1697106
-0.1683236
-0.1657411
-0.1569387
-0.1405642
-0.1206341
-0.1031396
-0.0910676
-0.0828435
-0.0751983
-0.0667109
-0.0582591
-0.0508408
-0.0439849
-0.0361976
-0.0259398
-0.0118361
0.0069872
0.0295683
0.0524766
0.0722279
0.0893998
0.1092924
0.1363058
0.1670106
0.1909191
0.2008828
0.2028079
0.2121838
0.2383962
0.2728499
0.2947934
0.2899607
0.2628639
0.2304844
0.2052675
0.1857609
0.1630990
0.1336449
0.1029010
0.0777256
0.0576262
0.0355659
0.0064075
-0.0273702
-0.0585350
-0.0822487
-0.0997355
-0.1158896
-0.1342650
-0.1539682
-0.1704562
-0.1794771
-0.1813571
-0.1819234
-0.1881922
-0.2016968
-0.2159411
-0.2218302
-0.2167169
-0.2072890
-0.2017813
-0.1992564
-0.1888426
-0.1616287
-0.1226634
-0.0887695
-0.0733242
-0.0742566
-0.0782167
-0.0757063
-0.0700020
-0.0705679
-0.0798552
-0.0896386
-0.0911083
-0.0862504
-0.0865869
-0.1006377
-0.1247345
-0.1473443
-0.1611587
-0.1692387
-0.1796081
-0.1956999
-0.2131254
-0.2249215
-0.2285709
-0.2277297
-0.2281446
-0.2325680
-0.2389166
-0.2421251
-0.2378053
-0.2255607
-0.2097121
-0.1959404
-0.1858806
-0.1752896
-0.1590824
-0.1386704
-0.1228865
-0.1200298
-0.1290368
-0.1398327
-0.1432387
-0.1400142
-0.1391103
-0.1469015
-0.1592474
-0.1653200
-0.1592110
-0.1467900
-0.1405021
-0.1475550
-0.1632971
-0.1757485
-0.1763306
-0.1665615
-0.1549761
-0.1482061
-0.1458942
-0.1444949
-0.1436864
-0.1439397
-0.1335465
-0.0797836
0.0578427
0.2931085
0.5835026
0.8364896
0.9564462
0.9010596
0.7043754
0.4499093
0.2178065
0.0472518
-0.0641683
-0.1359460
-0.1822100
-0.2071607
-0.2133999
-0.2088766
-0.2047747
-0.2082674
-0.2185669
-0.2298258
-0.2372362
-0.2405329
-0.2426565
-0.2458267
-0.2489413
-0.2487195
-0.2436249
-0.2365302
-0.2325480
-0.2333608
-0.2340088
-0.2264170
-0.2068533
-0.1799057
-0.1548684
-0.1380535
-0.1284055
-0.1201385
-0.1090083
-0.0956630
-0.0833712
-0.0736166
-0.0644642
-0.0524264
-0.0349138
-0.0113793
0.0162344
0.0434936
0.0652438
0.0791445
0.0878301
0.0967700
0.1094269
0.1248010
0.1401064
0.1553254
0.1737215
0.1969027
0.2201104
0.2343109
0.2341401
0.2232863
0.2109376
0.2025786
0.1945051
0.1775189
0.1463529
0.1063118
0.0709087
0.0515768
0.0478008
0.0471618
0.0366744
0.0151391
-0.0065250
-0.0181750
-0.0223103
-0.0300507
-0.0446586
-0.0534946
-0.0421517
-0.0162809
-0.0013082
-0.0130596
-0.0312068
-0.0118465
0.0688430
0.1906185
0.3181588
0.4509950
0.6278735
0.8665747
1.1023881
1.2063485
1.0853291
0.7718732
0.4107071
0.1494909
0.0364166
0.0145676
0.0011496
-0.0374720
-0.0805694
-0.1002177
-0.0975516
-0.0949639
-0.1069498
-0.1280401
-0.1458074
-0.1565870
-0.1655470
-0.1768515
-0.1894211
-0.2011579
-0.2120521
-0.2214048
-0.2256469
-0.2222939
-0.2147491
-0.2097611
-0.2095058
-0.2085873
-0.2003492
-0.1846481
-0.1671445
-0.1510016
-0.1316900
-0.1019339
-0.0611868
-0.0180853
0.0174295
0.0433903
0.0662724
0.0929859
0.1236498
0.1521016
0.1724505
0.1851200
0.1974413
0.2182115
0.2499051
0.2849050
0.3102449
0.3181211
0.3127723
0.3062742
0.3063065
0.3078888
0.2982157
0.2704302
0.2319965
0.1982627
0.1776672
0.1641861
0.1444304
0.1111011
0.0692476
0.0309977
0.0056869
-0.0057373
-0.0090351
-0.0106373
-0.0122574
-0.0100738
0.0007949
0.0199744
0.0394720
0.0485875
0.0427627
0.0279189
0.0148318
0.0083432
0.0030043
-0.0094505
-0.0290945
-0.0463040
-0.0518850
-0.0473102
-0.0435720
-0.0502121
-0.0664922
-0.0834338
-0.0935922
-0.0980789
-0.1043227
-0.1179757
-0.1374869
-0.1557415
-0.1658347
-0.1655831
-0.1582167
-0.1497002
-0.1443075
-0.1412739
-0.1358358
-0.1246699
-0.1105377
-0.1006039
-0.0993962
-0.1036863
-0.1051141
-0.0983378
-0.0863726
-0.0773154
-0.0757890
-0.0785326
-0.0791424
-0.0763267
-0.0758054
-0.0836235
-0.0987775
-0.1134070
-0.1198609
-0.1169034
-0.1094524
-0.1035976
-0.1027479
-0.1077587
-0.1176972
-0.1263302
-0.1158278
-0.0568868
0.0772410
0.2878812
0.5360309
0.7505834
0.8594966
0.8263139
0.6685458
0.4456654
0.2256270
0.0533324
-0.0598757
-0.1250781
-0.1576969
-0.1674184
-0.1598374
-0.1427295
-0.1277643
-0.1250008
-0.1359462
-0.1530299
-0.1667989
-0.1740178
-0.1790773
-0.1880617
-0.2017222
-0.2140197
-0.2174178
-0.2098697
-0.1968094
-0.1862445
-0.1819283
-0.1811903
-0.1786293
-0.1711177
-0.1596362
-0.1474846
-0.1370963
-0.1278037
-0.1161810
-0.0990604
-0.0768054
-0.0534941
-0.0333427
-0.0165645
0.0012454
0.0251191
0.0553998
0.0864040
0.1113508
0.1292808
0.1463966
0.1694554
0.1977951
0.2227235
0.2353398
0.2349724
0.2297191
0.2282523
0.2305923
0.2271434
0.2077906
0.1725820
0.1331458
0.1031433
0.0872401
0.0789693
0.0682554
0.0504218
0.0286758
0.0092280
-0.0052510
-0.0175276
-0.0319270
-0.0493380
-0.0662515
-0.0781274
-0.0832203
-0.0836384
-0.0834460
-0.0854253
-0.0887737
-0.0900022
-0.0869585
-0.0820633
-0.0806120
-0.0852498
-0.0925511
-0.0957770
-0.0913199
-0.0824084
-0.0763007
-0.0777246
-0.0853086
-0.0946300
-0.1039108
-0.1151855
-0.1295910
-0.1431601
-0.1488623
-0.1427001
-0.1270968
-0.1086324
-0.0932573
-0.0834016
-0.0783961
-0.0766390
-0.0772286
-0.0800464
-0.0850087
-0.0915759
-0.0985842
-0.1041696
-0.1064351
-0.1050888
-0.1022464
-0.1006717
-0.1010356
-0.1015193
-0.1001672
-0.0970235
-0.0938932
-0.0924423
-0.0922432
-0.0900009
-0.0814772
-0.0664563
-0.0528294
-0.0530771
-0.0711046
-0.0879118
-0.0612574
0.0519277
0.2603559
0.5170440
0.7343627
0.8307227
0.7764356
0.6057476
0.3899600
0.1957273
0.0577021
-0.0231503
-0.0645388
-0.0866124
-0.1030164
-0.1186262
-0.1310125
-0.1352002
-0.1306942
-0.1252182
-0.1297676
-0.1483573
-0.1732713
-0.1917764
-0.1977860
-0.1966215
-0.1984752
-0.2074757
-0.2170966
-0.2162942
-0.2004172
-0.1761793
-0.1558931
-0.1470718
-0.1476225
-0.1500500
-0.1489054
-0.1439606
-0.1372219
-0.1279958
-0.1116830
-0.0840338
-0.0464765
-0.0061530
0.0300934
0.0612943
0.0915045
0.1242410
0.1587271
0.1911727
0.2186621
0.2417398
0.2638542
0.2881896
0.3141833
0.3366420
0.3486225
0.3461294
0.3311060
0.3102036
0.2896351
0.2700250
0.2465979
0.2155045
0.1794969
0.1455417
0.1165248
0.0874261
0.0515251
0.0097494
-0.0280301
-0.0519550
-0.0620834
-0.0685239
-0.0810453
-0.0987081
-0.1107856
-0.1084164
-0.0944303
-0.0807838
-0.0770282
-0.0825011
-0.0894255
-0.0920378
-0.0918953
-0.0947446
-0.1029384
-0.1116880
-0.1136792
-0.1074850
-0.1001649
-0.1004004
-0.1094682
-0.1200283
-0.1239072
-0.1204976
-0.1172950
-0.1222202
-0.1353267
-0.1482596
-0.1523784
-0.1474071
-0.1417039
-0.1443325
-0.1574121
-0.1753146
-0.1894619
-0.1938045
-0.1879131
-0.1766225
-0.1662307
-0.1596523
-0.1547004
-0.1470937
-0.1350540
-0.1210546
-0.1094129
-0.1023596
-0.0986682
-0.0964602
-0.0967869
-0.1026918
-0.1139007
-0.1241822
-0.1263432
-0.1199652
-0.1126243
-0.1128029
-0.1222073
-0.1352779
-0.1456723
-0.1527817
-0.1616993
-0.1766173
-0.1946789
-0.2074168
-0.2086805
-0.2004754
-0.1907749
-0.1864783
-0.1887843
-0.1941062
-0.1981937
-0.1994785
-0.1989718
-0.1970350
-0.1908601
-0.1765068
-0.1540805
-0.1301106
-0.1137539
-0.1100128
-0.1159732
-0.1232978
-0.1253242
-0.1230365
-0.1238799
-0.1335693
-0.1492106
-0.1617127
-0.1650428
-0.1619016
-0.1599880
-0.1637960
-0.1708933
-0.1759082
-0.1773672
-0.1797519
-0.1881177
-0.2010783
-0.2105953
-0.2093626
-0.1974764
-0.1814443
-0.1679715
-0.1593113
-0.1527036
-0.1425039
-0.1244060
-0.1006455
-0.0808677
-0.0731613
-0.0687430
-0.0344396
0.0732523
0.2746026
0.5367348
0.7762924
0.9015091
0.8657208
0.6915990
0.4503025
0.2172049
0.0386730
-0.0740397
-0.1322422
-0.1550066
-0.1604896
-0.1618622
-0.1645861
-0.1664418
-0.1632208
-0.1565268
-0.1545330
-0.1631160
-0.1776456
-0.1865886
-0.1836661
-0.1743552
-0.1694109
-0.1731731
-0.1793806
-0.1783265
-0.1674026
-0.1537586
-0.1459742
-0.1438847
-0.1385136
-0.1225169
-0.0988475
-0.0777309
-0.0661472
-0.0617219
-0.0565247
-0.0456646
-0.0317953
-0.0210826
-0.0145964
-0.0048086
0.0173437
0.0516640
0.0869530
0.1113863
0.1239441
0.1348113
0.1549326
0.1854353
0.2167650
0.2380492
0.2476361
0.2541104
0.2666281
0.2853570
0.3024864
0.3112227
0.3113333
0.3059002
0.2951119
0.2750758
0.2429174
0.2026873
0.1650976
0.1392086
0.1234126
0.1065796
0.0801524
0.0481187
0.0229863
0.0124231
0.0120229
0.0115205
0.0062011
0.0006278
0.0014589
0.0084766
0.0147810
0.0156579
0.0139476
0.0144099
0.0163866
0.0181046
0.0279951
0.0644015
0.1394754
0.2477474
0.3769723
0.5278759
0.7118190
0.9190555
1.0910634
1.1387396
1.0061646
0.7261620
0.4095733
0.1696227
0.0476529
0.0050243
-0.0214552
-0.0615953
-0.1023751
-0.1211629
-0.1177269
-0.1136077
-0.1264677
-0.1508482
-0.1658231
-0.1591770
-0.1404403
-0.1296237
-0.1363601
-0.1524042
-0.1627842
-0.1614490
-0.1558372
-0.1574261
-0.1682588
-0.1772911
-0.1712534
-0.1488766
-0.1224521
-0.1051607
-0.0990885
-0.0961734
-0.0881444
-0.0737672
-0.0580079
-0.0458670
-0.0365406
-0.0231777
0.0006855
0.0342904
0.0702257
0.1015707
0.1271755
0.1503354
0.1741683
0.1986939
0.2215864
0.2419667
0.2634375
0.2910381
0.3234540
0.3507138
0.3629927
0.3606598
0.3522644
0.3428134
0.3273830
0.2976788
0.2534822
0.2063012
0.1709039
0.1520924
0.1399710
0.1201124
0.0885727
0.0545804
0.0283323
0.0098841
-0.0079861
-0.0290791
-0.0490300
-0.0600694
-0.0586736
-0.0493343
-0.0415256
-0.0416363
-0.0474524
-0.0519555
-0.0521361
-0.0515673
-0.0542821
-0.0590789
-0.0609823
-0.0567125
-0.0484209
-0.0431300
-0.0473018
-0.0599324
-0.0726428
-0.0795678
-0.0855628
-0.1004980
-0.1256154
-0.1492620
-0.1571736
-0.1454395
-0.1237817
-0.1075153
-0.1048903
-0.1102539
-0.1106176
-0.1000901
-0.0858349
-0.0786640
-0.0808742
-0.0855442
-0.0849472
-0.0771998
-0.0671579
-0.0629194
-0.0687753
-0.0795775
-0.0848661
-0.0805524
-0.0737009
-0.0738085
-0.0819457
-0.0902208
-0.0899179
-0.0796561
-0.0680233
-0.0677399
-0.0836039
-0.1064739
-0.1229180
-0.1298271
-0.1345110
-0.1409722
-0.1423115
-0.1287521
-0.0999002
-0.0679797
-0.0489004
-0.0442258
-0.0256339
0.0573990
0.2401883
0.5035812
0.7708194
0.9461843
0.9661358
0.8306065
0.5985752
0.3507044
0.1439572
-0.0066159
-0.1098793
-0.1740108
-0.2031780
-0.2069558
-0.2008138
-0.1979164
-0.2041881
-0.2171122
-0.2262930
-0.2218024
-0.2063450
-0.1933249
-0.1903436
-0.1923455
-0.1930974
-0.1932838
-0.1939028
-0.1924222
-0.1894614
-0.1885932
-0.1862422
-0.1734068
-0.1502872
-0.1269269
-0.1078267
-0.0898884
-0.0752355
-0.0681094
-0.0594069
-0.0365435
-0.0095846
-0.0008348
-0.0050951
0.0074626
0.0394979
0.0536537
0.0303639
