-0.1890895
-0.2490523
-0.1951088
-0.1850743
-0.2325322
-0.2069717
-0.0297313
0.2634218
0.6172789
0.9829017
1.2600137
1.3333844
1.1872573
0.9125393
0.6017111
0.2996982
0.0421344
-0.1367814
-0.2410426
-0.3017204
-0.3282214
-0.3140210
-0.2797126
-0.2622042
-0.2669897
-0.2710938
-0.2649083
-0.2560261
-0.2438455
-0.2247637
-0.2110681
-0.2140481
-0.2202828
-0.2111427
-0.1920262
-0.1787704
-0.1711785
-0.1624547
-0.1578496
-0.1618764
-0.1628160
-0.1500870
-0.1330939
-0.1268656
-0.1329208
-0.1457000
-0.1611231
-0.1690662
-0.1567025
-0.1300180
-0.1137241
-0.1200773
-0.1346624
-0.1399524
-0.1350164
-0.1258767
-0.1148490
-0.1060185
-0.1044817
-0.1041511
-0.0904085
-0.0582526
-0.0156762
0.0297893
0.0740029
0.1090270
0.1296119
0.1455442
0.1725316
0.2119774
0.2520643
0.2849137
0.3103812
0.3286529
0.3426752
0.3627879
0.3958288
0.4337354
0.4633539
0.4819331
0.4939116
0.5002033
0.5004259
0.4978603
0.4925445
0.4768165
0.4463651
0.4086985
0.3735546
0.3419643
0.3098676
0.2742123
0.2314033
0.1794640
0.1260997
0.0849096
0.0594265
0.0397544
0.0173959
-0.0062561
-0.0276326
-0.0461328
-0.0590605
-0.0616904
-0.0554009
-0.0478568
-0.0441396
-0.0447502
-0.0505429
-0.0607642
-0.0682861
-0.0667001
-0.0612228
-0.0636839
-0.0773290
-0.0935539
-0.1017683
-0.0968165
-0.0809736
-0.0652343
-0.0636781
-0.0791347
-0.0984827
-0.1080673
-0.1085209
-0.1086725
-0.1115267
-0.1137241
-0.1137293
-0.1134529
-0.1150791
-0.1207073
-0.1312035
-0.1427182
-0.1494247
-0.1513292
-0.1530113
-0.1537266
-0.1471197
-0.1328637
-0.1198094
-0.1139015
-0.1101663
-0.1003455
-0.0830880
-0.0644334
-0.0527383
-0.0532226
-0.0624844
-0.0694934
-0.0677055
-0.0643653
-0.0714253
-0.0893856
-0.1071560
-0.1159994
-0.1163272
-0.1121220
-0.1060181
-0.1001525
-0.0968921
-0.0986113
-0.1083692
-0.1269737
-0.1471093
-0.1569494
-0.1548577
-0.1547525
-0.1703313
-0.1978368
-0.2202609
-0.2258534
-0.2183257
-0.2118210
-0.2189207
-0.2399075
-0.2608730
-0.2657275
-0.2520048
-0.2316645
-0.2164438
-0.2076020
-0.2000178
-0.1897063
-0.1757775
-0.1606664
-0.1497545
-0.1458587
-0.1439883
-0.1370778
-0.1267618
-0.1223869
-0.1289412
-0.1416659
-0.1531875
-0.1607372
-0.1653916
-0.1682781
-0.1685692
-0.1636459
-0.1528667
-0.1424805
-0.1422682
-0.1535874
-0.1652095
-0.1660985
-0.1590073
-0.1565320
-0.1664127
-0.1848861
-0.2017127
-0.2079609
-0.2018336
-0.1906366
-0.1847032
-0.1867755
-0.1899826
-0.1876630
-0.1809084
-0.1741271
-0.1674117
-0.1564415
-0.1374377
-0.1107604
-0.0824490
-0.0629860
-0.0611036
-0.0762868
-0.0949915
-0.0875497
-0.0058782
0.2015641
0.5477637
0.9676028
1.3292689
1.5037717
1.4404960
1.1889579
0.8556352
0.5365876
0.2779779
0.0847386
-0.0477844
-0.1196973
-0.1388319
-0.1306050
-0.1240828
-0.1311271
-0.1451873
-0.1566518
-0.1623504
-0.1626303
-0.1576627
-0.1491267
-0.1417723
-0.1408237
-0.1475501
-0.1568951
-0.1606631
-0.1559425
-0.1497045
-0.1508926
-0.1578902
-0.1587350
-0.1450785
-0.1218897
-0.1022873
-0.0965190
-0.1061714
-0.1240673
-0.1381553
-0.1397875
-0.1306560
-0.1196812
-0.1128636
-0.1085317
-0.1015678
-0.0886547
-0.0698146
-0.0485137
-0.0303035
-0.0182552
-0.0095821
0.0012962
0.0172383
0.0374663
0.0600284
0.0831127
0.1064733
0.1339241
0.1714333
0.2196346
0.2707233
0.3158041
0.3532391
0.3875531
0.4230835
0.4614501
0.5022259
0.5424839
0.5774257
0.6045451
0.6264735
0.6480216
0.6708082
0.6905807
0.6982445
0.6847365
0.6484572
0.5979972
0.5443970
0.4907485
0.4322746
0.3656219
0.2940892
0.2244603
0.1633528
0.1164479
0.0856776
0.0649510
0.0423587
0.0096893
-0.0305134
-0.0675201
-0.0917194
-0.1030412
-0.1115431
-0.1277518
-0.1508037
-0.1685126
-0.1711804
-0.1627176
-0.1556825
-0.1579976
-0.1673771
-0.1763825
-0.1797845
-0.1787156
-0.1803857
-0.1922486
-0.2139121
-0.2356716
-0.2466710
-0.2440306
-0.2342052
-0.2275734
-0.2314112
-0.2444658
-0.2570516
-0.2593406
-0.2512548
-0.2426443
-0.2432886
-0.2542196
-0.2679101
-0.2741273
-0.2665383
-0.2477885
-0.2290150
-0.2213584
-0.2266748
-0.2377117
-0.2465778
-0.2510450
-0.2538709
-0.2589052
-0.2672219
-0.2743581
-0.2719015
-0.2545962
-0.2264159
-0.1987813
-0.1833213
-0.1857647
-0.2029243
-0.2231930
-0.2333284
-0.2291391
-0.2191322
-0.2151379
-0.2194087
-0.2219882
-0.2102259
-0.1810405
-0.1457476
-0.1225671
-0.1211243
-0.1334384
-0.1432071
-0.1448402
-0.1489963
-0.1648263
-0.1760164
-0.1360144
0.0084223
0.2780957
0.6323931
0.9746146
1.1951395
1.2263800
1.0725716
0.7981705
0.4889783
0.2128360
0.0001250
-0.1501232
-0.2491228
-0.3028711
-0.3142259
-0.2933808
-0.2596777
-0.2315217
-0.2158864
-0.2073669
-0.1964535
-0.1799951
-0.1651059
-0.1619417
-0.1719411
-0.1849685
-0.1889636
-0.1804418
-0.1650915
-0.1516504
-0.1473060
-0.1555167
-0.1737931
-0.1937502
-0.2063358
-0.2088066
-0.2071610
-0.2115805
-0.2272660
-0.2471956
-0.2552942
-0.2409600
-0.2114943
-0.1871805
-0.1823092
-0.1920832
-0.1983010
-0.1864841
-0.1578791
-0.1266428
-0.1050713
-0.0900011
-0.0645709
-0.0155542
0.0514866
0.1159963
0.1607145
0.1851929
0.2034671
0.2312495
0.2739051
0.3229696
0.3634757
0.3870142
0.3994625
0.4163128
0.4502419
0.5015550
0.5579864
0.6035537
0.6305353
0.6444328
0.6558089
0.6669538
0.6688704
0.6516602
0.6146318
0.5648853
0.5092605
0.4502937
0.3880197
0.3226752
0.2556990
0.1897155
0.1281171
0.0745405
0.0321096
0.0013743
-0.0219618
-0.0449390
-0.0701495
-0.0916695
-0.1011600
-0.0980839
-0.0918276
-0.0938009
-0.1087317
-0.1323834
-0.1553887
-0.1702766
-0.1778972
-0.1874626
-0.2080838
-0.2390303
-0.2685920
-0.2827135
-0.2756867
-0.2548293
-0.2358400
-0.2314882
-0.2423089
-0.2578596
-0.2669709
-0.2662163
-0.2599168
-0.2551962
-0.2571810
-0.2650244
-0.2704597
-0.2631984
-0.2410102
-0.2137102
-0.1949584
-0.1898901
-0.1915063
-0.1890422
-0.1795823
-0.1712631
-0.1740569
-0.1870018
-0.1967392
-0.1910922
-0.1729144
-0.1576055
-0.1571060
-0.1689608
-0.1816699
-0.1886655
-0.1950036
-0.2080708
-0.2179617
-0.1858474
-0.0587861
0.1905003
0.5270958
0.8540715
1.0569733
1.0656421
0.8920337
0.6181695
0.3431120
0.1283103
-0.0194042
-0.1224926
-0.1971918
-0.2415802
-0.2499795
-0.2302244
-0.2036839
-0.1898278
-0.1926372
-0.2025719
-0.2105019
-0.2170035
-0.2271946
-0.2404923
-0.2505767
-0.2548151
-0.2581272
-0.2649275
-0.2706929
-0.2655780
-0.2465281
-0.2237853
-0.2138423
-0.2247238
-0.2474636
-0.2629850
-0.2589573
-0.2402161
-0.2224730
-0.2166804
-0.2199131
-0.2197172
-0.2057605
-0.1784686
-0.1482937
-0.1263653
-0.1147275
-0.1056420
-0.0899897
-0.0647831
-0.0329953
0.0002098
0.0291950
0.0494994
0.0624856
0.0781262
0.1092639
0.1605232
0.2229289
0.2802686
0.3216537
0.3490024
0.3730733
0.4026602
0.4380871
0.4744019
0.5080755
0.5388883
0.5677264
0.5958456
0.6250948
0.6548538
0.6782246
0.6845393
0.6672218
0.6277432
0.5717918
0.5042813
0.4293611
0.3527215
0.2805687
0.2156549
0.1558950
0.0985944
0.0461881
0.0058942
-0.0183299
-0.0325698
-0.0486583
-0.0723540
-0.0982648
-0.1175787
-0.1282771
-0.1359910
-0.1471245
-0.1635186
-0.1820119
-0.1960851
-0.1986680
-0.1871753
-0.1680161
-0.1548844
-0.1595433
-0.1817126
-0.2078345
-0.2222675
-0.2218720
-0.2185066
-0.2250520
-0.2401990
-0.2503188
-0.2461626
-0.2335279
-0.2251411
-0.2248853
-0.2242697
-0.2150791
-0.2021658
-0.1997394
-0.2140476
-0.2332092
-0.2387015
-0.2265877
-0.2120935
-0.2105772
-0.2187116
-0.2201407
-0.2078372
-0.1938500
-0.1944069
-0.2098661
-0.2238622
-0.2210996
-0.2019396
-0.1785785
-0.1608184
-0.1497637
-0.1440346
-0.1453902
-0.1539636
-0.1620388
-0.1598134
-0.1481073
-0.1397399
-0.1456426
-0.1633994
-0.1823341
-0.1962874
-0.2069284
-0.2166276
-0.2242841
-0.2299825
-0.2388289
-0.2547849
-0.2712851
-0.2736716
-0.2549387
-0.2267126
-0.2096015
-0.2124557
-0.2258260
-0.2369151
-0.2445622
-0.2543896
-0.2642620
-0.2641201
-0.2513001
-0.2373992
-0.2336432
-0.2333858
-0.2172996
-0.1779975
-0.1340412
-0.1141854
-0.1285570
-0.1590799
-0.1763397
-0.1569938
-0.0801594
0.0821111
0.3496776
0.6973734
1.0389768
1.2631414
1.2978406
1.1482698
0.8808780
0.5773373
0.2998661
0.0836846
-0.0578695
-0.1313760
-0.1611962
-0.1766599
-0.1938102
-0.2104187
-0.2198441
-0.2249179
-0.2332916
-0.2427281
-0.2401737
-0.2189158
-0.1911054
-0.1770200
-0.1825279
-0.1921533
-0.1866340
-0.1645322
-0.1428971
-0.1371352
-0.1447956
-0.1520585
-0.1525718
-0.1532600
-0.1605533
-0.1674995
-0.1605402
-0.1374885
-0.1131464
-0.1051363
-0.1168197
-0.1361742
-0.1497005
-0.1542110
-0.1542499
-0.1512140
-0.1398061
-0.1166881
-0.0887141
-0.0675219
-0.0556105
-0.0417061
-0.0123432
0.0335201
0.0833118
0.1235142
0.1521172
0.1788478
0.2145075
0.2608794
0.3108005
0.3567768
0.3977898
0.4374070
0.4772668
0.5144527
0.5449400
0.5682170
0.5883241
0.6105322
0.6357232
0.6566742
0.6608997
0.6396207
0.5950401
0.5383344
0.4802335
0.4236837
0.3651951
0.3023299
0.2390568
0.1830561
0.1374259
0.0961913
0.0501671
-0.0019418
-0.0495221
-0.0783769
-0.0834214
-0.0738318
-0.0666950
-0.0748967
-0.0985830
-0.1266052
-0.1467424
-0.1556650
-0.1595272
-0.1657138
-0.1753919
-0.1845220
-0.1909196
-0.1985428
-0.2133392
-0.2340530
-0.2482691
-0.2410266
-0.2102839
-0.1730167
-0.1525123
-0.1574628
-0.1741437
-0.1803856
-0.1673555
-0.1470134
-0.1380050
-0.1453330
-0.1560710
-0.1559259
-0.1470673
-0.1450526
-0.1578776
-0.1735313
-0.1730688
-0.1541900
-0.1362705
-0.1399641
-0.1650797
-0.1919570
-0.2033589
-0.2005870
-0.1963656
-0.1962122
-0.1932005
-0.1817271
-0.1695056
-0.1692960
-0.1805037
-0.1864351
-0.1732280
-0.1475643
-0.1308739
-0.1364551
-0.1557135
-0.1678086
-0.1604081
-0.1391667
-0.1185625
-0.1072808
-0.1043997
-0.1070374
-0.1160527
-0.1303154
-0.1352629
-0.0990665
0.0165466
0.2343474
0.5390292
0.8679807
1.1272099
1.2309030
1.1440027
0.9001243
0.5822572
0.2795943
0.0489344
-0.0975979
-0.1781035
-0.2173474
-0.2324707
-0.2323849
-0.2227605
-0.2087695
-0.1950530
-0.1853633
-0.1821299
-0.1853971
-0.1922908
-0.1982228
-0.1992095
-0.1940918
-0.1858634
-0.1807779
-0.1842371
-0.1957476
-0.2079472
-0.2120127
-0.2054361
-0.1948718
-0.1903768
-0.1954557
-0.2027634
-0.2012304
-0.1883813
-0.1744551
-0.1728350
-0.1864609
-0.2042246
-0.2101918
-0.1960660
-0.1664800
-0.1345707
-0.1122290
-0.1017598
-0.0944390
-0.0770236
-0.0414860
0.0092572
0.0636196
0.1095923
0.1427859
0.1684945
0.1967568
0.2348847
0.2831283
0.3354802
0.3839978
0.4243442
0.4597987
0.4998736
0.5524038
0.6151038
0.6753557
0.7194482
0.7424854
0.7497244
0.7491550
0.7430977
0.7263407
0.6918683
0.6386074
0.5739591
0.5087610
0.4494538
0.3944723
0.3374013
0.2736671
0.2055530
0.1419700
0.0927755
0.0614487
0.0420052
0.0231228
-0.0035823
-0.0375218
-0.0697328
-0.0897093
-0.0936771
-0.0878331
-0.0834853
-0.0883162
-0.1018347
-0.1183166
-0.1327327
-0.1437756
-0.1531179
-0.1634848
-0.1768581
-0.1926925
-0.2072383
-0.2157411
-0.2167541
-0.2146191
-0.2166692
-0.2265884
-0.2402627
-0.2493022
-0.2495013
-0.2451612
-0.2441698
-0.2494026
-0.2561439
-0.2576544
-0.2518054
-0.2418521
-0.2318251
-0.2220291
-0.2087319
-0.1878086
-0.1590880
-0.1279524
-0.1029453
-0.0908762
-0.0922805
-0.1000832
-0.1033599
-0.0951223
-0.0786325
-0.0659956
-0.0690439
-0.0901784
-0.1208841
-0.1481012
-0.1623819
-0.1623110
-0.1538439
-0.1460652
-0.1457387
-0.1533321
-0.1629986
-0.1673200
-0.1642221
-0.1603153
-0.1661823
-0.1864730
-0.2145566
-0.2383019
-0.2514359
-0.2579122
-0.2644677
-0.2703973
-0.2668247
-0.2466514
-0.2140360
-0.1825289
-0.1633032
-0.1557702
-0.1502817
-0.1393027
-0.1245030
-0.1129278
-0.1082819
-0.1077326
-0.1066538
-0.1047226
-0.1065752
-0.1160606
-0.1274431
-0.1183290
-0.0503020
0.1170146
0.3992495
0.7612086
1.1132009
1.3431765
1.3723410
1.1983362
0.8936669
0.5602079
0.2748239
0.0643364
-0.0810503
-0.1784087
-0.2352376
-0.2536891
-0.2423864
-0.2188310
-0.1998198
-0.1914853
-0.1894820
-0.1872338
-0.1822495
-0.1754487
-0.1676609
-0.1590123
-0.1508492
-0.1457584
-0.1444178
-0.1435237
-0.1389822
-0.1319046
-0.1295705
-0.1376837
-0.1512964
-0.1562957
-0.1430118
-0.1184714
-0.1027025
-0.1107829
-0.1382467
-0.1647731
-0.1724943
-0.1607040
-0.1431302
-0.1319510
-0.1254504
-0.1110126
-0.0787220
-0.0311782
0.0188174
0.0583471
0.0825964
0.0962054
0.1090707
0.1300471
0.1616793
0.1989513
0.2337100
0.2622769
0.2897580
0.3259110
0.3750534
0.4297106
0.4757553
0.5054185
0.5252407
0.5502150
0.5896296
0.6386901
0.6835014
0.7133634
0.7283209
0.7361151
0.7430015
0.7473364
0.7408747
0.7154250
0.6686337
0.6047713
0.5312800
0.4546554
0.3785120
0.3043964
0.2340126
0.1706922
0.1186217
0.0803737
0.0548469
0.0372502
0.0211779
0.0017985
-0.0213826
-0.0442713
-0.0615731
-0.0716794
-0.0784138
-0.0872571
-0.0993590
-0.1096156
-0.1114518
-0.1039846
-0.0941490
-0.0909340
-0.0970328
-0.1063899
-0.1102885
-0.1057463
-0.0979024
-0.0947945
-0.1003749
-0.1119731
-0.1230492
-0.1278723
-0.1249651
-0.1181934
-0.1152265
-0.1232663
-0.1435651
-0.1687908
-0.1869940
-0.1906305
-0.1829562
-0.1748277
-0.1739711
-0.1771835
-0.1736768
-0.1563842
-0.1297762
-0.1064690
-0.0962974
-0.0985558
-0.1042503
-0.1052292
-0.1010944
-0.0979722
-0.1013875
-0.1103994
-0.1180382
-0.1172070
-0.1069829
-0.0942113
-0.0887939
-0.0960237
-0.1123031
-0.1283726
-0.1375542
-0.1414332
-0.1474004
-0.1601989
-0.1756022
-0.1826312
-0.1727641
-0.1478982
-0.1197626
-0.1012325
-0.0972034
-0.1026442
-0.1086668
-0.1106046
-0.1111045
-0.1161968
-0.1284797
-0.1437976
-0.1543769
-0.1553504
-0.1485348
-0.1402180
-0.1355900
-0.1352595
-0.1365005
-0.1369746
-0.1369075
-0.1382176
-0.1423676
-0.1491716
-0.1568616
-0.1625821
-0.1633795
-0.1582958
-0.1503585
-0.1454895
-0.1475871
-0.1540805
-0.1575414
-0.1530531
-0.1438353
-0.1382939
-0.1408249
-0.1462677
-0.1445694
-0.1310878
-0.1116368
-0.0971792
-0.0942559
-0.1010117
-0.1114876
-0.1219582
-0.1325850
-0.1444301
-0.1566704
-0.1667474
-0.1718187
-0.1694843
-0.1585412
-0.1409211
-0.1228551
-0.1120091
-0.1115452
-0.1171690
-0.1215315
-0.1221608
-0.1240209
-0.1330999
-0.1478771
-0.1587302
-0.1568434
-0.1433460
-0.1287206
-0.1228639
-0.1260392
-0.1296602
-0.1254146
-0.1132203
-0.1007501
-0.0960680
-0.1007496
-0.1090390
-0.1127046
-0.1072392
-0.0950894
-0.0840804
-0.0820996
-0.0914298
-0.1068335
-0.1193154
-0.1229665
-0.1190384
-0.1133573
-0.1096320
-0.1058033
-0.0976746
-0.0860319
-0.0791341
-0.0870784
-0.1131939
-0.1507636
-0.1878955
-0.2156407
-0.2324368
-0.2424716
-0.2507734
-0.2589492
-0.2636175
-0.2582621
-0.2385032
-0.2080835
-0.1795472
-0.1657426
-0.1675890
-0.1707610
-0.1578597
-0.1262128
-0.0925933
-0.0777794
-0.0859171
-0.1011210
-0.1052426
-0.0949192
-0.0739136
-0.0256080
0.0996610
0.3543024
0.7356360
1.1532973
1.4624266
1.5468643
1.3891131
1.0725670
0.7191873
0.4175063
0.1945628
0.0380913
-0.0676743
-0.1284992
-0.1505779
-0.1508060
-0.1503370
-0.1595393
-0.1727461
-0.1781170
-0.1707088
-0.1556363
-0.1412117
-0.1318873
-0.1275777
-0.1267339
-0.1277844
-0.1286336
-0.1275330
-0.1254882
-0.1262718
-0.1323922
-0.1413179
-0.1470945
-0.1463334
-0.1420879
-0.1411923
-0.1477322
-0.1594371
-0.1706717
-0.1787651
-0.1868412
-0.1998694
-0.2178009
-0.2329653
-0.2349574
-0.2191289
-0.1913079
-0.1643149
-0.1485717
-0.1442679
-0.1417542
-0.1299523
-0.1053631
-0.0737962
-0.0439556
-0.0193942
0.0040015
0.0336306
0.0736008
0.1217578
0.1721302
0.2197278
0.2633672
0.3050482
0.3475065
0.3918430
0.4360172
0.4751414
0.5046582
0.5249555
0.5427626
0.5660967
0.5960175
0.6232096
0.6341350
0.6222551
0.5937123
0.5611167
0.5309099
0.4972797
0.4495195
0.3853500
0.3159599
0.2574649
0.2178811
0.1923274
0.1693617
0.1406084
0.1052839
0.0685059
0.0373014
0.0167533
0.0061751
-0.0028343
-0.0218743
-0.0548312
-0.0905608
-0.1101988
-0.1053754
-0.0883536
-0.0808112
-0.0918027
-0.1092163
-0.1142794
-0.1020851
-0.0848319
-0.0758029
-0.0744886
-0.0696766
-0.0537420
-0.0285446
0.0029700
0.0452257
0.1064594
0.1919936
0.3099111
0.4826706
0.7377398
1.0682931
1.3988218
1.6044942
1.5876938
1.3519960
1.0044988
0.6800516
0.4538068
0.3155445
0.2147163
0.1198658
0.0363124
-0.0191550
-0.0457915
-0.0593843
-0.0748758
-0.0959025
-0.1188028
-0.1394475
-0.1537958
-0.1567858
-0.1464983
-0.1297107
-0.1191054
-0.1219486
-0.1326375
-0.1389217
-0.1354532
-0.1291332
-0.1305923
-0.1423172
-0.1563800
-0.1624830
-0.1566944
-0.1433477
-0.1308025
-0.1259020
-0.1306173
-0.1418915
-0.1541866
-0.1630877
-0.1676100
-0.1695398
-0.1703807
-0.1687610
-0.1609737
-0.1440090
-0.1176193
-0.0836413
-0.0447521
-0.0047894
0.0313310
0.0607815
0.0864707
0.1153275
0.1509432
0.1884011
0.2183499
0.2372729
0.2531402
0.2796018
0.3237451
0.3794487
0.4326287
0.4723641
0.4969327
0.5111687
0.5208409
0.5295774
0.5376109
0.5404574
0.5300920
0.5011536
0.4575605
0.4112660
0.3722992
0.3397535
0.3036155
0.2560325
0.2002819
0.1480799
0.1085660
0.0810573
0.0584285
0.0354711
0.0123937
-0.0082528
-0.0248467
-0.0361359
-0.0399933
-0.0353671
-0.0256157
-0.0183785
-0.0207137
-0.0334697
-0.0501101
-0.0616151
-0.0636685
-0.0598687
-0.0581805
-0.0641986
-0.0771973
-0.0913532
-0.0999978
-0.0996817
-0.0920429
-0.0826591
-0.0774322
-0.0787363
-0.0839178
-0.0872814
-0.0846124
-0.0772277
-0.0716242
-0.0736745
-0.0822974
-0.0895595
-0.0878241
-0.0767416
-0.0634455
-0.0568853
-0.0618760
-0.0765659
-0.0938729
-0.1062286
-0.1113064
-0.1140942
-0.1221295
-0.1370876
-0.1509504
-0.1519722
-0.1360036
-0.1120074
-0.0953081
-0.0949334
-0.1079622
-0.1253565
-0.1406089
-0.1516859
-0.1578757
-0.1591199
-0.1585059
-0.1615104
-0.1702441
-0.1798037
-0.1826816
-0.1771023
-0.1698301
-0.1700226
-0.1803455
-0.1940827
-0.2006242
-0.1939126
-0.1768642
-0.1593663
-0.1519607
-0.1585974
-0.1725388
-0.1798973
-0.1706361
-0.1481221
-0.1268234
-0.1192541
-0.1253216
-0.1343228
-0.1358082
-0.1279148
-0.1172227
-0.1128252
-0.1198455
-0.1357436
-0.1510647
-0.1547480
-0.1413825
-0.1155621
-0.0895581
-0.0752467
-0.0762355
-0.0863958
-0.0953528
-0.0956936
-0.0868697
-0.0749499
-0.0694414
-0.0783326
-0.1037678
-0.1407348
-0.1762686
-0.1844708
-0.1223989
0.0568980
0.3679905
0.7572809
1.1070668
1.2917835
1.2501226
1.0170400
0.6925217
0.3777968
0.1311589
-0.0330969
-0.1223994
-0.1514945
-0.1425740
-0.1239395
-0.1179270
-0.1290641
-0.1463214
-0.1568710
-0.1569477
-0.1514102
-0.1461769
-0.1422128
-0.1353956
-0.1207868
-0.0972845
-0.0695544
-0.0464718
-0.0368444
-0.0440676
-0.0629708
-0.0824724
-0.0934304
-0.0952811
-0.0953606
-0.1018491
-0.1167429
-0.1340237
-0.1438189
-0.1398602
-0.1249912
-0.1095519
-0.1030830
-0.1067852
-0.1136802
-0.1153436
-0.1082798
-0.0951327
-0.0812503
-0.0699880
-0.0602589
-0.0480176
-0.0299663
-0.0058411
0.0221237
0.0508064
0.0775446
0.1016698
0.1256623
0.1538472
0.1888432
0.2292733
0.2711159
0.3110931
0.3490271
0.3875932
0.4295550
0.4741776
0.5160091
0.5478591
0.5656968
0.5714174
0.5718357
0.5745761
0.5820937
0.5872984
0.5765680
0.5410509
0.4867996
0.4320867
0.3924097
0.3671858
0.3410958
0.2986811
0.2383131
0.1728071
0.1170640
0.0755220
0.0412196
0.0050497
-0.0360492
-0.0786856
-0.1167754
-0.1442009
-0.1569013
-0.1561184
-0.1496861
-0.1475114
-0.1538337
-0.1635970
-0.1669259
-0.1581709
-0.1415317
-0.1277002
-0.1241908
-0.1288947
-0.1333777
-0.1316194
-0.1245036
-0.1169561
-0.1131993
-0.1151266
-0.1228935
-0.1350962
-0.1487184
-0.1603474
-0.1685274
-0.1753484
-0.1850965
-0.1998891
-0.2162490
-0.2274990
-0.2306877
-0.2300932
-0.2326312
-0.2406144
-0.2502397
-0.2563272
-0.2569377
-0.2537029
-0.2493125
-0.2452082
-0.2409322
-0.2350022
-0.2261062
-0.2135215
-0.1974311
-0.1801587
-0.1666327
-0.1615965
-0.1655267
-0.1743848
-0.1839271
-0.1933191
-0.2042364
-0.2176350
-0.2320071
-0.2439446
-0.2500073
-0.2489771
-0.2430690
-0.2369152
-0.2353539
-0.2417478
-0.2565218
-0.2755506
-0.2909050
-0.2957859
-0.2898104
-0.2787926
-0.2691456
-0.2628846
-0.2574973
-0.2495726
-0.2386006
-0.2279770
-0.2222922
-0.2233730
-0.2292733
-0.2368954
-0.2443168
-0.2503740
-0.2539089
-0.2547967
-0.2545182
-0.2542003
-0.2526669
-0.2477251
-0.2394007
-0.2314402
-0.2296317
-0.2380519
-0.2555057
-0.2752953
-0.2898241
-0.2964469
-0.2986810
-0.3018086
-0.3076597
-0.3127487
-0.3102256
-0.2948032
-0.2685259
-0.2420584
-0.2275891
-0.2283238
-0.2354061
-0.2364358
-0.2275655
-0.2173714
-0.2184726
-0.2342411
-0.2534242
-0.2593750
-0.2460051
-0.2240724
-0.2108531
-0.2142218
-0.2271789
-0.2362635
-0.2339815
-0.2245609
-0.2197421
-0.2284372
-0.2484139
-0.2673630
-0.2727312
-0.2612838
-0.2405252
-0.2227669
-0.2176014
-0.2267716
-0.2432289
-0.2554911
-0.2555870
-0.2450857
-0.2341491
-0.2333703
-0.2435646
-0.2521887
-0.2427682
-0.2120320
-0.1774026
-0.1631115
-0.1763908
-0.1991574
-0.2055145
-0.1875888
-0.1637634
-0.1619946
-0.1948043
-0.2481246
-0.2902550
-0.2873522
-0.2100687
-0.0343255
0.2475127
0.6032379
0.9499758
1.1809631
1.2206313
1.0672660
0.7900498
0.4854594
0.2282936
0.0496417
-0.0540321
-0.1009423
-0.1125091
-0.1103828
-0.1114337
-0.1202945
-0.1302081
-0.1348049
-0.1375936
-0.1475310
-0.1668272
-0.1863956
-0.1941710
-0.1868438
-0.1728944
-0.1643229
-0.1657117
-0.1718225
-0.1756014
-0.1767213
-0.1810325
-0.1931341
-0.2113818
-0.2290451
-0.2382165
-0.2338617
-0.2175237
-0.1976968
-0.1839276
-0.1787655
-0.1759352
-0.1667931
-0.1483581
-0.1255413
-0.1062357
-0.0938262
-0.0840141
-0.0694361
-0.0472827
-0.0211736
0.0040447
0.0267165
0.0470086
0.0644738
0.0796117
0.0959691
0.1175239
0.1440872
0.1715728
0.1976932
0.2263793
0.2649984
0.3157416
0.3697697
0.4125639
0.4378432
0.4551388
0.4803329
0.5184365
0.5584198
0.5855466
0.5961104
0.5988062
0.6036842
0.6114340
0.6126250
0.5962693
0.5593561
0.5087452
0.4545390
0.4024060
0.3515839
0.2978631
0.2380016
0.1743951
0.1174211
0.0798732
0.0646229
0.0583443
0.0415222
0.0065402
-0.0352523
-0.0651881
-0.0756160
-0.0766359
-0.0847933
-0.1052505
-0.1264161
-0.1336204
-0.1267028
-0.1209520
-0.1307313
-0.1555948
-0.1834353
-0.2036504
-0.2145957
-0.2203739
-0.2239023
-0.2239375
-0.2179184
-0.2069318
-0.1969228
-0.1941688
-0.2000946
-0.2111478
-0.2223770
-0.2298513
-0.2316052
-0.2291484
-0.2272936
-0.2295339
-0.2333479
-0.2321301
-0.2220325
-0.2056404
-0.1892705
-0.1777455
-0.1707434
-0.1625895
-0.1467002
-0.1226635
-0.0991372
-0.0880590
-0.0947008
-0.1125038
-0.1271193
-0.1272182
-0.1145524
-0.1037204
-0.1088909
-0.1293949
-0.1507114
-0.1606044
-0.1613950
-0.1645890
-0.1761824
-0.1902633
-0.1961605
-0.1895082
-0.1759986
-0.1653722
-0.1626113
-0.1656759
-0.1712555
-0.1798482
-0.1931056
-0.2083300
-0.2189257
-0.2196965
-0.2093236
-0.1891072
-0.1630984
-0.1392442
-0.1260555
-0.1256296
-0.1311213
-0.1325820
-0.1257620
-0.1157340
-0.1116354
-0.1162083
-0.1205834
-0.1127717
-0.0934807
-0.0806015
-0.0931057
-0.1275993
-0.1488774
-0.1024911
0.0584293
0.3453269
0.7184869
1.0934947
1.3699064
1.4696703
1.3682433
1.1048244
0.7648398
0.4402935
0.1899960
0.0247855
-0.0769463
-0.1416917
-0.1828597
-0.2001318
-0.1908442
-0.1621534
-0.1323453
-0.1185797
-0.1232941
-0.1346388
-0.1406240
-0.1413953
-0.1476857
-0.1684434
-0.1995495
-0.2239754
-0.2249542
-0.2013498
-0.1694037
-0.1479036
-0.1425393
-0.1452362
-0.1456682
-0.1405885
-0.1337048
-0.1295252
-0.1271170
-0.1188624
-0.0971046
-0.0636886
-0.0310075
-0.0109940
-0.0033385
0.0041586
0.0236109
0.0550618
0.0853924
0.1004810
0.1011392
0.1058402
0.1332568
0.1812788
0.2272091
0.2506677
0.2539791
0.2587129
0.2842274
0.3305922
0.3805668
0.4169267
0.4384438
0.4592085
0.4926601
0.5383791
0.5854365
0.6252846
0.6579809
0.6878836
0.7173060
0.7439237
0.7616169
0.7647554
0.7544184
0.7393785
0.7275709
0.7160682
0.6914052
0.6408513
0.5641751
0.4758473
0.3951415
0.3310922
0.2766598
0.2204910
0.1641703
0.1227171
0.1055398
0.1011651
0.0854594
0.0446673
-0.0112460
-0.0573043
-0.0753706
-0.0697709
-0.0625737
-0.0722838
-0.0969158
-0.1187193
-0.1238707
-0.1152335
-0.1075800
-0.1137561
-0.1344429
-0.1577950
-0.1697257
-0.1681069
-0.1664233
-0.1798485
-0.2075668
-0.2317919
-0.2346316
-0.2141945
-0.1848207
-0.1635614
-0.1558739
-0.1528501
-0.1425885
-0.1239891
-0.1070179
-0.0994228
-0.0974138
-0.0914354
-0.0774901
-0.0602269
-0.0480194
-0.0475758
-0.0601255
-0.0792329
-0.0938796
-0.0967440
-0.0896382
-0.0805643
-0.0765364
-0.0786301
-0.0816610
-0.0791812
-0.0713813
-0.0669946
-0.0738884
-0.0889598
-0.1021147
-0.1100796
-0.1208713
-0.1425595
-0.1710482
-0.1914409
-0.1909343
-0.1707869
-0.1467142
-0.1358649
-0.1412884
-0.1505718
-0.1510655
-0.1434063
-0.1376192
-0.1395934
-0.1456182
-0.1479061
-0.1413207
-0.1262143
-0.1085027
-0.0962561
-0.0933860
-0.0968906
-0.1011425
-0.1031611
-0.1031283
-0.1025654
-0.1030956
-0.1043429
-0.1026812
-0.0956281
-0.0878904
-0.0885209
-0.1004619
-0.1166678
-0.1281026
-0.1322684
-0.1328329
-0.1343606
-0.1386716
-0.1435872
-0.1445765
-0.1399484
-0.1339846
-0.1322607
-0.1348874
-0.1374527
-0.1373089
-0.1355375
-0.1341400
-0.1346718
-0.1377781
-0.1403665
-0.1354756
-0.1197322
-0.0999957
-0.0883234
-0.0900558
-0.0988992
-0.1031074
-0.0960210
-0.0833550
-0.0807597
-0.0993628
-0.1310360
-0.1523372
-0.1468169
-0.1210225
-0.0966861
-0.0905354
-0.1028498
-0.1201592
-0.1252817
-0.1087423
-0.0756251
-0.0418636
-0.0233901
-0.0288646
-0.0582074
-0.0998553
-0.1264898
-0.0978096
0.0266411
0.2690594
0.6126606
0.9870295
1.2804781
1.3897602
1.2787866
0.9988665
0.6545734
0.3451662
0.1227759
-0.0130253
-0.0906468
-0.1353439
-0.1563578
-0.1565387
-0.1447767
-0.1349665
-0.1380083
-0.1586593
-0.1947438
-0.2341667
-0.2575122
-0.2511037
-0.2179700
-0.1741733
-0.1366224
-0.1148543
-0.1088149
-0.1107432
-0.1124994
-0.1134397
-0.1181475
-0.1262704
-0.1302025
-0.1246121
-0.1133123
-0.1047925
-0.1048172
-0.1137418
-0.1263494
-0.1341068
-0.1325679
-0.1268564
-0.1254957
-0.1295143
-0.1320024
-0.1266373
-0.1116589
-0.0881178
-0.0607886
-0.0390540
-0.0298095
-0.0292916
-0.0264897
-0.0137251
0.0094859
0.0400166
0.0741370
0.1097195
0.1492014
0.1969526
0.2505698
0.2996498
0.3372313
0.3676935
0.3993485
0.4340518
0.4678682
0.4969409
0.5190955
0.5346945
0.5490490
0.5685956
0.5913734
0.6058940
0.6017626
0.5774598
0.5378763
0.4902708
0.4423004
0.3964988
0.3460462
0.2832219
0.2127247
0.1498081
0.1047784
0.0751817
0.0519228
0.0261467
-0.0081190
-0.0497447
-0.0886445
-0.1143110
-0.1259737
-0.1305445
-0.1339449
-0.1388418
-0.1454786
-0.1487160
-0.1401964
-0.1208407
-0.1059399
-0.1099978
-0.1302596
-0.1513566
-0.1621774
-0.1634319
-0.1637437
-0.1724330
-0.1902417
-0.2039844
-0.1979951
-0.1746167
-0.1552285
-0.1566800
-0.1740166
-0.1896136
-0.1915798
-0.1807805
-0.1682220
-0.1679166
-0.1841271
-0.2038794
-0.2095766
-0.1988023
-0.1836389
-0.1728953
-0.1657624
-0.1611724
-0.1612290
-0.1649774
-0.1688800
-0.1732881
-0.1800533
-0.1858814
-0.1860665
-0.1809586
-0.1710389
-0.1521203
-0.1252145
-0.1045537
-0.1047381
-0.1244285
-0.1509043
-0.1742575
-0.1898615
-0.1959369
-0.1975089
-0.2041233
-0.2156064
-0.2192329
-0.2080805
-0.1919629
-0.1834845
-0.1838934
-0.1882199
-0.1927039
-0.1927462
-0.1864634
-0.1825679
-0.1863823
-0.1702415
-0.0744172
0.1480757
0.4868208
0.8667876
1.1747742
1.3081547
1.2321568
1.0025976
0.7206971
0.4617960
0.2516335
0.0930166
-0.0138049
-0.0751695
-0.1036430
-0.1097143
-0.1058834
-0.1111896
-0.1348635
-0.1638662
-0.1830687
-0.1971050
-0.2163437
-0.2359673
-0.2474317
-0.2552928
-0.2641133
-0.2654412
-0.2560175
-0.2503549
-0.2574529
-0.2653124
-0.2649797
-0.2665310
-0.2752428
-0.2783005
-0.2707156
-0.2651341
-0.2611309
-0.2377694
-0.1918680
-0.1487124
-0.1211630
-0.0959003
-0.0706473
-0.0611311
-0.0613457
-0.0458996
-0.0201492
-0.0132314
-0.0157948
0.0109922
0.0589693
0.0797658
0.0741818
0.0894544
0.1206941
0.1182196
0.1064606
0.1675418
0.2675539
0.2420118
0.0331875
