-0.0896000
-0.0465960
-0.0688789
-0.0749891
-0.0485756
-0.0354563
-0.0472338
-0.0473809
-0.0222482
0.0018705
0.0119127
0.0242699
0.0469708
0.0704296
0.0962621
0.1366635
0.1852577
0.2220619
0.2461554
0.2740775
0.3087342
0.3365427
0.3513310
0.3566203
0.3494013
0.3250775
0.2939879
0.2720102
0.2588653
0.2432124
0.2233549
0.2066200
0.1944303
0.1826640
0.1707514
0.1586314
0.1424836
0.1239448
0.1141878
0.1184119
0.1257148
0.1244494
0.1198590
0.1308051
0.1807860
0.2974025
0.5014194
0.7764998
1.0526638
1.2326790
1.2433078
1.0735421
0.7808226
0.4624927
0.2032427
0.0342811
-0.0610398
-0.1095121
-0.1263138
-0.1234438
-0.1176668
-0.1203500
-0.1284617
-0.1321650
-0.1271897
-0.1185109
-0.1164038
-0.1279434
-0.1480613
-0.1626570
-0.1661450
-0.1703326
-0.1876480
-0.2106251
-0.2184133
-0.2017494
-0.1727935
-0.1509963
-0.1456036
-0.1507930
-0.1529434
-0.1440981
-0.1310429
-0.1276008
-0.1359431
-0.1415456
-0.1302279
-0.1040754
-0.0762351
-0.0556558
-0.0413311
-0.0263612
-0.0033681
0.0297404
0.0658643
0.0943730
0.1129808
0.1301497
0.1543940
0.1852076
0.2147154
0.2333497
0.2341071
0.2172114
0.1915302
0.1666733
0.1436628
0.1176959
0.0884522
0.0616304
0.0411254
0.0258660
0.0142811
0.0062072
0.0001176
-0.0063078
-0.0117004
-0.0107603
-0.0002077
0.0158553
0.0278775
0.0334137
0.0551605
0.1427636
0.3373168
0.6169770
0.8806804
1.0027195
0.9188161
0.6688922
0.3634328
0.1082860
-0.0503846
-0.1266374
-0.1558734
-0.1608557
-0.1504559
-0.1357362
-0.1315016
-0.1412679
-0.1524278
-0.1525837
-0.1452304
-0.1443721
-0.1571501
-0.1763231
-0.1890007
-0.1904704
-0.1890289
-0.1965191
-0.2138728
-0.2291413
-0.2323125
-0.2283556
-0.2307444
-0.2444318
-0.2609425
-0.2698029
-0.2698959
-0.2688202
-0.2740653
-0.2850679
-0.2923846
-0.2859957
-0.2661215
-0.2437619
-0.2284960
-0.2180441
-0.2020903
-0.1740595
-0.1368042
-0.0987466
-0.0663278
-0.0382372
-0.0059547
0.0370740
0.0852960
0.1232061
0.1399232
0.1397693
0.1371067
0.1423584
0.1531249
0.1563400
0.1391324
0.1009513
0.0557465
0.0194571
-0.0049080
-0.0271020
-0.0551434
-0.0849597
-0.1055178
-0.1113571
-0.1084635
-0.1085996
-0.1177804
-0.1299721
-0.1339543
-0.1273536
-0.1207246
-0.1251866
-0.1391659
-0.1512751
-0.1541383
-0.1509142
-0.1489675
-0.1511780
-0.1540210
-0.1518614
-0.1431708
-0.1346873
-0.1396445
-0.1689723
-0.2190015
-0.2617649
-0.2467703
-0.1242275
0.1141949
0.4073841
0.6444713
0.7287658
0.6370452
0.4265573
0.1897204
-0.0017243
-0.1227363
-0.1837505
-0.2048958
-0.2020175
-0.1893333
-0.1823717
-0.1897698
-0.2048876
-0.2131176
-0.2092197
-0.2036045
-0.2105705
-0.2337401
-0.2643260
-0.2909042
-0.3088279
-0.3209980
-0.3311368
-0.3379744
-0.3377700
-0.3319587
-0.3286832
-0.3347064
-0.3480162
-0.3603365
-0.3649471
-0.3603942
-0.3492708
-0.3364685
-0.3273163
-0.3244259
-0.3259259
-0.3273711
-0.3245948
-0.3146843
-0.2963417
-0.2704418
-0.2387930
-0.2016628
-0.1580980
-0.1093369
-0.0604860
-0.0182435
0.0124085
0.0303124
0.0389998
0.0447689
0.0515432
0.0579008
0.0608242
0.0605894
0.0584735
0.0509520
0.0316795
0.0012049
-0.0293952
-0.0487510
-0.0582165
-0.0703493
-0.0911668
-0.1051067
-0.0828896
-0.0075628
0.1121422
0.2620960
0.4527327
0.7105587
1.0237830
1.3005224
1.4029929
1.2457569
0.8716350
0.4311059
0.0798800
-0.1163369
-0.1937385
-0.2254931
-0.2533055
-0.2751527
-0.2793493
-0.2720925
-0.2703288
-0.2803926
-0.2932897
-0.2986259
-0.2967471
-0.2962820
-0.3033199
-0.3153550
-0.3255377
-0.3313370
-0.3372921
-0.3487517
-0.3645413
-0.3773482
-0.3805500
-0.3736684
-0.3625343
-0.3554728
-0.3573236
-0.3644167
-0.3662305
-0.3548477
-0.3332554
-0.3127749
-0.3018610
-0.2978190
-0.2890072
-0.2649809
-0.2258991
-0.1827482
-0.1469862
-0.1193455
-0.0905399
-0.0535840
-0.0126004
0.0229078
0.0506789
0.0790507
0.1166224
0.1600051
0.1939534
0.2053738
0.1970958
0.1851301
0.1803873
0.1756383
0.1546018
0.1132069
0.0670961
0.0363494
0.0260288
0.0241067
0.0161184
-0.0016920
-0.0235049
-0.0443175
-0.0654288
-0.0890240
-0.1109218
-0.1232814
-0.1244690
-0.1212292
-0.1181107
-0.1080887
-0.0774860
-0.0175608
0.0740965
0.2022023
0.3741179
0.5819610
0.7826959
0.9035942
0.8804688
0.7025773
0.4253153
0.1369860
-0.0928262
-0.2413647
-0.3227718
-0.3615638
-0.3762920
-0.3782736
-0.3743943
-0.3675258
-0.3574234
-0.3444356
-0.3325278
-0.3271797
-0.3292349
-0.3317388
-0.3255795
-0.3097481
-0.2940553
-0.2891533
-0.2947740
-0.3004864
-0.2977904
-0.2886523
-0.2814585
-0.2811106
-0.2851713
-0.2891416
-0.2934838
-0.3033634
-0.3203519
-0.3359633
-0.3373548
-0.3216601
-0.3024733
-0.2985224
-0.3149215
-0.3365778
-0.3405822
-0.3156696
-0.2713205
-0.2290313
-0.2035841
-0.1909624
-0.1737703
-0.1381443
-0.0852284
-0.0276578
0.0223894
0.0609771
0.0909150
0.1151433
0.1320806
0.1372433
0.1293580
0.1138748
0.0989519
0.0880153
0.0774307
0.0613827
0.0380423
0.0115108
-0.0107976
-0.0231685
-0.0259484
-0.0250242
-0.0253576
-0.0252349
-0.0193326
-0.0079456
0.0010718
0.0059037
0.0289101
0.1151441
0.2986898
0.5572618
0.7994505
0.9107006
0.8299057
0.5921606
0.2998254
0.0503989
-0.1146430
-0.2057697
-0.2483647
-0.2571082
-0.2394593
-0.2091740
-0.1851668
-0.1765152
-0.1754554
-0.1699263
-0.1603828
-0.1592033
-0.1739997
-0.1968427
-0.2124568
-0.2140790
-0.2084594
-0.2069411
-0.2147617
-0.2291491
-0.2451025
-0.2605734
-0.2757788
-0.2893568
-0.2976099
-0.2981117
-0.2925230
-0.2848935
-0.2783218
-0.2739699
-0.2714275
-0.2680848
-0.2593700
-0.2421925
-0.2183162
-0.1925762
-0.1672920
-0.1395765
-0.1046864
-0.0614019
-0.0135013
0.0341812
0.0807575
0.1291757
0.1801071
0.2269774
0.2594742
0.2726034
0.2706720
0.2618016
0.2503855
0.2360735
0.2182857
0.1990604
0.1809136
0.1632184
0.1422776
0.1159650
0.0878879
0.0649342
0.0493582
0.0350366
0.0144981
-0.0104397
-0.0282772
-0.0301386
-0.0209694
-0.0154854
-0.0217316
-0.0303633
-0.0236355
0.0032611
0.0326090
0.0407713
0.0249817
0.0081643
0.0130202
0.0359271
0.0561111
0.0738663
0.1310319
0.2792756
0.5187635
0.7697686
0.9153131
0.8842449
0.7012557
0.4602733
0.2509592
0.1076190
0.0169735
-0.0415881
-0.0725772
-0.0744471
-0.0585586
-0.0485587
-0.0606039
-0.0885110
-0.1113083
-0.1147331
-0.1033852
-0.0923616
-0.0905810
-0.0947834
-0.0976789
-0.0975734
-0.0986175
-0.1039962
-0.1112601
-0.1145191
-0.1104176
-0.1014179
-0.0929374
-0.0876131
-0.0834582
-0.0778247
-0.0713799
-0.0665360
-0.0628726
-0.0563887
-0.0440413
-0.0280066
-0.0144263
-0.0076204
-0.0056048
-0.0018200
0.0081968
0.0223568
0.0352130
0.0451664
0.0567421
0.0752446
0.1007873
0.1287380
0.1549710
0.1791464
0.2028715
0.2257482
0.2441813
0.2546621
0.2581171
0.2598084
0.2639294
0.2691996
0.2714218
0.2699210
0.2691955
0.2734813
0.2816596
0.2896314
0.2977591
0.3149626
0.3556262
0.4341781
0.5635564
0.7548701
1.0079824
1.2914817
1.5313904
1.6337686
1.5389899
1.2678767
0.9166076
0.5993362
0.3838390
0.2690069
0.2124828
0.1747702
0.1413111
0.1140588
0.0937337
0.0745792
0.0517130
0.0267345
0.0045753
-0.0119046
-0.0226687
-0.0286286
-0.0315759
-0.0346260
-0.0399268
-0.0457398
-0.0479702
-0.0458361
-0.0447496
-0.0512139
-0.0639121
-0.0715879
-0.0627013
-0.0380874
-0.0119191
0.0019773
0.0040122
0.0072861
0.0226171
0.0471803
0.0686191
0.0789385
0.0830640
0.0938072
0.1189136
0.1531960
0.1833579
0.2004136
0.2072670
0.2146538
0.2306550
0.2542256
0.2777410
0.2949912
0.3070581
0.3206997
0.3404350
0.3620500
0.3748528
0.3710855
0.3527833
0.3290824
0.3074363
0.2880871
0.2668144
0.2422937
0.2199072
0.2073334
0.2060129
0.2082095
0.2042264
0.1924031
0.1801852
0.1745680
0.1729889
0.1655638
0.1466111
0.1226836
0.1076193
0.1089818
0.1202179
0.1274631
0.1237312
0.1145352
0.1091278
0.1086122
0.1047176
0.0888242
0.0595093
0.0222389
-0.0130646
-0.0296020
-0.0002959
0.1050472
0.2980911
0.5493892
0.7871641
0.9268614
0.9151748
0.7581366
0.5146866
0.2630463
0.0637005
-0.0603120
-0.1198544
-0.1411932
-0.1472798
-0.1497291
-0.1517692
-0.1543166
-0.1584121
-0.1638789
-0.1679498
-0.1663463
-0.1563527
-0.1395864
-0.1220469
-0.1109492
-0.1105978
-0.1202406
-0.1349509
-0.1487169
-0.1581265
-0.1641707
-0.1699932
-0.1761426
-0.1787309
-0.1734937
-0.1615218
-0.1497500
-0.1451198
-0.1483704
-0.1535336
-0.1533199
-0.1452346
-0.1329290
-0.1219050
-0.1142198
-0.1076079
-0.0991567
-0.0885507
-0.0772484
-0.0654173
-0.0507945
-0.0308419
-0.0058267
0.0206336
0.0449594
0.0681508
0.0959167
0.1321733
0.1717375
0.2012296
0.2095683
0.1984804
0.1820199
0.1745217
0.1781371
0.1822410
0.1756809
0.1593299
0.1451161
0.1422122
0.1464086
0.1459557
0.1378684
0.1358583
0.1609782
0.2267590
0.3362762
0.4915559
0.6967410
0.9410485
1.1750237
1.3129386
1.2766572
1.0529950
0.7136731
0.3747942
0.1267719
-0.0092619
-0.0702299
-0.1057388
-0.1413876
-0.1746436
-0.1937168
-0.1949796
-0.1854669
-0.1752631
-0.1706539
-0.1723578
-0.1768556
-0.1792007
-0.1769650
-0.1727321
-0.1718106
-0.1767057
-0.1844240
-0.1897566
-0.1907339
-0.1904182
-0.1937414
-0.2029713
-0.2158561
-0.2275254
-0.2340339
-0.2344664
-0.2302945
-0.2232636
-0.2138433
-0.2011630
-0.1842903
-0.1640393
-0.1436345
-0.1268725
-0.1150437
-0.1058420
-0.0954354
-0.0812933
-0.0632370
-0.0428567
-0.0223263
-0.0026120
0.0181810
0.0437172
0.0748029
0.1055276
0.1257530
0.1293764
0.1204822
0.1101384
0.1059434
0.1049393
0.0978501
0.0800912
0.0566883
0.0353302
0.0166814
-0.0052623
-0.0330734
-0.0594210
-0.0734827
-0.0733714
-0.0697876
-0.0757909
-0.0932468
-0.1104904
-0.1139015
-0.1013447
-0.0837269
-0.0739934
-0.0758987
-0.0834993
-0.0895665
-0.0926496
-0.0965514
-0.1050614
-0.1179248
-0.1299160
-0.1305327
-0.1028315
-0.0249117
0.1203715
0.3282172
0.5589534
0.7444538
0.8170268
0.7450143
0.5510704
0.2999764
0.0642068
-0.1097330
-0.2138768
-0.2671872
-0.2938848
-0.3090069
-0.3173434
-0.3196000
-0.3173808
-0.3141893
-0.3140860
-0.3196410
-0.3299520
-0.3400981
-0.3435791
-0.3371383
-0.3243192
-0.3136872
-0.3118809
-0.3175856
-0.3232257
-0.3236804
-0.3228781
-0.3302687
-0.3499853
-0.3740406
-0.3873970
-0.3808782
-0.3598012
-0.3397454
-0.3328964
-0.3377643
-0.3422002
-0.3364003
-0.3223873
-0.3105121
-0.3075092
-0.3092188
-0.3054315
-0.2912228
-0.2724764
-0.2595587
-0.2557574
-0.2529748
-0.2395825
-0.2120953
-0.1782729
-0.1490448
-0.1286816
-0.1133003
-0.0977195
-0.0822077
-0.0722225
-0.0723845
-0.0815494
-0.0939018
-0.1043807
-0.1126180
-0.1219722
-0.1356481
-0.1538925
-0.1737425
-0.1903554
-0.1991768
-0.1986727
-0.1921051
-0.1861409
-0.1862963
-0.1925126
-0.1988656
-0.1983574
-0.1891695
-0.1766891
-0.1689288
-0.1694866
-0.1750797
-0.1798672
-0.1813571
-0.1814396
-0.1822706
-0.1826646
-0.1796077
-0.1731812
-0.1687731
-0.1728328
-0.1855197
-0.1980827
-0.1990663
-0.1844423
-0.1620508
-0.1457421
-0.1442518
-0.1545505
-0.1652941
-0.1672009
-0.1610648
-0.1559444
-0.1591630
-0.1681751
-0.1730303
-0.1672518
-0.1556841
-0.1505869
-0.1594184
-0.1766154
-0.1880144
-0.1839404
-0.1681259
-0.1537315
-0.1508417
-0.1580998
-0.1659336
-0.1665151
-0.1598805
-0.1514291
-0.1452841
-0.1409057
-0.1356054
-0.1292817
-0.1258236
-0.1293943
-0.1393206
-0.1490457
-0.1508326
-0.1424991
-0.1304296
-0.1253734
-0.1319970
-0.1379985
-0.1117812
-0.0154007
0.1701739
0.4222443
0.6743168
0.8422337
0.8661068
0.7416987
0.5199161
0.2755956
0.0688764
-0.0750767
-0.1606060
-0.2036393
-0.2190309
-0.2188836
-0.2146981
-0.2153454
-0.2219841
-0.2276439
-0.2248969
-0.2148464
-0.2073762
-0.2114588
-0.2256547
-0.2391946
-0.2425545
-0.2363492
-0.2297262
-0.2307549
-0.2389815
-0.2470237
-0.2484279
-0.2433034
-0.2366205
-0.2319533
-0.2273829
-0.2172054
-0.1974962
-0.1707890
-0.1460040
-0.1327563
-0.1333927
-0.1394400
-0.1372429
-0.1195268
-0.0925604
-0.0712469
-0.0659326
-0.0734921
-0.0815279
-0.0814116
-0.0768009
-0.0789437
-0.0938735
-0.1149189
-0.1280818
-0.1245653
-0.1082028
-0.0913611
-0.0836994
-0.0837142
-0.0800504
-0.0616315
-0.0283914
0.0069557
0.0287536
0.0317751
0.0255534
0.0248301
0.0349956
0.0471646
0.0482065
0.0353788
0.0199164
0.0155708
0.0244468
0.0353211
0.0358049
0.0250529
0.0141942
0.0151999
0.0298307
0.0484182
0.0580726
0.0523634
0.0348911
0.0149277
-0.0007240
-0.0129432
-0.0280727
-0.0497766
-0.0724078
-0.0834738
-0.0748338
-0.0522872
-0.0324603
-0.0281709
-0.0371397
-0.0473202
-0.0538430
-0.0668885
-0.0966901
-0.1277169
-0.1119644
0.0015324
0.2193504
0.4804519
0.6835934
0.7483063
0.6618984
0.4775550
0.2715072
0.0983335
-0.0241252
-0.1012720
-0.1430178
-0.1573644
-0.1539156
-0.1452916
-0.1420257
-0.1473459
-0.1581928
-0.1705232
-0.1828380
-0.1960503
-0.2122792
-0.2336534
-0.2594527
-0.2826535
-0.2915339
-0.2789861
-0.2519341
-0.2288759
-0.2241989
-0.2339407
-0.2393696
-0.2267339
-0.2025207
-0.1866700
-0.1903304
-0.2029499
-0.2036232
-0.1839572
-0.1564033
-0.1389648
-0.1345995
-0.1292861
-0.1102704
-0.0821973
-0.0616820
-0.0567360
-0.0556446
-0.0389761
-0.0013648
0.0416380
0.0691285
0.0752231
0.0725274
0.0770127
0.0923399
0.1094900
0.1188159
0.1193187
0.1164089
0.1139257
0.1108673
0.1048705
0.0958343
0.0848708
0.0714969
0.0541027
0.0330791
0.0116754
-0.0069045
-0.0219134
-0.0334620
-0.0396774
-0.0378224
-0.0289920
-0.0198542
-0.0173986
-0.0216663
-0.0253570
-0.0218764
-0.0130025
-0.0069810
-0.0088355
-0.0140502
-0.0130656
-0.0015517
0.0149591
0.0266314
0.0284278
0.0238624
0.0226330
0.0383658
0.0893034
0.1958814
0.3681418
0.5875105
0.7997976
0.9331647
0.9349729
0.8026207
0.5850068
0.3534507
0.1640284
0.0370406
-0.0375936
-0.0806294
-0.1074458
-0.1242601
-0.1326483
-0.1342746
-0.1320916
-0.1292676
-0.1278641
-0.1278717
-0.1271059
-0.1230232
-0.1160494
-0.1112394
-0.1151844
-0.1296847
-0.1483274
-0.1606451
-0.1611337
-0.1545957
-0.1520083
-0.1604081
-0.1765953
-0.1908266
-0.1965451
-0.1960871
-0.1966677
-0.2012369
-0.2041464
-0.1963131
-0.1743774
-0.1442329
-0.1155802
-0.0937131
-0.0770437
-0.0617942
-0.0472933
-0.0354894
-0.0258764
-0.0127519
0.0110520
0.0475076
0.0908458
0.1317634
0.1641132
0.1878875
0.2065446
0.2219993
0.2320448
0.2323150
0.2209487
0.2017220
0.1823026
0.1683919
0.1588907
0.1472159
0.1281739
0.1035801
0.0804168
0.0632714
0.0495668
0.0333176
0.0133110
-0.0038432
-0.0097010
-0.0027089
0.0094936
0.0161754
0.0117317
-0.0009761
-0.0136012
-0.0183507
-0.0130850
-0.0025437
0.0056743
0.0082847
0.0103637
0.0207933
0.0419670
0.0646954
0.0758160
0.0718792
0.0633311
0.0627640
0.0696082
0.0695278
0.0506946
0.0189554
-0.0059059
-0.0094006
0.0038605
0.0161929
0.0148305
0.0020782
-0.0113243
-0.0194073
-0.0253974
-0.0346164
-0.0464535
-0.0548943
-0.0554708
-0.0497189
-0.0428790
-0.0386555
-0.0366069
-0.0334977
-0.0263991
-0.0153168
-0.0040123
0.0021362
0.0009142
-0.0030134
-0.0003204
0.0148345
0.0380424
0.0572813
0.0638748
0.0607910
0.0588214
0.0640790
0.0703131
0.0648942
0.0431709
0.0181441
0.0181591
0.0756577
0.2133160
0.4306121
0.6934788
0.9348753
1.0750657
1.0582116
0.8842383
0.6115140
0.3254902
0.0951413
-0.0528266
-0.1295997
-0.1617601
-0.1713370
-0.1690294
-0.1576233
-0.1380442
-0.1134616
-0.0899090
-0.0730565
-0.0631661
-0.0534571
-0.0357527
-0.0097192
0.0140134
0.0220162
0.0104575
-0.0111989
-0.0293753
-0.0385891
-0.0439152
-0.0523369
-0.0636236
-0.0705736
-0.0672032
-0.0552562
-0.0424698
-0.0354289
-0.0348710
-0.0375247
-0.0412709
-0.0475782
-0.0588772
-0.0740817
-0.0873397
-0.0920855
-0.0873321
-0.0800677
-0.0799721
-0.0898812
-0.1011429
-0.0999565
-0.0800693
-0.0496459
-0.0248220
-0.0154691
-0.0166366
-0.0136976
0.0040274
0.0341868
0.0647769
0.0855118
0.0956336
0.1014719
0.1078780
0.1130092
0.1112640
0.1004515
0.0854060
0.0742356
0.0708765
0.0714378
0.0681991
0.0573660
0.0427615
0.0318468
0.0283330
0.0287678
0.0261256
0.0167437
0.0043312
-0.0022759
0.0043493
0.0246669
0.0518677
0.0768555
0.0945114
0.1063821
0.1176595
0.1308693
0.1420405
0.1438558
0.1337875
0.1189705
0.1112733
0.1159524
0.1253340
0.1252321
0.1088108
0.0838646
0.0651864
0.0590799
0.0562800
0.0416797
0.0113344
-0.0214991
-0.0384676
-0.0340983
-0.0210021
-0.0172555
-0.0292834
-0.0472912
-0.0566925
-0.0530466
-0.0455316
-0.0463009
-0.0571764
-0.0671144
-0.0625381
-0.0400681
-0.0096514
0.0141387
0.0240803
0.0248232
0.0265446
0.0342399
0.0429020
0.0429372
0.0301109
0.0101380
-0.0061835
-0.0120958
-0.0097166
-0.0068877
-0.0096723
-0.0173881
-0.0242938
-0.0261391
-0.0255998
-0.0312516
-0.0492206
-0.0717439
-0.0705240
-0.0033668
0.1629937
0.4235298
0.7198996
0.9572720
1.0493853
0.9646547
0.7416841
0.4637059
0.2116858
0.0294620
-0.0797130
-0.1332233
-0.1488139
-0.1387163
-0.1143049
-0.0890305
-0.0743076
-0.0735014
-0.0813451
-0.0899921
-0.0962301
-0.1033661
-0.1162941
-0.1347087
-0.1513545
-0.1575204
-0.1510011
-0.1391251
-0.1336517
-0.1416361
-0.1602665
-0.1802596
-0.1942628
-0.2019070
-0.2071903
-0.2123047
-0.2150337
-0.2116047
-0.2007344
-0.1846247
-0.1670057
-0.1508490
-0.1373354
-0.1259506
-0.1152461
-0.1041119
-0.0930519
-0.0841207
-0.0784980
-0.0731819
-0.0608022
-0.0348727
0.0031855
0.0426108
0.0704456
0.0815343
0.0822457
0.0845479
0.0959113
0.1139277
0.1298467
0.1369869
0.1357792
0.1311640
0.1261267
0.1185101
0.1036384
0.0790558
0.0469100
0.0131133
-0.0153169
-0.0336630
-0.0423930
-0.0470128
-0.0533845
-0.0614999
-0.0641889
-0.0541386
-0.0336877
-0.0163158
-0.0153195
-0.0297113
-0.0432689
-0.0399390
-0.0199934
0.0008652
0.0086862
0.0059360
0.0081744
0.0273036
0.0595390
0.0895614
0.1047881
0.1048861
0.0990605
0.0965525
0.0998474
0.1041956
0.1013951
0.0857199
0.0600315
0.0369883
0.0307955
0.0442803
0.0644752
0.0735280
0.0646451
0.0455833
0.0261056
0.0059866
-0.0182406
-0.0316719
0.0090577
0.1527651
0.4084005
0.7163593
0.9677046
1.0631241
0.9692362
0.7323134
0.4439957
0.1882668
0.0067702
-0.1010196
-0.1546883
-0.1715448
-0.1615909
-0.1340189
-0.1018060
-0.0782242
-0.0702208
-0.0760894
-0.0888984
-0.1015333
-0.1093974
-0.1106722
-0.1062255
-0.0995486
-0.0948874
-0.0935490
-0.0924146
-0.0879008
-0.0816974
-0.0806252
-0.0891614
-0.1028134
-0.1107809
-0.1059996
-0.0920515
-0.0795656
-0.0758042
-0.0780470
-0.0771184
-0.0667603
-0.0490043
-0.0309895
-0.0180370
-0.0101877
-0.0036764
0.0061060
0.0224353
0.0455237
0.0717437
0.0956711
0.1144330
0.1303472
0.1486783
0.1722764
0.1983807
0.2210258
0.2367683
0.2474927
0.2567403
0.2635027
0.2611545
0.2436876
0.2126957
0.1773336
0.1471458
0.1249628
0.1063605
0.0853579
0.0603367
0.0346630
0.0124108
-0.0052410
-0.0190553
-0.0288942
-0.0340342
-0.0362221
-0.0398691
-0.0472074
-0.0539252
-0.0516971
-0.0362297
-0.0125153
0.0087500
0.0205087
0.0250072
0.0297715
0.0382177
0.0454034
0.0438505
0.0329432
0.0214596
0.0204899
0.0338403
0.0547499
0.0714010
0.0761754
0.0707063
0.0625348
0.0570051
0.0526652
0.0444049
0.0300955
0.0134239
0.0006228
-0.0051045
-0.0066881
-0.0118264
-0.0277178
-0.0538879
-0.0763721
-0.0676147
0.0041186
0.1564907
0.3748601
0.6082062
0.7870806
0.8552837
0.7954025
0.6330309
0.4202459
0.2110567
0.0425951
-0.0709815
-0.1334058
-0.1571425
-0.1568310
-0.1466499
-0.1385899
-0.1395760
-0.1490984
-0.1603544
-0.1655326
-0.1620885
-0.1548977
-0.1517398
-0.1558771
-0.1631814
-0.1668825
-0.1647933
-0.1615851
-0.1644838
-0.1769592
-0.1955617
-0.2117936
-0.2175400
-0.2103008
-0.1943525
-0.1771445
-0.1641925
-0.1563259
-0.1504973
-0.1429437
-0.1324727
-0.1212780
-0.1121261
-0.1044869
-0.0941449
-0.0773608
-0.0552657
-0.0335071
-0.0169870
-0.0046275
0.0101807
0.0324434
0.0578776
0.0735369
0.0685771
0.0456369
0.0208846
0.0116455
0.0228705
0.0441902
0.0589289
0.0566526
0.0394518
0.0182578
0.0033595
-0.0030947
-0.0076808
-0.0200849
-0.0452900
-0.0781270
-0.1044558
-0.1102471
-0.0928173
-0.0640847
-0.0418203
-0.0367271
-0.0469821
-0.0632961
-0.0774143
-0.0861861
-0.0901120
-0.0905230
-0.0884955
-0.0846184
-0.0779491
-0.0659160
-0.0478338
-0.0283307
-0.0117103
0.0129475
0.0786925
0.2210283
0.4390769
0.6730968
0.8280626
0.8324254
0.6856124
0.4548674
0.2262296
0.0528648
-0.0597807
-0.1313895
-0.1781060
-0.2039875
-0.2100579
-0.2024764
-0.1909702
-0.1836014
-0.1846163
-0.1942623
-0.2080174
-0.2176577
-0.2169482
-0.2080681
-0.2009399
-0.2039251
-0.2150521
-0.2245388
-0.2270847
-0.2293440
-0.2419037
-0.2640398
-0.2801365
-0.2738561
-0.2451348
-0.2118315
-0.1950178
-0.2028483
-0.2265783
-0.2492981
-0.2581393
-0.2507623
-0.2334729
-0.2145479
-0.1980668
-0.1816194
-0.1589436
-0.1261949
-0.0871101
-0.0513119
-0.0259393
-0.0088362
0.0092599
0.0360737
0.0716965
0.1094699
0.1405975
0.1581356
0.1594648
0.1475036
0.1296144
0.1134914
0.1019344
0.0905125
0.0711976
0.0403466
0.0040648
-0.0252770
-0.0390091
-0.0389017
-0.0343367
-0.0336791
-0.0383402
-0.0437614
-0.0451348
-0.0426317
-0.0414427
-0.0460021
-0.0540862
-0.0584540
-0.0563024
-0.0564038
-0.0727682
-0.1055874
-0.1253270
-0.0797003
0.0719673
0.3187198
0.5873971
0.7777808
0.8206696
0.7146365
0.5161448
0.2975000
0.1087731
-0.0326248
-0.1292745
-0.1884768
-0.2178293
-0.2278615
-0.2309954
-0.2352073
-0.2409384
-0.2459610
-0.2513533
-0.2603095
-0.2722884
-0.2817922
-0.2844223
-0.2828007
-0.2846953
-0.2946435
-0.3079137
-0.3139310
-0.3065372
-0.2902615
-0.2752560
-0.2664788
-0.2597090
-0.2485360
-0.2332113
-0.2208664
-0.2174247
-0.2204881
-0.2206882
-0.2103663
-0.1913560
-0.1739581
-0.1674949
-0.1717574
-0.1779079
-0.1770910
-0.1675063
-0.1540731
-0.1427780
-0.1351090
-0.1264936
-0.1100288
-0.0831639
-0.0515146
-0.0254486
-0.0118266
-0.0081047
-0.0039809
0.0100900
0.0333553
0.0522475
0.0492677
0.0177224
-0.0306322
-0.0728652
-0.0911543
-0.0844643
-0.0670237
-0.0558593
-0.0574262
-0.0640614
-0.0633963
-0.0519561
-0.0393160
-0.0384902
-0.0524864
-0.0704542
-0.0768798
-0.0652413
-0.0439520
-0.0290941
-0.0303157
-0.0433277
-0.0561593
-0.0617263
-0.0630721
-0.0672316
-0.0763459
-0.0855547
-0.0882859
-0.0827222
-0.0735684
-0.0679151
-0.0691657
-0.0748030
-0.0796631
-0.0805558
-0.0778761
-0.0744512
-0.0736396
-0.0768183
-0.0810504
-0.0804217
-0.0719245
-0.0599964
-0.0535042
-0.0575226
-0.0686917
-0.0790889
-0.0845298
-0.0886995
-0.0983882
-0.1142668
-0.1276496
-0.1283231
-0.1154825
-0.0990705
-0.0899902
-0.0907203
-0.0959551
-0.1002111
-0.1030064
-0.1074219
-0.1152305
-0.1238573
-0.1279598
-0.1241208
-0.1140159
-0.1029974
-0.0960397
-0.0949199
-0.0977554
-0.1002698
-0.0990355
-0.0953129
-0.0946499
-0.1002639
-0.1068856
-0.1035796
-0.0840470
-0.0535210
-0.0247198
-0.0069406
0.0007941
0.0058287
0.0116672
0.0134882
0.0055709
-0.0085016
-0.0175858
-0.0162904
-0.0113941
-0.0080925
0.0114535
0.0896287
0.2630939
0.5212836
0.7912577
0.9697945
0.9843073
0.8363672
0.5939962
0.3427284
0.1380957
-0.0071256
-0.1038702
-0.1630987
-0.1885726
-0.1850674
-0.1661155
-0.1491090
-0.1421809
-0.1386466
-0.1269879
-0.1058038
-0.0869676
-0.0840330
-0.0988109
-0.1191774
-0.1290809
-0.1214620
-0.1032956
-0.0885827
-0.0857285
-0.0912829
-0.0953034
-0.0914823
-0.0819618
-0.0742760
-0.0748393
-0.0839919
-0.0958532
-0.1036946
-0.1064284
-0.1090324
-0.1158545
-0.1246788
-0.1287729
-0.1244790
-0.1158250
-0.1112489
-0.1154289
-0.1243083
-0.1294779
-0.1284714
-0.1288591
-0.1393175
-0.1573311
-0.1693498
-0.1644698
-0.1457190
-0.1261948
-0.1153351
-0.1105987
-0.1023346
-0.0853493
-0.0641356
-0.0458146
-0.0292552
-0.0047245
0.0337107
0.0777487
0.1102081
0.1211423
0.1169862
0.1134046
0.1198601
0.1312260
0.1344558
0.1239652
0.1095933
0.1069375
0.1195692
0.1343354
0.1367287
0.1281862
0.1238790
0.1340038
0.1534299
0.1759547
0.2183500
0.3204782
0.5069330
0.7406827
0.9222741
0.9526872
0.8108254
0.5721651
0.3485269
0.2058307
0.1337188
0.0836306
0.0261299
-0.0296014
-0.0623031
-0.0711104
-0.0757632
-0.0902641
-0.1070678
-0.1110309
-0.1018164
-0.0944984
-0.0995374
-0.1096864
-0.1094432
-0.0933448
-0.0712215
-0.0564556
-0.0521044
-0.0499361
-0.0419767
-0.0302794
-0.0234687
-0.0252815
-0.0299609
-0.0292351
-0.0205449
-0.0071392
0.0067933
0.0185625
0.0264427
0.0295848
0.0286747
0.0259456
0.0248865
0.0296859
0.0432068
0.0645949
0.0896004
0.1135022
0.1334132
0.1489852
0.1625881
0.1778419
0.1956900
0.2124499
0.2241110
0.2321191
0.2420218
0.2557644
0.2675961
0.2689752
0.2569536
0.2373061
0.2193330
0.2069871
0.1954710
0.1783776
0.1578894
0.1441530
0.1426341
0.1457766
0.1413098
0.1270078
0.1121319
0.1031260
0.0923831
0.0674886
0.0357892
0.0384088
0.1307099
0.3359479
0.6107084
0.8581452
0.9832149
0.9455567
0.7717470
0.5279346
0.2817408
0.0783315
-0.0638008
-0.1456989
-0.1799601
-0.1856046
-0.1821738
-0.1815676
-0.1842794
-0.1854027
-0.1836598
-0.1825002
-0.1839079
-0.1851305
-0.1824082
-0.1757523
-0.1693065
-0.1679512
-0.1732029
-0.1816632
-0.1886835
-0.1945557
-0.2051452
-0.2244187
-0.2477326
-0.2645757
-0.2673679
-0.2568868
-0.2409307
-0.2288245
-0.2248891
-0.2250217
-0.2207038
-0.2076459
-0.1894226
-0.1721828
-0.1578296
-0.1434037
-0.1254817
-0.1043261
-0.0847906
-0.0725560
-0.0671675
-0.0594315
-0.0392288
-0.0066757
0.0271260
0.0510392
0.0632634
0.0696651
0.0756609
0.0808723
0.0802277
0.0697462
0.0518064
0.0336573
0.0195651
0.0063298
-0.0111728
-0.0315749
-0.0467461
-0.0491003
-0.0375994
-0.0182620
-0.0006007
0.0086910
0.0113334
0.0155666
0.0266704
0.0406182
0.0482229
0.0431072
0.0244760
-0.0029550
-0.0254194
-0.0162769
0.0577458
0.2162948
0.4404375
0.6630703
0.7931027
0.7681987
0.5984325
0.3607602
0.1460537
0.0041971
-0.0704105
-0.1121115
-0.1474004
-0.1784366
-0.1937964
-0.1900479
-0.1798360
-0.1785839
-0.1874372
-0.1934472
-0.1849346
-0.1629013
-0.1386080
-0.1239031
-0.1233537
-0.1321783
-0.1414485
-0.1469454
-0.1519059
-0.1599758
-0.1685594
-0.1722497
-0.1707035
-0.1697943
-0.1758646
-0.1905094
-0.2092504
-0.2240798
-0.2298654
-0.2296060
-0.2304580
-0.2333552
-0.2302123
-0.2134475
-0.1852644
-0.1557414
-0.1342685
-0.1234460
-0.1177274
-0.1068859
-0.0844281
-0.0542558
-0.0266458
-0.0073008
0.0071047
0.0232785
0.0446750
0.0695478
0.0915199
0.1027032
0.1003940
0.0903782
0.0800979
0.0695515
0.0528506
0.0279612
0.0011542
-0.0179701
-0.0239463
-0.0199567
-0.0166842
-0.0228408
-0.0337979
-0.0340621
-0.0155238
0.0107545
0.0265212
0.0276242
0.0280166
0.0439415
0.0799338
0.1335603
0.2133627
0.3468736
0.5579205
0.8228308
1.0519488
1.1341752
1.0175518
0.7507761
0.4455550
0.1986247
0.0424753
-0.0463123
-0.1049819
-0.1505278
-0.1782169
-0.1841306
-0.1803943
-0.1847556
-0.2015635
-0.2204341
-0.2304417
-0.2286384
-0.2180570
-0.2061220
-0.2036511
-0.2167450
-0.2386898
-0.2556908
-0.2609251
-0.2590309
-0.2583616
-0.2628055
-0.2691469
-0.2693262
-0.2583807
-0.2422543
-0.2324797
-0.2306959
-0.2256514
-0.2094726
-0.1888858
-0.1743789
-0.1651305
-0.1514380
-0.1274394
-0.0964264
-0.0676089
-0.0504255
-0.0469457
-0.0478875
-0.0414617
-0.0265141
-0.0106376
0.0030870
0.0182354
0.0351303
0.0499506
0.0643054
0.0844472
0.1087251
0.1251966
0.1237302
0.1035541
0.0700156
0.0318659
-0.0004330
-0.0221475
-0.0376447
-0.0499342
-0.0534126
-0.0456115
-0.0374146
-0.0393084
-0.0446707
-0.0397569
-0.0243370
-0.0098932
-0.0025598
0.0007491
0.0036586
0.0063976
0.0065705
0.0028975
0.0111060
0.0763720
0.2438789
0.4994658
0.7539657
0.9023956
0.8939840
0.7476296
0.5257489
0.3034681
0.1357468
0.0306194
-0.0387619
-0.0924748
-0.1301042
-0.1545396
-0.1789502
-0.2055376
-0.2267048
-0.2496710
-0.2866673
-0.3209736
-0.3241710
-0.3084274
-0.3130242
-0.3360701
-0.3381143
-0.3211633
-0.3320692
-0.3646535
-0.3380085
-0.2180611
