-0.2728921
-0.2807147
-0.2410197
-0.2313019
-0.2518258
-0.2488898
-0.2185796
-0.2095942
-0.2379652
-0.2681862
-0.2772519
-0.2806524
-0.2913840
-0.2997875
-0.3004414
-0.3032042
-0.3124786
-0.3220378
-0.3295785
-0.3335607
-0.3222078
-0.2900246
-0.2580109
-0.2525552
-0.2695375
-0.2814653
-0.2744471
-0.2575688
-0.2418589
-0.2303870
-0.2252865
-0.2270337
-0.2290531
-0.2253413
-0.2189457
-0.2138211
-0.2066622
-0.1965283
-0.1929877
-0.2037560
-0.2219121
-0.2342693
-0.2351912
-0.2263292
-0.2123914
-0.2027412
-0.2059505
-0.2161396
-0.2154342
-0.1964528
-0.1720135
-0.1566441
-0.1497194
-0.1446006
-0.1436195
-0.1503874
-0.1460859
-0.0794127
0.1099995
0.4398215
0.8410477
1.1727233
1.3045768
1.2020716
0.9362574
0.6194588
0.3377314
0.1298174
0.0001046
-0.0653500
-0.0892962
-0.0970062
-0.1108939
-0.1431678
-0.1887130
-0.2293720
-0.2512131
-0.2561340
-0.2548378
-0.2546284
-0.2582142
-0.2671848
-0.2793707
-0.2872450
-0.2854464
-0.2770373
-0.2682880
-0.2612970
-0.2552200
-0.2496440
-0.2424127
-0.2285766
-0.2058260
-0.1778750
-0.1499062
-0.1240380
-0.1006384
-0.0797204
-0.0595133
-0.0378448
-0.0161760
0.0013249
0.0127881
0.0191794
0.0214717
0.0223603
0.0289232
0.0467496
0.0714180
0.0917562
0.1021036
0.1068827
0.1138889
0.1282981
0.1526800
0.1870138
0.2271468
0.2666906
0.3019210
0.3342871
0.3693682
0.4134428
0.4672115
0.5212971
0.5623190
0.5857788
0.5985015
0.6061529
0.6043738
0.5865303
0.5545244
0.5153537
0.4700451
0.4130948
0.3436072
0.2725290
0.2156652
0.1785732
0.1490122
0.1076318
0.0486888
-0.0129583
-0.0594667
-0.0908380
-0.1212175
-0.1567729
-0.1871085
-0.2011830
-0.2034810
-0.2081998
-0.2207824
-0.2308940
-0.2245173
-0.2008773
-0.1754501
-0.1648674
-0.1697164
-0.1754622
-0.1705192
-0.1584892
-0.1504117
-0.1506339
-0.1552817
-0.1603537
-0.1645114
-0.1651710
-0.1581426
-0.1428976
-0.1255714
-0.1156147
-0.1194019
-0.1351984
-0.1532844
-0.1632908
-0.1633552
-0.1609834
-0.1644070
-0.1748434
-0.1869888
-0.1940082
-0.1916198
-0.1807496
-0.1676494
-0.1592564
-0.1577584
-0.1611460
-0.1675129
-0.1751104
-0.1793430
-0.1753291
-0.1650771
-0.1579796
-0.1614160
-0.1724588
-0.1803674
-0.1768014
-0.1639650
-0.1536961
-0.1573099
-0.1744813
-0.1929067
-0.2001871
-0.1946883
-0.1839121
-0.1754225
-0.1723417
-0.1751263
-0.1822069
-0.1853971
-0.1630383
-0.0782804
0.1074412
0.4029261
0.7572108
1.0645988
1.2156003
1.1605518
0.9362588
0.6369898
0.3566394
0.1463787
0.0117496
-0.0627294
-0.0924536
-0.0918904
-0.0816627
-0.0839098
-0.1078997
-0.1447218
-0.1780553
-0.1981166
-0.2062196
-0.2108760
-0.2210174
-0.2387652
-0.2557407
-0.2586092
-0.2413540
-0.2122819
-0.1877360
-0.1781966
-0.1800210
-0.1805752
-0.1715006
-0.1558726
-0.1411632
-0.1277812
-0.1096866
-0.0861824
-0.0659232
-0.0547844
-0.0447510
-0.0217109
0.0167730
0.0572008
0.0845875
0.0971218
0.1046572
0.1158126
0.1304646
0.1452690
0.1626969
0.1897878
0.2275202
0.2667868
0.2994636
0.3305371
0.3730279
0.4308828
0.4926667
0.5442207
0.5832492
0.6186879
0.6588863
0.7037706
0.7468464
0.7809093
0.8006638
0.8020617
0.7825626
0.7441176
0.6943349
0.6406862
0.5823499
0.5114473
0.4253843
0.3355727
0.2599708
0.2071494
0.1700190
0.1347103
0.0934082
0.0489720
0.0097419
-0.0187135
-0.0371854
-0.0495063
-0.0579194
-0.0637610
-0.0711148
-0.0851193
-0.1048804
-0.1215801
-0.1271016
-0.1235589
-0.1216831
-0.1295954
-0.1445131
-0.1559202
-0.1564375
-0.1489859
-0.1427753
-0.1431865
-0.1481534
-0.1547473
-0.1646893
-0.1792895
-0.1921682
-0.1939619
-0.1852915
-0.1791810
-0.1865516
-0.2018909
-0.2075896
-0.1928450
-0.1656968
-0.1448915
-0.1410985
-0.1483608
-0.1538470
-0.1521318
-0.1466864
-0.1405715
-0.1327887
-0.1250636
-0.1249800
-0.1363542
-0.1495607
-0.1482342
-0.1269825
-0.0988770
-0.0833671
-0.0877924
-0.1013744
-0.1065942
-0.0964864
-0.0818506
-0.0809904
-0.0982062
-0.1062501
-0.0483273
0.1326668
0.4473892
0.8275174
1.1432883
1.2731511
1.1776197
0.9177025
0.6054732
0.3330731
0.1360972
0.0057023
-0.0787991
-0.1300085
-0.1535822
-0.1566841
-0.1497478
-0.1418504
-0.1382104
-0.1418598
-0.1535995
-0.1688088
-0.1783109
-0.1765535
-0.1682437
-0.1641500
-0.1702875
-0.1826663
-0.1920903
-0.1925473
-0.1853912
-0.1771417
-0.1736787
-0.1756677
-0.1786874
-0.1769431
-0.1665731
-0.1470336
-0.1218059
-0.0977521
-0.0810132
-0.0717146
-0.0633409
-0.0480629
-0.0225972
0.0102304
0.0439471
0.0727909
0.0960934
0.1194306
0.1500105
0.1896326
0.2324633
0.2702495
0.2999359
0.3268197
0.3606260
0.4074978
0.4646406
0.5228305
0.5741683
0.6165133
0.6509693
0.6782094
0.6989018
0.7146273
0.7244461
0.7214747
0.6973101
0.6519741
0.5974885
0.5487806
0.5101154
0.4712697
0.4181934
0.3476949
0.2709274
0.2025508
0.1484454
0.1049959
0.0671879
0.0331472
0.0017650
-0.0284513
-0.0555646
-0.0729970
-0.0764640
-0.0715865
-0.0712316
-0.0837685
-0.1049316
-0.1224360
-0.1285640
-0.1272768
-0.1283960
-0.1359513
-0.1443103
-0.1457330
-0.1390258
-0.1293798
-0.1222624
-0.1202214
-0.1240308
-0.1329279
-0.1427307
-0.1463933
-0.1388163
-0.1213601
-0.1011326
-0.0855052
-0.0768136
-0.0719399
-0.0667854
-0.0604940
-0.0549136
-0.0514358
-0.0506374
-0.0545216
-0.0658754
-0.0840997
-0.1042412
-0.1224537
-0.1408683
-0.1641136
-0.1908871
-0.2116116
-0.2167795
-0.2078288
-0.1981326
-0.2012776
-0.2179978
-0.2360868
-0.2437798
-0.2414778
-0.2390203
-0.2433926
-0.2515893
-0.2542818
-0.2432607
-0.2156124
-0.1748287
-0.1305038
-0.0950610
-0.0771193
-0.0760526
-0.0829013
-0.0872988
-0.0846866
-0.0781817
-0.0745862
-0.0790886
-0.0928059
-0.1125746
-0.1309168
-0.1381008
-0.1289663
-0.1097071
-0.0950519
-0.0953746
-0.1067209
-0.1155146
-0.1134758
-0.1062937
-0.1048319
-0.1039499
-0.0675326
0.0611442
0.3209325
0.6890690
1.0686560
1.3272708
1.3676771
1.1825729
0.8538012
0.4985180
0.2052931
0.0054952
-0.1116804
-0.1695743
-0.1891423
-0.1893259
-0.1860783
-0.1854468
-0.1823242
-0.1707124
-0.1541425
-0.1433949
-0.1451079
-0.1559446
-0.1685342
-0.1800387
-0.1922192
-0.2048023
-0.2134192
-0.2157992
-0.2160011
-0.2179273
-0.2162687
-0.2000747
-0.1675973
-0.1329960
-0.1136142
-0.1118728
-0.1137122
-0.1050861
-0.0865172
-0.0698376
-0.0632814
-0.0631095
-0.0596154
-0.0477266
-0.0291121
-0.0059221
0.0227761
0.0568831
0.0916194
0.1221914
0.1509771
0.1858271
0.2301373
0.2775439
0.3184395
0.3502553
0.3794194
0.4138642
0.4555938
0.5010956
0.5473093
0.5947451
0.6437353
0.6891512
0.7214015
0.7335068
0.7260267
0.7044623
0.6730501
0.6319307
0.5793100
0.5153202
0.4444046
0.3745878
0.3132782
0.2622955
0.2171381
0.1719807
0.1252995
0.0802166
0.0401215
0.0054070
-0.0250961
-0.0507857
-0.0695159
-0.0822288
-0.0956793
-0.1169385
-0.1436286
-0.1624945
-0.1616177
-0.1440780
-0.1263564
-0.1220120
-0.1291519
-0.1354417
-0.1331524
-0.1260250
-0.1216386
-0.1210803
-0.1195776
-0.1160122
-0.1165267
-0.1251592
-0.1336548
-0.1268049
-0.1001016
-0.0679954
-0.0505001
-0.0530529
-0.0634887
-0.0684362
-0.0678310
-0.0706947
-0.0803067
-0.0895418
-0.0922816
-0.0945546
-0.1085710
-0.1356441
-0.1607870
-0.1686604
-0.1623889
-0.1609274
-0.1770005
-0.2024973
-0.2186874
-0.2175173
-0.2080503
-0.2026992
-0.2027527
-0.2008244
-0.1943211
-0.1901701
-0.1940065
-0.1991690
-0.1923702
-0.1705813
-0.1470307
-0.1371103
-0.1413686
-0.1468275
-0.1438045
-0.1361308
-0.1334626
-0.1386136
-0.1472170
-0.1577024
-0.1747351
-0.1992975
-0.2194354
-0.2180635
-0.1924588
-0.1616579
-0.1494737
-0.1607967
-0.1787697
-0.1854619
-0.1802814
-0.1753309
-0.1773185
-0.1805731
-0.1776551
-0.1701685
-0.1646254
-0.1609437
-0.1518368
-0.1349742
-0.1184206
-0.1043986
-0.0656478
0.0531783
0.2968359
0.6515536
1.0311321
1.3130708
1.4001979
1.2677980
0.9715816
0.6169422
0.3080029
0.1031299
0.0004038
-0.0410700
-0.0627387
-0.0815628
-0.0944234
-0.0990869
-0.1046593
-0.1208892
-0.1436464
-0.1586419
-0.1602199
-0.1600920
-0.1728703
-0.1962317
-0.2116422
-0.2054198
-0.1842120
-0.1668585
-0.1642195
-0.1712838
-0.1776784
-0.1796660
-0.1786399
-0.1727348
-0.1577637
-0.1373360
-0.1243405
-0.1258124
-0.1294606
-0.1136234
-0.0728636
-0.0274255
-0.0020259
0.0017315
0.0057189
0.0284439
0.0645757
0.0950899
0.1128765
0.1300926
0.1590932
0.1942901
0.2205026
0.2364312
0.2599024
0.3055665
0.3639744
0.4107645
0.4352444
0.4519580
0.4811735
0.5242036
0.5644998
0.5907293
0.6101699
0.6351737
0.6618317
0.6704420
0.6485145
0.6068009
0.5671810
0.5374741
0.5047174
0.4539956
0.3877648
0.3224819
0.2698717
0.2275862
0.1881947
0.1511568
0.1217221
0.1009244
0.0827131
0.0626456
0.0449392
0.0361785
0.0331847
0.0226533
-0.0045014
-0.0418068
-0.0742551
-0.0954587
-0.1134250
-0.1384313
-0.1694189
-0.1960679
-0.2126199
-0.2247709
-0.2407027
-0.2580501
-0.2640846
-0.2500233
-0.2224687
-0.1978393
-0.1859999
-0.1819721
-0.1742620
-0.1587814
-0.1426348
-0.1355557
-0.1400067
-0.1497065
-0.1559011
-0.1541291
-0.1460476
-0.1363448
-0.1283097
-0.1215738
-0.1133288
-0.1020613
-0.0911815
-0.0889649
-0.1028734
-0.1317789
-0.1640876
-0.1858489
-0.1922926
-0.1911483
-0.1941507
-0.2057289
-0.2204620
-0.2308736
-0.2361314
-0.2419038
-0.2518931
-0.2613421
-0.2610742
-0.2483945
-0.2322342
-0.2256518
-0.2332029
-0.2465719
-0.2525042
-0.2441946
-0.2252728
-0.2045251
-0.1881763
-0.1767155
-0.1671333
-0.1567456
-0.1454828
-0.1364074
-0.1344786
-0.1425542
-0.1563549
-0.1646996
-0.1585939
-0.1416679
-0.1290575
-0.1330699
-0.1504871
-0.1662317
-0.1692963
-0.1624615
-0.1559631
-0.1555681
-0.1602823
-0.1674692
-0.1687173
-0.1333396
-0.0047458
0.2639749
0.6509553
1.0409595
1.2777192
1.2643217
1.0284025
0.6948926
0.3932648
0.1822697
0.0480552
-0.0442279
-0.1084412
-0.1407101
-0.1462244
-0.1474345
-0.1637905
-0.1917823
-0.2117938
-0.2130901
-0.2067061
-0.2124442
-0.2367996
-0.2666044
-0.2830378
-0.2788683
-0.2618089
-0.2444407
-0.2340960
-0.2316193
-0.2353220
-0.2425624
-0.2486070
-0.2478915
-0.2383281
-0.2229674
-0.2059378
-0.1877934
-0.1668295
-0.1447755
-0.1284810
-0.1233694
-0.1251327
-0.1202471
-0.0972625
-0.0582387
-0.0179217
0.0093481
0.0219832
0.0310406
0.0494758
0.0822375
0.1250947
0.1703175
0.2127419
0.2521247
0.2915634
0.3338871
0.3788724
0.4237457
0.4666609
0.5093461
0.5550797
0.6031630
0.6463084
0.6755926
0.6886276
0.6908108
0.6865445
0.6706871
0.6323187
0.5679906
0.4882450
0.4083430
0.3341658
0.2608863
0.1855823
0.1164918
0.0656203
0.0334092
0.0056992
-0.0315531
-0.0772584
-0.1184315
-0.1471226
-0.1690678
-0.1937427
-0.2206879
-0.2413683
-0.2534843
-0.2667255
-0.2904980
-0.3193778
-0.3363828
-0.3314955
-0.3131330
-0.2989533
-0.2977255
-0.3035937
-0.3070755
-0.3068257
-0.3082173
-0.3138863
-0.3205785
-0.3250091
-0.3278871
-0.3295337
-0.3248704
-0.3075694
-0.2795656
-0.2529084
-0.2397043
-0.2409542
-0.2466758
-0.2465202
-0.2390181
-0.2308484
-0.2290399
-0.2347707
-0.2431670
-0.2471213
-0.2418706
-0.2286798
-0.2156081
-0.2129345
-0.2250131
-0.2458685
-0.2640095
-0.2725464
-0.2747959
-0.2805791
-0.2978101
-0.3268402
-0.3604855
-0.3881713
-0.4018768
-0.4014687
-0.3956923
-0.3960963
-0.4070664
-0.4208826
-0.4240678
-0.4102515
-0.3867233
-0.3674139
-0.3595033
-0.3577268
-0.3514612
-0.3357633
-0.3148860
-0.2966348
-0.2850693
-0.2782243
-0.2709398
-0.2591898
-0.2432249
-0.2284314
-0.2230409
-0.2326805
-0.2546547
-0.2771647
-0.2863122
-0.2768330
-0.2573726
-0.2443005
-0.2482155
-0.2650528
-0.2807473
-0.2859679
-0.2859878
-0.2920870
-0.2977203
-0.2623112
-0.1267397
0.1409994
0.5039235
0.8574852
1.0812493
1.1051327
0.9423569
0.6703125
0.3814435
0.1418411
-0.0222022
-0.1157032
-0.1602811
-0.1813482
-0.1976996
-0.2155650
-0.2314765
-0.2421902
-0.2516725
-0.2675797
-0.2919159
-0.3176830
-0.3360975
-0.3461371
-0.3552815
-0.3704461
-0.3892163
-0.4010278
-0.3969409
-0.3777261
-0.3526382
-0.3314561
-0.3182344
-0.3113807
-0.3074164
-0.3036035
-0.2980703
-0.2893144
-0.2764412
-0.2593641
-0.2380381
-0.2117382
-0.1802539
-0.1465036
-0.1169465
-0.0972061
-0.0860107
-0.0742900
-0.0519832
-0.0165253
0.0255806
0.0654656
0.0995139
0.1304570
0.1624530
0.1967587
0.2322482
0.2683625
0.3058000
0.3445039
0.3826501
0.4184773
0.4520396
0.4838294
0.5121996
0.5338548
0.5471934
0.5534438
0.5531616
0.5426627
0.5161258
0.4719178
0.4156018
0.3555659
0.2961155
0.2358095
0.1722109
0.1067818
0.0446955
-0.0085326
-0.0488143
-0.0736026
-0.0841008
-0.0889053
-0.1021661
-0.1330609
-0.1754516
-0.2108663
-0.2252451
-0.2231548
-0.2234480
-0.2397748
-0.2664910
-0.2851711
-0.2845428
-0.2723917
-0.2674844
-0.2812032
-0.3080246
-0.3325992
-0.3440046
-0.3432945
-0.3399085
-0.3427618
-0.3536504
-0.3665077
-0.3720173
-0.3645117
-0.3463154
-0.3256726
-0.3095957
-0.2982559
-0.2863710
-0.2695741
-0.2485274
-0.2271059
-0.2085410
-0.1945433
-0.1860404
-0.1811023
-0.1724102
-0.1527875
-0.1285745
-0.1235530
-0.1564463
-0.2035732
-0.1872551
-0.0195573
0.3214371
0.7484741
1.1025361
1.2484580
1.1528695
0.8861668
0.5599774
0.2616016
0.0318914
-0.1196881
-0.1980956
-0.2212204
-0.2203383
-0.2264168
-0.2500136
-0.2768863
-0.2861453
-0.2724400
-0.2498002
-0.2359969
-0.2364341
-0.2435243
-0.2482543
-0.2489760
-0.2492580
-0.2503243
-0.2479787
-0.2368234
-0.2163523
-0.1925287
-0.1736046
-0.1641555
-0.1624244
-0.1629355
-0.1616528
-0.1586311
-0.1556062
-0.1513895
-0.1407830
-0.1192842
-0.0890607
-0.0590260
-0.0373144
-0.0229898
-0.0059080
0.0240707
0.0672699
0.1138269
0.1534361
0.1854646
0.2192762
0.2646815
0.3224176
0.3840176
0.4402963
0.4890576
0.5345607
0.5808076
0.6267540
0.6679765
0.7015202
0.7279752
0.7492097
0.7651063
0.7725523
0.7666770
0.7429129
0.6994916
0.6399350
0.5731371
0.5088094
0.4507695
0.3947924
0.3345476
0.2701529
0.2097378
0.1616626
0.1261249
0.0960661
0.0662429
0.0392442
0.0209128
0.0109445
0.0009155
-0.0167833
-0.0392559
-0.0546246
-0.0541620
-0.0420696
-0.0321517
-0.0347978
-0.0478429
-0.0602408
-0.0638533
-0.0608611
-0.0598525
-0.0657535
-0.0746144
-0.0784162
-0.0742490
-0.0678074
-0.0674504
-0.0752256
-0.0844837
-0.0866524
-0.0799355
-0.0706529
-0.0658071
-0.0647795
-0.0589479
-0.0398061
-0.0076616
0.0273529
0.0528247
0.0634690
0.0644942
0.0663543
0.0754776
0.0890068
0.0983152
0.0979992
0.0912732
0.0861493
0.0878484
0.0995739
0.1353328
0.2304037
0.4282372
0.7414056
1.1153666
1.4339391
1.5762311
1.4883808
1.2149102
0.8653416
0.5449183
0.3040971
0.1380489
0.0212670
-0.0615576
-0.1116395
-0.1304822
-0.1295639
-0.1248141
-0.1249020
-0.1271399
-0.1238936
-0.1113258
-0.0923287
-0.0731518
-0.0586320
-0.0500903
-0.0463780
-0.0463545
-0.0507163
-0.0615053
-0.0790035
-0.0984074
-0.1104241
-0.1074065
-0.0906045
-0.0708624
-0.0600421
-0.0601131
-0.0608052
-0.0492350
-0.0227483
0.0077764
0.0279185
0.0335933
0.0354571
0.0496933
0.0840136
0.1315964
0.1773897
0.2099028
0.2282606
0.2404046
0.2562470
0.2820701
0.3193022
0.3664930
0.4214387
0.4814634
0.5423355
0.5980137
0.6427355
0.6742968
0.6953532
0.7107193
0.7224162
0.7269731
0.7179078
0.6913961
0.6498903
0.6005217
0.5502220
0.5019863
0.4545788
0.4047758
0.3503823
0.2927357
0.2371101
0.1896362
0.1522619
0.1205863
0.0878606
0.0518636
0.0170815
-0.0108718
-0.0322551
-0.0525018
-0.0736162
-0.0883289
-0.0861551
-0.0663094
-0.0423373
-0.0311861
-0.0373945
-0.0495883
-0.0530824
-0.0447005
-0.0344784
-0.0343204
-0.0471601
-0.0670886
-0.0872269
-0.1049769
-0.1204604
-0.1332536
-0.1427236
-0.1500531
-0.1570459
-0.1624155
-0.1616088
-0.1524943
-0.1408069
-0.1377487
-0.1505477
-0.1752604
-0.1995277
-0.2129253
-0.2148734
-0.2127754
-0.2130562
-0.2145828
-0.2107641
-0.1973382
-0.1774930
-0.1595583
-0.1502642
-0.1502201
-0.1550826
-0.1601993
-0.1640727
-0.1682474
-0.1749104
-0.1847401
-0.1961105
-0.2055162
-0.2093699
-0.2070119
-0.2026786
-0.2034249
-0.2135579
-0.2307147
-0.2479430
-0.2598778
-0.2666817
-0.2721591
-0.2787908
-0.2849765
-0.2865625
-0.2804923
-0.2675999
-0.2532268
-0.2451893
-0.2487435
-0.2606499
-0.2682618
-0.2580193
-0.2280774
-0.1919144
-0.1664882
-0.1560651
-0.1500633
-0.1374514
-0.1178562
-0.0900458
-0.0269541
0.1282827
0.4232292
0.8372128
1.2580844
1.5295924
1.5433028
1.3053942
0.9268162
0.5488251
0.2646504
0.0904922
-0.0092653
-0.0776705
-0.1377849
-0.1919713
-0.2348538
-0.2642172
-0.2838677
-0.3002383
-0.3164367
-0.3281492
-0.3260965
-0.3051334
-0.2720345
-0.2426158
-0.2290819
-0.2298852
-0.2326130
-0.2266270
-0.2123435
-0.1989155
-0.1946814
-0.2005818
-0.2112650
-0.2202450
-0.2236260
-0.2211097
-0.2159035
-0.2135083
-0.2179839
-0.2274626
-0.2341891
-0.2311384
-0.2193010
-0.2072830
-0.2025054
-0.2026371
-0.1960742
-0.1712426
-0.1261682
-0.0701135
-0.0165866
0.0259975
0.0589826
0.0910308
0.1310931
0.1814935
0.2356929
0.2831866
0.3189060
0.3489315
0.3854013
0.4336912
0.4845859
0.5207950
0.5322869
0.5247456
0.5121858
0.5015586
0.4856327
0.4512346
0.3933024
0.3196410
0.2426757
0.1691246
0.0991273
0.0332557
-0.0237907
-0.0682939
-0.1041655
-0.1409260
-0.1834622
-0.2250193
-0.2526060
-0.2602671
-0.2558979
-0.2533454
-0.2578761
-0.2612568
-0.2523663
-0.2315985
-0.2127908
-0.2102094
-0.2242584
-0.2404940
-0.2426036
-0.2266476
-0.2036746
-0.1893018
-0.1903539
-0.2001238
-0.2053680
-0.1983340
-0.1838886
-0.1761369
-0.1867556
-0.2139520
-0.2419780
-0.2535267
-0.2452691
-0.2318112
-0.2328698
-0.2547885
-0.2839951
-0.2991359
-0.2906441
-0.2691158
-0.2546572
-0.2580339
-0.2722597
-0.2819929
-0.2797469
-0.2721296
-0.2712819
-0.2819527
-0.2971998
-0.3054011
-0.3005738
-0.2866301
-0.2731136
-0.2675012
-0.2708508
-0.2790787
-0.2869165
-0.2908085
-0.2898791
-0.2859322
-0.2826027
-0.2830572
-0.2869901
-0.2893732
-0.2830570
-0.2645223
-0.2386182
-0.2172459
-0.2112598
-0.2217750
-0.2390326
-0.2502531
-0.2491157
-0.2385244
-0.2258535
-0.2168178
-0.2130036
-0.2113547
-0.2005799
-0.1552375
-0.0378487
0.1807435
0.4892326
0.8181432
1.0611716
1.1304380
1.0077931
0.7525797
0.4608178
0.2100887
0.0314439
-0.0802012
-0.1404863
-0.1631762
-0.1644003
-0.1652427
-0.1811452
-0.2095667
-0.2338532
-0.2419990
-0.2394816
-0.2413984
-0.2535160
-0.2647306
-0.2597579
-0.2372957
-0.2128962
-0.2036454
-0.2121340
-0.2266174
-0.2348602
-0.2350308
-0.2335999
-0.2363040
-0.2433907
-0.2516083
-0.2572094
-0.2562675
-0.2448155
-0.2217434
-0.1920783
-0.1654183
-0.1488070
-0.1404356
-0.1311878
-0.1130753
-0.0859188
-0.0557864
-0.0280644
-0.0028945
0.0237799
0.0565862
0.0979817
0.1468794
0.1985387
0.2468290
0.2886414
0.3268284
0.3677164
0.4141460
0.4606870
0.4972040
0.5187486
0.5315920
0.5475575
0.5713574
0.5944091
0.6021265
0.5868180
0.5526253
0.5085334
0.4584404
0.3993243
0.3287975
0.2529431
0.1850050
0.1354759
0.1037598
0.0799751
0.0542693
0.0235837
-0.0094490
-0.0411820
-0.0688637
-0.0897280
-0.1016857
-0.1066880
-0.1120821
-0.1257646
-0.1482932
-0.1706672
-0.1820001
-0.1801033
-0.1734759
-0.1724573
-0.1797806
-0.1906029
-0.1999385
-0.2076321
-0.2165011
-0.2283752
-0.2432108
-0.2602971
-0.2780982
-0.2930448
-0.3006066
-0.2991475
-0.2922063
-0.2852607
-0.2796813
-0.2713482
-0.2566569
-0.2388548
-0.2259216
-0.2214165
-0.2191685
-0.2086564
-0.1854463
-0.1557667
-0.1313933
-0.1206929
-0.1237539
-0.1342850
-0.1450977
-0.1523932
-0.1566550
-0.1610770
-0.1690396
-0.1813380
-0.1945296
-0.2026676
-0.2021722
-0.1954299
-0.1892644
-0.1900290
-0.2000827
-0.2171696
-0.2348118
-0.2435240
-0.2350522
-0.2088303
-0.1746463
-0.1465771
-0.1318031
-0.1248963
-0.1143186
-0.0952077
-0.0747136
-0.0639869
-0.0668077
-0.0784933
-0.0936235
-0.1070281
-0.1010023
-0.0347731
0.1407744
0.4431004
0.8233812
1.1722382
1.3708156
1.3541727
1.1426858
0.8225821
0.4949091
0.2296816
0.0487747
-0.0634791
-0.1368775
-0.1938274
-0.2391061
-0.2640458
-0.2602301
-0.2313662
-0.1937152
-0.1652916
-0.1536670
-0.1531624
-0.1534057
-0.1503605
-0.1488174
-0.1548503
-0.1675107
-0.1787391
-0.1804921
-0.1711739
-0.1561632
-0.1435011
-0.1385203
-0.1406432
-0.1442765
-0.1433991
-0.1364543
-0.1275360
-0.1227806
-0.1246753
-0.1288129
-0.1262843
-0.1104826
-0.0825137
-0.0500092
-0.0206050
0.0034992
0.0256166
0.0507496
0.0816490
0.1170328
0.1527141
0.1851896
0.2151091
0.2473034
0.2870047
0.3355255
0.3887902
0.4394996
0.4814717
0.5134481
0.5394395
0.5648739
0.5915243
0.6154060
0.6291688
0.6272046
0.6100853
0.5846957
0.5585508
0.5322390
0.4977639
0.4460393
0.3769808
0.3020402
0.2363716
0.1877878
0.1521597
0.1187701
0.0804831
0.0395197
0.0038819
-0.0213876
-0.0392180
-0.0576837
-0.0832399
-0.1161786
-0.1508938
-0.1799832
-0.1995372
-0.2118688
-0.2230118
-0.2369248
-0.2520059
-0.2631911
-0.2671793
-0.2657391
-0.2643034
-0.2670787
-0.2728608
-0.2756610
-0.2699852
-0.2556747
-0.2376503
-0.2215429
-0.2097660
-0.2005464
-0.1893645
-0.1719013
-0.1475582
-0.1211568
-0.1005974
-0.0915452
-0.0930694
-0.0977361
-0.0968723
-0.0879272
-0.0776947
-0.0769673
-0.0903523
-0.1113757
-0.1283874
-0.1352460
-0.1359788
-0.1396408
-0.1514426
-0.1687375
-0.1848752
-0.1963416
-0.2057330
-0.2177828
-0.2332811
-0.2475684
-0.2544439
-0.2508854
-0.2390506
-0.2255253
-0.2183269
-0.2221261
-0.2346398
-0.2481001
-0.2552814
-0.2546294
-0.2501063
-0.2466307
-0.2452753
-0.2419068
-0.2304483
-0.2085243
-0.1808236
-0.1570066
-0.1455814
-0.1482731
-0.1589144
-0.1682020
-0.1714334
-0.1722271
-0.1771877
-0.1863318
-0.1909017
-0.1825232
-0.1631898
-0.1438173
-0.1335677
-0.1336025
-0.1417037
-0.1575260
-0.1746266
-0.1628771
-0.0652527
0.1710222
0.5424265
0.9612305
1.2872308
1.4046288
1.2870824
1.0031467
0.6651714
0.3664695
0.1493270
0.0119014
-0.0676560
-0.1132552
-0.1442625
-0.1721608
-0.1970011
-0.2099644
-0.2048730
-0.1882932
-0.1758718
-0.1777896
-0.1894305
-0.1973710
-0.1936971
-0.1837384
-0.1803205
-0.1911091
-0.2114001
-0.2285484
-0.2328090
-0.2242351
-0.2109211
-0.2022440
-0.2026461
-0.2087641
-0.2116156
-0.2042382
-0.1894911
-0.1789697
-0.1813326
-0.1910885
-0.1907864
-0.1663519
-0.1211981
-0.0748286
-0.0460572
-0.0361933
-0.0285372
-0.0046954
0.0389106
0.0901688
0.1341964
0.1652272
0.1879603
0.2116041
0.2436730
0.2861826
0.3345213
0.3802801
0.4176455
0.4485812
0.4812158
0.5213555
0.5644168
0.5967958
0.6075182
0.5989276
0.5837107
0.5701423
0.5520975
0.5156179
0.4545215
0.3778549
0.3024614
0.2396845
0.1887988
0.1412100
0.0898678
0.0354225
-0.0149819
-0.0535463
-0.0769768
-0.0885913
-0.0974348
-0.1135602
-0.1400943
-0.1686098
-0.1850719
-0.1831577
-0.1715616
-0.1666698
-0.1774401
-0.1975365
-0.2122525
-0.2131456
-0.2057126
-0.2022035
-0.2074098
-0.2136735
-0.2110745
-0.2004218
-0.1932380
-0.1990155
-0.2147675
-0.2278161
-0.2275967
-0.2144323
-0.1982058
-0.1895870
-0.1921254
-0.2014501
-0.2104810
-0.2146566
-0.2136344
-0.2105435
-0.2098200
-0.2131465
-0.2160402
-0.2103457
-0.1923036
-0.1677402
-0.1479600
-0.1406281
-0.1450640
-0.1553931
-0.1668780
-0.1790492
-0.1934365
-0.2092227
-0.2223300
-0.2293074
-0.2308495
-0.2300059
-0.2277399
-0.2222351
-0.2125070
-0.2008951
-0.1915734
-0.1876192
-0.1892346
-0.1931802
-0.1936783
-0.1853436
-0.1662716
-0.1386750
-0.1078581
-0.0819769
-0.0713743
-0.0833060
-0.1113912
-0.1262543
-0.0780807
0.0816780
0.3656327
0.7254894
1.0610149
1.2642839
1.2715854
1.0895519
0.7837114
0.4431305
0.1438525
-0.0725736
-0.2009369
-0.2603380
-0.2783723
-0.2786657
-0.2741201
-0.2667487
-0.2537877
-0.2354992
-0.2178849
-0.2084244
-0.2095416
-0.2155900
-0.2161094
-0.2043866
-0.1851812
-0.1724315
-0.1754632
-0.1868670
-0.1874754
-0.1660431
-0.1332782
-0.1143300
-0.1260748
-0.1611916
-0.1948031
-0.2077674
-0.2036369
-0.2016039
-0.2128617
-0.2264363
-0.2200695
-0.1835472
-0.1292401
-0.0802042
-0.0492941
-0.0293516
-0.0024193
0.0416356
0.0953973
0.1429882
0.1782742
0.2121498
0.2609961
0.3292384
0.4040570
0.4662591
0.5061018
0.5302757
0.5548683
0.5909780
0.6359969
0.6777445
0.7053733
0.7156567
0.7114369
0.6975500
0.6777767
0.6519628
0.6145669
0.5583107
0.4814492
0.3913253
0.3000636
0.2165366
0.1420654
0.0736328
0.0116115
-0.0363476
-0.0613937
-0.0642966
-0.0577885
-0.0559011
-0.0621235
-0.0698017
-0.0726840
-0.0724280
-0.0760308
-0.0881231
-0.1064439
-0.1238302
-0.1339455
-0.1352358
-0.1304212
-0.1245405
-0.1247894
-0.1389984
-0.1687308
-0.2029380
-0.2233054
-0.2200788
-0.2021087
-0.1893408
-0.1952233
-0.2163116
-0.2374902
-0.2463760
-0.2434479
-0.2390777
-0.2412167
-0.2471528
-0.2480013
-0.2395929
-0.2268286
-0.2178515
-0.2156695
-0.2152589
-0.2077709
-0.1881914
-0.1597808
-0.1301545
-0.1029204
-0.0758228
-0.0482455
-0.0265584
-0.0179798
-0.0213804
-0.0291720
-0.0370138
-0.0427148
-0.0276899
0.0576286
0.2740131
0.6375468
1.0708139
1.4173885
1.5287554
1.3611046
0.9996936
0.5912133
0.2476076
0.0012592
-0.1686520
-0.2846595
-0.3485116
-0.3579860
-0.3305776
-0.3008814
-0.2940759
-0.3072021
-0.3192647
-0.3158990
-0.3000447
-0.2818125
-0.2653518
-0.2476162
-0.2254877
-0.2007174
-0.1789222
-0.1652321
-0.1604331
-0.1607140
-0.1610806
-0.1587090
-0.1535772
-0.1478497
-0.1450036
-0.1468942
-0.1501082
-0.1472596
-0.1335053
-0.1101704
-0.0812962
-0.0498654
-0.0196463
0.0025433
0.0112334
0.0097415
0.0109695
0.0286216
0.0655423
0.1093195
0.1413230
0.1541427
0.1610844
0.1856733
0.2400495
0.3141899
0.3854172
0.4364344
0.4656617
0.4847848
0.5082365
0.5427755
0.5849637
0.6275572
0.6659445
0.6966597
0.7126720
0.7053262
0.6719783
0.6191398
0.5571240
0.4925705
0.4258399
0.3545415
0.2797784
0.2085964
0.1480095
0.0962794
0.0438232
-0.0147636
-0.0721350
-0.1142850
-0.1337509
-0.1353716
-0.1313720
-0.1326601
-0.1424339
-0.1553426
-0.1634236
-0.1639992
-0.1610532
-0.1592353
-0.1587391
-0.1558819
-0.1460816
-0.1272651
-0.1055294
-0.0985058
-0.1253893
-0.1827750
-0.2247835
-0.1720474
0.0420369
0.4099218
0.8214705
1.1083451
1.1455485
0.9341830
0.5946185
0.2770386
0.0676407
-0.0385032
-0.0948155
-0.1429442
-0.1866216
-0.2098236
-0.2085297
-0.2000061
-0.2047467
-0.2267833
-0.2534990
-0.2692334
-0.2660688
-0.2464591
-0.2207764
-0.2007009
-0.1911640
-0.1886390
-0.1875978
-0.1861914
-0.1852607
-0.1857929
-0.1891770
-0.1965005
-0.2054336
-0.2104850
-0.2082085
-0.2004379
-0.1920317
-0.1875492
-0.1892304
-0.1943915
-0.1948572
-0.1830591
-0.1597460
-0.1331645
-0.1106400
-0.0929652
-0.0754143
-0.0510620
-0.0148158
0.0318087
0.0805835
0.1240932
0.1622637
0.1997485
0.2401098
0.2852162
0.3356854
0.3867568
0.4272754
0.4494242
0.4589974
0.4712029
0.4952834
0.5245019
0.5400192
0.5242436
0.4741543
0.4042126
0.3343951
0.2742737
0.2200850
0.1648432
0.1058921
0.0442927
-0.0147980
-0.0596970
-0.0785267
-0.0726306
-0.0589842
-0.0556267
-0.0670385
-0.0840107
-0.0934401
-0.0879856
-0.0714913
-0.0567023
-0.0541119
-0.0619593
-0.0689385
-0.0653247
-0.0498084
-0.0297708
-0.0187555
-0.0283184
-0.0555058
-0.0814818
-0.0889446
-0.0789642
-0.0664965
-0.0636018
-0.0722059
-0.0879141
-0.1030992
-0.1091247
-0.1031100
-0.0926852
-0.0905527
-0.1048450
-0.1344783
-0.1692055
-0.1940839
-0.2010850
-0.1982178
-0.2002829
-0.2092153
-0.2115291
-0.1967588
-0.1695068
-0.1410340
-0.1183117
-0.1044656
-0.1006466
-0.1026808
-0.1025782
-0.0970438
-0.0900196
-0.0863883
-0.0879073
-0.0931821
-0.0958014
-0.0869833
-0.0683547
-0.0570837
-0.0678948
-0.0937665
-0.1145680
-0.1208004
-0.1189899
-0.1188138
-0.1257024
-0.1410744
-0.1587886
-0.1657769
-0.1561618
-0.1404401
-0.1333430
-0.1393644
-0.1561450
-0.1810460
-0.2059864
-0.2176095
-0.2124639
-0.2017029
-0.1935594
-0.1838319
-0.1697344
-0.1570830
-0.1466282
-0.1309477
-0.1125386
-0.1058975
-0.1134644
-0.1191564
-0.1133761
-0.1041550
-0.0980291
-0.0926418
-0.0919799
-0.1025797
-0.1120732
-0.1017661
-0.0817259
-0.0779965
-0.0851993
-0.0752187
-0.0537234
-0.0546813
-0.0730840
-0.0674679
-0.0460640
-0.0775881
-0.1807193
