-0.2449935
-0.2423306
-0.1928381
-0.1820387
-0.2123338
-0.2219683
-0.1935819
-0.1702042
-0.1775095
-0.1948275
-0.2012400
-0.1990582
-0.1910682
-0.1761684
-0.1670543
-0.1766806
-0.1897062
-0.1798252
-0.1519063
-0.1360488
-0.1425032
-0.1515721
-0.1479544
-0.1393099
-0.1365806
-0.1308024
-0.0885166
0.0363873
0.2685620
0.5664896
0.8208510
0.9227368
0.8409614
0.6311901
0.3823715
0.1632822
0.0019185
-0.1095507
-0.1927362
-0.2566696
-0.2938092
-0.3019821
-0.2969165
-0.2951094
-0.2954180
-0.2869660
-0.2669673
-0.2430688
-0.2252530
-0.2209459
-0.2307800
-0.2450715
-0.2519941
-0.2520373
-0.2565345
-0.2703699
-0.2849596
-0.2896286
-0.2808728
-0.2596626
-0.2297101
-0.2003127
-0.1814845
-0.1732436
-0.1662730
-0.1540858
-0.1383604
-0.1226417
-0.1071891
-0.0897106
-0.0662531
-0.0335132
0.0048976
0.0383300
0.0611625
0.0809690
0.1082464
0.1419886
0.1723026
0.1939653
0.2105898
0.2276020
0.2465440
0.2643429
0.2744713
0.2717055
0.2585890
0.2433660
0.2292056
0.2105383
0.1828865
0.1507781
0.1219686
0.0979789
0.0737522
0.0437533
0.0069103
-0.0312822
-0.0615893
-0.0801703
-0.0939361
-0.1111569
-0.1279228
-0.1316995
-0.1192741
-0.1034816
-0.0988974
-0.1061053
-0.1132263
-0.1091851
-0.0918403
-0.0634181
-0.0193571
0.0558084
0.1774113
0.3459898
0.5502087
0.7845377
1.0497597
1.3221469
1.5279902
1.5698649
1.3956672
1.0483238
0.6475570
0.3167116
0.1133679
0.0153975
-0.0353873
-0.0788788
-0.1203243
-0.1529827
-0.1801604
-0.2108814
-0.2446024
-0.2702496
-0.2793875
-0.2758461
-0.2725504
-0.2800980
-0.2968685
-0.3100246
-0.3085925
-0.2952721
-0.2821333
-0.2751005
-0.2669687
-0.2465392
-0.2111957
-0.1695903
-0.1344590
-0.1129187
-0.1014738
-0.0906618
-0.0758235
-0.0610620
-0.0502575
-0.0376711
-0.0127076
0.0267242
0.0698505
0.1025381
0.1193518
0.1272590
0.1391776
0.1621439
0.1900280
0.2101074
0.2187004
0.2273139
0.2500839
0.2868619
0.3218655
0.3388676
0.3365462
0.3293287
0.3326228
0.3452668
0.3476131
0.3208156
0.2681401
0.2129655
0.1747183
0.1509595
0.1249571
0.0868181
0.0436850
0.0106358
-0.0058034
-0.0146321
-0.0309658
-0.0597443
-0.0905408
-0.1096956
-0.1149808
-0.1155891
-0.1202051
-0.1294024
-0.1389071
-0.1461489
-0.1528381
-0.1630993
-0.1785936
-0.1937469
-0.1975485
-0.1835476
-0.1581517
-0.1365784
-0.1296546
-0.1347856
-0.1392366
-0.1322877
-0.1156499
-0.1018312
-0.1001619
-0.1050129
-0.1015637
-0.0838338
-0.0627731
-0.0544865
-0.0640569
-0.0836409
-0.1033090
-0.1197313
-0.1351128
-0.1511865
-0.1658962
-0.1754700
-0.1786167
-0.1774734
-0.1746838
-0.1719033
-0.1717744
-0.1774319
-0.1868429
-0.1910835
-0.1837311
-0.1709113
-0.1662951
-0.1748468
-0.1858318
-0.1843721
-0.1677445
-0.1482785
-0.1411273
-0.1503865
-0.1666286
-0.1765373
-0.1737487
-0.1608233
-0.1441549
-0.1303359
-0.1251737
-0.1298366
-0.1363792
-0.1328178
-0.1168077
-0.1008529
-0.0992275
-0.1111036
-0.1208291
-0.1150653
-0.0966464
-0.0807137
-0.0793185
-0.0910844
-0.1034024
-0.0986859
-0.0538089
0.0618461
0.2717562
0.5596969
0.8500153
1.0337792
1.0319925
0.8460754
0.5541228
0.2593175
0.0335327
-0.1055852
-0.1787182
-0.2140806
-0.2291746
-0.2321625
-0.2293834
-0.2263446
-0.2246575
-0.2228560
-0.2200780
-0.2164027
-0.2103338
-0.1991656
-0.1829830
-0.1670894
-0.1592815
-0.1635485
-0.1751615
-0.1828132
-0.1786134
-0.1669240
-0.1605865
-0.1664545
-0.1765475
-0.1759641
-0.1591133
-0.1364594
-0.1246713
-0.1299064
-0.1405775
-0.1377251
-0.1140681
-0.0819963
-0.0605781
-0.0550325
-0.0515452
-0.0328019
0.0033868
0.0415343
0.0631133
0.0636908
0.0571668
0.0634460
0.0907683
0.1295855
0.1634243
0.1841782
0.1959440
0.2063299
0.2172748
0.2244424
0.2232817
0.2143723
0.2027626
0.1918828
0.1787617
0.1572896
0.1269554
0.0963368
0.0762137
0.0700934
0.0724535
0.0749865
0.0732598
0.0683442
0.0637812
0.0614872
0.0604689
0.0591621
0.0576021
0.0563383
0.0555227
0.0586467
0.0765491
0.1229523
0.2036263
0.3128729
0.4434954
0.5967414
0.7735939
0.9490772
1.0571833
1.0153641
0.7840514
0.4146657
0.0353071
-0.2260925
-0.3204454
-0.2923601
-0.2258622
-0.1775452
-0.1542471
-0.1394338
-0.1270426
-0.1262124
-0.1407397
-0.1556620
-0.1506091
-0.1237217
-0.0956769
-0.0880695
-0.1017170
-0.1187974
-0.1232357
-0.1153007
-0.1075706
-0.1106369
-0.1237665
-0.1370211
-0.1402083
-0.1299677
-0.1103455
-0.0889314
-0.0726848
-0.0646225
-0.0616081
-0.0559323
-0.0415201
-0.0187308
0.0085554
0.0396801
0.0777916
0.1228942
0.1673399
0.2011793
0.2220562
0.2383719
0.2616305
0.2952446
0.3311818
0.3584271
0.3745950
0.3878902
0.4074917
0.4338231
0.4588699
0.4736159
0.4733003
0.4575645
0.4290469
0.3923712
0.3524316
0.3123551
0.2731359
0.2349507
0.1981813
0.1630914
0.1288518
0.0935079
0.0562333
0.0204796
-0.0066553
-0.0207774
-0.0258561
-0.0309256
-0.0401209
-0.0480708
-0.0469947
-0.0374308
-0.0299022
-0.0349634
-0.0517006
-0.0671631
-0.0691143
-0.0601474
-0.0571505
-0.0742458
-0.1067545
-0.1346978
-0.1430520
-0.1370405
-0.1363929
-0.1551795
-0.1880803
-0.2163599
-0.2265954
-0.2224896
-0.2179073
-0.2202153
-0.2236333
-0.2193043
-0.2081459
-0.2003199
-0.2027664
-0.2101766
-0.2095310
-0.1932513
-0.1679697
-0.1503993
-0.1533259
-0.1740015
-0.1957386
-0.2014309
-0.1868441
-0.1628265
-0.1460284
-0.1462195
-0.1596540
-0.1734084
-0.1772202
-0.1722272
-0.1683751
-0.1737915
-0.1872593
-0.2001559
-0.2041819
-0.1975242
-0.1853873
-0.1752872
-0.1710415
-0.1709897
-0.1723283
-0.1761750
-0.1861191
-0.2005606
-0.2077579
-0.1919697
-0.1490004
-0.0979208
-0.0732946
-0.0958571
-0.1425005
-0.1460236
-0.0349326
0.2120464
0.5386510
0.8336640
0.9889695
0.9545299
0.7567290
0.4740711
0.1926752
-0.0281463
-0.1659043
-0.2272371
-0.2355806
-0.2199970
-0.2047812
-0.2011221
-0.2053063
-0.2060077
-0.1966122
-0.1827750
-0.1774535
-0.1872998
-0.2049813
-0.2170981
-0.2193802
-0.2213529
-0.2346820
-0.2585853
-0.2788517
-0.2815180
-0.2664900
-0.2468164
-0.2346330
-0.2291337
-0.2198471
-0.2011133
-0.1804194
-0.1705145
-0.1745183
-0.1809867
-0.1739531
-0.1471148
-0.1086435
-0.0732494
-0.0495370
-0.0341091
-0.0171832
0.0066726
0.0337950
0.0566840
0.0724941
0.0857257
0.1031811
0.1266353
0.1501600
0.1650311
0.1683006
0.1663782
0.1688051
0.1781838
0.1874665
0.1876611
0.1769981
0.1615001
0.1471590
0.1329336
0.1123881
0.0824549
0.0497369
0.0263012
0.0180134
0.0177527
0.0115573
-0.0082920
-0.0365094
-0.0601729
-0.0698311
-0.0660228
-0.0566448
-0.0489976
-0.0446075
-0.0415728
-0.0405178
-0.0456627
-0.0588190
-0.0741422
-0.0816145
-0.0766319
-0.0652645
-0.0591303
-0.0647024
-0.0775249
-0.0871102
-0.0876579
-0.0833897
-0.0827485
-0.0881979
-0.0933479
-0.0901790
-0.0775095
-0.0616542
-0.0499024
-0.0444313
-0.0422983
-0.0405256
-0.0404902
-0.0465213
-0.0597655
-0.0744110
-0.0816278
-0.0778226
-0.0684821
-0.0635351
-0.0688456
-0.0816823
-0.0939983
-0.1005603
-0.1043714
-0.1135655
-0.1322393
-0.1548049
-0.1702768
-0.1720389
-0.1628624
-0.1507043
-0.1405862
-0.1311090
-0.1187973
-0.1052374
-0.0984961
-0.1058496
-0.1249396
-0.1436062
-0.1497282
-0.1413772
-0.1275222
-0.1194665
-0.1212626
-0.1268679
-0.1259413
-0.1137520
-0.0968163
-0.0882201
-0.0955805
-0.1126359
-0.1233079
-0.1154858
-0.0918119
-0.0667672
-0.0528883
-0.0510966
-0.0558814
-0.0666584
-0.0851434
-0.0949272
-0.0488851
0.1066859
0.3791351
0.6956042
0.9302433
0.9810393
0.8357540
0.5729022
0.3010778
0.0917671
-0.0426776
-0.1239687
-0.1740674
-0.2037344
-0.2195661
-0.2286687
-0.2343344
-0.2335502
-0.2234947
-0.2090336
-0.2002843
-0.2022748
-0.2094344
-0.2119567
-0.2062896
-0.1969419
-0.1881500
-0.1771611
-0.1583909
-0.1327755
-0.1095813
-0.0979674
-0.0983956
-0.1030704
-0.1034749
-0.0967825
-0.0864420
-0.0781561
-0.0748966
-0.0743388
-0.0706429
-0.0595043
-0.0421944
-0.0243296
-0.0096356
0.0052859
0.0284758
0.0632004
0.1017056
0.1312121
0.1476039
0.1614178
0.1879276
0.2313159
0.2799687
0.3174425
0.3370988
0.3460306
0.3558325
0.3701401
0.3806267
0.3745262
0.3463578
0.3034679
0.2611426
0.2317425
0.2161653
0.2036126
0.1799625
0.1388170
0.0863459
0.0355539
-0.0047676
-0.0361358
-0.0665893
-0.1015629
-0.1378146
-0.1652164
-0.1749754
-0.1679664
-0.1558649
-0.1527830
-0.1636566
-0.1796398
-0.1851057
-0.1704289
-0.1393620
-0.1044979
-0.0753143
-0.0509249
-0.0253269
0.0010016
0.0178168
0.0159826
0.0007270
-0.0094116
0.0007428
0.0277329
0.0522230
0.0572213
0.0428312
0.0237483
0.0165272
0.0347743
0.0965300
0.2260028
0.4332752
0.6850976
0.9021221
0.9994412
0.9423976
0.7682170
0.5531205
0.3555514
0.1862994
0.0262144
-0.1349040
-0.2800915
-0.3810926
-0.4246197
-0.4200346
-0.3860925
-0.3370750
-0.2825640
-0.2339330
-0.2032571
-0.1933998
-0.1921992
-0.1809504
-0.1513898
-0.1145943
-0.0919732
-0.0962478
-0.1204482
-0.1448834
-0.1546107
-0.1509082
-0.1470439
-0.1531383
-0.1644035
-0.1643525
-0.1411960
-0.1019644
-0.0688739
-0.0593091
-0.0686419
-0.0737878
-0.0546634
-0.0123307
0.0339221
0.0669502
0.0888210
0.1179219
0.1699711
0.2424009
0.3165614
0.3733656
0.4062820
0.4215653
0.4292706
0.4348059
0.4368596
0.4311475
0.4160075
0.3954515
0.3770871
0.3660366
0.3594836
0.3467925
0.3164102
0.2650422
0.2012851
0.1394218
0.0882151
0.0452679
0.0022630
-0.0448867
-0.0913874
-0.1279232
-0.1483766
-0.1537204
-0.1502439
-0.1451178
-0.1426609
-0.1425906
-0.1404137
-0.1303396
-0.1102070
-0.0849978
-0.0645058
-0.0557165
-0.0573060
-0.0626499
-0.0678287
-0.0746111
-0.0849033
-0.0947572
-0.0970648
-0.0906424
-0.0841964
-0.0887206
-0.1055901
-0.1237706
-0.1302579
-0.1230132
-0.1124720
-0.1105311
-0.1197731
-0.1339233
-0.1462593
-0.1546298
-0.1589631
-0.1578399
-0.1500670
-0.1378856
-0.1251831
-0.1120261
-0.0942968
-0.0716200
-0.0529790
-0.0466368
-0.0386802
0.0147708
0.1614775
0.4064541
0.6866524
0.8971758
0.9540516
0.8444532
0.6262928
0.3831758
0.1749612
0.0196346
-0.0909689
-0.1666845
-0.2097694
-0.2226933
-0.2172924
-0.2122751
-0.2211545
-0.2427277
-0.2632169
-0.2684156
-0.2556064
-0.2353049
-0.2218398
-0.2217018
-0.2299707
-0.2366911
-0.2358631
-0.2288822
-0.2210434
-0.2161053
-0.2141398
-0.2131746
-0.2110662
-0.2050492
-0.1909680
-0.1657926
-0.1323444
-0.1000930
-0.0786499
-0.0694006
-0.0644763
-0.0549752
-0.0397990
-0.0251708
-0.0151431
-0.0041617
0.0186006
0.0567112
0.0999848
0.1327805
0.1490515
0.1576820
0.1723928
0.1978703
0.2271725
0.2517408
0.2714776
0.2936329
0.3224349
0.3510676
0.3643531
0.3494754
0.3052358
0.2430978
0.1804808
0.1310157
0.0969095
0.0681112
0.0306977
-0.0198453
-0.0715953
-0.1038596
-0.1048176
-0.0835515
-0.0647519
-0.0699775
-0.1014425
-0.1418419
-0.1696935
-0.1767352
-0.1728058
-0.1747331
-0.1893818
-0.2058940
-0.2044920
-0.1750346
-0.1290643
-0.0931607
-0.0876581
-0.1094587
-0.1352576
-0.1422403
-0.1264064
-0.1021290
-0.0860977
-0.0829326
-0.0849057
-0.0824654
-0.0732819
-0.0624240
-0.0565625
-0.0590746
-0.0688372
-0.0810769
-0.0893263
-0.0894526
-0.0842193
-0.0829814
-0.0939700
-0.1154693
-0.1357079
-0.1429416
-0.1358358
-0.1236276
-0.1166519
-0.1177394
-0.1228125
-0.1281004
-0.1346333
-0.1452190
-0.1586381
-0.1686065
-0.1685325
-0.1563822
-0.1352382
-0.1109894
-0.0903411
-0.0790429
-0.0788118
-0.0848052
-0.0878363
-0.0814926
-0.0678581
-0.0553944
-0.0506074
-0.0526568
-0.0570721
-0.0628884
-0.0709764
-0.0710252
-0.0321430
0.0843676
0.2913290
0.5478259
0.7667084
0.8599222
0.7907657
0.5940525
0.3504867
0.1373568
-0.0076563
-0.0893299
-0.1329628
-0.1606516
-0.1812308
-0.1936524
-0.1953648
-0.1885421
-0.1809870
-0.1815483
-0.1931045
-0.2090343
-0.2176710
-0.2122988
-0.1977098
-0.1861914
-0.1861383
-0.1948057
-0.2027454
-0.2045596
-0.2036496
-0.2061778
-0.2122229
-0.2145674
-0.2056659
-0.1842040
-0.1547378
-0.1227265
-0.0912600
-0.0615677
-0.0342442
-0.0088278
0.0165201
0.0430370
0.0690420
0.0912321
0.1091619
0.1273283
0.1513708
0.1822782
0.2152106
0.2438564
0.2650161
0.2792297
0.2887682
0.2961032
0.3030645
0.3094031
0.3119541
0.3070091
0.2947981
0.2805454
0.2689687
0.2574470
0.2369631
0.2023313
0.1615171
0.1324984
0.1283859
0.1442519
0.1582886
0.1469973
0.1025180
0.0392841
-0.0147801
-0.0368399
-0.0245540
0.0037679
0.0251095
0.0301823
0.0273435
0.0290618
0.0366112
0.0407374
0.0374582
0.0398391
0.0711817
0.1477823
0.2715563
0.4380008
0.6425760
0.8702422
1.0792458
1.2065565
1.2027465
1.0681737
0.8539213
0.6238761
0.4133565
0.2213776
0.0369784
-0.1334736
-0.2662732
-0.3426039
-0.3655409
-0.3549650
-0.3298227
-0.2979553
-0.2607530
-0.2224277
-0.1914942
-0.1738297
-0.1666401
-0.1606720
-0.1484973
-0.1306424
-0.1141217
-0.1055553
-0.1056288
-0.1094404
-0.1114107
-0.1097760
-0.1069835
-0.1064261
-0.1088923
-0.1116892
-0.1107194
-0.1035807
-0.0915640
-0.0794047
-0.0725752
-0.0731454
-0.0771372
-0.0766308
-0.0661679
-0.0477426
-0.0285130
-0.0124912
0.0052586
0.0350438
0.0826014
0.1429921
0.2045028
0.2579334
0.3015335
0.3379625
0.3688875
0.3938417
0.4126506
0.4258912
0.4320792
0.4267636
0.4070681
0.3768930
0.3450258
0.3165326
0.2872747
0.2490816
0.2003751
0.1494407
0.1055717
0.0682158
0.0276968
-0.0222147
-0.0741878
-0.1119752
-0.1253982
-0.1196247
-0.1095806
-0.1067793
-0.1123976
-0.1211254
-0.1282744
-0.1319764
-0.1311038
-0.1246976
-0.1142324
-0.1040785
-0.0976111
-0.0936777
-0.0892384
-0.0858103
-0.0906675
-0.1090673
-0.1358400
-0.1577084
-0.1659645
-0.1658754
-0.1712233
-0.1888668
-0.2103761
-0.2207947
-0.2154616
-0.2061605
-0.2090767
-0.2270324
-0.2450485
-0.2442203
-0.2197407
-0.1851832
-0.1598471
-0.1525886
-0.1572287
-0.1615855
-0.1592722
-0.1530588
-0.1488461
-0.1483375
-0.1480060
-0.1443477
-0.1391415
-0.1389406
-0.1488340
-0.1661547
-0.1805338
-0.1815835
-0.1682775
-0.1512671
-0.1447863
-0.1546602
-0.1736261
-0.1888014
-0.1940661
-0.1948689
-0.2006888
-0.2133178
-0.2233669
-0.2184904
-0.1947387
-0.1601171
-0.1281481
-0.1085345
-0.1027101
-0.1058709
-0.1119812
-0.1179601
-0.1250229
-0.1363733
-0.1523696
-0.1674516
-0.1734521
-0.1680100
-0.1595174
-0.1611755
-0.1779385
-0.1996435
-0.2090089
-0.1977342
-0.1746317
-0.1575314
-0.1571673
-0.1685867
-0.1771166
-0.1718850
-0.1541201
-0.1329976
-0.1119240
-0.0758769
0.0076696
0.1682716
0.4017114
0.6526001
0.8316849
0.8641143
0.7358350
0.5016205
0.2482085
0.0431765
-0.0912889
-0.1675412
-0.2056267
-0.2184035
-0.2153596
-0.2099131
-0.2156859
-0.2353353
-0.2570451
-0.2654386
-0.2566503
-0.2419374
-0.2362828
-0.2440409
-0.2560382
-0.2600267
-0.2528563
-0.2420397
-0.2363085
-0.2361130
-0.2340192
-0.2236081
-0.2067218
-0.1917725
-0.1858487
-0.1888955
-0.1945229
-0.1950652
-0.1861438
-0.1684744
-0.1470340
-0.1278705
-0.1135176
-0.1004139
-0.0820435
-0.0563971
-0.0302557
-0.0143379
-0.0131612
-0.0204785
-0.0255191
-0.0225924
-0.0127202
0.0034773
0.0305767
0.0724955
0.1224115
0.1628161
0.1795809
0.1763387
0.1723353
0.1837876
0.2073782
0.2233148
0.2149681
0.1848885
0.1515360
0.1313709
0.1247440
0.1181531
0.0984316
0.0643941
0.0263555
-0.0037532
-0.0216500
-0.0319943
-0.0422526
-0.0552813
-0.0666277
-0.0682897
-0.0557459
-0.0324790
-0.0079725
0.0093281
0.0177945
0.0219196
0.0264284
0.0316016
0.0343098
0.0327063
0.0288482
0.0264365
0.0265676
0.0264078
0.0221671
0.0128895
0.0008174
-0.0118943
-0.0261582
-0.0449308
-0.0687368
-0.0921224
-0.1052437
-0.1006995
-0.0806718
-0.0576198
-0.0460591
-0.0511963
-0.0647068
-0.0725526
-0.0681172
-0.0578766
-0.0537363
-0.0598245
-0.0676233
-0.0647634
-0.0482135
-0.0277656
-0.0162765
-0.0174595
-0.0240431
-0.0270622
-0.0253168
-0.0254814
-0.0344844
-0.0529217
-0.0749302
-0.0925968
-0.1004588
-0.0982787
-0.0921334
-0.0925259
-0.1080702
-0.1378425
-0.1700589
-0.1910967
-0.1978249
-0.2003110
-0.2107356
-0.2297148
-0.2449444
-0.2434961
-0.2237646
-0.1942691
-0.1625300
-0.1284065
-0.0892572
-0.0485074
-0.0150027
0.0065557
0.0208602
0.0349377
0.0486227
0.0585627
0.0748347
0.1285225
0.2521557
0.4436691
0.6478733
0.7793133
0.7738846
0.6292551
0.4028972
0.1724714
-0.0079186
-0.1250672
-0.1941161
-0.2355308
-0.2614677
-0.2759651
-0.2807406
-0.2782214
-0.2706872
-0.2591639
-0.2441931
-0.2268037
-0.2076314
-0.1855706
-0.1592564
-0.1311247
-0.1088135
-0.0998752
-0.1036244
-0.1092985
-0.1046867
-0.0879910
-0.0704761
-0.0656019
-0.0746397
-0.0839137
-0.0776748
-0.0538967
-0.0264527
-0.0113826
-0.0118071
-0.0167218
-0.0133673
0.0008710
0.0186023
0.0322381
0.0419014
0.0541393
0.0749004
0.1048273
0.1398798
0.1740609
0.2015056
0.2191350
0.2301482
0.2436689
0.2668487
0.2953429
0.3140841
0.3112419
0.2920055
0.2757058
0.2767275
0.2887570
0.2901388
0.2655287
0.2208302
0.1760131
0.1451944
0.1260730
0.1074845
0.0827367
0.0534856
0.0243513
-0.0008475
-0.0174172
-0.0200346
-0.0093253
0.0035664
0.0047576
-0.0072171
-0.0171761
-0.0087956
0.0159640
0.0380456
0.0450359
0.0501997
0.0819335
0.1542876
0.2550079
0.3679295
0.5016724
0.6824715
0.9087335
1.1158221
1.1998147
1.0911755
0.8136810
0.4727016
0.1832229
0.0021431
-0.0830601
-0.1162760
-0.1318543
-0.1428350
-0.1510578
-0.1558776
-0.1540763
-0.1409044
-0.1178241
-0.0976186
-0.0964271
-0.1180492
-0.1476890
-0.1637298
-0.1564826
-0.1352437
-0.1177662
-0.1139888
-0.1195662
-0.1231899
-0.1187980
-0.1110040
-0.1094486
-0.1180743
-0.1301834
-0.1346745
-0.1271116
-0.1135676
-0.1030762
-0.0976045
-0.0909271
-0.0766238
-0.0547880
-0.0300193
-0.0050903
0.0205736
0.0467227
0.0707115
0.0930329
0.1220970
0.1679801
0.2290004
0.2877472
0.3248291
0.3368984
0.3384562
0.3453071
0.3588661
0.3683332
0.3657756
0.3551625
0.3460166
0.3414025
0.3348535
0.3178984
0.2874080
0.2452114
0.1943918
0.1395916
0.0894951
0.0538102
0.0348324
0.0239657
0.0099760
-0.0087409
-0.0218924
-0.0183030
0.0013648
0.0234698
0.0327215
0.0245555
0.0071259
-0.0076707
-0.0146747
-0.0180125
-0.0248582
-0.0374600
-0.0509846
-0.0587517
-0.0595804
-0.0597557
-0.0670653
-0.0828649
-0.1010954
-0.1155700
-0.1267463
-0.1397468
-0.1566732
-0.1734918
-0.1852657
-0.1922588
-0.1985571
-0.2051482
-0.2070456
-0.1990360
-0.1832020
-0.1680831
-0.1591980
-0.1521517
-0.1377287
-0.1140586
-0.0914247
-0.0830372
-0.0912357
-0.1039585
-0.1052527
-0.0893456
-0.0651729
-0.0481704
-0.0476385
-0.0606953
-0.0766382
-0.0862746
-0.0880254
-0.0871637
-0.0902881
-0.0995733
-0.1111203
-0.1192941
-0.1231802
-0.1262643
-0.1250373
-0.0965445
-0.0033415
0.1779564
0.4238409
0.6584615
0.7891880
0.7614284
0.5913355
0.3517419
0.1251362
-0.0385792
-0.1329346
-0.1780420
-0.1978307
-0.2074163
-0.2118649
-0.2105519
-0.2026230
-0.1909771
-0.1824412
-0.1835373
-0.1949122
-0.2094803
-0.2168297
-0.2110227
-0.1954642
-0.1807072
-0.1770126
-0.1873316
-0.2052877
-0.2192914
-0.2207541
-0.2112814
-0.2023516
-0.2056767
-0.2216911
-0.2373145
-0.2359401
-0.2105298
-0.1681261
-0.1230807
-0.0863591
-0.0598660
-0.0385222
-0.0162046
0.0096694
0.0369456
0.0602379
0.0745661
0.0803239
0.0858466
0.1028935
0.1364468
0.1782163
0.2120458
0.2278677
0.2311763
0.2381734
0.2599908
0.2902027
0.3081916
0.2971269
0.2607313
0.2221795
0.2045055
0.2100326
0.2178975
0.2018598
0.1522074
0.0828743
0.0189725
-0.0229088
-0.0443386
-0.0582452
-0.0747953
-0.0937674
-0.1081179
-0.1122850
-0.1068984
-0.0975301
-0.0904487
-0.0891377
-0.0934496
-0.1009061
-0.1082901
-0.1124965
-0.1113292
-0.1045852
-0.0939677
-0.0810684
-0.0657740
-0.0477771
-0.0297396
-0.0176917
-0.0170023
-0.0274817
-0.0426963
-0.0548453
-0.0611834
-0.0659301
-0.0754522
-0.0912403
-0.1076074
-0.1160416
-0.1117320
-0.0970267
-0.0802575
-0.0709967
-0.0739403
-0.0855140
-0.0972499
-0.1042231
-0.1102085
-0.1231557
-0.1449540
-0.1665621
-0.1745515
-0.1630223
-0.1389390
-0.1158772
-0.1033520
-0.1022880
-0.1083072
-0.1158029
-0.1188987
-0.1134453
-0.1021236
-0.0949964
-0.0992450
-0.1080683
-0.1064023
-0.0923873
-0.0878758
-0.1156744
-0.1596120
-0.1537474
-0.0272997
0.2257902
0.5188685
0.7208959
0.7444698
0.5990517
0.3697082
0.1500579
-0.0102306
-0.1108459
-0.1736194
-0.2159176
-0.2426855
-0.2529272
-0.2482876
-0.2363235
-0.2278196
-0.2305487
-0.2432900
-0.2553203
-0.2543723
-0.2380762
-0.2176314
-0.2081359
-0.2142929
-0.2263910
-0.2308133
-0.2238592
-0.2148062
-0.2156827
-0.2281005
-0.2399188
-0.2352885
-0.2088679
-0.1704035
-0.1351139
-0.1098237
-0.0887444
-0.0618547
-0.0259553
0.0125217
0.0440678
0.0643372
0.0765747
0.0877584
0.1036896
0.1269636
0.1564714
0.1861902
0.2058778
0.2075865
0.1942846
0.1803858
0.1806140
0.1973116
0.2192991
0.2331213
0.2347348
0.2304649
0.2277948
0.2261695
0.2169327
0.1920659
0.1530316
0.1114221
0.0809144
0.0671435
0.0632921
0.0553592
0.0342759
0.0049722
-0.0175802
-0.0234366
-0.0183669
-0.0175383
-0.0289348
-0.0457969
-0.0563201
-0.0579306
-0.0589750
-0.0671524
-0.0800285
-0.0892636
-0.0923751
-0.0962650
-0.1074473
-0.1216536
-0.1271202
-0.1183426
-0.1031540
-0.0942687
-0.0958001
-0.1005278
-0.0998450
-0.0942537
-0.0933313
-0.1057576
-0.1291747
-0.1494990
-0.1510469
-0.1289375
-0.0926382
-0.0577401
-0.0341261
-0.0210946
-0.0121624
-0.0032138
0.0041096
0.0059626
0.0017174
-0.0049607
-0.0096077
-0.0100988
-0.0070163
-0.0036873
-0.0062850
-0.0197646
-0.0403771
-0.0558293
-0.0598300
-0.0662594
-0.0981849
-0.1515598
-0.1709548
-0.0769161
0.1634282
0.4839761
0.7437535
0.8188611
0.6866681
0.4310145
0.1710613
-0.0171919
-0.1247027
-0.1789042
-0.2045901
-0.2108099
-0.2000123
-0.1772960
-0.1494604
-0.1207584
-0.0937345
-0.0731026
-0.0650964
-0.0713554
-0.0852554
-0.0967017
-0.1008484
-0.1013337
-0.1054122
-0.1168143
-0.1325106
-0.1448307
-0.1472400
-0.1402479
-0.1322816
-0.1330241
-0.1442934
-0.1574392
-0.1602980
-0.1473652
-0.1242062
-0.1025992
-0.0905804
-0.0857703
-0.0778719
-0.0580130
-0.0261043
0.0100663
0.0418322
0.0660900
0.0869412
0.1122205
0.1471539
0.1897783
0.2327711
0.2706447
0.3048120
0.3407207
0.3800271
0.4161573
0.4380351
0.4389518
0.4226106
0.4000783
0.3794417
0.3580089
0.3254761
0.2753005
0.2129725
0.1535407
0.1110772
0.0886752
0.0763472
0.0588680
0.0280742
-0.0111676
-0.0475385
-0.0756124
-0.1003204
-0.1287363
-0.1590113
-0.1795197
-0.1799394
-0.1627705
-0.1425171
-0.1323558
-0.1321869
-0.1311743
-0.1212145
-0.1049692
-0.0900429
-0.0790483
-0.0690408
-0.0592845
-0.0548511
-0.0600897
-0.0701693
-0.0722631
-0.0572314
-0.0302150
-0.0079258
-0.0036902
-0.0153725
-0.0293109
-0.0355932
-0.0372130
-0.0436837
-0.0579903
-0.0720622
-0.0750912
-0.0653959
-0.0536319
-0.0537467
-0.0700149
-0.0930680
-0.1093021
-0.1140145
-0.1147807
-0.1224276
-0.1393974
-0.1563963
-0.1598135
-0.1436284
-0.1157528
-0.0923536
-0.0842829
-0.0884606
-0.0927401
-0.0885588
-0.0781354
-0.0702240
-0.0703370
-0.0751858
-0.0758641
-0.0664153
-0.0497308
-0.0351468
-0.0304048
-0.0360837
-0.0467401
-0.0556858
-0.0589916
-0.0574970
-0.0563360
-0.0609610
-0.0718699
-0.0835453
-0.0895677
-0.0889053
-0.0871910
-0.0919887
-0.1059792
-0.1234857
-0.1340908
-0.1315976
-0.1202656
-0.1113380
-0.1126807
-0.1217965
-0.1286922
-0.1254028
-0.1135592
-0.1031799
-0.1028725
-0.1103251
-0.1140242
-0.1061289
-0.0921819
-0.0849753
-0.0885069
-0.0910156
-0.0766008
-0.0436812
-0.0096453
0.0054824
0.0004669
-0.0052401
0.0053124
0.0236118
0.0244479
0.0044865
0.0092395
0.1097778
0.3390654
0.6431226
0.8967138
0.9795290
0.8550100
0.5892063
0.2976803
0.0689179
-0.0740311
-0.1552798
-0.2041491
-0.2316310
-0.2363000
-0.2203564
-0.1945445
-0.1694101
-0.1462611
-0.1197491
-0.0889488
-0.0627829
-0.0522989
-0.0586437
-0.0706048
-0.0738832
-0.0622373
-0.0413604
-0.0241730
-0.0214348
-0.0336846
-0.0505028
-0.0582121
-0.0497991
-0.0293019
-0.0083906
0.0018800
-0.0007244
-0.0071829
-0.0040296
0.0152531
0.0450971
0.0739686
0.0946408
0.1083230
0.1205419
0.1347312
0.1500584
0.1652991
0.1842866
0.2151400
0.2611716
0.3128898
0.3525794
0.3692255
0.3683630
0.3662813
0.3746896
0.3908374
0.4018917
0.3992227
0.3889017
0.3869172
0.4022853
0.4253891
0.4349784
0.4174034
0.3788300
0.3393423
0.3153943
0.3060828
0.2947068
0.2648566
0.2170483
0.1692410
0.1394761
0.1282592
0.1192633
0.0972700
0.0645565
0.0393427
0.0376108
0.0556352
0.0713354
0.0651970
0.0400786
0.0180505
0.0170315
0.0328465
0.0452887
0.0394633
0.0194024
0.0024343
0.0025126
0.0189020
0.0396541
0.0549726
0.0660993
0.0806683
0.1009235
0.1191601
0.1267275
0.1296621
0.1576394
0.2544446
0.4477658
0.7150346
0.9761646
1.1301640
1.1144514
0.9414708
0.6849162
0.4300042
0.2281481
0.0863322
-0.0110841
-0.0759946
-0.1102474
-0.1173509
-0.1106695
-0.1061068
-0.1098955
-0.1169482
-0.1198453
-0.1171021
-0.1136836
-0.1155122
-0.1231944
-0.1303920
-0.1295591
-0.1202966
-0.1107093
-0.1087559
-0.1121227
-0.1074668
-0.0812634
-0.0342501
0.0134576
0.0347393
0.0176527
-0.0240334
-0.0645904
-0.0899482
-0.1048958
-0.1181606
-0.1261609
-0.1151892
-0.0780060
-0.0249791
0.0228252
0.0519208
0.0674579
0.0854795
0.1151801
0.1513065
0.1838345
0.2107110
0.2380882
0.2705837
0.3047688
0.3313578
0.3416542
0.3333119
0.3125169
0.2900571
0.2730368
0.2599702
0.2444051
0.2228342
0.1989676
0.1810776
0.1744723
0.1747198
0.1690113
0.1471000
0.1110527
0.0716340
0.0353591
-0.0011585
-0.0430529
-0.0869375
-0.1212382
-0.1357897
-0.1305511
-0.1162332
-0.1065247
-0.1078726
-0.1157802
-0.1211110
-0.1195924
-0.1156331
-0.1190824
-0.1380713
-0.1702255
-0.1981555
-0.1989058
-0.1653452
-0.1184689
-0.0929684
-0.1072974
-0.1483620
-0.1855789
-0.1988516
-0.1932241
-0.1879639
-0.1931646
-0.1994219
-0.1917611
-0.1703204
-0.1517327
-0.1501882
-0.1630630
-0.1775052
-0.1860902
-0.1918180
-0.2005270
-0.2128175
-0.2233422
-0.2258609
-0.2187285
-0.2061021
-0.1942096
-0.1875787
-0.1890318
-0.1999487
-0.2173293
-0.2329098
-0.2394709
-0.2372506
-0.2308248
-0.2214007
-0.2070426
-0.1900953
-0.1790089
-0.1803551
-0.1910736
-0.2001407
-0.1979528
-0.1851898
-0.1731434
-0.1734085
-0.1859827
-0.1993582
-0.2029474
-0.1963926
-0.1858997
-0.1761596
-0.1688921
-0.1653924
-0.1661104
-0.1692744
-0.1729027
-0.1770715
-0.1824253
-0.1877590
-0.1902091
-0.1868218
-0.1765848
-0.1633429
-0.1553558
-0.1574267
-0.1633606
-0.1609829
-0.1460666
-0.1277758
-0.1190175
-0.1237425
-0.1336546
-0.1348133
-0.1186286
-0.0904161
-0.0670649
-0.0626309
-0.0754770
-0.0910747
-0.0961289
-0.0883887
-0.0757794
-0.0693799
-0.0748039
-0.0868836
-0.0944409
-0.0913319
-0.0764542
-0.0370580
0.0618488
0.2571931
0.5460777
0.8607300
1.0888869
1.1332474
0.9716333
0.6719767
0.3464710
0.0815264
-0.0980334
-0.2105712
-0.2790131
-0.3124295
-0.3127315
-0.2870971
-0.2519266
-0.2260683
-0.2185226
-0.2224246
-0.2236367
-0.2149953
-0.1998837
-0.1847642
-0.1735289
-0.1672669
-0.1633644
-0.1556394
-0.1411860
-0.1265646
-0.1219358
-0.1294948
-0.1417605
-0.1495046
-0.1474061
-0.1353193
-0.1197819
-0.1118427
-0.1173311
-0.1298470
-0.1366011
-0.1292171
-0.1072874
-0.0764747
-0.0461728
-0.0231222
-0.0031092
0.0255413
0.0662051
0.1073785
0.1359297
0.1514232
0.1635885
0.1811494
0.2064323
0.2352156
0.2586551
0.2704363
0.2740524
0.2782492
0.2855154
0.2912571
0.2926165
0.2893519
0.2770650
0.2497489
0.2098552
0.1670437
0.1267492
0.0881682
0.0524453
0.0238128
0.0032304
-0.0113474
-0.0203294
-0.0251328
-0.0311624
-0.0401018
-0.0445168
-0.0388869
-0.0300637
-0.0275471
-0.0297098
-0.0288583
-0.0231096
-0.0146521
-0.0044347
0.0028577
-0.0018512
-0.0186195
-0.0342674
-0.0398827
-0.0417304
-0.0475538
-0.0551317
-0.0618492
-0.0709004
-0.0802371
-0.0810698
-0.0748646
-0.0752895
-0.0868212
-0.0991477
-0.1070538
-0.1148261
-0.1177714
-0.1046195
-0.0823330
-0.0707963
-0.0689539
-0.0567458
-0.0334618
-0.0189907
-0.0145530
-0.0033097
0.0071879
-0.0075677
-0.0336564
-0.0305373
-0.0126773
-0.0502891
-0.1569084
