0.1041119
0.0774590
0.1245310
0.1450923
0.1082956
0.0771498
0.0819556
0.0865979
0.0736618
0.0663031
0.0642467
0.0380955
-0.0093741
-0.0430473
-0.0575063
-0.0803190
-0.1139713
-0.1287472
-0.1149812
-0.0958638
-0.0867059
-0.0794294
-0.0649362
-0.0369659
0.0216122
0.1267185
0.2734308
0.4496195
0.6505622
0.8510630
0.9824095
0.9766289
0.8333809
0.6216004
0.4207447
0.2737681
0.1796456
0.1075697
0.0263815
-0.0629878
-0.1306982
-0.1601108
-0.1701566
-0.1862936
-0.2087753
-0.2235446
-0.2277424
-0.2297061
-0.2359278
-0.2487759
-0.2661954
-0.2773605
-0.2712811
-0.2541151
-0.2440235
-0.2456463
-0.2449022
-0.2323565
-0.2160562
-0.2068470
-0.2046912
-0.2031575
-0.1957795
-0.1765353
-0.1450137
-0.1106408
-0.0813112
-0.0507359
-0.0086789
0.0400942
0.0800957
0.1057884
0.1262513
0.1516547
0.1850769
0.2241484
0.2614636
0.2876124
0.3022643
0.3170784
0.3398595
0.3621227
0.3701949
0.3620719
0.3456376
0.3266638
0.3056788
0.2806466
0.2470564
0.2018369
0.1515688
0.1091773
0.0782777
0.0489262
0.0131922
-0.0229348
-0.0472702
-0.0542778
-0.0478921
-0.0386448
-0.0389983
-0.0532680
-0.0708039
-0.0769491
-0.0713950
-0.0678180
-0.0752575
-0.0881399
-0.0953242
-0.0917199
-0.0807950
-0.0719103
-0.0743243
-0.0880178
-0.1021888
-0.1079229
-0.1088933
-0.1138950
-0.1232589
-0.1294310
-0.1271977
-0.1172563
-0.1041766
-0.0967692
-0.1037943
-0.1184795
-0.1080094
-0.0276527
0.1470128
0.3943773
0.6452101
0.8100000
0.8259826
0.6940441
0.4737141
0.2410810
0.0497025
-0.0791937
-0.1484933
-0.1766812
-0.1882137
-0.2004758
-0.2173897
-0.2350017
-0.2497240
-0.2615418
-0.2740789
-0.2918398
-0.3136801
-0.3308877
-0.3369923
-0.3373137
-0.3422436
-0.3523431
-0.3568454
-0.3468922
-0.3249362
-0.3012844
-0.2854738
-0.2798487
-0.2778305
-0.2700774
-0.2550172
-0.2399332
-0.2285827
-0.2126252
-0.1805608
-0.1319285
-0.0779302
-0.0305252
0.0055610
0.0331536
0.0586310
0.0851235
0.1073502
0.1163250
0.1110769
0.1021802
0.1018511
0.1134562
0.1307639
0.1428558
0.1396510
0.1186550
0.0882515
0.0597856
0.0351400
0.0065260
-0.0307345
-0.0702489
-0.1010935
-0.1188443
-0.1289062
-0.1408425
-0.1585979
-0.1743533
-0.1748988
-0.1578188
-0.1382994
-0.1345704
-0.1481473
-0.1632228
-0.1643738
-0.1506916
-0.1338109
-0.1262649
-0.1312760
-0.1409862
-0.1450359
-0.1417709
-0.1387683
-0.1418438
-0.1478405
-0.1500956
-0.1463509
-0.1382812
-0.1273175
-0.1144761
-0.1014222
-0.0888966
-0.0763875
-0.0642921
-0.0511595
-0.0236542
0.0494601
0.2069528
0.4686220
0.8059442
1.1321919
1.3325135
1.3273784
1.1244884
0.8125418
0.5006126
0.2562368
0.0886830
-0.0240763
-0.1005129
-0.1439040
-0.1563158
-0.1546315
-0.1644696
-0.1964039
-0.2348600
-0.2566818
-0.2579657
-0.2569120
-0.2713166
-0.2983914
-0.3176416
-0.3112907
-0.2819328
-0.2511556
-0.2395273
-0.2472049
-0.2561175
-0.2509953
-0.2341527
-0.2183981
-0.2101585
-0.2030338
-0.1855429
-0.1527045
-0.1115140
-0.0759144
-0.0540608
-0.0398803
-0.0197194
0.0123359
0.0485218
0.0767678
0.0927939
0.1025438
0.1156370
0.1369117
0.1620232
0.1813708
0.1903982
0.1950538
0.2045113
0.2197371
0.2323592
0.2339054
0.2230766
0.2046217
0.1839494
0.1625455
0.1367984
0.1023346
0.0610819
0.0222051
-0.0060193
-0.0236199
-0.0365959
-0.0493105
-0.0610677
-0.0681529
-0.0674853
-0.0602994
-0.0536398
-0.0555704
-0.0668173
-0.0791538
-0.0839484
-0.0809112
-0.0773050
-0.0799253
-0.0883521
-0.0948338
-0.0915824
-0.0804774
-0.0742608
-0.0841401
-0.1061823
-0.1239653
-0.1257193
-0.1158263
-0.1085501
-0.1132031
-0.1265127
-0.1372640
-0.1369269
-0.1264102
-0.1130638
-0.1019881
-0.0922580
-0.0813694
-0.0694279
-0.0575341
-0.0469911
-0.0435462
-0.0559122
-0.0792927
-0.0779381
0.0068185
0.2171651
0.5350913
0.8722065
1.1089691
1.1607291
1.0232579
0.7647569
0.4765725
0.2263309
0.0431040
-0.0724902
-0.1350068
-0.1659852
-0.1866275
-0.2100563
-0.2377002
-0.2628380
-0.2790532
-0.2869302
-0.2921931
-0.2968568
-0.2951324
-0.2814456
-0.2606643
-0.2454862
-0.2429789
-0.2472130
-0.2464823
-0.2355520
-0.2197561
-0.2084182
-0.2048729
-0.2025417
-0.1914233
-0.1688710
-0.1425361
-0.1221232
-0.1105538
-0.1043372
-0.0993954
-0.0936633
-0.0861853
-0.0770695
-0.0675150
-0.0572757
-0.0426898
-0.0197089
0.0106142
0.0407749
0.0618394
0.0709959
0.0750162
0.0845407
0.1023678
0.1186581
0.1215020
0.1118952
0.1035529
0.1063148
0.1137979
0.1106465
0.0900364
0.0609865
0.0384690
0.0280666
0.0214686
0.0073351
-0.0146206
-0.0330264
-0.0390221
-0.0377541
-0.0427901
-0.0609642
-0.0860295
-0.1063296
-0.1155767
-0.1164418
-0.1165823
-0.1217719
-0.1310631
-0.1379541
-0.1368575
-0.1283396
-0.1181879
-0.1127095
-0.1149857
-0.1233046
-0.1320142
-0.1358784
-0.1350973
-0.1345902
-0.1372279
-0.1394208
-0.1347735
-0.1210824
-0.1029791
-0.0886328
-0.0838244
-0.0874863
-0.0926813
-0.0934680
-0.0908052
-0.0899764
-0.0925218
-0.0932943
-0.0862462
-0.0714090
-0.0555500
-0.0470264
-0.0497837
-0.0608806
-0.0738279
-0.0852895
-0.0978869
-0.1153191
-0.1358605
-0.1525809
-0.1597705
-0.1582455
-0.1551869
-0.1593154
-0.1740376
-0.1932677
-0.2053982
-0.2037268
-0.1925683
-0.1817579
-0.1760913
-0.1718045
-0.1628201
-0.1487565
-0.1362586
-0.1323861
-0.1364599
-0.1394678
-0.1332696
-0.1197443
-0.1082385
-0.1038457
-0.1011830
-0.0912036
-0.0723813
-0.0538716
-0.0484475
-0.0621717
-0.0889034
-0.1141692
-0.1262923
-0.1254987
-0.1222657
-0.1264662
-0.1375452
-0.1440418
-0.1330268
-0.1033305
-0.0713584
-0.0591460
-0.0684153
-0.0631316
0.0168850
0.2140166
0.5124243
0.8316957
1.0636054
1.1298732
1.0221361
0.7975064
0.5375968
0.3056550
0.1298927
0.0119686
-0.0584562
-0.0956309
-0.1145801
-0.1275163
-0.1394605
-0.1474096
-0.1463708
-0.1385714
-0.1357691
-0.1494848
-0.1785094
-0.2086533
-0.2261358
-0.2297600
-0.2292012
-0.2330806
-0.2401858
-0.2418752
-0.2321968
-0.2151757
-0.2012982
-0.1965236
-0.1964089
-0.1924624
-0.1825601
-0.1723942
-0.1671568
-0.1645682
-0.1569102
-0.1384990
-0.1106217
-0.0800211
-0.0529511
-0.0305049
-0.0097510
0.0112682
0.0312744
0.0484546
0.0631004
0.0764085
0.0885656
0.0996319
0.1108468
0.1231169
0.1348594
0.1430059
0.1462810
0.1468647
0.1487281
0.1539958
0.1603298
0.1625761
0.1583245
0.1510980
0.1458254
0.1413131
0.1301027
0.1072684
0.0775798
0.0518611
0.0362575
0.0262417
0.0121945
-0.0087470
-0.0275859
-0.0324814
-0.0230276
-0.0121746
-0.0115196
-0.0174454
-0.0160867
-0.0011370
0.0182682
0.0291347
0.0301617
0.0319892
0.0441990
0.0694086
0.1156836
0.2106568
0.3888779
0.6502434
0.9283500
1.1120001
1.1147360
0.9352097
0.6555245
0.3821134
0.1822313
0.0629713
-0.0048519
-0.0504636
-0.0855348
-0.1100556
-0.1250838
-0.1367539
-0.1512462
-0.1695184
-0.1866217
-0.1946271
-0.1880973
-0.1702096
-0.1531829
-0.1487081
-0.1560308
-0.1616375
-0.1529630
-0.1318268
-0.1126255
-0.1067312
-0.1094411
-0.1037604
-0.0782242
-0.0402839
-0.0097924
0.0015216
0.0020801
0.0106179
0.0361208
0.0697558
0.0958957
0.1086747
0.1169563
0.1341403
0.1641598
0.1980900
0.2247018
0.2432008
0.2636259
0.2945573
0.3325608
0.3651383
0.3831791
0.3894864
0.3954791
0.4098752
0.4299200
0.4433228
0.4392394
0.4174150
0.3864003
0.3539373
0.3207182
0.2832129
0.2406324
0.1982072
0.1640623
0.1426237
0.1303036
0.1182340
0.1006182
0.0803166
0.0650946
0.0585016
0.0557212
0.0487961
0.0352271
0.0208389
0.0137380
0.0149052
0.0152030
0.0032639
-0.0231355
-0.0548569
-0.0810181
-0.0990472
-0.1138668
-0.1287627
-0.1397829
-0.1399141
-0.1277558
-0.1110177
-0.1007186
-0.1014787
-0.1079510
-0.1114535
-0.1093241
-0.1062784
-0.1070851
-0.1102562
-0.1099157
-0.1024949
-0.0904543
-0.0799619
-0.0755530
-0.0768347
-0.0802823
-0.0843358
-0.0919853
-0.1072589
-0.1292634
-0.1506573
-0.1625373
-0.1613203
-0.1519237
-0.1443898
-0.1455215
-0.1521791
-0.1539042
-0.1443366
-0.1299879
-0.1256235
-0.1395419
-0.1636576
-0.1792113
-0.1737716
-0.1538661
-0.1403679
-0.1493312
-0.1762086
-0.1998204
-0.2026342
-0.1864127
-0.1676032
-0.1590024
-0.1578217
-0.1516326
-0.1342913
-0.1142273
-0.1061298
-0.1151072
-0.1311414
-0.1403517
-0.1399341
-0.1394164
-0.1478589
-0.1632201
-0.1758199
-0.1800739
-0.1802004
-0.1842853
-0.1943005
-0.2031041
-0.2013044
-0.1863658
-0.1643680
-0.1434969
-0.1273310
-0.1144500
-0.1022227
-0.0891745
-0.0748263
-0.0593586
-0.0436777
-0.0290774
-0.0173606
-0.0118212
-0.0156239
-0.0241371
-0.0153891
0.0496427
0.2081309
0.4638244
0.7649480
1.0152576
1.1203867
1.0408013
0.8124145
0.5203632
0.2487794
0.0440653
-0.0889398
-0.1673520
-0.2099118
-0.2300423
-0.2390742
-0.2478663
-0.2619231
-0.2770160
-0.2833791
-0.2755300
-0.2570601
-0.2358201
-0.2162317
-0.1976120
-0.1792072
-0.1647344
-0.1600081
-0.1655355
-0.1731587
-0.1727855
-0.1631036
-0.1532933
-0.1523147
-0.1581358
-0.1602677
-0.1526162
-0.1408876
-0.1357340
-0.1400641
-0.1454694
-0.1418471
-0.1291647
-0.1177934
-0.1167976
-0.1234877
-0.1259462
-0.1148831
-0.0911768
-0.0624770
-0.0353067
-0.0114926
0.0100690
0.0306020
0.0500755
0.0671261
0.0802832
0.0903013
0.1015296
0.1198580
0.1476053
0.1793906
0.2038510
0.2117747
0.2040744
0.1909099
0.1814860
0.1749566
0.1625125
0.1381429
0.1059132
0.0762000
0.0555807
0.0410180
0.0239429
0.0000060
-0.0254161
-0.0420797
-0.0456284
-0.0429691
-0.0461808
-0.0607935
-0.0798391
-0.0892574
-0.0801149
-0.0574577
-0.0378476
-0.0365255
-0.0548397
-0.0795967
-0.0951199
-0.0963636
-0.0909171
-0.0892744
-0.0936986
-0.0962727
-0.0875231
-0.0669764
-0.0450077
-0.0338923
-0.0371118
-0.0475279
-0.0551585
-0.0557027
-0.0519654
-0.0486258
-0.0465241
-0.0418348
-0.0306679
-0.0145259
-0.0006272
0.0040658
-0.0008212
-0.0092961
-0.0157072
-0.0209350
-0.0316963
-0.0533247
-0.0826115
-0.1080352
-0.1188307
-0.1157066
-0.1127825
-0.1270459
-0.1622986
-0.1990704
-0.1981256
-0.1180664
0.0597514
0.3123427
0.5763895
0.7733705
0.8454836
0.7805077
0.6113243
0.3937183
0.1798022
0.0034178
-0.1197523
-0.1870389
-0.2070802
-0.1990446
-0.1855895
-0.1808094
-0.1837965
-0.1847989
-0.1779848
-0.1681076
-0.1651964
-0.1737559
-0.1880948
-0.1985447
-0.2015180
-0.2021680
-0.2069575
-0.2151460
-0.2191417
-0.2130224
-0.1994511
-0.1875932
-0.1843521
-0.1876315
-0.1881223
-0.1779439
-0.1576250
-0.1342727
-0.1129621
-0.0907335
-0.0595009
-0.0144043
0.0409222
0.0965779
0.1433720
0.1786072
0.2065671
0.2339450
0.2642293
0.2954947
0.3228360
0.3429953
0.3574765
0.3714530
0.3883833
0.4043227
0.4081999
0.3899579
0.3497724
0.2988672
0.2505839
0.2104606
0.1744827
0.1358088
0.0925385
0.0495946
0.0142001
-0.0100889
-0.0257211
-0.0388903
-0.0552425
-0.0763219
-0.0985041
-0.1158025
-0.1258196
-0.1334660
-0.1464606
-0.1651454
-0.1783807
-0.1732044
-0.1498980
-0.1251233
-0.1170695
-0.1269827
-0.1374115
-0.1304799
-0.1071346
-0.0860264
-0.0828141
-0.0930169
-0.0976690
-0.0847277
-0.0616547
-0.0462034
-0.0476830
-0.0594784
-0.0682112
-0.0668444
-0.0583058
-0.0492922
-0.0432436
-0.0385549
-0.0306668
-0.0151321
0.0083614
0.0327155
0.0483558
0.0603916
0.1045366
0.2365580
0.4879264
0.8188148
1.1165300
1.2552051
1.1762954
0.9252959
0.6153336
0.3506218
0.1728387
0.0650877
-0.0065884
-0.0602981
-0.0979171
-0.1224041
-0.1453854
-0.1774334
-0.2163122
-0.2488006
-0.2642005
-0.2647421
-0.2625411
-0.2673740
-0.2782494
-0.2865085
-0.2858129
-0.2782657
-0.2713478
-0.2699402
-0.2714567
-0.2681397
-0.2540598
-0.2306129
-0.2056250
-0.1867564
-0.1752208
-0.1654348
-0.1502055
-0.1260245
-0.0940925
-0.0575208
-0.0181833
0.0241187
0.0701994
0.1196716
0.1704758
0.2196421
0.2641091
0.3013421
0.3303327
0.3523481
0.3697748
0.3834852
0.3919224
0.3935603
0.3896149
0.3826708
0.3719327
0.3510393
0.3126860
0.2566808
0.1928745
0.1343831
0.0867795
0.0444949
-0.0010749
-0.0501470
-0.0924776
-0.1171983
-0.1239518
-0.1234354
-0.1270014
-0.1362513
-0.1430684
-0.1395972
-0.1275041
-0.1165446
-0.1136536
-0.1143108
-0.1062921
-0.0829766
-0.0525980
-0.0329930
-0.0358106
-0.0553652
-0.0737251
-0.0778286
-0.0717121
-0.0711027
-0.0857907
-0.1084217
-0.1215728
-0.1152428
-0.0961501
-0.0799552
-0.0759011
-0.0801203
-0.0830561
-0.0812376
-0.0803855
-0.0876629
-0.1027972
-0.1178147
-0.1246787
-0.1221373
-0.1156526
-0.1121762
-0.1151840
-0.1230548
-0.1306775
-0.1329867
-0.1285114
-0.1203896
-0.1135345
-0.1100134
-0.1069748
-0.0995823
-0.0865295
-0.0725452
-0.0646715
-0.0654480
-0.0700012
-0.0706498
-0.0649657
-0.0592761
-0.0635593
-0.0817393
-0.1062049
-0.1225767
-0.1218805
-0.1093885
-0.1007523
-0.1076915
-0.1268679
-0.1436481
-0.1473795
-0.1422314
-0.1419557
-0.1542101
-0.1715882
-0.1792238
-0.1705269
-0.1536781
-0.1421255
-0.1402370
-0.1398319
-0.1300817
-0.1087092
-0.0829793
-0.0616247
-0.0475385
-0.0376993
-0.0283736
-0.0198437
-0.0165847
-0.0215664
-0.0263896
-0.0041852
0.0839128
0.2641315
0.5201666
0.7842719
0.9655457
1.0004817
0.8875225
0.6786281
0.4386074
0.2094066
0.0055845
-0.1668224
-0.2958030
-0.3688596
-0.3879421
-0.3732374
-0.3497120
-0.3301899
-0.3117300
-0.2869225
-0.2565978
-0.2308400
-0.2185516
-0.2172946
-0.2141630
-0.1972416
-0.1666650
-0.1341992
-0.1113290
-0.0978811
-0.0834265
-0.0603343
-0.0340730
-0.0186081
-0.0212272
-0.0335956
-0.0395390
-0.0314358
-0.0172541
-0.0106477
-0.0154402
-0.0216557
-0.0166768
0.0017382
0.0247545
0.0434034
0.0579356
0.0757082
0.1013679
0.1309263
0.1558934
0.1724404
0.1857065
0.2047930
0.2333388
0.2647781
0.2869931
0.2924414
0.2846995
0.2753211
0.2736425
0.2789513
0.2824956
0.2771641
0.2646768
0.2526465
0.2449790
0.2366611
0.2190938
0.1899865
0.1564437
0.1276628
0.1056299
0.0844067
0.0585170
0.0303858
0.0080490
-0.0041658
-0.0110652
-0.0217202
-0.0397032
-0.0593043
-0.0718486
-0.0752306
-0.0765607
-0.0852242
-0.1033940
-0.1232897
-0.1336798
-0.1293818
-0.1150753
-0.1004119
-0.0914955
-0.0867382
-0.0803734
-0.0693141
-0.0561111
-0.0453639
-0.0381469
-0.0310304
-0.0208366
-0.0095065
-0.0031516
-0.0060027
-0.0159619
-0.0268797
-0.0352294
-0.0438877
-0.0587660
-0.0817209
-0.1072031
-0.1263151
-0.1344539
-0.1351783
-0.1366355
-0.1439588
-0.1547791
-0.1620617
-0.1615778
-0.1567239
-0.1556155
-0.1628386
-0.1739709
-0.1789027
-0.1714216
-0.1558315
-0.1437335
-0.1437141
-0.1539050
-0.1645145
-0.1672233
-0.1615885
-0.1525384
-0.1430852
-0.1311517
-0.1138193
-0.0933610
-0.0775710
-0.0738121
-0.0833106
-0.1013986
-0.1222573
-0.1420934
-0.1578754
-0.1652531
-0.1605116
-0.1455395
-0.1293843
-0.1225494
-0.1284406
-0.1405277
-0.1485060
-0.1475564
-0.1416520
-0.1379695
-0.1384096
-0.1369749
-0.1257426
-0.1034593
-0.0780058
-0.0599601
-0.0535061
-0.0540608
-0.0553969
-0.0581752
-0.0677136
-0.0783741
-0.0588565
0.0405803
0.2536363
0.5590041
0.8724028
1.0846634
1.1222308
0.9857761
0.7406655
0.4725196
0.2445175
0.0818833
-0.0194232
-0.0777401
-0.1148424
-0.1474644
-0.1801381
-0.2056308
-0.2162417
-0.2158068
-0.2177929
-0.2298679
-0.2432114
-0.2414231
-0.2204860
-0.1960103
-0.1874526
-0.1966387
-0.2060506
-0.1995571
-0.1812364
-0.1698012
-0.1753062
-0.1860292
-0.1810898
-0.1538900
-0.1194335
-0.0980261
-0.0944597
-0.0950655
-0.0835873
-0.0568115
-0.0238946
0.0067653
0.0364189
0.0713806
0.1124800
0.1519650
0.1810832
0.1989511
0.2127439
0.2296821
0.2499858
0.2679911
0.2793224
0.2857915
0.2928805
0.3033135
0.3143775
0.3215454
0.3230804
0.3196687
0.3103873
0.2916606
0.2618716
0.2259177
0.1924504
0.1650482
0.1374132
0.0999760
0.0521266
0.0058306
-0.0252734
-0.0399534
-0.0502032
-0.0673539
-0.0896698
-0.1058400
-0.1094510
-0.1066833
-0.1086623
-0.1188179
-0.1305660
-0.1365631
-0.1366521
-0.1351668
-0.1332762
-0.1274968
-0.1148344
-0.0951651
-0.0676440
-0.0298550
0.0150808
0.0548210
0.0816929
0.1151071
0.2015780
0.3761921
0.6136329
0.8208095
0.8915754
0.7831449
0.5475235
0.2905023
0.0968408
-0.0137697
-0.0719265
-0.1129232
-0.1473321
-0.1667333
-0.1662987
-0.1563490
-0.1538104
-0.1664135
-0.1870469
-0.2030166
-0.2096301
-0.2139220
-0.2251014
-0.2423935
-0.2538887
-0.2483635
-0.2277116
-0.2061519
-0.1963676
-0.1974913
-0.1981994
-0.1907877
-0.1792140
-0.1719830
-0.1699801
-0.1653293
-0.1523477
-0.1356062
-0.1240438
-0.1184791
-0.1086182
-0.0837318
-0.0439736
0.0014841
0.0466782
0.0953972
0.1532210
0.2153717
0.2671180
0.2979848
0.3129380
0.3266577
0.3476115
0.3707552
0.3864053
0.3929652
0.3973815
0.4033293
0.4028436
0.3831167
0.3411947
0.2886258
0.2396665
0.1969136
0.1517236
0.0984572
0.0443323
0.0023554
-0.0239081
-0.0447619
-0.0721816
-0.1052910
-0.1308686
-0.1386875
-0.1338000
-0.1310118
-0.1377702
-0.1458397
-0.1418951
-0.1243728
-0.1063858
-0.1013367
-0.1082769
-0.1137622
-0.1074201
-0.0931187
-0.0834538
-0.0846095
-0.0893709
-0.0862463
-0.0737575
-0.0630561
-0.0660256
-0.0828795
-0.1029093
-0.1161148
-0.1218694
-0.1260745
-0.1320830
-0.1366370
-0.1348565
-0.1273662
-0.1204589
-0.1191041
-0.1220017
-0.1257435
-0.1330667
-0.1529564
-0.1879816
-0.2190681
-0.2039610
-0.0966027
0.1215978
0.4186522
0.7149097
0.9148019
0.9513428
0.8178381
0.5683882
0.2877666
0.0497420
-0.1109473
-0.1987288
-0.2363758
-0.2443724
-0.2358011
-0.2228879
-0.2199476
-0.2355587
-0.2631095
-0.2834474
-0.2807643
-0.2572447
-0.2312846
-0.2204770
-0.2268637
-0.2392378
-0.2477283
-0.2525760
-0.2581049
-0.2622806
-0.2569561
-0.2387448
-0.2158858
-0.2011303
-0.1983395
-0.1990622
-0.1938524
-0.1847127
-0.1824251
-0.1907047
-0.1968337
-0.1824177
-0.1435279
-0.0967930
-0.0636912
-0.0504034
-0.0447463
-0.0312138
-0.0055470
0.0264164
0.0607559
0.1012369
0.1512386
0.2031213
0.2406117
0.2534231
0.2469842
0.2353997
0.2262508
0.2152361
0.1955590
0.1689659
0.1446140
0.1277495
0.1124910
0.0877549
0.0494824
0.0047909
-0.0363212
-0.0706126
-0.1003968
-0.1245449
-0.1359022
-0.1305806
-0.1173389
-0.1131974
-0.1280866
-0.1555113
-0.1800796
-0.1936616
-0.2022511
-0.2164471
-0.2374619
-0.2555326
-0.2621925
-0.2606081
-0.2609368
-0.2670187
-0.2715125
-0.2652196
-0.2484641
-0.2307842
-0.2202165
-0.2154576
-0.2096175
-0.2000396
-0.1917600
-0.1903913
-0.1937435
-0.1935395
-0.1857196
-0.1761707
-0.1740210
-0.1805386
-0.1874015
-0.1864703
-0.1793647
-0.1757377
-0.1823475
-0.1953234
-0.2044067
-0.2044359
-0.2007225
-0.2017822
-0.2082033
-0.2115725
-0.2050307
-0.1924453
-0.1849219
-0.1888450
-0.1993910
-0.2066211
-0.2068930
-0.2065224
-0.2132095
-0.2246919
-0.2282241
-0.2129750
-0.1822977
-0.1520159
-0.1361017
-0.1346388
-0.1357860
-0.1286543
-0.1138658
-0.1017671
-0.1005288
-0.1066582
-0.1087892
-0.1016026
-0.0937205
-0.0971702
-0.1053778
-0.0821181
0.0216948
0.2299109
0.5098400
0.7760068
0.9323568
0.9248666
0.7669085
0.5224839
0.2659685
0.0496357
-0.1052160
-0.2000278
-0.2478707
-0.2663054
-0.2722127
-0.2761084
-0.2788830
-0.2755204
-0.2635992
-0.2474330
-0.2328485
-0.2195781
-0.2017954
-0.1764412
-0.1483404
-0.1253806
-0.1099067
-0.0967677
-0.0798687
-0.0593305
-0.0413510
-0.0313904
-0.0287149
-0.0285119
-0.0285029
-0.0312853
-0.0391900
-0.0483158
-0.0495903
-0.0361842
-0.0097145
0.0205351
0.0448198
0.0610449
0.0767498
0.1018434
0.1379708
0.1758764
0.2049963
0.2254851
0.2488509
0.2855451
0.3327708
0.3764040
0.4059497
0.4263996
0.4527020
0.4915517
0.5310107
0.5508920
0.5427065
0.5165535
0.4882342
0.4628196
0.4328440
0.3904965
0.3382205
0.2866275
0.2439479
0.2094718
0.1773338
0.1448289
0.1153145
0.0940743
0.0849987
0.0935714
0.1311192
0.2119449
0.3433089
0.5164078
0.7049878
0.8715809
0.9776927
0.9944508
0.9113314
0.7413714
0.5209105
0.3008644
0.1290632
0.0309529
0.0010193
0.0110501
0.0286259
0.0331604
0.0215117
0.0032396
-0.0094496
-0.0105684
-0.0032088
0.0039441
0.0028971
-0.0086312
-0.0262392
-0.0429637
-0.0557187
-0.0675840
-0.0826637
-0.0992840
-0.1102641
-0.1102851
-0.1013133
-0.0898334
-0.0798264
-0.0696654
-0.0556869
-0.0376907
-0.0198136
-0.0054621
0.0079179
0.0276997
0.0596620
0.1039195
0.1569338
0.2149591
0.2742386
0.3305163
0.3818761
0.4319175
0.4870947
0.5491053
0.6106857
0.6603660
0.6919155
0.7087431
0.7184810
0.7237490
0.7200127
0.7032039
0.6768477
0.6482950
0.6184645
0.5794157
0.5243003
0.4576791
0.3933337
0.3419390
0.3023072
0.2649863
0.2234856
0.1810246
0.1460661
0.1222526
0.1045129
0.0854359
0.0634701
0.0431293
0.0283173
0.0177071
0.0066952
-0.0077066
-0.0242514
-0.0387108
-0.0475088
-0.0506222
-0.0508305
-0.0500300
-0.0471753
-0.0405005
-0.0309819
-0.0227404
-0.0203286
-0.0257817
-0.0373718
-0.0507512
-0.0622718
-0.0718739
-0.0821474
-0.0944112
-0.1068054
-0.1165944
-0.1230698
-0.1272864
-0.1296716
-0.1288847
-0.1234094
-0.1147279
-0.1089472
-0.1135115
-0.1301193
-0.1512210
-0.1657805
-0.1693154
-0.1671847
-0.1677959
-0.1739268
-0.1812865
-0.1845352
-0.1835852
-0.1835239
-0.1881499
-0.1942205
-0.1937574
-0.1827999
-0.1664982
-0.1542555
-0.1506250
-0.1520350
-0.1516869
-0.1466991
-0.1412105
-0.1431347
-0.1563708
-0.1746601
-0.1843892
-0.1763400
-0.1560669
-0.1418694
-0.1505276
-0.1826620
-0.2209294
-0.2441326
-0.2457233
-0.2387738
-0.2412321
-0.2566232
-0.2716240
-0.2728527
-0.2628675
-0.2571451
-0.2663952
-0.2843582
-0.2939961
-0.2850227
-0.2640609
-0.2466697
-0.2403026
-0.2375434
-0.2265803
-0.2051321
-0.1814719
-0.1641729
-0.1549075
-0.1498003
-0.1403886
-0.1075670
-0.0176588
0.1636121
0.4384687
0.7497207
0.9908363
1.0606023
0.9274299
0.6513528
0.3438523
0.0985908
-0.0527979
-0.1338938
-0.1840626
-0.2244541
-0.2528024
-0.2612226
-0.2533988
-0.2441368
-0.2457106
-0.2580613
-0.2719090
-0.2785890
-0.2762747
-0.2690850
-0.2619650
-0.2561389
-0.2493187
-0.2406042
-0.2338739
-0.2341601
-0.2407546
-0.2461141
-0.2426359
-0.2297897
-0.2144124
-0.2046621
-0.2033685
-0.2063047
-0.2069727
-0.2034230
-0.1996411
-0.1997081
-0.2017651
-0.1988244
-0.1849020
-0.1599929
-0.1304105
-0.1047661
-0.0874409
-0.0742963
-0.0563701
-0.0299216
-0.0020886
0.0153872
0.0183329
0.0153491
0.0207842
0.0421780
0.0735025
0.1004365
0.1130728
0.1136380
0.1115584
0.1123857
0.1134074
0.1089678
0.0969042
0.0791261
0.0582390
0.0347902
0.0067820
-0.0281424
-0.0684273
-0.1064645
-0.1329416
-0.1448405
-0.1486624
-0.1549620
-0.1692570
-0.1876934
-0.2016552
-0.2075662
-0.2117405
-0.2232110
-0.2413348
-0.2540017
-0.2509545
-0.2367810
-0.2269681
-0.2310331
-0.2421797
-0.2446274
-0.2301522
-0.2066661
-0.1902918
-0.1888329
-0.1938255
-0.1900520
-0.1720309
-0.1488646
-0.1330986
-0.1279026
-0.1265396
-0.1221411
-0.1157301
-0.1147114
-0.1239661
-0.1385212
-0.1464871
-0.1413027
-0.1303965
-0.1289048
-0.1440238
-0.1672747
-0.1829271
-0.1830528
-0.1741243
-0.1695522
-0.1754652
-0.1837093
-0.1810267
-0.1671283
-0.1613006
-0.1853954
-0.2357584
-0.2708364
-0.2294815
-0.0703718
0.1935629
0.4908236
0.7238326
0.8183990
0.7570055
0.5774593
0.3463477
0.1289806
-0.0313460
-0.1225621
-0.1609225
-0.1764012
-0.1931203
-0.2164237
-0.2350885
-0.2371079
-0.2257342
-0.2191682
-0.2318404
-0.2572151
-0.2735534
-0.2677477
-0.2497117
-0.2408405
-0.2505491
-0.2670599
-0.2710421
-0.2563529
-0.2359371
-0.2270232
-0.2321126
-0.2374145
-0.2301032
-0.2127557
-0.1975552
-0.1893083
-0.1792406
-0.1554681
-0.1157731
-0.0690358
-0.0264813
0.0072133
0.0353639
0.0633978
0.0927053
0.1212074
0.1488320
0.1793755
0.2159372
0.2566832
0.2962289
0.3294134
0.3530726
0.3664477
0.3710239
0.3680575
0.3555402
0.3300334
0.2926830
0.2510316
0.2129324
0.1796999
0.1462425
0.1070277
0.0616199
0.0156272
-0.0233768
-0.0516272
-0.0708091
-0.0837544
-0.0901304
-0.0876805
-0.0759992
-0.0574179
-0.0361405
-0.0181914
-0.0086458
-0.0043586
0.0089751
0.0477736
0.1192457
0.2246988
0.3753143
0.5961638
0.9008058
1.2516454
1.5467579
1.6617652
1.5278357
1.1849441
0.7611608
0.3923355
0.1487476
0.0210017
-0.0418205
-0.0859644
-0.1308907
-0.1728781
-0.2004072
-0.2081162
-0.2019977
-0.1951897
-0.1988421
-0.2139957
-0.2302259
-0.2344459
-0.2242963
-0.2118939
-0.2114832
-0.2244665
-0.2398045
-0.2479393
-0.2499801
-0.2529501
-0.2600006
-0.2668853
-0.2658874
-0.2521972
-0.2277742
-0.1994539
-0.1728366
-0.1486883
-0.1253588
-0.1021648
-0.0786004
-0.0521758
-0.0192385
0.0228569
0.0746906
0.1331439
0.1897836
0.2346592
0.2649671
0.2881916
0.3140688
0.3443083
0.3714112
0.3860017
0.3842590
0.3699877
0.3506194
0.3299589
0.3045594
0.2686150
0.2217115
0.1694241
0.1173709
0.0684085
0.0254780
-0.0072994
-0.0284447
-0.0419308
-0.0547880
-0.0723950
-0.0951795
-0.1183891
-0.1363169
-0.1484120
-0.1592630
-0.1704774
-0.1757009
-0.1680139
-0.1507236
-0.1360009
-0.1321443
-0.1350946
-0.1333950
-0.1203011
-0.1009038
-0.0873865
-0.0861656
-0.0904559
-0.0885835
-0.0793588
-0.0743909
-0.0834828
-0.1025321
-0.1193555
-0.1281046
-0.1337562
-0.1435370
-0.1570296
-0.1654073
-0.1605097
-0.1453059
-0.1336908
-0.1369828
-0.1515964
-0.1636262
-0.1649022
-0.1602978
-0.1592475
-0.1646803
-0.1717749
-0.1744915
-0.1718243
-0.1689581
-0.1719567
-0.1799793
-0.1845662
-0.1791097
-0.1670980
-0.1578415
-0.1556177
-0.1562536
-0.1531881
-0.1440497
-0.1323688
-0.1249269
-0.1257640
-0.1310916
-0.1326306
-0.1278603
-0.1237331
-0.1274902
-0.1367421
-0.1420311
-0.1375933
-0.1271234
-0.1199798
-0.1227903
-0.1334821
-0.1438000
-0.1497070
-0.1572902
-0.1735061
-0.1922591
-0.1969406
-0.1792022
-0.1497015
-0.1267505
-0.1179737
-0.1167217
-0.1142988
-0.1105460
-0.1074225
-0.0889249
-0.0116325
0.1700054
0.4542004
0.7662190
0.9921821
1.0491144
0.9315621
0.7020348
0.4445128
0.2212328
0.0570578
-0.0500996
-0.1112816
-0.1385476
-0.1465988
-0.1500855
-0.1542403
-0.1536800
-0.1450227
-0.1362113
-0.1383918
-0.1517680
-0.1645313
-0.1648354
-0.1513505
-0.1335170
-0.1228513
-0.1223878
-0.1247026
-0.1225645
-0.1193496
-0.1234707
-0.1336525
-0.1372862
-0.1255449
-0.1045433
-0.0887952
-0.0870025
-0.0953955
-0.1019240
-0.0968022
-0.0817783
-0.0680111
-0.0618798
-0.0555610
-0.0362691
-0.0024070
0.0349454
0.0650273
0.0864540
0.1040202
0.1210360
0.1351558
0.1404108
0.1356227
0.1312561
0.1419297
0.1686572
0.1944434
0.2027661
0.1958257
0.1888864
0.1900208
0.1911809
0.1781971
0.1464454
0.1073192
0.0789822
0.0675381
0.0586671
0.0337608
-0.0063152
-0.0410773
-0.0548248
-0.0531929
-0.0527787
-0.0613305
-0.0722678
-0.0746820
-0.0658970
-0.0557524
-0.0573877
-0.0711256
-0.0811342
-0.0733300
-0.0527817
-0.0364729
-0.0321738
-0.0325654
-0.0281314
-0.0175401
-0.0057612
0.0012357
0.0000060
-0.0070009
-0.0122784
-0.0112490
-0.0078403
-0.0088591
-0.0128775
-0.0016570
0.0636774
0.2313553
0.5204409
0.8770690
1.1776730
1.2965680
1.1856853
0.8997479
0.5546177
0.2585762
0.0626698
-0.0446572
-0.1031610
-0.1408124
-0.1631185
-0.1689982
-0.1629699
-0.1522628
-0.1432005
-0.1417933
-0.1489880
-0.1554072
-0.1503886
-0.1367800
-0.1282513
-0.1322684
-0.1439931
-0.1559159
-0.1651039
-0.1720507
-0.1798677
-0.1926533
-0.2081281
-0.2156562
-0.2083342
-0.1922859
-0.1772977
-0.1641760
-0.1482568
-0.1284817
-0.1055028
-0.0776786
-0.0458066
-0.0143344
0.0180773
0.0600145
0.1129163
0.1650081
0.2064241
0.2407131
0.2747561
0.3069586
0.3319887
0.3487693
0.3591032
0.3661968
0.3756326
0.3877008
0.3894533
0.3671466
0.3257971
0.2822736
0.2405144
0.1901661
0.1297278
0.0738515
0.0354074
0.0140556
0.0025629
-0.0081338
-0.0270383
-0.0528093
-0.0698474
-0.0676971
-0.0573639
-0.0548754
-0.0585069
-0.0578681
-0.0545456
-0.0563189
-0.0612542
-0.0642989
-0.0689207
-0.0771949
-0.0812771
-0.0786413
-0.0799331
-0.0880503
-0.0884649
-0.0750062
-0.0644821
-0.0704603
-0.0839446
-0.0937040
-0.1020840
-0.1087742
-0.1062721
-0.1025799
-0.1172030
-0.1437627
-0.1515766
-0.1353295
-0.1248127
-0.1345387
-0.1450897
-0.1440007
-0.1401150
-0.1307619
-0.1058084
-0.0874908
-0.1057641
-0.1341102
-0.1248841
-0.1074034
-0.1508733
-0.2157243
-0.1652901
0.0245735
0.1897578
0.1923136
