0.4268939
0.4899815
0.3521401
0.2671085
0.2912876
0.2936006
0.2317917
0.1921038
0.1977135
0.1775996
0.1187283
0.0878175
0.0995416
0.0959719
0.0593510
0.0323270
0.0262606
0.0080145
-0.0246899
-0.0414266
-0.0465897
-0.0719322
-0.1106034
-0.1273692
-0.1231026
-0.1277356
-0.1435571
-0.1509704
-0.1532630
-0.1649264
-0.1749177
-0.1678307
-0.1601746
-0.1730154
-0.1914101
-0.1904084
-0.1776468
-0.1733452
-0.1710884
-0.1518499
-0.1158156
-0.0738319
-0.0305828
0.0021984
0.0032707
-0.0258460
-0.0527261
-0.0568928
-0.0548417
-0.0676612
-0.0916928
-0.1151130
-0.1357470
-0.1496496
-0.1486007
-0.1398869
-0.1437699
-0.1633097
-0.1802185
-0.1849837
-0.1872301
-0.1942510
-0.2033905
-0.2160095
-0.2349223
-0.2487998
-0.2425960
-0.2218295
-0.2046754
-0.1935133
-0.1755441
-0.1471490
-0.1177187
-0.0946533
-0.0820159
-0.0857643
-0.1028841
-0.1148693
-0.1092437
-0.0980395
-0.0996126
-0.1131879
-0.1260272
-0.1337918
-0.1394217
-0.1434319
-0.1481645
-0.1601950
-0.1779081
-0.1889315
-0.1886864
-0.1881695
-0.1958436
-0.2061221
-0.2125543
-0.2175838
-0.2229142
-0.2246138
-0.2228336
-0.2221768
-0.2190208
-0.2034101
-0.1767042
-0.1530599
-0.1410322
-0.1367348
-0.1353289
-0.1357414
-0.1347953
-0.1301513
-0.1277645
-0.1340180
-0.1435183
-0.1471389
-0.1479343
-0.1562020
-0.1729102
-0.1900111
-0.2025911
-0.2100575
-0.2114332
-0.2100330
-0.2158279
-0.2323115
-0.2473466
-0.2466154
-0.2299997
-0.2073860
-0.1861452
-0.1693361
-0.1571073
-0.1432486
-0.1197025
-0.0905326
-0.0720153
-0.0737106
-0.0882638
-0.1012367
-0.0964109
-0.0459329
0.0882568
0.3260767
0.6389755
0.9471589
1.1477433
1.1626401
0.9851761
0.6889208
0.3802064
0.1329151
-0.0357703
-0.1426169
-0.2104406
-0.2579254
-0.2954618
-0.3220929
-0.3330896
-0.3320303
-0.3300931
-0.3351256
-0.3462991
-0.3556805
-0.3509341
-0.3238566
-0.2828876
-0.2498111
-0.2366512
-0.2327438
-0.2215036
-0.2020292
-0.1859986
-0.1800672
-0.1796911
-0.1757840
-0.1617597
-0.1386549
-0.1167248
-0.1058868
-0.1020336
-0.0900639
-0.0629309
-0.0301190
-0.0050666
0.0084049
0.0160666
0.0279153
0.0536448
0.0947498
0.1397455
0.1748807
0.2000368
0.2266813
0.2608909
0.2966398
0.3255174
0.3452864
0.3588887
0.3711036
0.3846167
0.3937873
0.3856599
0.3538477
0.3083500
0.2653555
0.2305776
0.1980788
0.1612219
0.1191866
0.0771784
0.0451877
0.0310191
0.0291266
0.0219767
-0.0018048
-0.0355223
-0.0650969
-0.0857694
-0.1026752
-0.1193411
-0.1309969
-0.1277834
-0.1035896
-0.0644352
-0.0257775
0.0051120
0.0426074
0.1112871
0.2236817
0.3791060
0.5802312
0.8306759
1.1043090
1.3261932
1.4017375
1.2790489
0.9932803
0.6531075
0.3735640
0.2057075
0.1219105
0.0643785
0.0013182
-0.0628181
-0.1143708
-0.1503229
-0.1747944
-0.1908125
-0.2000607
-0.2045230
-0.2055404
-0.2032335
-0.1965909
-0.1838068
-0.1657559
-0.1492327
-0.1409011
-0.1366848
-0.1242397
-0.0989601
-0.0708479
-0.0519344
-0.0430696
-0.0368198
-0.0274646
-0.0138397
0.0031961
0.0223195
0.0435265
0.0697139
0.1034160
0.1422428
0.1814143
0.2194301
0.2563562
0.2887913
0.3134546
0.3347874
0.3618031
0.3968800
0.4333041
0.4640545
0.4880833
0.5078884
0.5246647
0.5352200
0.5315387
0.5068490
0.4655900
0.4229759
0.3894864
0.3591349
0.3183388
0.2639313
0.2078556
0.1658833
0.1444991
0.1359680
0.1238387
0.0968938
0.0602371
0.0293568
0.0119835
0.0003853
-0.0171185
-0.0426418
-0.0690012
-0.0883128
-0.0977644
-0.1011567
-0.1067704
-0.1198971
-0.1362380
-0.1463771
-0.1471822
-0.1447251
-0.1457234
-0.1500192
-0.1514192
-0.1426331
-0.1208545
-0.0926011
-0.0712883
-0.0652553
-0.0693903
-0.0725208
-0.0708202
-0.0693831
-0.0730726
-0.0812853
-0.0904618
-0.0970041
-0.0985245
-0.0959713
-0.0938177
-0.0957296
-0.1012921
-0.1080599
-0.1139796
-0.1168958
-0.1158786
-0.1144919
-0.1178594
-0.1243728
-0.1254735
-0.1167313
-0.1047220
-0.0996071
-0.1042035
-0.1129000
-0.1184351
-0.1179064
-0.1146848
-0.1152718
-0.1217055
-0.1274014
-0.1239527
-0.1115853
-0.0991617
-0.0945198
-0.0987073
-0.1087668
-0.1215040
-0.1337685
-0.1403227
-0.1279180
-0.0682071
0.0757846
0.3208045
0.6315897
0.9194020
1.0809554
1.0536330
0.8506279
0.5524555
0.2588723
0.0350467
-0.1078107
-0.1898441
-0.2303380
-0.2379134
-0.2205106
-0.1928026
-0.1715901
-0.1666734
-0.1760029
-0.1888682
-0.1959293
-0.1974873
-0.2006333
-0.2091636
-0.2197307
-0.2272919
-0.2297217
-0.2267105
-0.2187960
-0.2085851
-0.1991017
-0.1902279
-0.1802946
-0.1711026
-0.1668901
-0.1672494
-0.1645353
-0.1496810
-0.1192254
-0.0776205
-0.0347547
0.0006947
0.0288376
0.0586430
0.0981156
0.1460104
0.1952139
0.2411830
0.2835530
0.3219584
0.3543695
0.3785328
0.3924748
0.3950151
0.3875587
0.3730899
0.3516378
0.3196545
0.2762656
0.2277040
0.1831652
0.1475810
0.1189350
0.0901441
0.0535634
0.0077361
-0.0388056
-0.0737656
-0.0927918
-0.1028279
-0.1134295
-0.1273103
-0.1393815
-0.1420943
-0.1317950
-0.1128775
-0.0955650
-0.0867801
-0.0837299
-0.0792159
-0.0718857
-0.0674194
-0.0702410
-0.0779342
-0.0842559
-0.0852700
-0.0826731
-0.0826085
-0.0899476
-0.1022216
-0.1112614
-0.1127024
-0.1113546
-0.1147183
-0.1234113
-0.1305348
-0.1288153
-0.1167766
-0.1003032
-0.0897934
-0.0927959
-0.1068206
-0.1211498
-0.1274041
-0.1266035
-0.1250301
-0.1257233
-0.1254269
-0.1181207
-0.1010979
-0.0794313
-0.0638475
-0.0611312
-0.0667916
-0.0703517
-0.0675928
-0.0639368
-0.0655328
-0.0708044
-0.0723393
-0.0654886
-0.0549716
-0.0537235
-0.0719024
-0.1013065
-0.1091287
-0.0511166
0.1022985
0.3432880
0.6194144
0.8474153
0.9476822
0.8850554
0.6883159
0.4317032
0.1926623
0.0170616
-0.0892884
-0.1461794
-0.1767256
-0.1928422
-0.1960941
-0.1875482
-0.1731984
-0.1609262
-0.1566895
-0.1642978
-0.1841970
-0.2100758
-0.2302213
-0.2358037
-0.2275150
-0.2136072
-0.2027995
-0.1986864
-0.1983338
-0.1957092
-0.1882594
-0.1798926
-0.1756566
-0.1746363
-0.1710484
-0.1616295
-0.1485412
-0.1346125
-0.1181325
-0.0927924
-0.0518058
0.0065596
0.0756191
0.1437482
0.2033670
0.2554991
0.3041324
0.3484820
0.3836310
0.4074368
0.4239724
0.4400783
0.4590490
0.4761846
0.4801783
0.4618092
0.4230365
0.3753490
0.3276636
0.2782592
0.2205453
0.1547302
0.0913283
0.0433058
0.0150781
-0.0016118
-0.0203888
-0.0470513
-0.0740838
-0.0900603
-0.0931658
-0.0924115
-0.0965290
-0.1055474
-0.1132088
-0.1136433
-0.1047372
-0.0885166
-0.0702205
-0.0548396
-0.0421281
-0.0246618
0.0088928
0.0681974
0.1584364
0.2840218
0.4556128
0.6870532
0.9721852
1.2573250
1.4454891
1.4468352
1.2404940
0.8935524
0.5195470
0.2120970
0.0055589
-0.1157414
-0.1813032
-0.2096184
-0.2112260
-0.2017565
-0.2000905
-0.2132359
-0.2308384
-0.2386612
-0.2340207
-0.2253418
-0.2200931
-0.2173162
-0.2111802
-0.1987749
-0.1833746
-0.1707142
-0.1630443
-0.1581295
-0.1541039
-0.1527108
-0.1558077
-0.1607973
-0.1623176
-0.1571144
-0.1446263
-0.1244300
-0.0968338
-0.0655101
-0.0356416
-0.0080023
0.0233319
0.0660087
0.1218032
0.1832462
0.2380482
0.2790594
0.3109144
0.3450961
0.3875219
0.4328901
0.4718331
0.5004673
0.5205565
0.5324469
0.5310724
0.5094355
0.4656214
0.4069380
0.3465340
0.2935586
0.2458735
0.1941141
0.1335163
0.0704137
0.0170511
-0.0185710
-0.0383306
-0.0518928
-0.0689324
-0.0909643
-0.1102695
-0.1184353
-0.1160232
-0.1124473
-0.1166607
-0.1293180
-0.1433587
-0.1506499
-0.1487922
-0.1431400
-0.1416154
-0.1462325
-0.1506952
-0.1477746
-0.1379565
-0.1291835
-0.1288110
-0.1368613
-0.1459961
-0.1471904
-0.1373537
-0.1232948
-0.1169257
-0.1242452
-0.1387151
-0.1462272
-0.1371136
-0.1146233
-0.0930992
-0.0865633
-0.0960536
-0.1080733
-0.1083384
-0.0975600
-0.0908500
-0.1006106
-0.1227298
-0.1413477
-0.1454623
-0.1392202
-0.1369164
-0.1492262
-0.1739308
-0.1990119
-0.2139235
-0.2173381
-0.2151207
-0.2135931
-0.2153913
-0.2185299
-0.2171212
-0.2057593
-0.1866968
-0.1709960
-0.1683449
-0.1754696
-0.1779195
-0.1647805
-0.1402143
-0.1194825
-0.1140363
-0.1208391
-0.1262187
-0.1199507
-0.1047007
-0.0911623
-0.0858344
-0.0861609
-0.0866938
-0.0863982
-0.0892327
-0.1000358
-0.1187814
-0.1324011
-0.1084885
-0.0033424
0.2103303
0.5116950
0.8234249
1.0412170
1.0870715
0.9508713
0.6904620
0.3924450
0.1267241
-0.0732829
-0.2025210
-0.2688208
-0.2852282
-0.2682599
-0.2353172
-0.2007295
-0.1733204
-0.1563424
-0.1489290
-0.1481224
-0.1506697
-0.1546039
-0.1607353
-0.1720468
-0.1893246
-0.2073234
-0.2183356
-0.2210237
-0.2229872
-0.2319899
-0.2460809
-0.2549300
-0.2505739
-0.2351042
-0.2177588
-0.2054725
-0.1963788
-0.1821865
-0.1567658
-0.1218596
-0.0840866
-0.0478193
-0.0126929
0.0230563
0.0595160
0.0953352
0.1285981
0.1570412
0.1796482
0.1990748
0.2209328
0.2490945
0.2813296
0.3093130
0.3232335
0.3184291
0.2993820
0.2764127
0.2565479
0.2375909
0.2120928
0.1766612
0.1364592
0.1011411
0.0768821
0.0609869
0.0432088
0.0141669
-0.0249052
-0.0607917
-0.0789445
-0.0773431
-0.0698847
-0.0744140
-0.0948665
-0.1146428
-0.1110156
-0.0797188
-0.0432813
-0.0291654
-0.0383052
-0.0403528
-0.0029276
0.0799668
0.1957022
0.3460920
0.5578632
0.8441471
1.1518407
1.3607422
1.3572166
1.1250748
0.7667650
0.4297777
0.2051369
0.0873972
0.0173420
-0.0502431
-0.1187295
-0.1704476
-0.1969944
-0.2055447
-0.2050727
-0.1974625
-0.1846083
-0.1775179
-0.1904197
-0.2246310
-0.2632450
-0.2857030
-0.2867542
-0.2792023
-0.2789035
-0.2886865
-0.2963921
-0.2873197
-0.2588055
-0.2233292
-0.1969901
-0.1844364
-0.1751702
-0.1541159
-0.1148576
-0.0633147
-0.0108681
0.0352151
0.0762687
0.1188826
0.1670213
0.2169832
0.2601615
0.2905154
0.3091268
0.3224162
0.3369365
0.3550281
0.3737696
0.3878642
0.3941822
0.3931695
0.3855440
0.3692436
0.3414824
0.3030689
0.2584828
0.2112333
0.1605412
0.1035529
0.0407530
-0.0210813
-0.0718798
-0.1052384
-0.1227113
-0.1307458
-0.1339393
-0.1327870
-0.1275077
-0.1209436
-0.1158109
-0.1108737
-0.1024957
-0.0902292
-0.0794200
-0.0772334
-0.0857028
-0.0987447
-0.1069524
-0.1064049
-0.1024906
-0.1041583
-0.1148365
-0.1300928
-0.1436336
-0.1539347
-0.1649891
-0.1820457
-0.2067287
-0.2346431
-0.2568912
-0.2650636
-0.2564636
-0.2356850
-0.2116613
-0.1923938
-0.1804668
-0.1724808
-0.1637294
-0.1541864
-0.1486249
-0.1496072
-0.1517667
-0.1456473
-0.1279709
-0.1069350
-0.0961341
-0.1025575
-0.1201587
-0.1354825
-0.1403113
-0.1387802
-0.1417113
-0.1548444
-0.1740121
-0.1909689
-0.2011713
-0.2052803
-0.2061587
-0.2072872
-0.2131503
-0.2277755
-0.2507609
-0.2752503
-0.2917959
-0.2957308
-0.2903934
-0.2816507
-0.2695253
-0.2480073
-0.2147695
-0.1784609
-0.1523900
-0.1406055
-0.1331652
-0.1168767
-0.0896560
-0.0634085
-0.0538120
-0.0679028
-0.0988892
-0.1271862
-0.1218725
-0.0439833
0.1388310
0.4244230
0.7542027
1.0244329
1.1349438
1.0440263
0.7889060
0.4592666
0.1479294
-0.0861298
-0.2258244
-0.2835446
-0.2856907
-0.2623038
-0.2386919
-0.2269512
-0.2236003
-0.2187818
-0.2098807
-0.2051604
-0.2134738
-0.2322696
-0.2478247
-0.2475959
-0.2318296
-0.2129493
-0.2035617
-0.2048904
-0.2070297
-0.2005545
-0.1872122
-0.1784851
-0.1837722
-0.2003210
-0.2144427
-0.2124753
-0.1915817
-0.1609330
-0.1322713
-0.1088954
-0.0841309
-0.0505438
-0.0094187
0.0298678
0.0592833
0.0799986
0.1010251
0.1304909
0.1677411
0.2032616
0.2264746
0.2342788
0.2325409
0.2298437
0.2300659
0.2301647
0.2237483
0.2067030
0.1806471
0.1516144
0.1247979
0.1002873
0.0746841
0.0472829
0.0237193
0.0119969
0.0137810
0.0194325
0.0131297
-0.0141643
-0.0548111
-0.0885357
-0.0991465
-0.0889014
-0.0760572
-0.0776880
-0.0948132
-0.1139253
-0.1219676
-0.1188571
-0.1152059
-0.1186631
-0.1243259
-0.1202066
-0.1018589
-0.0796396
-0.0702145
-0.0812897
-0.1050893
-0.1259551
-0.1336461
-0.1302537
-0.1258981
-0.1282981
-0.1358838
-0.1401223
-0.1338112
-0.1170330
-0.0961684
-0.0786780
-0.0689065
-0.0670352
-0.0700729
-0.0736106
-0.0741511
-0.0717346
-0.0711457
-0.0792174
-0.0983364
-0.1215449
-0.1359980
-0.1339575
-0.1208257
-0.1109226
-0.1145652
-0.1294998
-0.1445153
-0.1501280
-0.1455201
-0.1366890
-0.1296932
-0.1261150
-0.1241343
-0.1227276
-0.1240237
-0.1314394
-0.1455770
-0.1618451
-0.1724379
-0.1720021
-0.1625460
-0.1520893
-0.1467614
-0.1441724
-0.1364204
-0.1203967
-0.1032029
-0.0952462
-0.0983756
-0.1028790
-0.0971823
-0.0799370
-0.0621317
-0.0577690
-0.0720177
-0.0950199
-0.1018604
-0.0566326
0.0764587
0.3113136
0.6162061
0.9101544
1.0939793
1.1018320
0.9368178
0.6644238
0.3716578
0.1247935
-0.0474696
-0.1452344
-0.1818598
-0.1764832
-0.1528051
-0.1344241
-0.1351176
-0.1531240
-0.1765243
-0.1949323
-0.2062900
-0.2138612
-0.2190036
-0.2184009
-0.2084313
-0.1913968
-0.1760972
-0.1708646
-0.1755120
-0.1808784
-0.1773112
-0.1637891
-0.1482260
-0.1385335
-0.1337146
-0.1243917
-0.1024634
-0.0698482
-0.0368536
-0.0116647
0.0078266
0.0312581
0.0656041
0.1085720
0.1515589
0.1877726
0.2172572
0.2453329
0.2772213
0.3135839
0.3497774
0.3787944
0.3957349
0.4007041
0.3977497
0.3902139
0.3764102
0.3503976
0.3082851
0.2541621
0.1989701
0.1527576
0.1180148
0.0902526
0.0637601
0.0359251
0.0071790
-0.0207956
-0.0456340
-0.0642371
-0.0740285
-0.0750173
-0.0703014
-0.0644428
-0.0618560
-0.0665211
-0.0810805
-0.1035798
-0.1251552
-0.1343416
-0.1270231
-0.1119707
-0.1038124
-0.1090511
-0.1201385
-0.1245199
-0.1185779
-0.1110526
-0.1130921
-0.1269548
-0.1451899
-0.1589389
-0.1648695
-0.1648187
-0.1619505
-0.1589681
-0.1578722
-0.1581681
-0.1553082
-0.1440457
-0.1250657
-0.1062487
-0.0947928
-0.0891155
-0.0819707
-0.0722717
-0.0699722
-0.0852089
-0.1133989
-0.1357421
-0.1372978
-0.1224911
-0.1092954
-0.1085155
-0.1128114
-0.1080961
-0.0924179
-0.0789996
-0.0808116
-0.0967593
-0.1157283
-0.1310744
-0.1461630
-0.1654720
-0.1852960
-0.1971310
-0.1981864
-0.1935457
-0.1867934
-0.1729996
-0.1455694
-0.1090654
-0.0800109
-0.0717213
-0.0800712
-0.0875850
-0.0818282
-0.0671930
-0.0574202
-0.0589063
-0.0644749
-0.0636160
-0.0560726
-0.0531564
-0.0655960
-0.0896640
-0.1023773
-0.0678373
0.0479619
0.2569693
0.5306268
0.7970547
0.9652756
0.9695351
0.8063033
0.5364234
0.2499508
0.0197429
-0.1247865
-0.1931726
-0.2124910
-0.2087140
-0.1987949
-0.1898944
-0.1815171
-0.1703948
-0.1569311
-0.1476461
-0.1496249
-0.1618192
-0.1735240
-0.1736338
-0.1616452
-0.1481363
-0.1438266
-0.1494533
-0.1575848
-0.1631533
-0.1693002
-0.1814464
-0.1973189
-0.2058337
-0.1971937
-0.1731040
-0.1454230
-0.1243773
-0.1089450
-0.0894009
-0.0586408
-0.0198260
0.0173982
0.0475049
0.0754555
0.1127961
0.1673433
0.2355934
0.3042735
0.3599570
0.3989643
0.4288958
0.4597430
0.4921785
0.5145179
0.5127196
0.4847820
0.4447818
0.4106843
0.3869539
0.3601567
0.3133599
0.2448621
0.1712838
0.1116916
0.0700045
0.0342246
-0.0079550
-0.0549867
-0.0935335
-0.1129860
-0.1159096
-0.1140931
-0.1163548
-0.1219422
-0.1249507
-0.1224835
-0.1172408
-0.1138105
-0.1146642
-0.1196282
-0.1272174
-0.1354736
-0.1427216
-0.1490442
-0.1567531
-0.1677777
-0.1798692
-0.1868078
-0.1844778
-0.1768978
-0.1739404
-0.1810560
-0.1921501
-0.1952386
-0.1858280
-0.1725245
-0.1675211
-0.1725905
-0.1769271
-0.1693291
-0.1505024
-0.1314669
-0.1203684
-0.1131490
-0.0986026
-0.0715840
-0.0391352
-0.0130887
0.0016187
0.0094709
0.0154234
0.0152587
-0.0025031
-0.0414068
-0.0800276
-0.0704593
0.0379716
0.2598032
0.5474030
0.8032916
0.9292809
0.8802738
0.6847187
0.4197085
0.1637586
-0.0368108
-0.1706114
-0.2447611
-0.2714419
-0.2657144
-0.2458970
-0.2279797
-0.2180842
-0.2124093
-0.2055725
-0.1982200
-0.1960018
-0.2020077
-0.2116138
-0.2155898
-0.2083852
-0.1931806
-0.1788218
-0.1720159
-0.1722671
-0.1734368
-0.1694809
-0.1590418
-0.1452932
-0.1315864
-0.1174093
-0.0993641
-0.0764273
-0.0527563
-0.0331571
-0.0155094
0.0103903
0.0545125
0.1166881
0.1855462
0.2479443
0.2998819
0.3483183
0.4023715
0.4629131
0.5206188
0.5632876
0.5844345
0.5859819
0.5749510
0.5581285
0.5378321
0.5107197
0.4709973
0.4163414
0.3511274
0.2831899
0.2173405
0.1530579
0.0892931
0.0306751
-0.0134490
-0.0381488
-0.0503401
-0.0637941
-0.0844568
-0.1023031
-0.1010230
-0.0762934
-0.0419462
-0.0166543
-0.0063366
-0.0017586
0.0078545
0.0228035
0.0367683
0.0509315
0.0809135
0.1492086
0.2740113
0.4665436
0.7311585
1.0528889
1.3756835
1.6006390
1.6274246
1.4196424
1.0406425
0.6229325
0.2904971
0.0942567
0.0067186
-0.0317717
-0.0629105
-0.0953154
-0.1218886
-0.1397392
-0.1528249
-0.1637764
-0.1705649
-0.1712967
-0.1683371
-0.1658592
-0.1649683
-0.1634657
-0.1606794
-0.1607235
-0.1689102
-0.1847599
-0.2005237
-0.2081852
-0.2069622
-0.2020067
-0.1959970
-0.1843606
-0.1601908
-0.1229800
-0.0808454
-0.0432680
-0.0117225
0.0217631
0.0660089
0.1209993
0.1780048
0.2294625
0.2768964
0.3274730
0.3836064
0.4381655
0.4810033
0.5097093
0.5327732
0.5606584
0.5925234
0.6122343
0.5998007
0.5487761
0.4727269
0.3941787
0.3269543
0.2685134
0.2079422
0.1403338
0.0734355
0.0205788
-0.0125856
-0.0335217
-0.0543381
-0.0785730
-0.0977720
-0.1012547
-0.0880585
-0.0686906
-0.0557376
-0.0531656
-0.0545338
-0.0513536
-0.0427546
-0.0361432
-0.0383147
-0.0473411
-0.0543776
-0.0527028
-0.0437729
-0.0349045
-0.0323909
-0.0369270
-0.0446698
-0.0521907
-0.0603972
-0.0733969
-0.0934305
-0.1173759
-0.1384503
-0.1511234
-0.1548785
-0.1544141
-0.1562693
-0.1637827
-0.1744519
-0.1828160
-0.1861694
-0.1864512
-0.1861435
-0.1836553
-0.1742132
-0.1555249
-0.1321314
-0.1135028
-0.1065664
-0.1091418
-0.1115804
-0.1065583
-0.0973487
-0.0950457
-0.1070095
-0.1286221
-0.1467464
-0.1512749
-0.1439468
-0.1365805
-0.1402549
-0.1554300
-0.1727592
-0.1835709
-0.1882961
-0.1937472
-0.2034619
-0.2127073
-0.2131899
-0.2018084
-0.1847515
-0.1733510
-0.1751924
-0.1880474
-0.2020471
-0.2080538
-0.2046139
-0.1981152
-0.1971196
-0.2052802
-0.2175246
-0.2233616
-0.2165548
-0.2025122
-0.1939847
-0.1977748
-0.2070365
-0.2086983
-0.1981421
-0.1846122
-0.1811042
-0.1897176
-0.1989137
-0.1965722
-0.1845350
-0.1769573
-0.1828341
-0.1929158
-0.1875460
-0.1576044
-0.1155405
-0.0851660
-0.0813960
-0.0990501
-0.1189031
-0.1238428
-0.1111869
-0.0921311
-0.0810590
-0.0854329
-0.1033214
-0.1255225
-0.1355683
-0.1073246
-0.0075380
0.1894609
0.4771949
0.7987236
1.0563950
1.1557717
1.0587286
0.8051191
0.4849806
0.1850728
-0.0480514
-0.2076566
-0.3036056
-0.3448719
-0.3408356
-0.3100394
-0.2780775
-0.2626354
-0.2624501
-0.2639222
-0.2580086
-0.2486168
-0.2456794
-0.2535829
-0.2672542
-0.2771335
-0.2766712
-0.2667667
-0.2549406
-0.2500879
-0.2565027
-0.2713532
-0.2870430
-0.2967628
-0.2995173
-0.2999221
-0.3012879
-0.2986537
-0.2815906
-0.2462041
-0.2025882
-0.1670259
-0.1459736
-0.1291274
-0.0992709
-0.0491704
0.0109821
0.0628445
0.0968185
0.1191981
0.1421027
0.1682237
0.1885274
0.1948574
0.1911250
0.1896383
0.1976537
0.2094645
0.2116747
0.1955779
0.1646196
0.1302660
0.1010009
0.0760126
0.0493793
0.0183435
-0.0140404
-0.0429286
-0.0661887
-0.0855489
-0.1050071
-0.1272364
-0.1493861
-0.1628976
-0.1601344
-0.1423044
-0.1197372
-0.1034464
-0.0964618
-0.0934385
-0.0886084
-0.0837723
-0.0870925
-0.1026105
-0.1223620
-0.1323578
-0.1272636
-0.1162982
-0.1128740
-0.1205954
-0.1316466
-0.1373879
-0.1376366
-0.1391277
-0.1464926
-0.1561614
-0.1598360
-0.1538159
-0.1434430
-0.1371606
-0.1374242
-0.1395490
-0.1390271
-0.1376869
-0.1420748
-0.1567428
-0.1786675
-0.1970300
-0.1996838
-0.1827888
-0.1551101
-0.1316654
-0.1222898
-0.1258553
-0.1339017
-0.1385192
-0.1379708
-0.1367193
-0.1398971
-0.1467973
-0.1506065
-0.1458702
-0.1355491
-0.1290704
-0.1329624
-0.1436684
-0.1497940
-0.1425843
-0.1256361
-0.1132131
-0.1160465
-0.1286131
-0.1337049
-0.1211425
-0.0996056
-0.0880680
-0.0970967
-0.1202426
-0.1424736
-0.1548696
-0.1608870
-0.1694682
-0.1832692
-0.1947516
-0.1939426
-0.1785127
-0.1553301
-0.1338172
-0.1193930
-0.1118967
-0.1083842
-0.1083112
-0.1161944
-0.1337793
-0.1427787
-0.0970122
0.0560542
0.3310259
0.6729310
0.9709872
1.1155663
1.0595907
0.8397702
0.5448046
0.2603904
0.0345006
-0.1210554
-0.2121207
-0.2508294
-0.2541170
-0.2413925
-0.2280042
-0.2207649
-0.2195077
-0.2217620
-0.2258887
-0.2306813
-0.2331979
-0.2290996
-0.2170009
-0.2016727
-0.1905212
-0.1865367
-0.1861694
-0.1839382
-0.1775717
-0.1691295
-0.1628640
-0.1612523
-0.1608733
-0.1528685
-0.1304757
-0.0967067
-0.0624620
-0.0361698
-0.0162407
0.0062301
0.0382714
0.0784311
0.1188047
0.1541469
0.1887025
0.2317905
0.2857913
0.3410886
0.3848973
0.4132587
0.4322504
0.4489194
0.4634488
0.4696846
0.4615615
0.4389851
0.4080137
0.3749779
0.3407634
0.3020781
0.2577263
0.2113754
0.1680294
0.1299082
0.0959179
0.0630354
0.0283870
-0.0072144
-0.0374226
-0.0551843
-0.0610882
-0.0650175
-0.0775714
-0.0998982
-0.1223459
-0.1333936
-0.1310784
-0.1259630
-0.1306211
-0.1447368
-0.1532775
-0.1426847
-0.1176812
-0.0986112
-0.1016838
-0.1235211
-0.1451634
-0.1502945
-0.1401486
-0.1312248
-0.1373372
-0.1537793
-0.1615463
-0.1481636
-0.1215302
-0.1009360
-0.0963783
-0.0994907
-0.0943786
-0.0754248
-0.0536849
-0.0454165
-0.0541381
-0.0658243
-0.0640910
-0.0487300
-0.0356825
-0.0390101
-0.0568682
-0.0761464
-0.0871646
-0.0914387
-0.0969136
-0.1077949
-0.1191808
-0.1217462
-0.1121099
-0.0975000
-0.0889765
-0.0912466
-0.1004452
-0.1099485
-0.1158994
-0.1184371
-0.1203876
-0.1244087
-0.1295708
-0.1314082
-0.1267219
-0.1171136
-0.1064004
-0.0961406
-0.0853858
-0.0734219
-0.0612584
-0.0517264
-0.0488701
-0.0547933
-0.0654055
-0.0715192
-0.0667256
-0.0537220
-0.0417808
-0.0383484
-0.0428962
-0.0479690
-0.0473224
-0.0447085
-0.0514472
-0.0683027
-0.0672728
0.0028768
0.1833283
0.4677294
0.7896141
1.0460720
1.1462027
1.0569706
0.8174605
0.5124327
0.2264173
0.0109781
-0.1205222
-0.1802746
-0.1908448
-0.1749838
-0.1510744
-0.1316090
-0.1216906
-0.1187790
-0.1175542
-0.1169511
-0.1200437
-0.1262170
-0.1281038
-0.1201266
-0.1074268
-0.1019259
-0.1097689
-0.1251309
-0.1363258
-0.1367925
-0.1304954
-0.1269524
-0.1303539
-0.1344733
-0.1301895
-0.1166578
-0.1013801
-0.0894945
-0.0772415
-0.0572704
-0.0271067
0.0093728
0.0469983
0.0849750
0.1286878
0.1850955
0.2541370
0.3255661
0.3870127
0.4346763
0.4737090
0.5091267
0.5394497
0.5590087
0.5638633
0.5552199
0.5382186
0.5164956
0.4872464
0.4440730
0.3863995
0.3233434
0.2655507
0.2150109
0.1653000
0.1103806
0.0514833
-0.0028045
-0.0418130
-0.0606716
-0.0652059
-0.0675450
-0.0755127
-0.0876174
-0.0983992
-0.1057107
-0.1117486
-0.1194738
-0.1291019
-0.1364967
-0.1354861
-0.1244287
-0.1098836
-0.1004234
-0.0972007
-0.0943920
-0.0889044
-0.0853503
-0.0899800
-0.1025110
-0.1154830
-0.1207289
-0.1166788
-0.1100462
-0.1087314
-0.1119990
-0.1106129
-0.0991004
-0.0846632
-0.0799432
-0.0886741
-0.1021048
-0.1086109
-0.1041495
-0.0945162
-0.0898518
-0.0959967
-0.1094499
-0.1215260
-0.1274255
-0.1286485
-0.1266998
-0.1192946
-0.1051659
-0.0888284
-0.0772367
-0.0733927
-0.0750508
-0.0781245
-0.0803192
-0.0827714
-0.0880853
-0.0954425
-0.0996373
-0.0981406
-0.0966443
-0.1019339
-0.1099626
-0.1077108
-0.0894263
-0.0667639
-0.0593097
-0.0755525
-0.1037784
-0.1216683
-0.1167411
-0.0988346
-0.0903524
-0.1026735
-0.1251873
-0.1393945
-0.1389893
-0.1314845
-0.1240431
-0.1149997
-0.0999167
-0.0805784
-0.0629840
-0.0427747
0.0089756
0.1389277
0.3753104
0.6867319
0.9783909
1.1400974
1.1113340
0.9132578
0.6284747
0.3493822
0.1326712
-0.0124979
-0.1032563
-0.1561313
-0.1801862
-0.1860587
-0.1883731
-0.1958061
-0.2051811
-0.2092039
-0.2070551
-0.2054440
-0.2115635
-0.2261130
-0.2418971
-0.2497455
-0.2470571
-0.2386634
-0.2280485
-0.2119513
-0.1874046
-0.1600124
-0.1392047
-0.1267995
-0.1155005
-0.0983980
-0.0760708
-0.0542109
-0.0364776
-0.0194598
0.0055390
0.0433685
0.0876569
0.1267529
0.1579617
0.1906759
0.2329868
0.2802098
0.3203891
0.3479056
0.3685853
0.3935070
0.4289729
0.4695211
0.4998788
0.5072686
0.4929374
0.4689157
0.4437768
0.4152887
0.3767122
0.3261471
0.2694583
0.2170538
0.1765195
0.1447273
0.1091753
0.0619595
0.0109392
-0.0280915
-0.0494645
-0.0630051
-0.0815450
-0.1069034
-0.1283265
-0.1328714
-0.1188247
-0.1002821
-0.0953795
-0.1081398
-0.1258369
-0.1361616
-0.1412404
-0.1504584
-0.1645138
-0.1729069
-0.1659121
-0.1454102
-0.1245343
-0.1171533
-0.1248003
-0.1337376
-0.1291668
-0.1128844
-0.1020085
-0.1092418
-0.1292547
-0.1456681
-0.1468186
-0.1338611
-0.1182361
-0.1122981
-0.1183723
-0.1266135
-0.1271750
-0.1232737
-0.1273348
-0.1450565
-0.1685213
-0.1851624
-0.1896893
-0.1877333
-0.1905651
-0.2040471
-0.2198496
-0.2212613
-0.2019117
-0.1749529
-0.1586093
-0.1558039
-0.1531901
-0.1376848
-0.1092349
-0.0794531
-0.0615234
-0.0592601
-0.0630763
-0.0589016
-0.0428299
-0.0242833
-0.0144404
-0.0156662
-0.0217504
-0.0225579
-0.0096038
0.0134541
0.0247793
0.0024252
-0.0397098
-0.0375531
0.0879539
0.3665715
0.7364578
1.0620480
1.2084694
1.1232703
0.8616653
0.5357256
0.2379064
0.0058081
-0.1604627
-0.2693780
-0.3288043
-0.3500715
-0.3485740
-0.3377855
-0.3222400
-0.2966295
-0.2560881
-0.2095710
-0.1774532
-0.1714343
-0.1816885
-0.1887853
-0.1841274
-0.1744397
-0.1708202
-0.1777447
-0.1885767
-0.1886942
-0.1685806
-0.1375012
-0.1183122
-0.1239170
-0.1428515
-0.1513351
-0.1358985
-0.1030192
-0.0717056
-0.0576958
-0.0592409
-0.0571109
-0.0333604
0.0103437
0.0581823
0.1013355
0.1456413
0.1993726
0.2620617
0.3258719
0.3808179
0.4187940
0.4396028
0.4532243
0.4699998
0.4883082
0.4959160
0.4817507
0.4432825
0.3869644
0.3260383
0.2724928
0.2254046
0.1723563
0.1079471
0.0449552
0.0005994
-0.0230331
-0.0385019
-0.0576411
-0.0822390
-0.1056902
-0.1192926
-0.1208794
-0.1200456
-0.1301193
-0.1534846
-0.1804514
-0.2023430
-0.2174895
-0.2244328
-0.2201049
-0.2077780
-0.1975335
-0.1951008
-0.1971336
-0.1991706
-0.2009932
-0.2029142
-0.2036902
-0.2029718
-0.2005496
-0.1949225
-0.1882115
-0.1883213
-0.1984460
-0.2085201
-0.2057254
-0.1899840
-0.1711604
-0.1556275
-0.1444251
-0.1400712
-0.1453019
-0.1572508
-0.1700223
-0.1804742
-0.1870565
-0.1882598
-0.1866403
-0.1878147
-0.1913100
-0.1900976
-0.1828483
-0.1770164
-0.1750636
-0.1681117
-0.1498865
-0.1283026
-0.1169828
-0.1219455
-0.1399493
-0.1623111
-0.1782666
-0.1830661
-0.1843910
-0.1927588
-0.2061924
-0.2137613
-0.2124547
-0.2092819
-0.2081607
-0.2067574
-0.2054333
-0.2074786
-0.2107975
-0.2098003
-0.2045381
-0.1989648
-0.1929691
-0.1847452
-0.1766346
-0.1701012
-0.1608701
-0.1478137
-0.1394719
-0.1424693
-0.1510969
-0.1574413
-0.1632468
-0.1722431
-0.1793658
-0.1771566
-0.1654349
-0.1478394
-0.1278614
-0.1129850
-0.1086680
-0.0980683
-0.0378955
0.1141605
0.3666599
0.6805250
0.9720959
1.1369703
1.1034177
0.8832870
0.5648855
0.2496645
-0.0024971
-0.1791362
-0.2933946
-0.3631626
-0.3969131
-0.3941149
-0.3643001
-0.3363265
-0.3328196
-0.3419556
-0.3327497
-0.2949432
-0.2484179
-0.2180868
-0.2139741
-0.2293464
-0.2437904
-0.2355431
-0.2048855
-0.1775429
-0.1733029
-0.1821194
-0.1822383
-0.1677773
-0.1460245
-0.1229660
-0.1049953
-0.0996766
-0.1016826
-0.0928105
-0.0671521
-0.0406831
-0.0266342
-0.0181653
-0.0029179
0.0233289
0.0624772
0.1127447
0.1576216
0.1796428
0.1897855
0.2196106
0.2800531
0.3505392
0.4098497
0.4535685
0.4817749
0.4951905
0.5024669
0.5069886
0.4911588
0.4390796
0.3673679
0.3068875
0.2630410
0.2203129
0.1731751
0.1246121
0.0694507
0.0087042
-0.0360175
-0.0517749
-0.0599858
-0.0852525
-0.1199302
-0.1463591
-0.1683698
-0.1927903
-0.2079246
-0.2082972
-0.2112616
-0.2243873
-0.2300003
-0.2232941
-0.2250677
-0.2363139
-0.2278664
-0.1959434
-0.1739978
-0.1678118
-0.1393046
-0.0792517
-0.0321252
-0.0224092
-0.0200893
-0.0007997
0.0276947
0.0739494
0.1630919
0.2831624
0.4171519
0.6174477
0.9259269
1.2196434
1.2857213
1.0762620
0.7409649
0.3919570
0.0301923
-0.2518841
-0.2404152
0.0880631
