-0.0638889
-0.0589230
-0.0597773
-0.0636036
-0.0653898
-0.0621886
-0.0542580
-0.0464513
-0.0469084
-0.0587861
-0.0736503
-0.0788570
-0.0727841
-0.0677158
-0.0748861
-0.0905066
-0.1011223
-0.1013595
-0.0992010
-0.0965562
-0.0653291
0.0443317
0.2539832
0.5079105
0.6855798
0.6825905
0.4913559
0.2032009
-0.0702249
-0.2783443
-0.4417040
-0.5949569
-0.7318129
-0.8077022
-0.7883811
-0.6870855
-0.5532305
-0.4316064
-0.3374294
-0.2654746
-0.2111306
-0.1761908
-0.1596011
-0.1520491
-0.1429473
-0.1296760
-0.1172190
-0.1095984
-0.1039303
-0.0937322
-0.0769844
-0.0591181
-0.0472798
-0.0426900
-0.0399503
-0.0333639
-0.0223552
-0.0105749
-0.0012547
0.0056976
0.0128183
0.0221721
0.0332060
0.0433281
0.0508093
0.0570002
0.0653285
0.0782459
0.0953869
0.1141559
0.1314638
0.1454817
0.1569638
0.1690809
0.1850622
0.2053431
0.2270981
0.2468392
0.2637869
0.2810013
0.3028681
0.3304547
0.3589886
0.3809886
0.3930846
0.3996677
0.4089959
0.4253269
0.4448724
0.4592532
0.4627093
0.4560743
0.4439347
0.4281618
0.4048616
0.3683250
0.3177435
0.2592342
0.2012183
0.1485622
0.1012885
0.0578055
0.0183043
-0.0148889
-0.0395832
-0.0560143
-0.0669716
-0.0757836
-0.0842250
-0.0922210
-0.0990955
-0.1047406
-0.1097077
-0.1143818
-0.1179963
-0.1185873
-0.1145192
-0.1062838
-0.0962100
-0.0861722
-0.0765195
-0.0678495
-0.0624334
-0.0618570
-0.0635016
-0.0619499
-0.0554346
-0.0490894
-0.0487933
-0.0518959
-0.0481087
-0.0328499
-0.0170407
-0.0170763
-0.0331423
-0.0445052
-0.0343213
-0.0158065
-0.0192489
-0.0430846
-0.0267634
0.1049814
0.3543342
0.6104150
0.7154483
0.5881751
0.2883065
-0.0413970
-0.2965090
-0.4759806
-0.6367458
-0.8012140
-0.9214668
-0.9309596
-0.8180020
-0.6409899
-0.4769584
-0.3637211
-0.2904348
-0.2317299
-0.1795579
-0.1427443
-0.1266176
-0.1224552
-0.1166323
-0.1040556
-0.0896370
-0.0795031
-0.0744542
-0.0715231
-0.0685416
-0.0655014
-0.0629311
-0.0609454
-0.0598877
-0.0603188
-0.0612928
-0.0592493
-0.0501958
-0.0338895
-0.0152407
-0.0003255
0.0094329
0.0186292
0.0330915
0.0539945
0.0769838
0.0969161
0.1130954
0.1297211
0.1512914
0.1777849
0.2045725
0.2269830
0.2445206
0.2604095
0.2775467
0.2955791
0.3118178
0.3242519
0.3333359
0.3413220
0.3504505
0.3617453
0.3748780
0.3884306
0.4001601
0.4077617
0.4102750
0.4086726
0.4040759
0.3949036
0.3766605
0.3458385
0.3042859
0.2588992
0.2162174
0.1772905
0.1382950
0.0963653
0.0543751
0.0192411
-0.0047401
-0.0203456
-0.0346620
-0.0519747
-0.0698155
-0.0819219
-0.0845328
-0.0797797
-0.0737161
-0.0716091
-0.0746502
-0.0801714
-0.0844839
-0.0858204
-0.0852571
-0.0852359
-0.0870574
-0.0894114
-0.0892900
-0.0846994
-0.0767061
-0.0686308
-0.0630913
-0.0600575
-0.0579047
-0.0559122
-0.0552298
-0.0575158
-0.0630461
-0.0701646
-0.0762988
-0.0796232
-0.0802864
-0.0803424
-0.0822168
-0.0867012
-0.0921331
-0.0955971
-0.0952217
-0.0916031
-0.0872074
-0.0844984
-0.0844598
-0.0862222
-0.0873934
-0.0851230
-0.0783955
-0.0701864
-0.0661351
-0.0691056
-0.0751069
-0.0767666
-0.0719683
-0.0671639
-0.0696941
-0.0776231
-0.0807803
-0.0735127
-0.0632463
-0.0621058
-0.0707974
-0.0766385
-0.0705223
-0.0593053
-0.0503274
-0.0214447
0.0802602
0.2904528
0.5689797
0.7971789
0.8512011
0.6930507
0.3958378
0.0800506
-0.1773034
-0.3776273
-0.5585860
-0.7300064
-0.8550463
-0.8875443
-0.8187055
-0.6856335
-0.5406027
-0.4170595
-0.3215103
-0.2478982
-0.1922058
-0.1541476
-0.1314077
-0.1175554
-0.1060908
-0.0946174
-0.0844800
-0.0775547
-0.0740975
-0.0726529
-0.0707182
-0.0657319
-0.0567126
-0.0454151
-0.0351247
-0.0276424
-0.0216884
-0.0146684
-0.0057155
0.0036076
0.0115836
0.0186338
0.0269141
0.0380043
0.0516647
0.0668283
0.0828918
0.0993203
0.1145658
0.1267640
0.1361191
0.1458916
0.1600643
0.1798783
0.2029822
0.2259012
0.2469404
0.2667586
0.2868572
0.3081182
0.3305084
0.3532460
0.3746884
0.3925997
0.4056635
0.4151840
0.4245845
0.4363031
0.4491637
0.4594471
0.4647198
0.4659755
0.4654279
0.4623664
0.4518459
0.4280462
0.3893507
0.3404668
0.2896098
0.2430834
0.2016746
0.1615980
0.1189886
0.0742281
0.0325942
0.0005550
-0.0194055
-0.0309599
-0.0409170
-0.0535774
-0.0677076
-0.0788390
-0.0842817
-0.0857771
-0.0874521
-0.0914356
-0.0955065
-0.0950207
-0.0873748
-0.0748905
-0.0633322
-0.0572942
-0.0567237
-0.0577785
-0.0569617
-0.0543054
-0.0525552
-0.0535976
-0.0562179
-0.0575256
-0.0559840
-0.0522180
-0.0469905
-0.0397810
-0.0305423
-0.0222134
-0.0194771
-0.0238337
-0.0308165
-0.0339525
-0.0321655
-0.0321147
-0.0416288
-0.0605650
-0.0793871
-0.0880123
-0.0859710
-0.0828330
-0.0881926
-0.1018751
-0.1145567
-0.1174765
-0.1105857
-0.1012527
-0.0962505
-0.0960123
-0.0961914
-0.0932418
-0.0875527
-0.0819703
-0.0789720
-0.0798488
-0.0851955
-0.0942464
-0.1035231
-0.1079487
-0.1051265
-0.0985729
-0.0953821
-0.0996137
-0.1080315
-0.1129720
-0.1097147
-0.1009109
-0.0937150
-0.0927994
-0.0962968
-0.0982148
-0.0943593
-0.0860841
-0.0789923
-0.0782444
-0.0843925
-0.0928688
-0.0975280
-0.0954919
-0.0891982
-0.0838305
-0.0826597
-0.0847717
-0.0869024
-0.0868496
-0.0850025
-0.0833833
-0.0841656
-0.0889993
-0.0984172
-0.1106453
-0.1212705
-0.1257341
-0.1235329
-0.1198277
-0.1217354
-0.1321693
-0.1472217
-0.1596595
-0.1648797
-0.1636000
-0.1594653
-0.1548625
-0.1493626
-0.1418863
-0.1336603
-0.1282772
-0.1284611
-0.1331064
-0.1381941
-0.1407639
-0.1413071
-0.1418091
-0.1422793
-0.1406166
-0.1359422
-0.1302967
-0.1256908
-0.1207763
-0.1131040
-0.1047879
-0.1023158
-0.1077349
-0.1123888
-0.1051102
-0.0881431
-0.0791855
-0.0915491
-0.1145601
-0.1221682
-0.1035747
-0.0751271
-0.0486683
0.0106221
0.1746380
0.4772001
0.8419017
1.0999856
1.1036924
0.8387237
0.4307678
0.0415485
-0.2450922
-0.4467208
-0.6138924
-0.7555485
-0.8326189
-0.8105662
-0.7034138
-0.5642436
-0.4412929
-0.3494104
-0.2790658
-0.2215746
-0.1794370
-0.1565202
-0.1470208
-0.1384862
-0.1238060
-0.1070259
-0.0970904
-0.0976816
-0.1039336
-0.1078118
-0.1051802
-0.0976158
-0.0886397
-0.0793754
-0.0680803
-0.0533636
-0.0371757
-0.0240651
-0.0170605
-0.0142034
-0.0095729
0.0016783
0.0190585
0.0375063
0.0522771
0.0628642
0.0723699
0.0838491
0.0978449
0.1130959
0.1286380
0.1446314
0.1614349
0.1785674
0.1949841
0.2103404
0.2258013
0.2434601
0.2647552
0.2890902
0.3137188
0.3351482
0.3512812
0.3628196
0.3728059
0.3845932
0.3997554
0.4172829
0.4343008
0.4477896
0.4565562
0.4622908
0.4684179
0.4768859
0.4854277
0.4882442
0.4800736
0.4600027
0.4313363
0.3978088
0.3601864
0.3167369
0.2667832
0.2133048
0.1617601
0.1163969
0.0777481
0.0434785
0.0113943
-0.0182760
-0.0431526
-0.0609996
-0.0718594
-0.0780228
-0.0818457
-0.0836765
-0.0822604
-0.0773525
-0.0715805
-0.0691029
-0.0720625
-0.0784024
-0.0833603
-0.0832514
-0.0780326
-0.0706490
-0.0643064
-0.0602056
-0.0571228
-0.0525764
-0.0447901
-0.0345298
-0.0253515
-0.0211887
-0.0227033
-0.0261312
-0.0266575
-0.0233364
-0.0200830
-0.0212393
-0.0266088
-0.0318157
-0.0336238
-0.0336989
-0.0359705
-0.0406550
-0.0425743
-0.0366503
-0.0247250
-0.0156639
-0.0179006
-0.0318369
-0.0495581
-0.0616792
-0.0645282
-0.0616016
-0.0591556
-0.0605509
-0.0640085
-0.0650415
-0.0611909
-0.0551050
-0.0532220
-0.0607479
-0.0769909
-0.0953874
-0.1086151
-0.1141960
-0.1151968
-0.1155900
-0.1155669
-0.1120359
-0.1034876
-0.0932400
-0.0868823
-0.0864916
-0.0881464
-0.0858337
-0.0778266
-0.0687675
-0.0651719
-0.0689768
-0.0756473
-0.0784300
-0.0742388
-0.0657379
-0.0585910
-0.0571739
-0.0621591
-0.0705687
-0.0771226
-0.0763374
-0.0655580
-0.0477667
-0.0312061
-0.0242252
-0.0286370
-0.0380330
-0.0437779
-0.0432886
-0.0418700
-0.0459447
-0.0553329
-0.0635876
-0.0659266
-0.0650660
-0.0677371
-0.0761999
-0.0854088
-0.0894519
-0.0891588
-0.0912743
-0.1002664
-0.1128948
-0.1216781
-0.1222348
-0.1159132
-0.1066573
-0.0980363
-0.0934813
-0.0961375
-0.1057392
-0.1169601
-0.1238962
-0.1251691
-0.1183877
-0.0850549
0.0136365
0.2111016
0.4913877
0.7685970
0.9218704
0.8691206
0.6212819
0.2706938
-0.0753059
-0.3573986
-0.5746421
-0.7459784
-0.8694487
-0.9188366
-0.8743276
-0.7508458
-0.5948543
-0.4543600
-0.3510706
-0.2772442
-0.2143595
-0.1530340
-0.0976986
-0.0568913
-0.0323568
-0.0176902
-0.0055476
0.0057801
0.0131952
0.0148602
0.0138813
0.0153232
0.0201361
0.0232582
0.0187079
0.0066796
-0.0050705
-0.0077030
0.0004837
0.0124152
0.0190342
0.0178436
0.0148360
0.0182459
0.0306537
0.0471798
0.0610287
0.0703755
0.0797177
0.0947898
0.1165944
0.1405817
0.1613992
0.1780344
0.1942170
0.2141485
0.2382899
0.2634312
0.2865253
0.3079370
0.3307079
0.3568908
0.3850535
0.4115007
0.4336040
0.4516121
0.4673866
0.4819257
0.4944469
0.5036997
0.5097907
0.5145281
0.5198813
0.5258182
0.5292721
0.5252850
0.5099405
0.4831713
0.4490154
0.4125364
0.3757974
0.3369004
0.2935268
0.2474515
0.2047346
0.1706266
0.1443642
0.1197282
0.0911344
0.0589099
0.0283463
0.0040110
-0.0142922
-0.0299427
-0.0448435
-0.0572665
-0.0643740
-0.0662229
-0.0667541
-0.0707891
-0.0800134
-0.0915418
-0.1001885
-0.1026128
-0.1000603
-0.0972783
-0.0981667
-0.1019052
-0.1034844
-0.0986001
-0.0882171
-0.0779874
-0.0729157
-0.0728005
-0.0731830
-0.0704971
-0.0656070
-0.0620680
-0.0615827
-0.0620566
-0.0602331
-0.0555537
-0.0508528
-0.0493920
-0.0516321
-0.0549742
-0.0564313
-0.0555178
-0.0547068
-0.0569574
-0.0623197
-0.0667863
-0.0651802
-0.0562588
-0.0452245
-0.0401334
-0.0444282
-0.0527321
-0.0550554
-0.0462801
-0.0315800
-0.0218191
-0.0232469
-0.0319470
-0.0384937
-0.0375149
-0.0321545
-0.0295267
-0.0328992
-0.0390142
-0.0425653
-0.0421585
-0.0412994
-0.0439995
-0.0502520
-0.0561075
-0.0578094
-0.0554495
-0.0526162
-0.0527805
-0.0561951
-0.0602231
-0.0624731
-0.0633851
-0.0655928
-0.0707831
-0.0774325
-0.0819100
-0.0818979
-0.0786592
-0.0759234
-0.0766449
-0.0808809
-0.0865766
-0.0919136
-0.0964892
-0.1003043
-0.1022535
-0.1004104
-0.0942221
-0.0862473
-0.0811147
-0.0820612
-0.0880860
-0.0946120
-0.0973903
-0.0960561
-0.0937411
-0.0930279
-0.0925943
-0.0885024
-0.0790319
-0.0675828
-0.0598431
-0.0579042
-0.0580424
-0.0552456
-0.0497606
-0.0479755
-0.0559306
-0.0723210
-0.0889442
-0.0983854
-0.1005634
-0.1011445
-0.1041458
-0.1073549
-0.1053891
-0.0962510
-0.0836891
-0.0730987
-0.0661426
-0.0601794
-0.0526249
-0.0448764
-0.0413384
-0.0447033
-0.0525641
-0.0589451
-0.0594676
-0.0553904
-0.0525976
-0.0560506
-0.0646865
-0.0719978
-0.0723595
-0.0669366
-0.0626245
-0.0646562
-0.0709532
-0.0748822
-0.0733660
-0.0705356
-0.0722190
-0.0780537
-0.0814687
-0.0779915
-0.0712806
-0.0687080
-0.0719468
-0.0750526
-0.0728218
-0.0680751
-0.0674912
-0.0714071
-0.0719277
-0.0617802
-0.0389619
0.0040941
0.0933788
0.2615086
0.5079327
0.7672764
0.9286030
0.9039367
0.6909454
0.3724645
0.0528953
-0.2094623
-0.4160719
-0.5876467
-0.7208162
-0.7865625
-0.7642902
-0.6693150
-0.5450924
-0.4320759
-0.3457377
-0.2800207
-0.2245240
-0.1754601
-0.1342617
-0.1020521
-0.0779014
-0.0602515
-0.0475830
-0.0381156
-0.0306446
-0.0257580
-0.0245263
-0.0251893
-0.0226792
-0.0134515
-0.0006791
0.0074736
0.0062661
0.0003437
-0.0003728
0.0089223
0.0228598
0.0320511
0.0334746
0.0333634
0.0397779
0.0538109
0.0692529
0.0802406
0.0875559
0.0967883
0.1114798
0.1295762
0.1466423
0.1611892
0.1757967
0.1934847
0.2142258
0.2354058
0.2548267
0.2723062
0.2885209
0.3033508
0.3160770
0.3269040
0.3375419
0.3500025
0.3650644
0.3820344
0.3996353
0.4167113
0.4322715
0.4455658
0.4565618
0.4660309
0.4744956
0.4807946
0.4819050
0.4745010
0.4568376
0.4292832
0.3934438
0.3512574
0.3050134
0.2577358
0.2127774
0.1724932
0.1371445
0.1051827
0.0748414
0.0458464
0.0199895
0.0000834
-0.0121554
-0.0178896
-0.0210430
-0.0258631
-0.0338074
-0.0425076
-0.0480794
-0.0488823
-0.0471256
-0.0466106
-0.0487781
-0.0511036
-0.0495947
-0.0429201
-0.0339727
-0.0272980
-0.0250458
-0.0255117
-0.0255672
-0.0243087
-0.0241142
-0.0279810
-0.0357996
-0.0434326
-0.0459151
-0.0420523
-0.0360162
-0.0340716
-0.0391987
-0.0486253
-0.0566527
-0.0599970
-0.0603770
-0.0619611
-0.0666134
-0.0720053
-0.0743493
-0.0725211
-0.0691384
-0.0677988
-0.0697418
-0.0732928
-0.0760727
-0.0772883
-0.0780323
-0.0799029
-0.0835446
-0.0881853
-0.0922438
-0.0945326
-0.0952113
-0.0954632
-0.0957559
-0.0943653
-0.0884188
-0.0772990
-0.0648784
-0.0571940
-0.0569080
-0.0602337
-0.0602095
-0.0534063
-0.0430659
-0.0354048
-0.0333242
-0.0343406
-0.0344114
-0.0327746
-0.0324572
-0.0365371
-0.0447358
-0.0537336
-0.0601618
-0.0629759
-0.0635068
-0.0639731
-0.0658907
-0.0691446
-0.0720929
-0.0728820
-0.0712491
-0.0691391
-0.0691790
-0.0722599
-0.0766573
-0.0796137
-0.0797382
-0.0779093
-0.0761728
-0.0760506
-0.0776828
-0.0799764
-0.0813073
-0.0805944
-0.0784480
-0.0772984
-0.0795451
-0.0847902
-0.0891097
-0.0880856
-0.0813353
-0.0738615
-0.0721480
-0.0783617
-0.0883697
-0.0956275
-0.0970899
-0.0954384
-0.0958749
-0.1010022
-0.1085416
-0.1133376
-0.1112911
-0.1019576
-0.0883095
-0.0743612
-0.0626129
-0.0532820
-0.0458779
-0.0413616
-0.0421329
-0.0492690
-0.0600337
-0.0691512
-0.0732016
-0.0733944
-0.0734979
-0.0755252
-0.0784415
-0.0808923
-0.0834650
-0.0870833
-0.0903818
-0.0909487
-0.0893516
-0.0894284
-0.0927216
-0.0943851
-0.0881222
-0.0756465
-0.0675356
-0.0716141
-0.0825656
-0.0875935
-0.0817723
-0.0698091
-0.0455331
0.0257810
0.1883779
0.4438509
0.7161303
0.8813239
0.8497720
0.6303478
0.3179299
0.0173544
-0.2240936
-0.4191057
-0.5904540
-0.7289635
-0.7997875
-0.7808041
-0.6875799
-0.5620256
-0.4424956
-0.3460939
-0.2731557
-0.2199851
-0.1843823
-0.1632633
-0.1508889
-0.1414858
-0.1321419
-0.1221048
-0.1105022
-0.0964569
-0.0812585
-0.0686135
-0.0613958
-0.0583531
-0.0549661
-0.0479700
-0.0387091
-0.0316548
-0.0296067
-0.0305147
-0.0290523
-0.0212739
-0.0078648
0.0068440
0.0188085
0.0273983
0.0352155
0.0453847
0.0590294
0.0747952
0.0901575
0.1031720
0.1137224
0.1238783
0.1370085
0.1556158
0.1791174
0.2037035
0.2251504
0.2425170
0.2591545
0.2796402
0.3053599
0.3331180
0.3582468
0.3790398
0.3978849
0.4179157
0.4387803
0.4561673
0.4658153
0.4679434
0.4674385
0.4694194
0.4744623
0.4779918
0.4740753
0.4597175
0.4358572
0.4049500
0.3681794
0.3250625
0.2754772
0.2218715
0.1693707
0.1232916
0.0857991
0.0545713
0.0251526
-0.0045707
-0.0319238
-0.0518506
-0.0621651
-0.0662599
-0.0702739
-0.0777210
-0.0872504
-0.0953151
-0.0999171
-0.1012537
-0.0998936
-0.0961585
-0.0915287
-0.0887469
-0.0886503
-0.0874066
-0.0793183
-0.0638828
-0.0489290
-0.0444053
-0.0522239
-0.0635335
-0.0674095
-0.0619254
-0.0554218
-0.0567979
-0.0660117
-0.0751297
-0.0776412
-0.0747399
-0.0721769
-0.0730298
-0.0755358
-0.0773258
-0.0791661
-0.0832787
-0.0896228
-0.0960136
-0.1014816
-0.1069946
-0.1120173
-0.1130166
-0.1083568
-0.1036573
-0.1079561
-0.1224892
-0.1366573
-0.1395133
-0.1333221
-0.1273335
-0.1126463
-0.0498277
0.1024745
0.3341340
0.5601294
0.6638163
0.5786263
0.3358478
0.0345550
-0.2357339
-0.4466421
-0.6165496
-0.7592062
-0.8551229
-0.8710453
-0.7982770
-0.6660779
-0.5199331
-0.3917756
-0.2904795
-0.2131790
-0.1577301
-0.1233774
-0.1052234
-0.0940455
-0.0828195
-0.0714075
-0.0635685
-0.0602703
-0.0572194
-0.0489450
-0.0345030
-0.0188746
-0.0089929
-0.0082002
-0.0138050
-0.0196015
-0.0211939
-0.0194851
-0.0189362
-0.0219832
-0.0252287
-0.0218605
-0.0083920
0.0111969
0.0285451
0.0382369
0.0418344
0.0448081
0.0503317
0.0569500
0.0622757
0.0679788
0.0801538
0.1044836
0.1411323
0.1842145
0.2259122
0.2613289
0.2904739
0.3168621
0.3445540
0.3756337
0.4092539
0.4426380
0.4735178
0.5021674
0.5308075
0.5602071
0.5866023
0.6027595
0.6032067
0.5887455
0.5652098
0.5372275
0.5035197
0.4591677
0.4028228
0.3410792
0.2848086
0.2406591
0.2060854
0.1726931
0.1343423
0.0921554
0.0522797
0.0195054
-0.0067483
-0.0306364
-0.0546366
-0.0761902
-0.0895257
-0.0911071
-0.0837954
-0.0757836
-0.0748762
-0.0828420
-0.0946148
-0.1028925
-0.1040139
-0.1001502
-0.0964750
-0.0964934
-0.0998647
-0.1040730
-0.1074753
-0.1104272
-0.1138439
-0.1175057
-0.1204019
-0.1226066
-0.1260078
-0.1324218
-0.1409935
-0.1482274
-0.1512883
-0.1511073
-0.1513674
-0.1538656
-0.1553021
-0.1496365
-0.1342339
-0.1135457
-0.0962308
-0.0882390
-0.0883858
-0.0902830
-0.0882448
-0.0814365
-0.0729808
-0.0658794
-0.0601921
-0.0539014
-0.0458889
-0.0375892
-0.0317201
-0.0297848
-0.0311974
-0.0346895
-0.0397504
-0.0459252
-0.0510453
-0.0516745
-0.0466618
-0.0400240
-0.0387383
-0.0464231
-0.0593703
-0.0697058
-0.0727302
-0.0707387
-0.0697294
-0.0734023
-0.0810275
-0.0900367
-0.0985747
-0.1049248
-0.1064376
-0.1015385
-0.0929986
-0.0871580
-0.0883699
-0.0949575
-0.1021067
-0.1082506
-0.1163297
-0.1277424
-0.1371347
-0.1363008
-0.1239443
-0.1093547
-0.1042323
-0.1111430
-0.1216318
-0.1258124
-0.1220939
-0.1166490
-0.1152067
-0.1179176
-0.1220790
-0.1268492
-0.1329977
-0.1391796
-0.1413455
-0.1368081
-0.1272678
-0.1164419
-0.1056909
-0.0938224
-0.0810926
-0.0713361
-0.0687087
-0.0724593
-0.0742091
-0.0572004
0.0038903
0.1372998
0.3553092
0.6283393
0.8762701
0.9980177
0.9286893
0.6819398
0.3404245
0.0007811
-0.2802030
-0.4959866
-0.6591211
-0.7679621
-0.8046477
-0.7595450
-0.6505369
-0.5160016
-0.3909995
-0.2913404
-0.2169526
-0.1642287
-0.1317654
-0.1167789
-0.1115972
-0.1071389
-0.0993426
-0.0903478
-0.0832834
-0.0775667
-0.0703165
-0.0612807
-0.0544411
-0.0540774
-0.0600178
-0.0674174
-0.0707614
-0.0674669
-0.0581648
-0.0450913
-0.0311259
-0.0194631
-0.0123505
-0.0092357
-0.0068061
-0.0018187
0.0061177
0.0151665
0.0245288
0.0360340
0.0517732
0.0707784
0.0893026
0.1048298
0.1191816
0.1370466
0.1615780
0.1917121
0.2233528
0.2523974
0.2767718
0.2969707
0.3159263
0.3379251
0.3657857
0.3977782
0.4278188
0.4501487
0.4644964
0.4761526
0.4904632
0.5075220
0.5226866
0.5318530
0.5351265
0.5348265
0.5306844
0.5183107
0.4929617
0.4544116
0.4075982
0.3585568
0.3101073
0.2614524
0.2113474
0.1611057
0.1145587
0.0754056
0.0445944
0.0199332
-0.0019146
-0.0227612
-0.0417354
-0.0565861
-0.0662914
-0.0725370
-0.0785243
-0.0860689
-0.0937611
-0.0981483
-0.0970139
-0.0916749
-0.0860893
-0.0836599
-0.0847692
-0.0871414
-0.0882857
-0.0875166
-0.0858687
-0.0844146
-0.0828371
-0.0796063
-0.0735558
-0.0654757
-0.0583624
-0.0559550
-0.0603709
-0.0703876
-0.0817574
-0.0896743
-0.0917140
-0.0888470
-0.0836668
-0.0776773
-0.0704682
-0.0615191
-0.0523410
-0.0461652
-0.0451675
-0.0482039
-0.0517476
-0.0532728
-0.0535256
-0.0552106
-0.0595377
-0.0644431
-0.0664717
-0.0643429
-0.0604773
-0.0589228
-0.0617126
-0.0671207
-0.0714002
-0.0723614
-0.0714571
-0.0723627
-0.0772442
-0.0841900
-0.0884404
-0.0866148
-0.0801369
-0.0744375
-0.0742948
-0.0795250
-0.0852623
-0.0867724
-0.0841320
-0.0820198
-0.0847349
-0.0915046
-0.0969532
-0.0963584
-0.0903923
-0.0845356
-0.0837909
-0.0881078
-0.0930695
-0.0948026
-0.0937333
-0.0933636
-0.0957770
-0.0989258
-0.0984800
-0.0920567
-0.0814867
-0.0712326
-0.0649648
-0.0635561
-0.0657558
-0.0701908
-0.0766269
-0.0855816
-0.0968168
-0.1080158
-0.1150025
-0.1140323
-0.1048195
-0.0914801
-0.0797512
-0.0725492
-0.0682696
-0.0637881
-0.0589107
-0.0570526
-0.0610699
-0.0689895
-0.0749433
-0.0748191
-0.0704973
-0.0678130
-0.0703753
-0.0760529
-0.0798271
-0.0794780
-0.0776431
-0.0782716
-0.0818518
-0.0847987
-0.0834565
-0.0781859
-0.0732227
-0.0726207
-0.0765152
-0.0813478
-0.0835635
-0.0829563
-0.0824616
-0.0848897
-0.0900471
-0.0950437
-0.0971728
-0.0962128
-0.0939730
-0.0921739
-0.0913867
-0.0918019
-0.0938753
-0.0974116
-0.1007286
-0.1021594
-0.1024468
-0.1039290
-0.1062195
-0.1043732
-0.0943785
-0.0808841
-0.0759436
-0.0865299
-0.1043931
-0.1128879
-0.1050836
-0.0889079
-0.0663666
-0.0087128
0.1341149
0.3825182
0.6792955
0.9013563
0.9361318
0.7610145
0.4548392
0.1328224
-0.1328357
-0.3377885
-0.5071054
-0.6451294
-0.7254044
-0.7217007
-0.6395774
-0.5157833
-0.3916818
-0.2902734
-0.2146034
-0.1599724
-0.1230099
-0.1013894
-0.0905171
-0.0839635
-0.0769038
-0.0679840
-0.0581092
-0.0485278
-0.0402063
-0.0338899
-0.0297247
-0.0269368
-0.0245500
-0.0225175
-0.0216391
-0.0220791
-0.0222859
-0.0198403
-0.0135262
-0.0045145
0.0045209
0.0115263
0.0165632
0.0214620
0.0280497
0.0366118
0.0460681
0.0557138
0.0666617
0.0811369
0.0999207
0.1205921
0.1389970
0.1531138
0.1654006
0.1806946
0.2014251
0.2251626
0.2472344
0.2655919
0.2826671
0.3023793
0.3256809
0.3492565
0.3683867
0.3809427
0.3890533
0.3976643
0.4115929
0.4328768
0.4594121
0.4855625
0.5050038
0.5144236
0.5151179
0.5107008
0.5028711
0.4894458
0.4666424
0.4330992
0.3914088
0.3457959
0.2986331
0.2494299
0.1971510
0.1433422
0.0928374
0.0511481
0.0206698
-0.0010592
-0.0194183
-0.0384760
-0.0579336
-0.0739634
-0.0832816
-0.0866170
-0.0881550
-0.0916006
-0.0969939
-0.1013892
-0.1021991
-0.0994815
-0.0952820
-0.0915693
-0.0891750
-0.0881335
-0.0880919
-0.0881081
-0.0867192
-0.0830438
-0.0779340
-0.0734826
-0.0709796
-0.0695545
-0.0671903
-0.0629538
-0.0578189
-0.0533017
-0.0498198
-0.0467783
-0.0440346
-0.0427707
-0.0447047
-0.0504918
-0.0587651
-0.0663268
-0.0691100
-0.0636440
-0.0490105
-0.0284907
-0.0090450
0.0023945
0.0037242
-0.0007388
-0.0040757
-0.0029903
-0.0005530
-0.0026609
-0.0116645
-0.0235306
-0.0313373
-0.0314999
-0.0265803
-0.0223688
-0.0227734
-0.0275683
-0.0341702
-0.0404288
-0.0455822
-0.0497077
-0.0534695
-0.0582994
-0.0655877
-0.0747269
-0.0822174
-0.0838349
-0.0785867
-0.0705168
-0.0659077
-0.0680541
-0.0746399
-0.0803924
-0.0823271
-0.0822559
-0.0841946
-0.0896527
-0.0958247
-0.0984314
-0.0960166
-0.0911666
-0.0877190
-0.0874305
-0.0896862
-0.0936497
-0.0992642
-0.1057093
-0.1102343
-0.1103389
-0.1074263
-0.1069028
-0.1132397
-0.1248644
-0.1347552
-0.1364901
-0.1294359
-0.1179760
-0.1064755
-0.0958501
-0.0847023
-0.0724378
-0.0604588
-0.0509058
-0.0451198
-0.0430388
-0.0430436
-0.0423116
-0.0386158
-0.0327923
-0.0288624
-0.0304590
-0.0369040
-0.0436354
-0.0468288
-0.0467870
-0.0462198
-0.0462600
-0.0458656
-0.0449982
-0.0459885
-0.0499897
-0.0536068
-0.0522800
-0.0475860
-0.0478296
-0.0583612
-0.0730106
-0.0795303
-0.0737715
-0.0617893
-0.0409032
0.0188921
0.1612097
0.3961795
0.6626624
0.8465908
0.8524731
0.6694394
0.3730078
0.0634517
-0.1999846
-0.4128829
-0.5887759
-0.7208566
-0.7823246
-0.7571426
-0.6621813
-0.5376103
-0.4195562
-0.3239212
-0.2516124
-0.2009431
-0.1709670
-0.1565972
-0.1474659
-0.1349595
-0.1188586
-0.1047879
-0.0955583
-0.0870466
-0.0731384
-0.0531380
-0.0328285
-0.0186108
-0.0118269
-0.0088263
-0.0051623
0.0011525
0.0094019
0.0173331
0.0224453
0.0238308
0.0239531
0.0277549
0.0383615
0.0533520
0.0663749
0.0732478
0.0761362
0.0812347
0.0926498
0.1090871
0.1261705
0.1409479
0.1537929
0.1669527
0.1824770
0.2014030
0.2235724
0.2474117
0.2705987
0.2920655
0.3133511
0.3371219
0.3640286
0.3915287
0.4160970
0.4361747
0.4527059
0.4674716
0.4817453
0.4963206
0.5115221
0.5261438
0.5366145
0.5382807
0.5282968
0.5073058
0.4781470
0.4431322
0.4028753
0.3575453
0.3086157
0.2590511
0.2119582
0.1691253
0.1305439
0.0951387
0.0622786
0.0329016
0.0089061
-0.0090332
-0.0229350
-0.0361697
-0.0502820
-0.0633752
-0.0719245
-0.0739797
-0.0702925
-0.0628015
-0.0532979
-0.0442303
-0.0395273
-0.0421804
-0.0499715
-0.0552759
-0.0516996
-0.0415325
-0.0348483
-0.0394580
-0.0520052
-0.0605084
-0.0564116
-0.0434772
-0.0340972
-0.0371461
-0.0500912
-0.0626651
-0.0669800
-0.0635160
-0.0585667
-0.0577588
-0.0621540
-0.0685694
-0.0718748
-0.0677266
-0.0556314
-0.0408871
-0.0324950
-0.0367667
-0.0514970
-0.0668912
-0.0737932
-0.0720550
-0.0705773
-0.0782768
-0.0947354
-0.1101916
-0.1150646
-0.1092034
-0.1014792
-0.1006624
-0.1073248
-0.1145469
-0.1154701
-0.1092486
-0.1001209
-0.0923766
-0.0873897
-0.0846958
-0.0838081
-0.0839274
-0.0830880
-0.0794533
-0.0737186
-0.0689787
-0.0674284
-0.0678103
-0.0669663
-0.0636754
-0.0600682
-0.0589970
-0.0606482
-0.0622584
-0.0608126
-0.0554099
-0.0472884
-0.0387691
-0.0328595
-0.0328248
-0.0402292
-0.0526901
-0.0646598
-0.0717737
-0.0745426
-0.0770508
-0.0817911
-0.0863366
-0.0856498
-0.0776896
-0.0664570
-0.0592519
-0.0606590
-0.0688340
-0.0773048
-0.0803637
-0.0772296
-0.0718131
-0.0689595
-0.0706774
-0.0752953
-0.0796500
-0.0817978
-0.0817030
-0.0799853
-0.0770549
-0.0738924
-0.0727912
-0.0759998
-0.0832964
-0.0916176
-0.0975280
-0.0995642
-0.0977058
-0.0913309
-0.0793326
-0.0630565
-0.0480829
-0.0411032
-0.0439385
-0.0512399
-0.0552431
-0.0530421
-0.0486970
-0.0482576
-0.0535135
-0.0608219
-0.0650359
-0.0636534
-0.0577142
-0.0501274
-0.0436995
-0.0398899
-0.0383052
-0.0372124
-0.0352527
-0.0332351
-0.0340308
-0.0400143
-0.0502386
-0.0603195
-0.0654330
-0.0637114
-0.0572766
-0.0507429
-0.0487052
-0.0533367
-0.0629144
-0.0726103
-0.0779038
-0.0780450
-0.0760391
-0.0751444
-0.0759531
-0.0771692
-0.0782692
-0.0800690
-0.0827666
-0.0850167
-0.0859163
-0.0866835
-0.0884610
-0.0889401
-0.0841856
-0.0753642
-0.0707305
-0.0766150
-0.0867564
-0.0859165
-0.0675149
-0.0441949
-0.0351247
-0.0433676
-0.0526726
-0.0493272
-0.0381660
-0.0239527
0.0233127
0.1658141
0.4369139
0.7743427
1.0277133
1.0554823
0.8309219
0.4580999
0.0844461
-0.2039906
-0.4109792
-0.5749070
-0.7037876
-0.7675203
-0.7409335
-0.6394151
-0.5091358
-0.3900734
-0.2945013
-0.2168566
-0.1538371
-0.1094955
-0.0852865
-0.0732540
-0.0623296
-0.0490248
-0.0391459
-0.0391443
-0.0474652
-0.0549508
-0.0528957
-0.0401419
-0.0230861
-0.0101604
-0.0065400
-0.0124306
-0.0239832
-0.0350124
-0.0394841
-0.0348487
-0.0240603
-0.0135155
-0.0075387
-0.0042572
0.0025488
0.0167354
0.0349765
0.0493955
0.0552667
0.0554804
0.0571682
0.0651202
0.0796749
0.0999399
0.1262246
0.1579414
0.1909223
0.2197031
0.2433029
0.2670784
0.2969422
0.3317214
0.3629103
0.3833426
0.3957108
0.4110692
0.4381932
0.4748097
0.5096695
0.5330098
0.5450215
0.5548671
0.5719292
0.5973408
0.6229794
0.6384586
0.6395083
0.6298090
0.6148102
0.5942982
0.5617386
0.5112347
0.4450488
0.3741147
0.3109064
0.2612311
0.2220826
0.1864446
0.1495693
0.1112113
0.0735465
0.0383919
0.0063480
-0.0223473
-0.0465873
-0.0640265
-0.0725838
-0.0733247
-0.0717342
-0.0746831
-0.0849036
-0.0985198
-0.1086844
-0.1118386
-0.1101108
-0.1076274
-0.1054090
-0.1011593
-0.0941762
-0.0886362
-0.0897966
-0.0968471
-0.1016507
-0.0961890
-0.0805899
-0.0624781
-0.0487639
-0.0396419
-0.0310832
-0.0217171
-0.0154240
-0.0167371
-0.0247660
-0.0328877
-0.0346078
-0.0291030
-0.0210565
-0.0162148
-0.0175539
-0.0240188
-0.0308438
-0.0317117
-0.0236653
-0.0116136
-0.0063174
-0.0151543
-0.0341000
-0.0501022
-0.0525946
-0.0427435
-0.0310453
-0.0263411
-0.0283490
-0.0310496
-0.0312166
-0.0310974
-0.0332280
-0.0361603
-0.0374920
-0.0389907
-0.0451256
-0.0561360
-0.0654528
-0.0662407
-0.0598312
-0.0556579
-0.0618588
-0.0765428
-0.0894433
-0.0924117
-0.0872996
-0.0827111
-0.0838668
-0.0872795
-0.0854342
-0.0751153
-0.0604191
-0.0487699
-0.0450550
-0.0489756
-0.0566540
-0.0640661
-0.0690468
-0.0708103
-0.0689684
-0.0639105
-0.0573374
-0.0511090
-0.0457846
-0.0413573
-0.0389314
-0.0399181
-0.0432966
-0.0454172
-0.0437665
-0.0402277
-0.0393404
-0.0430622
-0.0479490
-0.0484015
-0.0428602
-0.0357388
-0.0323172
-0.0329685
-0.0345119
-0.0361689
-0.0401480
-0.0454429
-0.0459121
-0.0385886
-0.0307971
-0.0329538
-0.0443684
-0.0526436
-0.0503450
-0.0453545
-0.0429764
-0.0144244
0.1035713
0.3545116
0.6929996
0.9773617
1.0544039
0.8717986
0.5145042
0.1313803
-0.1752139
-0.3964839
-0.5744693
-0.7303104
-0.8375929
-0.8563580
-0.7815785
-0.6528310
-0.5193055
-0.4031165
-0.3000174
-0.2069431
-0.1351603
-0.0948716
-0.0791714
-0.0715955
