0.0027369
0.0083271
0.0022668
-0.0073712
-0.0153027
-0.0214152
-0.0269909
-0.0334807
-0.0429999
-0.0552483
-0.0648721
-0.0662624
-0.0610306
-0.0573527
-0.0614823
-0.0720596
-0.0825000
-0.0869308
-0.0843214
-0.0789206
-0.0762450
-0.0768381
-0.0747478
-0.0643263
-0.0480776
-0.0354799
-0.0336500
-0.0404502
-0.0468687
-0.0453443
-0.0362214
-0.0271685
-0.0260558
-0.0335504
-0.0428000
-0.0466131
-0.0442232
-0.0407451
-0.0412391
-0.0461530
-0.0515750
-0.0529417
-0.0491628
-0.0439437
-0.0425369
-0.0466135
-0.0528843
-0.0570601
-0.0581705
-0.0583870
-0.0597458
-0.0623506
-0.0653609
-0.0682916
-0.0707451
-0.0716968
-0.0704593
-0.0689390
-0.0715498
-0.0805856
-0.0916641
-0.0967644
-0.0930290
-0.0836348
-0.0629634
-0.0017312
0.1410275
0.3760456
0.6475898
0.8461830
0.8729683
0.7064193
0.4135475
0.0961819
-0.1778609
-0.3989589
-0.5841954
-0.7335506
-0.8206848
-0.8207404
-0.7388783
-0.6095465
-0.4719802
-0.3491663
-0.2468278
-0.1650753
-0.1059009
-0.0704008
-0.0536812
-0.0462836
-0.0407138
-0.0352419
-0.0317663
-0.0318273
-0.0349776
-0.0390795
-0.0407977
-0.0368362
-0.0264633
-0.0129935
-0.0016100
0.0050983
0.0093398
0.0155025
0.0252430
0.0354766
0.0416545
0.0429802
0.0437904
0.0495015
0.0616933
0.0774798
0.0929145
0.1061148
0.1175377
0.1285990
0.1405402
0.1538757
0.1681694
0.1824303
0.1962410
0.2107871
0.2286084
0.2517388
0.2794748
0.3080181
0.3330159
0.3529658
0.3700517
0.3875751
0.4067909
0.4261184
0.4427698
0.4549380
0.4632067
0.4706111
0.4809015
0.4954630
0.5110283
0.5205339
0.5171726
0.4987532
0.4686349
0.4320583
0.3911207
0.3436622
0.2876967
0.2267143
0.1695500
0.1241711
0.0913977
0.0647398
0.0364658
0.0043297
-0.0268943
-0.0502060
-0.0630555
-0.0697025
-0.0770297
-0.0878974
-0.0985561
-0.1026454
-0.0978961
-0.0890471
-0.0840216
-0.0869010
-0.0945994
-0.1005845
-0.1015590
-0.0998609
-0.0994862
-0.1010498
-0.1016052
-0.0987829
-0.0936983
-0.0893528
-0.0870292
-0.0851968
-0.0819337
-0.0775958
-0.0744389
-0.0738601
-0.0748781
-0.0756392
-0.0755758
-0.0751483
-0.0738915
-0.0702455
-0.0641517
-0.0590147
-0.0596104
-0.0672929
-0.0776211
-0.0836423
-0.0822264
-0.0771013
-0.0750053
-0.0785122
-0.0831254
-0.0820412
-0.0736343
-0.0636430
-0.0598206
-0.0647752
-0.0741296
-0.0811705
-0.0827645
-0.0808909
-0.0793172
-0.0797676
-0.0813947
-0.0828104
-0.0833452
-0.0824914
-0.0796497
-0.0754359
-0.0724859
-0.0735141
-0.0782183
-0.0830412
-0.0848628
-0.0846918
-0.0867352
-0.0932612
-0.1009243
-0.1032810
-0.0973864
-0.0872520
-0.0800475
-0.0791445
-0.0816527
-0.0826810
-0.0809143
-0.0793299
-0.0810993
-0.0859256
-0.0906228
-0.0924022
-0.0907618
-0.0865462
-0.0806190
-0.0744440
-0.0711154
-0.0737995
-0.0822263
-0.0918543
-0.0980477
-0.1009939
-0.1051867
-0.1136312
-0.1236547
-0.1293674
-0.1275932
-0.1201629
-0.1107218
-0.1012787
-0.0929139
-0.0878779
-0.0877915
-0.0895067
-0.0863053
-0.0761451
-0.0667915
-0.0682510
-0.0794874
-0.0873978
-0.0821321
-0.0681818
-0.0502847
-0.0057966
0.1167915
0.3522916
0.6604656
0.9191557
0.9940556
0.8337758
0.5058480
0.1406038
-0.1640110
-0.3912903
-0.5751896
-0.7355220
-0.8480031
-0.8715181
-0.7948005
-0.6525154
-0.4994656
-0.3734016
-0.2806431
-0.2095929
-0.1511994
-0.1063199
-0.0789291
-0.0675062
-0.0641035
-0.0600427
-0.0514476
-0.0400615
-0.0300167
-0.0241241
-0.0224313
-0.0230810
-0.0237746
-0.0227079
-0.0192689
-0.0148251
-0.0127089
-0.0163045
-0.0259868
-0.0376259
-0.0447432
-0.0430616
-0.0333613
-0.0197423
-0.0051164
0.0110822
0.0305273
0.0522015
0.0722021
0.0876526
0.0999837
0.1135043
0.1307882
0.1500610
0.1673497
0.1808325
0.1927056
0.2069495
0.2257848
0.2484292
0.2726457
0.2966833
0.3197704
0.3416570
0.3623759
0.3821792
0.4011260
0.4188049
0.4350402
0.4510235
0.4691279
0.4907951
0.5142561
0.5345452
0.5461964
0.5463057
0.5352743
0.5150118
0.4868923
0.4514480
0.4093404
0.3619461
0.3111933
0.2595792
0.2103968
0.1668617
0.1298951
0.0968259
0.0633672
0.0277860
-0.0069392
-0.0357509
-0.0566017
-0.0725324
-0.0882156
-0.1046839
-0.1182600
-0.1249316
-0.1250307
-0.1228284
-0.1217891
-0.1211623
-0.1176224
-0.1097364
-0.1002457
-0.0939999
-0.0939109
-0.0986985
-0.1039431
-0.1051022
-0.1002492
-0.0910991
-0.0818737
-0.0764436
-0.0754762
-0.0760933
-0.0748420
-0.0713192
-0.0685537
-0.0695398
-0.0736876
-0.0770854
-0.0761400
-0.0706143
-0.0632586
-0.0571261
-0.0535517
-0.0521054
-0.0514791
-0.0501575
-0.0471591
-0.0432138
-0.0410876
-0.0434579
-0.0496072
-0.0548411
-0.0544563
-0.0487024
-0.0432547
-0.0443464
-0.0535673
-0.0673470
-0.0806627
-0.0905011
-0.0963512
-0.0991328
-0.1007771
-0.1039678
-0.1103360
-0.1181628
-0.1231323
-0.1228844
-0.1205976
-0.1225347
-0.1313811
-0.1429308
-0.1501481
-0.1497899
-0.1440314
-0.1363036
-0.1275489
-0.1172683
-0.1064870
-0.0976379
-0.0918222
-0.0882333
-0.0868891
-0.0898225
-0.0975162
-0.1053597
-0.1068938
-0.1015071
-0.0961774
-0.0971810
-0.1018112
-0.1018392
-0.0949476
-0.0883041
-0.0883660
-0.0908821
-0.0863368
-0.0744606
-0.0666309
-0.0705461
-0.0782350
-0.0766399
-0.0667839
-0.0585532
-0.0380925
0.0482976
0.2532533
0.5556089
0.8353118
0.9423815
0.8088539
0.4985859
0.1468221
-0.1483265
-0.3773673
-0.5772216
-0.7576461
-0.8795602
-0.8988477
-0.8166503
-0.6804967
-0.5430223
-0.4276821
-0.3315788
-0.2492384
-0.1849235
-0.1447055
-0.1254850
-0.1163467
-0.1082885
-0.0993785
-0.0914751
-0.0855097
-0.0811142
-0.0783061
-0.0767978
-0.0739122
-0.0655131
-0.0503055
-0.0324272
-0.0184977
-0.0117709
-0.0093608
-0.0049950
0.0057239
0.0220955
0.0391525
0.0515338
0.0577292
0.0615909
0.0692977
0.0835298
0.1000809
0.1111130
0.1130075
0.1111123
0.1156726
0.1321845
0.1559411
0.1766854
0.1886555
0.1957695
0.2073494
0.2296627
0.2615288
0.2964746
0.3275796
0.3508638
0.3665363
0.3787759
0.3934535
0.4136966
0.4365417
0.4550531
0.4652596
0.4708130
0.4792932
0.4933099
0.5063649
0.5085988
0.4960303
0.4728262
0.4446913
0.4119408
0.3703766
0.3180615
0.2594600
0.2026595
0.1537746
0.1144553
0.0830137
0.0557712
0.0277390
-0.0048278
-0.0399520
-0.0688088
-0.0821142
-0.0794155
-0.0710696
-0.0692323
-0.0766011
-0.0849902
-0.0852881
-0.0778676
-0.0723415
-0.0774187
-0.0918842
-0.1056882
-0.1092291
-0.1013213
-0.0889672
-0.0805345
-0.0792244
-0.0819102
-0.0829928
-0.0792017
-0.0715229
-0.0634211
-0.0576142
-0.0544491
-0.0528405
-0.0519802
-0.0516644
-0.0513833
-0.0501140
-0.0476103
-0.0455395
-0.0465656
-0.0519562
-0.0602983
-0.0687270
-0.0751195
-0.0787679
-0.0793356
-0.0763211
-0.0703492
-0.0644763
-0.0628442
-0.0671820
-0.0749141
-0.0813905
-0.0841188
-0.0845051
-0.0854658
-0.0878880
-0.0899053
-0.0894623
-0.0869698
-0.0850567
-0.0858725
-0.0889544
-0.0917579
-0.0920851
-0.0900719
-0.0881855
-0.0893383
-0.0943762
-0.1007601
-0.1039567
-0.1011527
-0.0942835
-0.0890238
-0.0898795
-0.0958080
-0.1009270
-0.0999783
-0.0932585
-0.0861383
-0.0837858
-0.0864332
-0.0896162
-0.0886531
-0.0828436
-0.0758214
-0.0722817
-0.0740828
-0.0788450
-0.0822584
-0.0823416
-0.0816134
-0.0843210
-0.0909722
-0.0964689
-0.0951320
-0.0876206
-0.0811534
-0.0816621
-0.0868995
-0.0894011
-0.0860111
-0.0815990
-0.0817475
-0.0844738
-0.0833320
-0.0783243
-0.0781257
-0.0876823
-0.0976444
-0.0936694
-0.0762711
-0.0605677
-0.0456941
0.0113139
0.1716057
0.4456456
0.7462006
0.9254632
0.8785420
0.6218468
0.2724060
-0.0498223
-0.3015239
-0.5092613
-0.7012554
-0.8589684
-0.9347808
-0.9049457
-0.7954355
-0.6580368
-0.5299416
-0.4193938
-0.3223329
-0.2414017
-0.1850171
-0.1539996
-0.1369748
-0.1207747
-0.1020857
-0.0866534
-0.0789593
-0.0757908
-0.0702164
-0.0593841
-0.0465899
-0.0365618
-0.0306772
-0.0271150
-0.0239393
-0.0204134
-0.0157820
-0.0087358
0.0008310
0.0105140
0.0175722
0.0228278
0.0312079
0.0471304
0.0693698
0.0914811
0.1079002
0.1192193
0.1308087
0.1464366
0.1641987
0.1792391
0.1897829
0.1993292
0.2126907
0.2308265
0.2504202
0.2681694
0.2843828
0.3019048
0.3221986
0.3434308
0.3625354
0.3785309
0.3933344
0.4095599
0.4280388
0.4475015
0.4660712
0.4825478
0.4963746
0.5068481
0.5125132
0.5110781
0.4999003
0.4771840
0.4435389
0.4026003
0.3594800
0.3175988
0.2764771
0.2328799
0.1848028
0.1346724
0.0883494
0.0505375
0.0211390
-0.0036030
-0.0264110
-0.0459751
-0.0590900
-0.0654748
-0.0695017
-0.0763812
-0.0867924
-0.0960721
-0.0991297
-0.0957613
-0.0905973
-0.0880630
-0.0881318
-0.0871256
-0.0818589
-0.0724511
-0.0618325
-0.0537036
-0.0508143
-0.0535085
-0.0587129
-0.0613568
-0.0589010
-0.0548708
-0.0559031
-0.0636149
-0.0707619
-0.0684919
-0.0579473
-0.0514550
-0.0593183
-0.0771355
-0.0904281
-0.0916427
-0.0854286
-0.0701317
-0.0174355
0.1149448
0.3353128
0.5797473
0.7327173
0.7021069
0.4857523
0.1686515
-0.1451592
-0.4013672
-0.6060605
-0.7818790
-0.9235018
-0.9961131
-0.9698926
-0.8503140
-0.6769273
-0.4984017
-0.3491319
-0.2419836
-0.1735059
-0.1322138
-0.1057227
-0.0861157
-0.0716009
-0.0630095
-0.0586085
-0.0532824
-0.0431833
-0.0300247
-0.0194738
-0.0154017
-0.0166057
-0.0191240
-0.0205215
-0.0211143
-0.0218015
-0.0221227
-0.0207188
-0.0166856
-0.0097567
0.0001982
0.0127639
0.0261428
0.0379841
0.0479170
0.0587115
0.0737846
0.0932821
0.1133985
0.1302466
0.1441888
0.1597223
0.1809333
0.2074434
0.2350715
0.2601666
0.2827885
0.3055899
0.3300760
0.3544864
0.3754812
0.3918016
0.4062941
0.4243630
0.4499943
0.4823198
0.5152266
0.5403606
0.5515016
0.5472937
0.5305477
0.5049886
0.4723082
0.4319941
0.3838491
0.3305753
0.2776194
0.2300324
0.1890942
0.1519595
0.1149002
0.0773043
0.0427029
0.0157006
-0.0024871
-0.0156815
-0.0297762
-0.0476994
-0.0669613
-0.0820722
-0.0894546
-0.0902590
-0.0888872
-0.0892802
-0.0926048
-0.0977118
-0.1027973
-0.1063887
-0.1076619
-0.1070102
-0.1064848
-0.1086513
-0.1140223
-0.1198345
-0.1224096
-0.1211961
-0.1198223
-0.1223765
-0.1288628
-0.1351988
-0.1379207
-0.1380575
-0.1395670
-0.1442820
-0.1494115
-0.1503378
-0.1451330
-0.1357786
-0.1257040
-0.1173863
-0.1122427
-0.1110320
-0.1127912
-0.1140041
-0.1109134
-0.1037138
-0.0974060
-0.0969449
-0.1014682
-0.1045208
-0.1006170
-0.0908593
-0.0812817
-0.0761425
-0.0740475
-0.0708204
-0.0648796
-0.0586598
-0.0552728
-0.0552111
-0.0567528
-0.0584682
-0.0601777
-0.0617422
-0.0622041
-0.0608498
-0.0586462
-0.0577560
-0.0593119
-0.0619925
-0.0632830
-0.0624120
-0.0619497
-0.0660212
-0.0763104
-0.0895938
-0.0997175
-0.1028348
-0.1010808
-0.1008350
-0.1070437
-0.1192516
-0.1330899
-0.1449285
-0.1543546
-0.1625947
-0.1701489
-0.1769252
-0.1835671
-0.1905482
-0.1954061
-0.1926518
-0.1785615
-0.1563281
-0.1350242
-0.1223166
-0.1184100
-0.1176657
-0.1155642
-0.1128151
-0.1125286
-0.1149574
-0.1166286
-0.1144329
-0.1090515
-0.1036930
-0.1004919
-0.0992488
-0.0990819
-0.0996203
-0.1001572
-0.0992630
-0.0968077
-0.0956028
-0.0987269
-0.1044485
-0.1058434
-0.0977682
-0.0836341
-0.0724606
-0.0682158
-0.0647723
-0.0543658
-0.0396527
-0.0325901
-0.0393425
-0.0503089
-0.0499987
-0.0345475
-0.0102263
0.0310434
0.1269123
0.3175516
0.5898790
0.8508757
0.9719476
0.8770598
0.5972431
0.2414076
-0.0870206
-0.3497227
-0.5629963
-0.7438694
-0.8755560
-0.9228876
-0.8718848
-0.7483958
-0.6004777
-0.4671735
-0.3629107
-0.2841595
-0.2238951
-0.1791486
-0.1495619
-0.1332572
-0.1251895
-0.1187959
-0.1094203
-0.0971422
-0.0864203
-0.0819214
-0.0837829
-0.0870514
-0.0862063
-0.0801650
-0.0725349
-0.0671689
-0.0641256
-0.0601686
-0.0525794
-0.0418060
-0.0305588
-0.0210706
-0.0134745
-0.0061462
0.0031931
0.0165833
0.0349646
0.0572640
0.0803666
0.1008116
0.1173089
0.1317888
0.1477229
0.1671719
0.1894518
0.2126447
0.2360753
0.2608081
0.2875065
0.3141023
0.3361322
0.3498207
0.3550981
0.3557952
0.3569783
0.3618355
0.3704712
0.3809919
0.3915770
0.4020267
0.4140054
0.4298660
0.4505053
0.4734771
0.4930266
0.5027351
0.4992165
0.4838538
0.4608223
0.4329784
0.3994447
0.3573692
0.3062977
0.2507964
0.1984217
0.1546735
0.1196102
0.0891401
0.0593771
0.0297994
0.0028325
-0.0186682
-0.0331799
-0.0406797
-0.0424972
-0.0415440
-0.0417419
-0.0457562
-0.0527638
-0.0591078
-0.0618476
-0.0614717
-0.0605501
-0.0599280
-0.0572628
-0.0499247
-0.0387766
-0.0281371
-0.0218819
-0.0201983
-0.0203785
-0.0200969
-0.0192829
-0.0192818
-0.0212766
-0.0256765
-0.0318267
-0.0372146
-0.0375970
-0.0299387
-0.0166767
-0.0066013
-0.0096671
-0.0292171
-0.0586194
-0.0857811
-0.1017848
-0.1062865
-0.1056075
-0.1060604
-0.1087524
-0.1100516
-0.1064676
-0.0988923
-0.0922109
-0.0909874
-0.0956304
-0.1025770
-0.1077235
-0.1093576
-0.1081918
-0.1056630
-0.1029692
-0.1012843
-0.1015777
-0.1034259
-0.1044802
-0.1021333
-0.0961373
-0.0892823
-0.0852269
-0.0857122
-0.0897135
-0.0945917
-0.0975863
-0.0968349
-0.0922621
-0.0860021
-0.0811102
-0.0788370
-0.0772814
-0.0735603
-0.0673407
-0.0612236
-0.0571815
-0.0538158
-0.0486292
-0.0425549
-0.0400470
-0.0435519
-0.0492344
-0.0493895
-0.0367266
-0.0017753
0.0740022
0.2137000
0.4203602
0.6498020
0.8138792
0.8261661
0.6593999
0.3651637
0.0367714
-0.2516866
-0.4773633
-0.6514056
-0.7807407
-0.8511576
-0.8436581
-0.7596234
-0.6264282
-0.4810856
-0.3514376
-0.2504230
-0.1808170
-0.1397159
-0.1194576
-0.1096611
-0.1023049
-0.0949025
-0.0878926
-0.0802154
-0.0696254
-0.0571192
-0.0480885
-0.0467847
-0.0505008
-0.0516122
-0.0458304
-0.0364657
-0.0291744
-0.0240548
-0.0156479
-0.0010201
0.0149129
0.0245091
0.0270101
0.0303117
0.0421184
0.0611304
0.0789735
0.0902425
0.0982938
0.1103336
0.1287759
0.1496270
0.1687532
0.1868631
0.2067414
0.2273990
0.2441705
0.2555249
0.2674734
0.2883821
0.3190235
0.3497750
0.3694626
0.3766933
0.3809891
0.3923356
0.4109239
0.4284640
0.4389066
0.4456427
0.4568359
0.4748054
0.4922123
0.4992513
0.4928073
0.4767755
0.4542315
0.4222586
0.3763716
0.3187643
0.2593400
0.2073944
0.1636129
0.1218482
0.0782601
0.0367053
0.0042899
-0.0169472
-0.0320990
-0.0472404
-0.0628738
-0.0744259
-0.0783054
-0.0759977
-0.0721705
-0.0701640
-0.0702375
-0.0712832
-0.0725095
-0.0730084
-0.0710992
-0.0657246
-0.0585423
-0.0532905
-0.0520611
-0.0525598
-0.0500846
-0.0425840
-0.0332205
-0.0274350
-0.0277058
-0.0316741
-0.0352898
-0.0371083
-0.0391945
-0.0443617
-0.0532069
-0.0637113
-0.0729661
-0.0790045
-0.0816745
-0.0826135
-0.0842984
-0.0881848
-0.0931404
-0.0960492
-0.0946774
-0.0901165
-0.0860133
-0.0851706
-0.0871044
-0.0890306
-0.0888468
-0.0867786
-0.0844567
-0.0831801
-0.0832994
-0.0845798
-0.0864129
-0.0878431
-0.0881879
-0.0879379
-0.0884651
-0.0902129
-0.0913433
-0.0888782
-0.0815760
-0.0715314
-0.0627525
-0.0581771
-0.0578652
-0.0594100
-0.0596067
-0.0562652
-0.0496695
-0.0428861
-0.0398675
-0.0419976
-0.0462087
-0.0473067
-0.0428950
-0.0358697
-0.0315688
-0.0324887
-0.0362531
-0.0387828
-0.0388241
-0.0389193
-0.0423833
-0.0501099
-0.0603177
-0.0704689
-0.0787449
-0.0842356
-0.0870241
-0.0886629
-0.0917333
-0.0976730
-0.1047068
-0.1086889
-0.1068149
-0.1005145
-0.0941497
-0.0906378
-0.0887157
-0.0848773
-0.0778007
-0.0703239
-0.0668678
-0.0692220
-0.0750901
-0.0804450
-0.0828256
-0.0824888
-0.0812129
-0.0806482
-0.0814825
-0.0831805
-0.0839796
-0.0816664
-0.0753425
-0.0668059
-0.0597016
-0.0566217
-0.0568381
-0.0570952
-0.0547568
-0.0500759
-0.0453829
-0.0423357
-0.0402111
-0.0367676
-0.0305268
-0.0223320
-0.0151454
-0.0124239
-0.0159641
-0.0243171
-0.0331209
-0.0379727
-0.0381905
-0.0379572
-0.0428630
-0.0544264
-0.0680667
-0.0771312
-0.0791899
-0.0780041
-0.0790912
-0.0838878
-0.0889421
-0.0905882
-0.0892087
-0.0880175
-0.0881434
-0.0863314
-0.0783827
-0.0645065
-0.0503697
-0.0424530
-0.0425457
-0.0468544
-0.0501099
-0.0502618
-0.0495431
-0.0516417
-0.0579568
-0.0660157
-0.0710610
-0.0695653
-0.0621036
-0.0532381
-0.0481639
-0.0487090
-0.0522271
-0.0544317
-0.0533603
-0.0505586
-0.0486247
-0.0481083
-0.0470910
-0.0434952
-0.0373298
-0.0306786
-0.0258623
-0.0236427
-0.0227579
-0.0210424
-0.0176476
-0.0148197
-0.0169730
-0.0265911
-0.0404850
-0.0513492
-0.0546646
-0.0539880
-0.0577055
-0.0696137
-0.0839870
-0.0917153
-0.0908768
-0.0889547
-0.0937333
-0.1041175
-0.1121828
-0.1130492
-0.1092059
-0.1044009
-0.0973610
-0.0854764
-0.0726129
-0.0670258
-0.0693979
-0.0685850
-0.0551492
-0.0351440
-0.0181018
0.0149324
0.1200215
0.3444517
0.6576766
0.9340465
1.0249745
0.8676137
0.5308683
0.1551244
-0.1549257
-0.3840307
-0.5688845
-0.7256986
-0.8238257
-0.8241197
-0.7289262
-0.5868152
-0.4525099
-0.3492614
-0.2690637
-0.1996229
-0.1426967
-0.1074326
-0.0941393
-0.0908010
-0.0848424
-0.0743608
-0.0664187
-0.0665943
-0.0725816
-0.0775767
-0.0776293
-0.0744386
-0.0718441
-0.0710682
-0.0696980
-0.0645042
-0.0546091
-0.0421289
-0.0302993
-0.0211233
-0.0144712
-0.0090533
-0.0040744
0.0001790
0.0035741
0.0079735
0.0173127
0.0348372
0.0595611
0.0858038
0.1073632
0.1229787
0.1374596
0.1566327
0.1808961
0.2043582
0.2210456
0.2318489
0.2444737
0.2658934
0.2951088
0.3240579
0.3458363
0.3614550
0.3780392
0.4007534
0.4273156
0.4506791
0.4664770
0.4772191
0.4894068
0.5072513
0.5293446
0.5505765
0.5662319
0.5741546
0.5740243
0.5657482
0.5488399
0.5228117
0.4877338
0.4446300
0.3957559
0.3444402
0.2941272
0.2471228
0.2041718
0.1651945
0.1301360
0.0988279
0.0703007
0.0430577
0.0167155
-0.0067320
-0.0240331
-0.0337012
-0.0379393
-0.0412069
-0.0466774
-0.0541417
-0.0612697
-0.0665018
-0.0703850
-0.0743161
-0.0786226
-0.0823180
-0.0845918
-0.0859948
-0.0877169
-0.0896767
-0.0896814
-0.0849512
-0.0748104
-0.0618791
-0.0502624
-0.0421093
-0.0358195
-0.0279693
-0.0173823
-0.0071519
-0.0020507
-0.0036507
-0.0084873
-0.0117676
-0.0128777
-0.0163305
-0.0264497
-0.0413327
-0.0531481
-0.0552790
-0.0491062
-0.0430876
-0.0447805
-0.0539357
-0.0635277
-0.0670806
-0.0643988
-0.0603410
-0.0590684
-0.0603580
-0.0612110
-0.0598654
-0.0574369
-0.0560044
-0.0561001
-0.0565908
-0.0565625
-0.0565000
-0.0573287
-0.0587432
-0.0590682
-0.0569397
-0.0529144
-0.0492058
-0.0477843
-0.0487530
-0.0506132
-0.0521467
-0.0539791
-0.0580412
-0.0651896
-0.0733582
-0.0785253
-0.0781359
-0.0737944
-0.0701313
-0.0702514
-0.0719983
-0.0692556
-0.0578601
-0.0406075
-0.0258817
-0.0205020
-0.0236513
-0.0282512
-0.0286281
-0.0264411
-0.0283685
-0.0379406
-0.0506406
-0.0581192
-0.0571759
-0.0534246
-0.0552018
-0.0642587
-0.0735483
-0.0745338
-0.0659615
-0.0548414
-0.0492860
-0.0512983
-0.0564898
-0.0595777
-0.0591190
-0.0573883
-0.0571386
-0.0591946
-0.0623536
-0.0644610
-0.0636950
-0.0600225
-0.0560030
-0.0552623
-0.0589554
-0.0638435
-0.0651183
-0.0617836
-0.0583812
-0.0601889
-0.0668655
-0.0722620
-0.0713402
-0.0663227
-0.0644161
-0.0693717
-0.0769691
-0.0801226
-0.0775392
-0.0752706
-0.0791844
-0.0876272
-0.0932302
-0.0914136
-0.0852047
-0.0811807
-0.0823078
-0.0860727
-0.0884035
-0.0871076
-0.0815322
-0.0717810
-0.0602471
-0.0518891
-0.0494275
-0.0483647
-0.0409893
-0.0277794
-0.0211194
-0.0319708
-0.0533749
-0.0645908
-0.0558971
-0.0418115
-0.0362012
-0.0111765
0.1034279
0.3558611
0.6963076
0.9747146
1.0363597
0.8375911
0.4744426
0.0981017
-0.1993785
-0.4237156
-0.6207443
-0.7980166
-0.9088029
-0.9040972
-0.7876825
-0.6171527
-0.4580191
-0.3420427
-0.2644093
-0.2085086
-0.1658411
-0.1360999
-0.1182403
-0.1074945
-0.0992650
-0.0915689
-0.0829505
-0.0709982
-0.0551475
-0.0396635
-0.0309185
-0.0305441
-0.0326810
-0.0297740
-0.0210013
-0.0133558
-0.0133793
-0.0186350
-0.0189576
-0.0067588
0.0145995
0.0334336
0.0406197
0.0375282
0.0336165
0.0373116
0.0497352
0.0661981
0.0818360
0.0949956
0.1065045
0.1177658
0.1301740
0.1450370
0.1625540
0.1809003
0.1974959
0.2118101
0.2263218
0.2439137
0.2644899
0.2850762
0.3036360
0.3220088
0.3439999
0.3704530
0.3971415
0.4183701
0.4325571
0.4436893
0.4571728
0.4746389
0.4928432
0.5069331
0.5140812
0.5141290
0.5076477
0.4940961
0.4717951
0.4393425
0.3972219
0.3486110
0.2986401
0.2518647
0.2093804
0.1685160
0.1265123
0.0851608
0.0510020
0.0295644
0.0190777
0.0108591
-0.0031204
-0.0231720
-0.0429708
-0.0575012
-0.0687627
-0.0826633
-0.1007983
-0.1169081
-0.1225051
-0.1155762
-0.1027735
-0.0929410
-0.0892485
-0.0879572
-0.0839761
-0.0764871
-0.0691537
-0.0659524
-0.0676047
-0.0715924
-0.0745579
-0.0744617
-0.0714609
-0.0678387
-0.0669337
-0.0708420
-0.0782267
-0.0847868
-0.0869422
-0.0854303
-0.0846778
-0.0880256
-0.0937863
-0.0967312
-0.0937624
-0.0876086
-0.0842078
-0.0863786
-0.0907562
-0.0915692
-0.0871618
-0.0819259
-0.0813978
-0.0859738
-0.0901974
-0.0882861
-0.0798360
-0.0699049
-0.0640386
-0.0637630
-0.0665539
-0.0690719
-0.0698479
-0.0696965
-0.0709591
-0.0765156
-0.0879473
-0.1031323
-0.1161404
-0.1215749
-0.1202591
-0.1196418
-0.1267037
-0.1399484
-0.1496253
-0.1470595
-0.1334663
-0.1184672
-0.1097957
-0.1056941
-0.0983715
-0.0840961
-0.0681124
-0.0591196
-0.0602487
-0.0667563
-0.0720010
-0.0739601
-0.0753257
-0.0786251
-0.0829078
-0.0851640
-0.0835365
-0.0783588
-0.0710384
-0.0633768
-0.0578589
-0.0568500
-0.0602384
-0.0646265
-0.0664657
-0.0661461
-0.0674484
-0.0720416
-0.0758970
-0.0732984
-0.0644313
-0.0565929
-0.0560672
-0.0601693
-0.0603606
-0.0537767
-0.0484079
-0.0537295
-0.0677313
-0.0779720
-0.0765676
-0.0677791
-0.0526692
-0.0068306
0.1140464
0.3304656
0.5941744
0.7939589
0.8215698
0.6462957
0.3329072
-0.0109783
-0.3074704
-0.5382696
-0.7179698
-0.8513524
-0.9204411
-0.9064669
-0.8153168
-0.6787076
-0.5341654
-0.4065800
-0.3054386
-0.2320388
-0.1843153
-0.1562310
-0.1379060
-0.1203797
-0.1008770
-0.0826498
-0.0697339
-0.0624545
-0.0576965
-0.0522643
-0.0452659
-0.0378698
-0.0317315
-0.0276979
-0.0252062
-0.0223616
-0.0169195
-0.0079396
0.0032059
0.0138040
0.0222479
0.0295642
0.0382051
0.0492530
0.0612062
0.0718976
0.0814383
0.0926845
0.1083896
0.1279347
0.1471609
0.1616815
0.1705221
0.1766499
0.1841211
0.1948424
0.2079648
0.2219014
0.2363829
0.2524822
0.2710655
0.2916091
0.3125200
0.3324563
0.3513851
0.3705351
0.3913074
0.4139706
0.4371824
0.4588552
0.4777933
0.4946279
0.5107924
0.5259363
0.5361299
0.5352123
0.5188618
0.4878839
0.4474866
0.4031887
0.3573681
0.3095237
0.2592845
0.2086275
0.1611923
0.1198892
0.0853868
0.0565055
0.0314480
0.0086706
-0.0125430
-0.0315003
-0.0463109
-0.0556977
-0.0610484
-0.0659055
-0.0724753
-0.0788663
-0.0809839
-0.0778208
-0.0740803
-0.0761807
-0.0852862
-0.0953529
-0.0992696
-0.0967719
-0.0949734
-0.1003958
-0.1114329
-0.1200104
-0.1204295
-0.1149846
-0.1102979
-0.1098069
-0.1117923
-0.1140562
-0.1173089
-0.1219343
-0.1235028
-0.1157099
-0.0991663
-0.0840209
-0.0800377
-0.0847547
-0.0856016
-0.0744917
-0.0540772
-0.0225468
0.0451454
0.1866497
0.4075848
0.6444351
0.7840714
0.7381813
0.5105037
0.1929566
-0.1075244
-0.3426838
-0.5311664
-0.7041090
-0.8517966
-0.9258001
-0.8878792
-0.7507533
-0.5712552
-0.4083451
-0.2888459
-0.2069913
-0.1468684
-0.1004582
-0.0682202
-0.0506254
-0.0439692
-0.0431048
-0.0447717
-0.0473852
-0.0496338
-0.0510494
-0.0532913
-0.0589052
-0.0678033
-0.0755957
-0.0766255
-0.0693136
-0.0583333
-0.0509663
-0.0509022
-0.0554245
-0.0584789
-0.0562630
-0.0498691
-0.0429505
-0.0373360
-0.0309959
-0.0199465
-0.0018306
0.0223217
0.0494723
0.0772696
0.1053146
0.1342285
0.1641289
0.1943123
0.2242327
0.2545069
0.2868286
0.3226917
0.3617878
0.4014235
0.4378347
0.4687587
0.4952067
0.5206625
0.5480488
0.5769084
0.6033038
0.6226207
0.6326969
0.6342561
0.6283331
0.6136191
0.5867959
0.5456623
0.4918539
0.4304612
0.3670169
0.3046957
0.2440507
0.1850806
0.1292962
0.0796114
0.0381809
0.0045235
-0.0239152
-0.0491270
-0.0704893
-0.0856103
-0.0935418
-0.0970799
-0.1011976
-0.1084832
-0.1162637
-0.1191511
-0.1150059
-0.1079611
-0.1048770
-0.1088756
-0.1169553
-0.1239650
-0.1279986
-0.1310661
-0.1349026
-0.1375719
-0.1351725
-0.1263985
-0.1142751
-0.1032474
-0.0955908
-0.0911749
-0.0894641
-0.0899740
-0.0908221
-0.0888429
-0.0826911
-0.0751902
-0.0708763
-0.0707076
-0.0704193
-0.0653180
-0.0562740
-0.0494273
-0.0492753
-0.0531242
-0.0538821
-0.0484139
-0.0417997
-0.0423508
-0.0528008
-0.0672187
-0.0766326
-0.0772605
-0.0733876
-0.0729168
-0.0803422
-0.0933148
-0.1051064
-0.1102971
-0.1088669
-0.1056515
-0.1059604
-0.1110977
-0.1175007
-0.1201838
-0.1173856
-0.1121214
-0.1092858
-0.1113194
-0.1166130
-0.1216499
-0.1242155
-0.1246957
-0.1249417
-0.1262375
-0.1281058
-0.1287747
-0.1268753
-0.1228098
-0.1182511
-0.1140208
-0.1086301
-0.0995565
-0.0864508
-0.0727923
-0.0634158
-0.0597369
-0.0578287
-0.0522153
-0.0418645
-0.0317020
-0.0275676
-0.0300304
-0.0339047
-0.0338317
-0.0296290
-0.0258117
-0.0263319
-0.0304200
-0.0336400
-0.0325697
-0.0281647
-0.0248561
-0.0268962
-0.0355178
-0.0487537
-0.0631449
-0.0757041
-0.0850452
-0.0912273
-0.0946630
-0.0953986
-0.0937944
-0.0916932
-0.0919623
-0.0960455
-0.1020436
-0.1059954
-0.1056995
-0.1032586
-0.1033020
-0.1081801
-0.1149767
-0.1178669
-0.1139053
-0.1063819
-0.1020638
-0.1049428
-0.1127350
-0.1195098
-0.1216283
-0.1209628
-0.1222028
-0.1271726
-0.1323925
-0.1327223
-0.1269115
-0.1183906
-0.1103944
-0.1018324
-0.0894993
-0.0736998
-0.0593425
-0.0503595
-0.0447357
-0.0374071
-0.0276996
-0.0207549
-0.0197865
-0.0196420
-0.0125410
-0.0003193
0.0044578
-0.0062620
-0.0230685
-0.0284238
-0.0189635
-0.0081487
0.0032830
0.0552260
0.2077576
0.4745276
0.7741695
0.9624420
0.9315731
0.6898768
0.3474974
0.0246279
-0.2286800
-0.4328101
-0.6170353
-0.7703041
-0.8509884
-0.8329828
-0.7334381
-0.5978453
-0.4660991
-0.3551747
-0.2668680
-0.2015564
-0.1604359
-0.1391817
-0.1266367
-0.1126549
-0.0958113
-0.0819576
-0.0759887
-0.0762847
-0.0768637
-0.0735521
-0.0672909
-0.0617433
-0.0583006
-0.0538179
-0.0434005
-0.0254025
-0.0035556
0.0159558
0.0296666
0.0393675
0.0497426
0.0635038
0.0788168
0.0915698
0.0999709
0.1063637
0.1143244
0.1246382
0.1348848
0.1427750
0.1489799
0.1562410
0.1661345
0.1773618
0.1874573
0.1959574
0.2054105
0.2188961
0.2366871
0.2558869
0.2735843
0.2900014
0.3081279
0.3302470
0.3549825
0.3779204
0.3955442
0.4090625
0.4242470
0.4466661
0.4764182
0.5076142
0.5332701
0.5505659
0.5611256
0.5664356
0.5637052
0.5470317
0.5132067
0.4662775
0.4155343
0.3681983
0.3241710
0.2784776
0.2287015
0.1791921
0.1375731
0.1075732
0.0859010
0.0663040
0.0463700
0.0297973
0.0216579
0.0218251
0.0239334
0.0210689
0.0118125
0.0002841
-0.0089722
-0.0151450
-0.0205049
-0.0268425
-0.0332776
-0.0373382
-0.0376231
-0.0351318
-0.0321812
-0.0304960
-0.0305092
-0.0318990
-0.0340291
-0.0360100
-0.0371438
-0.0374840
-0.0373533
-0.0362274
-0.0329595
-0.0276523
-0.0226966
-0.0210230
-0.0231133
-0.0261709
-0.0267610
-0.0244907
-0.0227167
-0.0248433
-0.0297637
-0.0319867
-0.0272909
-0.0178646
-0.0106777
-0.0105132
-0.0153773
-0.0192244
-0.0187329
-0.0167446
-0.0188226
-0.0267096
-0.0358787
-0.0401222
-0.0382024
-0.0349840
-0.0359132
-0.0414932
-0.0476889
-0.0506077
-0.0496468
-0.0467229
-0.0439587
-0.0425070
-0.0427152
-0.0445371
-0.0476083
-0.0512836
-0.0550916
-0.0591817
-0.0636965
-0.0674729
-0.0684510
-0.0664491
-0.0646440
-0.0663762
-0.0703795
-0.0711149
-0.0649781
-0.0551613
-0.0490464
-0.0508470
-0.0575696
-0.0624666
-0.0620868
-0.0592980
-0.0590845
-0.0622488
-0.0647551
-0.0631370
-0.0583237
-0.0530757
-0.0479712
-0.0424556
-0.0384435
-0.0391528
-0.0435561
-0.0451162
-0.0388128
-0.0284935
-0.0240127
-0.0294293
-0.0361458
-0.0311800
-0.0111655
0.0193140
0.0689517
0.1721138
0.3618434
0.6172926
0.8425173
0.9152771
0.7741358
0.4662990
0.1109618
-0.1883943
-0.4040857
-0.5692948
-0.7149037
-0.8273314
-0.8660679
-0.8123709
-0.6922420
-0.5541456
-0.4328856
-0.3360817
-0.2559680
-0.1860394
-0.1279308
-0.0874826
-0.0655476
-0.0529386
-0.0372355
-0.0155908
