-0.0409312
-0.0827000
-0.0549884
-0.0380161
-0.0510377
-0.0530645
-0.0351126
-0.0315559
-0.0499428
-0.0583722
-0.0450390
-0.0362593
-0.0491758
-0.0681200
-0.0736931
-0.0645872
-0.0484219
-0.0308164
-0.0029621
0.0794212
0.2775397
0.5860276
0.8773075
0.9763596
0.8077431
0.4541352
0.0726488
-0.2287745
-0.4415033
-0.6152657
-0.7810312
-0.9084161
-0.9373263
-0.8490683
-0.6924176
-0.5355178
-0.4104514
-0.3139684
-0.2395967
-0.1868066
-0.1496710
-0.1178139
-0.0876748
-0.0625983
-0.0452010
-0.0356761
-0.0316246
-0.0253734
-0.0095423
0.0110822
0.0223846
0.0190921
0.0108909
0.0078494
0.0097737
0.0127029
0.0157408
0.0181965
0.0189192
0.0209795
0.0289892
0.0406027
0.0484743
0.0506587
0.0511709
0.0512922
0.0492097
0.0477008
0.0532174
0.0665742
0.0812615
0.0910909
0.0949229
0.0962218
0.1025443
0.1212211
0.1497046
0.1745470
0.1861965
0.1907679
0.2013486
0.2221293
0.2471671
0.2704366
0.2905829
0.3087878
0.3274497
0.3489626
0.3724927
0.3944687
0.4136858
0.4318347
0.4481952
0.4593663
0.4651189
0.4676819
0.4634133
0.4425981
0.4014487
0.3493018
0.3006963
0.2635833
0.2361149
0.2106692
0.1802756
0.1451288
0.1130258
0.0900554
0.0724837
0.0523849
0.0292308
0.0100343
-0.0009996
-0.0073418
-0.0150220
-0.0272702
-0.0437222
-0.0609474
-0.0742774
-0.0819632
-0.0863652
-0.0895220
-0.0908361
-0.0912055
-0.0945848
-0.1014138
-0.1047287
-0.0979692
-0.0843033
-0.0739359
-0.0735511
-0.0810908
-0.0892249
-0.0919844
-0.0896522
-0.0879789
-0.0906249
-0.0931850
-0.0886211
-0.0779563
-0.0701099
-0.0703448
-0.0742235
-0.0746255
-0.0699596
-0.0634022
-0.0581533
-0.0559854
-0.0577960
-0.0633083
-0.0708200
-0.0772145
-0.0779841
-0.0700279
-0.0568420
-0.0480225
-0.0499234
-0.0588809
-0.0670314
-0.0720906
-0.0770163
-0.0824086
-0.0848102
-0.0823473
-0.0778117
-0.0754197
-0.0767589
-0.0800219
-0.0820811
-0.0818927
-0.0819324
-0.0843908
-0.0863725
-0.0825781
-0.0734090
-0.0661212
-0.0660224
-0.0701677
-0.0719782
-0.0690363
-0.0641869
-0.0615287
-0.0632532
-0.0683684
-0.0730706
-0.0739718
-0.0716527
-0.0696325
-0.0701551
-0.0727619
-0.0759090
-0.0773749
-0.0742978
-0.0662030
-0.0573826
-0.0529988
-0.0531627
-0.0537573
-0.0525599
-0.0515571
-0.0534813
-0.0586973
-0.0653467
-0.0704329
-0.0710403
-0.0662370
-0.0578211
-0.0490507
-0.0439875
-0.0474900
-0.0618625
-0.0818703
-0.0969532
-0.1017047
-0.1020664
-0.1083569
-0.1235495
-0.1404260
-0.1488646
-0.1442822
-0.1303949
-0.1154363
-0.1050052
-0.0978623
-0.0892121
-0.0774508
-0.0661106
-0.0598841
-0.0606505
-0.0663692
-0.0715382
-0.0702687
-0.0623923
-0.0555850
-0.0575113
-0.0662273
-0.0725401
-0.0720835
-0.0702617
-0.0731641
-0.0777050
-0.0753301
-0.0647531
-0.0560788
-0.0584676
-0.0657639
-0.0616665
-0.0425056
-0.0251543
-0.0166540
0.0247760
0.1763806
0.4725976
0.8340507
1.0904273
1.0957574
0.8365045
0.4339901
0.0430405
-0.2558562
-0.4774618
-0.6656552
-0.8231455
-0.9086062
-0.8892644
-0.7808216
-0.6346734
-0.4968994
-0.3850784
-0.2965351
-0.2269286
-0.1773105
-0.1482314
-0.1334035
-0.1224220
-0.1093924
-0.0965731
-0.0886874
-0.0859007
-0.0841184
-0.0800160
-0.0731188
-0.0644459
-0.0561154
-0.0514359
-0.0522065
-0.0556205
-0.0559673
-0.0498938
-0.0390250
-0.0276978
-0.0188580
-0.0114010
-0.0009020
0.0158198
0.0361468
0.0531885
0.0628861
0.0683118
0.0761362
0.0902143
0.1091000
0.1279068
0.1417632
0.1495015
0.1553604
0.1656542
0.1824986
0.2016215
0.2169009
0.2262625
0.2332033
0.2437166
0.2614029
0.2840051
0.3049359
0.3198619
0.3316816
0.3475680
0.3714431
0.4007317
0.4296495
0.4536106
0.4708666
0.4821368
0.4890917
0.4919349
0.4883649
0.4756697
0.4533819
0.4232310
0.3874598
0.3480553
0.3064872
0.2631581
0.2181544
0.1733100
0.1320526
0.0961330
0.0640002
0.0337478
0.0064384
-0.0149277
-0.0290884
-0.0383416
-0.0473590
-0.0603909
-0.0783111
-0.0977066
-0.1136594
-0.1237156
-0.1287201
-0.1307890
-0.1321491
-0.1350144
-0.1397613
-0.1429301
-0.1396979
-0.1296357
-0.1184262
-0.1124600
-0.1121493
-0.1112402
-0.1029274
-0.0870922
-0.0714116
-0.0639827
-0.0644369
-0.0642622
-0.0570235
-0.0459621
-0.0392317
-0.0395629
-0.0420857
-0.0419123
-0.0401358
-0.0406186
-0.0431047
-0.0427514
-0.0374123
-0.0330848
-0.0384467
-0.0531012
-0.0651265
-0.0636646
-0.0498154
-0.0267088
0.0214043
0.1274238
0.3041387
0.5057198
0.6364921
0.6122681
0.4230657
0.1388728
-0.1470557
-0.3830276
-0.5727698
-0.7349186
-0.8603716
-0.9144716
-0.8751473
-0.7598130
-0.6136217
-0.4771981
-0.3678403
-0.2850340
-0.2244894
-0.1832506
-0.1555007
-0.1308927
-0.1017240
-0.0709346
-0.0492794
-0.0431677
-0.0472935
-0.0503631
-0.0459106
-0.0358079
-0.0252909
-0.0174500
-0.0120622
-0.0072109
-0.0011739
0.0062436
0.0134787
0.0182804
0.0192720
0.0172959
0.0159639
0.0198917
0.0305120
0.0437517
0.0537897
0.0595903
0.0662182
0.0792780
0.0994322
0.1226487
0.1440981
0.1609746
0.1730356
0.1821487
0.1915305
0.2046428
0.2236357
0.2475276
0.2718435
0.2918619
0.3074929
0.3237191
0.3447419
0.3686677
0.3896040
0.4042997
0.4150227
0.4262399
0.4399391
0.4539152
0.4629923
0.4615584
0.4461550
0.4169104
0.3772950
0.3327555
0.2885019
0.2467345
0.2056190
0.1623200
0.1176219
0.0765334
0.0438978
0.0203053
0.0024493
-0.0136819
-0.0300962
-0.0457080
-0.0572526
-0.0623867
-0.0625816
-0.0622724
-0.0648319
-0.0699690
-0.0749533
-0.0773595
-0.0764913
-0.0732088
-0.0690666
-0.0655268
-0.0638923
-0.0654520
-0.0702960
-0.0755357
-0.0765158
-0.0716396
-0.0653085
-0.0642770
-0.0709259
-0.0810287
-0.0880109
-0.0887261
-0.0854536
-0.0830959
-0.0843653
-0.0873383
-0.0878944
-0.0844121
-0.0792634
-0.0757551
-0.0748894
-0.0755119
-0.0762745
-0.0765560
-0.0763510
-0.0762480
-0.0773030
-0.0805828
-0.0868652
-0.0961143
-0.1061823
-0.1125619
-0.1113793
-0.1033944
-0.0938959
-0.0877322
-0.0848297
-0.0810273
-0.0731177
-0.0629228
-0.0562562
-0.0572336
-0.0634201
-0.0676499
-0.0653774
-0.0593101
-0.0559664
-0.0587964
-0.0658609
-0.0729462
-0.0768137
-0.0758674
-0.0702985
-0.0629709
-0.0589873
-0.0623854
-0.0721880
-0.0820521
-0.0852721
-0.0812884
-0.0766074
-0.0778348
-0.0840911
-0.0880954
-0.0849336
-0.0777932
-0.0741028
-0.0775307
-0.0849801
-0.0902790
-0.0893148
-0.0821524
-0.0720145
-0.0631841
-0.0592877
-0.0619052
-0.0691286
-0.0754904
-0.0755034
-0.0691461
-0.0630292
-0.0641565
-0.0724136
-0.0805088
-0.0813611
-0.0744350
-0.0650180
-0.0589893
-0.0590710
-0.0649648
-0.0752966
-0.0883892
-0.1013927
-0.1102177
-0.1120303
-0.1077962
-0.1008675
-0.0927406
-0.0818510
-0.0674274
-0.0529399
-0.0439831
-0.0431252
-0.0479145
-0.0535709
-0.0566469
-0.0563673
-0.0537002
-0.0499305
-0.0460613
-0.0429687
-0.0412352
-0.0404776
-0.0396379
-0.0386822
-0.0392606
-0.0425731
-0.0471346
-0.0499764
-0.0497507
-0.0473753
-0.0441307
-0.0410882
-0.0404549
-0.0448596
-0.0534571
-0.0601892
-0.0588725
-0.0510202
-0.0465761
-0.0540889
-0.0700836
-0.0813195
-0.0792257
-0.0672840
-0.0462002
0.0084603
0.1411843
0.3723151
0.6521025
0.8668795
0.9070043
0.7430488
0.4427949
0.1149262
-0.1671634
-0.3943527
-0.5883685
-0.7519159
-0.8557956
-0.8688590
-0.7916037
-0.6584321
-0.5124890
-0.3819607
-0.2761593
-0.1952773
-0.1382207
-0.1023246
-0.0808098
-0.0649955
-0.0500872
-0.0375129
-0.0308030
-0.0301495
-0.0318870
-0.0323286
-0.0306559
-0.0283158
-0.0268326
-0.0262155
-0.0244804
-0.0186205
-0.0070555
0.0081971
0.0219172
0.0287441
0.0268385
0.0198297
0.0153982
0.0204540
0.0360236
0.0564825
0.0741548
0.0848913
0.0898016
0.0928134
0.0971088
0.1031199
0.1091431
0.1140075
0.1192905
0.1283686
0.1428878
0.1604850
0.1763604
0.1872747
0.1945535
0.2037097
0.2204740
0.2457340
0.2738200
0.2964953
0.3094636
0.3154628
0.3215936
0.3338003
0.3528725
0.3744754
0.3931500
0.4072740
0.4201733
0.4354736
0.4511044
0.4587103
0.4498914
0.4235330
0.3871751
0.3507972
0.3184212
0.2854984
0.2449927
0.1961319
0.1465759
0.1059462
0.0780594
0.0594454
0.0437913
0.0266964
0.0073630
-0.0120655
-0.0280386
-0.0375685
-0.0401765
-0.0386483
-0.0375276
-0.0397236
-0.0438742
-0.0456765
-0.0428161
-0.0383205
-0.0379793
-0.0443626
-0.0541906
-0.0615861
-0.0629894
-0.0588058
-0.0515152
-0.0432497
-0.0350558
-0.0276895
-0.0223724
-0.0203116
-0.0216318
-0.0254297
-0.0309877
-0.0381081
-0.0458697
-0.0521190
-0.0554012
-0.0571493
-0.0608379
-0.0684228
-0.0776657
-0.0830716
-0.0800276
-0.0692364
-0.0576512
-0.0540015
-0.0617680
-0.0758678
-0.0865466
-0.0871726
-0.0790646
-0.0694927
-0.0650542
-0.0664550
-0.0693284
-0.0698299
-0.0686822
-0.0692326
-0.0724347
-0.0752373
-0.0739746
-0.0680191
-0.0595961
-0.0511676
-0.0441381
-0.0397583
-0.0399123
-0.0458114
-0.0555591
-0.0637719
-0.0650883
-0.0589123
-0.0501751
-0.0446075
-0.0434278
-0.0432429
-0.0408721
-0.0373609
-0.0368598
-0.0418185
-0.0497348
-0.0552565
-0.0559894
-0.0557226
-0.0605961
-0.0716916
-0.0826380
-0.0856704
-0.0796842
-0.0715579
-0.0699083
-0.0783076
-0.0941148
-0.1122556
-0.1289940
-0.1425912
-0.1520863
-0.1567820
-0.1565072
-0.1509781
-0.1388957
-0.1196705
-0.0972179
-0.0799960
-0.0741494
-0.0764071
-0.0763968
-0.0674542
-0.0537061
-0.0449738
-0.0457581
-0.0512753
-0.0540737
-0.0519427
-0.0478224
-0.0440466
-0.0403068
-0.0376563
-0.0402908
-0.0494482
-0.0573919
-0.0531634
-0.0363613
-0.0208571
-0.0204259
-0.0325634
-0.0412623
-0.0345056
-0.0103706
0.0400477
0.1484621
0.3499513
0.6325333
0.9066745
1.0411565
0.9493353
0.6527430
0.2632248
-0.0992837
-0.3778310
-0.5819630
-0.7381246
-0.8466015
-0.8837609
-0.8349656
-0.7172562
-0.5710546
-0.4350803
-0.3298032
-0.2580374
-0.2129315
-0.1835796
-0.1589855
-0.1336114
-0.1107105
-0.0976865
-0.0966649
-0.1007522
-0.1005364
-0.0931809
-0.0836196
-0.0771373
-0.0727002
-0.0649542
-0.0520024
-0.0389027
-0.0320375
-0.0310613
-0.0286224
-0.0186077
-0.0030283
0.0106409
0.0182528
0.0236136
0.0340926
0.0525649
0.0743797
0.0920585
0.1023397
0.1083508
0.1154883
0.1262297
0.1391245
0.1514525
0.1614895
0.1688131
0.1744141
0.1812671
0.1933538
0.2123905
0.2353419
0.2561942
0.2710577
0.2816522
0.2934293
0.3099791
0.3294197
0.3466124
0.3588243
0.3687459
0.3819289
0.4017237
0.4264873
0.4504985
0.4669937
0.4715742
0.4644831
0.4498857
0.4317853
0.4097524
0.3788923
0.3348046
0.2791692
0.2204980
0.1688363
0.1289261
0.0980750
0.0705044
0.0434344
0.0187346
-0.0006702
-0.0147684
-0.0264601
-0.0383351
-0.0501768
-0.0596360
-0.0650523
-0.0674312
-0.0695165
-0.0729227
-0.0765969
-0.0785347
-0.0787656
-0.0799495
-0.0847271
-0.0926919
-0.1001646
-0.1030988
-0.1006302
-0.0961192
-0.0943979
-0.0972912
-0.1015432
-0.1013918
-0.0935773
-0.0802104
-0.0670294
-0.0587329
-0.0554875
-0.0536600
-0.0500597
-0.0454370
-0.0434635
-0.0462632
-0.0515712
-0.0547331
-0.0531800
-0.0484661
-0.0440348
-0.0414511
-0.0390822
-0.0345045
-0.0281384
-0.0241667
-0.0272832
-0.0381428
-0.0520288
-0.0622789
-0.0655574
-0.0644875
-0.0654032
-0.0728958
-0.0857204
-0.0980370
-0.1052482
-0.1086668
-0.1138275
-0.1239251
-0.1354797
-0.1412332
-0.1375629
-0.1286811
-0.1228994
-0.1243370
-0.1285009
-0.1265903
-0.1143115
-0.0961196
-0.0807889
-0.0734392
-0.0721574
-0.0716037
-0.0689279
-0.0661818
-0.0676403
-0.0749431
-0.0844338
-0.0892862
-0.0851985
-0.0749539
-0.0670526
-0.0682701
-0.0764086
-0.0812660
-0.0748222
-0.0608908
-0.0525521
-0.0583205
-0.0725411
-0.0822289
-0.0815346
-0.0721286
-0.0441262
0.0377192
0.2132379
0.4777528
0.7515854
0.9106016
0.8652001
0.6230040
0.2792482
-0.0553375
-0.3228201
-0.5267097
-0.6883177
-0.8053552
-0.8530997
-0.8169112
-0.7148971
-0.5875840
-0.4695072
-0.3726129
-0.2928902
-0.2262138
-0.1748312
-0.1417202
-0.1239661
-0.1138528
-0.1049889
-0.0958400
-0.0879668
-0.0823532
-0.0776617
-0.0711005
-0.0605009
-0.0460948
-0.0308695
-0.0189383
-0.0126617
-0.0106844
-0.0089203
-0.0040632
0.0036758
0.0117016
0.0189815
0.0279700
0.0415303
0.0580716
0.0711262
0.0750072
0.0709817
0.0671020
0.0712156
0.0838930
0.0983622
0.1075498
0.1111034
0.1153673
0.1266952
0.1452613
0.1654689
0.1818703
0.1943181
0.2076992
0.2272031
0.2538043
0.2838253
0.3125379
0.3381876
0.3626053
0.3880412
0.4137277
0.4359375
0.4515718
0.4614592
0.4696051
0.4787425
0.4866964
0.4877214
0.4777943
0.4581989
0.4333405
0.4053239
0.3716707
0.3288369
0.2773600
0.2227299
0.1711868
0.1252880
0.0839039
0.0459919
0.0133238
-0.0110858
-0.0268104
-0.0373320
-0.0471033
-0.0576752
-0.0672249
-0.0738180
-0.0786180
-0.0854624
-0.0970495
-0.1114193
-0.1224394
-0.1245702
-0.1179959
-0.1091445
-0.1054380
-0.1087379
-0.1137133
-0.1129586
-0.1041218
-0.0921188
-0.0841609
-0.0825057
-0.0823116
-0.0768585
-0.0647643
-0.0517957
-0.0455952
-0.0488001
-0.0571530
-0.0638691
-0.0657151
-0.0652320
-0.0673931
-0.0739814
-0.0810246
-0.0820014
-0.0741538
-0.0618835
-0.0534879
-0.0538708
-0.0602345
-0.0652243
-0.0644549
-0.0605628
-0.0595958
-0.0640583
-0.0704851
-0.0736755
-0.0718644
-0.0670044
-0.0614405
-0.0564451
-0.0538774
-0.0565904
-0.0652095
-0.0758753
-0.0841370
-0.0913939
-0.1040843
-0.1235940
-0.1389950
-0.1351322
-0.1101291
-0.0809413
-0.0665402
-0.0664870
-0.0621376
-0.0416609
-0.0182337
-0.0159655
-0.0385607
-0.0608146
-0.0562507
-0.0254852
0.0159500
0.0791516
0.2137136
0.4556361
0.7564184
0.9785855
0.9845726
0.7448003
0.3609895
-0.0181989
-0.3058406
-0.5094542
-0.6734287
-0.8070917
-0.8741471
-0.8412511
-0.7218901
-0.5688313
-0.4314978
-0.3272012
-0.2488291
-0.1882230
-0.1454066
-0.1200954
-0.1042744
-0.0878801
-0.0690006
-0.0542562
-0.0489304
-0.0495858
-0.0479627
-0.0406937
-0.0329733
-0.0322875
-0.0397904
-0.0487263
-0.0509070
-0.0440477
-0.0329969
-0.0247052
-0.0223666
-0.0237423
-0.0240979
-0.0204056
-0.0133616
-0.0062934
-0.0023742
-0.0021642
-0.0028720
0.0001942
0.0106465
0.0284677
0.0501084
0.0714968
0.0913253
0.1113462
0.1334288
0.1567769
0.1786324
0.1977033
0.2161811
0.2377156
0.2634379
0.2904027
0.3140560
0.3320399
0.3457987
0.3592897
0.3766168
0.4000916
0.4288990
0.4587043
0.4833349
0.4984732
0.5045332
0.5053830
0.5033686
0.4955471
0.4755638
0.4398416
0.3918616
0.3400122
0.2911202
0.2461237
0.2018619
0.1566116
0.1134603
0.0781290
0.0535063
0.0363850
0.0198438
-0.0006216
-0.0228720
-0.0400989
-0.0476566
-0.0484085
-0.0509286
-0.0614955
-0.0774137
-0.0887219
-0.0872812
-0.0745007
-0.0600727
-0.0532837
-0.0558382
-0.0627414
-0.0688188
-0.0731989
-0.0777969
-0.0831292
-0.0869489
-0.0866400
-0.0816326
-0.0730459
-0.0621002
-0.0501197
-0.0396784
-0.0339319
-0.0336430
-0.0355055
-0.0347948
-0.0300597
-0.0243882
-0.0214253
-0.0206955
-0.0179521
-0.0104554
-0.0010958
0.0036393
-0.0001615
-0.0102077
-0.0205362
-0.0269130
-0.0293619
-0.0302758
-0.0314982
-0.0335711
-0.0365285
-0.0399305
-0.0421062
-0.0407875
-0.0357420
-0.0305620
-0.0304961
-0.0375015
-0.0477195
-0.0548136
-0.0561743
-0.0552678
-0.0573645
-0.0633769
-0.0688173
-0.0691262
-0.0653960
-0.0639894
-0.0702347
-0.0828665
-0.0951682
-0.1016258
-0.1030489
-0.1049393
-0.1113121
-0.1208159
-0.1288163
-0.1322680
-0.1317523
-0.1292070
-0.1249909
-0.1179789
-0.1080161
-0.0970611
-0.0873506
-0.0791082
-0.0710444
-0.0630035
-0.0568362
-0.0537878
-0.0518069
-0.0470345
-0.0384809
-0.0301847
-0.0275295
-0.0313964
-0.0368588
-0.0382352
-0.0350621
-0.0323703
-0.0350026
-0.0423316
-0.0490099
-0.0503640
-0.0462322
-0.0398151
-0.0341735
-0.0305879
-0.0292285
-0.0296579
-0.0303942
-0.0295202
-0.0272186
-0.0274276
-0.0352713
-0.0515504
-0.0701419
-0.0822473
-0.0840173
-0.0796433
-0.0765745
-0.0782534
-0.0821754
-0.0843250
-0.0838341
-0.0827498
-0.0826326
-0.0830029
-0.0830053
-0.0830398
-0.0837769
-0.0843029
-0.0826992
-0.0788737
-0.0757932
-0.0768583
-0.0823255
-0.0892970
-0.0951370
-0.0994933
-0.1022822
-0.1012409
-0.0938007
-0.0817786
-0.0722332
-0.0715387
-0.0783414
-0.0836634
-0.0790739
-0.0647395
-0.0489246
-0.0396997
-0.0377643
-0.0372479
-0.0321676
-0.0211394
-0.0069429
0.0061936
0.0142940
0.0147717
0.0082217
-0.0009995
-0.0079469
-0.0120570
-0.0181644
-0.0310871
-0.0489353
-0.0629684
-0.0652473
-0.0564141
-0.0452772
-0.0407330
-0.0446228
-0.0520944
-0.0573083
-0.0578753
-0.0550941
-0.0520600
-0.0518547
-0.0557716
-0.0618196
-0.0654615
-0.0632891
-0.0565616
-0.0505629
-0.0498667
-0.0543047
-0.0598259
-0.0628876
-0.0631790
-0.0621060
-0.0600025
-0.0560154
-0.0500828
-0.0434056
-0.0367916
-0.0301297
-0.0244065
-0.0227946
-0.0276509
-0.0364230
-0.0425998
-0.0422542
-0.0388238
-0.0393725
-0.0455320
-0.0500511
-0.0447051
-0.0315631
-0.0237213
-0.0326106
-0.0552622
-0.0764437
-0.0840866
-0.0810238
-0.0802026
-0.0893267
-0.1023641
-0.1068700
-0.0981368
-0.0842265
-0.0770611
-0.0804222
-0.0879534
-0.0915656
-0.0892563
-0.0845066
-0.0809439
-0.0799974
-0.0822862
-0.0875962
-0.0923217
-0.0898731
-0.0770251
-0.0596200
-0.0486612
-0.0488457
-0.0530927
-0.0515980
-0.0454268
-0.0463670
-0.0610445
-0.0795241
-0.0850992
-0.0726335
-0.0465708
0.0050290
0.1242864
0.3503005
0.6577647
0.9336797
1.0355903
0.8936710
0.5650814
0.1874786
-0.1248671
-0.3457691
-0.5123639
-0.6532381
-0.7502547
-0.7653795
-0.6906406
-0.5631531
-0.4346738
-0.3341084
-0.2600894
-0.2014926
-0.1563841
-0.1304260
-0.1236778
-0.1254184
-0.1225559
-0.1102456
-0.0932072
-0.0785703
-0.0690201
-0.0619795
-0.0536585
-0.0434464
-0.0348271
-0.0319101
-0.0345610
-0.0371357
-0.0328824
-0.0201777
-0.0043392
0.0070752
0.0110525
0.0114630
0.0148816
0.0243352
0.0372228
0.0487967
0.0567223
0.0621404
0.0675545
0.0748271
0.0846415
0.0963787
0.1081251
0.1178483
0.1253964
0.1330211
0.1432503
0.1561059
0.1687239
0.1780241
0.1838938
0.1897346
0.1998624
0.2163944
0.2383059
0.2624508
0.2847294
0.3012661
0.3106534
0.3159397
0.3230232
0.3355104
0.3514059
0.3660006
0.3779027
0.3907805
0.4082157
0.4274715
0.4397836
0.4376454
0.4214842
0.3984617
0.3748639
0.3505995
0.3212490
0.2840669
0.2408990
0.1964275
0.1556650
0.1230702
0.1014628
0.0895667
0.0810533
0.0681642
0.0479222
0.0249172
0.0071343
-0.0016884
-0.0054902
-0.0112538
-0.0211395
-0.0301124
-0.0317027
-0.0252795
-0.0168521
-0.0131064
-0.0154633
-0.0198846
-0.0216885
-0.0201331
-0.0185317
-0.0203315
-0.0254521
-0.0305531
-0.0324799
-0.0310403
-0.0287842
-0.0288004
-0.0324696
-0.0381378
-0.0414368
-0.0378732
-0.0264467
-0.0112280
0.0009057
0.0047750
0.0002367
-0.0079712
-0.0136971
-0.0136392
-0.0091544
-0.0044203
-0.0030477
-0.0061261
-0.0124854
-0.0199977
-0.0269181
-0.0327435
-0.0378866
-0.0422710
-0.0446112
-0.0437036
-0.0403250
-0.0372477
-0.0371933
-0.0409465
-0.0473172
-0.0545147
-0.0613801
-0.0673797
-0.0716243
-0.0723664
-0.0679662
-0.0583813
-0.0455509
-0.0327174
-0.0237006
-0.0216643
-0.0265364
-0.0333453
-0.0353209
-0.0307095
-0.0260177
-0.0304473
-0.0461043
-0.0645404
-0.0743133
-0.0723382
-0.0669643
-0.0690090
-0.0801895
-0.0916525
-0.0939201
-0.0864986
-0.0766660
-0.0706435
-0.0685727
-0.0678095
-0.0678811
-0.0699803
-0.0728995
-0.0724979
-0.0665815
-0.0589741
-0.0564934
-0.0613422
-0.0682877
-0.0709960
-0.0698579
-0.0706493
-0.0753737
-0.0781965
-0.0732693
-0.0643039
-0.0618010
-0.0700823
-0.0811303
-0.0838785
-0.0751247
-0.0526861
0.0044790
0.1379586
0.3724730
0.6652190
0.8995257
0.9495239
0.7702380
0.4317265
0.0633350
-0.2402197
-0.4656786
-0.6482462
-0.8058722
-0.9117592
-0.9259820
-0.8432210
-0.7034618
-0.5591832
-0.4384497
-0.3396689
-0.2533952
-0.1804504
-0.1288899
-0.1006748
-0.0871917
-0.0774038
-0.0669192
-0.0577716
-0.0514007
-0.0447303
-0.0339144
-0.0200715
-0.0090425
-0.0052564
-0.0072477
-0.0097111
-0.0087712
-0.0044960
0.0006441
0.0043894
0.0060011
0.0062483
0.0068438
0.0097668
0.0165377
0.0273255
0.0403717
0.0529816
0.0640028
0.0749914
0.0878233
0.1012102
0.1109947
0.1148255
0.1160774
0.1222334
0.1387493
0.1640035
0.1901976
0.2099734
0.2229536
0.2356670
0.2546243
0.2797865
0.3052897
0.3260654
0.3428696
0.3608391
0.3837106
0.4095857
0.4322406
0.4468456
0.4545655
0.4611415
0.4706493
0.4808233
0.4843563
0.4742215
0.4481921
0.4099739
0.3670630
0.3264998
0.2908762
0.2576322
0.2223885
0.1833719
0.1431568
0.1065215
0.0762950
0.0507420
0.0253606
-0.0019062
-0.0273873
-0.0445630
-0.0505299
-0.0491461
-0.0477769
-0.0513601
-0.0593192
-0.0672945
-0.0715898
-0.0724002
-0.0729394
-0.0754377
-0.0784987
-0.0788593
-0.0753560
-0.0705468
-0.0685507
-0.0714940
-0.0775525
-0.0821081
-0.0815501
-0.0767573
-0.0725698
-0.0731910
-0.0780985
-0.0825665
-0.0818734
-0.0751362
-0.0660029
-0.0600327
-0.0605188
-0.0659522
-0.0716421
-0.0741102
-0.0737818
-0.0735590
-0.0753988
-0.0783988
-0.0797396
-0.0775321
-0.0732296
-0.0709483
-0.0735281
-0.0793027
-0.0836150
-0.0836151
-0.0808407
-0.0790262
-0.0801167
-0.0826056
-0.0832410
-0.0802058
-0.0748900
-0.0704535
-0.0685472
-0.0679452
-0.0666633
-0.0646147
-0.0634507
-0.0643438
-0.0666887
-0.0685730
-0.0678947
-0.0635764
-0.0566606
-0.0502142
-0.0475561
-0.0502356
-0.0572831
-0.0657504
-0.0721864
-0.0748456
-0.0750746
-0.0758414
-0.0784249
-0.0810750
-0.0811413
-0.0778441
-0.0727420
-0.0682682
-0.0661904
-0.0668437
-0.0693035
-0.0723656
-0.0752943
-0.0775050
-0.0781900
-0.0770873
-0.0752805
-0.0744303
-0.0755206
-0.0790933
-0.0860555
-0.0968005
-0.1094155
-0.1198906
-0.1246576
-0.1226716
-0.1151262
-0.1036606
-0.0890070
-0.0714149
-0.0525685
-0.0365188
-0.0273342
-0.0254304
-0.0274638
-0.0305148
-0.0350509
-0.0425768
-0.0514797
-0.0572007
-0.0568926
-0.0527963
-0.0501353
-0.0516745
-0.0549767
-0.0557321
-0.0534723
-0.0523074
-0.0552004
-0.0595679
-0.0609911
-0.0600141
-0.0615880
-0.0674013
-0.0727747
-0.0732565
-0.0694003
-0.0570165
-0.0110121
0.1112837
0.3342346
0.6200310
0.8639537
0.9496217
0.8267180
0.5436614
0.2053719
-0.1028072
-0.3553724
-0.5644544
-0.7326351
-0.8350074
-0.8440468
-0.7635606
-0.6331332
-0.5002830
-0.3910346
-0.3060594
-0.2382096
-0.1868918
-0.1558879
-0.1440766
-0.1434055
-0.1448924
-0.1437152
-0.1389131
-0.1308903
-0.1203189
-0.1082482
-0.0958003
-0.0832712
-0.0699979
-0.0559858
-0.0436775
-0.0366075
-0.0350630
-0.0340782
-0.0275875
-0.0145553
0.0002664
0.0115119
0.0179537
0.0225004
0.0291390
0.0400731
0.0543373
0.0683465
0.0784528
0.0838051
0.0870908
0.0926485
0.1033665
0.1183294
0.1334094
0.1455083
0.1567031
0.1727026
0.1961741
0.2228581
0.2456970
0.2621680
0.2763564
0.2941187
0.3169992
0.3405864
0.3583080
0.3672425
0.3707615
0.3754865
0.3858164
0.4015127
0.4193965
0.4357508
0.4474672
0.4528958
0.4521993
0.4456210
0.4310339
0.4045796
0.3646943
0.3151476
0.2637533
0.2178777
0.1800798
0.1469134
0.1124576
0.0744125
0.0369683
0.0071302
-0.0116150
-0.0218552
-0.0295966
-0.0397415
-0.0527934
-0.0644002
-0.0686910
-0.0635914
-0.0531080
-0.0439898
-0.0404692
-0.0422283
-0.0460991
-0.0487489
-0.0486180
-0.0464918
-0.0442042
-0.0425914
-0.0410682
-0.0388825
-0.0357329
-0.0313969
-0.0263176
-0.0227820
-0.0239319
-0.0308697
-0.0416249
-0.0531839
-0.0635478
-0.0718728
-0.0780694
-0.0827088
-0.0862333
-0.0878900
-0.0863520
-0.0817257
-0.0762975
-0.0730146
-0.0733118
-0.0760882
-0.0788817
-0.0810273
-0.0854966
-0.0954150
-0.1078430
-0.1137385
-0.1069512
-0.0921792
-0.0812136
-0.0813462
-0.0895662
-0.0980468
-0.1026339
-0.1044862
-0.1053226
-0.1044325
-0.1015775
-0.0999905
-0.1021113
-0.1024250
-0.0908163
-0.0672054
-0.0456866
-0.0309652
0.0112473
0.1435664
0.3946407
0.6995427
0.9139144
0.9085192
0.6669394
0.2966083
-0.0581792
-0.3198257
-0.5045087
-0.6614671
-0.8000149
-0.8796658
-0.8605804
-0.7497575
-0.5963015
-0.4511626
-0.3373214
-0.2526230
-0.1895105
-0.1459614
-0.1209797
-0.1077969
-0.0967818
-0.0838502
-0.0721658
-0.0652290
-0.0616099
-0.0575977
-0.0518525
-0.0452525
-0.0384543
-0.0321514
-0.0281971
-0.0276807
-0.0283122
-0.0260448
-0.0198324
-0.0135204
-0.0120469
-0.0155905
-0.0179959
-0.0123362
0.0013218
0.0152893
0.0229437
0.0263933
0.0328126
0.0443131
0.0553508
0.0609547
0.0642167
0.0734091
0.0930393
0.1195590
0.1457580
0.1684271
0.1910168
0.2184399
0.2502516
0.2810398
0.3075274
0.3320180
0.3568477
0.3783884
0.3906225
0.3943934
0.3997169
0.4170351
0.4463826
0.4754915
0.4892020
0.4821904
0.4628851
0.4437822
0.4279684
0.4069248
0.3715518
0.3226864
0.2697245
0.2213341
0.1793252
0.1400391
0.0996864
0.0585588
0.0210190
-0.0083565
-0.0282009
-0.0398866
-0.0455259
-0.0483198
-0.0532976
-0.0642816
-0.0796039
-0.0929704
-0.0991691
-0.0978695
-0.0924598
-0.0870556
-0.0843251
-0.0841793
-0.0841541
-0.0819945
-0.0776295
-0.0721135
-0.0659198
-0.0594776
-0.0541525
-0.0512684
-0.0510702
-0.0535852
-0.0591054
-0.0666977
-0.0737585
-0.0784110
-0.0812600
-0.0840095
-0.0877558
-0.0930437
-0.0993405
-0.1034190
-0.1007197
-0.0904644
-0.0783309
-0.0722841
-0.0755494
-0.0835437
-0.0872391
-0.0807502
-0.0675545
-0.0585281
-0.0615207
-0.0731552
-0.0829854
-0.0850334
-0.0825688
-0.0820043
-0.0853954
-0.0897832
-0.0915239
-0.0899150
-0.0873384
-0.0862389
-0.0860323
-0.0841339
-0.0802249
-0.0770557
-0.0756566
-0.0725277
-0.0643729
-0.0538817
-0.0476853
-0.0489125
-0.0537379
-0.0551265
-0.0491944
-0.0388869
-0.0320609
-0.0345269
-0.0442798
-0.0538839
-0.0584922
-0.0594960
-0.0607561
-0.0647450
-0.0730016
-0.0863186
-0.1019891
-0.1134629
-0.1158179
-0.1113366
-0.1083045
-0.1137213
-0.1262897
-0.1362049
-0.1339552
-0.1210507
-0.1095433
-0.1078437
-0.1093446
-0.0998039
-0.0754701
-0.0492826
-0.0379992
-0.0461429
-0.0635855
-0.0765148
-0.0792750
-0.0763459
-0.0742764
-0.0737588
-0.0714246
-0.0674063
-0.0660524
-0.0684034
-0.0695051
-0.0662679
-0.0632102
-0.0654979
-0.0692043
-0.0643690
-0.0480269
-0.0300380
-0.0236831
-0.0314024
-0.0417904
-0.0422686
-0.0339239
-0.0299758
-0.0381553
-0.0500895
-0.0525293
-0.0412172
-0.0101832
0.0714043
0.2503823
0.5353521
0.8477298
1.0426903
1.0016403
0.7216573
0.3193420
-0.0585538
-0.3367597
-0.5335925
-0.6957967
-0.8275497
-0.8888583
-0.8506104
-0.7340250
-0.5940111
-0.4743629
-0.3843823
-0.3121104
-0.2500339
-0.2036666
-0.1784402
-0.1662544
-0.1512247
-0.1268836
-0.1009937
-0.0825997
-0.0710826
-0.0609899
-0.0516816
-0.0468947
-0.0474420
-0.0485866
-0.0440147
-0.0309649
-0.0128744
0.0026765
0.0108779
0.0145929
0.0200928
0.0290646
0.0384115
0.0466605
0.0555901
0.0655448
0.0739432
0.0793929
0.0838348
0.0900461
0.0993675
0.1111529
0.1222313
0.1288797
0.1321217
0.1384151
0.1515673
0.1668311
0.1772783
0.1836317
0.1933949
0.2119544
0.2381514
0.2667171
0.2917483
0.3096161
0.3213306
0.3307705
0.3397988
0.3480756
0.3577233
0.3727898
0.3923841
0.4097878
0.4209750
0.4292349
0.4387171
0.4474783
0.4488603
0.4360090
0.4045080
0.3557565
0.2991870
0.2465517
0.2026118
0.1646492
0.1301030
0.0997587
0.0743235
0.0533872
0.0374797
0.0264634
0.0169570
0.0059067
-0.0050442
-0.0131746
-0.0199490
-0.0278917
-0.0356055
-0.0412479
-0.0473094
-0.0560179
-0.0633514
-0.0636896
-0.0579186
-0.0520555
-0.0504523
-0.0536869
-0.0591005
-0.0604498
-0.0523734
-0.0384943
-0.0294011
-0.0296647
-0.0332097
-0.0339691
-0.0332381
-0.0330857
-0.0308389
-0.0250752
-0.0205488
-0.0226153
-0.0312341
-0.0423900
-0.0511036
-0.0534350
-0.0492752
-0.0371878
0.0019418
0.1058374
0.2929002
0.5175353
0.6783133
0.6835744
0.5134054
0.2258099
-0.0881007
-0.3605909
-0.5755895
-0.7485878
-0.8805823
-0.9412826
-0.9031932
-0.7796137
-0.6170649
-0.4595617
-0.3310342
-0.2397259
-0.1812876
-0.1417034
-0.1102941
-0.0874589
-0.0745842
-0.0664186
-0.0599363
-0.0580451
-0.0573627
-0.0469778
-0.0270335
-0.0124994
-0.0107078
-0.0121135
-0.0097546
-0.0081199
-0.0065053
0.0037910
0.0187759
0.0225317
0.0153742
0.0154443
0.0269282
0.0355195
0.0394170
0.0515067
0.0673579
0.0696785
0.0679619
0.0886017
0.1216368
0.1315865
0.1283456
0.1596392
0.2126895
0.2000507
0.0862428
