-0.1533419
-0.1445930
-0.1320067
-0.1251202
-0.1206368
-0.1094983
-0.0922456
-0.0782512
-0.0716547
-0.0659202
-0.0521583
-0.0269401
0.0077960
0.0469749
0.0839781
0.1145820
0.1406454
0.1676020
0.1984789
0.2323170
0.2669851
0.3005793
0.3311672
0.3583137
0.3842667
0.4108609
0.4357754
0.4545420
0.4661826
0.4747605
0.4852918
0.4994191
0.5146375
0.5265067
0.5320291
0.5315827
0.5267263
0.5158449
0.4939747
0.4583444
0.4125465
0.3635036
0.3152056
0.2668503
0.2164323
0.1648032
0.1163038
0.0758180
0.0446492
0.0190510
-0.0063926
-0.0337040
-0.0604373
-0.0832440
-0.1010751
-0.1148467
-0.1256358
-0.1339411
-0.1397280
-0.1427206
-0.1433618
-0.1434366
-0.1445214
-0.1455077
-0.1428902
-0.1344504
-0.1224289
-0.1125566
-0.1094596
-0.1122011
-0.1141437
-0.1084602
-0.0950371
-0.0814985
-0.0763541
-0.0812662
-0.0905664
-0.0976042
-0.1004763
-0.1020427
-0.1058400
-0.1124892
-0.1194856
-0.1239529
-0.1253594
-0.1253920
-0.1256267
-0.1262678
-0.1272008
-0.1290704
-0.1325813
-0.1373753
-0.1422059
-0.1457801
-0.1470705
-0.1454817
-0.1415132
-0.1372077
-0.1354032
-0.1379621
-0.1440784
-0.1502181
-0.1527881
-0.1518678
-0.1515211
-0.1548706
-0.1592259
-0.1582849
-0.1500576
-0.1407495
-0.1386155
-0.1442758
-0.1494666
-0.1468596
-0.1397811
-0.1393557
-0.1511464
-0.1670868
-0.1725608
-0.1577821
-0.1150936
-0.0246039
0.1449464
0.4030271
0.6968033
0.9129182
0.9399612
0.7475501
0.4113586
0.0573915
-0.2265685
-0.4346656
-0.6102012
-0.7787236
-0.9154498
-0.9719667
-0.9260454
-0.8031637
-0.6553143
-0.5245874
-0.4248684
-0.3495335
-0.2890228
-0.2404444
-0.2054967
-0.1845191
-0.1740837
-0.1687107
-0.1635993
-0.1564918
-0.1482183
-0.1412863
-0.1369413
-0.1334682
-0.1279233
-0.1193723
-0.1097149
-0.1013784
-0.0949657
-0.0892790
-0.0828460
-0.0748817
-0.0650888
-0.0531132
-0.0384339
-0.0207292
-0.0002404
0.0222105
0.0453792
0.0678382
0.0887884
0.1093483
0.1325800
0.1609899
0.1937517
0.2275330
0.2607422
0.2959613
0.3368750
0.3829411
0.4282849
0.4664145
0.4954791
0.5182665
0.5373834
0.5517145
0.5585909
0.5588143
0.5575712
0.5590833
0.5610472
0.5558003
0.5371726
0.5053600
0.4650640
0.4201176
0.3708807
0.3164291
0.2581625
0.2006197
0.1487513
0.1045493
0.0663369
0.0311518
-0.0023084
-0.0327888
-0.0580100
-0.0770771
-0.0917161
-0.1049700
-0.1180408
-0.1285170
-0.1327868
-0.1307097
-0.1268782
-0.1261278
-0.1283189
-0.1290513
-0.1257267
-0.1211562
-0.1195212
-0.1195006
-0.1141888
-0.0996761
-0.0821749
-0.0731736
-0.0764182
-0.0826254
-0.0801766
-0.0696586
-0.0634146
-0.0695338
-0.0806344
-0.0827698
-0.0733901
-0.0642529
-0.0647978
-0.0691830
-0.0669800
-0.0633711
-0.0748327
-0.0947168
-0.0709617
0.0597914
0.2986929
0.5477289
0.6638404
0.5668921
0.3008831
-0.0111960
-0.2724396
-0.4736170
-0.6597310
-0.8505181
-1.0039345
-1.0553060
-0.9821600
-0.8256648
-0.6542804
-0.5141741
-0.4127192
-0.3373651
-0.2790499
-0.2373700
-0.2122139
-0.1982706
-0.1883233
-0.1784451
-0.1684058
-0.1587716
-0.1495773
-0.1412764
-0.1348625
-0.1301645
-0.1251332
-0.1178923
-0.1088792
-0.0996887
-0.0898895
-0.0764014
-0.0569778
-0.0338576
-0.0129573
0.0011163
0.0092548
0.0169068
0.0288729
0.0451577
0.0621602
0.0776959
0.0940412
0.1155139
0.1435193
0.1748898
0.2053743
0.2341799
0.2643626
0.2985832
0.3349545
0.3677918
0.3928170
0.4113582
0.4289968
0.4501111
0.4739756
0.4958870
0.5113447
0.5189053
0.5195702
0.5140278
0.5005905
0.4758659
0.4378911
0.3890055
0.3354042
0.2831879
0.2343853
0.1868374
0.1380981
0.0892913
0.0447264
0.0076449
-0.0229297
-0.0501909
-0.0745470
-0.0919856
-0.0985470
-0.0959980
-0.0917561
-0.0925988
-0.0988641
-0.1051650
-0.1063811
-0.1024274
-0.0973904
-0.0948921
-0.0949827
-0.0953299
-0.0945072
-0.0934849
-0.0942693
-0.0978903
-0.1038566
-0.1109665
-0.1182616
-0.1254679
-0.1327672
-0.1398570
-0.1449593
-0.1451541
-0.1384822
-0.1261465
-0.1124356
-0.1019248
-0.0962379
-0.0933709
-0.0903506
-0.0867069
-0.0851699
-0.0886964
-0.0968524
-0.1053930
-0.1096126
-0.1083012
-0.1047189
-0.1038244
-0.1081894
-0.1161122
-0.1235819
-0.1281924
-0.1310408
-0.1346189
-0.1391006
-0.1413720
-0.1381920
-0.1302002
-0.1222913
-0.1195234
-0.1224874
-0.1269147
-0.1280416
-0.1251828
-0.1217741
-0.1212420
-0.1235052
-0.1255701
-0.1247163
-0.1205079
-0.1143247
-0.1081367
-0.1040011
-0.1036293
-0.1071329
-0.1121667
-0.1155717
-0.1168441
-0.1192832
-0.1260776
-0.1349640
-0.1386255
-0.1322401
-0.1200580
-0.1122780
-0.1146488
-0.1228490
-0.1285768
-0.1297368
-0.1317813
-0.1388032
-0.1466383
-0.1471283
-0.1357933
-0.1081089
-0.0459816
0.0829621
0.2967701
0.5598700
0.7768330
0.8412147
0.7073125
0.4229627
0.0926500
-0.1961656
-0.4190292
-0.5995678
-0.7596881
-0.8877168
-0.9501068
-0.9261638
-0.8282863
-0.6925936
-0.5554046
-0.4381884
-0.3477792
-0.2830653
-0.2390557
-0.2080248
-0.1818766
-0.1563528
-0.1331393
-0.1168564
-0.1092279
-0.1061206
-0.1005872
-0.0890165
-0.0742604
-0.0625452
-0.0571333
-0.0549799
-0.0498172
-0.0387632
-0.0257657
-0.0180045
-0.0184734
-0.0222043
-0.0202006
-0.0074100
0.0129938
0.0330838
0.0479535
0.0602500
0.0769721
0.1015404
0.1292372
0.1513297
0.1642835
0.1743497
0.1918849
0.2207044
0.2537482
0.2800985
0.2961935
0.3093246
0.3297498
0.3600897
0.3933754
0.4212200
0.4425014
0.4632416
0.4889106
0.5182877
0.5447989
0.5623963
0.5694237
0.5680068
0.5614288
0.5520854
0.5400849
0.5222251
0.4929257
0.4484207
0.3916319
0.3323464
0.2807599
0.2397434
0.2037183
0.1655737
0.1243963
0.0860806
0.0569351
0.0376254
0.0233226
0.0086560
-0.0082334
-0.0258268
-0.0419593
-0.0558459
-0.0681281
-0.0798346
-0.0911969
-0.1006496
-0.1049199
-0.1014312
-0.0919470
-0.0833512
-0.0828154
-0.0908695
-0.0999228
-0.1011687
-0.0934914
-0.0848818
-0.0844733
-0.0934908
-0.1045719
-0.1096941
-0.1077709
-0.1041163
-0.1036246
-0.1061322
-0.1086360
-0.1102776
-0.1132978
-0.1191536
-0.1253393
-0.1272259
-0.1227141
-0.1141645
-0.1056385
-0.0990666
-0.0938135
-0.0895380
-0.0880081
-0.0909306
-0.0963435
-0.0988062
-0.0945097
-0.0859894
-0.0804652
-0.0826672
-0.0897614
-0.0943526
-0.0925860
-0.0881524
-0.0873344
-0.0908743
-0.0927685
-0.0879387
-0.0793420
-0.0750917
-0.0786826
-0.0848034
-0.0865363
-0.0847602
-0.0871124
-0.0975097
-0.1103016
-0.1169332
-0.1142335
-0.0983887
-0.0487870
0.0721258
0.2862391
0.5567874
0.7827254
0.8523726
0.7195707
0.4358137
0.1080430
-0.1792179
-0.4076023
-0.6027385
-0.7798598
-0.9160353
-0.9718835
-0.9324591
-0.8228909
-0.6874246
-0.5587414
-0.4475078
-0.3541279
-0.2817737
-0.2351863
-0.2111157
-0.1961953
-0.1771313
-0.1520735
-0.1302033
-0.1199946
-0.1191082
-0.1165897
-0.1043051
-0.0849525
-0.0685012
-0.0615898
-0.0612357
-0.0586847
-0.0483577
-0.0323502
-0.0167098
-0.0046338
0.0059170
0.0186673
0.0347172
0.0524145
0.0704127
0.0892424
0.1095262
0.1298320
0.1475250
0.1617689
0.1748869
0.1903656
0.2099790
0.2334042
0.2602494
0.2911783
0.3261156
0.3618070
0.3926013
0.4147130
0.4296704
0.4429408
0.4588070
0.4766316
0.4921790
0.5024092
0.5086464
0.5146845
0.5215288
0.5241221
0.5138860
0.4854375
0.4416228
0.3922033
0.3470745
0.3095927
0.2753259
0.2368473
0.1903228
0.1386335
0.0890916
0.0482408
0.0180022
-0.0043312
-0.0229483
-0.0400458
-0.0547965
-0.0654272
-0.0721774
-0.0777738
-0.0845115
-0.0911433
-0.0936911
-0.0900714
-0.0834753
-0.0800566
-0.0828203
-0.0884962
-0.0912798
-0.0893359
-0.0864141
-0.0867195
-0.0895816
-0.0906920
-0.0880241
-0.0842823
-0.0825770
-0.0816687
-0.0780526
-0.0723770
-0.0706155
-0.0768444
-0.0866780
-0.0912000
-0.0877177
-0.0833606
-0.0858066
-0.0929729
-0.0961931
-0.0932699
-0.0926369
-0.1008555
-0.1105653
-0.1090685
-0.0990819
-0.0994410
-0.1133645
-0.0990175
0.0095552
0.2333917
0.4979346
0.6654405
0.6355876
0.4235107
0.1397918
-0.1068503
-0.2883165
-0.4472563
-0.6231854
-0.7984425
-0.9141549
-0.9274978
-0.8462969
-0.7137005
-0.5711912
-0.4403652
-0.3308336
-0.2512836
-0.2064772
-0.1884390
-0.1789724
-0.1642425
-0.1451830
-0.1321016
-0.1306056
-0.1349157
-0.1345091
-0.1248937
-0.1106141
-0.0989574
-0.0926866
-0.0892287
-0.0853492
-0.0808923
-0.0777411
-0.0762596
-0.0738210
-0.0668879
-0.0540533
-0.0369429
-0.0185925
-0.0012681
0.0144759
0.0294073
0.0448649
0.0622461
0.0825792
0.1061241
0.1325573
0.1620207
0.1959413
0.2360076
0.2815162
0.3277972
0.3682251
0.3988649
0.4216269
0.4426497
0.4670100
0.4944418
0.5199024
0.5382503
0.5484601
0.5534548
0.5560780
0.5554139
0.5469926
0.5263796
0.4925273
0.4479794
0.3964330
0.3405930
0.2823509
0.2243444
0.1703881
0.1238542
0.0857157
0.0543610
0.0271967
0.0024062
-0.0202150
-0.0392550
-0.0525095
-0.0589825
-0.0610835
-0.0643381
-0.0732857
-0.0866902
-0.0975235
-0.0990951
-0.0916647
-0.0823955
-0.0785110
-0.0811893
-0.0864710
-0.0907015
-0.0931676
-0.0938545
-0.0916666
-0.0869504
-0.0839494
-0.0870879
-0.0941855
-0.0969088
-0.0910221
-0.0842136
-0.0888687
-0.1060943
-0.1220945
-0.1249872
-0.1209886
-0.1227831
-0.1163790
-0.0496081
0.1261502
0.3890643
0.6259780
0.6969493
0.5399337
0.2212163
-0.1180068
-0.3706553
-0.5291453
-0.6550898
-0.7952228
-0.9297938
-0.9961606
-0.9526993
-0.8167642
-0.6472568
-0.4986713
-0.3917189
-0.3182784
-0.2635423
-0.2203720
-0.1882152
-0.1661217
-0.1501762
-0.1360555
-0.1216266
-0.1069207
-0.0929822
-0.0812389
-0.0728994
-0.0677527
-0.0635357
-0.0572724
-0.0477201
-0.0363489
-0.0256572
-0.0165485
-0.0074854
0.0038635
0.0183725
0.0349018
0.0517650
0.0685330
0.0864383
0.1072454
0.1317910
0.1593695
0.1882720
0.2170155
0.2454232
0.2747223
0.3064100
0.3406496
0.3755457
0.4080623
0.4359389
0.4589950
0.4786737
0.4963188
0.5120079
0.5252353
0.5365607
0.5478454
0.5599727
0.5700419
0.5714355
0.5577788
0.5277026
0.4858914
0.4391106
0.3908612
0.3398865
0.2839725
0.2249878
0.1696836
0.1250899
0.0929518
0.0686929
0.0459012
0.0219890
-0.0002388
-0.0162278
-0.0246552
-0.0288495
-0.0334986
-0.0402002
-0.0463793
-0.0485032
-0.0461655
-0.0428810
-0.0428537
-0.0469785
-0.0519891
-0.0535110
-0.0500125
-0.0439328
-0.0391568
-0.0374917
-0.0374648
-0.0362639
-0.0327141
-0.0285135
-0.0267452
-0.0291007
-0.0343288
-0.0393885
-0.0423955
-0.0446505
-0.0496091
-0.0594505
-0.0724620
-0.0840798
-0.0909838
-0.0943250
-0.0986137
-0.1071087
-0.1184321
-0.1281126
-0.1335210
-0.1368874
-0.1431224
-0.1547965
-0.1695374
-0.1822162
-0.1891683
-0.1900661
-0.1862734
-0.1784366
-0.1662929
-0.1504911
-0.1337623
-0.1197946
-0.1109440
-0.1069788
-0.1056208
-0.1040224
-0.1002484
-0.0943976
-0.0888075
-0.0865545
-0.0886990
-0.0926950
-0.0942036
-0.0912424
-0.0864524
-0.0845221
-0.0870123
-0.0902296
-0.0888623
-0.0816393
-0.0728345
-0.0680825
-0.0692005
-0.0732724
-0.0761172
-0.0760323
-0.0746262
-0.0749793
-0.0789315
-0.0849853
-0.0884730
-0.0853119
-0.0772280
-0.0723544
-0.0778276
-0.0909061
-0.1003461
-0.0996166
-0.0969519
-0.1069215
-0.1303674
-0.1484477
-0.1429338
-0.1191107
-0.0960240
-0.0662884
0.0245483
0.2358524
0.5527471
0.8533455
0.9758740
0.8396048
0.5090096
0.1379659
-0.1533127
-0.3529648
-0.5232102
-0.7074135
-0.8778645
-0.9678121
-0.9409602
-0.8234251
-0.6747978
-0.5390225
-0.4250437
-0.3247022
-0.2368934
-0.1708974
-0.1326330
-0.1154167
-0.1059732
-0.0963919
-0.0879628
-0.0848218
-0.0867235
-0.0887733
-0.0865116
-0.0795892
-0.0707164
-0.0624644
-0.0557608
-0.0505920
-0.0467310
-0.0433329
-0.0386597
-0.0312564
-0.0215905
-0.0119581
-0.0043060
0.0017452
0.0084465
0.0176007
0.0290323
0.0413998
0.0541090
0.0680758
0.0848356
0.1054809
0.1305859
0.1604284
0.1943395
0.2297115
0.2625398
0.2900271
0.3130432
0.3356557
0.3616577
0.3911738
0.4205620
0.4457691
0.4661218
0.4851695
0.5077774
0.5358460
0.5661596
0.5921010
0.6077512
0.6109291
0.6028230
0.5851743
0.5583300
0.5222943
0.4792513
0.4340226
0.3911941
0.3517881
0.3133244
0.2734090
0.2328751
0.1949885
0.1618175
0.1320566
0.1026898
0.0723800
0.0427970
0.0168312
-0.0039516
-0.0201579
-0.0337382
-0.0468953
-0.0611871
-0.0764362
-0.0901266
-0.0988783
-0.1016896
-0.1016439
-0.1033059
-0.1078537
-0.1115210
-0.1098930
-0.1036583
-0.0989425
-0.1011369
-0.1088707
-0.1151140
-0.1144629
-0.1085981
-0.1040277
-0.1049502
-0.1091892
-0.1111401
-0.1078219
-0.1014951
-0.0969121
-0.0969073
-0.1006255
-0.1049893
-0.1071119
-0.1057868
-0.1018683
-0.0977048
-0.0954254
-0.0947267
-0.0923252
-0.0846180
-0.0717488
-0.0588173
-0.0520989
-0.0533766
-0.0580415
-0.0591763
-0.0537939
-0.0452440
-0.0397411
-0.0406886
-0.0461388
-0.0511917
-0.0525131
-0.0508295
-0.0497164
-0.0522768
-0.0586503
-0.0662346
-0.0722386
-0.0762635
-0.0804235
-0.0866454
-0.0937624
-0.0977709
-0.0956232
-0.0888788
-0.0831024
-0.0832054
-0.0894341
-0.0980929
-0.1058424
-0.1126237
-0.1203179
-0.1294207
-0.1379349
-0.1434320
-0.1454389
-0.1456019
-0.1462136
-0.1490190
-0.1546771
-0.1622031
-0.1689670
-0.1725122
-0.1731158
-0.1737141
-0.1762244
-0.1784970
-0.1765721
-0.1702832
-0.1647697
-0.1647210
-0.1679255
-0.1667375
-0.1563462
-0.1396713
-0.1231060
-0.1096403
-0.0987339
-0.0913517
-0.0902052
-0.0932065
-0.0913693
-0.0789319
-0.0644027
-0.0642710
-0.0821007
-0.0997023
-0.0968229
-0.0766735
-0.0581215
-0.0338193
0.0530645
0.2656083
0.5895368
0.8982701
1.0235801
0.8821428
0.5412423
0.1596585
-0.1386904
-0.3393859
-0.5024864
-0.6718256
-0.8259425
-0.9081670
-0.8881074
-0.7872725
-0.6536128
-0.5234816
-0.4094600
-0.3136472
-0.2405752
-0.1949028
-0.1728740
-0.1622063
-0.1513310
-0.1371980
-0.1241980
-0.1172984
-0.1168639
-0.1186405
-0.1172190
-0.1097989
-0.0979305
-0.0860633
-0.0776438
-0.0719695
-0.0651078
-0.0543258
-0.0412823
-0.0300734
-0.0219555
-0.0127493
0.0036558
0.0290152
0.0582814
0.0837422
0.1017049
0.1152265
0.1305660
0.1511703
0.1748966
0.1965042
0.2124677
0.2237444
0.2348192
0.2506578
0.2739807
0.3039434
0.3363324
0.3654968
0.3877728
0.4043199
0.4203676
0.4404619
0.4637485
0.4843410
0.4970151
0.5025217
0.5067582
0.5145111
0.5242654
0.5291127
0.5221619
0.5009377
0.4677509
0.4275639
0.3857714
0.3461553
0.3087920
0.2698135
0.2250928
0.1756687
0.1289435
0.0928010
0.0678648
0.0465170
0.0206153
-0.0100270
-0.0376967
-0.0553298
-0.0640468
-0.0714690
-0.0830361
-0.0960720
-0.1028228
-0.0987275
-0.0870587
-0.0757220
-0.0703522
-0.0707453
-0.0730278
-0.0739364
-0.0726832
-0.0698797
-0.0663065
-0.0632144
-0.0626743
-0.0660455
-0.0716672
-0.0750595
-0.0726586
-0.0656860
-0.0597724
-0.0601798
-0.0672464
-0.0765099
-0.0831305
-0.0861163
-0.0885131
-0.0938107
-0.1020845
-0.1093628
-0.1109587
-0.1060989
-0.0995381
-0.0979217
-0.1037324
-0.1129471
-0.1193652
-0.1211169
-0.1218257
-0.1251188
-0.1296624
-0.1313040
-0.1291306
-0.1264626
-0.1249785
-0.1209999
-0.1111012
-0.1002233
-0.0991709
-0.1117004
-0.1279880
-0.1355225
-0.1333149
-0.1250754
-0.0930096
0.0115767
0.2310060
0.5402523
0.8271621
0.9520559
0.8463505
0.5622687
0.2263593
-0.0592230
-0.2766220
-0.4668759
-0.6584431
-0.8261560
-0.9147583
-0.8928499
-0.7805020
-0.6303415
-0.4892502
-0.3774932
-0.2947493
-0.2354773
-0.1956635
-0.1704339
-0.1526132
-0.1366670
-0.1225274
-0.1134426
-0.1101369
-0.1084737
-0.1033471
-0.0939143
-0.0840310
-0.0777595
-0.0752919
-0.0733993
-0.0690048
-0.0616024
-0.0525922
-0.0432958
-0.0339944
-0.0241739
-0.0128439
0.0012883
0.0190472
0.0396279
0.0606330
0.0801174
0.0988722
0.1202101
0.1469348
0.1784583
0.2112065
0.2420920
0.2715871
0.3032637
0.3401325
0.3812079
0.4215376
0.4557562
0.4819949
0.5026392
0.5213779
0.5395082
0.5551009
0.5656144
0.5709416
0.5735208
0.5754285
0.5756112
0.5700364
0.5543029
0.5260990
0.4859290
0.4366272
0.3824829
0.3278043
0.2750299
0.2240328
0.1740339
0.1264949
0.0852568
0.0528421
0.0269218
0.0018009
-0.0257766
-0.0528600
-0.0732346
-0.0840559
-0.0887262
-0.0930402
-0.0995299
-0.1064441
-0.1114110
-0.1141861
-0.1152153
-0.1132571
-0.1066818
-0.0972915
-0.0907954
-0.0916045
-0.0973783
-0.1003882
-0.0952078
-0.0843916
-0.0756076
-0.0734132
-0.0748954
-0.0736022
-0.0666437
-0.0569945
-0.0494928
-0.0460906
-0.0453119
-0.0448588
-0.0433198
-0.0399362
-0.0347731
-0.0301569
-0.0305888
-0.0389946
-0.0524131
-0.0628725
-0.0642924
-0.0587526
-0.0549042
-0.0594612
-0.0705363
-0.0798380
-0.0812604
-0.0768330
-0.0742896
-0.0793867
-0.0908548
-0.1023189
-0.1084043
-0.1089400
-0.1080042
-0.1097023
-0.1149170
-0.1214341
-0.1264565
-0.1288732
-0.1296140
-0.1304263
-0.1324819
-0.1358262
-0.1396544
-0.1428703
-0.1445688
-0.1444097
-0.1428278
-0.1408872
-0.1397661
-0.1401877
-0.1421380
-0.1449558
-0.1477331
-0.1498794
-0.1514028
-0.1523995
-0.1521263
-0.1491232
-0.1431554
-0.1370571
-0.1352348
-0.1387551
-0.1421374
-0.1371971
-0.1218614
-0.1043203
-0.0958184
-0.0982587
-0.1009585
-0.0921228
-0.0727839
-0.0560754
-0.0516048
-0.0541387
-0.0516859
-0.0421577
-0.0327090
-0.0157534
0.0490071
0.2121163
0.4781951
0.7691165
0.9544291
0.9357367
0.7149274
0.3859444
0.0598489
-0.2074527
-0.4253247
-0.6215109
-0.7941297
-0.9081690
-0.9306125
-0.8627995
-0.7400257
-0.6054270
-0.4862829
-0.3901676
-0.3152408
-0.2593377
-0.2209568
-0.1967174
-0.1814780
-0.1711200
-0.1639199
-0.1587990
-0.1531557
-0.1435849
-0.1291430
-0.1133842
-0.1021491
-0.0984208
-0.0990735
-0.0971548
-0.0881054
-0.0740325
-0.0615231
-0.0548450
-0.0514697
-0.0448182
-0.0313817
-0.0141897
0.0016190
0.0162129
0.0365054
0.0690352
0.1117302
0.1540185
0.1859757
0.2072352
0.2264145
0.2518393
0.2833351
0.3132130
0.3345993
0.3480418
0.3601112
0.3765008
0.3971117
0.4173767
0.4333469
0.4451234
0.4560013
0.4691534
0.4852609
0.5026315
0.5187804
0.5316902
0.5400023
0.5425609
0.5379919
0.5247155
0.5015678
0.4688609
0.4290571
0.3860193
0.3428921
0.3003134
0.2568680
0.2116630
0.1664935
0.1250707
0.0897199
0.0589663
0.0289940
-0.0020082
-0.0310569
-0.0524448
-0.0630450
-0.0657052
-0.0673167
-0.0732904
-0.0834460
-0.0927675
-0.0960327
-0.0921971
-0.0849816
-0.0794282
-0.0774288
-0.0760067
-0.0699346
-0.0566735
-0.0393839
-0.0250534
-0.0190653
-0.0210965
-0.0262442
-0.0301667
-0.0329647
-0.0380203
-0.0474723
-0.0593663
-0.0692888
-0.0744109
-0.0757574
-0.0768754
-0.0806687
-0.0873214
-0.0946219
-0.0999514
-0.1023871
-0.1035195
-0.1061781
-0.1116192
-0.1175722
-0.1197196
-0.1161180
-0.1102378
-0.1086205
-0.1146194
-0.1246169
-0.1312374
-0.1306576
-0.1263608
-0.1252817
-0.1304766
-0.1381136
-0.1416840
-0.1385737
-0.1321397
-0.1278818
-0.1284190
-0.1321386
-0.1356397
-0.1366630
-0.1351728
-0.1327776
-0.1313605
-0.1312986
-0.1302729
-0.1245071
-0.1125270
-0.0978910
-0.0868464
-0.0821092
-0.0796198
-0.0731288
-0.0622265
-0.0539141
-0.0545997
-0.0617301
-0.0661679
-0.0634264
-0.0595953
-0.0633546
-0.0736969
-0.0799832
-0.0749257
-0.0611815
-0.0372320
0.0224647
0.1602633
0.3916871
0.6620412
0.8552063
0.8636501
0.6656413
0.3402401
0.0050675
-0.2664689
-0.4758821
-0.6602706
-0.8319385
-0.9582222
-0.9943925
-0.9290580
-0.7962309
-0.6481574
-0.5206265
-0.4216001
-0.3444015
-0.2843768
-0.2425385
-0.2186415
-0.2061674
-0.1956032
-0.1814503
-0.1652005
-0.1519594
-0.1447506
-0.1416971
-0.1378012
-0.1290594
-0.1152426
-0.0992164
-0.0837295
-0.0688448
-0.0525481
-0.0337570
-0.0142270
0.0030057
0.0169395
0.0297366
0.0441861
0.0603590
0.0753800
0.0867647
0.0957636
0.1070463
0.1248836
0.1496019
0.1777356
0.2054756
0.2317994
0.2583730
0.2868930
0.3169755
0.3466304
0.3743507
0.4002658
0.4251119
0.4483554
0.4678722
0.4819174
0.4913940
0.4997038
0.5098454
0.5214998
0.5311225
0.5350123
0.5321473
0.5237699
0.5102617
0.4890853
0.4567466
0.4131997
0.3636926
0.3151619
0.2703546
0.2260883
0.1780862
0.1275045
0.0818838
0.0489404
0.0293979
0.0163596
0.0019481
-0.0156651
-0.0318928
-0.0417658
-0.0454594
-0.0476322
-0.0521010
-0.0581638
-0.0623051
-0.0627493
-0.0615860
-0.0624224
-0.0665573
-0.0720099
-0.0762806
-0.0794613
-0.0839341
-0.0908697
-0.0976550
-0.0996591
-0.0949209
-0.0867199
-0.0808759
-0.0802903
-0.0825354
-0.0832197
-0.0813702
-0.0804943
-0.0838495
-0.0895631
-0.0919510
-0.0881295
-0.0822109
-0.0816268
-0.0892781
-0.1004252
-0.1080172
-0.1104185
-0.1126331
-0.1196399
-0.1296972
-0.1356410
-0.1329468
-0.1253345
-0.1213082
-0.1252161
-0.1325035
-0.1341660
-0.1256206
-0.1109877
-0.0989165
-0.0945176
-0.0952480
-0.0942268
-0.0872732
-0.0767678
-0.0688903
-0.0673261
-0.0698939
-0.0714883
-0.0701180
-0.0692809
-0.0736366
-0.0826787
-0.0902486
-0.0914368
-0.0890018
-0.0907576
-0.1000185
-0.1107259
-0.1141709
-0.1095773
-0.1048937
-0.1061594
-0.1093487
-0.1064412
-0.0983702
-0.0963264
-0.1070200
-0.1207131
-0.1206209
-0.1038903
-0.0835224
-0.0605709
0.0010821
0.1545457
0.4078527
0.6803925
0.8354334
0.7749098
0.5145462
0.1688738
-0.1400360
-0.3653380
-0.5393276
-0.7089253
-0.8745714
-0.9886642
-1.0036052
-0.9155656
-0.7656963
-0.6073142
-0.4741780
-0.3729648
-0.2956116
-0.2338467
-0.1848009
-0.1487294
-0.1249325
-0.1098929
-0.0983849
-0.0864187
-0.0736267
-0.0626565
-0.0557578
-0.0521073
-0.0490035
-0.0454148
-0.0431616
-0.0438679
-0.0454410
-0.0428984
-0.0331868
-0.0186025
-0.0047632
0.0047761
0.0114871
0.0195863
0.0315870
0.0467148
0.0632836
0.0814434
0.1028626
0.1281303
0.1553733
0.1817708
0.2061383
0.2297859
0.2549845
0.2827798
0.3122174
0.3414223
0.3692027
0.3955699
0.4208831
0.4447675
0.4659914
0.4833076
0.4963171
0.5055968
0.5121540
0.5167773
0.5196891
0.5204193
0.5177088
0.5097034
0.4948737
0.4731958
0.4461647
0.4151137
0.3796587
0.3386182
0.2928548
0.2464460
0.2038868
0.1658765
0.1287689
0.0891518
0.0488852
0.0145612
-0.0088427
-0.0234976
-0.0370903
-0.0554013
-0.0769713
-0.0953059
-0.1056214
-0.1086900
-0.1085876
-0.1081626
-0.1074891
-0.1058897
-0.1039303
-0.1028534
-0.1028389
-0.1028423
-0.1021665
-0.1013421
-0.1009853
-0.1003995
-0.0981649
-0.0939693
-0.0889156
-0.0837241
-0.0775893
-0.0698430
-0.0624736
-0.0596632
-0.0638595
-0.0725344
-0.0797739
-0.0817692
-0.0807016
-0.0826549
-0.0911620
-0.1026851
-0.1088568
-0.1039517
-0.0908369
-0.0794598
-0.0783866
-0.0867886
-0.0950716
-0.0946917
-0.0876179
-0.0846029
-0.0929747
-0.1075601
-0.1161271
-0.1135044
-0.1068861
-0.1053431
-0.1076344
-0.1055953
-0.0980914
-0.0913933
-0.0767484
-0.0127899
0.1500203
0.4088402
0.6716114
0.7987039
0.7031347
0.4205432
0.0790556
-0.2047435
-0.4046429
-0.5688778
-0.7390484
-0.8945099
-0.9746109
-0.9438012
-0.8260497
-0.6791575
-0.5464713
-0.4377457
-0.3473796
-0.2766855
-0.2330008
-0.2143717
-0.2053792
-0.1909877
-0.1704796
-0.1543529
-0.1490829
-0.1485682
-0.1413889
-0.1240272
-0.1047581
-0.0949661
-0.0981109
-0.1070646
-0.1106224
-0.1020176
-0.0826905
-0.0597361
-0.0397879
-0.0238879
-0.0072209
0.0158288
0.0455228
0.0754032
0.0976153
0.1103336
0.1201457
0.1366682
0.1642034
0.1984565
0.2315519
0.2602078
0.2886217
0.3231255
0.3643006
0.4048833
0.4357733
0.4541710
0.4657557
0.4789014
0.4969580
0.5163244
0.5316122
0.5416514
0.5497282
0.5583434
0.5647549
0.5621694
0.5451507
0.5138861
0.4737532
0.4311655
0.3894117
0.3475190
0.3025037
0.2529876
0.2013971
0.1529764
0.1121122
0.0788671
0.0490814
0.0184933
-0.0129531
-0.0412029
-0.0625764
-0.0775774
-0.0897368
-0.1011230
-0.1099647
-0.1130643
-0.1100306
-0.1045467
-0.1014791
-0.1030177
-0.1074608
-0.1110767
-0.1108121
-0.1059474
-0.0983406
-0.0911905
-0.0862893
-0.0816260
-0.0728011
-0.0585895
-0.0448022
-0.0400312
-0.0458088
-0.0526333
-0.0491090
-0.0358663
-0.0272925
-0.0359859
-0.0564379
-0.0691884
-0.0640429
-0.0544491
-0.0594948
-0.0676439
-0.0263364
0.1169203
0.3519232
0.5850205
0.6920934
0.6064705
0.3650717
0.0724785
-0.1815521
-0.3760060
-0.5427245
-0.7085857
-0.8574888
-0.9442740
-0.9379148
-0.8485038
-0.7171125
-0.5855887
-0.4758056
-0.3903778
-0.3247090
-0.2753437
-0.2402008
-0.2161574
-0.1990544
-0.1854219
-0.1731658
-0.1611251
-0.1490667
-0.1378867
-0.1285159
-0.1201058
-0.1101755
-0.0974512
-0.0842367
-0.0748549
-0.0710824
-0.0694552
-0.0638959
-0.0514567
-0.0351998
-0.0208628
-0.0105631
-0.0001341
0.0171477
0.0443714
0.0784096
0.1129399
0.1438088
0.1720492
0.2023966
0.2387935
0.2805701
0.3224137
0.3581991
0.3855755
0.4076174
0.4302443
0.4573977
0.4877493
0.5157149
0.5360989
0.5482871
0.5560196
0.5629301
0.5682314
0.5667525
0.5532712
0.5270592
0.4924186
0.4546915
0.4155132
0.3719659
0.3205267
0.2618558
0.2016599
0.1468995
0.1009683
0.0619765
0.0252960
-0.0118613
-0.0475810
-0.0766210
-0.0950455
-0.1040090
-0.1090925
-0.1157159
-0.1248601
-0.1329828
-0.1361066
-0.1342227
-0.1317597
-0.1334739
-0.1396705
-0.1456077
-0.1458886
-0.1396516
-0.1316124
-0.1279925
-0.1309923
-0.1367476
-0.1387954
-0.1341369
-0.1261379
-0.1211057
-0.1217227
-0.1240441
-0.1212592
-0.1105209
-0.0962161
-0.0866711
-0.0873364
-0.0964215
-0.1066170
-0.1111727
-0.1088754
-0.1038194
-0.1009050
-0.1016003
-0.1034410
-0.1028797
-0.0985142
-0.0922075
-0.0878340
-0.0890100
-0.0970334
-0.1095636
-0.1210198
-0.1260757
-0.1248684
-0.1242588
-0.1311427
-0.1434715
-0.1507489
-0.1460758
-0.1343405
-0.1202593
-0.0845710
0.0192306
0.2269381
0.5094321
0.7591268
0.8476128
0.7162549
0.4202656
0.0835262
-0.1951362
-0.3989546
-0.5690543
-0.7358765
-0.8793196
-0.9506810
-0.9235525
-0.8187820
-0.6845184
-0.5592788
-0.4549833
-0.3676768
-0.2950602
-0.2409443
-0.2077451
-0.1907135
-0.1808538
-0.1713786
-0.1604021
-0.1490154
-0.1384973
-0.1292301
-0.1210140
-0.1136353
-0.1072242
-0.1023605
-0.0996686
-0.0987027
-0.0969146
-0.0904014
-0.0768906
-0.0584473
-0.0405158
-0.0273969
-0.0184652
-0.0090153
0.0051235
0.0237442
0.0427713
0.0585404
0.0717548
0.0871636
0.1090951
0.1373716
0.1678344
0.1966276
0.2234975
0.2510828
0.2816837
0.3148450
0.3474445
0.3757870
0.3981205
0.4157805
0.4319834
0.4490961
0.4665554
0.4811755
0.4897580
0.4919150
0.4902286
0.4868247
0.4795018
0.4622032
0.4304409
0.3862820
0.3373208
0.2904698
0.2468528
0.2026385
0.1546087
0.1049264
0.0604498
0.0270326
0.0042491
-0.0140538
-0.0337256
-0.0548029
-0.0719261
-0.0801196
-0.0804216
-0.0801333
-0.0871093
-0.1028530
-0.1208615
-0.1322215
-0.1332644
-0.1279067
-0.1230107
-0.1221281
-0.1235954
-0.1237180
-0.1211385
-0.1182231
-0.1184259
-0.1223561
-0.1266608
-0.1270848
-0.1226153
-0.1165284
-0.1135686
-0.1160835
-0.1222365
-0.1274798
-0.1282979
-0.1253558
-0.1229897
-0.1250551
-0.1311001
-0.1367954
-0.1381838
-0.1355597
-0.1332809
-0.1354913
-0.1416338
-0.1466374
-0.1464490
-0.1429995
-0.1420335
-0.1456039
-0.1486591
-0.1448244
-0.1345653
-0.1252047
-0.1223976
-0.1238249
-0.1233467
-0.1201730
-0.1202112
-0.1267219
-0.1333992
-0.1320314
-0.1254275
-0.1223276
-0.1109224
-0.0434779
0.1333275
0.4158201
0.7103142
0.8771722
0.8263249
0.5816228
0.2550405
-0.0437406
-0.2775206
-0.4732080
-0.6584969
-0.8166041
-0.9011025
-0.8841970
-0.7832782
-0.6444601
-0.5089502
-0.3963628
-0.3109986
-0.2528815
-0.2191518
-0.2002649
-0.1830626
-0.1614289
-0.1418214
-0.1347910
-0.1410922
-0.1490827
-0.1469322
-0.1352056
-0.1254214
-0.1269732
-0.1371811
-0.1444850
-0.1405832
-0.1286392
-0.1191165
-0.1179830
-0.1205719
-0.1178221
-0.1067310
-0.0923285
-0.0800137
-0.0686949
-0.0522981
-0.0263382
0.0079523
0.0448926
0.0786646
0.1067274
0.1300273
0.1511019
0.1729199
0.1985861
0.2294257
0.2623479
0.2914756
0.3144034
0.3353641
0.3601286
0.3887539
0.4153954
0.4348383
0.4476170
0.4587856
0.4724172
0.4869429
0.4957702
0.4934831
0.4812508
0.4643803
0.4447742
0.4185499
0.3817268
0.3355583
0.2852207
0.2355733
0.1889057
0.1442821
0.0985039
0.0505332
0.0054225
-0.0293661
-0.0521059
-0.0680219
-0.0823462
-0.0961792
-0.1090899
-0.1205223
-0.1280255
-0.1299662
-0.1310452
-0.1382949
-0.1495177
