-0.3166221
-0.3826485
-0.3148812
-0.2689686
-0.2830474
-0.2814905
-0.2478076
-0.2422245
-0.2726990
-0.2801066
-0.2488988
-0.2267995
-0.2325924
-0.2328244
-0.2134073
-0.1992425
-0.1993025
-0.1947343
-0.1814336
-0.1710858
-0.1553384
-0.1182250
-0.0764162
-0.0612788
-0.0690307
-0.0691469
-0.0516365
-0.0289642
-0.0042742
0.0259034
0.0493090
0.0513740
0.0402159
0.0312397
0.0204718
-0.0018481
-0.0258143
-0.0333654
-0.0219982
0.0009149
0.0313912
0.0609705
0.0746646
0.0727290
0.0758661
0.0940240
0.1083217
0.0972400
0.0629603
0.0206977
-0.0193202
-0.0485208
-0.0572117
-0.0468572
-0.0315409
-0.0207114
-0.0137621
-0.0133190
-0.0265917
-0.0504254
-0.0710493
-0.0813842
-0.0855272
-0.0875920
-0.0898281
-0.0972698
-0.1086875
-0.1094015
-0.0916593
-0.0756668
-0.0875552
-0.1179145
-0.1257334
-0.0905425
-0.0448608
-0.0436264
-0.1033386
-0.1752693
-0.1846565
-0.1036101
0.0225314
0.1405266
0.2753902
0.5127386
0.8717242
1.2213342
1.3632166
1.2065876
0.8499574
0.4914800
0.2677363
0.1732025
0.1155703
0.0304648
-0.0657532
-0.1256097
-0.1435344
-0.1578955
-0.1936936
-0.2342471
-0.2544440
-0.2574701
-0.2653655
-0.2870114
-0.3079625
-0.3063339
-0.2726090
-0.2182596
-0.1677658
-0.1388007
-0.1303538
-0.1318838
-0.1373144
-0.1433401
-0.1414796
-0.1231012
-0.0897709
-0.0510410
-0.0160300
0.0067260
0.0091577
-0.0057937
-0.0184589
-0.0084427
0.0243993
0.0611854
0.0837679
0.0888804
0.0868781
0.0911899
0.1058514
0.1215030
0.1282473
0.1315887
0.1462990
0.1733059
0.1943664
0.1949843
0.1829514
0.1771499
0.1844573
0.1942571
0.1923598
0.1759790
0.1556774
0.1421744
0.1303453
0.1020764
0.0507676
-0.0037052
-0.0349000
-0.0407745
-0.0432599
-0.0591310
-0.0842519
-0.1078286
-0.1287184
-0.1499955
-0.1651511
-0.1608317
-0.1361762
-0.1134053
-0.1187591
-0.1484327
-0.1650060
-0.1439853
-0.1179843
-0.1471243
-0.2341357
-0.2936005
-0.2329561
-0.0551921
0.1498952
0.3238235
0.5192096
0.8277457
1.2254998
1.5216172
1.5006278
1.1307265
0.6151683
0.2193132
0.0501638
0.0128958
-0.0378629
-0.1422500
-0.2340888
-0.2539617
-0.2237516
-0.2101886
-0.2431370
-0.2883532
-0.2949060
-0.2531299
-0.1989546
-0.1708468
-0.1766456
-0.2013118
-0.2292433
-0.2485468
-0.2460151
-0.2156006
-0.1710814
-0.1378004
-0.1285903
-0.1338548
-0.1360125
-0.1282213
-0.1179811
-0.1163816
-0.1252545
-0.1339418
-0.1294228
-0.1096278
-0.0843970
-0.0638050
-0.0494152
-0.0362825
-0.0178562
0.0110324
0.0488532
0.0834147
0.1005704
0.1003574
0.0986495
0.1091366
0.1285784
0.1437207
0.1487339
0.1509691
0.1601827
0.1749485
0.1816479
0.1686014
0.1402573
0.1124816
0.0927051
0.0721888
0.0423696
0.0097097
-0.0158644
-0.0403431
-0.0774824
-0.1203695
-0.1380719
-0.1131304
-0.0751217
-0.0794703
-0.1448730
-0.2217064
-0.2396767
-0.1888053
-0.1308251
-0.1072356
-0.0467002
0.1943210
0.6683606
1.2241641
1.5884939
1.5816472
1.2584311
0.8428634
0.5331484
0.3679180
0.2601715
0.1291554
-0.0197452
-0.1317213
-0.1832673
-0.2041264
-0.2304966
-0.2629771
-0.2787663
-0.2700132
-0.2560318
-0.2602371
-0.2840929
-0.3065382
-0.3067224
-0.2851987
-0.2617652
-0.2535284
-0.2586947
-0.2630113
-0.2572043
-0.2437994
-0.2300485
-0.2195298
-0.2099958
-0.1959201
-0.1737565
-0.1469044
-0.1240147
-0.1103966
-0.1027227
-0.0933527
-0.0771662
-0.0530920
-0.0230436
0.0078831
0.0333267
0.0508782
0.0638572
0.0768094
0.0918197
0.1099998
0.1327213
0.1589612
0.1837604
0.2013308
0.2088727
0.2076983
0.2025894
0.1990168
0.1978011
0.1929591
0.1777810
0.1522753
0.1216819
0.0893117
0.0552585
0.0214711
-0.0068418
-0.0262024
-0.0385847
-0.0494022
-0.0630570
-0.0796666
-0.0946975
-0.1031200
-0.1051598
-0.1058379
-0.1076717
-0.1074107
-0.1027527
-0.0988616
-0.1037576
-0.1183009
-0.1342359
-0.1424957
-0.1420865
-0.1406016
-0.1452458
-0.1520403
-0.1461295
-0.1173570
-0.0749226
-0.0404398
-0.0242867
-0.0141700
0.0087066
0.0452794
0.0753875
0.0794728
0.0612067
0.0461223
0.0556191
0.0823966
0.0955193
0.0727227
0.0246856
-0.0167727
-0.0321794
-0.0311640
-0.0375866
-0.0646957
-0.1068361
-0.1505568
-0.1886606
-0.2222156
-0.2508779
-0.2660978
-0.2593852
-0.2372552
-0.2209204
-0.2258776
-0.2451454
-0.2584133
-0.2563881
-0.2496736
-0.2514259
-0.2565639
-0.2461069
-0.2157192
-0.1941424
-0.2203676
-0.2953463
-0.3653769
-0.3685152
-0.2971908
-0.1974456
-0.0960362
0.0562720
0.3410727
0.7589909
1.1711415
1.3771696
1.2708206
0.9262215
0.5317824
0.2398188
0.0768411
-0.0184590
-0.0996005
-0.1685675
-0.2074805
-0.2203500
-0.2303004
-0.2493006
-0.2676818
-0.2739026
-0.2733721
-0.2810100
-0.2994246
-0.3130913
-0.3073226
-0.2877554
-0.2746688
-0.2793996
-0.2930850
-0.2997015
-0.2934210
-0.2795551
-0.2642587
-0.2496964
-0.2371246
-0.2284658
-0.2235159
-0.2187499
-0.2106188
-0.1991686
-0.1873635
-0.1764931
-0.1630523
-0.1424820
-0.1169924
-0.0964228
-0.0875563
-0.0841858
-0.0723884
-0.0458948
-0.0125634
0.0147359
0.0299273
0.0354281
0.0357287
0.0320952
0.0227686
0.0067361
-0.0132685
-0.0317841
-0.0442101
-0.0480689
-0.0413579
-0.0232220
0.0021561
0.0258916
0.0423318
0.0554102
0.0739863
0.1007086
0.1266573
0.1366072
0.1201426
0.0811602
0.0386464
0.0150659
0.0192690
0.0393665
0.0534319
0.0481512
0.0283799
0.0104351
0.0062928
0.0127181
0.0151300
0.0024243
-0.0227851
-0.0487238
-0.0658986
-0.0713120
-0.0653167
-0.0512834
-0.0382425
-0.0360979
-0.0437774
-0.0469712
-0.0345354
-0.0168158
-0.0204843
-0.0591015
-0.1104649
-0.1311320
-0.0979134
-0.0280457
0.0531024
0.1624755
0.3579655
0.6675711
1.0206700
1.2679681
1.2879683
1.0828117
0.7728002
0.4984687
0.3241591
0.2239153
0.1423716
0.0560852
-0.0210231
-0.0731874
-0.1060058
-0.1345618
-0.1621409
-0.1795352
-0.1812252
-0.1745756
-0.1721549
-0.1787863
-0.1879266
-0.1896898
-0.1812429
-0.1689158
-0.1605600
-0.1574068
-0.1543139
-0.1463005
-0.1328798
-0.1171994
-0.1035140
-0.0952620
-0.0933576
-0.0957437
-0.0991603
-0.1005343
-0.0961284
-0.0819300
-0.0580286
-0.0319267
-0.0141918
-0.0089373
-0.0085546
0.0018627
0.0333812
0.0834788
0.1362388
0.1747147
0.1954020
0.2095248
0.2286757
0.2505276
0.2606480
0.2482637
0.2193571
0.1940221
0.1898775
0.2059883
0.2226844
0.2189709
0.1911634
0.1540132
0.1241467
0.1040369
0.0820598
0.0465938
-0.0001364
-0.0413176
-0.0597637
-0.0549825
-0.0451402
-0.0492467
-0.0677520
-0.0839843
-0.0850697
-0.0772987
-0.0776426
-0.0920853
-0.1073176
-0.1064831
-0.0903407
-0.0769562
-0.0786918
-0.0862903
-0.0839102
-0.0768924
-0.0908587
-0.1354736
-0.1782325
-0.1688500
-0.0907058
0.0254517
0.1486698
0.2999216
0.5358642
0.8658302
1.1907482
1.3471826
1.2341236
0.9046568
0.5296224
0.2657917
0.1521270
0.1193198
0.0812680
0.0101049
-0.0648996
-0.1096938
-0.1240189
-0.1320429
-0.1473485
-0.1568555
-0.1399755
-0.0974827
-0.0561710
-0.0451612
-0.0698971
-0.1089237
-0.1339014
-0.1328003
-0.1159918
-0.1018899
-0.0980222
-0.0969119
-0.0889252
-0.0752032
-0.0659479
-0.0685039
-0.0801823
-0.0920031
-0.0968378
-0.0936880
-0.0859391
-0.0766218
-0.0654444
-0.0503689
-0.0314141
-0.0116675
0.0055888
0.0197860
0.0331957
0.0491641
0.0696298
0.0925451
0.1119415
0.1228518
0.1269275
0.1315389
0.1424984
0.1588058
0.1749766
0.1870647
0.1951506
0.2001035
0.1986946
0.1833135
0.1488172
0.1006752
0.0541158
0.0221880
0.0044691
-0.0107281
-0.0327579
-0.0585942
-0.0769540
-0.0819782
-0.0817029
-0.0904858
-0.1107389
-0.1245737
-0.1106880
-0.0732820
-0.0481677
-0.0697925
-0.1287991
-0.1687270
-0.1323059
-0.0104255
0.1617015
0.3581052
0.5981827
0.9090225
1.2456547
1.4690021
1.4356021
1.1277214
0.6898839
0.3228695
0.1326325
0.0762445
0.0420874
-0.0327194
-0.1247042
-0.1819905
-0.1938433
-0.1948246
-0.2151230
-0.2468562
-0.2629675
-0.2554666
-0.2431687
-0.2459348
-0.2629561
-0.2787662
-0.2822435
-0.2737545
-0.2578104
-0.2365648
-0.2125857
-0.1933311
-0.1874297
-0.1952603
-0.2058277
-0.2055358
-0.1899400
-0.1659246
-0.1436555
-0.1285173
-0.1196245
-0.1121788
-0.1001902
-0.0803541
-0.0559398
-0.0351453
-0.0230407
-0.0158956
-0.0058430
0.0088341
0.0205523
0.0216156
0.0161977
0.0203491
0.0467335
0.0887600
0.1229836
0.1303535
0.1144938
0.0966962
0.0933210
0.1007237
0.1026104
0.0890599
0.0657843
0.0455350
0.0331464
0.0209657
-0.0012510
-0.0341377
-0.0681225
-0.0936722
-0.1090779
-0.1180066
-0.1233705
-0.1264387
-0.1295106
-0.1351733
-0.1425569
-0.1474320
-0.1476874
-0.1471336
-0.1517457
-0.1620779
-0.1711918
-0.1715322
-0.1629410
-0.1514495
-0.1400327
-0.1243864
-0.1010374
-0.0768827
-0.0644949
-0.0659916
-0.0657128
-0.0432594
0.0060647
0.0655116
0.1117302
0.1348883
0.1448861
0.1589663
0.1833262
0.2059909
0.2070369
0.1762689
0.1223457
0.0653821
0.0192170
-0.0210081
-0.0729865
-0.1461853
-0.2264538
-0.2854140
-0.3075063
-0.3049051
-0.3025482
-0.3111100
-0.3201298
-0.3173909
-0.3077654
-0.3073090
-0.3217502
-0.3386414
-0.3434391
-0.3370861
-0.3306287
-0.3255724
-0.3115488
-0.2892359
-0.2851235
-0.3274427
-0.4052315
-0.4650392
-0.4586707
-0.3865668
-0.2786849
-0.1327898
0.1058788
0.4784317
0.9216285
1.2632530
1.3349675
1.1059919
0.7084459
0.3303890
0.0815765
-0.0492125
-0.1316413
-0.2112968
-0.2854763
-0.3349729
-0.3571375
-0.3659069
-0.3725999
-0.3769820
-0.3755730
-0.3712600
-0.3714369
-0.3795464
-0.3915063
-0.3994093
-0.3967869
-0.3822405
-0.3618596
-0.3477474
-0.3492292
-0.3626791
-0.3727826
-0.3673771
-0.3501799
-0.3357894
-0.3321494
-0.3313977
-0.3203164
-0.2978853
-0.2782146
-0.2739769
-0.2794617
-0.2746400
-0.2472254
-0.2069833
-0.1747711
-0.1594610
-0.1505227
-0.1339129
-0.1101338
-0.0920927
-0.0866276
-0.0837578
-0.0679811
-0.0388289
-0.0155559
-0.0183020
-0.0459543
-0.0762249
-0.0883226
-0.0823155
-0.0737616
-0.0717282
-0.0669374
-0.0435035
-0.0000601
0.0443198
0.0671363
0.0648892
0.0563936
0.0620255
0.0805345
0.0891747
0.0680042
0.0223736
-0.0205768
-0.0374839
-0.0296539
-0.0186675
-0.0228003
-0.0394980
-0.0517504
-0.0501135
-0.0448665
-0.0540767
-0.0815304
-0.1108672
-0.1233358
-0.1183930
-0.1126221
-0.1181187
-0.1267377
-0.1209281
-0.0995084
-0.0850362
-0.0984426
-0.1289722
-0.1404017
-0.1137393
-0.0769964
-0.0802750
-0.1387436
-0.2098277
-0.2343686
-0.1938701
-0.1136227
-0.0079970
0.1583045
0.4304514
0.7790064
1.0732350
1.1642124
1.0080017
0.7058362
0.4195573
0.2469191
0.1731075
0.1255605
0.0570431
-0.0257691
-0.0951725
-0.1414229
-0.1751333
-0.2047702
-0.2257441
-0.2319976
-0.2284384
-0.2258383
-0.2275530
-0.2278120
-0.2226345
-0.2165873
-0.2162193
-0.2201974
-0.2195507
-0.2071978
-0.1851763
-0.1626938
-0.1487973
-0.1468563
-0.1536013
-0.1613015
-0.1617615
-0.1513729
-0.1341154
-0.1182171
-0.1077427
-0.0979811
-0.0811844
-0.0564589
-0.0309415
-0.0100448
0.0106157
0.0407761
0.0840653
0.1334800
0.1776768
0.2086221
0.2223733
0.2166054
0.1928826
0.1623290
0.1440873
0.1518774
0.1800856
0.2059723
0.2087758
0.1869747
0.1563099
0.1324661
0.1175820
0.1022404
0.0769155
0.0404071
0.0000579
-0.0335931
-0.0535786
-0.0611502
-0.0646608
-0.0719907
-0.0826477
-0.0885457
-0.0844832
-0.0769737
-0.0792276
-0.0958572
-0.1156947
-0.1234201
-0.1165479
-0.1056849
-0.0980464
-0.0886278
-0.0736459
-0.0666761
-0.0880990
-0.1330607
-0.1588449
-0.1162896
0.0057719
0.1778435
0.3758400
0.6159788
0.9217086
1.2494926
1.4675675
1.4396081
1.1472807
0.7267178
0.3714095
0.1888580
0.1429712
0.1228233
0.0551528
-0.0480196
-0.1315931
-0.1640010
-0.1580223
-0.1418669
-0.1279439
-0.1127807
-0.0956072
-0.0857431
-0.0919410
-0.1113954
-0.1322549
-0.1440012
-0.1430941
-0.1311899
-0.1123055
-0.0925470
-0.0791255
-0.0758155
-0.0788197
-0.0795013
-0.0732582
-0.0651484
-0.0648102
-0.0752913
-0.0882327
-0.0911385
-0.0788999
-0.0573703
-0.0359833
-0.0179373
0.0018287
0.0293019
0.0627829
0.0923754
0.1087562
0.1127357
0.1158183
0.1304429
0.1583729
0.1877435
0.2022756
0.1958019
0.1793686
0.1728144
0.1866024
0.2107862
0.2229966
0.2085414
0.1726989
0.1334123
0.1034912
0.0816297
0.0598532
0.0357206
0.0137368
-0.0038969
-0.0223492
-0.0464042
-0.0706466
-0.0834699
-0.0819352
-0.0767566
-0.0776541
-0.0777648
-0.0619023
-0.0330546
-0.0215400
-0.0556529
-0.1213290
-0.1612656
-0.1240796
-0.0119736
0.1310393
0.2806890
0.4682713
0.7368516
1.0584945
1.3111565
1.3588539
1.1655002
0.8295291
0.5047567
0.2866757
0.1690407
0.0930526
0.0195789
-0.0489378
-0.0981561
-0.1301503
-0.1573089
-0.1819888
-0.1959522
-0.1984307
-0.2031421
-0.2217019
-0.2460056
-0.2551257
-0.2397956
-0.2141175
-0.2000834
-0.2039016
-0.2116274
-0.2069239
-0.1885862
-0.1691547
-0.1597694
-0.1597024
-0.1594858
-0.1507955
-0.1327306
-0.1111833
-0.0936815
-0.0832074
-0.0752307
-0.0616165
-0.0391010
-0.0133747
0.0069628
0.0200531
0.0317423
0.0460505
0.0579361
0.0596494
0.0540405
0.0566846
0.0807532
0.1209047
0.1561231
0.1696652
0.1636244
0.1524625
0.1455439
0.1405054
0.1332289
0.1282859
0.1341336
0.1484257
0.1531693
0.1291673
0.0764573
0.0186784
-0.0153744
-0.0164566
-0.0022535
-0.0002384
-0.0224125
-0.0560900
-0.0791463
-0.0837668
-0.0837200
-0.0969756
-0.1225540
-0.1387221
-0.1269409
-0.0951405
-0.0714976
-0.0728853
-0.0840356
-0.0741716
-0.0343331
0.0085121
0.0200540
-0.0008127
-0.0167429
0.0099347
0.0778881
0.1499984
0.1935247
0.2102419
0.2246790
0.2494951
0.2711822
0.2701732
0.2465704
0.2188001
0.1985222
0.1740757
0.1228171
0.0378758
-0.0605916
-0.1408404
-0.1848575
-0.1996117
-0.2066851
-0.2223448
-0.2456789
-0.2633016
-0.2647517
-0.2536582
-0.2436548
-0.2436928
-0.2499748
-0.2546516
-0.2594868
-0.2735373
-0.2943781
-0.2995108
-0.2685553
-0.2163388
-0.1922199
-0.2332807
-0.3184759
-0.3814139
-0.3753244
-0.3157177
-0.2441924
-0.1522291
0.0356177
0.3784916
0.8168676
1.1728181
1.2748800
1.0936921
0.7567285
0.4335689
0.2105568
0.0681419
-0.0460089
-0.1471838
-0.2157556
-0.2428617
-0.2497438
-0.2615254
-0.2792593
-0.2883597
-0.2860516
-0.2863495
-0.2975819
-0.3081688
-0.3032378
-0.2884635
-0.2853226
-0.3017331
-0.3179899
-0.3090576
-0.2755861
-0.2437800
-0.2348792
-0.2434403
-0.2494452
-0.2442149
-0.2354890
-0.2293623
-0.2184661
-0.1937711
-0.1616048
-0.1396329
-0.1357377
-0.1382023
-0.1301429
-0.1084211
-0.0830551
-0.0613949
-0.0408070
-0.0180595
0.0019736
0.0132883
0.0205867
0.0354133
0.0584792
0.0729608
0.0621151
0.0315406
0.0067139
0.0058596
0.0201233
0.0255566
0.0127644
-0.0014046
0.0065704
0.0403535
0.0812239
0.1101277
0.1264282
0.1423710
0.1629372
0.1768167
0.1685707
0.1363972
0.0950400
0.0623540
0.0459065
0.0424365
0.0458461
0.0516495
0.0550259
0.0501746
0.0352596
0.0162803
0.0023698
-0.0033210
-0.0057571
-0.0105071
-0.0170550
-0.0219098
-0.0258293
-0.0330855
-0.0431801
-0.0487621
-0.0456611
-0.0408087
-0.0429688
-0.0467079
-0.0363183
-0.0125424
-0.0068691
-0.0530734
-0.1400423
-0.2059285
-0.1929064
-0.1038457
0.0114985
0.1308366
0.3006285
0.5784477
0.9311114
1.2129580
1.2711948
1.0804910
0.7668853
0.4961741
0.3433947
0.2681773
0.1964441
0.1028485
0.0132885
-0.0478239
-0.0881378
-0.1265784
-0.1624801
-0.1790829
-0.1715069
-0.1573638
-0.1565149
-0.1691748
-0.1804138
-0.1814238
-0.1780179
-0.1781980
-0.1791900
-0.1716910
-0.1535715
-0.1337875
-0.1223936
-0.1205194
-0.1217808
-0.1206455
-0.1162587
-0.1090469
-0.0975494
-0.0807809
-0.0618798
-0.0463251
-0.0359731
-0.0268773
-0.0144395
0.0004206
0.0124352
0.0199010
0.0295817
0.0509024
0.0838802
0.1144611
0.1254327
0.1140247
0.0970465
0.0956232
0.1146626
0.1397956
0.1549072
0.1589516
0.1624090
0.1701054
0.1742429
0.1667749
0.1531637
0.1468834
0.1505641
0.1498965
0.1310110
0.0995638
0.0748581
0.0648556
0.0553568
0.0296489
-0.0062501
-0.0272757
-0.0193171
0.0025286
0.0114397
0.0002431
-0.0127804
-0.0098027
0.0032321
0.0056097
-0.0096859
-0.0258216
-0.0236392
-0.0070067
0.0004649
-0.0169507
-0.0492932
-0.0731719
-0.0771245
-0.0700624
-0.0664225
-0.0689722
-0.0690988
-0.0610953
-0.0515639
-0.0532441
-0.0713410
-0.0977737
-0.1185568
-0.1254113
-0.1203166
-0.1112405
-0.1057584
-0.1080037
-0.1182508
-0.1326186
-0.1436918
-0.1445300
-0.1347326
-0.1225168
-0.1185408
-0.1259864
-0.1376128
-0.1442988
-0.1456684
-0.1493479
-0.1591894
-0.1679919
-0.1654066
-0.1514240
-0.1374504
-0.1330917
-0.1361069
-0.1387328
-0.1406640
-0.1487179
-0.1613781
-0.1601771
-0.1256086
-0.0637013
-0.0097861
0.0020693
-0.0258428
-0.0546262
-0.0452980
0.0070560
0.0760144
0.1346937
0.1771287
0.2101283
0.2336213
0.2381189
0.2209631
0.1958589
0.1788870
0.1673865
0.1408867
0.0860287
0.0146436
-0.0489814
-0.0956260
-0.1374069
-0.1851818
-0.2289878
-0.2496213
-0.2460190
-0.2393293
-0.2455631
-0.2542637
-0.2458558
-0.2260667
-0.2258144
-0.2584834
-0.2913909
-0.2804252
-0.2329540
-0.2134335
-0.2697959
-0.3660765
-0.4127299
-0.3664587
-0.2736469
-0.1926624
-0.0883304
0.1534530
0.5788664
1.0491392
1.3093762
1.2001732
0.8011835
0.3585086
0.0739241
-0.0318533
-0.0686601
-0.1290552
-0.2100091
-0.2603829
-0.2653398
-0.2625424
-0.2880230
-0.3318402
-0.3561291
-0.3442394
-0.3178172
-0.3070787
-0.3168834
-0.3281234
-0.3252757
-0.3129291
-0.3051670
-0.3064178
-0.3076884
-0.2992993
-0.2827296
-0.2686797
-0.2653299
-0.2700579
-0.2723973
-0.2641366
-0.2464994
-0.2284142
-0.2181532
-0.2155951
-0.2116816
-0.1963318
-0.1685021
-0.1382902
-0.1174946
-0.1077300
-0.0991753
-0.0814615
-0.0542716
-0.0261683
-0.0043468
0.0122205
0.0290886
0.0477254
0.0630240
0.0703170
0.0731829
0.0811561
0.0981741
0.1150044
0.1159518
0.0940860
0.0591172
0.0296858
0.0178377
0.0205123
0.0252982
0.0240216
0.0205391
0.0250765
0.0414731
0.0614611
0.0724801
0.0705468
0.0641939
0.0649839
0.0738383
0.0770721
0.0578246
0.0139766
-0.0349193
-0.0612640
-0.0529401
-0.0239291
-0.0007613
0.0015786
-0.0102213
-0.0205374
-0.0243292
-0.0307796
-0.0479369
-0.0688656
-0.0785669
-0.0739514
-0.0698772
-0.0807058
-0.1004554
-0.1093290
-0.0998060
-0.0870755
-0.0878216
-0.0954118
-0.0879977
-0.0630450
-0.0520809
-0.0893019
-0.1677153
-0.2390989
-0.2623091
-0.2391793
-0.1877386
-0.0860577
0.1291076
0.4838104
0.8902906
1.1734737
1.1971022
0.9729253
0.6464627
0.3763299
0.2245873
0.1499805
0.0846854
0.0032965
-0.0746814
-0.1261939
-0.1522903
-0.1693338
-0.1873742
-0.2035673
-0.2114578
-0.2103009
-0.2054928
-0.2028174
-0.2021473
-0.1950707
-0.1698168
-0.1220824
-0.0630056
-0.0150972
0.0027304
-0.0113687
-0.0420986
-0.0694641
-0.0812111
-0.0751566
-0.0542972
-0.0241230
0.0063051
0.0267706
0.0338268
0.0348571
0.0408230
0.0549742
0.0709405
0.0816170
0.0867681
0.0903384
0.0926623
0.0890518
0.0773634
0.0647771
0.0636938
0.0796508
0.1050359
0.1264923
0.1374884
0.1417926
0.1459441
0.1517405
0.1565012
0.1571287
0.1515315
0.1381632
0.1174509
0.0936739
0.0726691
0.0559442
0.0382206
0.0132547
-0.0172567
-0.0430409
-0.0563778
-0.0628463
-0.0764366
-0.1020093
-0.1266723
-0.1332950
-0.1209592
-0.1061097
-0.1019348
-0.1024883
-0.0933780
-0.0762543
-0.0732592
-0.0995868
-0.1344332
-0.1300186
-0.0556318
0.0743654
0.2278765
0.4080840
0.6589809
0.9978668
1.3431756
1.5323220
1.4381004
1.0814451
0.6283128
0.2676678
0.0830203
0.0298064
0.0185155
0.0032145
-0.0084202
-0.0064169
-0.0118799
-0.0534798
-0.1264938
-0.1910060
-0.2113606
-0.1892072
-0.1553274
-0.1358824
-0.1330797
-0.1357132
-0.1383814
-0.1441340
-0.1528414
-0.1566287
-0.1501610
-0.1400477
-0.1386380
-0.1497262
-0.1640472
-0.1683290
-0.1558212
-0.1288432
-0.0956746
-0.0669553
-0.0514171
-0.0498203
-0.0516329
-0.0409680
-0.0099773
0.0328756
0.0705216
0.0947315
0.1133657
0.1378027
0.1662417
0.1854284
0.1894073
0.1901223
0.2044127
0.2329986
0.2580457
0.2628520
0.2501595
0.2376031
0.2362612
0.2382026
0.2278750
0.2028744
0.1776540
0.1651192
0.1595918
0.1432027
0.1080195
0.0669171
0.0408344
0.0377717
0.0462141
0.0481300
0.0367019
0.0210670
0.0146691
0.0203592
0.0276767
0.0236846
0.0046760
-0.0221341
-0.0452365
-0.0557867
-0.0511389
-0.0356382
-0.0188192
-0.0108624
-0.0175600
-0.0379243
-0.0654239
-0.0917170
-0.1107230
-0.1205956
-0.1230936
-0.1225947
-0.1255585
-0.1374641
-0.1570281
-0.1751464
-0.1837122
-0.1852294
-0.1892091
-0.1982132
-0.2033020
-0.1980513
-0.1928961
-0.2061574
-0.2376610
-0.2595284
-0.2442525
-0.2019052
-0.1764634
-0.1951949
-0.2301840
-0.2287030
-0.1848879
-0.1607244
-0.2162448
-0.3264846
-0.3935808
-0.3509850
-0.2347785
-0.1258671
-0.0256909
0.1751047
0.5722500
1.0945364
1.5052534
1.5838897
1.3127564
0.8813401
0.5135369
0.2992355
0.1814521
0.0706161
-0.0576100
-0.1677089
-0.2299111
-0.2552205
-0.2716923
-0.2885585
-0.2951933
-0.2865668
-0.2749835
-0.2741827
-0.2818560
-0.2852134
-0.2794008
-0.2724652
-0.2723456
-0.2756838
-0.2725597
-0.2590972
-0.2423119
-0.2331684
-0.2362633
-0.2459449
-0.2515603
-0.2462552
-0.2311991
-0.2127275
-0.1970291
-0.1871267
-0.1822584
-0.1785641
-0.1716005
-0.1595847
-0.1438295
-0.1259886
-0.1064403
-0.0860081
-0.0676228
-0.0547699
-0.0482988
-0.0445566
-0.0362035
-0.0166370
0.0131221
0.0415907
0.0542558
0.0466206
0.0295043
0.0202167
0.0282300
0.0488713
0.0695357
0.0812279
0.0843137
0.0837492
0.0806434
0.0714936
0.0560974
0.0420082
0.0371047
0.0390785
0.0365005
0.0212763
-0.0024111
-0.0226852
-0.0318298
-0.0318912
-0.0285950
-0.0216730
-0.0046617
0.0235023
0.0496912
0.0561386
0.0419838
0.0313571
0.0541799
0.1171432
0.1950523
0.2518502
0.2708633
0.2659528
0.2644325
0.2795232
0.2997099
0.3042731
0.2862607
0.2576929
0.2340242
0.2174881
0.1959917
0.1550270
0.0897510
0.0087446
-0.0712737
-0.1354508
-0.1783806
-0.2040185
-0.2195950
-0.2298407
-0.2356917
-0.2372274
-0.2376657
-0.2433237
-0.2570346
-0.2719036
-0.2765020
-0.2692507
-0.2632990
-0.2711507
-0.2861077
-0.2869631
-0.2652606
-0.2430689
-0.2553858
-0.3117865
-0.3802449
-0.4149372
-0.3971897
-0.3368901
-0.2279334
-0.0187401
0.3429888
0.8200313
1.2529792
1.4471490
1.3165413
0.9524596
0.5508767
0.2663870
0.1231851
0.0472706
-0.0347568
-0.1339353
-0.2178662
-0.2640892
-0.2817165
-0.2906239
-0.2975167
-0.2975308
-0.2898554
-0.2830501
-0.2859000
-0.2977358
-0.3089841
-0.3097422
-0.2972470
-0.2763152
-0.2548374
-0.2400138
-0.2364511
-0.2431818
-0.2512647
-0.2482804
-0.2288857
-0.2003221
-0.1758706
-0.1634580
-0.1608324
-0.1594355
-0.1513878
-0.1345218
-0.1126389
-0.0905482
-0.0688000
-0.0448703
-0.0193756
0.0020553
0.0151456
0.0237707
0.0382465
0.0658883
0.1024042
0.1324754
0.1413063
0.1283996
0.1090090
0.0992697
0.1004804
0.1008471
0.0922158
0.0813823
0.0832260
0.1041212
0.1333641
0.1515004
0.1485285
0.1344451
0.1294734
0.1417415
0.1561468
0.1477933
0.1063308
0.0465222
-0.0034128
-0.0230861
-0.0132182
0.0079550
0.0211468
0.0208834
0.0151778
0.0121055
0.0097588
0.0004114
-0.0183447
-0.0394312
-0.0527723
-0.0545268
-0.0496305
-0.0453590
-0.0434809
-0.0414572
-0.0412549
-0.0502862
-0.0676406
-0.0747907
-0.0525510
-0.0105609
0.0114026
-0.0167727
-0.0760735
-0.1095890
-0.0785304
0.0005503
0.0867913
0.1836796
0.3578739
0.6654814
1.0546543
1.3617305
1.4288171
1.2344893
0.9067677
0.6096550
0.4208051
0.3106224
0.2162930
0.1158431
0.0318620
-0.0156108
-0.0387153
-0.0625668
-0.0919559
-0.1105496
-0.1093025
-0.1018257
-0.1071446
-0.1262113
-0.1427605
-0.1433519
-0.1300212
-0.1144686
-0.1054334
-0.1032394
-0.1035338
-0.1032287
-0.1020154
-0.0998563
-0.0961633
-0.0920908
-0.0899439
-0.0877929
-0.0784324
-0.0584879
-0.0363961
-0.0253109
-0.0273459
-0.0293397
-0.0162098
0.0136721
0.0474463
0.0705933
0.0800309
0.0848534
0.0944827
0.1079984
0.1180926
0.1241483
0.1349423
0.1553750
0.1758188
0.1807417
0.1670229
0.1494668
0.1471338
0.1651220
0.1892128
0.1981115
0.1826059
0.1534560
0.1293873
0.1179513
0.1103649
0.0941086
0.0667828
0.0372075
0.0162636
0.0074059
0.0036551
-0.0059769
-0.0242009
-0.0400017
-0.0392858
-0.0217568
-0.0040830
-0.0047543
-0.0266954
-0.0543814
-0.0670027
-0.0562731
-0.0337886
-0.0200016
-0.0244088
-0.0382511
-0.0477658
-0.0508071
-0.0567890
-0.0728295
-0.0944794
-0.1099749
-0.1114128
-0.1025045
-0.0965169
-0.1045179
-0.1238638
-0.1400613
-0.1414569
-0.1304658
-0.1197592
-0.1198794
-0.1312052
-0.1451812
-0.1525191
-0.1526101
-0.1548058
-0.1671581
-0.1842310
-0.1907177
-0.1785074
-0.1565710
-0.1424314
-0.1463174
-0.1640033
-0.1819472
-0.1883759
-0.1818586
-0.1707500
-0.1645379
-0.1668295
-0.1758303
-0.1862382
-0.1879125
-0.1693327
-0.1306677
-0.0916206
-0.0774760
-0.0933952
-0.1154727
-0.1102081
-0.0636378
0.0076472
0.0734278
0.1179289
0.1499055
0.1835259
0.2140410
0.2211579
0.1968626
0.1593086
0.1322285
0.1166512
0.0913832
0.0398052
-0.0310150
-0.0993420
-0.1518924
-0.1933876
-0.2331247
-0.2674946
-0.2831212
-0.2775158
-0.2668650
-0.2667035
-0.2729922
-0.2734566
-0.2718710
-0.2841354
-0.3079219
-0.3144216
-0.2849009
-0.2473794
-0.2569508
-0.3315142
-0.4187862
-0.4438609
-0.3892495
-0.3062298
-0.2294015
-0.0966519
0.2033858
0.6804624
1.1597773
1.3885407
1.2446459
0.8382328
0.4078913
0.1246373
-0.0068613
-0.0824532
-0.1694861
-0.2544434
-0.2965759
-0.2969782
-0.2966606
-0.3214497
-0.3543839
-0.3659500
-0.3533420
-0.3393509
-0.3423603
-0.3588252
-0.3723760
-0.3717908
-0.3590573
-0.3438683
-0.3327060
-0.3243692
-0.3157635
-0.3080978
-0.3041590
-0.3027217
-0.3001148
-0.2948783
-0.2865051
-0.2724615
-0.2518341
-0.2299229
-0.2139284
-0.2050519
-0.1984638
-0.1890296
-0.1737643
-0.1516708
-0.1251530
-0.0991156
-0.0755318
-0.0517988
-0.0266760
-0.0032414
0.0172885
0.0397607
0.0684610
0.0993834
0.1229945
0.1331610
0.1321458
0.1291726
0.1333078
0.1431756
0.1447456
0.1260094
0.0941662
0.0708928
0.0685158
0.0770460
0.0773326
0.0625293
0.0448155
0.0438513
0.0677568
0.1017495
0.1179625
0.1021191
0.0688600
0.0452412
0.0411270
0.0419347
0.0289917
0.0007527
-0.0261193
-0.0329013
-0.0170572
0.0035680
0.0078959
-0.0058413
-0.0205107
-0.0243800
-0.0252468
-0.0348444
-0.0496524
-0.0581883
-0.0611989
-0.0711756
-0.0908421
-0.1028262
-0.0886198
-0.0563312
-0.0406402
-0.0648715
-0.1042681
-0.1048140
-0.0520757
-0.0067878
-0.0454162
-0.1656065
-0.2776956
-0.3009714
-0.2441376
-0.1659380
-0.0679920
0.1352805
0.5134583
0.9921098
1.3571259
1.4167040
1.1681499
0.7950233
0.4974966
0.3374763
0.2462616
0.1463811
0.0312297
-0.0626189
-0.1184430
-0.1541607
-0.1904170
-0.2249313
-0.2416638
-0.2368415
-0.2271824
-0.2298024
-0.2413861
-0.2466674
-0.2427672
-0.2401507
-0.2389459
-0.2218083
-0.1783612
-0.1241020
-0.0857585
-0.0760665
-0.0889881
-0.1103730
-0.1258938
-0.1256208
-0.1084447
-0.0805285
-0.0493499
-0.0230167
-0.0106809
-0.0136994
-0.0188673
-0.0110839
0.0087139
0.0276064
0.0389813
0.0457683
0.0494750
0.0489228
0.0479064
0.0523037
0.0608379
0.0681978
0.0744638
0.0826999
0.0912856
0.0967938
0.0995443
0.0996044
0.0943025
0.0856690
0.0806763
0.0775824
0.0637293
0.0348127
0.0041617
-0.0155251
-0.0271096
-0.0374543
-0.0450072
-0.0493996
-0.0607423
-0.0871373
-0.1205123
-0.1433854
-0.1452276
-0.1306223
-0.1172354
-0.1211974
-0.1349118
-0.1300168
-0.0998857
-0.0852855
-0.1264830
-0.1934709
-0.1987151
-0.0881366
0.1076926
0.3248148
0.5453725
0.8044097
1.1168284
1.4047245
1.5141073
1.3360713
0.9281775
0.4928045
0.2104978
0.1047565
0.0783048
0.0459528
-0.0018365
-0.0383321
-0.0522015
-0.0568546
-0.0751262
-0.1174234
-0.1660685
-0.1922663
-0.1937234
-0.1937571
-0.1985303
-0.1879235
-0.1590293
-0.1405794
-0.1477226
-0.1599226
-0.1606030
-0.1600698
-0.1632917
-0.1566933
-0.1425987
-0.1430160
-0.1556907
-0.1531836
-0.1348826
-0.1266692
-0.1234557
-0.0951408
-0.0537885
-0.0406792
-0.0424360
-0.0075945
0.0478068
0.0573178
0.0395130
0.0854456
0.1724988
0.1378852
-0.0814586
