-0.1533558
-0.1200741
-0.0805419
-0.1080184
-0.1884210
-0.2323819
-0.1821246
-0.0623971
0.0758474
0.2270844
0.4334682
0.7240244
1.0467709
1.2601048
1.2248148
0.9383335
0.5643803
0.2968025
0.1953865
0.1732047
0.1269297
0.0410052
-0.0347519
-0.0675954
-0.0759075
-0.0950788
-0.1319050
-0.1598533
-0.1557968
-0.1322841
-0.1230582
-0.1393446
-0.1573801
-0.1546365
-0.1405967
-0.1385078
-0.1499666
-0.1548421
-0.1405540
-0.1163335
-0.0992766
-0.0965570
-0.1018961
-0.1033846
-0.0943873
-0.0790057
-0.0653625
-0.0542819
-0.0398976
-0.0209745
-0.0036913
0.0087360
0.0218876
0.0428242
0.0725148
0.1068411
0.1393405
0.1627051
0.1747826
0.1843604
0.2038875
0.2341569
0.2619471
0.2749803
0.2746737
0.2726748
0.2786250
0.2921004
0.3035085
0.3029770
0.2907111
0.2772016
0.2710923
0.2697561
0.2644864
0.2505768
0.2277217
0.1946683
0.1501211
0.0977838
0.0456135
0.0003294
-0.0350764
-0.0608059
-0.0803460
-0.0988833
-0.1185774
-0.1368813
-0.1511382
-0.1622583
-0.1720993
-0.1800789
-0.1845990
-0.1859242
-0.1863777
-0.1891736
-0.1965721
-0.2065745
-0.2127932
-0.2118516
-0.2097289
-0.2148973
-0.2250923
-0.2279658
-0.2178444
-0.2059415
-0.2082834
-0.2255515
-0.2405073
-0.2375432
-0.2218513
-0.2138233
-0.2221954
-0.2291386
-0.2124627
-0.1827570
-0.1843472
-0.2481934
-0.3509087
-0.4347279
-0.4670374
-0.4632657
-0.4408000
-0.3626677
-0.1526950
0.2156626
0.6486692
0.9695795
1.0462904
0.8910393
0.6356173
0.4127389
0.2649492
0.1572359
0.0518039
-0.0471814
-0.1135263
-0.1403475
-0.1496217
-0.1661115
-0.1923093
-0.2126008
-0.2169475
-0.2132535
-0.2153615
-0.2252263
-0.2323179
-0.2279486
-0.2144649
-0.2006820
-0.1932580
-0.1935299
-0.1988260
-0.2047046
-0.2074784
-0.2056655
-0.1990074
-0.1880322
-0.1768154
-0.1741559
-0.1873162
-0.2129410
-0.2363359
-0.2419371
-0.2254332
-0.1962915
-0.1683884
-0.1473402
-0.1273447
-0.1014295
-0.0727077
-0.0511543
-0.0391509
-0.0258246
0.0005262
0.0371784
0.0679142
0.0782633
0.0673782
0.0458826
0.0252393
0.0105099
0.0019946
0.0007540
0.0089807
0.0240373
0.0358734
0.0348712
0.0219774
0.0075123
-0.0005957
-0.0044063
-0.0109347
-0.0223740
-0.0336814
-0.0394367
-0.0416457
-0.0493737
-0.0692324
-0.0963780
-0.1174168
-0.1236764
-0.1196442
-0.1166099
-0.1202432
-0.1271811
-0.1321222
-0.1343787
-0.1368732
-0.1411019
-0.1441902
-0.1402524
-0.1251531
-0.1019490
-0.0826610
-0.0828724
-0.1098802
-0.1508931
-0.1722577
-0.1372446
-0.0333197
0.1167837
0.2766150
0.4314863
0.5982136
0.7943122
0.9979178
1.1431786
1.1611439
1.0315467
0.8005823
0.5501791
0.3454651
0.2029365
0.0998969
0.0086257
-0.0779228
-0.1467867
-0.1837293
-0.1894807
-0.1795218
-0.1695862
-0.1626414
-0.1518377
-0.1356133
-0.1251010
-0.1325868
-0.1547142
-0.1724614
-0.1695866
-0.1486509
-0.1269592
-0.1179143
-0.1185456
-0.1158753
-0.1035635
-0.0889951
-0.0826876
-0.0839199
-0.0815243
-0.0690924
-0.0547491
-0.0526471
-0.0665795
-0.0851109
-0.0931191
-0.0864905
-0.0747347
-0.0697242
-0.0730409
-0.0756184
-0.0695350
-0.0574769
-0.0484433
-0.0459188
-0.0439144
-0.0351793
-0.0206036
-0.0089769
-0.0084495
-0.0188767
-0.0317296
-0.0371774
-0.0321090
-0.0218701
-0.0143243
-0.0126736
-0.0141757
-0.0147555
-0.0138053
-0.0147654
-0.0215328
-0.0340139
-0.0472545
-0.0557948
-0.0587486
-0.0593609
-0.0600390
-0.0603541
-0.0604393
-0.0630125
-0.0692101
-0.0741396
-0.0704525
-0.0577098
-0.0464050
-0.0501375
-0.0721625
-0.0996639
-0.1130553
-0.1029158
-0.0781090
-0.0567073
-0.0495359
-0.0534209
-0.0589790
-0.0619067
-0.0656728
-0.0751238
-0.0895546
-0.1026186
-0.1087919
-0.1092542
-0.1103784
-0.1165387
-0.1262701
-0.1363193
-0.1468930
-0.1597642
-0.1719433
-0.1752323
-0.1647438
-0.1470910
-0.1375720
-0.1470537
-0.1710055
-0.1927036
-0.1987713
-0.1911335
-0.1822424
-0.1797144
-0.1794340
-0.1749412
-0.1693568
-0.1729426
-0.1888346
-0.2056477
-0.2077801
-0.1924202
-0.1731055
-0.1645802
-0.1660691
-0.1631325
-0.1462653
-0.1232653
-0.1098174
-0.1102143
-0.1116681
-0.0972519
-0.0611603
-0.0128049
0.0275610
0.0358369
-0.0036069
-0.0805913
-0.1535251
-0.1733230
-0.1240861
-0.0368336
0.0507370
0.1533682
0.3426643
0.6698626
1.0766429
1.3982037
1.4777170
1.2901228
0.9550774
0.6305121
0.3964562
0.2349903
0.1006605
-0.0126697
-0.0770062
-0.0818739
-0.0590075
-0.0517337
-0.0722010
-0.0987154
-0.1098460
-0.1087585
-0.1116971
-0.1230958
-0.1314196
-0.1269747
-0.1150175
-0.1081736
-0.1107874
-0.1158586
-0.1164240
-0.1147202
-0.1171325
-0.1228548
-0.1227496
-0.1109874
-0.0944396
-0.0871923
-0.0963503
-0.1153004
-0.1304000
-0.1322623
-0.1210617
-0.1039906
-0.0892977
-0.0811186
-0.0771881
-0.0703027
-0.0531379
-0.0240071
0.0106408
0.0403705
0.0595319
0.0723711
0.0879061
0.1090848
0.1284803
0.1358343
0.1288715
0.1155144
0.1061817
0.1052254
0.1095284
0.1135802
0.1144466
0.1120450
0.1066414
0.0986067
0.0909701
0.0892872
0.0957710
0.1039064
0.1021787
0.0852465
0.0605709
0.0423263
0.0382142
0.0423606
0.0411139
0.0258268
0.0002085
-0.0244432
-0.0404149
-0.0492704
-0.0572170
-0.0670652
-0.0760185
-0.0801437
-0.0792040
-0.0771003
-0.0785772
-0.0854365
-0.0950088
-0.1019659
-0.1021002
-0.0950864
-0.0845841
-0.0763897
-0.0755053
-0.0826043
-0.0922951
-0.0965148
-0.0917333
-0.0827546
-0.0779259
-0.0801853
-0.0841513
-0.0832830
-0.0789824
-0.0796516
-0.0889668
-0.0978796
-0.0936952
-0.0781830
-0.0703586
-0.0848203
-0.1100459
-0.1179676
-0.0995178
-0.0833407
-0.1087707
-0.1794005
-0.2525358
-0.2808263
-0.2575950
-0.2079619
-0.1333397
0.0181425
0.3036764
0.7012567
1.0853106
1.3038316
1.2891685
1.0968266
0.8429420
0.6121908
0.4231141
0.2628300
0.1320085
0.0482037
0.0169124
0.0158538
0.0130494
-0.0056370
-0.0315832
-0.0512630
-0.0615483
-0.0674321
-0.0721301
-0.0747816
-0.0756529
-0.0784177
-0.0857707
-0.0949940
-0.0997078
-0.0957872
-0.0848085
-0.0718950
-0.0611730
-0.0538915
-0.0500467
-0.0498321
-0.0523932
-0.0541896
-0.0504971
-0.0394079
-0.0241179
-0.0108496
-0.0040159
-0.0027319
-0.0018913
0.0028790
0.0113779
0.0205689
0.0296325
0.0410749
0.0555184
0.0672591
0.0682416
0.0575542
0.0452972
0.0448260
0.0602796
0.0821693
0.0959528
0.0950892
0.0854304
0.0773801
0.0755172
0.0768673
0.0775482
0.0781334
0.0818527
0.0895707
0.0980226
0.1020951
0.0976161
0.0827435
0.0589209
0.0318451
0.0104987
0.0024282
0.0074830
0.0162005
0.0166554
0.0047051
-0.0129878
-0.0269741
-0.0349843
-0.0421030
-0.0515685
-0.0585582
-0.0556858
-0.0440217
-0.0355929
-0.0424800
-0.0637676
-0.0856595
-0.0957186
-0.0952054
-0.0951581
-0.1016757
-0.1091864
-0.1095960
-0.1043159
-0.1030463
-0.1113760
-0.1237943
-0.1307865
-0.1300586
-0.1274374
-0.1275773
-0.1281987
-0.1259483
-0.1247595
-0.1328787
-0.1505913
-0.1658757
-0.1667562
-0.1561533
-0.1493143
-0.1555981
-0.1673759
-0.1703540
-0.1621674
-0.1555142
-0.1619178
-0.1767716
-0.1846182
-0.1781218
-0.1669271
-0.1653085
-0.1744004
-0.1816692
-0.1779245
-0.1692877
-0.1681961
-0.1753200
-0.1770072
-0.1636456
-0.1469818
-0.1530124
-0.1945473
-0.2527366
-0.2897891
-0.2808499
-0.2290158
-0.1442476
-0.0104726
0.2139973
0.5496071
0.9444041
1.2772343
1.4268962
1.3529338
1.1178632
0.8337172
0.5846937
0.3926742
0.2418622
0.1207638
0.0351117
-0.0102376
-0.0271156
-0.0360318
-0.0476696
-0.0582926
-0.0619942
-0.0615972
-0.0653196
-0.0764617
-0.0905419
-0.1019542
-0.1096264
-0.1148426
-0.1168021
-0.1138325
-0.1079401
-0.1042538
-0.1048732
-0.1062159
-0.1044619
-0.1012753
-0.1008826
-0.1023505
-0.0988144
-0.0862457
-0.0705369
-0.0625813
-0.0661289
-0.0730224
-0.0720150
-0.0608289
-0.0471231
-0.0379491
-0.0315759
-0.0217580
-0.0077336
0.0039592
0.0079757
0.0069483
0.0073547
0.0104736
0.0109935
0.0052843
-0.0019034
-0.0020158
0.0063094
0.0138501
0.0104613
-0.0032648
-0.0167378
-0.0215883
-0.0197267
-0.0173654
-0.0141776
-0.0032316
0.0178934
0.0404617
0.0526818
0.0529040
0.0506083
0.0532883
0.0561568
0.0487646
0.0305361
0.0142667
0.0112379
0.0163251
0.0133101
-0.0048548
-0.0262196
-0.0333658
-0.0236988
-0.0116836
-0.0113956
-0.0217735
-0.0316998
-0.0360894
-0.0413890
-0.0543830
-0.0705614
-0.0783797
-0.0740297
-0.0669296
-0.0683235
-0.0778553
-0.0854944
-0.0855775
-0.0839675
-0.0892201
-0.1001377
-0.1065450
-0.1024646
-0.0946150
-0.0949805
-0.1063848
-0.1191155
-0.1230409
-0.1200210
-0.1207025
-0.1297732
-0.1392071
-0.1392631
-0.1335850
-0.1379027
-0.1614627
-0.1926502
-0.2074078
-0.1933218
-0.1633939
-0.1438408
-0.1487114
-0.1684774
-0.1834116
-0.1845523
-0.1783013
-0.1723550
-0.1632690
-0.1419155
-0.1090120
-0.0797255
-0.0699872
-0.0799062
-0.0936772
-0.0961579
-0.0870588
-0.0773028
-0.0739149
-0.0729332
-0.0681679
-0.0625198
-0.0656666
-0.0808611
-0.0988363
-0.1078042
-0.1072162
-0.1076616
-0.1170784
-0.1311036
-0.1398122
-0.1414209
-0.1442588
-0.1542545
-0.1654331
-0.1673514
-0.1596661
-0.1530025
-0.1540208
-0.1558708
-0.1489812
-0.1379384
-0.1391711
-0.1594207
-0.1833319
-0.1892068
-0.1746052
-0.1583531
-0.1557677
-0.1605045
-0.1580575
-0.1510633
-0.1573494
-0.1795198
-0.1904132
-0.1639423
-0.1172621
-0.1040249
-0.1551039
-0.2356822
-0.2766356
-0.2471641
-0.1780492
-0.1016962
0.0167022
0.2597215
0.6540973
1.0961351
1.4014267
1.4423566
1.2408677
0.9322693
0.6492106
0.4427522
0.2966418
0.1871652
0.1122650
0.0731902
0.0525105
0.0245315
-0.0173218
-0.0547124
-0.0683723
-0.0611406
-0.0523523
-0.0534942
-0.0571568
-0.0515597
-0.0395915
-0.0371469
-0.0533725
-0.0782643
-0.0931424
-0.0911132
-0.0831608
-0.0837176
-0.0940786
-0.1031636
-0.1027580
-0.0970190
-0.0949794
-0.0973598
-0.0956035
-0.0839604
-0.0681638
-0.0592806
-0.0608591
-0.0655198
-0.0643249
-0.0563560
-0.0470133
-0.0387788
-0.0273851
-0.0083978
0.0147360
0.0320320
0.0366048
0.0314382
0.0261120
0.0279663
0.0369841
0.0479377
0.0559597
0.0601930
0.0632946
0.0680342
0.0743193
0.0797999
0.0837367
0.0894998
0.1014983
0.1188180
0.1332776
0.1361007
0.1271777
0.1159590
0.1112871
0.1110802
0.1048308
0.0873776
0.0676582
0.0605172
0.0697998
0.0824834
0.0813992
0.0624666
0.0374141
0.0201169
0.0128924
0.0074215
-0.0030213
-0.0156525
-0.0232726
-0.0246878
-0.0269934
-0.0370297
-0.0525640
-0.0636968
-0.0629779
-0.0534016
-0.0462738
-0.0512278
-0.0677467
-0.0858038
-0.0948826
-0.0928713
-0.0864035
-0.0829437
-0.0837163
-0.0852901
-0.0870069
-0.0939343
-0.1103042
-0.1308258
-0.1416721
-0.1327795
-0.1092674
-0.0888070
-0.0861222
-0.0998517
-0.1148414
-0.1170512
-0.1060461
-0.0934449
-0.0896804
-0.0922165
-0.0871573
-0.0640127
-0.0295799
-0.0047969
-0.0043462
-0.0197665
-0.0277676
-0.0186115
-0.0122692
-0.0387059
-0.1003872
-0.1617733
-0.1832768
-0.1613930
-0.1217567
-0.0662344
0.0602023
0.3265078
0.7261379
1.1372270
1.3898341
1.3876095
1.1710164
0.8677630
0.5882809
0.3675305
0.1902617
0.0469889
-0.0481840
-0.0853013
-0.0836247
-0.0787202
-0.0899612
-0.1094465
-0.1218936
-0.1264971
-0.1347476
-0.1524777
-0.1722154
-0.1837565
-0.1858497
-0.1834891
-0.1775664
-0.1638561
-0.1431875
-0.1267243
-0.1255545
-0.1359535
-0.1403181
-0.1255049
-0.0977036
-0.0756384
-0.0695426
-0.0703155
-0.0608837
-0.0357660
-0.0064851
0.0117744
0.0155991
0.0139856
0.0161205
0.0223457
0.0279734
0.0327307
0.0427697
0.0632149
0.0914967
0.1196829
0.1419618
0.1578680
0.1689064
0.1749905
0.1758394
0.1741744
0.1744793
0.1776239
0.1785573
0.1713868
0.1564616
0.1404811
0.1288869
0.1198070
0.1073016
0.0899847
0.0741269
0.0670083
0.0681043
0.0681831
0.0573383
0.0336765
0.0046925
-0.0188574
-0.0307221
-0.0330916
-0.0350551
-0.0467573
-0.0720415
-0.1042128
-0.1295252
-0.1376098
-0.1302893
-0.1195519
-0.1157673
-0.1183855
-0.1193591
-0.1150168
-0.1118891
-0.1189828
-0.1354940
-0.1490480
-0.1474436
-0.1308159
-0.1105062
-0.0965354
-0.0884064
-0.0787334
-0.0633438
-0.0451492
-0.0289250
-0.0157700
-0.0043852
0.0044786
0.0081574
0.0069874
0.0065917
0.0133098
0.0276071
0.0427271
0.0492046
0.0401081
0.0139554
-0.0235892
-0.0597986
-0.0807920
-0.0825588
-0.0763356
-0.0786982
-0.0941206
-0.1106522
-0.1160087
-0.1141541
-0.1185816
-0.1292210
-0.1267991
-0.0999715
-0.0734419
-0.0930400
-0.1734374
-0.2691345
-0.3125344
-0.2820351
-0.2163475
-0.1485938
-0.0367191
0.2132084
0.6360575
1.1257363
1.4837037
1.5644113
1.3795620
1.0663606
0.7647243
0.5286735
0.3398891
0.1767707
0.0508562
-0.0168460
-0.0325852
-0.0298746
-0.0380881
-0.0608805
-0.0851048
-0.1014741
-0.1109675
-0.1161287
-0.1149856
-0.1061339
-0.0952474
-0.0918739
-0.0996792
-0.1121157
-0.1183936
-0.1128008
-0.0983877
-0.0834701
-0.0756012
-0.0772841
-0.0848521
-0.0908058
-0.0889190
-0.0788587
-0.0661051
-0.0568309
-0.0526595
-0.0502974
-0.0455071
-0.0365799
-0.0242609
-0.0097759
0.0060240
0.0221741
0.0377014
0.0527304
0.0685893
0.0858458
0.1025563
0.1156840
0.1247260
0.1329466
0.1437310
0.1556987
0.1626792
0.1596745
0.1488553
0.1388195
0.1371575
0.1434994
0.1499416
0.1483276
0.1371621
0.1218679
0.1092022
0.1019828
0.0985122
0.0953624
0.0895832
0.0790751
0.0630218
0.0433070
0.0246848
0.0115942
0.0038275
-0.0038618
-0.0166018
-0.0337531
-0.0493347
-0.0585192
-0.0628541
-0.0679919
-0.0765350
-0.0845419
-0.0859344
-0.0796792
-0.0714875
-0.0682884
-0.0717360
-0.0773349
-0.0790832
-0.0742461
-0.0643307
-0.0531749
-0.0449563
-0.0428563
-0.0474700
-0.0554694
-0.0606961
-0.0581925
-0.0481135
-0.0357704
-0.0276348
-0.0269178
-0.0322073
-0.0393581
-0.0443649
-0.0452403
-0.0424304
-0.0380959
-0.0347411
-0.0340152
-0.0365795
-0.0428533
-0.0531237
-0.0660787
-0.0774016
-0.0813778
-0.0757541
-0.0655432
-0.0607480
-0.0683676
-0.0855467
-0.1009515
-0.1040979
-0.0944389
-0.0817624
-0.0775245
-0.0852709
-0.0988430
-0.1092286
-0.1127108
-0.1125192
-0.1134679
-0.1161787
-0.1171450
-0.1139731
-0.1094102
-0.1093406
-0.1167711
-0.1282352
-0.1363559
-0.1358791
-0.1274765
-0.1166403
-0.1097445
-0.1106004
-0.1187587
-0.1294223
-0.1355357
-0.1323600
-0.1218226
-0.1118690
-0.1097106
-0.1148980
-0.1199014
-0.1183797
-0.1123116
-0.1099041
-0.1167661
-0.1306292
-0.1451261
-0.1568492
-0.1666261
-0.1746262
-0.1774846
-0.1722031
-0.1609666
-0.1486021
-0.1347992
-0.1124412
-0.0771439
-0.0375079
-0.0114369
-0.0093679
-0.0226801
-0.0319961
-0.0274661
-0.0182269
-0.0201835
-0.0365844
-0.0539949
-0.0574039
-0.0457789
-0.0307509
-0.0230139
-0.0246211
-0.0341917
-0.0532521
-0.0820950
-0.1117152
-0.1272287
-0.1228900
-0.1099784
-0.1049584
-0.1112065
-0.1179115
-0.1175102
-0.1168261
-0.1248310
-0.1342571
-0.1272569
-0.1035722
-0.0929544
-0.1264203
-0.1949598
-0.2493008
-0.2486253
-0.2007299
-0.1382204
-0.0535401
0.1229337
0.4566814
0.9137496
1.3427478
1.5685021
1.5160475
1.2521957
0.9166614
0.6190578
0.3931468
0.2248983
0.0995445
0.0159319
-0.0295360
-0.0541054
-0.0777009
-0.1061671
-0.1306022
-0.1418573
-0.1415900
-0.1386764
-0.1385839
-0.1394389
-0.1376593
-0.1341950
-0.1334066
-0.1368823
-0.1405836
-0.1390852
-0.1318191
-0.1237496
-0.1195460
-0.1182494
-0.1151408
-0.1087610
-0.1040759
-0.1068032
-0.1150601
-0.1190534
-0.1107058
-0.0927929
-0.0767153
-0.0708637
-0.0725061
-0.0719582
-0.0635083
-0.0502989
-0.0384090
-0.0284156
-0.0149034
0.0061770
0.0320127
0.0559370
0.0745860
0.0902350
0.1062966
0.1226032
0.1363540
0.1465181
0.1553238
0.1651859
0.1757413
0.1848677
0.1914579
0.1955185
0.1960254
0.1912244
0.1824450
0.1757421
0.1767757
0.1837477
0.1879512
0.1828870
0.1711044
0.1597192
0.1503296
0.1371718
0.1165853
0.0947365
0.0816214
0.0778266
0.0719000
0.0536016
0.0269363
0.0055772
-0.0043780
-0.0121196
-0.0296778
-0.0550187
-0.0728762
-0.0729716
-0.0628691
-0.0594892
-0.0700662
-0.0855930
-0.0931332
-0.0905129
-0.0862741
-0.0875586
-0.0922477
-0.0936464
-0.0894944
-0.0836757
-0.0804198
-0.0799114
-0.0800468
-0.0799321
-0.0798250
-0.0789655
-0.0759044
-0.0713012
-0.0685975
-0.0705916
-0.0758546
-0.0796878
-0.0788927
-0.0750382
-0.0726460
-0.0744104
-0.0786906
-0.0818708
-0.0828224
-0.0843038
-0.0892990
-0.0960680
-0.0980965
-0.0907484
-0.0784989
-0.0736422
-0.0848866
-0.1064233
-0.1206737
-0.1145983
-0.0930756
-0.0737711
-0.0681701
-0.0703111
-0.0665538
-0.0543514
-0.0460864
-0.0517724
-0.0616025
-0.0520251
-0.0115904
0.0427279
0.0795019
0.0833965
0.0688224
0.0622755
0.0742192
0.0912376
0.0938646
0.0771470
0.0520936
0.0310361
0.0163144
0.0027462
-0.0139214
-0.0342377
-0.0581464
-0.0861079
-0.1160242
-0.1420991
-0.1592425
-0.1676376
-0.1712890
-0.1732267
-0.1744024
-0.1762594
-0.1804669
-0.1850265
-0.1847213
-0.1789725
-0.1761063
-0.1832848
-0.1921037
-0.1832836
-0.1536613
-0.1338703
-0.1650326
-0.2502630
-0.3375865
-0.3645815
-0.3204939
-0.2494262
-0.1809890
-0.0678717
0.1828859
0.5998852
1.0731122
1.4066544
1.4603806
1.2485723
0.9082421
0.5811122
0.3271495
0.1342031
-0.0183101
-0.1236442
-0.1672662
-0.1598527
-0.1372353
-0.1304536
-0.1437917
-0.1622622
-0.1733410
-0.1771455
-0.1794590
-0.1818370
-0.1808691
-0.1741580
-0.1639795
-0.1553089
-0.1518628
-0.1539799
-0.1588319
-0.1622223
-0.1613611
-0.1567714
-0.1509823
-0.1449869
-0.1370702
-0.1262123
-0.1156738
-0.1109646
-0.1134406
-0.1172486
-0.1140805
-0.1009295
-0.0824933
-0.0661325
-0.0552739
-0.0476491
-0.0385875
-0.0248878
-0.0061539
0.0158142
0.0381799
0.0587897
0.0779563
0.0979390
0.1193261
0.1383502
0.1498330
0.1535504
0.1557730
0.1623592
0.1709174
0.1725487
0.1629737
0.1507055
0.1516747
0.1743840
0.2106959
0.2419879
0.2545763
0.2494496
0.2383073
0.2316145
0.2300847
0.2253207
0.2070653
0.1712626
0.1241240
0.0794922
0.0503099
0.0397827
0.0394478
0.0362216
0.0224835
0.0004747
-0.0222314
-0.0410891
-0.0584565
-0.0794547
-0.1044411
-0.1263814
-0.1366735
-0.1340741
-0.1272053
-0.1268217
-0.1350610
-0.1436671
-0.1443091
-0.1392823
-0.1383257
-0.1440750
-0.1458509
-0.1335613
-0.1153601
-0.1118512
-0.1279113
-0.1385625
-0.1158434
-0.0707089
-0.0538734
-0.1018023
-0.1862591
-0.2337184
-0.2004828
-0.1137426
-0.0215775
0.0902597
0.3016169
0.6557646
1.0626264
1.3332208
1.3312028
1.0902518
0.7755926
0.5339555
0.3887105
0.2729175
0.1373614
0.0044856
-0.0762624
-0.0975389
-0.1004659
-0.1211502
-0.1513491
-0.1584572
-0.1317997
-0.0960828
-0.0813648
-0.0915849
-0.1074638
-0.1128940
-0.1095841
-0.1067237
-0.1051294
-0.0974125
-0.0807149
-0.0624843
-0.0515811
-0.0476070
-0.0427646
-0.0328766
-0.0224535
-0.0177628
-0.0180252
-0.0165181
-0.0096610
-0.0018609
0.0002088
-0.0034953
-0.0058167
-0.0012044
0.0070525
0.0106235
0.0068424
0.0032680
0.0101995
0.0296838
0.0533668
0.0707448
0.0780538
0.0791487
0.0797054
0.0821300
0.0853848
0.0876700
0.0881383
0.0868038
0.0842721
0.0818660
0.0809321
0.0812767
0.0810426
0.0791445
0.0772304
0.0776053
0.0789166
0.0755095
0.0625307
0.0414637
0.0196693
0.0042119
-0.0036852
-0.0086100
-0.0165571
-0.0308979
-0.0514087
-0.0750395
-0.0963834
-0.1086055
-0.1069091
-0.0932347
-0.0770474
-0.0692952
-0.0738742
-0.0846321
-0.0910919
-0.0877431
-0.0785183
-0.0726791
-0.0761593
-0.0865047
-0.0960352
-0.0996395
-0.0989842
-0.0992206
-0.1027534
-0.1073612
-0.1101120
-0.1116138
-0.1152419
-0.1223575
-0.1295344
-0.1316959
-0.1280229
-0.1235989
-0.1242992
-0.1306317
-0.1378308
-0.1418875
-0.1439035
-0.1475972
-0.1535940
-0.1580023
-0.1573028
-0.1538741
-0.1554600
-0.1683953
-0.1912948
-0.2157944
-0.2338045
-0.2442296
-0.2531493
-0.2681428
-0.2921237
-0.3211584
-0.3473118
-0.3645601
-0.3734083
-0.3796922
-0.3878660
-0.3955559
-0.3957006
-0.3836855
-0.3605278
-0.3289365
-0.2898966
-0.2470179
-0.2122494
-0.1990256
-0.2037316
-0.1988749
-0.1571512
-0.0879882
-0.0407611
-0.0575648
-0.1216072
-0.1655424
-0.1395579
-0.0610253
0.0206744
0.1079847
0.2792590
0.6031370
1.0268915
1.3720203
1.4640741
1.2747658
0.9349922
0.6130898
0.3888216
0.2395103
0.1200310
0.0268733
-0.0172355
-0.0146246
-0.0035619
-0.0182243
-0.0542024
-0.0819236
-0.0857089
-0.0784771
-0.0798007
-0.0914381
-0.1007769
-0.1016096
-0.1013966
-0.1075681
-0.1152052
-0.1139472
-0.1034741
-0.0956282
-0.1004319
-0.1143244
-0.1245942
-0.1231031
-0.1128725
-0.1022146
-0.0959210
-0.0935789
-0.0937704
-0.0960409
-0.0982060
-0.0951710
-0.0838410
-0.0689527
-0.0611592
-0.0674181
-0.0834731
-0.0963797
-0.0943925
-0.0749643
-0.0449490
-0.0146688
0.0085102
0.0230153
0.0321619
0.0416051
0.0565974
0.0793386
0.1072989
0.1341354
0.1530338
0.1597726
0.1535066
0.1362969
0.1129933
0.0906702
0.0760745
0.0721406
0.0765073
0.0832647
0.0863400
0.0822272
0.0708837
0.0548413
0.0372944
0.0201400
0.0027850
-0.0175358
-0.0435249
-0.0748714
-0.1073801
-0.1354887
-0.1557247
-0.1678536
-0.1740002
-0.1781021
-0.1852807
-0.1986955
-0.2153833
-0.2269180
-0.2267854
-0.2173228
-0.2075857
-0.2037491
-0.2035383
-0.2018770
-0.1999654
-0.2037714
-0.2117287
-0.2096503
-0.1863156
-0.1551326
-0.1510165
-0.1955858
-0.2650531
-0.3005120
-0.2553939
-0.1303782
0.0416537
0.2396336
0.4710880
0.7382949
0.9948608
1.1523211
1.1427321
0.9771542
0.7391037
0.5192279
0.3562067
0.2349892
0.1290517
0.0340882
-0.0365530
-0.0764511
-0.0963396
-0.1112050
-0.1247863
-0.1309924
-0.1275870
-0.1228706
-0.1272705
-0.1415255
-0.1561064
-0.1614952
-0.1569757
-0.1498522
-0.1483475
-0.1555238
-0.1677443
-0.1773675
-0.1780929
-0.1699818
-0.1600802
-0.1570346
-0.1635021
-0.1732385
-0.1764025
-0.1687581
-0.1555725
-0.1456355
-0.1416746
-0.1381063
-0.1286868
-0.1147472
-0.1041588
-0.1024057
-0.1060004
-0.1052145
-0.0930191
-0.0714583
-0.0498547
-0.0370288
-0.0347692
-0.0377842
-0.0388707
-0.0340242
-0.0239425
-0.0121482
-0.0016948
0.0072972
0.0171743
0.0294520
0.0422637
0.0518667
0.0563926
0.0568853
0.0543950
0.0473461
0.0330119
0.0116329
-0.0115434
-0.0290048
-0.0365781
-0.0370254
-0.0381578
-0.0469200
-0.0646236
-0.0869354
-0.1075384
-0.1220785
-0.1301237
-0.1343613
-0.1374923
-0.1394582
-0.1383171
-0.1342301
-0.1314515
-0.1349149
-0.1447826
-0.1553027
-0.1595891
-0.1555190
-0.1470780
-0.1404282
-0.1392003
-0.1435727
-0.1524684
-0.1642719
-0.1748680
-0.1779868
-0.1709982
-0.1598400
-0.1544073
-0.1576386
-0.1624357
-0.1623501
-0.1624100
-0.1727454
-0.1895785
-0.1900352
-0.1566422
-0.1090446
-0.1001827
-0.1669601
-0.2830341
-0.3721764
-0.3773852
-0.3103879
-0.2197952
-0.1112301
0.0804672
0.4175873
0.8554476
1.2295069
1.3681050
1.2296553
0.9302592
0.6376749
0.4408449
0.3167462
0.2031896
0.0807767
-0.0194189
-0.0682218
-0.0763930
-0.0789037
-0.0959074
-0.1196134
-0.1348910
-0.1411022
-0.1493547
-0.1647647
-0.1794801
-0.1836174
-0.1774516
-0.1698198
-0.1677631
-0.1715467
-0.1782543
-0.1856962
-0.1918106
-0.1936710
-0.1897959
-0.1826034
-0.1768062
-0.1753333
-0.1775725
-0.1812406
-0.1845529
-0.1855696
-0.1801138
-0.1627585
-0.1322614
-0.0960218
-0.0666989
-0.0520987
-0.0479576
-0.0411798
-0.0206259
0.0140750
0.0523988
0.0810685
0.0944304
0.0989041
0.1068157
0.1240085
0.1427623
0.1477462
0.1302321
0.0972412
0.0664884
0.0512203
0.0492462
0.0472608
0.0361434
0.0206103
0.0125171
0.0159701
0.0216640
0.0162860
-0.0044462
-0.0328471
-0.0575454
-0.0731459
-0.0824893
-0.0914053
-0.1025178
-0.1140702
-0.1236295
-0.1315943
-0.1407054
-0.1526895
-0.1655785
-0.1740249
-0.1729917
-0.1627812
-0.1503895
-0.1436806
-0.1433005
-0.1426809
-0.1380235
-0.1357770
-0.1450580
-0.1605069
-0.1559324
-0.1005966
0.0150239
0.1710829
0.3392200
0.5114462
0.7024913
0.9170868
1.1156768
1.2215113
1.1725129
0.9731990
0.6981542
0.4432045
0.2667133
0.1672414
0.1070120
0.0519056
-0.0074057
-0.0626332
-0.1054836
-0.1355977
-0.1565452
-0.1703647
-0.1771920
-0.1775985
-0.1738543
-0.1696603
-0.1688628
-0.1732735
-0.1810155
-0.1874095
-0.1881328
-0.1821873
-0.1726517
-0.1647485
-0.1622377
-0.1647541
-0.1685428
-0.1696747
-0.1662575
-0.1583511
-0.1474655
-0.1363700
-0.1275609
-0.1206056
-0.1116351
-0.0962618
-0.0728124
-0.0429605
-0.0105221
0.0198908
0.0444634
0.0620489
0.0746339
0.0851891
0.0942967
0.0986442
0.0938441
0.0806089
0.0682133
0.0687881
0.0853092
0.1063034
0.1156862
0.1086298
0.0958225
0.0912963
0.0976322
0.1043179
0.0996537
0.0825756
0.0623654
0.0479051
0.0389057
0.0281419
0.0106303
-0.0112004
-0.0305476
-0.0422031
-0.0461001
-0.0479864
-0.0568469
-0.0777242
-0.1045807
-0.1230426
-0.1239670
-0.1135255
-0.1065195
-0.1097079
-0.1156012
-0.1147689
-0.1104262
-0.1144898
-0.1282480
-0.1346015
-0.1182133
-0.0917550
-0.0901169
-0.1304949
-0.1849569
-0.2049687
-0.1728771
-0.1146040
-0.0516647
0.0486699
0.2522845
0.5735450
0.9184840
1.1318286
1.1165096
0.9116477
0.6524154
0.4549291
0.3399437
0.2566990
0.1603202
0.0549970
-0.0277936
-0.0729835
-0.0954789
-0.1186116
-0.1500921
-0.1805024
-0.1986935
-0.2033016
-0.2006786
-0.1969554
-0.1945184
-0.1930295
-0.1899506
-0.1809568
-0.1637388
-0.1422848
-0.1246285
-0.1148106
-0.1084635
-0.0973291
-0.0773413
-0.0523360
-0.0314626
-0.0231720
-0.0294528
-0.0438812
-0.0553011
-0.0545951
-0.0396691
-0.0161628
0.0057875
0.0176105
0.0180649
0.0134071
0.0106202
0.0104497
0.0079542
-0.0004587
-0.0116859
-0.0179269
-0.0142174
-0.0046008
-0.0001198
-0.0084065
-0.0246100
-0.0349011
-0.0306011
-0.0174338
-0.0091692
-0.0129947
-0.0225757
-0.0252063
-0.0150501
0.0003567
0.0065958
-0.0039417
-0.0248304
-0.0428241
-0.0516956
-0.0572920
-0.0691577
-0.0893054
-0.1099274
-0.1207895
-0.1184160
-0.1092865
-0.1047022
-0.1118278
-0.1287852
-0.1469379
-0.1559334
-0.1476715
-0.1214924
-0.0904239
-0.0786557
-0.1032407
-0.1527804
-0.1872094
-0.1650842
-0.0742309
0.0661838
0.2362123
0.4445418
0.7170014
1.0458457
1.3528612
1.5187476
1.4662390
1.2221875
0.8984379
0.6103374
0.4082624
0.2748504
0.1723055
0.0843947
0.0184187
-0.0191974
-0.0374861
-0.0510870
-0.0648570
-0.0748714
-0.0811805
-0.0917570
-0.1125832
-0.1392820
-0.1614579
-0.1726349
-0.1740918
-0.1714743
-0.1701228
-0.1725263
-0.1778505
-0.1829580
-0.1841705
-0.1791409
-0.1686560
-0.1568749
-0.1480744
-0.1425740
-0.1377876
-0.1336524
-0.1336172
-0.1381673
-0.1405088
-0.1323792
-0.1131798
-0.0908456
-0.0745557
-0.0684958
-0.0712563
-0.0781490
-0.0835161
-0.0824923
-0.0722590
-0.0533898
-0.0312786
-0.0146283
-0.0090224
-0.0110314
-0.0104592
0.0012601
0.0257707
0.0583976
0.0896906
0.1071487
0.1016063
0.0757952
0.0448391
0.0256006
0.0247183
0.0356747
0.0452731
0.0431001
0.0272649
0.0029241
-0.0234637
-0.0468619
-0.0620038
-0.0646771
-0.0583005
-0.0555166
-0.0675590
-0.0920700
-0.1148487
-0.1237604
-0.1189165
-0.1100605
-0.1065026
-0.1097132
-0.1144452
-0.1167063
-0.1194054
-0.1277594
-0.1398695
-0.1461443
-0.1396154
-0.1237635
-0.1089041
-0.1037934
-0.1114187
-0.1286218
-0.1471240
-0.1576899
-0.1563494
-0.1465600
-0.1357061
-0.1308905
-0.1360556
-0.1486727
-0.1590255
-0.1569397
-0.1410597
-0.1200475
-0.1047962
-0.1004422
-0.1033709
-0.1029567
-0.0889079
-0.0617262
-0.0351538
-0.0244439
-0.0325698
-0.0501920
-0.0668323
-0.0785245
-0.0865528
-0.0930713
-0.0980100
-0.0985904
-0.0931838
-0.0861432
-0.0852131
-0.0926350
-0.1029413
-0.1114333
-0.1198912
-0.1308161
-0.1408056
-0.1442112
-0.1410444
-0.1380432
-0.1426813
-0.1560109
-0.1692011
-0.1694530
-0.1547384
-0.1407580
-0.1454296
-0.1664337
-0.1827546
-0.1805749
-0.1692380
-0.1669272
-0.1767694
-0.1839200
-0.1755407
-0.1587718
-0.1537707
-0.1662787
-0.1737550
-0.1524423
-0.1192316
-0.1264266
-0.1989186
-0.2894684
-0.3195643
-0.2625585
-0.1623236
-0.0594365
0.0829940
0.3542870
0.7848359
1.2647781
1.5923423
1.6241638
1.3857342
1.0313183
0.7026065
0.4399284
0.2188767
0.0311028
-0.0972462
-0.1477708
-0.1395739
-0.1138305
-0.1008759
-0.1027675
-0.1019049
-0.0867206
-0.0669660
-0.0581269
-0.0583720
-0.0564239
-0.0558587
-0.0686196
-0.0866540
-0.0874265
-0.0705977
-0.0610983
-0.0702123
-0.0823268
-0.0863033
-0.0881770
-0.0856139
-0.0672781
-0.0495299
-0.0705030
-0.1256160
