-0.1460079
-0.1013847
-0.0615595
-0.0435840
-0.0389344
-0.0328431
-0.0278239
-0.0386627
-0.0682507
-0.0983142
-0.1067256
-0.0907843
-0.0724283
-0.0808236
-0.1268887
-0.1920343
-0.2437349
-0.2645562
-0.2640265
-0.2611652
-0.2616999
-0.2591236
-0.2537491
-0.2581881
-0.2785649
-0.2986757
-0.2947246
-0.2677604
-0.2521549
-0.2823702
-0.3526234
-0.4196244
-0.4495805
-0.4510488
-0.4448610
-0.4021671
-0.2356972
0.1207110
0.6152103
1.0705319
1.2898994
1.1875937
0.8341232
0.3907568
0.0036725
-0.2572661
-0.3917591
-0.4320311
-0.4171250
-0.3844378
-0.3627186
-0.3622995
-0.3741280
-0.3824668
-0.3791380
-0.3662479
-0.3494075
-0.3325672
-0.3189757
-0.3129798
-0.3174605
-0.3291973
-0.3387338
-0.3371853
-0.3243014
-0.3092115
-0.3021267
-0.3050929
-0.3110561
-0.3113203
-0.3029735
-0.2894624
-0.2757133
-0.2640261
-0.2543285
-0.2466220
-0.2412053
-0.2360152
-0.2256172
-0.2054423
-0.1774742
-0.1497540
-0.1289093
-0.1142509
-0.1003449
-0.0838997
-0.0657493
-0.0465610
-0.0240175
0.0033776
0.0310451
0.0500610
0.0554021
0.0507619
0.0432564
0.0343854
0.0194161
-0.0032787
-0.0253854
-0.0345868
-0.0267650
-0.0092276
0.0086116
0.0245903
0.0420891
0.0619547
0.0803421
0.0945237
0.1063803
0.1167496
0.1182841
0.0993756
0.0584730
0.0125976
-0.0130206
-0.0067286
0.0180551
0.0339434
0.0228853
-0.0098812
-0.0425422
-0.0565276
-0.0517619
-0.0444586
-0.0496419
-0.0652081
-0.0749181
-0.0689555
-0.0587768
-0.0652678
-0.0900913
-0.1058101
-0.0842108
-0.0352229
-0.0072682
-0.0391363
-0.1144161
-0.1750561
-0.1828969
-0.1545764
-0.1216655
-0.0631702
0.0952854
0.3930072
0.7491606
0.9907233
0.9874900
0.7652738
0.4813888
0.2865802
0.2113253
0.1794150
0.1137686
0.0135086
-0.0676342
-0.0961392
-0.0945692
-0.1071114
-0.1467999
-0.1870742
-0.1996896
-0.1887733
-0.1829828
-0.1998578
-0.2252859
-0.2293445
-0.1984962
-0.1492392
-0.1110159
-0.0979914
-0.0978319
-0.0864688
-0.0527959
-0.0094715
0.0195858
0.0221045
0.0083011
-0.0002831
0.0086934
0.0300838
0.0521139
0.0717080
0.0961303
0.1307116
0.1692791
0.1994917
0.2162296
0.2265660
0.2409190
0.2619183
0.2839926
0.3019486
0.3159627
0.3273264
0.3332713
0.3301837
0.3212846
0.3166529
0.3227279
0.3331315
0.3327651
0.3116982
0.2736068
0.2299671
0.1878660
0.1459893
0.1022574
0.0615074
0.0315330
0.0115559
-0.0107848
-0.0463688
-0.0887983
-0.1166116
-0.1155794
-0.0975314
-0.0913237
-0.1116931
-0.1406351
-0.1464455
-0.1224966
-0.1003045
-0.1173652
-0.1740982
-0.2301430
-0.2434935
-0.2020856
-0.1078886
0.0593787
0.3348510
0.7045106
1.0564484
1.2272080
1.1259738
0.8207626
0.4917593
0.2877161
0.2214969
0.1981935
0.1312977
0.0214421
-0.0704943
-0.1049517
-0.1030396
-0.1115395
-0.1478703
-0.1892375
-0.2073185
-0.1988318
-0.1789030
-0.1557272
-0.1236196
-0.0802381
-0.0395638
-0.0195150
-0.0187176
-0.0129495
0.0215246
0.0828312
0.1439956
0.1779240
0.1804389
0.1698087
0.1672587
0.1801317
0.2017583
0.2225510
0.2381697
0.2489458
0.2561248
0.2611356
0.2666445
0.2748539
0.2835918
0.2859510
0.2762282
0.2567312
0.2373247
0.2269861
0.2261375
0.2283251
0.2290456
0.2307252
0.2373812
0.2455800
0.2438334
0.2229906
0.1866111
0.1491845
0.1231558
0.1079891
0.0921153
0.0647350
0.0249246
-0.0198482
-0.0616341
-0.0968755
-0.1247377
-0.1436446
-0.1516526
-0.1505365
-0.1485621
-0.1572373
-0.1819935
-0.2132479
-0.2281809
-0.2079125
-0.1589213
-0.1162302
-0.1178150
-0.1703866
-0.2424597
-0.2949177
-0.3139265
-0.3023376
-0.2360207
-0.0474847
0.3162483
0.8021147
1.2297653
1.3947037
1.2221980
0.8301680
0.4363552
0.1942478
0.1061930
0.0758225
0.0238349
-0.0524291
-0.1131628
-0.1395912
-0.1505965
-0.1683841
-0.1881874
-0.1895264
-0.1683001
-0.1460335
-0.1459597
-0.1667976
-0.1847987
-0.1795687
-0.1539329
-0.1283676
-0.1191593
-0.1238269
-0.1261645
-0.1127483
-0.0841459
-0.0523897
-0.0298776
-0.0205256
-0.0191049
-0.0165920
-0.0059258
0.0150715
0.0434249
0.0727163
0.0970777
0.1161827
0.1364971
0.1650136
0.1996951
0.2275400
0.2356796
0.2260078
0.2167825
0.2266859
0.2565265
0.2880868
0.3018758
0.2951379
0.2817235
0.2757899
0.2780241
0.2777515
0.2653004
0.2396487
0.2055971
0.1678915
0.1300670
0.0961562
0.0694281
0.0489853
0.0305421
0.0123401
-0.0015896
-0.0067849
-0.0065254
-0.0112223
-0.0273149
-0.0482280
-0.0596095
-0.0546149
-0.0421470
-0.0382600
-0.0501617
-0.0701427
-0.0844479
-0.0856694
-0.0761625
-0.0627697
-0.0518327
-0.0486422
-0.0570209
-0.0756867
-0.0958956
-0.1063136
-0.1022256
-0.0891320
-0.0765023
-0.0692439
-0.0662431
-0.0647522
-0.0620789
-0.0530193
-0.0314837
0.0001275
0.0257344
0.0281196
0.0111455
0.0044151
0.0368875
0.1033447
0.1632028
0.1791256
0.1558293
0.1346075
0.1474557
0.1818501
0.1962288
0.1679583
0.1183165
0.0866745
0.0851724
0.0860858
0.0543355
-0.0138560
-0.0889639
-0.1411077
-0.1677918
-0.1869209
-0.2087561
-0.2234801
-0.2183188
-0.1997640
-0.1902000
-0.2016637
-0.2203761
-0.2237782
-0.2099844
-0.2009107
-0.2122301
-0.2284693
-0.2199528
-0.1852708
-0.1638050
-0.1942051
-0.2649195
-0.3212194
-0.3257321
-0.2956011
-0.2603987
-0.1882160
0.0146894
0.4003831
0.8743925
1.2203584
1.2575752
0.9867219
0.5812455
0.2376131
0.0352464
-0.0709031
-0.1515153
-0.2220240
-0.2543517
-0.2384591
-0.2070085
-0.1999018
-0.2220142
-0.2458799
-0.2486843
-0.2350915
-0.2240028
-0.2238017
-0.2276342
-0.2280306
-0.2266520
-0.2275062
-0.2271292
-0.2176678
-0.1987243
-0.1810758
-0.1762292
-0.1839250
-0.1916960
-0.1861451
-0.1637921
-0.1322691
-0.1034125
-0.0855468
-0.0798619
-0.0811818
-0.0813187
-0.0730182
-0.0526804
-0.0209791
0.0179180
0.0575505
0.0912547
0.1157454
0.1339059
0.1526926
0.1762227
0.2008229
0.2184825
0.2256803
0.2271935
0.2300295
0.2352557
0.2385349
0.2384933
0.2407427
0.2504516
0.2623199
0.2623045
0.2415017
0.2062066
0.1713357
0.1446193
0.1207759
0.0924288
0.0631219
0.0449003
0.0426128
0.0444839
0.0316624
-0.0030337
-0.0476940
-0.0827248
-0.0982776
-0.1002148
-0.1009226
-0.1063189
-0.1116425
-0.1081326
-0.0929480
-0.0733082
-0.0613679
-0.0638159
-0.0752317
-0.0825087
-0.0778697
-0.0676935
-0.0661595
-0.0786641
-0.0936576
-0.0945367
-0.0798381
-0.0672209
-0.0731445
-0.0898578
-0.0887229
-0.0510534
0.0062178
0.0419649
0.0322668
-0.0010154
-0.0078052
0.0408507
0.1213911
0.1777435
0.1739938
0.1273156
0.0887944
0.0927370
0.1261726
0.1477482
0.1331446
0.0975453
0.0727358
0.0673049
0.0564833
0.0126988
-0.0602899
-0.1307203
-0.1747099
-0.1997050
-0.2269486
-0.2579065
-0.2711188
-0.2550430
-0.2314757
-0.2334691
-0.2634458
-0.2885746
-0.2833498
-0.2630722
-0.2601075
-0.2738587
-0.2680230
-0.2271629
-0.1952626
-0.2306191
-0.3242201
-0.3936942
-0.3773976
-0.3122089
-0.2780161
-0.2596034
-0.1082093
0.3087868
0.9140105
1.4138359
1.5237154
1.2090406
0.6983342
0.2677936
0.0288004
-0.0847379
-0.1699433
-0.2427941
-0.2661183
-0.2381033
-0.2106196
-0.2243500
-0.2593969
-0.2672996
-0.2366589
-0.2060582
-0.2137947
-0.2532783
-0.2862347
-0.2883950
-0.2693080
-0.2511505
-0.2424981
-0.2377761
-0.2320764
-0.2258011
-0.2175395
-0.2031669
-0.1851695
-0.1748014
-0.1778659
-0.1822772
-0.1690481
-0.1374785
-0.1114585
-0.1136249
-0.1358038
-0.1430653
-0.1099213
-0.0476476
0.0087943
0.0382174
0.0515071
0.0722264
0.1062676
0.1376019
0.1524725
0.1594281
0.1795767
0.2192717
0.2588101
0.2711898
0.2499622
0.2158855
0.1965583
0.2014060
0.2162496
0.2193814
0.2009091
0.1678682
0.1338252
0.1053675
0.0781027
0.0444739
0.0046833
-0.0309560
-0.0519088
-0.0601122
-0.0707883
-0.0975968
-0.1364990
-0.1672679
-0.1737143
-0.1614703
-0.1525787
-0.1616579
-0.1802880
-0.1875554
-0.1743877
-0.1533255
-0.1431471
-0.1477434
-0.1544335
-0.1521805
-0.1459721
-0.1493574
-0.1645414
-0.1745501
-0.1576244
-0.1088509
-0.0470922
-0.0014597
0.0096091
-0.0096156
-0.0353100
-0.0387345
-0.0042829
0.0589650
0.1214316
0.1536883
0.1494428
0.1301716
0.1246688
0.1415923
0.1622433
0.1611010
0.1322951
0.0938856
0.0665591
0.0514585
0.0313805
-0.0081377
-0.0632473
-0.1181719
-0.1627877
-0.1991555
-0.2317196
-0.2575383
-0.2706519
-0.2729261
-0.2736747
-0.2769940
-0.2756537
-0.2633128
-0.2496307
-0.2539705
-0.2802084
-0.3048182
-0.2996038
-0.2665848
-0.2415081
-0.2571995
-0.3088034
-0.3627578
-0.3950366
-0.4035737
-0.3737150
-0.2466214
0.0463715
0.4959916
0.9662788
1.2577158
1.2438601
0.9603810
0.5665259
0.2217198
-0.0073726
-0.1418637
-0.2243589
-0.2729790
-0.2893254
-0.2852568
-0.2838842
-0.2963619
-0.3102793
-0.3072962
-0.2876247
-0.2705838
-0.2715469
-0.2843779
-0.2899459
-0.2788645
-0.2608670
-0.2512143
-0.2521141
-0.2513547
-0.2384376
-0.2179985
-0.2046491
-0.2057125
-0.2120360
-0.2072887
-0.1852233
-0.1560570
-0.1356905
-0.1299350
-0.1300382
-0.1225631
-0.1019190
-0.0731805
-0.0447035
-0.0199217
0.0040099
0.0316157
0.0643124
0.0991208
0.1306980
0.1551782
0.1739797
0.1943124
0.2235127
0.2600257
0.2903936
0.2989952
0.2839807
0.2626433
0.2572878
0.2736419
0.2945272
0.2967718
0.2737460
0.2391788
0.2092356
0.1847160
0.1539941
0.1115378
0.0680267
0.0390838
0.0264663
0.0149596
-0.0109202
-0.0499242
-0.0858672
-0.1048860
-0.1082909
-0.1086683
-0.1164908
-0.1323011
-0.1496797
-0.1621170
-0.1664325
-0.1626801
-0.1536139
-0.1435786
-0.1352912
-0.1270713
-0.1153185
-0.1010140
-0.0914244
-0.0914710
-0.0928794
-0.0764423
-0.0306995
0.0304717
0.0734603
0.0742591
0.0447925
0.0274172
0.0583331
0.1333334
0.2100518
0.2460916
0.2364466
0.2139474
0.2137129
0.2385546
0.2596913
0.2493955
0.2096795
0.1676958
0.1453151
0.1366492
0.1159291
0.0644700
-0.0122996
-0.0917632
-0.1526805
-0.1861323
-0.1947599
-0.1892338
-0.1858410
-0.1991341
-0.2289320
-0.2558024
-0.2573839
-0.2331388
-0.2079629
-0.2051666
-0.2186911
-0.2213934
-0.2033791
-0.1917368
-0.2205193
-0.2838149
-0.3337001
-0.3321910
-0.2919301
-0.2448732
-0.1699343
0.0214409
0.3964896
0.8908989
1.3073716
1.4504027
1.2768281
0.9175602
0.5568326
0.2955133
0.1226581
-0.0094284
-0.1125096
-0.1667698
-0.1713069
-0.1628005
-0.1793382
-0.2201668
-0.2524843
-0.2534023
-0.2342037
-0.2216793
-0.2250366
-0.2290964
-0.2172776
-0.1928716
-0.1744624
-0.1747299
-0.1883011
-0.1992851
-0.1966551
-0.1815430
-0.1631586
-0.1507183
-0.1481496
-0.1529412
-0.1581232
-0.1563107
-0.1436884
-0.1212164
-0.0928660
-0.0636671
-0.0390400
-0.0230343
-0.0137945
-0.0007642
0.0294921
0.0804628
0.1385912
0.1825347
0.2023919
0.2093672
0.2246508
0.2586432
0.3022222
0.3377181
0.3554258
0.3577900
0.3506254
0.3358855
0.3149770
0.2948254
0.2845189
0.2843143
0.2815876
0.2616773
0.2231646
0.1805238
0.1509059
0.1391481
0.1357654
0.1277259
0.1096344
0.0854440
0.0617602
0.0405460
0.0175767
-0.0123382
-0.0476576
-0.0775883
-0.0899667
-0.0845626
-0.0773985
-0.0871946
-0.1150958
-0.1409783
-0.1442283
-0.1273843
-0.1142609
-0.1233316
-0.1482901
-0.1693008
-0.1785877
-0.1852700
-0.1942967
-0.1931459
-0.1707223
-0.1435910
-0.1454115
-0.1825061
-0.2135979
-0.1923227
-0.1292531
-0.0924983
-0.1349500
-0.2327693
-0.3135604
-0.3392363
-0.3322310
-0.3051247
-0.1913418
0.1060870
0.5754193
1.0308992
1.2293613
1.0739968
0.6977994
0.3386747
0.1379213
0.0632334
0.0064980
-0.0795636
-0.1548052
-0.1738177
-0.1551718
-0.1562634
-0.1995128
-0.2476115
-0.2533851
-0.2173473
-0.1844410
-0.1894911
-0.2178987
-0.2234723
-0.1788407
-0.1033359
-0.0436333
-0.0316672
-0.0610198
-0.0986853
-0.1151110
-0.1038806
-0.0780616
-0.0532075
-0.0354475
-0.0227225
-0.0122893
-0.0041136
0.0015371
0.0062194
0.0116263
0.0176609
0.0241334
0.0332932
0.0478822
0.0661993
0.0820327
0.0921403
0.1024807
0.1231430
0.1555100
0.1870906
0.2024875
0.1995178
0.1917082
0.1934378
0.2043808
0.2106865
0.2006027
0.1761503
0.1486989
0.1256277
0.1038791
0.0758139
0.0385121
-0.0035724
-0.0428352
-0.0733406
-0.0928577
-0.1032368
-0.1093989
-0.1154758
-0.1202826
-0.1183778
-0.1078872
-0.0956791
-0.0905599
-0.0907347
-0.0834001
-0.0617750
-0.0395474
-0.0396964
-0.0654238
-0.0893986
-0.0814157
-0.0460202
-0.0218762
-0.0367699
-0.0693056
-0.0654949
0.0080886
0.1404859
0.3100155
0.5238980
0.7973787
1.0862508
1.2646396
1.2057983
0.9023608
0.4975147
0.1795588
0.0367954
0.0132285
-0.0030681
-0.0638036
-0.1347086
-0.1649325
-0.1552687
-0.1498223
-0.1767964
-0.2179407
-0.2384490
-0.2316870
-0.2223213
-0.2302549
-0.2454019
-0.2434820
-0.2186085
-0.1901619
-0.1773715
-0.1753048
-0.1614230
-0.1229131
-0.0716549
-0.0311464
-0.0125426
-0.0061399
0.0057755
0.0312416
0.0634056
0.0891189
0.1004900
0.1000057
0.0978446
0.1049591
0.1262371
0.1576753
0.1898190
0.2152166
0.2334610
0.2491137
0.2649578
0.2778690
0.2814536
0.2723193
0.2537254
0.2338408
0.2207629
0.2178823
0.2218150
0.2238388
0.2146527
0.1900327
0.1532505
0.1121170
0.0733257
0.0390999
0.0081098
-0.0218676
-0.0525482
-0.0849017
-0.1184914
-0.1507940
-0.1783185
-0.1990900
-0.2134252
-0.2217176
-0.2224483
-0.2141547
-0.1997489
-0.1870900
-0.1828653
-0.1849645
-0.1820525
-0.1628923
-0.1277277
-0.0903253
-0.0670322
-0.0623209
-0.0658310
-0.0656780
-0.0642712
-0.0764450
-0.1077632
-0.1375735
-0.1331135
-0.0868284
-0.0346999
-0.0262143
-0.0723548
-0.1318282
-0.1567702
-0.1447397
-0.1277464
-0.1045354
-0.0044013
0.2506700
0.6355044
0.9898351
1.1242599
0.9740431
0.6492912
0.3330152
0.1336123
0.0335047
-0.0396608
-0.1192767
-0.1830118
-0.2060144
-0.2017763
-0.2036742
-0.2232733
-0.2435064
-0.2495974
-0.2504772
-0.2623965
-0.2811522
-0.2836070
-0.2572201
-0.2177756
-0.1913734
-0.1836448
-0.1748530
-0.1456458
-0.1004380
-0.0608550
-0.0399710
-0.0295316
-0.0131271
0.0135081
0.0388974
0.0495198
0.0423699
0.0244734
0.0056611
-0.0045758
0.0032446
0.0344803
0.0823096
0.1272223
0.1506021
0.1514345
0.1476310
0.1581840
0.1839210
0.2074114
0.2120441
0.1992989
0.1856411
0.1834577
0.1878991
0.1839912
0.1650531
0.1409461
0.1267996
0.1252917
0.1227161
0.1031840
0.0649468
0.0211259
-0.0146551
-0.0407427
-0.0649735
-0.0926274
-0.1204106
-0.1424916
-0.1586306
-0.1728397
-0.1852038
-0.1897624
-0.1830611
-0.1718606
-0.1673006
-0.1704052
-0.1676958
-0.1455094
-0.1078065
-0.0752014
-0.0640727
-0.0691839
-0.0702280
-0.0547149
-0.0308653
-0.0172716
-0.0235426
-0.0437812
-0.0658203
-0.0808954
-0.0835012
-0.0680059
-0.0307810
0.0274966
0.1097107
0.2336152
0.4241272
0.6794688
0.9404326
1.1040303
1.0857466
0.8825318
0.5798029
0.2943003
0.1017701
0.0066233
-0.0333659
-0.0613222
-0.0947679
-0.1292509
-0.1553826
-0.1702561
-0.1780936
-0.1850580
-0.1937335
-0.2008542
-0.2006693
-0.1922661
-0.1832066
-0.1829005
-0.1905169
-0.1917898
-0.1720755
-0.1338198
-0.0978513
-0.0835577
-0.0876794
-0.0858550
-0.0573274
-0.0070327
0.0389285
0.0596829
0.0595064
0.0607895
0.0792820
0.1089650
0.1314779
0.1376735
0.1371418
0.1466081
0.1714587
0.2006437
0.2191068
0.2229272
0.2210867
0.2238797
0.2323111
0.2397307
0.2415206
0.2397500
0.2374627
0.2312940
0.2135546
0.1825128
0.1479542
0.1233985
0.1121992
0.1030756
0.0809028
0.0417136
-0.0038209
-0.0416001
-0.0676721
-0.0901718
-0.1185594
-0.1522286
-0.1804805
-0.1935959
-0.1932784
-0.1914779
-0.1984979
-0.2123341
-0.2202216
-0.2111878
-0.1872880
-0.1625042
-0.1505575
-0.1534156
-0.1607354
-0.1595185
-0.1444502
-0.1204071
-0.0966195
-0.0788627
-0.0667428
-0.0580878
-0.0555495
-0.0672172
-0.0978030
-0.1376929
-0.1632637
-0.1534848
-0.1099847
-0.0597520
-0.0342261
-0.0432459
-0.0696068
-0.0891313
-0.0940936
-0.0955128
-0.1050982
-0.1204888
-0.1309353
-0.1338666
-0.1395521
-0.1573413
-0.1813873
-0.1951378
-0.1904859
-0.1786377
-0.1787901
-0.1966796
-0.2172287
-0.2202112
-0.2027469
-0.1846322
-0.1895235
-0.2195159
-0.2491042
-0.2478362
-0.2123925
-0.1751270
-0.1753895
-0.2191838
-0.2710490
-0.2912387
-0.2770435
-0.2536577
-0.2161171
-0.0933918
0.2007189
0.6597187
1.1322706
1.4033468
1.3531733
1.0484359
0.6790825
0.4048413
0.2570403
0.1705728
0.0845295
-0.0019325
-0.0581737
-0.0763913
-0.0814009
-0.0956117
-0.1133034
-0.1161059
-0.1037556
-0.0978382
-0.1155146
-0.1486259
-0.1735502
-0.1773019
-0.1682302
-0.1625999
-0.1673805
-0.1788677
-0.1928750
-0.2092403
-0.2257525
-0.2336574
-0.2244706
-0.2006272
-0.1753593
-0.1603280
-0.1553669
-0.1520706
-0.1452921
-0.1370783
-0.1286517
-0.1131119
-0.0816456
-0.0378111
-0.0009523
0.0100648
-0.0021935
-0.0119076
0.0078552
0.0609046
0.1268412
0.1832294
0.2257757
0.2651303
0.3073716
0.3440854
0.3644214
0.3725515
0.3861444
0.4154324
0.4483680
0.4616454
0.4456385
0.4130477
0.3803128
0.3448170
0.2870996
0.1968443
0.0913301
0.0028061
-0.0519336
-0.0852769
-0.1211059
-0.1672604
-0.2091870
-0.2292234
-0.2270934
-0.2192857
-0.2215962
-0.2362971
-0.2554810
-0.2720259
-0.2845908
-0.2946778
-0.3032148
-0.3105798
-0.3170239
-0.3217000
-0.3235590
-0.3250787
-0.3326464
-0.3492018
-0.3669324
-0.3725459
-0.3631241
-0.3533400
-0.3612650
-0.3870172
-0.4111299
-0.4167325
-0.4081409
-0.4016054
-0.4011768
-0.3942763
-0.3746496
-0.3591159
-0.3687382
-0.3954243
-0.4031470
-0.3722047
-0.3327080
-0.3372346
-0.3988356
-0.4725239
-0.5086404
-0.5098959
-0.5095090
-0.4890049
-0.3484647
0.0026955
0.5142542
0.9765967
1.1636383
1.0101408
0.6513105
0.2936201
0.0544696
-0.0799686
-0.1723143
-0.2452037
-0.2792960
-0.2704235
-0.2553606
-0.2729755
-0.3167605
-0.3426559
-0.3225557
-0.2774657
-0.2520791
-0.2637661
-0.2857511
-0.2801100
-0.2392381
-0.1900123
-0.1609974
-0.1523786
-0.1396568
-0.1024162
-0.0454529
0.0070326
0.0337111
0.0314811
0.0129377
-0.0062213
-0.0167882
-0.0178896
-0.0144116
-0.0132393
-0.0184649
-0.0268691
-0.0282562
-0.0131044
0.0178791
0.0520056
0.0739408
0.0779236
0.0710955
0.0651579
0.0653687
0.0676846
0.0655742
0.0583958
0.0527744
0.0559078
0.0671579
0.0758618
0.0686732
0.0417760
0.0072410
-0.0148171
-0.0143089
-0.0031461
-0.0072216
-0.0434047
-0.1034624
-0.1614203
-0.1967936
-0.2099571
-0.2161707
-0.2284164
-0.2479487
-0.2678749
-0.2802540
-0.2796129
-0.2659932
-0.2489191
-0.2435304
-0.2543314
-0.2629699
-0.2428924
-0.1941902
-0.1572940
-0.1771528
-0.2486600
-0.3083170
-0.2913816
-0.1926491
-0.0559997
0.0972557
0.3067360
0.6136126
0.9621853
1.1893862
1.1452395
0.8354611
0.4352307
0.1497743
0.0560789
0.0747714
0.0802685
0.0215930
-0.0614691
-0.1143965
-0.1333491
-0.1536983
-0.1950207
-0.2369615
-0.2489295
-0.2291035
-0.2049001
-0.1997906
-0.2093725
-0.2120270
-0.1964141
-0.1726996
-0.1584664
-0.1592429
-0.1649273
-0.1620391
-0.1459406
-0.1219543
-0.0985381
-0.0815194
-0.0728372
-0.0709097
-0.0703785
-0.0630550
-0.0421478
-0.0076009
0.0324966
0.0667904
0.0884844
0.0998838
0.1101273
0.1281345
0.1563724
0.1900253
0.2217057
0.2474800
0.2690971
0.2908377
0.3145655
0.3382939
0.3595161
0.3786499
0.3973315
0.4127079
0.4151728
0.3947010
0.3511851
0.2979099
0.2528869
0.2252544
0.2096386
0.1935182
0.1695344
0.1404506
0.1130675
0.0889270
0.0620985
0.0262910
-0.0161702
-0.0531841
-0.0722059
-0.0723373
-0.0668993
-0.0716503
-0.0888127
-0.1043774
-0.1040708
-0.0913272
-0.0847940
-0.0954177
-0.1104672
-0.1075120
-0.0844189
-0.0665234
-0.0766954
-0.1033565
-0.1109150
-0.0858876
-0.0611476
-0.0813884
-0.1477293
-0.2126949
-0.2363368
-0.2306900
-0.2262162
-0.1954768
-0.0407233
0.3099955
0.7892343
1.1947800
1.3335061
1.1731059
0.8549225
0.5627498
0.3831391
0.2824859
0.1918833
0.0899642
0.0052569
-0.0369441
-0.0478893
-0.0569499
-0.0757212
-0.0895937
-0.0800736
-0.0471898
-0.0094953
0.0124850
0.0108694
-0.0068043
-0.0248856
-0.0309941
-0.0243925
-0.0144356
-0.0090962
-0.0050313
0.0080726
0.0319350
0.0518921
0.0494380
0.0229856
-0.0078581
-0.0213944
-0.0150941
-0.0046064
-0.0028455
-0.0051469
0.0023745
0.0236601
0.0476228
0.0625589
0.0703444
0.0822558
0.1030253
0.1245263
0.1367152
0.1405064
0.1454378
0.1557043
0.1635129
0.1588952
0.1434527
0.1301013
0.1283468
0.1326905
0.1281157
0.1062826
0.0739331
0.0447897
0.0251259
0.0090363
-0.0129105
-0.0427309
-0.0737197
-0.0987024
-0.1176677
-0.1365936
-0.1592214
-0.1802198
-0.1863375
-0.1654909
-0.1179965
-0.0615433
-0.0231894
-0.0197958
-0.0404039
-0.0482936
-0.0060861
0.0970660
0.2442970
0.4184482
0.6252504
0.8774568
1.1486087
1.3500051
1.3736878
1.1776545
0.8352414
0.4936825
0.2715046
0.1843435
0.1604131
0.1203822
0.0418169
-0.0434888
-0.0988418
-0.1200567
-0.1291676
-0.1440352
-0.1622193
-0.1721450
-0.1717818
-0.1712842
-0.1792157
-0.1913627
-0.1956793
-0.1863885
-0.1700123
-0.1569882
-0.1501204
-0.1439841
-0.1346103
-0.1253610
-0.1204591
-0.1154130
-0.0995342
-0.0699497
-0.0388349
-0.0215508
-0.0182962
-0.0131137
0.0063488
0.0327513
0.0485895
0.0505639
0.0568254
0.0853242
0.1292234
0.1614295
0.1647412
0.1514444
0.1486761
0.1680841
0.1965450
0.2166998
0.2289651
0.2474768
0.2774884
0.3044856
0.3082702
0.2833738
0.2414889
0.1962807
0.1518822
0.1080558
0.0712941
0.0537003
0.0586962
0.0713765
0.0678602
0.0363245
-0.0119787
-0.0537860
-0.0756742
-0.0838519
-0.0924287
-0.1050195
-0.1123168
-0.1088140
-0.1065379
-0.1245359
-0.1631059
-0.1955800
-0.1938288
-0.1613911
-0.1331379
-0.1375910
-0.1653689
-0.1829845
-0.1754810
-0.1635549
-0.1727007
-0.1955104
-0.1994596
-0.1723866
-0.1441984
-0.1511923
-0.1868443
-0.2063565
-0.1842941
-0.1515014
-0.1596105
-0.2158391
-0.2732994
-0.2907246
-0.2801271
-0.2713885
-0.2349207
-0.0737287
0.2769694
0.7420083
1.1215645
1.2361240
1.0653255
0.7479997
0.4543799
0.2628985
0.1473213
0.0534164
-0.0342302
-0.0946872
-0.1132856
-0.1037005
-0.0917932
-0.0917950
-0.1031997
-0.1223357
-0.1474263
-0.1734219
-0.1906797
-0.1939859
-0.1900312
-0.1911138
-0.2013671
-0.2126749
-0.2153250
-0.2098172
-0.2056308
-0.2097908
-0.2197485
-0.2275725
-0.2279482
-0.2204181
-0.2067295
-0.1901360
-0.1769155
-0.1735025
-0.1785388
-0.1800761
-0.1654892
-0.1350219
-0.1018537
-0.0766913
-0.0556034
-0.0272751
0.0093864
0.0413530
0.0581589
0.0678081
0.0894878
0.1302426
0.1747071
0.2014227
0.2055938
0.2003975
0.1971156
0.1909627
0.1700241
0.1334551
0.0942930
0.0645722
0.0437464
0.0246457
0.0060780
-0.0066318
-0.0129953
-0.0227914
-0.0460410
-0.0799729
-0.1104355
-0.1266892
-0.1316672
-0.1364012
-0.1473184
-0.1621459
-0.1769567
-0.1926076
-0.2116424
-0.2309460
-0.2415557
-0.2377606
-0.2253000
-0.2182814
-0.2266626
-0.2470609
-0.2668814
-0.2774835
-0.2816647
-0.2869557
-0.2935669
-0.2935937
-0.2842800
-0.2777931
-0.2906267
-0.3213330
-0.3449666
-0.3368144
-0.3009520
-0.2680806
-0.2618582
-0.2732886
-0.2748643
-0.2559247
-0.2328601
-0.2218552
-0.2139650
-0.1898455
-0.1543733
-0.1387854
-0.1606293
-0.1950104
-0.2027780
-0.1841010
-0.1833168
-0.2303506
-0.2934815
-0.3124338
-0.2744210
-0.2273320
-0.1980431
-0.1178039
0.1281673
0.5548714
0.9994365
1.2227522
1.1066387
0.7486026
0.3620846
0.0947415
-0.0521819
-0.1514281
-0.2385696
-0.2895563
-0.2842969
-0.2534188
-0.2472919
-0.2765111
-0.3052427
-0.3027765
-0.2829531
-0.2821915
-0.3091148
-0.3326800
-0.3222476
-0.2863133
-0.2613889
-0.2675298
-0.2869496
-0.2895250
-0.2698085
-0.2495405
-0.2464545
-0.2515115
-0.2420242
-0.2109676
-0.1747897
-0.1524389
-0.1441613
-0.1350243
-0.1146896
-0.0872072
-0.0620906
-0.0428236
-0.0279854
-0.0189200
-0.0187671
-0.0229559
-0.0170816
0.0101124
0.0527769
0.0915722
0.1123695
0.1182381
0.1211609
0.1252891
0.1232547
0.1091323
0.0898492
0.0791026
0.0807877
0.0830933
0.0717444
0.0469697
0.0233835
0.0122795
0.0074415
-0.0080531
-0.0416092
-0.0814721
-0.1093972
-0.1208062
-0.1286265
-0.1465438
-0.1719972
-0.1892760
-0.1886368
-0.1783177
-0.1755916
-0.1882796
-0.2080376
-0.2207114
-0.2194206
-0.2068705
-0.1894765
-0.1734752
-0.1647559
-0.1664153
-0.1739588
-0.1765236
-0.1668387
-0.1489444
-0.1327468
-0.1217560
-0.1108862
-0.0974593
-0.0883941
-0.0907376
-0.0983525
-0.0971788
-0.0862772
-0.0849885
-0.1105422
-0.1523523
-0.1801095
-0.1794595
-0.1659938
-0.1502321
-0.0947595
0.0697886
0.3662242
0.7097855
0.9432084
0.9498832
0.7413339
0.4387725
0.1745231
0.0096318
-0.0703056
-0.1055763
-0.1227864
-0.1331457
-0.1457896
-0.1682970
-0.1976612
-0.2215126
-0.2321202
-0.2348708
-0.2394827
-0.2459263
-0.2444334
-0.2300493
-0.2123799
-0.2065738
-0.2152828
-0.2234131
-0.2130025
-0.1821747
-0.1473569
-0.1266227
-0.1223074
-0.1207349
-0.1076095
-0.0813530
-0.0507778
-0.0221406
0.0078795
0.0451542
0.0865383
0.1189142
0.1312670
0.1266753
0.1210495
0.1301864
0.1586936
0.2005537
0.2474152
0.2935537
0.3332294
0.3573553
0.3576338
0.3359307
0.3076863
0.2924825
0.2985218
0.3154368
0.3227033
0.3062763
0.2687230
0.2247987
0.1879034
0.1601985
0.1342435
0.1026437
0.0655401
0.0293309
-0.0007940
-0.0261679
-0.0521317
-0.0803975
-0.1051233
-0.1184816
-0.1207416
-0.1227151
-0.1352628
-0.1563345
-0.1717727
-0.1714057
-0.1620008
-0.1595386
-0.1681009
-0.1722410
-0.1561477
-0.1283899
-0.1188265
-0.1452741
-0.1875444
-0.2033908
-0.1725822
-0.1192474
-0.0860580
-0.0902855
-0.1113986
-0.1191256
-0.1035779
-0.0746123
-0.0427062
-0.0134478
0.0021258
-0.0107541
-0.0481357
-0.0771196
-0.0658285
-0.0236577
0.0088000
0.0248033
0.0925733
0.2994330
0.6377000
0.9603342
1.0785204
0.9197528
0.5892996
0.2742546
0.0915446
0.0273779
0.0032797
-0.0279986
-0.0590018
-0.0738461
-0.0848679
-0.1143586
-0.1579299
-0.1855780
-0.1790929
-0.1550124
-0.1441913
-0.1563367
-0.1737437
-0.1775966
-0.1702230
-0.1668607
-0.1718074
-0.1714968
-0.1523176
-0.1192183
-0.0918414
-0.0835855
-0.0882991
-0.0880551
-0.0710053
-0.0399482
-0.0056253
0.0250824
0.0537487
0.0852482
0.1195715
0.1487785
0.1622655
0.1566552
0.1421071
0.1381327
0.1598330
0.2049103
0.2537892
0.2849377
0.2925002
0.2892611
0.2917519
0.3030457
0.3113678
0.3049441
0.2853836
0.2645160
0.2496822
0.2359211
0.2143146
0.1852988
0.1592125
0.1423935
0.1264160
0.0957549
0.0463930
-0.0072727
-0.0467943
-0.0685008
-0.0839553
-0.1024939
-0.1195055
-0.1262927
-0.1273903
-0.1388603
-0.1656915
-0.1880707
-0.1805330
-0.1458105
-0.1195157
-0.1324552
-0.1724561
-0.1952673
-0.1761878
-0.1398882
-0.1289535
-0.1492721
-0.1634565
-0.1434742
-0.1136618
-0.1222734
-0.1723794
-0.2029964
-0.1530379
-0.0309979
0.1033108
0.2286748
0.4060254
0.7027861
1.0747571
1.3521572
1.3694335
1.1133925
0.7361487
0.4225914
0.2507417
0.1736338
0.1102127
0.0297604
-0.0472059
-0.0995769
-0.1323246
-0.1582418
-0.1766074
-0.1819343
-0.1834299
-0.1998243
-0.2332768
-0.2599224
-0.2545625
-0.2211312
-0.1908701
-0.1891202
-0.2093572
-0.2235292
-0.2146548
-0.1935644
-0.1829067
-0.1897455
-0.1983403
-0.1889290
-0.1596818
-0.1285574
-0.1150783
-0.1213943
-0.1302080
-0.1203005
-0.0851956
-0.0385105
-0.0013472
0.0169527
0.0270582
0.0491122
0.0932528
0.1497558
0.1981596
0.2259488
0.2378278
0.2469160
0.2588864
0.2670783
0.2627926
0.2472398
0.2312909
0.2248193
0.2282481
0.2334372
0.2299072
0.2100833
0.1724766
0.1236443
0.0762869
0.0408916
0.0162363
-0.0100330
-0.0476817
-0.0906144
-0.1212320
-0.1302585
-0.1288769
-0.1366713
-0.1587307
-0.1801607
-0.1847266
-0.1738917
-0.1635058
-0.1652424
-0.1772603
-0.1919752
-0.2050760
-0.2132389
-0.2101927
-0.1945867
-0.1800200
-0.1850739
-0.2074630
-0.2188421
-0.1994319
-0.1737294
-0.1912950
-0.2624283
-0.3303860
-0.3304750
-0.2712715
-0.2243630
-0.2137302
-0.1392560
0.1418089
0.6337749
1.1250283
1.3325308
1.1455641
0.7224445
0.3409385
0.1606727
0.1338221
0.1215567
0.0569112
-0.0188267
-0.0465432
-0.0316002
-0.0271061
-0.0624161
-0.1140032
-0.1441956
-0.1474334
-0.1474761
-0.1599491
-0.1743112
-0.1745404
-0.1646987
-0.1644824
-0.1836766
-0.2094469
-0.2193291
-0.2025285
-0.1692929
-0.1431405
-0.1416042
-0.1587272
-0.1674974
