0.1225460
0.1214341
0.1664581
0.1780868
0.1295386
0.0506846
-0.0374765
-0.1300030
-0.1974288
-0.1991014
-0.1384597
-0.0625296
-0.0071320
0.0222176
0.0211126
-0.0206147
-0.0906011
-0.1497156
-0.1661753
-0.1389210
-0.0894996
-0.0474103
-0.0373424
-0.0605835
-0.0907714
-0.1029847
-0.1028511
-0.1139675
-0.1435987
-0.1747074
-0.1855847
-0.1658217
-0.1219583
-0.0802809
-0.0742269
-0.1126200
-0.1647348
-0.1897614
-0.1784718
-0.1572095
-0.1552672
-0.1763896
-0.1987631
-0.1972952
-0.1690555
-0.1383825
-0.1309013
-0.1430435
-0.1476862
-0.1308713
-0.1095422
-0.1076436
-0.1264458
-0.1463650
-0.1501095
-0.1364249
-0.1152183
-0.0942487
-0.0699042
-0.0330349
0.0117200
0.0376329
0.0190089
-0.0353297
-0.0813161
-0.0788672
-0.0312303
0.0142160
0.0041573
-0.0741039
-0.1760952
-0.2335977
-0.2135448
-0.1448327
-0.0845408
-0.0630402
-0.0678621
-0.0735847
-0.0735032
-0.0795202
-0.1000121
-0.1248527
-0.1331538
-0.1151718
-0.0847356
-0.0669087
-0.0738951
-0.0962782
-0.1151792
-0.1163929
-0.0961128
-0.0657616
-0.0531383
-0.0828770
-0.1438663
-0.1857002
-0.1651576
-0.0988730
-0.0561721
-0.0865916
-0.1555628
-0.1667333
-0.0633084
0.0938528
0.1673756
0.0772964
-0.1109503
-0.2449225
-0.2313282
-0.1162870
-0.0252483
-0.0392001
-0.1330650
-0.2176004
-0.2233691
-0.1468759
-0.0357131
0.0536277
0.0856273
0.0546748
-0.0158262
-0.0831024
-0.1099899
-0.0925782
-0.0622457
-0.0568714
-0.0896550
-0.1386049
-0.1502612
-0.0511300
0.2167258
0.6331961
1.0615004
1.2985221
1.2063168
0.8227320
0.3437739
-0.0213163
-0.1981175
-0.2648126
-0.3332108
-0.4235943
-0.4617259
-0.3863790
-0.2377784
-0.1298784
-0.1416331
-0.2422478
-0.3210856
-0.2882371
-0.1512951
-0.0029791
0.0621276
0.0228345
-0.0642353
-0.1227516
-0.1170370
-0.0660070
-0.0115004
0.0221455
0.0412307
0.0621102
0.0842452
0.0904097
0.0747263
0.0623199
0.0908485
0.1690589
0.2564042
0.2882043
0.2276058
0.1010444
-0.0147507
-0.0484875
0.0103324
0.1033706
0.1505153
0.1124903
0.0188144
-0.0580494
-0.0604973
0.0087506
0.0903155
0.1205927
0.0883246
0.0422942
0.0419643
0.0990861
0.1668004
0.1857019
0.1420654
0.0824738
0.0702389
0.1254769
0.2082156
0.2608002
0.2645980
0.2532910
0.2729469
0.3317217
0.3872189
0.3824698
0.3003746
0.1894012
0.1318313
0.1739034
0.2785493
0.3497714
0.3132379
0.1814837
0.0431463
-0.0145313
0.0210895
0.0850585
0.1004845
0.0469056
-0.0312145
-0.0739842
-0.0582272
-0.0071022
0.0390511
0.0573112
0.0560221
0.0621209
0.0931368
0.1366610
0.1571210
0.1257279
0.0458720
-0.0484449
-0.1160261
-0.1326147
-0.1027960
-0.0587282
-0.0445756
-0.0855492
-0.1572788
-0.1902885
-0.1276988
0.0046975
0.0971634
0.0536991
-0.0969133
-0.2071193
-0.1523835
0.0338919
0.1867587
0.1774853
0.0400314
-0.0800683
-0.0873961
-0.0227250
0.0119929
-0.0162979
-0.0448050
-0.0099736
0.0662061
0.1060802
0.0746861
0.0166378
-0.0087935
-0.0016083
-0.0088561
-0.0504794
-0.0848339
-0.0577293
0.0283193
0.1090818
0.1219980
0.0647638
-0.0115886
-0.0586770
-0.0707720
-0.0722550
-0.0775865
-0.0710313
-0.0227756
0.0786877
0.2054879
0.2962851
0.2911943
0.1792932
0.0217234
-0.0815513
-0.0681628
0.0291393
0.1026595
0.0613110
-0.0838317
-0.2224849
-0.2417526
-0.1287167
0.0205902
0.0940051
0.0624894
-0.0120295
-0.0562963
-0.0578709
-0.0544382
-0.0661945
-0.0607827
0.0045090
0.1154798
0.1938399
0.1648296
0.0267760
-0.1477016
-0.2652120
-0.2538837
-0.0705372
0.2878343
0.7449726
1.1293127
1.2458662
1.0106407
0.5297548
0.0346694
-0.2798017
-0.3724900
-0.3358588
-0.2846690
-0.2715792
-0.2884975
-0.3105049
-0.3170265
-0.2856030
-0.1972241
-0.0628770
0.0660344
0.1313165
0.1187894
0.0718973
0.0493570
0.0672272
0.0848656
0.0521334
-0.0283325
-0.0910637
-0.0688231
0.0316229
0.1203562
0.1035189
-0.0197943
-0.1440127
-0.1529799
-0.0360569
0.0975657
0.1287379
0.0499200
-0.0320036
-0.0142000
0.0922422
0.1776832
0.1513762
0.0323664
-0.0754665
-0.0865299
-0.0045792
0.1004987
0.1699781
0.2016509
0.2254831
0.2508996
0.2512259
0.2020894
0.1272355
0.0940178
0.1526240
0.2772847
0.3773435
0.3800895
0.3048239
0.2437293
0.2618361
0.3249007
0.3401471
0.2661191
0.1646739
0.1347914
0.2067474
0.3181976
0.3908661
0.4076246
0.4008821
0.3837816
0.3267495
0.2122688
0.0870282
0.0294187
0.0657081
0.1425947
0.1927806
0.2079324
0.2254608
0.2528805
0.2383834
0.1350856
-0.0208401
-0.1249034
-0.1075793
-0.0100957
0.0564290
0.0236359
-0.0740390
-0.1495321
-0.1550604
-0.1130264
-0.0686416
-0.0362456
-0.0013766
0.0382325
0.0529186
0.0076970
-0.0981532
-0.2236696
-0.3166410
-0.3485448
-0.3229285
-0.2586290
-0.1713203
-0.0694316
0.0386378
0.1368100
0.2005121
0.2061263
0.1481978
0.0509963
-0.0415962
-0.0953615
-0.1082685
-0.1033265
-0.0998870
-0.0950271
-0.0742562
-0.0369174
-0.0052438
-0.0049829
-0.0378903
-0.0760159
-0.0846097
-0.0514963
0.0030946
0.0418825
0.0374694
-0.0069853
-0.0571555
-0.0721944
-0.0411592
0.0007705
-0.0012589
-0.0715585
-0.1795096
-0.2682685
-0.3064957
-0.3063691
-0.2902858
-0.2508518
-0.1588018
-0.0141075
0.1242680
0.1770478
0.1174895
-0.0028958
-0.1066688
-0.1614642
-0.1907865
-0.2206436
-0.2340778
-0.1910271
-0.0877719
0.0186216
0.0538598
-0.0075457
-0.1219531
-0.2161106
-0.2396141
-0.1843573
-0.0731660
0.0535309
0.1449460
0.1569402
0.0806578
-0.0438616
-0.1508284
-0.1929599
-0.1687313
-0.1132581
-0.0677647
-0.0549624
-0.0736725
-0.1080657
-0.1403487
-0.1578849
-0.1513109
-0.1097744
-0.0272477
0.0761025
0.1415704
0.1028839
-0.0469013
-0.2205461
-0.2953059
-0.2281012
-0.1031847
-0.0385372
-0.0373010
0.0423049
0.3372100
0.7949687
1.1637008
1.1945331
0.8642974
0.3936612
0.0446555
-0.0945248
-0.1323577
-0.2136156
-0.3653719
-0.4987612
-0.5283548
-0.4587195
-0.3566762
-0.2691337
-0.1919489
-0.1127961
-0.0567120
-0.0683878
-0.1522582
-0.2482279
-0.2800736
-0.2271887
-0.1414337
-0.0911480
-0.0930650
-0.1035537
-0.0756523
-0.0188684
0.0041808
-0.0555464
-0.1714955
-0.2521666
-0.2204677
-0.0859479
0.0614173
0.1293303
0.0969177
0.0178491
-0.0390937
-0.0463022
-0.0205627
0.0132946
0.0477663
0.0828472
0.1067204
0.1015772
0.0692378
0.0393182
0.0429950
0.0806679
0.1217752
0.1371839
0.1273821
0.1171768
0.1268609
0.1533262
0.1788579
0.1932200
0.2032356
0.2220523
0.2528469
0.2841078
0.2988832
0.2884455
0.2603354
0.2351714
0.2322419
0.2530551
0.2783286
0.2844107
0.2641771
0.2300108
0.1958833
0.1605603
0.1130838
0.0542321
0.0063697
-0.0041675
0.0247365
0.0643890
0.0801620
0.0621066
0.0289638
0.0040813
-0.0072364
-0.0148701
-0.0239612
-0.0251297
-0.0069948
0.0245756
0.0443196
0.0280015
-0.0234277
-0.0802059
-0.1060721
-0.0871417
-0.0417754
-0.0039205
0.0039907
-0.0144895
-0.0377176
-0.0465440
-0.0388766
-0.0270967
-0.0239655
-0.0324353
-0.0476071
-0.0641025
-0.0781586
-0.0845985
-0.0777317
-0.0588200
-0.0403284
-0.0376174
-0.0538305
-0.0748570
-0.0824526
-0.0727170
-0.0589980
-0.0554262
-0.0607981
-0.0622322
-0.0525518
-0.0380371
-0.0279251
-0.0229559
-0.0198821
-0.0227914
-0.0397381
-0.0652789
-0.0754780
-0.0511022
-0.0056550
0.0203075
0.0009160
-0.0427606
-0.0618821
-0.0333879
0.0136654
0.0313300
0.0064840
-0.0288796
-0.0404618
-0.0322098
-0.0352488
-0.0629464
-0.0914675
-0.0901950
-0.0618620
-0.0403521
-0.0485748
-0.0699029
-0.0697617
-0.0405482
-0.0133454
-0.0213352
-0.0596969
-0.0901958
-0.0835386
-0.0490339
-0.0201645
-0.0177671
-0.0340634
-0.0502599
-0.0604031
-0.0723039
-0.0892514
-0.0998213
-0.0896131
-0.0591087
-0.0252109
-0.0061849
-0.0086200
-0.0273700
-0.0513127
-0.0667394
-0.0630345
-0.0455271
-0.0423470
-0.0842535
-0.1615498
-0.1991234
-0.0916674
0.2103505
0.6328041
0.9980526
1.1319515
0.9768068
0.6206223
0.2255228
-0.0789507
-0.2548190
-0.3378925
-0.3793710
-0.4025832
-0.4008841
-0.3622039
-0.2904585
-0.2074588
-0.1395260
-0.1021176
-0.0927495
-0.0955625
-0.0939010
-0.0816211
-0.0645287
-0.0524749
-0.0512608
-0.0611485
-0.0792790
-0.1001698
-0.1149513
-0.1147267
-0.0982267
-0.0759373
-0.0640066
-0.0716499
-0.0935576
-0.1145321
-0.1215215
-0.1116996
-0.0910441
-0.0679758
-0.0489705
-0.0374304
-0.0334579
-0.0344019
-0.0373579
-0.0413927
-0.0457422
-0.0456474
-0.0328242
-0.0034254
0.0339385
0.0609751
0.0644403
0.0500198
0.0398467
0.0526764
0.0850253
0.1139880
0.1212260
0.1135242
0.1166456
0.1475194
0.1944270
0.2272031
0.2270043
0.2039505
0.1848159
0.1860633
0.2018296
0.2162143
0.2205190
0.2146930
0.1973079
0.1638465
0.1177436
0.0760860
0.0565159
0.0586674
0.0643313
0.0582889
0.0449065
0.0400354
0.0485848
0.0559980
0.0441501
0.0118905
-0.0239678
-0.0458892
-0.0489049
-0.0375775
-0.0176606
0.0035205
0.0129525
-0.0014823
-0.0358181
-0.0666131
-0.0701089
-0.0461865
-0.0195199
-0.0146746
-0.0320935
-0.0509564
-0.0536011
-0.0424747
-0.0325265
-0.0327881
-0.0410384
-0.0540560
-0.0743024
-0.1017600
-0.1243929
-0.1257435
-0.1047740
-0.0828473
-0.0847498
-0.1120746
-0.1392273
-0.1385201
-0.1080683
-0.0726956
-0.0580298
-0.0666382
-0.0800785
-0.0804737
-0.0663348
-0.0488797
-0.0382890
-0.0361677
-0.0383391
-0.0404655
-0.0403040
-0.0375900
-0.0341615
-0.0332823
-0.0365347
-0.0412727
-0.0435922
-0.0451632
-0.0544769
-0.0771176
-0.1043607
-0.1158093
-0.0975724
-0.0575755
-0.0201175
-0.0046914
-0.0118266
-0.0292640
-0.0474286
-0.0645060
-0.0780622
-0.0791815
-0.0610922
-0.0323672
-0.0148266
-0.0237695
-0.0519964
-0.0772759
-0.0855803
-0.0836709
-0.0881362
-0.1058717
-0.1284139
-0.1431756
-0.1455484
-0.1392931
-0.1294585
-0.1187880
-0.1095270
-0.1039004
-0.1009158
-0.0960603
-0.0879406
-0.0838788
-0.0939501
-0.1176868
-0.1406343
-0.1481071
-0.1406442
-0.1310599
-0.1259462
-0.1159460
-0.0891568
-0.0516517
-0.0279274
-0.0382767
-0.0792720
-0.1289500
-0.1647953
-0.1659547
-0.0980514
0.0844601
0.3937949
0.7556039
1.0161223
1.0335194
0.7863869
0.3974400
0.0422328
-0.1767863
-0.2781378
-0.3396524
-0.4036556
-0.4461770
-0.4265711
-0.3474846
-0.2565095
-0.1969314
-0.1706789
-0.1521781
-0.1274930
-0.1091568
-0.1145084
-0.1402303
-0.1644281
-0.1697126
-0.1574720
-0.1397117
-0.1236744
-0.1086477
-0.0939523
-0.0832391
-0.0796507
-0.0813369
-0.0847080
-0.0893685
-0.0961716
-0.1017470
-0.0995493
-0.0877745
-0.0731231
-0.0640798
-0.0618648
-0.0605466
-0.0552163
-0.0467258
-0.0378186
-0.0285277
-0.0186672
-0.0121543
-0.0128558
-0.0150791
-0.0045910
0.0247690
0.0578368
0.0695961
0.0535954
0.0341279
0.0438064
0.0891603
0.1433382
0.1744981
0.1772510
0.1725434
0.1798415
0.1965032
0.2063843
0.2023182
0.1930293
0.1890624
0.1897368
0.1881893
0.1843428
0.1852240
0.1917369
0.1917264
0.1715711
0.1331160
0.0941339
0.0704429
0.0604956
0.0499172
0.0290803
0.0024293
-0.0192023
-0.0306411
-0.0338299
-0.0311274
-0.0238839
-0.0188195
-0.0291485
-0.0621216
-0.1054976
-0.1328976
-0.1279218
-0.1022051
-0.0854223
-0.0954785
-0.1202847
-0.1307998
-0.1111050
-0.0737271
-0.0460811
-0.0447083
-0.0633456
-0.0825424
-0.0872939
-0.0766866
-0.0614526
-0.0547346
-0.0625505
-0.0792761
-0.0920710
-0.0924309
-0.0847879
-0.0821002
-0.0913222
-0.1046074
-0.1075822
-0.0961255
-0.0813479
-0.0757108
-0.0770989
-0.0716010
-0.0526523
-0.0325404
-0.0305818
-0.0510635
-0.0770898
-0.0875287
-0.0773454
-0.0593273
-0.0481601
-0.0467106
-0.0481313
-0.0471581
-0.0454573
-0.0466766
-0.0501110
-0.0511605
-0.0463547
-0.0361459
-0.0238814
-0.0141261
-0.0113660
-0.0173271
-0.0280893
-0.0356848
-0.0349910
-0.0291366
-0.0266038
-0.0325574
-0.0440460
-0.0541092
-0.0592424
-0.0615291
-0.0643984
-0.0687060
-0.0737154
-0.0796940
-0.0870359
-0.0933347
-0.0942498
-0.0889305
-0.0832375
-0.0853489
-0.0974988
-0.1126263
-0.1195262
-0.1116401
-0.0921260
-0.0718037
-0.0616478
-0.0646966
-0.0733304
-0.0753444
-0.0651010
-0.0495341
-0.0417383
-0.0476496
-0.0604491
-0.0696259
-0.0736184
-0.0793012
-0.0883791
-0.0899006
-0.0723013
-0.0416926
-0.0206987
-0.0245586
-0.0424326
-0.0494368
-0.0374298
-0.0266488
-0.0421079
-0.0834037
-0.1259751
-0.1503211
-0.1561054
-0.1368167
-0.0496393
0.1635571
0.5039572
0.8657128
1.0791008
1.0279072
0.7385761
0.3573000
0.0369696
-0.1616885
-0.2743051
-0.3595623
-0.4322916
-0.4622050
-0.4216198
-0.3226371
-0.2089891
-0.1201722
-0.0675882
-0.0406232
-0.0276338
-0.0271991
-0.0415757
-0.0646590
-0.0805665
-0.0754734
-0.0501836
-0.0197624
-0.0001610
0.0045932
0.0022419
0.0013003
0.0025837
0.0018362
-0.0023072
-0.0065956
-0.0093839
-0.0145325
-0.0255652
-0.0373305
-0.0383189
-0.0236858
-0.0031797
0.0078491
0.0051569
-0.0002371
0.0040298
0.0168646
0.0264637
0.0266028
0.0251923
0.0341710
0.0542468
0.0744146
0.0862748
0.0936269
0.1048277
0.1193029
0.1276889
0.1261124
0.1249458
0.1388640
0.1698552
0.2046404
0.2295024
0.2434524
0.2540863
0.2640927
0.2680967
0.2638590
0.2605971
0.2699941
0.2894430
0.2999827
0.2845431
0.2462654
0.2053511
0.1783768
0.1641494
0.1503800
0.1297237
0.1050093
0.0806133
0.0552680
0.0271447
0.0026988
-0.0059563
0.0051295
0.0237603
0.0313099
0.0206330
0.0022695
-0.0073728
-0.0019727
0.0110722
0.0201050
0.0194178
0.0111297
0.0009080
-0.0061555
-0.0076288
-0.0049708
-0.0029303
-0.0054739
-0.0114258
-0.0159466
-0.0176044
-0.0218063
-0.0337603
-0.0480756
-0.0496777
-0.0289402
0.0048354
0.0287099
0.0267206
0.0040489
-0.0202209
-0.0325179
-0.0345916
-0.0350612
-0.0355726
-0.0286359
-0.0083926
0.0195134
0.0402514
0.0413343
0.0219659
-0.0068486
-0.0296855
-0.0358501
-0.0253354
-0.0082517
0.0028159
0.0026125
-0.0033868
-0.0058455
-0.0019601
0.0019438
-0.0013858
-0.0106086
-0.0161461
-0.0101194
0.0053788
0.0204721
0.0268165
0.0237792
0.0165479
0.0105105
0.0081380
0.0092109
0.0115170
0.0112498
0.0048622
-0.0079365
-0.0234899
-0.0373223
-0.0474002
-0.0533396
-0.0533959
-0.0450979
-0.0303587
-0.0178003
-0.0162188
-0.0244866
-0.0303994
-0.0225250
-0.0033353
0.0115281
0.0082097
-0.0119298
-0.0342429
-0.0445342
-0.0392888
-0.0238848
-0.0051369
0.0116071
0.0204374
0.0156752
-0.0019027
-0.0213208
-0.0280271
-0.0165554
0.0040190
0.0184275
0.0189656
0.0107216
0.0043570
0.0056332
0.0121673
0.0179068
0.0180734
0.0102564
-0.0055299
-0.0247295
-0.0373752
-0.0338466
-0.0147134
0.0062776
0.0126097
0.0001566
-0.0195045
-0.0327352
-0.0398160
-0.0544099
-0.0860569
-0.1256131
-0.1509610
-0.1469293
-0.1172960
-0.0774723
-0.0397507
-0.0091087
0.0098252
0.0098358
-0.0103942
-0.0385959
-0.0563739
-0.0558193
-0.0447106
-0.0334123
-0.0215247
-0.0031889
0.0167982
0.0213181
-0.0000691
-0.0363585
-0.0665377
-0.0811079
-0.0776479
-0.0292149
0.1256450
0.4312449
0.8362101
1.1781210
1.2767580
1.0691355
0.6622330
0.2498308
-0.0301223
-0.1691519
-0.2422490
-0.3096801
-0.3680033
-0.3802728
-0.3311171
-0.2441820
-0.1569565
-0.0927994
-0.0575134
-0.0498381
-0.0644429
-0.0874926
-0.1005212
-0.0952869
-0.0820292
-0.0777524
-0.0861816
-0.0933400
-0.0847529
-0.0640558
-0.0508092
-0.0595581
-0.0832615
-0.0986898
-0.0877855
-0.0539148
-0.0188927
-0.0051074
-0.0185456
-0.0454359
-0.0635222
-0.0586040
-0.0341018
-0.0069457
0.0064975
0.0028101
-0.0078851
-0.0125822
-0.0066078
0.0048794
0.0149945
0.0233722
0.0360145
0.0574614
0.0838111
0.1042865
0.1108206
0.1069262
0.1065412
0.1222033
0.1527616
0.1829528
0.1966647
0.1917987
0.1818711
0.1822066
0.1945559
0.2061742
0.2044659
0.1915815
0.1830803
0.1917018
0.2132009
0.2289687
0.2226645
0.1942696
0.1586041
0.1312368
0.1161044
0.1056240
0.0908558
0.0703077
0.0493917
0.0331659
0.0210458
0.0083638
-0.0080895
-0.0264627
-0.0409682
-0.0462338
-0.0416996
-0.0331472
-0.0294889
-0.0357188
-0.0472573
-0.0523261
-0.0429788
-0.0253808
-0.0171694
-0.0310636
-0.0599885
-0.0809064
-0.0762530
-0.0516458
-0.0304677
-0.0302959
-0.0461898
-0.0583088
-0.0544779
-0.0426305
-0.0406627
-0.0565777
-0.0808866
-0.0974479
-0.0985674
-0.0886550
-0.0766797
-0.0691908
-0.0698692
-0.0800044
-0.0947678
-0.1009935
-0.0852191
-0.0482492
-0.0100161
0.0050441
-0.0094596
-0.0345558
-0.0430909
-0.0249740
0.0048310
0.0226359
0.0187027
0.0036884
-0.0048330
0.0004077
0.0121690
0.0186982
0.0158309
0.0097335
0.0093817
0.0170639
0.0259012
0.0263478
0.0153832
-0.0002105
-0.0094554
-0.0063752
0.0054901
0.0166124
0.0189474
0.0108043
-0.0033736
-0.0160417
-0.0200358
-0.0125351
0.0013795
0.0098881
0.0029253
-0.0179917
-0.0395805
-0.0489100
-0.0460857
-0.0433303
-0.0509568
-0.0659266
-0.0757060
-0.0721188
-0.0586935
-0.0441437
-0.0320874
-0.0204421
-0.0093785
-0.0045717
-0.0098216
-0.0196220
-0.0238417
-0.0198119
-0.0153969
-0.0179520
-0.0239367
-0.0242223
-0.0186738
-0.0192373
-0.0347650
-0.0563108
-0.0639689
-0.0495452
-0.0272081
-0.0174762
-0.0236578
-0.0301458
-0.0238841
-0.0104477
-0.0048956
-0.0128816
-0.0295608
-0.0541247
-0.0887187
-0.1094631
-0.0468638
0.1760216
0.5585193
0.9717882
1.2154488
1.1554535
0.8264793
0.4030166
0.0641936
-0.1245652
-0.2153446
-0.2864094
-0.3588823
-0.3959285
-0.3633702
-0.2751658
-0.1800611
-0.1156365
-0.0831008
-0.0618354
-0.0374356
-0.0116570
0.0077800
0.0177332
0.0189134
0.0112804
-0.0044117
-0.0218836
-0.0313065
-0.0286059
-0.0208298
-0.0190391
-0.0253841
-0.0297756
-0.0215812
-0.0036163
0.0085782
0.0028228
-0.0160779
-0.0311176
-0.0312623
-0.0224315
-0.0189660
-0.0258355
-0.0324153
-0.0249077
-0.0025021
0.0217457
0.0355729
0.0394054
0.0420531
0.0483247
0.0560959
0.0651781
0.0821887
0.1109846
0.1408318
0.1522291
0.1390842
0.1213809
0.1286547
0.1685838
0.2163743
0.2400261
0.2350020
0.2288737
0.2500444
0.2960878
0.3371291
0.3485748
0.3349877
0.3201533
0.3184195
0.3209937
0.3096736
0.2785958
0.2392329
0.2067727
0.1864571
0.1736331
0.1621036
0.1482262
0.1292158
0.1038176
0.0771764
0.0607007
0.0614844
0.0715262
0.0719190
0.0512085
0.0187024
-0.0033195
-0.0014850
0.0160231
0.0293218
0.0273519
0.0163708
0.0091912
0.0101338
0.0129235
0.0107481
0.0038695
-0.0034121
-0.0096661
-0.0172404
-0.0275406
-0.0385002
-0.0472826
-0.0529612
-0.0546536
-0.0488349
-0.0324014
-0.0096935
0.0068998
0.0078186
-0.0017372
-0.0046004
0.0104108
0.0343871
0.0454944
0.0315829
0.0041481
-0.0119443
-0.0026218
0.0222382
0.0394486
0.0349418
0.0151013
-0.0024940
-0.0067906
-0.0010594
0.0041239
0.0020778
-0.0060426
-0.0151879
-0.0214151
-0.0235531
-0.0226908
-0.0216665
-0.0241305
-0.0320023
-0.0429373
-0.0515104
-0.0547120
-0.0562901
-0.0636500
-0.0790321
-0.0949321
-0.1005337
-0.0931458
-0.0816763
-0.0775493
-0.0827929
-0.0884085
-0.0846559
-0.0716596
-0.0585860
-0.0527922
-0.0519735
-0.0486386
-0.0410243
-0.0363057
-0.0415239
-0.0534724
-0.0606729
-0.0558318
-0.0441817
-0.0379140
-0.0434313
-0.0562864
-0.0687038
-0.0788131
-0.0891987
-0.0977597
-0.0959397
-0.0799909
-0.0608504
-0.0563318
-0.0723850
-0.0979168
-0.1216549
-0.1465158
-0.1732840
-0.1655048
-0.0457966
0.2455381
0.6687701
1.0647364
1.2398959
1.0998616
0.7179858
0.2774796
-0.0610527
-0.2526873
-0.3545538
-0.4392327
-0.5238403
-0.5704679
-0.5392866
-0.4342895
-0.3021410
-0.1947265
-0.1348911
-0.1123853
-0.1045474
-0.0974104
-0.0902849
-0.0865599
-0.0848477
-0.0797862
-0.0690336
-0.0565097
-0.0479665
-0.0451306
-0.0457686
-0.0481925
-0.0528851
-0.0592984
-0.0638552
-0.0635040
-0.0604147
-0.0606764
-0.0673758
-0.0760452
-0.0782499
-0.0698103
-0.0548563
-0.0415677
-0.0346169
-0.0324451
-0.0312260
-0.0296952
-0.0291887
-0.0299271
-0.0287661
-0.0211842
-0.0055458
0.0144234
0.0318271
0.0426406
0.0503375
0.0634722
0.0873060
0.1179885
0.1458718
0.1641952
0.1734471
0.1777841
0.1797917
0.1807397
0.1846822
0.1983345
0.2238116
0.2522113
0.2679308
0.2617064
0.2385441
0.2113183
0.1876249
0.1650233
0.1383011
0.1076689
0.0779599
0.0522212
0.0293857
0.0081515
-0.0097416
-0.0218211
-0.0291745
-0.0361927
-0.0456885
-0.0560115
-0.0642221
-0.0707688
-0.0787277
-0.0886010
-0.0966409
-0.0998328
-0.1006461
-0.1044778
-0.1129870
-0.1222824
-0.1281390
-0.1311912
-0.1357703
-0.1443882
-0.1544645
-0.1603075
-0.1575419
-0.1458473
-0.1289290
-0.1130384
-0.1044958
-0.1058466
-0.1129083
-0.1172251
-0.1139337
-0.1071642
-0.1057038
-0.1129783
-0.1231710
-0.1279905
-0.1253477
-0.1196863
-0.1151594
-0.1113475
-0.1063254
-0.1015099
-0.1007637
-0.1046707
-0.1082448
-0.1064009
-0.1007662
-0.0983453
-0.1026817
-0.1086818
-0.1083746
-0.1009515
-0.0948618
-0.0994356
-0.1154311
-0.1341255
-0.1451152
-0.1452019
-0.1407314
-0.1416208
-0.1521513
-0.1664304
-0.1725785
-0.1622215
-0.1374684
-0.1098048
-0.0918386
-0.0885281
-0.0949977
-0.1022271
-0.1046670
-0.1028848
-0.1005759
-0.1006355
-0.1036325
-0.1081045
-0.1115303
-0.1120134
-0.1098037
-0.1068896
-0.1050849
-0.1050752
-0.1068710
-0.1096105
-0.1106289
-0.1067436
-0.0981348
-0.0897272
-0.0864182
-0.0878539
-0.0923871
-0.1074528
-0.1466679
-0.2004160
-0.2034499
-0.0509121
0.3172119
0.8229491
1.2501589
1.3728778
1.1203577
0.6324406
0.1499637
-0.1620632
-0.3025677
-0.3728579
-0.4493394
-0.5202958
-0.5292793
-0.4545975
-0.3350938
-0.2288999
-0.1637318
-0.1296607
-0.1067329
-0.0875178
-0.0752933
-0.0719302
-0.0743032
-0.0795480
-0.0880094
-0.0997951
-0.1115013
-0.1185725
-0.1195878
-0.1159540
-0.1080138
-0.0945355
-0.0771319
-0.0623808
-0.0566381
-0.0594883
-0.0647729
-0.0678989
-0.0695262
-0.0713151
-0.0708878
-0.0642099
-0.0528736
-0.0456458
-0.0493210
-0.0579197
-0.0547578
-0.0293425
0.0078717
0.0316076
0.0257845
0.0007401
-0.0156408
-0.0041669
0.0293937
0.0638484
0.0859931
0.1023769
0.1278830
0.1652977
0.1996144
0.2136278
0.2067946
0.1960067
0.1983448
0.2155607
0.2354358
0.2451324
0.2412638
0.2291090
0.2156602
0.2043593
0.1942463
0.1814905
0.1614495
0.1315548
0.0944798
0.0579641
0.0289444
0.0068598
-0.0154589
-0.0429063
-0.0714631
-0.0919588
-0.0994161
-0.0970549
-0.0922337
-0.0911388
-0.0974020
-0.1124131
-0.1339110
-0.1548548
-0.1669069
-0.1674799
-0.1629056
-0.1624316
-0.1682168
-0.1728575
-0.1680829
-0.1542437
-0.1389674
-0.1277625
-0.1196300
-0.1124193
-0.1084292
-0.1113245
-0.1188776
-0.1223558
-0.1145351
-0.0973495
-0.0807274
-0.0739170
-0.0777657
-0.0844189
-0.0836111
-0.0701659
-0.0482622
-0.0302275
-0.0286913
-0.0450622
-0.0646121
-0.0674029
-0.0481387
-0.0235530
-0.0160797
-0.0302062
-0.0484975
-0.0518945
-0.0404322
-0.0311692
-0.0378027
-0.0565432
-0.0726766
-0.0769313
-0.0718530
-0.0645005
-0.0592234
-0.0595020
-0.0704404
-0.0922485
-0.1131581
-0.1175292
-0.1045488
-0.0925898
-0.0981163
-0.1125186
-0.1081190
-0.0706615
-0.0208540
0.0029261
-0.0161556
-0.0559983
-0.0794472
-0.0714773
-0.0481101
-0.0317501
-0.0272340
-0.0259726
-0.0249495
-0.0300765
-0.0409296
-0.0435498
-0.0262860
0.0016977
0.0167081
0.0061117
-0.0200173
-0.0463941
-0.0715718
-0.0931990
-0.0714617
0.0714735
0.3840634
0.8025180
1.1487338
1.2397241
1.0228540
0.6133523
0.1998400
-0.0923085
-0.2595564
-0.3675831
-0.4607065
-0.5255406
-0.5274138
-0.4617067
-0.3620562
-0.2679386
-0.1966337
-0.1462758
-0.1138571
-0.1008273
-0.1038137
-0.1089844
-0.1008931
-0.0761056
-0.0457048
-0.0240223
-0.0162787
-0.0176510
-0.0218406
-0.0267685
-0.0315356
-0.0322319
-0.0250601
-0.0129676
-0.0053792
-0.0093269
-0.0215736
-0.0305178
-0.0262223
-0.0091303
0.0105071
0.0219422
0.0231630
0.0214022
0.0255691
0.0390068
0.0582476
0.0760005
0.0851404
0.0833249
0.0765698
0.0768010
0.0922362
0.1185213
0.1404713
0.1446866
0.1321075
0.1182289
0.1192902
0.1368418
0.1566628
0.1641920
0.1601785
0.1593765
0.1744192
0.2031042
0.2313868
0.2463590
0.2453364
0.2343297
0.2201071
0.2044094
0.1850927
0.1613517
0.1362035
0.1137137
0.0953472
0.0797748
0.0647201
0.0477333
0.0265734
0.0009998
-0.0257392
-0.0484223
-0.0633557
-0.0705822
-0.0733166
-0.0752120
-0.0772139
-0.0770929
-0.0732542
-0.0686084
-0.0682068
-0.0721940
-0.0737362
-0.0666366
-0.0544468
-0.0495108
-0.0613598
-0.0859505
-0.1073079
-0.1113558
-0.0990207
-0.0850457
-0.0834306
-0.0952443
-0.1111041
-0.1224755
-0.1271742
-0.1255516
-0.1167988
-0.1014883
-0.0848726
-0.0738348
-0.0697463
-0.0659504
-0.0542276
-0.0345419
-0.0172422
-0.0135894
-0.0239764
-0.0375246
-0.0439129
-0.0433273
-0.0433448
-0.0481825
-0.0535722
-0.0516622
-0.0392386
-0.0213655
-0.0079499
-0.0060856
-0.0144951
-0.0254452
-0.0324886
-0.0359969
-0.0409841
-0.0500989
-0.0590524
-0.0592281
-0.0462920
-0.0273404
-0.0175727
-0.0266180
-0.0479701
-0.0644849
-0.0651275
-0.0547614
-0.0473578
-0.0517081
-0.0645577
-0.0758696
-0.0792199
-0.0774254
-0.0789154
-0.0889858
-0.1046280
-0.1171715
-0.1189132
-0.1080632
-0.0900740
-0.0747734
-0.0688985
-0.0690091
-0.0639367
-0.0471158
-0.0252505
-0.0119689
-0.0136186
-0.0242459
-0.0345058
-0.0418972
-0.0497229
-0.0579774
-0.0602643
-0.0526464
-0.0422716
-0.0406271
-0.0478099
-0.0525788
-0.0540899
-0.0720783
-0.1136985
-0.1246403
0.0025008
0.3349792
0.7974767
1.1761314
1.2562940
0.9850077
0.5107376
0.0627096
-0.2169546
-0.3390858
-0.3951393
-0.4454989
-0.4812862
-0.4702056
-0.4098947
-0.3298356
-0.2576230
-0.1986430
-0.1464578
-0.1008224
-0.0693157
-0.0558515
-0.0551232
-0.0599556
-0.0691116
-0.0837335
-0.0990502
-0.1057581
-0.1001832
-0.0879939
-0.0758915
-0.0639291
-0.0491650
-0.0336273
-0.0241372
-0.0243973
-0.0298874
-0.0314579
-0.0237861
-0.0107626
-0.0023509
-0.0048515
-0.0141228
-0.0195061
-0.0142532
-0.0009284
0.0127784
0.0218047
0.0277012
0.0365231
0.0522667
0.0711335
0.0837189
0.0851613
0.0821881
0.0875862
0.1077655
0.1371708
0.1640142
0.1799166
0.1852672
0.1875188
0.1939136
0.2044076
0.2122146
0.2120481
0.2064949
0.2032687
0.2075293
0.2175154
0.2256801
0.2231900
0.2058264
0.1774796
0.1466139
0.1182261
0.0906334
0.0606695
0.0299832
0.0049868
-0.0084846
-0.0105977
-0.0091740
-0.0150864
-0.0330288
-0.0564252
-0.0736352
-0.0793611
-0.0783569
-0.0790600
-0.0864071
-0.0999479
-0.1150554
-0.1252137
-0.1261345
-0.1193342
-0.1108894
-0.1063964
-0.1071790
-0.1099636
-0.1095924
-0.1042176
-0.0988635
-0.1008364
-0.1096223
-0.1147669
-0.1074025
-0.0917399
-0.0811355
-0.0832602
-0.0921664
-0.0955297
-0.0885204
-0.0800408
-0.0841850
-0.1038865
-0.1244402
-0.1269754
-0.1084054
-0.0843444
-0.0721467
-0.0754491
-0.0860943
-0.0955187
-0.1002920
-0.0994629
-0.0912546
-0.0739459
-0.0497877
-0.0270025
-0.0147616
-0.0138066
-0.0144940
-0.0076131
0.0046177
0.0119733
0.0088679
-0.0007336
-0.0100361
-0.0165339
-0.0220326
-0.0285781
-0.0348618
-0.0357312
-0.0270583
-0.0126134
-0.0032150
-0.0061109
-0.0171140
-0.0256408
-0.0256314
-0.0198403
-0.0160846
-0.0210704
-0.0347632
-0.0486570
-0.0525860
-0.0455297
-0.0374046
-0.0390001
-0.0527643
-0.0735733
-0.0941987
-0.1088525
-0.1156527
-0.1175472
-0.1180384
-0.1158385
-0.1075334
-0.0954555
-0.0880656
-0.0910106
-0.1007147
-0.1071810
-0.1011882
-0.0809468
-0.0555192
-0.0393838
-0.0385426
-0.0432031
-0.0386714
-0.0222116
-0.0052307
-0.0006542
-0.0117328
-0.0304349
-0.0427179
-0.0385984
-0.0219263
-0.0077352
-0.0058709
-0.0107372
-0.0124302
-0.0148300
-0.0341076
-0.0730023
-0.0934465
-0.0184938
0.2194067
0.6054120
1.0091605
1.2450279
1.1950722
0.8908598
0.4821675
0.1264984
-0.1037376
-0.2319689
-0.3179133
-0.3905829
-0.4322898
-0.4178022
-0.3558252
-0.2841899
-0.2321335
-0.1997889
-0.1718542
-0.1386007
-0.1026818
-0.0757059
-0.0697779
-0.0847659
-0.1039202
-0.1090569
-0.0990437
-0.0871685
-0.0830354
-0.0835008
-0.0782432
-0.0590192
-0.0286163
-0.0051493
-0.0086042
-0.0359211
-0.0586807
-0.0540979
-0.0296081
-0.0087438
-0.0027382
-0.0052236
-0.0051049
0.0049004
0.0239565
0.0400469
0.0405677
0.0308012
0.0299244
0.0449884
0.0636435
0.0759656
0.0857201
0.0962063
0.1051931
0.1184775
0.1463726
0.1814849
0.2029995
0.2072048
0.2086420
0.2090804
0.1961766
0.1757857
0.1698569
0.1777761
0.1803026
0.1865502
0.2255898
0.2778301
0.2746841
0.1976709
