0.1834703
0.1891792
0.1449223
0.1388723
0.1783035
0.1971200
0.1662217
0.1204752
0.0901635
0.0725070
0.0665302
0.0787566
0.0930381
0.0815745
0.0484621
0.0250768
0.0232689
0.0265604
0.0247373
0.0250971
0.0308048
0.0358176
0.0397372
0.0447063
0.0418879
0.0227687
-0.0008047
-0.0076054
0.0063052
0.0272336
0.0425598
0.0456293
0.0327256
0.0116175
0.0038210
0.0220881
0.0527274
0.0734681
0.0807127
0.0863686
0.0958449
0.1029180
0.1022930
0.0966387
0.0913804
0.0855258
0.0681184
0.0347841
0.0229350
0.1183120
0.3867734
0.7769636
1.1093425
1.1932460
0.9708359
0.5540241
0.1303661
-0.1684151
-0.3267540
-0.4023926
-0.4404346
-0.4349559
-0.3662999
-0.2521230
-0.1433915
-0.0778663
-0.0551084
-0.0544744
-0.0602093
-0.0664834
-0.0728003
-0.0822286
-0.0977257
-0.1155866
-0.1252810
-0.1170989
-0.0896407
-0.0531903
-0.0269793
-0.0263244
-0.0473839
-0.0692831
-0.0751799
-0.0662206
-0.0526223
-0.0399782
-0.0301916
-0.0274479
-0.0338902
-0.0429096
-0.0441340
-0.0343031
-0.0198908
-0.0106196
-0.0114200
-0.0175271
-0.0173085
-0.0044014
0.0130950
0.0209040
0.0160011
0.0100414
0.0154553
0.0340056
0.0586628
0.0798609
0.0894445
0.0857679
0.0775334
0.0777326
0.0911757
0.1098246
0.1199048
0.1116184
0.0847230
0.0489728
0.0177354
-0.0021942
-0.0132460
-0.0188094
-0.0176715
-0.0101505
-0.0036209
-0.0052228
-0.0124379
-0.0172112
-0.0171911
-0.0168719
-0.0188239
-0.0199050
-0.0174837
-0.0151324
-0.0181823
-0.0234204
-0.0181478
0.0026638
0.0187511
0.0008777
-0.0372193
-0.0098878
0.1861439
0.5625751
0.9852220
1.2468722
1.2130837
0.9122424
0.4973267
0.1271378
-0.1233274
-0.2608701
-0.3150182
-0.3002479
-0.2294084
-0.1367514
-0.0658450
-0.0365216
-0.0362904
-0.0451560
-0.0587148
-0.0835939
-0.1188540
-0.1502212
-0.1626690
-0.1547337
-0.1379521
-0.1226371
-0.1078654
-0.0890681
-0.0724039
-0.0730125
-0.0958860
-0.1250427
-0.1377970
-0.1275381
-0.1081796
-0.0975784
-0.1000322
-0.1045818
-0.0981404
-0.0796743
-0.0611515
-0.0539535
-0.0562031
-0.0560090
-0.0452040
-0.0257595
-0.0041732
0.0147386
0.0281520
0.0353455
0.0402596
0.0501447
0.0683695
0.0898098
0.1052453
0.1103991
0.1106580
0.1164234
0.1315418
0.1456172
0.1414584
0.1133452
0.0755887
0.0494703
0.0429752
0.0460927
0.0442037
0.0323988
0.0170926
0.0067875
0.0027285
-0.0011164
-0.0086729
-0.0148860
-0.0126312
-0.0057429
-0.0078278
-0.0239770
-0.0393214
-0.0335718
-0.0063921
0.0189804
0.0216721
0.0091452
0.0098831
0.0373460
0.0682951
0.0676736
0.0341632
0.0053916
0.0080794
0.0187651
0.0017438
-0.0099035
0.0977591
0.4131687
0.8708687
1.2501147
1.3306856
1.0682321
0.6211868
0.2076562
-0.0616095
-0.2188867
-0.3399806
-0.4413283
-0.4795290
-0.4250170
-0.3082587
-0.1928904
-0.1213617
-0.0944175
-0.0917110
-0.0978787
-0.1078680
-0.1180567
-0.1225887
-0.1197713
-0.1163265
-0.1205990
-0.1327596
-0.1449016
-0.1498744
-0.1469513
-0.1400480
-0.1345758
-0.1356427
-0.1442712
-0.1538267
-0.1542758
-0.1425638
-0.1265287
-0.1168491
-0.1170415
-0.1224571
-0.1263968
-0.1246081
-0.1150588
-0.0969071
-0.0723803
-0.0496830
-0.0407609
-0.0516808
-0.0742893
-0.0909585
-0.0899648
-0.0742324
-0.0540814
-0.0358766
-0.0214877
-0.0145846
-0.0196836
-0.0336806
-0.0440134
-0.0398482
-0.0244494
-0.0135379
-0.0200214
-0.0414417
-0.0644252
-0.0809113
-0.0957640
-0.1157906
-0.1359194
-0.1437319
-0.1377073
-0.1331117
-0.1449999
-0.1693927
-0.1867738
-0.1833911
-0.1648473
-0.1479626
-0.1427497
-0.1453727
-0.1476614
-0.1487360
-0.1533669
-0.1610785
-0.1638706
-0.1578003
-0.1513797
-0.1560606
-0.1701149
-0.1786531
-0.1712383
-0.1547940
-0.1461030
-0.1541256
-0.1729313
-0.1909414
-0.2029251
-0.2103415
-0.2124701
-0.2038579
-0.1845943
-0.1687319
-0.1737861
-0.1995813
-0.2241781
-0.2264663
-0.2098938
-0.1979537
-0.2065097
-0.2261606
-0.2347355
-0.2238275
-0.2076869
-0.2045257
-0.2134148
-0.2156924
-0.1997473
-0.1777294
-0.1718629
-0.1870854
-0.2046809
-0.2043443
-0.1866615
-0.1701247
-0.1695323
-0.1820433
-0.1936103
-0.1944579
-0.1860353
-0.1755913
-0.1687315
-0.1686089
-0.1776475
-0.1938956
-0.2061353
-0.1999319
-0.1733063
-0.1427371
-0.1278979
-0.1310333
-0.1358826
-0.1272749
-0.1076214
-0.0923575
-0.0924419
-0.1046671
-0.1178146
-0.1240188
-0.1226810
-0.1177204
-0.1162274
-0.1261884
-0.1421748
-0.1250447
-0.0081673
0.2489944
0.5955633
0.8844875
0.9575221
0.7590235
0.3788140
-0.0152278
-0.2943783
-0.4363015
-0.4977031
-0.5365590
-0.5627705
-0.5517354
-0.4885388
-0.3910678
-0.2956011
-0.2282042
-0.1905144
-0.1678373
-0.1480688
-0.1335743
-0.1347664
-0.1515098
-0.1637451
-0.1461977
-0.0952143
-0.0385698
-0.0143592
-0.0376148
-0.0871860
-0.1254808
-0.1308273
-0.1108518
-0.0874078
-0.0741371
-0.0711385
-0.0754994
-0.0873646
-0.1034044
-0.1118523
-0.1015211
-0.0751672
-0.0489767
-0.0371868
-0.0395637
-0.0453717
-0.0472939
-0.0477237
-0.0505983
-0.0512404
-0.0401189
-0.0176065
0.0007788
-0.0004225
-0.0172606
-0.0274770
-0.0128042
0.0224867
0.0569181
0.0738037
0.0762996
0.0819507
0.1046503
0.1421608
0.1789839
0.1986676
0.1934494
0.1664677
0.1298055
0.0999911
0.0891326
0.0955187
0.1041789
0.1003018
0.0826769
0.0626195
0.0504908
0.0457155
0.0404607
0.0307028
0.0210101
0.0179279
0.0208132
0.0223332
0.0186906
0.0160226
0.0230944
0.0386662
0.0502962
0.0471688
0.0316174
0.0162206
0.0112694
0.0171054
0.0275502
0.0375029
0.0451781
0.0482173
0.0415881
0.0228643
-0.0008303
-0.0151341
-0.0105770
0.0084054
0.0278641
0.0365382
0.0328949
0.0231014
0.0157000
0.0169584
0.0263218
0.0343548
0.0288971
0.0079301
-0.0137864
-0.0156865
0.0068605
0.0330071
0.0339870
0.0032959
-0.0335634
-0.0437372
-0.0205773
0.0113667
0.0243500
0.0149946
0.0019123
0.0013870
0.0114732
0.0190134
0.0162807
0.0078765
0.0042009
0.0115622
0.0275770
0.0425259
0.0448033
0.0294290
0.0040343
-0.0179553
-0.0358450
-0.0680972
-0.1238978
-0.1596320
-0.0794862
0.1889184
0.5991744
0.9735924
1.1120211
0.9382789
0.5520914
0.1403245
-0.1643043
-0.3470606
-0.4589137
-0.5291017
-0.5411929
-0.4798851
-0.3727233
-0.2713496
-0.2016480
-0.1487962
-0.0922932
-0.0413158
-0.0245740
-0.0498738
-0.0866768
-0.0951075
-0.0673946
-0.0332873
-0.0248120
-0.0426174
-0.0603996
-0.0569108
-0.0364754
-0.0189143
-0.0163730
-0.0233352
-0.0255808
-0.0148941
0.0038145
0.0166458
0.0121878
-0.0078504
-0.0280730
-0.0318962
-0.0176244
-0.0016598
-0.0024844
-0.0203328
-0.0362682
-0.0346928
-0.0234937
-0.0248421
-0.0454328
-0.0645499
-0.0589939
-0.0355365
-0.0274629
-0.0546669
-0.0945376
-0.1018024
-0.0577832
0.0074904
0.0472148
0.0478697
0.0398528
0.0575485
0.0972190
0.1221214
0.1065509
0.0655691
0.0377285
0.0442956
0.0712486
0.0887146
0.0808803
0.0549837
0.0273085
0.0078352
-0.0010549
0.0017692
0.0162716
0.0351276
0.0442887
0.0348586
0.0131412
-0.0048124
-0.0087748
-0.0021209
0.0053347
0.0082276
0.0072302
0.0028242
-0.0072886
-0.0225856
-0.0347055
-0.0330048
-0.0166860
0.0018589
0.0089215
0.0025034
-0.0109564
-0.0306289
-0.0611045
-0.0890197
-0.0647306
0.0742074
0.3422802
0.6625590
0.8937160
0.9190295
0.7258970
0.4074866
0.0891916
-0.1499918
-0.2967481
-0.3670718
-0.3700061
-0.3098911
-0.2096515
-0.1135681
-0.0588293
-0.0470001
-0.0484640
-0.0356721
-0.0096704
0.0063689
-0.0041239
-0.0329067
-0.0564799
-0.0592151
-0.0449908
-0.0292436
-0.0236749
-0.0285063
-0.0360827
-0.0396551
-0.0389985
-0.0386049
-0.0412261
-0.0441954
-0.0428419
-0.0368463
-0.0314654
-0.0314402
-0.0344856
-0.0328352
-0.0226350
-0.0107830
-0.0095614
-0.0230161
-0.0405571
-0.0463871
-0.0341262
-0.0093563
0.0209975
0.0560938
0.0949690
0.1274260
0.1389065
0.1273754
0.1111175
0.1137218
0.1398602
0.1694295
0.1786513
0.1651282
0.1482052
0.1451627
0.1524963
0.1536363
0.1406968
0.1222341
0.1098560
0.1037618
0.0955927
0.0821278
0.0699850
0.0654115
0.0639125
0.0546137
0.0345572
0.0146349
0.0091247
0.0213030
0.0415501
0.0576819
0.0635887
0.0588320
0.0456966
0.0300386
0.0211992
0.0247359
0.0339097
0.0327114
0.0116342
-0.0195329
-0.0376436
-0.0272482
0.0043958
0.0344973
0.0467276
0.0446504
0.0432710
0.0500617
0.0573810
0.0534847
0.0379831
0.0237993
0.0236063
0.0358142
0.0458104
0.0418421
0.0282095
0.0201612
0.0255643
0.0351365
0.0339261
0.0206453
0.0106426
0.0176560
0.0358566
0.0443316
0.0298250
0.0017700
-0.0176093
-0.0164538
-0.0032876
0.0057345
0.0048308
0.0003880
-0.0022756
-0.0074875
-0.0222365
-0.0445011
-0.0629390
-0.0681162
-0.0613410
-0.0515259
-0.0450282
-0.0401578
-0.0314386
-0.0179118
-0.0060624
-0.0041038
-0.0134575
-0.0261189
-0.0308761
-0.0230210
-0.0087837
0.0000406
-0.0030959
-0.0136181
-0.0210975
-0.0198265
-0.0126579
-0.0048027
0.0027139
0.0111258
0.0182903
0.0197575
0.0153323
0.0089876
-0.0006201
-0.0225654
-0.0542112
-0.0555446
0.0428118
0.2809213
0.6033258
0.8598253
0.8985965
0.6827432
0.3227357
-0.0113635
-0.2181873
-0.3162372
-0.3820500
-0.4526675
-0.4946030
-0.4588613
-0.3486086
-0.2229224
-0.1399089
-0.1080059
-0.0949166
-0.0730062
-0.0454029
-0.0309433
-0.0363618
-0.0500232
-0.0573804
-0.0542554
-0.0449442
-0.0341697
-0.0247494
-0.0195170
-0.0200695
-0.0234144
-0.0239996
-0.0207573
-0.0187453
-0.0207870
-0.0204284
-0.0089630
0.0100700
0.0195017
0.0064475
-0.0207455
-0.0388474
-0.0339057
-0.0152435
-0.0033526
-0.0070134
-0.0165287
-0.0188977
-0.0144557
-0.0148407
-0.0267300
-0.0428148
-0.0504374
-0.0452342
-0.0324755
-0.0169853
0.0025530
0.0272443
0.0502621
0.0610018
0.0579056
0.0536595
0.0641635
0.0921028
0.1235493
0.1420504
0.1447385
0.1425816
0.1454678
0.1503522
0.1459729
0.1271716
0.1014480
0.0815469
0.0743561
0.0777993
0.0853801
0.0904338
0.0872784
0.0736948
0.0559976
0.0488248
0.0629777
0.0902579
0.1050762
0.0885279
0.0521482
0.0315402
0.0505784
0.0933247
0.1173206
0.0969721
0.0496967
0.0148584
0.0098622
0.0168010
0.0192034
0.0460522
0.1622819
0.4000023
0.6969718
0.9147308
0.9333005
0.7397405
0.4306472
0.1322262
-0.0826145
-0.2099146
-0.2701489
-0.2682614
-0.2018640
-0.0944472
0.0000107
0.0354786
0.0130891
-0.0246606
-0.0383411
-0.0255004
-0.0111974
-0.0135742
-0.0266091
-0.0350124
-0.0365573
-0.0428373
-0.0606536
-0.0806657
-0.0881344
-0.0808537
-0.0710918
-0.0704403
-0.0779644
-0.0853550
-0.0894403
-0.0945017
-0.1028776
-0.1086057
-0.1037935
-0.0893649
-0.0754350
-0.0698994
-0.0692746
-0.0633772
-0.0480693
-0.0301782
-0.0188123
-0.0144850
-0.0095139
0.0018488
0.0169449
0.0292762
0.0370790
0.0449913
0.0578311
0.0750985
0.0925043
0.1072012
0.1193426
0.1286958
0.1324546
0.1285936
0.1202246
0.1132611
0.1083082
0.0972813
0.0716526
0.0348748
0.0040537
-0.0039570
0.0106504
0.0288393
0.0296002
0.0094123
-0.0157890
-0.0283933
-0.0272756
-0.0262299
-0.0352122
-0.0472984
-0.0474757
-0.0325355
-0.0168916
-0.0157392
-0.0253542
-0.0253653
-0.0017221
0.0367754
0.0678660
0.0779402
0.0687767
0.0451280
0.0099948
-0.0154553
0.0261608
0.2016542
0.5187862
0.8810902
1.1278680
1.1410931
0.9268938
0.5977176
0.2778805
0.0260532
-0.1618529
-0.2973131
-0.3665979
-0.3531839
-0.2753120
-0.1850727
-0.1279884
-0.1099649
-0.1058905
-0.0941185
-0.0765133
-0.0678198
-0.0745342
-0.0891822
-0.1016855
-0.1099219
-0.1178317
-0.1274215
-0.1362127
-0.1414068
-0.1434288
-0.1447188
-0.1466084
-0.1477925
-0.1445500
-0.1323390
-0.1094110
-0.0806287
-0.0564616
-0.0455188
-0.0472788
-0.0535001
-0.0571951
-0.0581570
-0.0580262
-0.0526115
-0.0350256
-0.0091420
0.0051050
-0.0112825
-0.0503752
-0.0738230
-0.0445339
0.0338971
0.1126142
0.1383270
0.1022042
0.0480171
0.0302417
0.0632026
0.1111406
0.1271405
0.0997496
0.0604012
0.0470078
0.0640042
0.0801944
0.0640648
0.0172796
-0.0286248
-0.0464154
-0.0398119
-0.0348110
-0.0483598
-0.0711156
-0.0818700
-0.0730259
-0.0557824
-0.0420604
-0.0299575
-0.0120965
0.0072648
0.0137058
0.0035973
-0.0050882
0.0080620
0.0381998
0.0574091
0.0489669
0.0298273
0.0270333
0.0357009
0.0208920
-0.0234148
-0.0269752
0.1162476
0.4375716
0.8242690
1.0785451
1.0636936
0.8025657
0.4402555
0.1192860
-0.1075234
-0.2599215
-0.3585968
-0.3911891
-0.3433600
-0.2407466
-0.1434615
-0.0991136
-0.1081484
-0.1354636
-0.1489791
-0.1434140
-0.1326760
-0.1289005
-0.1323104
-0.1365316
-0.1373915
-0.1353053
-0.1324045
-0.1301428
-0.1292934
-0.1303444
-0.1328950
-0.1349452
-0.1335754
-0.1273200
-0.1185737
-0.1129619
-0.1143414
-0.1194395
-0.1192248
-0.1083229
-0.0931632
-0.0877593
-0.0989002
-0.1166487
-0.1226839
-0.1090656
-0.0864469
-0.0716921
-0.0690448
-0.0671003
-0.0546956
-0.0353959
-0.0221760
-0.0193249
-0.0152839
0.0035424
0.0347546
0.0602973
0.0654049
0.0539763
0.0429735
0.0433617
0.0495641
0.0476231
0.0306253
0.0042581
-0.0205565
-0.0367904
-0.0428873
-0.0393404
-0.0278028
-0.0137205
-0.0065981
-0.0144443
-0.0366293
-0.0621936
-0.0759813
-0.0686525
-0.0439360
-0.0178284
-0.0087059
-0.0237398
-0.0520093
-0.0719203
-0.0686585
-0.0463868
-0.0230203
-0.0125450
-0.0133219
-0.0142273
-0.0100525
-0.0072857
-0.0139749
-0.0273517
-0.0353290
-0.0301677
-0.0174515
-0.0098577
-0.0140141
-0.0258208
-0.0373697
-0.0445634
-0.0468192
-0.0434569
-0.0354536
-0.0303826
-0.0396037
-0.0655279
-0.0931088
-0.0997819
-0.0774116
-0.0427097
-0.0225087
-0.0282523
-0.0472875
-0.0599657
-0.0619652
-0.0655622
-0.0792226
-0.0918069
-0.0831285
-0.0504836
-0.0188676
-0.0187716
-0.0532550
-0.0914717
-0.0985733
-0.0711019
-0.0395692
-0.0357782
-0.0611366
-0.0893431
-0.0966745
-0.0836492
-0.0665833
-0.0552988
-0.0462703
-0.0355128
-0.0286962
-0.0330687
-0.0443649
-0.0501401
-0.0467705
-0.0456680
-0.0577303
-0.0763843
-0.0839631
-0.0748597
-0.0645253
-0.0714901
-0.0964811
-0.1257434
-0.1485931
-0.1558934
-0.1161545
0.0280665
0.3101462
0.6716636
0.9585503
1.0137453
0.7959052
0.4131392
0.0374105
-0.2192997
-0.3560315
-0.4328146
-0.4901894
-0.5203046
-0.4994693
-0.4282682
-0.3343615
-0.2464760
-0.1761328
-0.1229448
-0.0876681
-0.0741058
-0.0811159
-0.0982443
-0.1108827
-0.1089948
-0.0922069
-0.0694057
-0.0534099
-0.0520882
-0.0615217
-0.0692465
-0.0674077
-0.0626417
-0.0696895
-0.0937360
-0.1217790
-0.1347601
-0.1277966
-0.1155464
-0.1169886
-0.1373690
-0.1660738
-0.1886847
-0.1970119
-0.1889370
-0.1654494
-0.1326577
-0.1038398
-0.0925444
-0.1003617
-0.1139190
-0.1170936
-0.1059161
-0.0897953
-0.0790754
-0.0743184
-0.0681953
-0.0544965
-0.0324706
-0.0040611
0.0290573
0.0647341
0.0995646
0.1307812
0.1568064
0.1734808
0.1721705
0.1474280
0.1085309
0.0783673
0.0742752
0.0891263
0.0960083
0.0750209
0.0339123
-0.0004395
-0.0098491
-0.0009030
0.0063484
0.0010046
-0.0104727
-0.0155424
-0.0095479
0.0021789
0.0111620
0.0113678
0.0011641
-0.0151486
-0.0282297
-0.0312231
-0.0271529
-0.0213338
0.0004516
0.0804393
0.2578420
0.5144632
0.7530239
0.8467155
0.7294740
0.4480312
0.1273000
-0.1177184
-0.2442433
-0.2748147
-0.2497159
-0.1952266
-0.1277376
-0.0673267
-0.0331382
-0.0275311
-0.0347731
-0.0397902
-0.0441794
-0.0595292
-0.0875434
-0.1131576
-0.1197183
-0.1074743
-0.0932725
-0.0927040
-0.1056085
-0.1193798
-0.1232728
-0.1172412
-0.1086245
-0.1037623
-0.1038013
-0.1063487
-0.1088415
-0.1105138
-0.1127843
-0.1180119
-0.1260709
-0.1308826
-0.1221846
-0.0946246
-0.0569509
-0.0295237
-0.0277523
-0.0454096
-0.0563648
-0.0371396
0.0097594
0.0558132
0.0719926
0.0553996
0.0303771
0.0238454
0.0415600
0.0690055
0.0913898
0.1067373
0.1185328
0.1224784
0.1087909
0.0784340
0.0499590
0.0434583
0.0582418
0.0718723
0.0638163
0.0366895
0.0106004
-0.0009738
-0.0036764
-0.0098895
-0.0207001
-0.0266386
-0.0240904
-0.0225400
-0.0314975
-0.0454756
-0.0493466
-0.0386555
-0.0277300
-0.0331273
-0.0525731
-0.0666225
-0.0614444
-0.0438902
-0.0304949
-0.0264096
-0.0224830
-0.0126653
-0.0056692
-0.0134319
-0.0323022
-0.0442781
-0.0385151
-0.0248381
-0.0208474
-0.0296329
-0.0378061
-0.0357652
-0.0315387
-0.0385114
-0.0542158
-0.0610694
-0.0499083
-0.0338922
-0.0314275
-0.0396510
-0.0360010
-0.0095465
0.0180390
0.0125374
-0.0325512
-0.0843159
-0.1034768
-0.0848982
-0.0597988
-0.0595183
-0.0838667
-0.1074341
-0.1108646
-0.0987915
-0.0881769
-0.0871281
-0.0900889
-0.0898343
-0.0868468
-0.0851884
-0.0841900
-0.0792432
-0.0703960
-0.0658657
-0.0738430
-0.0912525
-0.1033355
-0.0966343
-0.0728286
-0.0488118
-0.0420837
-0.0555670
-0.0764213
-0.0889746
-0.0879262
-0.0791313
-0.0697093
-0.0604661
-0.0488364
-0.0362618
-0.0289967
-0.0322958
-0.0479966
-0.0774971
-0.1171786
-0.1397305
-0.0836964
0.1151541
0.4551052
0.8234536
1.0393888
0.9736927
0.6486777
0.2236462
-0.1267930
-0.3316933
-0.4362883
-0.5141036
-0.5805876
-0.5928828
-0.5183223
-0.3848241
-0.2592443
-0.1855258
-0.1532893
-0.1247819
-0.0822956
-0.0432667
-0.0336572
-0.0557895
-0.0858217
-0.0983636
-0.0885175
-0.0710493
-0.0635328
-0.0724653
-0.0914516
-0.1072091
-0.1071627
-0.0868920
-0.0555753
-0.0335235
-0.0382979
-0.0677839
-0.0974189
-0.0996298
-0.0704478
-0.0359430
-0.0281984
-0.0530025
-0.0832283
-0.0864306
-0.0583370
-0.0266267
-0.0209385
-0.0414466
-0.0597619
-0.0506333
-0.0194962
0.0039209
-0.0019626
-0.0279473
-0.0447637
-0.0336126
-0.0032325
0.0226607
0.0316294
0.0344200
0.0519748
0.0928144
0.1439085
0.1826959
0.1968263
0.1924098
0.1847568
0.1826169
0.1812719
0.1696692
0.1434716
0.1112255
0.0878190
0.0815894
0.0877466
0.0944749
0.0949085
0.0922591
0.0934454
0.0993366
0.1028083
0.0965856
0.0820810
0.0693819
0.0677895
0.0763537
0.0844306
0.0822686
0.0710667
0.0621739
0.0661741
0.0828392
0.1017316
0.1121508
0.1117285
0.1051930
0.0965290
0.0854129
0.0719435
0.0604353
0.0534193
0.0446353
0.0297433
0.0330326
0.1160751
0.3368415
0.6791518
1.0215242
1.1961207
1.1049403
0.7943325
0.4177506
0.1201145
-0.0504660
-0.1330504
-0.1779309
-0.1932691
-0.1605501
-0.0822372
0.0023795
0.0490607
0.0472009
0.0226324
0.0072406
0.0114837
0.0244787
0.0324957
0.0319418
0.0273427
0.0236272
0.0229970
0.0258240
0.0307626
0.0344745
0.0339495
0.0296383
0.0246425
0.0202181
0.0135885
0.0015954
-0.0139555
-0.0261428
-0.0290912
-0.0240359
-0.0182724
-0.0174229
-0.0190414
-0.0145557
0.0022841
0.0288582
0.0548354
0.0693938
0.0688091
0.0596059
0.0548984
0.0648524
0.0872087
0.1066465
0.1065652
0.0853200
0.0618422
0.0623079
0.0969344
0.1482203
0.1841461
0.1858837
0.1633406
0.1430915
0.1418285
0.1528320
0.1571827
0.1446140
0.1213550
0.0998062
0.0849167
0.0726170
0.0591008
0.0473037
0.0426067
0.0446739
0.0467612
0.0429661
0.0335174
0.0222459
0.0115393
0.0019088
-0.0052526
-0.0077980
-0.0060252
-0.0029083
0.0008195
0.0102014
0.0312287
0.0610204
0.0851150
0.0884465
0.0706694
0.0487736
0.0420738
0.0544428
0.0724517
0.0805609
0.0763530
0.0705690
0.0741419
0.0868429
0.0982426
0.0986053
0.0885658
0.0785747
0.0788976
0.0895008
0.0991039
0.0945060
0.0724570
0.0439347
0.0263393
0.0291528
0.0453990
0.0573175
0.0515029
0.0293735
0.0040648
-0.0112531
-0.0120566
-0.0027561
0.0079209
0.0113601
0.0020868
-0.0197097
-0.0469396
-0.0680500
-0.0733639
-0.0609341
-0.0363129
-0.0064845
0.0245521
0.0527795
0.0686933
0.0601772
0.0253152
-0.0181009
-0.0408431
-0.0256098
0.0156585
0.0500339
0.0530193
0.0311045
0.0134125
0.0203780
0.0435608
0.0584373
0.0529260
0.0359849
0.0178517
-0.0066268
-0.0406059
-0.0489934
0.0442157
0.2968767
0.6699748
1.0115717
1.1410072
0.9754800
0.5915424
0.1668008
-0.1465214
-0.3086918
-0.3776328
-0.4244972
-0.4653246
-0.4643691
-0.3902747
-0.2609026
-0.1337734
-0.0579759
-0.0385194
-0.0443758
-0.0444318
-0.0322472
-0.0198126
-0.0152368
-0.0119669
0.0008970
0.0226507
0.0393659
0.0380787
0.0199444
-0.0017369
-0.0146250
-0.0170000
-0.0162509
-0.0205246
-0.0315028
-0.0427145
-0.0441568
-0.0308648
-0.0090936
0.0065628
0.0046570
-0.0124475
-0.0290418
-0.0286314
-0.0082990
0.0179379
0.0301137
0.0179595
-0.0120646
-0.0425052
-0.0566688
-0.0478396
-0.0222909
0.0044228
0.0171736
0.0121503
0.0001687
-0.0020472
0.0141074
0.0425097
0.0692444
0.0862782
0.0984835
0.1169962
0.1457316
0.1753510
0.1912004
0.1865758
0.1675257
0.1457522
0.1286044
0.1157194
0.1029690
0.0878097
0.0711064
0.0552802
0.0420648
0.0325821
0.0286107
0.0316564
0.0396826
0.0460668
0.0438237
0.0314154
0.0139925
-0.0007182
-0.0069777
-0.0021924
0.0140673
0.0396286
0.0672199
0.0839344
0.0771470
0.0448385
0.0006934
-0.0335168
-0.0431789
-0.0299478
-0.0074835
0.0098656
0.0149009
0.0085468
-0.0028013
-0.0108496
-0.0096614
0.0005877
0.0134918
0.0213815
0.0218329
0.0192137
0.0188134
0.0197141
0.0153674
0.0019126
-0.0162763
-0.0313489
-0.0407463
-0.0482675
-0.0566775
-0.0626875
-0.0611695
-0.0524822
-0.0430427
-0.0388295
-0.0406020
-0.0464023
-0.0561916
-0.0701999
-0.0824911
-0.0812887
-0.0610662
-0.0334811
-0.0203651
-0.0326133
-0.0589621
-0.0791386
-0.0862279
-0.0915692
-0.1073717
-0.1294700
-0.1414793
-0.1348447
-0.1200611
-0.1151085
-0.1245090
-0.1337933
-0.1260481
-0.1013981
-0.0775661
-0.0718949
-0.0847985
-0.1007493
-0.1040907
-0.0939107
-0.0840367
-0.0874411
-0.1002133
-0.1044355
-0.0910110
-0.0766812
-0.0887814
-0.1283446
-0.1572415
-0.1369519
-0.0828039
-0.0618158
-0.1132039
-0.1682495
-0.0762006
0.2546572
0.7289425
1.0946958
1.1305400
0.8216636
0.3580907
-0.0356028
-0.2677301
-0.3944362
-0.5017724
-0.6004510
-0.6361500
-0.5761527
-0.4585175
-0.3533488
-0.2944903
-0.2633866
-0.2318052
-0.2008555
-0.1912475
-0.2076359
-0.2274558
-0.2260048
-0.2031316
-0.1795822
-0.1713250
-0.1745465
-0.1762849
-0.1726737
-0.1703659
-0.1722209
-0.1700611
-0.1560662
-0.1366652
-0.1278890
-0.1362311
-0.1495425
-0.1505871
-0.1374554
-0.1262293
-0.1321953
-0.1511835
-0.1630375
-0.1539925
-0.1323142
-0.1187372
-0.1228510
-0.1330490
-0.1306938
-0.1107271
-0.0861134
-0.0745200
-0.0835945
-0.1075319
-0.1333948
-0.1490945
-0.1484313
-0.1331292
-0.1120915
-0.0967755
-0.0934843
-0.0982201
-0.1003512
-0.0930358
-0.0796041
-0.0689425
-0.0661434
-0.0694006
-0.0742711
-0.0774421
-0.0763709
-0.0693235
-0.0586240
-0.0522830
-0.0588646
-0.0788794
-0.1020142
-0.1150970
-0.1144939
-0.1100369
-0.1146519
-0.1297269
-0.1427381
-0.1404148
-0.1225849
-0.1016871
-0.0902801
-0.0910550
-0.0979320
-0.1038558
-0.1063466
-0.1070000
-0.1077626
-0.1087941
-0.1093849
-0.1091165
-0.1070767
-0.1014455
-0.0919998
-0.0824068
-0.0775595
-0.0784049
-0.0816751
-0.0853210
-0.0916806
-0.1033103
-0.1169139
-0.1237968
-0.1173390
-0.0997746
-0.0809912
-0.0699228
-0.0669260
-0.0652485
-0.0599715
-0.0539981
-0.0543727
-0.0641619
-0.0794125
-0.0929575
-0.0993628
-0.0968398
-0.0867356
-0.0723226
-0.0576974
-0.0472297
-0.0448721
-0.0519235
-0.0645917
-0.0753923
-0.0788974
-0.0761898
-0.0730119
-0.0737697
-0.0777340
-0.0808423
-0.0810152
-0.0814389
-0.0872572
-0.0980352
-0.1055630
-0.1024465
-0.0923775
-0.0875846
-0.0942385
-0.1040121
-0.1041015
-0.0940826
-0.0872511
-0.0923073
-0.0974761
-0.0802450
-0.0361084
0.0078747
0.0164005
-0.0172160
-0.0658214
-0.1024756
-0.1267081
-0.1408560
-0.1038666
0.0639689
0.4006999
0.8198600
1.1267898
1.1471681
0.8612437
0.4182121
0.0161346
-0.2385806
-0.3675278
-0.4426701
-0.4953422
-0.5029661
-0.4433966
-0.3383982
-0.2385665
-0.1770383
-0.1478621
-0.1268481
-0.1034170
-0.0868187
-0.0865030
-0.0964920
-0.1030384
-0.1018678
-0.1005801
-0.1049488
-0.1100323
-0.1080662
-0.1006391
-0.0974509
-0.1028841
-0.1080391
-0.0996547
-0.0767009
-0.0543248
-0.0476728
-0.0530552
-0.0507567
-0.0291433
-0.0013038
0.0081360
-0.0081406
-0.0300857
-0.0312108
-0.0064300
0.0237962
0.0358921
0.0267787
0.0142570
0.0162604
0.0331908
0.0511733
0.0582684
0.0531143
0.0401815
0.0240858
0.0113936
0.0122842
0.0335452
0.0691930
0.1014689
0.1135244
0.1019779
0.0779945
0.0567273
0.0452459
0.0398776
0.0340173
0.0263647
0.0204191
0.0179372
0.0157483
0.0089749
-0.0042455
-0.0207696
-0.0335891
-0.0359767
-0.0271649
-0.0143396
-0.0073876
-0.0109443
-0.0214101
-0.0302491
-0.0293833
-0.0159411
0.0049679
0.0226192
0.0289204
0.0254268
0.0202977
0.0166233
0.0053269
-0.0245945
-0.0614168
-0.0551974
0.0607774
0.3124575
0.6360488
0.8918122
0.9456546
0.7585282
0.4115317
0.0491570
-0.2103508
-0.3297841
-0.3428516
-0.3040847
-0.2484631
-0.1878304
-0.1292410
-0.0844392
-0.0614788
-0.0555796
-0.0544688
-0.0521977
-0.0545700
-0.0695361
-0.0932354
-0.1087789
-0.1026235
-0.0818765
-0.0698280
-0.0802256
-0.0991367
-0.0981492
-0.0659617
-0.0226479
-0.0006187
-0.0132434
-0.0436199
-0.0631834
-0.0594664
-0.0443786
-0.0360499
-0.0364771
-0.0311284
-0.0093114
0.0210057
0.0415344
0.0436094
0.0365127
0.0370032
0.0527796
0.0761812
0.0934478
0.1001510
0.1063050
0.1244062
0.1535023
0.1784464
0.1855563
0.1764391
0.1654607
0.1656150
0.1776270
0.1907789
0.1924639
0.1768893
0.1456098
0.1025932
0.0532163
0.0087143
-0.0147183
-0.0081965
0.0184979
0.0423884
0.0461947
0.0312679
0.0129414
0.0051556
0.0089597
0.0137199
0.0088564
-0.0053046
-0.0184994
-0.0214899
-0.0140382
-0.0023302
0.0080673
0.0150733
0.0183987
0.0172309
0.0094437
-0.0059390
-0.0231149
-0.0279056
-0.0079333
0.0321810
0.0688401
0.0771092
0.0518207
0.0115256
-0.0178427
-0.0243016
-0.0173497
-0.0150527
-0.0235481
-0.0312567
-0.0247550
-0.0070855
0.0039990
-0.0050160
-0.0299811
-0.0540513
-0.0626138
-0.0537255
-0.0377328
-0.0280327
-0.0301797
-0.0384372
-0.0425562
-0.0374439
-0.0270548
-0.0210448
-0.0270164
-0.0422698
-0.0528437
-0.0457672
-0.0247230
-0.0090541
-0.0134025
-0.0315043
-0.0442806
-0.0417269
-0.0319531
-0.0285588
-0.0334543
-0.0357301
-0.0275459
-0.0171886
-0.0205854
-0.0388172
-0.0512834
-0.0382017
-0.0064053
0.0158979
0.0100926
-0.0149871
-0.0377176
-0.0478726
-0.0506858
-0.0524162
-0.0510546
-0.0434086
-0.0352449
-0.0369294
-0.0483395
-0.0565178
-0.0557878
-0.0621885
-0.0876640
-0.0922434
0.0171771
0.3076201
0.7242608
1.0842636
1.1899225
0.9724167
0.5416946
0.0997713
-0.2052442
-0.3593872
-0.4401426
-0.5108707
-0.5616978
-0.5421519
-0.4325219
-0.2749047
-0.1411700
-0.0774839
-0.0763590
-0.0949463
-0.0976366
-0.0824009
-0.0696667
-0.0727818
-0.0850290
-0.0920775
-0.0884935
-0.0800227
-0.0751826
-0.0776266
-0.0844531
-0.0906235
-0.0954594
-0.1027903
-0.1130126
-0.1187500
-0.1124790
-0.0956900
-0.0762249
-0.0593329
-0.0461670
-0.0384648
-0.0385376
-0.0445471
-0.0498636
-0.0480647
-0.0379907
-0.0255522
-0.0204870
-0.0272198
-0.0377653
-0.0382147
-0.0238835
-0.0036246
0.0116021
0.0183435
0.0175695
0.0100544
-0.0001506
-0.0029203
0.0115426
0.0445820
0.0883624
0.1301221
0.1570128
0.1619536
0.1477723
0.1245379
0.1032422
0.0922019
0.0935043
0.0972736
0.0850260
0.0484414
0.0035108
-0.0225328
-0.0190650
-0.0012641
0.0077348
-0.0012026
-0.0174088
-0.0215948
-0.0048075
0.0198001
0.0278642
0.0112052
-0.0101028
-0.0091035
0.0179101
0.0483925
0.0583653
0.0453042
0.0266624
0.0174137
0.0111210
-0.0070066
-0.0180056
0.0488248
0.2609345
0.5915790
0.8964036
1.0037522
0.8417684
0.4865136
0.0978065
-0.1908394
-0.3381594
-0.3784868
-0.3582057
-0.2964300
-0.2009291
-0.0979712
-0.0249547
0.0016903
-0.0054861
-0.0269183
-0.0510526
-0.0695825
-0.0754331
-0.0707947
-0.0672483
-0.0742109
-0.0913103
-0.1092481
-0.1137268
-0.0960341
-0.0669536
-0.0512809
-0.0597160
-0.0754775
-0.0775350
-0.0659586
-0.0544339
-0.0501951
-0.0530070
-0.0618500
-0.0703557
-0.0666792
-0.0488412
-0.0296009
-0.0184721
-0.0120383
-0.0076217
-0.0092934
-0.0140487
-0.0110430
-0.0002118
0.0093350
0.0229174
0.0558079
0.0997774
0.1235952
0.1152308
0.0954453
0.0841966
0.0846042
0.1015589
0.1367372
0.1621942
0.1449129
0.1026891
0.0834147
0.0836008
0.0537915
0.0005613
0.0038250
0.0933546
