0.0639921
0.0832479
0.0693758
0.0547398
0.0592368
0.0803963
0.1059241
0.1241321
0.1295226
0.1292482
0.1389191
0.1628148
0.1845823
0.1884240
0.1835970
0.1935397
0.2218194
0.2437929
0.2380352
0.2168614
0.2165476
0.2575779
0.3190315
0.3556226
0.3413933
0.2942574
0.2534315
0.2351261
0.2196158
0.1841384
0.1370991
0.1093489
0.1166438
0.1423174
0.1578347
0.1513493
0.1319760
0.1122970
0.0944805
0.0746354
0.0554266
0.0476463
0.0568494
0.0725678
0.0765706
0.0620584
0.0405858
0.0293957
0.0355553
0.0527007
0.0681571
0.0709534
0.0577483
0.0359228
0.0194943
0.0177363
0.0265561
0.0323640
0.0251862
0.0080180
-0.0066272
-0.0095176
-0.0038978
-0.0008498
-0.0054485
-0.0102031
-0.0045620
0.0108776
0.0231498
0.0202246
0.0034201
-0.0139638
-0.0193744
-0.0126916
-0.0062092
-0.0121655
-0.0290751
-0.0416586
-0.0364246
-0.0169090
-0.0014589
-0.0055596
-0.0273903
-0.0506149
-0.0597952
-0.0522979
-0.0364160
-0.0208483
-0.0089212
-0.0025025
-0.0059437
-0.0204276
-0.0357044
-0.0348605
-0.0120229
0.0173937
0.0290077
0.0128316
-0.0177200
-0.0402442
-0.0443909
-0.0374312
-0.0315449
-0.0303548
-0.0303315
-0.0318498
-0.0419096
-0.0633581
-0.0864703
-0.0971705
-0.0925891
-0.0829150
-0.0768025
-0.0705066
-0.0557384
-0.0350613
-0.0227664
-0.0285835
-0.0453505
-0.0576673
-0.0605441
-0.0621555
-0.0659663
-0.0588397
-0.0275028
0.0148798
0.0321177
0.0033594
-0.0495773
-0.0853779
-0.0909631
-0.0880698
-0.0807426
-0.0098586
0.2088735
0.5798004
0.9661721
1.1603243
1.0396331
0.6635440
0.2185666
-0.1305471
-0.3397565
-0.4593495
-0.5407160
-0.5842219
-0.5648154
-0.4812586
-0.3663247
-0.2573535
-0.1716149
-0.1116887
-0.0816624
-0.0865190
-0.1182231
-0.1534998
-0.1706957
-0.1651674
-0.1456028
-0.1209131
-0.0971501
-0.0835013
-0.0896695
-0.1112693
-0.1241336
-0.1040413
-0.0560006
-0.0183442
-0.0298233
-0.0898447
-0.1541974
-0.1737146
-0.1380589
-0.0815993
-0.0486856
-0.0556868
-0.0845370
-0.1061823
-0.1056699
-0.0876845
-0.0655031
-0.0489798
-0.0406199
-0.0371434
-0.0314399
-0.0155739
0.0123648
0.0418572
0.0541959
0.0390617
0.0082292
-0.0114322
-0.0028205
0.0237415
0.0406767
0.0323402
0.0122704
0.0088298
0.0337847
0.0683151
0.0828329
0.0689821
0.0474680
0.0427138
0.0539881
0.0566612
0.0316255
-0.0117800
-0.0456689
-0.0544209
-0.0510461
-0.0607812
-0.0908177
-0.1206684
-0.1244688
-0.1005225
-0.0751355
-0.0763397
-0.1057153
-0.1371634
-0.1420245
-0.1143985
-0.0739487
-0.0474364
-0.0483025
-0.0707811
-0.0988103
-0.1182881
-0.1232438
-0.1155562
-0.1020813
-0.0906482
-0.0851741
-0.0830625
-0.0783760
-0.0683193
-0.0558832
-0.0457783
-0.0390734
-0.0331759
-0.0264744
-0.0209175
-0.0188191
-0.0183089
-0.0144139
-0.0054970
0.0035537
0.0071436
0.0069783
0.0100300
0.0164551
0.0133803
-0.0130124
-0.0574110
-0.0920551
-0.0897986
-0.0525543
-0.0134753
-0.0063555
-0.0319486
-0.0575552
-0.0522150
-0.0203314
0.0032360
-0.0086227
-0.0461426
-0.0743188
-0.0708980
-0.0479581
-0.0348322
-0.0441443
-0.0598791
-0.0590839
-0.0399596
-0.0233478
-0.0272697
-0.0458236
-0.0571158
-0.0493176
-0.0332087
-0.0276599
-0.0373831
-0.0497480
-0.0525044
-0.0488340
-0.0507578
-0.0598536
-0.0610166
-0.0395895
-0.0025626
0.0228310
0.0144344
-0.0225225
-0.0600247
-0.0726925
-0.0571544
-0.0290434
-0.0063351
0.0024490
-0.0022000
-0.0174345
-0.0431419
-0.0818035
-0.1303067
-0.1638531
-0.1256949
0.0521307
0.3901689
0.8051436
1.1214334
1.1711112
0.9141403
0.4716921
0.0352812
-0.2683194
-0.4357029
-0.5306123
-0.5902683
-0.5956541
-0.5213156
-0.3898234
-0.2626763
-0.1840294
-0.1480926
-0.1240124
-0.0990092
-0.0852627
-0.0904599
-0.0988897
-0.0899472
-0.0668020
-0.0542518
-0.0672352
-0.0911048
-0.0993612
-0.0858894
-0.0708099
-0.0738953
-0.0905993
-0.1003013
-0.0936618
-0.0828884
-0.0836768
-0.0948363
-0.1017938
-0.0963102
-0.0844582
-0.0739062
-0.0610059
-0.0372356
-0.0058313
0.0164841
0.0183186
0.0095590
0.0121318
0.0348752
0.0630758
0.0755547
0.0680115
0.0548953
0.0505497
0.0551663
0.0609039
0.0654362
0.0731396
0.0849071
0.0943546
0.0973141
0.0999980
0.1113706
0.1283130
0.1353749
0.1229985
0.1013360
0.0891836
0.0897075
0.0845555
0.0563791
0.0125462
-0.0207883
-0.0283974
-0.0232704
-0.0304870
-0.0580385
-0.0899375
-0.1077107
-0.1112785
-0.1136043
-0.1192037
-0.1171951
-0.0984628
-0.0726232
-0.0598511
-0.0665427
-0.0766195
-0.0707312
-0.0494027
-0.0315290
-0.0322682
-0.0500129
-0.0762393
-0.1070356
-0.1313894
-0.1088217
0.0214772
0.2843109
0.6112535
0.8517384
0.8651059
0.6222146
0.2264255
-0.1633556
-0.4351072
-0.5656348
-0.5866230
-0.5320086
-0.4233305
-0.2894586
-0.1751174
-0.1157374
-0.1079708
-0.1163449
-0.1126749
-0.1030812
-0.1119577
-0.1449560
-0.1775578
-0.1823531
-0.1600818
-0.1365792
-0.1312991
-0.1370520
-0.1337849
-0.1156256
-0.0961512
-0.0879893
-0.0865413
-0.0796903
-0.0683792
-0.0678989
-0.0866574
-0.1108197
-0.1165571
-0.0958805
-0.0646223
-0.0439100
-0.0386693
-0.0377031
-0.0312547
-0.0218367
-0.0161960
-0.0117498
0.0036457
0.0384902
0.0872993
0.1338858
0.1627245
0.1676295
0.1544689
0.1395287
0.1422761
0.1720160
0.2174037
0.2520353
0.2557923
0.2323667
0.2037157
0.1863380
0.1754508
0.1547036
0.1191411
0.0833942
0.0653542
0.0657542
0.0685773
0.0606326
0.0450441
0.0325472
0.0237279
0.0067927
-0.0250980
-0.0589619
-0.0704033
-0.0487567
-0.0114978
0.0093736
-0.0036616
-0.0382651
-0.0650372
-0.0645836
-0.0427529
-0.0221812
-0.0212224
-0.0401016
-0.0639797
-0.0768384
-0.0731479
-0.0592880
-0.0463881
-0.0417861
-0.0448975
-0.0488236
-0.0460406
-0.0350826
-0.0236815
-0.0242331
-0.0429117
-0.0713120
-0.0902517
-0.0852044
-0.0601926
-0.0358045
-0.0311368
-0.0461427
-0.0621872
-0.0610284
-0.0430941
-0.0259773
-0.0248188
-0.0357979
-0.0407767
-0.0282688
-0.0079243
-0.0020649
-0.0221718
-0.0550955
-0.0746593
-0.0676422
-0.0468924
-0.0371182
-0.0482253
-0.0650556
-0.0648371
-0.0432391
-0.0201466
-0.0182419
-0.0374730
-0.0537335
-0.0443583
-0.0137038
0.0090545
-0.0011301
-0.0389306
-0.0723669
-0.0734341
-0.0455528
-0.0209278
-0.0302677
-0.0739295
-0.1220427
-0.1430205
-0.1321094
-0.1119587
-0.1062303
-0.1153580
-0.1202246
-0.1076371
-0.0867477
-0.0770554
-0.0834823
-0.0902197
-0.0815141
-0.0626131
-0.0528803
-0.0593593
-0.0662273
-0.0557112
-0.0334133
-0.0236847
-0.0410995
-0.0769900
-0.1166983
-0.1543585
-0.1717314
-0.1072530
0.1199563
0.5195480
0.9585183
1.2102033
1.1133306
0.7035206
0.1877679
-0.2177005
-0.4329691
-0.5183759
-0.5636082
-0.5932517
-0.5741041
-0.4857547
-0.3599891
-0.2523212
-0.1923774
-0.1709982
-0.1659233
-0.1655145
-0.1668355
-0.1642869
-0.1516541
-0.1329108
-0.1209045
-0.1213737
-0.1237601
-0.1136839
-0.0926740
-0.0789742
-0.0860792
-0.1043990
-0.1093602
-0.0881421
-0.0546204
-0.0350852
-0.0405908
-0.0566242
-0.0605929
-0.0465232
-0.0297835
-0.0283957
-0.0430611
-0.0572821
-0.0553826
-0.0376571
-0.0174778
-0.0060337
-0.0024412
0.0014800
0.0097404
0.0180911
0.0208318
0.0187290
0.0178976
0.0213396
0.0239900
0.0179548
0.0024893
-0.0127588
-0.0157471
-0.0032875
0.0165982
0.0338645
0.0466785
0.0607664
0.0789059
0.0940716
0.0958962
0.0833982
0.0677165
0.0597360
0.0568301
0.0461509
0.0224733
-0.0011648
-0.0057798
0.0103775
0.0261950
0.0196869
-0.0061971
-0.0253635
-0.0182827
0.0042527
0.0122537
-0.0087577
-0.0391687
-0.0449754
-0.0144272
0.0286459
0.0483807
0.0305797
-0.0081900
-0.0408513
-0.0537791
-0.0512620
-0.0434775
-0.0365404
-0.0331773
-0.0359604
-0.0447140
-0.0525464
-0.0498952
-0.0349285
-0.0173458
-0.0084094
-0.0074821
-0.0019484
0.0173975
0.0429200
0.0557793
0.0461640
0.0257651
0.0176446
0.0334968
0.0622213
0.0813863
0.0789644
0.0631424
0.0519393
0.0551600
0.0668818
0.0735987
0.0675192
0.0521818
0.0375491
0.0311786
0.0328988
0.0357952
0.0321442
0.0203907
0.0077509
0.0048604
0.0155692
0.0312412
0.0365917
0.0230837
-0.0028301
-0.0252701
-0.0331141
-0.0287833
-0.0235951
-0.0256071
-0.0323586
-0.0341839
-0.0232440
-0.0002221
0.0252540
0.0399934
0.0358000
0.0162325
-0.0046629
-0.0128954
-0.0059211
0.0066069
0.0137686
0.0134748
0.0102241
0.0053939
-0.0043660
-0.0165854
-0.0164667
0.0101479
0.0551945
0.0872173
0.0795965
0.0384355
-0.0052573
-0.0315321
-0.0474737
-0.0551315
-0.0091252
0.1686737
0.5064806
0.9093354
1.1865116
1.1787454
0.8779339
0.4293085
0.0163891
-0.2623412
-0.4206426
-0.5156511
-0.5712463
-0.5681261
-0.4905760
-0.3639428
-0.2412222
-0.1601909
-0.1200731
-0.0970147
-0.0739667
-0.0521380
-0.0390218
-0.0339995
-0.0289891
-0.0193816
-0.0088931
-0.0023663
0.0029095
0.0149009
0.0352814
0.0529839
0.0527616
0.0314761
0.0045017
-0.0061569
0.0089362
0.0391462
0.0646818
0.0739115
0.0703081
0.0650337
0.0656668
0.0723107
0.0814647
0.0902414
0.0968064
0.1000607
0.1016509
0.1072316
0.1223084
0.1452064
0.1659930
0.1749927
0.1726076
0.1689718
0.1731625
0.1842822
0.1948012
0.2016801
0.2109745
0.2293767
0.2526766
0.2662304
0.2590320
0.2363254
0.2160300
0.2119651
0.2215027
0.2299660
0.2255570
0.2084619
0.1865093
0.1653098
0.1447377
0.1233497
0.1025594
0.0851391
0.0721130
0.0638256
0.0626572
0.0702159
0.0802608
0.0789552
0.0583417
0.0300199
0.0190453
0.0380202
0.0680523
0.0719422
0.0310599
-0.0320616
-0.0716682
-0.0606764
-0.0140338
0.0282987
0.0379271
0.0171722
-0.0117612
-0.0285754
-0.0255933
-0.0059359
0.0197750
0.0354176
0.0269998
-0.0043988
-0.0380421
-0.0473911
-0.0222275
0.0226637
0.0608160
0.0755062
0.0695479
0.0578341
0.0517323
0.0469314
0.0233229
-0.0365742
-0.1144501
-0.1352234
0.0038967
0.3500592
0.8166740
1.1954028
1.2797867
1.0139005
0.5371164
0.0785989
-0.2082385
-0.3270776
-0.3771395
-0.4275389
-0.4562250
-0.4011639
-0.2528960
-0.0846577
0.0080044
-0.0087689
-0.0834733
-0.1327009
-0.1143688
-0.0536905
-0.0079155
-0.0117332
-0.0531716
-0.0929639
-0.1010600
-0.0766208
-0.0403713
-0.0134558
-0.0032021
-0.0040300
-0.0068592
-0.0060609
0.0002505
0.0124120
0.0286531
0.0427166
0.0455721
0.0334935
0.0153856
0.0088693
0.0247296
0.0543959
0.0764943
0.0793801
0.0755915
0.0885524
0.1227711
0.1523421
0.1463774
0.1067649
0.0736849
0.0867144
0.1412705
0.1901697
0.1919322
0.1541689
0.1243780
0.1387530
0.1855440
0.2211066
0.2172972
0.1872075
0.1650289
0.1672246
0.1777484
0.1685965
0.1295888
0.0773662
0.0393340
0.0312516
0.0473620
0.0672664
0.0714856
0.0545539
0.0275204
0.0082139
0.0062550
0.0151295
0.0187366
0.0066636
-0.0163698
-0.0358401
-0.0415912
-0.0363087
-0.0302708
-0.0289884
-0.0279784
-0.0212879
-0.0141915
-0.0226610
-0.0545180
-0.0907984
-0.0939540
-0.0448126
0.0271930
0.0608004
0.0210650
-0.0595736
-0.1089775
-0.0901188
-0.0395146
-0.0165632
-0.0139447
0.0619678
0.2981373
0.6564369
0.9620449
1.0288254
0.8077403
0.4174434
0.0366281
-0.2281615
-0.3796262
-0.4659872
-0.5083156
-0.4932262
-0.4149822
-0.3018300
-0.1975853
-0.1290026
-0.0975547
-0.0946256
-0.1124862
-0.1399247
-0.1585909
-0.1537002
-0.1282544
-0.1013764
-0.0907271
-0.0983700
-0.1133366
-0.1235687
-0.1229993
-0.1114248
-0.0943688
-0.0839497
-0.0932120
-0.1230082
-0.1550403
-0.1637834
-0.1393931
-0.0980311
-0.0673699
-0.0618993
-0.0731766
-0.0823717
-0.0787420
-0.0652558
-0.0504389
-0.0394044
-0.0323767
-0.0269188
-0.0181433
0.0009382
0.0340970
0.0749469
0.1081413
0.1211278
0.1154170
0.1049630
0.1033371
0.1135911
0.1299040
0.1455462
0.1565486
0.1596109
0.1513991
0.1321779
0.1074985
0.0830333
0.0587503
0.0320036
0.0067907
-0.0052941
0.0015310
0.0145076
0.0100518
-0.0215231
-0.0621015
-0.0823164
-0.0727597
-0.0541317
-0.0534759
-0.0737383
-0.0921596
-0.0884217
-0.0682232
-0.0550725
-0.0625952
-0.0817595
-0.0959887
-0.1016921
-0.1078448
-0.1185154
-0.1248561
-0.1182530
-0.1054175
-0.1021330
-0.1116299
-0.1168487
-0.1002147
-0.0681933
-0.0482550
-0.0581731
-0.0831027
-0.0894279
-0.0615584
-0.0199206
0.0005230
-0.0133020
-0.0416160
-0.0559862
-0.0490375
-0.0373122
-0.0382737
-0.0503539
-0.0571543
-0.0474513
-0.0273872
-0.0137910
-0.0184627
-0.0388891
-0.0606820
-0.0670805
-0.0496056
-0.0155135
0.0132554
0.0131206
-0.0223290
-0.0735241
-0.1072454
-0.1025370
-0.0681214
-0.0353573
-0.0325981
-0.0630014
-0.1037497
-0.1258825
-0.1178129
-0.0939288
-0.0816251
-0.0967080
-0.1273893
-0.1423543
-0.1187266
-0.0655649
-0.0186893
-0.0085623
-0.0317221
-0.0556916
-0.0531826
-0.0289808
-0.0103817
-0.0137750
-0.0277182
-0.0317802
-0.0249590
-0.0253365
-0.0418612
-0.0594228
-0.0620695
-0.0616705
-0.0795720
-0.0877528
0.0118262
0.3092084
0.7626121
1.1646941
1.2704758
0.9920918
0.4766911
-0.0144385
-0.3116629
-0.4334219
-0.5003849
-0.5814132
-0.6356836
-0.5892158
-0.4372447
-0.2565527
-0.1299539
-0.0786599
-0.0694481
-0.0685122
-0.0721484
-0.0904146
-0.1200690
-0.1442922
-0.1526504
-0.1504875
-0.1478027
-0.1464267
-0.1419104
-0.1330539
-0.1234986
-0.1149379
-0.1044968
-0.0909324
-0.0795214
-0.0767889
-0.0814861
-0.0847681
-0.0806070
-0.0734737
-0.0732070
-0.0828324
-0.0936048
-0.0929708
-0.0768079
-0.0534796
-0.0362734
-0.0317550
-0.0344964
-0.0326780
-0.0197560
-0.0015653
0.0088313
0.0049506
-0.0044287
-0.0024884
0.0180265
0.0454002
0.0595241
0.0525149
0.0369287
0.0317681
0.0412571
0.0499358
0.0396614
0.0099293
-0.0202838
-0.0305575
-0.0178686
0.0019331
0.0094083
-0.0024027
-0.0250011
-0.0444124
-0.0532213
-0.0545031
-0.0562879
-0.0632213
-0.0731558
-0.0806026
-0.0821555
-0.0780401
-0.0697120
-0.0586361
-0.0487297
-0.0475967
-0.0608342
-0.0832219
-0.0986586
-0.0935881
-0.0715601
-0.0513314
-0.0481391
-0.0588087
-0.0685476
-0.0709204
-0.0749248
-0.0888043
-0.1016210
-0.0898192
-0.0456686
0.0060758
0.0273718
0.0044916
-0.0372955
-0.0592088
-0.0472179
-0.0225520
-0.0161078
-0.0368656
-0.0664297
-0.0802400
-0.0699373
-0.0465336
-0.0272321
-0.0217145
-0.0279574
-0.0366325
-0.0388581
-0.0326663
-0.0240618
-0.0210487
-0.0255508
-0.0319574
-0.0344772
-0.0344003
-0.0375258
-0.0445035
-0.0470219
-0.0362967
-0.0145411
0.0046311
0.0083766
-0.0031455
-0.0162790
-0.0147839
0.0069869
0.0376779
0.0545578
0.0407581
0.0028207
-0.0311603
-0.0399545
-0.0382635
-0.0642547
-0.1199786
-0.1240756
0.0492246
0.4487313
0.9498438
1.2977880
1.2828325
0.9019354
0.3586578
-0.0988475
-0.3516924
-0.4471163
-0.4936793
-0.5406655
-0.5560589
-0.4966302
-0.3740322
-0.2476722
-0.1673731
-0.1364798
-0.1282303
-0.1238632
-0.1256968
-0.1386301
-0.1524102
-0.1497509
-0.1281124
-0.1049893
-0.0984165
-0.1063517
-0.1103021
-0.0985435
-0.0802366
-0.0734033
-0.0822561
-0.0921175
-0.0875410
-0.0702879
-0.0551691
-0.0507884
-0.0507718
-0.0455307
-0.0367892
-0.0345520
-0.0415172
-0.0476998
-0.0435374
-0.0332393
-0.0288988
-0.0324222
-0.0302762
-0.0098967
0.0227307
0.0477646
0.0537516
0.0500552
0.0543778
0.0712610
0.0876766
0.0898517
0.0802530
0.0753029
0.0876904
0.1128889
0.1324735
0.1294586
0.1019524
0.0649446
0.0389499
0.0333792
0.0384935
0.0355085
0.0173936
-0.0019264
-0.0035338
0.0112184
0.0180268
-0.0021155
-0.0358148
-0.0484081
-0.0256426
0.0043158
0.0004905
-0.0415710
-0.0822712
-0.0852000
-0.0617570
-0.0554735
-0.0843245
-0.1157133
-0.1087461
-0.0697679
-0.0468996
-0.0690096
-0.1107413
-0.1319220
-0.1352710
-0.1531025
-0.1688616
-0.0847475
0.1881387
0.5944729
0.9171004
0.9326409
0.6026663
0.1085309
-0.3050427
-0.5174219
-0.5738717
-0.5743645
-0.5561817
-0.4908730
-0.3650437
-0.2266946
-0.1429172
-0.1309309
-0.1482457
-0.1461593
-0.1173309
-0.0879169
-0.0775745
-0.0806211
-0.0824356
-0.0793537
-0.0757545
-0.0703697
-0.0572972
-0.0407658
-0.0386756
-0.0640597
-0.1059325
-0.1358113
-0.1353939
-0.1141147
-0.0968583
-0.0970266
-0.1054082
-0.1045077
-0.0888366
-0.0684000
-0.0550685
-0.0501291
-0.0459285
-0.0360951
-0.0209747
-0.0040521
0.0134977
0.0331804
0.0558816
0.0803331
0.1046396
0.1275373
0.1475556
0.1626025
0.1724588
0.1817580
0.1981057
0.2242078
0.2507213
0.2591132
0.2362376
0.1898713
0.1492159
0.1445128
0.1796556
0.2229479
0.2292651
0.1782180
0.0941720
0.0273174
0.0114641
0.0377864
0.0682220
0.0725359
0.0513547
0.0261250
0.0129434
0.0098751
0.0063396
-0.0023639
-0.0124852
-0.0188151
-0.0185888
-0.0097350
0.0080803
0.0277192
0.0351564
0.0226860
0.0010852
-0.0080966
0.0046278
0.0266912
0.0410651
0.0484064
0.0607439
0.0731672
0.0597851
0.0178448
0.0137068
0.1561283
0.4913858
0.9164346
1.2163138
1.2171047
0.9207364
0.4944597
0.1282375
-0.1002424
-0.2341964
-0.3393958
-0.4192826
-0.4270030
-0.3403659
-0.2040651
-0.0945709
-0.0537605
-0.0636473
-0.0796337
-0.0771254
-0.0637549
-0.0565991
-0.0594680
-0.0644047
-0.0671910
-0.0725245
-0.0827036
-0.0874128
-0.0718684
-0.0370109
-0.0070004
-0.0096142
-0.0458529
-0.0822245
-0.0796000
-0.0329733
0.0198273
0.0330552
-0.0025341
-0.0520910
-0.0735891
-0.0589032
-0.0354810
-0.0302906
-0.0391647
-0.0352979
-0.0038173
0.0390692
0.0629550
0.0548301
0.0304307
0.0164530
0.0260585
0.0521776
0.0798293
0.1002755
0.1139299
0.1245555
0.1344618
0.1445506
0.1553994
0.1658036
0.1709012
0.1644847
0.1456571
0.1234144
0.1120176
0.1181635
0.1314310
0.1301582
0.1010027
0.0540634
0.0163477
0.0079463
0.0251698
0.0483606
0.0641559
0.0754233
0.0881449
0.0942470
0.0753145
0.0255959
-0.0335939
-0.0683267
-0.0621832
-0.0300368
-0.0017176
0.0055363
-0.0021326
-0.0075013
-0.0002742
0.0167009
0.0334294
0.0407791
0.0346739
0.0177773
-0.0007294
-0.0098185
-0.0048006
0.0083817
0.0184520
0.0190537
0.0133241
0.0090055
0.0112535
0.0210005
0.0374370
0.0581349
0.0766545
0.0842942
0.0776675
0.0632634
0.0511984
0.0446441
0.0392782
0.0345439
0.0402820
0.0652018
0.0985216
0.1111364
0.0831322
0.0295911
-0.0087804
-0.0061537
0.0200167
0.0271142
-0.0052158
-0.0509943
-0.0653672
-0.0336645
0.0125528
0.0296475
0.0073898
-0.0238909
-0.0293988
-0.0067348
0.0160610
0.0145913
-0.0069218
-0.0259375
-0.0301532
-0.0282434
-0.0323163
-0.0380475
-0.0301253
-0.0060781
0.0147124
0.0126189
-0.0053796
-0.0104313
0.0128820
0.0438885
0.0481598
0.0200276
-0.0108303
-0.0219092
-0.0326847
-0.0725166
-0.1069809
-0.0211701
0.2846324
0.7627714
1.1952996
1.3350788
1.0960761
0.6155042
0.1321794
-0.1958498
-0.3663846
-0.4598380
-0.5253735
-0.5468227
-0.4958802
-0.3866796
-0.2687564
-0.1817788
-0.1318176
-0.1061858
-0.0944097
-0.0895959
-0.0824725
-0.0678351
-0.0543781
-0.0559488
-0.0702284
-0.0768984
-0.0652130
-0.0557399
-0.0800307
-0.1363626
-0.1790771
-0.1637581
-0.0988211
-0.0393593
-0.0265702
-0.0438574
-0.0420580
-0.0023969
0.0392756
0.0346692
-0.0207037
-0.0827411
-0.1062262
-0.0866131
-0.0533968
-0.0330339
-0.0275925
-0.0252407
-0.0188813
-0.0091003
0.0039027
0.0219688
0.0426136
0.0579580
0.0634106
0.0638669
0.0676285
0.0761885
0.0839238
0.0866995
0.0856916
0.0819378
0.0734028
0.0626235
0.0629799
0.0874681
0.1277732
0.1520449
0.1329930
0.0787621
0.0285050
0.0125896
0.0208639
0.0160682
-0.0225675
-0.0760830
-0.1087121
-0.1078291
-0.0936331
-0.0904165
-0.0974138
-0.0941767
-0.0704765
-0.0417451
-0.0318481
-0.0459614
-0.0662302
-0.0730066
-0.0646616
-0.0544049
-0.0521267
-0.0546923
-0.0534553
-0.0456814
-0.0351901
-0.0246918
-0.0126475
0.0015418
0.0133600
0.0174529
0.0146568
0.0114906
0.0124773
0.0159512
0.0187740
0.0220305
0.0281150
0.0332024
0.0283658
0.0117450
-0.0040061
-0.0032055
0.0124543
0.0208508
0.0025302
-0.0348879
-0.0622326
-0.0614990
-0.0479964
-0.0533286
-0.0865919
-0.1192913
-0.1138920
-0.0651948
-0.0078388
0.0185375
0.0074291
-0.0139488
-0.0184115
-0.0065908
0.0003584
-0.0101730
-0.0273593
-0.0316589
-0.0188177
-0.0040714
-0.0030182
-0.0132039
-0.0181469
-0.0079451
0.0087510
0.0153732
0.0072242
-0.0035254
-0.0031051
0.0072933
0.0135252
0.0059743
-0.0090096
-0.0171279
-0.0130963
-0.0057769
-0.0060117
-0.0130212
-0.0162875
-0.0100821
-0.0022496
-0.0062643
-0.0258083
-0.0494925
-0.0614025
-0.0563150
-0.0448157
-0.0441383
-0.0629852
-0.0928309
-0.1131057
-0.1071795
-0.0765586
-0.0402279
-0.0182796
-0.0147757
-0.0169981
-0.0112834
0.0027995
0.0150630
0.0171710
0.0065722
-0.0194502
-0.0591824
-0.0823303
-0.0164032
0.2145131
0.6072739
1.0292308
1.2724224
1.1918930
0.8142149
0.3161478
-0.1078697
-0.3680527
-0.4913444
-0.5407316
-0.5428043
-0.4907516
-0.3924418
-0.2892822
-0.2220584
-0.1913277
-0.1640228
-0.1174747
-0.0668092
-0.0448380
-0.0616254
-0.0923794
-0.1055907
-0.0964808
-0.0883012
-0.1034963
-0.1388825
-0.1697419
-0.1739898
-0.1496231
-0.1114963
-0.0763197
-0.0522086
-0.0389199
-0.0331364
-0.0315867
-0.0307690
-0.0266491
-0.0168312
-0.0037837
0.0049086
0.0018717
-0.0119472
-0.0244474
-0.0209606
0.0009296
0.0259730
0.0350972
0.0268586
0.0213625
0.0375464
0.0672475
0.0788994
0.0522176
0.0060901
-0.0156504
0.0109557
0.0638793
0.0981834
0.0926258
0.0670756
0.0533919
0.0575237
0.0582606
0.0402781
0.0168529
0.0132591
0.0332904
0.0522595
0.0451997
0.0148699
-0.0139022
-0.0241030
-0.0230028
-0.0276312
-0.0412614
-0.0512438
-0.0480554
-0.0382927
-0.0351045
-0.0409615
-0.0464497
-0.0448696
-0.0407418
-0.0408961
-0.0430602
-0.0401642
-0.0339462
-0.0354468
-0.0483543
-0.0592465
-0.0534552
-0.0382939
-0.0383114
-0.0618516
-0.0834852
-0.0750990
-0.0517477
-0.0629819
-0.1191127
-0.1364441
0.0090385
0.3456265
0.7266673
0.9137675
0.7644069
0.3484371
-0.1168641
-0.4423248
-0.5823480
-0.6024604
-0.5705741
-0.5002206
-0.3841680
-0.2464688
-0.1384454
-0.0906342
-0.0876798
-0.0950022
-0.0976960
-0.1039414
-0.1182309
-0.1272420
-0.1170679
-0.0944193
-0.0803053
-0.0844017
-0.0947840
-0.0956875
-0.0878499
-0.0842360
-0.0891953
-0.0917269
-0.0828409
-0.0721507
-0.0779684
-0.1005901
-0.1138073
-0.0904702
-0.0359008
0.0104802
0.0115212
-0.0300470
-0.0727171
-0.0754281
-0.0349353
0.0147976
0.0371787
0.0253909
0.0033437
-0.0004795
0.0220299
0.0567198
0.0850229
0.1011293
0.1132318
0.1316366
0.1579047
0.1846958
0.2036255
0.2118309
0.2117690
0.2066394
0.1972574
0.1829953
0.1642739
0.1429912
0.1209433
0.0992656
0.0796818
0.0643655
0.0526124
0.0386761
0.0163784
-0.0122110
-0.0348327
-0.0395170
-0.0279231
-0.0154679
-0.0156719
-0.0258069
-0.0316415
-0.0266280
-0.0216299
-0.0315084
-0.0545098
-0.0714992
-0.0677012
-0.0498160
-0.0362973
-0.0335191
-0.0294118
-0.0127749
0.0082085
0.0134742
-0.0058895
-0.0399019
-0.0736647
-0.0952878
-0.0793544
0.0264987
0.2690597
0.6210353
0.9504758
1.0868059
0.9444890
0.5913483
0.1922928
-0.1175891
-0.3087473
-0.4224872
-0.4864543
-0.4826707
-0.3943262
-0.2598465
-0.1582538
-0.1377466
-0.1706614
-0.1882399
-0.1560292
-0.1055448
-0.0905952
-0.1227087
-0.1599872
-0.1585105
-0.1235584
-0.1012118
-0.1221364
-0.1643907
-0.1782879
-0.1435267
-0.0924881
-0.0743887
-0.1027910
-0.1447848
-0.1594501
-0.1387591
-0.1075270
-0.0899566
-0.0855001
-0.0785355
-0.0632018
-0.0503600
-0.0509015
-0.0599094
-0.0619699
-0.0488933
-0.0267848
-0.0059485
0.0106850
0.0261797
0.0404294
0.0479996
0.0460060
0.0402043
0.0399728
0.0482499
0.0593815
0.0672942
0.0729416
0.0815288
0.0940732
0.1051764
0.1098133
0.1094596
0.1091479
0.1096218
0.1049832
0.0884988
0.0592832
0.0232485
-0.0103376
-0.0321526
-0.0355245
-0.0205157
0.0029763
0.0192479
0.0183054
0.0045100
-0.0084949
-0.0128336
-0.0143489
-0.0232364
-0.0385693
-0.0469245
-0.0382907
-0.0197840
-0.0090704
-0.0143511
-0.0249818
-0.0241432
-0.0080954
0.0109543
0.0203626
0.0203492
0.0190365
0.0183805
0.0121777
-0.0004821
-0.0066779
0.0075747
0.0357383
0.0489068
0.0220075
-0.0375923
-0.0911809
-0.1014382
-0.0652752
-0.0148612
0.0129279
0.0080706
-0.0091169
-0.0125154
0.0034138
0.0203632
0.0167963
-0.0092258
-0.0372783
-0.0439895
-0.0251565
0.0013535
0.0140667
0.0078068
-0.0052407
-0.0117040
-0.0104376
-0.0094691
-0.0139224
-0.0210840
-0.0263739
-0.0295311
-0.0327281
-0.0354453
-0.0349287
-0.0311778
-0.0276412
-0.0255394
-0.0209272
-0.0109937
-0.0014930
-0.0025745
-0.0156005
-0.0286371
-0.0294952
-0.0214932
-0.0209915
-0.0378592
-0.0623200
-0.0746502
-0.0666703
-0.0503662
-0.0446942
-0.0560335
-0.0727865
-0.0777766
-0.0644218
-0.0414714
-0.0235317
-0.0169075
-0.0135823
0.0003330
0.0282403
0.0555548
0.0621168
0.0432991
0.0140204
-0.0118918
-0.0386559
-0.0695230
-0.0664054
0.0524705
0.3437483
0.7513677
1.0993600
1.2003728
0.9951162
0.5937134
0.1803260
-0.1243686
-0.3157691
-0.4451962
-0.5344457
-0.5587776
-0.4977563
-0.3779976
-0.2563495
-0.1708391
-0.1194825
-0.0839624
-0.0601098
-0.0572237
-0.0742839
-0.0901741
-0.0833545
-0.0563740
-0.0340575
-0.0370729
-0.0616739
-0.0868415
-0.0971207
-0.0944262
-0.0892910
-0.0861891
-0.0803752
-0.0667991
-0.0482019
-0.0334248
-0.0297261
-0.0380227
-0.0536551
-0.0686111
-0.0733039
-0.0611222
-0.0358517
-0.0134487
-0.0107247
-0.0283844
-0.0468607
-0.0431012
-0.0134364
0.0213382
0.0352744
0.0220547
0.0004453
-0.0042059
0.0171206
0.0516667
0.0786846
0.0859762
0.0753059
0.0579907
0.0486702
0.0592705
0.0912908
0.1307709
0.1549462
0.1503388
0.1268807
0.1115775
0.1239085
0.1554792
0.1753199
0.1578737
0.1072219
0.0539104
0.0278775
0.0338498
0.0509338
0.0534073
0.0317110
-0.0032970
-0.0322518
-0.0421403
-0.0323958
-0.0111900
0.0110775
0.0255295
0.0265830
0.0144000
-0.0033607
-0.0141988
-0.0078912
0.0164030
0.0476604
0.0673079
0.0601207
0.0270261
-0.0106306
-0.0238939
0.0000258
0.0439912
0.0733302
0.0651143
0.0254807
-0.0216278
-0.0567434
-0.0664952
-0.0229557
0.1204988
0.3863826
0.7144576
0.9604865
0.9823948
0.7493498
0.3709690
0.0149845
-0.2099440
-0.3016271
-0.3167379
-0.2974528
-0.2495873
-0.1750437
-0.0999665
-0.0592906
-0.0619290
-0.0840434
-0.0974909
-0.0963079
-0.0922968
-0.0930250
-0.0932091
-0.0861310
-0.0745511
-0.0661277
-0.0631073
-0.0629016
-0.0671439
-0.0816592
-0.1028119
-0.1100990
-0.0833003
-0.0303034
0.0099816
0.0017557
-0.0496673
-0.0992697
-0.1045312
-0.0642699
-0.0147019
0.0087391
0.0010200
-0.0180360
-0.0288595
-0.0248103
-0.0050280
0.0317484
0.0787773
0.1144068
0.1177826
0.0958319
0.0852372
0.1171590
0.1804759
0.2280403
0.2233975
0.1778487
0.1375485
0.1360963
0.1645060
0.1873619
0.1816734
0.1547386
0.1280282
0.1132307
0.1075348
0.1049955
0.1036078
0.1016326
0.0946323
0.0802375
0.0624867
0.0473379
0.0349575
0.0201362
0.0009356
-0.0162949
-0.0233031
-0.0203499
-0.0168801
-0.0204310
-0.0275498
-0.0288912
-0.0219814
-0.0142223
-0.0117779
-0.0099065
0.0008567
0.0195707
0.0306487
0.0180770
-0.0163205
-0.0508510
-0.0620269
-0.0454614
-0.0186008
-0.0028804
-0.0044172
-0.0125657
-0.0146688
-0.0089020
-0.0033283
-0.0062099
-0.0186657
-0.0340662
-0.0423533
-0.0368312
-0.0202674
-0.0051012
-0.0047839
-0.0211842
-0.0394894
-0.0386867
-0.0117174
0.0235951
0.0369936
0.0125095
-0.0368685
-0.0812196
-0.0985605
-0.0878125
-0.0623624
-0.0369402
-0.0208401
-0.0179592
-0.0277380
-0.0448409
-0.0602242
-0.0656959
-0.0594792
-0.0473308
-0.0374396
-0.0345101
-0.0389921
-0.0495501
-0.0629899
-0.0727079
-0.0719780
-0.0612068
-0.0498548
-0.0490599
-0.0626483
-0.0849700
-0.1051219
-0.1128569
-0.1040404
-0.0841488
-0.0662680
-0.0621825
-0.0716953
-0.0795810
-0.0664804
-0.0284406
0.0133759
0.0284011
0.0070084
-0.0279632
-0.0453318
-0.0389231
-0.0299845
-0.0366918
-0.0504773
-0.0492178
-0.0292672
-0.0136938
-0.0241247
-0.0520432
-0.0703693
-0.0735200
-0.0861423
-0.1112478
-0.0773356
0.1252929
0.5227146
0.9739433
1.2381382
1.1529365
0.7605032
0.2640888
-0.1365200
-0.3733898
-0.4985309
-0.5764215
-0.6107795
-0.5723572
-0.4670084
-0.3471467
-0.2594251
-0.2064217
-0.1680816
-0.1403209
-0.1345020
-0.1481115
-0.1559755
-0.1354157
-0.0924867
-0.0585777
-0.0598626
-0.0878164
-0.1018122
-0.0681609
0.0024277
