-0.4412488
-0.4315925
-0.3368160
-0.2407289
-0.1790290
-0.1223917
-0.0673146
-0.0497480
-0.0723164
-0.0933659
-0.0920449
-0.0863011
-0.0862289
-0.0810776
-0.0725402
-0.0753889
-0.0848446
-0.0821795
-0.0705854
-0.0704696
-0.0829501
-0.0903247
-0.0880959
-0.0866117
-0.0859947
-0.0773184
-0.0644194
-0.0602869
-0.0661102
-0.0735073
-0.0800372
-0.0842167
-0.0750760
-0.0466196
-0.0154829
-0.0066608
-0.0260814
-0.0577671
-0.0798103
-0.0755838
-0.0427850
-0.0016799
0.0188635
0.0137706
0.0076017
0.0197082
0.0385730
0.0415013
0.0259495
0.0086908
0.0035968
0.0114929
0.0263002
0.0435488
0.0647310
0.0925105
0.1168721
0.1136532
0.0714998
0.0167996
-0.0063610
0.0157600
0.0520730
0.0627494
0.0377278
-0.0027854
-0.0336795
-0.0453550
-0.0461760
-0.0494861
-0.0578511
-0.0631844
-0.0629678
-0.0661188
-0.0762872
-0.0808358
-0.0688819
-0.0524190
-0.0544018
-0.0775848
-0.0973112
-0.0868961
-0.0439025
0.0081208
0.0391983
0.0358026
0.0087272
-0.0206210
-0.0392975
-0.0450747
-0.0367754
-0.0159014
0.0029719
0.0003436
-0.0220843
-0.0356889
-0.0160157
0.0264844
0.0555937
0.0468586
0.0109412
-0.0186818
-0.0181607
0.0058273
0.0265245
0.0269756
0.0145829
0.0046917
-0.0004603
-0.0075184
-0.0143375
-0.0107417
0.0033349
0.0125803
0.0034031
-0.0200839
-0.0403068
-0.0433100
-0.0307830
-0.0169265
-0.0125517
-0.0122159
-0.0016837
0.0205320
0.0363782
0.0283004
0.0007908
-0.0242487
-0.0304999
-0.0205160
-0.0087391
-0.0063909
-0.0131102
-0.0213875
-0.0284167
-0.0400184
-0.0584614
-0.0707269
-0.0595201
-0.0275387
-0.0007581
-0.0017712
-0.0255385
-0.0466094
-0.0462981
-0.0280096
-0.0084147
0.0009180
0.0010082
-0.0033601
-0.0140990
-0.0343797
-0.0537206
-0.0507825
-0.0201951
0.0110186
0.0078864
-0.0306655
-0.0652401
-0.0567338
-0.0088314
0.0351570
0.0369498
0.0012722
-0.0335566
-0.0420728
-0.0398155
-0.0529361
-0.0600078
0.0172343
0.2440055
0.5868739
0.9046212
1.0355583
0.9088778
0.5879231
0.2158194
-0.0841686
-0.2705628
-0.3694596
-0.4194593
-0.4371536
-0.4229081
-0.3787740
-0.3129342
-0.2358015
-0.1598936
-0.0997242
-0.0649775
-0.0534878
-0.0538091
-0.0553338
-0.0557479
-0.0594209
-0.0691456
-0.0805829
-0.0869549
-0.0881872
-0.0899373
-0.0918355
-0.0838383
-0.0607539
-0.0359804
-0.0318570
-0.0551455
-0.0871023
-0.0995190
-0.0788635
-0.0360910
0.0034285
0.0194965
0.0106899
-0.0075731
-0.0165264
-0.0065596
0.0184649
0.0438904
0.0531269
0.0413315
0.0227730
0.0196763
0.0407293
0.0733371
0.0978537
0.1050685
0.0985326
0.0859733
0.0735883
0.0657407
0.0642804
0.0669959
0.0697692
0.0724123
0.0809623
0.0999286
0.1197599
0.1172040
0.0781595
0.0219997
-0.0082680
0.0095841
0.0473724
0.0532822
0.0094525
-0.0468347
-0.0639711
-0.0312370
0.0136004
0.0287130
0.0110799
-0.0092361
-0.0112413
-0.0076682
-0.0229722
-0.0560043
-0.0775088
-0.0651347
-0.0296508
-0.0009255
0.0043962
-0.0059383
-0.0154515
-0.0160429
-0.0092663
0.0014561
0.0148562
0.0299457
0.0434565
0.0489986
0.0365702
-0.0050803
-0.0753007
-0.1395686
-0.1250590
0.0370277
0.3389955
0.6639090
0.8456704
0.7848455
0.5178344
0.1782381
-0.1058427
-0.2818738
-0.3621940
-0.3708543
-0.3165593
-0.2119523
-0.0970633
-0.0232424
-0.0112197
-0.0358470
-0.0578503
-0.0634794
-0.0664348
-0.0778359
-0.0873061
-0.0769128
-0.0460325
-0.0153127
-0.0060877
-0.0193870
-0.0368689
-0.0406477
-0.0291622
-0.0136869
-0.0041997
-0.0026210
-0.0063404
-0.0112472
-0.0107011
0.0019585
0.0259339
0.0507985
0.0650743
0.0663811
0.0621023
0.0613923
0.0675160
0.0768256
0.0839382
0.0876730
0.0918281
0.1007699
0.1160513
0.1373252
0.1631611
0.1888708
0.2067394
0.2125466
0.2111458
0.2124806
0.2220721
0.2372023
0.2514961
0.2607035
0.2640853
0.2625026
0.2565619
0.2465596
0.2333989
0.2174762
0.1950533
0.1584474
0.1054730
0.0499989
0.0174035
0.0231845
0.0551317
0.0798880
0.0708587
0.0325616
-0.0019583
-0.0009410
0.0350244
0.0719907
0.0757365
0.0458574
0.0139569
0.0082495
0.0246338
0.0354421
0.0236370
0.0034316
0.0053428
0.0423959
0.0934942
0.1213341
0.1059705
0.0603704
0.0162310
-0.0012569
0.0126997
0.0437997
0.0684897
0.0693367
0.0504081
0.0371035
0.0521515
0.0876589
0.1064947
0.0790115
0.0193704
-0.0206665
-0.0008520
0.0633822
0.1104348
0.0907794
0.0155712
-0.0546420
-0.0678091
-0.0245710
0.0308460
0.0549459
0.0384076
0.0043306
-0.0172533
-0.0128400
0.0093393
0.0309098
0.0384824
0.0303279
0.0134216
-0.0025884
-0.0099210
-0.0056740
0.0068866
0.0204292
0.0288010
0.0321124
0.0372286
0.0508424
0.0689697
0.0753165
0.0568347
0.0230731
0.0026897
0.0130513
0.0365351
0.0372949
0.0048133
-0.0275740
-0.0169147
0.0375393
0.0864179
0.0810177
0.0277725
-0.0180806
-0.0151163
0.0188756
0.0335296
0.0105066
-0.0160166
-0.0080343
0.0231972
0.0299964
-0.0087299
-0.0559778
-0.0593599
-0.0163635
0.0202424
0.0061713
-0.0397595
-0.0596343
-0.0300306
0.0083882
0.0030177
-0.0457462
-0.0912995
-0.1044616
-0.0986702
-0.0746378
0.0358855
0.3238058
0.7735696
1.1972916
1.3406503
1.0877852
0.5679315
0.0516216
-0.2636819
-0.3730066
-0.3967547
-0.4304410
-0.4725886
-0.4732982
-0.4127512
-0.3178563
-0.2230766
-0.1414779
-0.0757454
-0.0366444
-0.0341608
-0.0560014
-0.0719300
-0.0655757
-0.0520561
-0.0552293
-0.0738431
-0.0825823
-0.0664326
-0.0412376
-0.0333323
-0.0470661
-0.0629932
-0.0655717
-0.0606388
-0.0607875
-0.0630404
-0.0533305
-0.0325065
-0.0240342
-0.0453988
-0.0784266
-0.0837410
-0.0488144
-0.0085112
-0.0058879
-0.0387820
-0.0610247
-0.0396956
0.0030388
0.0175902
-0.0090155
-0.0329182
-0.0046831
0.0681504
0.1230184
0.1083893
0.0378478
-0.0277764
-0.0445234
-0.0209827
0.0065047
0.0184856
0.0236708
0.0346396
0.0470987
0.0474870
0.0338452
0.0214336
0.0265428
0.0477499
0.0657128
0.0622911
0.0397842
0.0204560
0.0248969
0.0484274
0.0598723
0.0298837
-0.0337579
-0.0822509
-0.0681767
0.0018361
0.0631721
0.0526492
-0.0261307
-0.1031679
-0.1112713
-0.0514550
0.0133324
0.0253578
-0.0131716
-0.0515089
-0.0485254
-0.0139042
0.0055628
-0.0254069
-0.0932625
-0.1354065
-0.0731397
0.1376538
0.4596804
0.7654842
0.8942097
0.7525918
0.3856350
-0.0478862
-0.3803532
-0.5334952
-0.5341377
-0.4541075
-0.3461788
-0.2319775
-0.1285938
-0.0619152
-0.0463844
-0.0641804
-0.0795458
-0.0750554
-0.0648502
-0.0688931
-0.0827220
-0.0823070
-0.0578771
-0.0327893
-0.0404371
-0.0833583
-0.1232865
-0.1182904
-0.0686731
-0.0200543
-0.0179181
-0.0616164
-0.1060513
-0.1073371
-0.0642341
-0.0156415
-0.0006707
-0.0222244
-0.0477570
-0.0436841
-0.0087517
0.0254690
0.0259951
-0.0093660
-0.0490166
-0.0551580
-0.0161096
0.0451686
0.0930139
0.1107379
0.1123018
0.1237851
0.1550060
0.1908631
0.2093417
0.2048739
0.1930793
0.1949441
0.2181920
0.2525321
0.2798706
0.2878933
0.2758018
0.2508009
0.2215759
0.1938437
0.1685892
0.1432723
0.1168585
0.0946439
0.0848880
0.0873847
0.0875526
0.0678063
0.0277674
-0.0096154
-0.0169944
0.0098357
0.0444086
0.0524485
0.0240539
-0.0174367
-0.0394632
-0.0318560
-0.0130567
-0.0069451
-0.0179638
-0.0304016
-0.0281994
-0.0112733
0.0069410
0.0141168
0.0094585
0.0017468
-0.0000551
0.0058733
0.0135776
0.0143024
0.0045642
-0.0068051
-0.0009975
0.0339303
0.0839070
0.1122671
0.0925558
0.0398203
0.0006585
0.0052641
0.0339456
0.0408909
0.0113172
-0.0172222
-0.0004584
0.0524915
0.0823310
0.0491361
-0.0173607
-0.0561581
-0.0569113
-0.0716244
-0.1235896
-0.1248356
0.0683725
0.4877522
0.9532490
1.1786351
1.0058640
0.5417438
0.0599387
-0.2313325
-0.3280244
-0.3619147
-0.4298841
-0.5075943
-0.5123845
-0.4150360
-0.2729603
-0.1679248
-0.1326268
-0.1397439
-0.1456926
-0.1320795
-0.1095328
-0.0956729
-0.0965275
-0.1044235
-0.1065779
-0.0954643
-0.0754017
-0.0600791
-0.0599582
-0.0706959
-0.0776276
-0.0737217
-0.0685199
-0.0742001
-0.0858077
-0.0838709
-0.0596133
-0.0308877
-0.0252608
-0.0479188
-0.0739202
-0.0765959
-0.0588904
-0.0488064
-0.0636299
-0.0871717
-0.0886752
-0.0595902
-0.0224548
-0.0029317
-0.0023009
-0.0031407
0.0047617
0.0147698
0.0191535
0.0228732
0.0335887
0.0440493
0.0378294
0.0167142
0.0110900
0.0490546
0.1152602
0.1546159
0.1278590
0.0589142
0.0152141
0.0380448
0.1001384
0.1373658
0.1165593
0.0635578
0.0259672
0.0196492
0.0196666
-0.0016087
-0.0402795
-0.0695854
-0.0744967
-0.0672160
-0.0683421
-0.0819587
-0.0951188
-0.0972337
-0.0920326
-0.0895010
-0.0920633
-0.0933713
-0.0890400
-0.0835282
-0.0836518
-0.0872457
-0.0827748
-0.0628961
-0.0366344
-0.0236241
-0.0335204
-0.0524457
-0.0536679
-0.0248047
0.0154322
0.0305877
0.0005331
-0.0562376
-0.0964451
-0.0910404
-0.0511622
-0.0148816
-0.0092346
-0.0269280
-0.0393197
-0.0284329
-0.0037121
0.0109687
0.0028220
-0.0190585
-0.0359513
-0.0383409
-0.0310128
-0.0227940
-0.0166165
-0.0115458
-0.0109447
-0.0232955
-0.0525599
-0.0888553
-0.1113690
-0.1035535
-0.0680325
-0.0270848
-0.0064070
-0.0153874
-0.0413026
-0.0622824
-0.0665760
-0.0606998
-0.0602449
-0.0729164
-0.0898639
-0.0936168
-0.0753701
-0.0448378
-0.0226175
-0.0224640
-0.0408484
-0.0629093
-0.0769588
-0.0824081
-0.0847536
-0.0855882
-0.0802805
-0.0660452
-0.0494071
-0.0414415
-0.0447057
-0.0488476
-0.0432613
-0.0327592
-0.0350185
-0.0590697
-0.0891162
-0.0956908
-0.0661231
-0.0219280
-0.0015574
-0.0237650
-0.0694201
-0.1010317
-0.0988116
-0.0755003
-0.0577202
-0.0580067
-0.0672410
-0.0702094
-0.0627855
-0.0532521
-0.0512591
-0.0590601
-0.0722845
-0.0853622
-0.0944813
-0.0974440
-0.0937153
-0.0849483
-0.0737420
-0.0619246
-0.0523304
-0.0520233
-0.0683689
-0.0968390
-0.1154325
-0.1003565
-0.0530350
-0.0077607
-0.0040617
-0.0477353
-0.1028366
-0.1267089
-0.1117328
-0.0876416
-0.0825649
-0.0896961
-0.0800210
-0.0448501
-0.0137485
-0.0228488
-0.0704997
-0.1144927
-0.1157298
-0.0781326
-0.0404110
-0.0324531
-0.0474552
-0.0574491
-0.0477152
-0.0284996
-0.0161691
-0.0132546
-0.0116070
-0.0081865
-0.0085066
-0.0150424
-0.0209295
-0.0195663
-0.0153122
-0.0187534
-0.0339949
-0.0573201
-0.0863161
-0.1165457
-0.1180619
-0.0239055
0.2300483
0.6274250
1.0308821
1.2428379
1.1388458
0.7622071
0.2915667
-0.0911794
-0.3144462
-0.4205307
-0.4794035
-0.5113837
-0.4890045
-0.3959380
-0.2665239
-0.1628570
-0.1199363
-0.1202624
-0.1210757
-0.1003171
-0.0734749
-0.0696521
-0.0965605
-0.1301430
-0.1365975
-0.1038330
-0.0526515
-0.0180246
-0.0185731
-0.0428429
-0.0643125
-0.0688177
-0.0661189
-0.0744159
-0.0958139
-0.1110429
-0.1005093
-0.0681189
-0.0396581
-0.0364107
-0.0539733
-0.0699283
-0.0693564
-0.0573613
-0.0467710
-0.0407246
-0.0330466
-0.0224889
-0.0178067
-0.0247544
-0.0332915
-0.0255131
0.0025522
0.0329055
0.0436724
0.0325180
0.0171259
0.0134650
0.0198810
0.0250348
0.0255666
0.0290528
0.0409244
0.0560651
0.0668110
0.0743404
0.0860459
0.1026714
0.1144870
0.1131066
0.1027979
0.0951564
0.0943910
0.0937554
0.0871493
0.0775213
0.0691498
0.0568769
0.0321015
-0.0000940
-0.0192316
-0.0118351
0.0087311
0.0138515
-0.0075020
-0.0348774
-0.0403186
-0.0214723
-0.0029447
-0.0054306
-0.0228367
-0.0351741
-0.0366110
-0.0393736
-0.0500778
-0.0550249
-0.0385092
-0.0099661
0.0004112
-0.0227469
-0.0574869
-0.0664476
-0.0391925
-0.0039923
0.0054717
-0.0115752
-0.0249151
-0.0111729
0.0191832
0.0368120
0.0296738
0.0159499
0.0201551
0.0434261
0.0633759
0.0615931
0.0449100
0.0361121
0.0463891
0.0621664
0.0612238
0.0389707
0.0144674
0.0096649
0.0262972
0.0465127
0.0540414
0.0483554
0.0352913
0.0107936
-0.0327650
-0.0762500
-0.0568274
0.0982293
0.3995278
0.7494174
0.9786943
0.9531494
0.6684633
0.2544695
-0.1150881
-0.3328358
-0.4028948
-0.3977369
-0.3784074
-0.3513615
-0.2906179
-0.1898869
-0.0859616
-0.0299804
-0.0385925
-0.0770301
-0.0926020
-0.0655126
-0.0261975
-0.0218641
-0.0659121
-0.1211967
-0.1341871
-0.0862372
-0.0118002
0.0329848
0.0197258
-0.0311099
-0.0734699
-0.0772936
-0.0493247
-0.0188488
-0.0081008
-0.0167948
-0.0304181
-0.0375747
-0.0378015
-0.0365125
-0.0369795
-0.0376846
-0.0345214
-0.0238620
-0.0050447
0.0181244
0.0390551
0.0540120
0.0666458
0.0846016
0.1097557
0.1335880
0.1458452
0.1481476
0.1547822
0.1763751
0.2049399
0.2207402
0.2156250
0.2046463
0.2091448
0.2292721
0.2393049
0.2139759
0.1572945
0.1012207
0.0753358
0.0804271
0.0924237
0.0885258
0.0661297
0.0386879
0.0195904
0.0128605
0.0149098
0.0188671
0.0167172
0.0028361
-0.0201057
-0.0402783
-0.0461411
-0.0383330
-0.0299712
-0.0331634
-0.0462976
-0.0569345
-0.0571160
-0.0529774
-0.0570407
-0.0720137
-0.0851321
-0.0803630
-0.0559476
-0.0286807
-0.0195917
-0.0341121
-0.0558060
-0.0609295
-0.0413614
-0.0135206
-0.0024257
-0.0153031
-0.0328832
-0.0303519
-0.0069656
0.0098830
-0.0055815
-0.0453428
-0.0713546
-0.0550296
-0.0097553
0.0215541
0.0116958
-0.0231906
-0.0440490
-0.0323080
-0.0060913
0.0063689
0.0008528
-0.0021041
0.0127772
0.0342353
0.0374004
0.0126989
-0.0249281
-0.0542890
-0.0676440
-0.0692770
-0.0621361
-0.0458709
-0.0277673
-0.0243786
-0.0433425
-0.0674999
-0.0684152
-0.0399696
-0.0107693
-0.0138832
-0.0456721
-0.0651271
-0.0403400
0.0101828
0.0329103
-0.0018225
-0.0639153
-0.0934087
-0.0640416
-0.0097709
0.0138524
-0.0112944
-0.0506404
-0.0574777
-0.0214011
0.0253334
0.0431986
0.0210521
-0.0204385
-0.0516384
-0.0560537
-0.0363245
-0.0082508
0.0091065
0.0046493
-0.0167795
-0.0393743
-0.0543639
-0.0703881
-0.0946612
-0.0973359
-0.0059890
0.2394408
0.6073272
0.9528133
1.0975231
0.9560015
0.5984623
0.1925267
-0.1206082
-0.3043023
-0.4035757
-0.4674071
-0.5015650
-0.4850603
-0.4114597
-0.3037162
-0.1958161
-0.1118432
-0.0632107
-0.0540786
-0.0788766
-0.1167831
-0.1395178
-0.1317845
-0.1028869
-0.0749743
-0.0608784
-0.0563840
-0.0525162
-0.0488777
-0.0509247
-0.0578166
-0.0601021
-0.0516610
-0.0393364
-0.0357394
-0.0433526
-0.0508171
-0.0474414
-0.0381467
-0.0391166
-0.0576533
-0.0797567
-0.0812729
-0.0521503
-0.0087466
0.0183777
0.0094268
-0.0292774
-0.0711045
-0.0892056
-0.0746179
-0.0399857
-0.0075405
0.0090875
0.0146572
0.0248551
0.0478452
0.0732531
0.0817122
0.0668653
0.0461459
0.0463424
0.0772155
0.1211500
0.1504907
0.1539047
0.1435435
0.1373034
0.1385932
0.1366628
0.1241489
0.1080477
0.1004132
0.1018123
0.0997960
0.0850245
0.0644461
0.0538067
0.0576997
0.0620364
0.0496807
0.0213594
-0.0039462
-0.0110226
-0.0069381
-0.0127718
-0.0370560
-0.0629381
-0.0666519
-0.0475025
-0.0333201
-0.0516911
-0.0975804
-0.1348371
-0.1322321
-0.0952822
-0.0590413
-0.0504945
-0.0622928
-0.0649650
-0.0410741
-0.0028379
0.0231512
0.0235642
0.0083175
-0.0033153
-0.0012687
0.0108636
0.0246757
0.0354940
0.0427547
0.0462871
0.0451651
0.0395482
0.0318463
0.0258361
0.0252719
0.0327180
0.0479352
0.0665549
0.0812641
0.0856399
0.0775134
0.0592857
0.0363359
0.0158624
0.0054511
0.0088202
0.0202463
0.0247251
0.0086525
-0.0255866
-0.0563555
-0.0589476
-0.0296693
0.0058735
0.0124330
-0.0224246
-0.0739726
-0.1004442
-0.0806907
-0.0334542
0.0010688
-0.0007306
-0.0261683
-0.0432826
-0.0345188
-0.0114666
0.0017893
-0.0047350
-0.0186267
-0.0197227
0.0008508
0.0345447
0.0628194
0.0694764
0.0514853
0.0229823
0.0049882
0.0025631
-0.0074585
-0.0511293
-0.1051026
-0.0760658
0.1383304
0.5392016
0.9735452
1.2145592
1.1245728
0.7572819
0.3054860
-0.0518871
-0.2594443
-0.3668324
-0.4324010
-0.4617188
-0.4298135
-0.3362724
-0.2208440
-0.1300736
-0.0829047
-0.0711253
-0.0808041
-0.1025703
-0.1255180
-0.1349637
-0.1239066
-0.1028080
-0.0909354
-0.0963515
-0.1072199
-0.1042318
-0.0801598
-0.0464976
-0.0226645
-0.0198188
-0.0329448
-0.0455572
-0.0425589
-0.0222613
0.0020619
0.0142806
0.0111903
0.0051075
0.0086434
0.0185328
0.0192378
0.0041690
-0.0111072
-0.0023756
0.0360289
0.0815735
0.1039089
0.0937418
0.0698786
0.0597347
0.0763871
0.1134928
0.1555930
0.1879864
0.2000563
0.1882649
0.1608170
0.1356460
0.1278143
0.1378550
0.1547624
0.1695379
0.1813368
0.1892527
0.1843882
0.1577473
0.1160544
0.0821202
0.0735308
0.0832616
0.0872050
0.0709855
0.0435650
0.0223044
0.0113726
0.0022476
-0.0075233
-0.0071134
0.0109796
0.0343829
0.0407284
0.0239107
0.0018459
-0.0060597
-0.0025017
-0.0054019
-0.0202589
-0.0302897
-0.0188556
0.0061059
0.0192951
0.0074623
-0.0178502
-0.0382743
-0.0493062
-0.0569904
-0.0634444
-0.0691868
-0.0859552
-0.1250377
-0.1581171
-0.1047462
0.1063316
0.4415828
0.7389559
0.8098624
0.5887679
0.1889684
-0.1897753
-0.4096666
-0.4626257
-0.4188782
-0.3384002
-0.2392387
-0.1289927
-0.0355229
0.0062453
-0.0114922
-0.0608331
-0.1043914
-0.1242714
-0.1255643
-0.1198706
-0.1119809
-0.1000642
-0.0819818
-0.0592710
-0.0379684
-0.0266584
-0.0303979
-0.0444037
-0.0565911
-0.0595491
-0.0578990
-0.0595720
-0.0612758
-0.0498417
-0.0216668
0.0051166
0.0068062
-0.0168914
-0.0386367
-0.0345947
-0.0147218
-0.0113580
-0.0359056
-0.0578227
-0.0371436
0.0256005
0.0845805
0.0988130
0.0785882
0.0720757
0.1081076
0.1635881
0.1926505
0.1801101
0.1557651
0.1569594
0.1879733
0.2221949
0.2366168
0.2328702
0.2248521
0.2179779
0.2085893
0.1970476
0.1894552
0.1852748
0.1733127
0.1464408
0.1142841
0.0918709
0.0768681
0.0494661
0.0017903
-0.0399166
-0.0360005
0.0196504
0.0822373
0.0953893
0.0475745
-0.0169681
-0.0442681
-0.0215756
0.0195592
0.0429154
0.0408844
0.0298024
0.0239150
0.0229119
0.0219850
0.0234091
0.0321225
0.0441528
0.0475988
0.0374448
0.0245479
0.0250360
0.0415468
0.0590354
0.0607678
0.0462569
0.0308619
0.0278113
0.0330480
0.0303120
0.0115950
-0.0100030
-0.0115020
0.0145204
0.0481627
0.0593930
0.0378812
0.0038706
-0.0119951
0.0012532
0.0261489
0.0368074
0.0245944
0.0025327
-0.0128564
-0.0191862
-0.0264740
-0.0420083
-0.0615297
-0.0749038
-0.0764149
-0.0680934
-0.0561665
-0.0470281
-0.0447641
-0.0487506
-0.0532817
-0.0528635
-0.0498376
-0.0541952
-0.0717890
-0.0928016
-0.0969861
-0.0747888
-0.0416426
-0.0258391
-0.0403069
-0.0701444
-0.0908098
-0.0946531
-0.0935024
-0.0965687
-0.0952653
-0.0765868
-0.0469839
-0.0320729
-0.0478717
-0.0784911
-0.0909028
-0.0717330
-0.0418837
-0.0321129
-0.0523833
-0.0926370
-0.1444063
-0.1996479
-0.2186045
-0.1191942
0.1643385
0.5895056
0.9818120
1.1339618
0.9579738
0.5524505
0.1200765
-0.1865404
-0.3497184
-0.4415092
-0.5185803
-0.5698337
-0.5530669
-0.4600062
-0.3344262
-0.2330741
-0.1796010
-0.1577091
-0.1407062
-0.1198317
-0.1041509
-0.1004216
-0.1011757
-0.0949112
-0.0834551
-0.0822420
-0.1001982
-0.1227945
-0.1221743
-0.0882990
-0.0468920
-0.0387852
-0.0774530
-0.1310249
-0.1526698
-0.1286445
-0.0903623
-0.0769536
-0.0923330
-0.1059516
-0.0930887
-0.0645195
-0.0514392
-0.0668618
-0.0909906
-0.0961426
-0.0787420
-0.0600899
-0.0580014
-0.0659263
-0.0635003
-0.0423065
-0.0147506
0.0014533
0.0013639
-0.0065656
-0.0130311
-0.0161635
-0.0183385
-0.0194457
-0.0159926
-0.0057546
0.0088142
0.0221234
0.0292091
0.0277331
0.0182331
0.0047265
-0.0052361
-0.0041644
0.0089332
0.0252338
0.0304164
0.0143103
-0.0208745
-0.0597078
-0.0822729
-0.0784082
-0.0565769
-0.0374798
-0.0359837
-0.0486218
-0.0598213
-0.0598782
-0.0546569
-0.0569928
-0.0708761
-0.0866942
-0.0915799
-0.0817240
-0.0642956
-0.0518248
-0.0582330
-0.0941378
-0.1515600
-0.1856442
-0.1237094
0.0819214
0.3917697
0.6724458
0.7713121
0.6206882
0.2847659
-0.0888606
-0.3671712
-0.4978431
-0.5039652
-0.4357064
-0.3323309
-0.2174413
-0.1106950
-0.0326451
0.0013990
-0.0103871
-0.0522942
-0.0941541
-0.1051932
-0.0754414
-0.0274778
-0.0015082
-0.0212571
-0.0724758
-0.1176367
-0.1328930
-0.1276982
-0.1258816
-0.1317274
-0.1234888
-0.0841201
-0.0316787
-0.0087606
-0.0384641
-0.0961390
-0.1302040
-0.1106088
-0.0543343
-0.0045351
0.0110654
0.0000969
-0.0105265
-0.0035905
0.0166902
0.0359405
0.0460616
0.0505326
0.0590025
0.0797197
0.1139267
0.1534411
0.1850057
0.2015433
0.2100397
0.2247915
0.2506659
0.2754755
0.2824907
0.2703632
0.2568316
0.2596042
0.2747811
0.2782986
0.2507423
0.1984408
0.1473629
0.1176811
0.1077144
0.1018198
0.0882563
0.0661298
0.0390420
0.0088975
-0.0219710
-0.0465286
-0.0556079
-0.0458918
-0.0236100
0.0008056
0.0203516
0.0322322
0.0332525
0.0198005
-0.0049137
-0.0272038
-0.0321530
-0.0179530
0.0016026
0.0106464
0.0063397
-0.0001912
0.0032248
0.0172704
0.0313567
0.0353402
0.0300333
0.0253093
0.0278716
0.0324653
0.0274973
0.0105954
-0.0028255
0.0091881
0.0506924
0.0948249
0.1021291
0.0592936
-0.0009764
-0.0263429
0.0042078
0.0587387
0.0856536
0.0663089
0.0292203
0.0127434
0.0219305
0.0291091
0.0136438
-0.0101741
-0.0117191
0.0149043
0.0396741
0.0303722
-0.0097751
-0.0456890
-0.0490898
-0.0255609
-0.0020619
0.0042776
-0.0018024
-0.0091425
-0.0177323
-0.0354086
-0.0608666
-0.0782456
-0.0729036
-0.0494728
-0.0287165
-0.0256386
-0.0346938
-0.0387936
-0.0296869
-0.0155393
-0.0093096
-0.0137622
-0.0198988
-0.0185746
-0.0113827
-0.0092666
-0.0207368
-0.0419511
-0.0585914
-0.0578170
-0.0398247
-0.0195192
-0.0159008
-0.0353026
-0.0621999
-0.0701142
-0.0473611
-0.0115582
0.0072491
-0.0010729
-0.0187467
-0.0294527
-0.0460010
-0.0888114
-0.1275654
-0.0618789
0.2036464
0.6388887
1.0490301
1.1893125
0.9532975
0.4627610
-0.0300536
-0.3369027
-0.4461258
-0.4686860
-0.4992626
-0.5371750
-0.5245098
-0.4334138
-0.3024157
-0.1959034
-0.1447040
-0.1317519
-0.1257923
-0.1165915
-0.1160433
-0.1339239
-0.1603031
-0.1722813
-0.1558903
-0.1209683
-0.0938320
-0.0926641
-0.1086877
-0.1137450
-0.0891101
-0.0465292
-0.0187668
-0.0284654
-0.0665996
-0.1014256
-0.1076802
-0.0865540
-0.0587003
-0.0415585
-0.0363417
-0.0346533
-0.0311434
-0.0264867
-0.0224099
-0.0198031
-0.0211811
-0.0294141
-0.0414847
-0.0467743
-0.0356911
-0.0107011
0.0130761
0.0199809
0.0072198
-0.0134500
-0.0265015
-0.0241744
-0.0088448
0.0111507
0.0245560
0.0199088
-0.0061484
-0.0396173
-0.0537773
-0.0310125
0.0178150
0.0591594
0.0655607
0.0399844
0.0114351
0.0060484
0.0225417
0.0364205
0.0272859
-0.0005873
-0.0253469
-0.0315401
-0.0232531
-0.0148255
-0.0138024
-0.0158466
-0.0140687
-0.0091073
-0.0078251
-0.0131437
-0.0186864
-0.0164427
-0.0081886
-0.0039287
-0.0069225
-0.0061287
0.0086554
0.0247978
0.0109149
-0.0449075
-0.0985553
-0.0629147
0.1230407
0.4230673
0.7012466
0.8047615
0.6681462
0.3517180
-0.0116468
-0.3047788
-0.4749513
-0.5235098
-0.4743438
-0.3601000
-0.2246793
-0.1161616
-0.0626382
-0.0550402
-0.0610368
-0.0588023
-0.0535239
-0.0597155
-0.0752912
-0.0821820
-0.0708337
-0.0536284
-0.0487765
-0.0570357
-0.0626436
-0.0565843
-0.0502975
-0.0603157
-0.0831268
-0.0948874
-0.0801720
-0.0538221
-0.0443771
-0.0570968
-0.0657164
-0.0477373
-0.0184772
-0.0154610
-0.0478895
-0.0754841
-0.0496295
0.0272355
0.0956604
0.0995390
0.0471811
0.0027413
0.0162378
0.0718751
0.1124973
0.1078299
0.0853575
0.0925128
0.1409625
0.1976365
0.2252547
0.2203095
0.2091030
0.2149043
0.2363319
0.2558539
0.2614592
0.2555243
0.2460737
0.2359824
0.2221408
0.2009753
0.1725445
0.1420893
0.1188598
0.1087899
0.1050872
0.0914891
0.0621375
0.0354792
0.0377779
0.0686348
0.0914458
0.0690706
0.0093889
-0.0346179
-0.0185952
0.0418865
0.0831178
0.0599425
-0.0063587
-0.0536331
-0.0469478
-0.0099808
0.0112103
0.0015727
-0.0153910
-0.0151850
-0.0018659
0.0037657
-0.0050954
-0.0131093
-0.0047560
0.0146131
0.0257747
0.0202590
0.0101703
0.0114893
0.0236056
0.0304750
0.0194992
-0.0052768
-0.0271601
-0.0298101
-0.0083791
0.0256177
0.0492721
0.0444616
0.0145615
-0.0163265
-0.0254262
-0.0143352
-0.0077699
-0.0262217
-0.0602038
-0.0765311
-0.0544246
-0.0127719
0.0055637
-0.0212609
-0.0697989
-0.0956749
-0.0788640
-0.0404607
-0.0166125
-0.0215568
-0.0379850
-0.0396707
-0.0185396
0.0115163
0.0330053
0.0405739
0.0377051
0.0256041
0.0038739
-0.0190272
-0.0255220
-0.0054148
0.0293436
0.0510144
0.0394476
0.0004807
-0.0374726
-0.0461894
-0.0209950
0.0154083
0.0325745
0.0179848
-0.0147344
-0.0425311
-0.0583239
-0.0773130
-0.1094434
-0.1187813
-0.0205391
0.2532150
0.6612044
1.0300011
1.1520370
0.9379427
0.4887127
0.0186085
-0.3023259
-0.4470991
-0.4985026
-0.5392125
-0.5807701
-0.5851790
-0.5287044
-0.4286500
-0.3183434
-0.2187755
-0.1409730
-0.0987502
-0.1006773
-0.1307629
-0.1519736
-0.1380245
-0.0984412
-0.0657966
-0.0586096
-0.0635614
-0.0579909
-0.0433486
-0.0451499
-0.0778879
-0.1208411
-0.1381610
-0.1188125
-0.0867058
-0.0711431
-0.0763535
-0.0842970
-0.0808933
-0.0714564
-0.0700876
-0.0800397
-0.0899285
-0.0890032
-0.0808515
-0.0779785
-0.0856128
-0.0966992
-0.1025433
-0.1018456
-0.0970471
-0.0881049
-0.0751090
-0.0634196
-0.0598818
-0.0638969
-0.0668380
-0.0625635
-0.0565608
-0.0610644
-0.0784980
-0.0911871
-0.0738198
-0.0213697
0.0379073
0.0642556
0.0436615
0.0009747
-0.0245250
-0.0145698
0.0154001
0.0335964
0.0202542
-0.0171248
-0.0524887
-0.0645578
-0.0534463
-0.0373021
-0.0353076
-0.0527338
-0.0775102
-0.0895052
-0.0780509
-0.0546164
-0.0450449
-0.0640387
-0.0979851
-0.1170176
-0.1046146
-0.0733333
-0.0514565
-0.0555147
-0.0758171
-0.0883905
-0.0807423
-0.0637371
-0.0560902
-0.0604527
-0.0610360
-0.0447509
-0.0175432
0.0038017
0.0112500
0.0119664
0.0169724
0.0277867
0.0357592
0.0333535
0.0236377
0.0158883
0.0123714
0.0049735
-0.0114869
-0.0274497
-0.0272193
-0.0087197
0.0113563
0.0138313
-0.0042764
-0.0274099
-0.0354274
-0.0209739
0.0035517
0.0160571
0.0041798
-0.0242005
-0.0491269
-0.0555050
-0.0429967
-0.0242039
-0.0153671
-0.0245412
-0.0446406
-0.0593067
-0.0577589
-0.0430403
-0.0261898
-0.0160935
-0.0155255
-0.0218273
-0.0281573
-0.0273504
-0.0183875
-0.0086654
-0.0084032
-0.0219477
-0.0419512
-0.0505912
-0.0319361
0.0093819
0.0434230
0.0383693
-0.0066244
-0.0560949
-0.0700472
-0.0410490
0.0003600
0.0156937
-0.0057574
-0.0392690
-0.0516488
-0.0340703
-0.0059609
0.0093288
0.0027519
-0.0257269
-0.0712421
-0.1046244
-0.0568326
0.1462367
0.5056189
0.9007264
1.1368267
1.0719284
0.7242935
0.2634972
-0.1146615
-0.3207631
-0.3973436
-0.4331753
-0.4683335
-0.4793822
-0.4334085
-0.3359905
-0.2271603
-0.1436714
-0.0929016
-0.0611322
-0.0394384
-0.0336490
-0.0483376
-0.0707264
-0.0798220
-0.0686981
-0.0493559
-0.0364927
-0.0343017
-0.0392926
-0.0479400
-0.0583756
-0.0689428
-0.0776009
-0.0815263
-0.0782750
-0.0691339
-0.0590210
-0.0510521
-0.0445391
-0.0402643
-0.0424280
-0.0516004
-0.0606890
-0.0620589
-0.0539496
-0.0363810
-0.0075945
0.0287644
0.0579908
0.0647331
0.0500750
0.0345600
0.0423671
0.0800808
0.1280794
0.1557142
0.1508471
0.1320309
0.1243159
0.1268478
0.1170325
0.0874398
0.0637780
0.0769575
0.1238704
0.1647954
0.1607662
0.1123865
0.0614360
0.0507780
0.0801577
0.1063116
0.0905219
0.0392637
-0.0084719
-0.0259225
-0.0199374
-0.0134013
-0.0195765
-0.0342472
-0.0441732
-0.0412513
-0.0317843
-0.0302432
-0.0421203
-0.0580366
-0.0668736
-0.0668720
-0.0600998
-0.0455346
-0.0243878
-0.0046848
0.0063404
0.0090157
0.0065024
0.0001258
-0.0072895
-0.0108291
-0.0091153
-0.0038597
0.0058912
0.0196095
0.0266891
0.0153821
-0.0077572
-0.0204275
-0.0107709
0.0089525
0.0178706
0.0078846
-0.0106055
-0.0172759
0.0003501
0.0292841
0.0376380
0.0104200
-0.0276773
-0.0385387
-0.0140185
0.0196142
0.0335979
0.0194940
-0.0120225
-0.0396087
-0.0439898
-0.0259491
-0.0070567
-0.0034154
-0.0073612
-0.0032144
0.0117173
0.0310401
0.0490049
0.0565482
0.0448769
0.0238554
0.0184976
0.0359238
0.0545345
0.0556489
0.0447893
0.0327948
0.0196282
0.0052605
-0.0088225
-0.0326375
-0.0661056
-0.0544770
0.0921304
0.4052290
0.7988776
1.1097027
1.1824628
0.9485538
0.4880200
0.0131798
-0.2839679
-0.3916603
-0.4351293
-0.4807062
-0.4750500
-0.3942796
-0.3326489
-0.3698819
