0.0955463
0.1226692
0.1099184
0.1168594
0.1306749
0.1051917
0.0588951
0.0548639
0.0978612
0.1218294
0.0831058
0.0126569
-0.0326375
-0.0310257
-0.0012935
0.0223576
0.0161184
-0.0106690
-0.0200152
0.0089501
0.0472388
0.0504754
0.0162106
-0.0175814
-0.0239154
-0.0119233
-0.0039101
-0.0092747
-0.0216327
-0.0264886
-0.0125570
0.0143147
0.0332832
0.0330299
0.0256212
0.0264111
0.0303412
0.0202538
-0.0087080
-0.0430989
-0.0628297
-0.0523358
-0.0110951
0.0370685
0.0546869
0.0234234
-0.0356684
-0.0801225
-0.0821445
-0.0477068
-0.0083878
0.0043573
-0.0141340
-0.0383449
-0.0424256
-0.0307949
-0.0277157
-0.0399164
-0.0487605
-0.0442089
-0.0443503
-0.0586713
-0.0354688
0.1278537
0.4912312
0.9706919
1.3409525
1.3773541
1.0333085
0.4872582
0.0032038
-0.2664388
-0.3546728
-0.3878875
-0.4472505
-0.5163371
-0.5341980
-0.4744537
-0.3702188
-0.2742341
-0.2081949
-0.1564867
-0.1015380
-0.0509317
-0.0263894
-0.0369295
-0.0700515
-0.1029652
-0.1164551
-0.1036963
-0.0734996
-0.0439718
-0.0291856
-0.0322137
-0.0492688
-0.0738251
-0.0950439
-0.1001147
-0.0848188
-0.0598236
-0.0425020
-0.0416884
-0.0495399
-0.0473837
-0.0229797
0.0140231
0.0372179
0.0303028
0.0070018
-0.0027937
0.0134316
0.0377339
0.0435936
0.0260527
0.0078912
0.0174980
0.0602922
0.1108808
0.1359388
0.1269871
0.1072825
0.1035318
0.1155455
0.1200958
0.1030349
0.0805208
0.0843083
0.1258016
0.1764946
0.1894964
0.1468922
0.0844322
0.0602521
0.0948691
0.1478886
0.1591630
0.1098821
0.0394251
0.0050438
0.0285624
0.0797334
0.1065007
0.0809734
0.0201993
-0.0322044
-0.0414701
-0.0035599
0.0558016
0.0964150
0.0862571
0.0247920
-0.0504017
-0.0874849
-0.0600394
0.0119042
0.0772387
0.0909219
0.0449514
-0.0261645
-0.0690681
-0.0502005
0.0183907
0.0876675
0.1090709
0.0715233
0.0092427
-0.0262395
-0.0084899
0.0430629
0.0837201
0.0851447
0.0561153
0.0258734
0.0147925
0.0227980
0.0372594
0.0437367
0.0322139
0.0023012
-0.0338035
-0.0571601
-0.0559004
-0.0356614
-0.0158949
-0.0136979
-0.0298748
-0.0510896
-0.0640254
-0.0633108
-0.0469107
-0.0146316
0.0209351
0.0314449
-0.0008390
-0.0497050
-0.0547187
0.0177264
0.1233512
0.1661150
0.0901214
-0.0538544
-0.1449937
-0.1063471
0.0175345
0.1031368
0.0696331
-0.0461993
-0.1352858
-0.1264034
-0.0462660
0.0199808
0.0140798
-0.0498537
-0.1121059
-0.1286412
-0.1060070
-0.0829815
-0.0853070
-0.1019955
-0.1041101
-0.0812259
-0.0546749
-0.0533383
-0.0777221
-0.0925949
-0.0618601
0.0072454
0.0615552
0.0517718
-0.0158663
-0.0844905
-0.1040761
-0.0778178
-0.0492212
-0.0504746
-0.0715163
-0.0793429
-0.0603572
-0.0374056
-0.0442457
-0.0867674
-0.1334935
-0.1453908
-0.1135266
-0.0670716
-0.0457172
-0.0634132
-0.0958315
-0.1033099
-0.0704090
-0.0239645
-0.0064928
-0.0281294
-0.0509252
-0.0298144
0.0303452
0.0667623
0.0160598
-0.1156778
-0.2377264
-0.2307112
-0.0274790
0.3426106
0.7691006
1.1122069
1.2565526
1.1509949
0.8290179
0.3969647
-0.0164134
-0.3230729
-0.5048703
-0.5899280
-0.6076697
-0.5689356
-0.4821940
-0.3751000
-0.2885077
-0.2459748
-0.2338131
-0.2177373
-0.1802843
-0.1373171
-0.1159975
-0.1227008
-0.1391750
-0.1473705
-0.1486506
-0.1546769
-0.1655723
-0.1657730
-0.1437619
-0.1108410
-0.0937925
-0.1074402
-0.1388482
-0.1620696
-0.1646633
-0.1534293
-0.1364739
-0.1109472
-0.0749409
-0.0442232
-0.0445859
-0.0830209
-0.1315166
-0.1461217
-0.1052691
-0.0299680
0.0334809
0.0505710
0.0205748
-0.0322400
-0.0817756
-0.1129390
-0.1195089
-0.1004847
-0.0630214
-0.0250007
-0.0081356
-0.0234590
-0.0605042
-0.0912750
-0.0900609
-0.0548693
-0.0097273
0.0173886
0.0202455
0.0173670
0.0305038
0.0626652
0.0972656
0.1149997
0.1082076
0.0802599
0.0371743
-0.0141097
-0.0599188
-0.0810572
-0.0685227
-0.0375117
-0.0179732
-0.0271264
-0.0550267
-0.0803050
-0.0952081
-0.1079711
-0.1216304
-0.1204084
-0.0859498
-0.0265155
0.0190012
0.0151572
-0.0310535
-0.0718553
-0.0643599
-0.0123321
0.0412822
0.0601929
0.0466676
0.0296510
0.0320138
0.0551971
0.0864296
0.1056673
0.0854008
0.0065131
-0.0991195
-0.1222428
0.0706331
0.5110763
1.0397832
1.3714569
1.2943362
0.8363079
0.2412012
-0.2231809
-0.4455925
-0.4894772
-0.4710006
-0.4437742
-0.3932065
-0.3060137
-0.2117951
-0.1537586
-0.1407419
-0.1450420
-0.1412583
-0.1312595
-0.1291246
-0.1358090
-0.1386830
-0.1295788
-0.1120156
-0.0910869
-0.0668526
-0.0433680
-0.0372227
-0.0654756
-0.1213627
-0.1690934
-0.1721771
-0.1289671
-0.0752756
-0.0489882
-0.0555250
-0.0710165
-0.0745325
-0.0689069
-0.0685962
-0.0744609
-0.0682649
-0.0336098
0.0209218
0.0631992
0.0647026
0.0279694
-0.0124267
-0.0172737
0.0255368
0.0913872
0.1377130
0.1353319
0.0887116
0.0305880
-0.0039639
-0.0018381
0.0254704
0.0587290
0.0865030
0.1053505
0.1124392
0.1056795
0.0915621
0.0864022
0.1030304
0.1343616
0.1533188
0.1336899
0.0735600
-0.0017522
-0.0595846
-0.0822623
-0.0732010
-0.0485834
-0.0270079
-0.0213549
-0.0309021
-0.0394366
-0.0285498
0.0010804
0.0244548
0.0152102
-0.0242294
-0.0600779
-0.0595600
-0.0253388
0.0062608
0.0021932
-0.0360081
-0.0795743
-0.1050975
-0.1120135
-0.1096271
-0.0989107
-0.0757695
-0.0471087
-0.0313460
-0.0378439
-0.0516023
-0.0462297
-0.0134162
0.0252640
0.0399929
0.0247013
0.0026562
-0.0013434
0.0106736
0.0150719
-0.0014019
-0.0233748
-0.0266208
-0.0125080
-0.0127667
-0.0531146
-0.1148645
-0.1427162
-0.0989336
-0.0087541
0.0560126
0.0439519
-0.0267812
-0.0883955
-0.0901722
-0.0429660
-0.0017417
-0.0115367
-0.0709854
-0.1399954
-0.1751775
-0.1606745
-0.1154209
-0.0773406
-0.0759359
-0.1096073
-0.1449328
-0.1438519
-0.0997384
-0.0473792
-0.0315125
-0.0622718
-0.1044791
-0.1135987
-0.0802247
-0.0365398
-0.0211501
-0.0420623
-0.0743954
-0.0890048
-0.0781126
-0.0540645
-0.0306275
-0.0126452
-0.0026349
-0.0076079
-0.0309388
-0.0599184
-0.0716701
-0.0575434
-0.0370927
-0.0388303
-0.0644122
-0.0788315
-0.0454649
0.0274254
0.0830754
0.0681175
-0.0112592
-0.0915657
-0.1138386
-0.0791100
-0.0387484
-0.0350315
-0.0603917
-0.0757610
-0.0587627
-0.0252583
-0.0073525
-0.0205696
-0.0533371
-0.0743395
-0.0364958
0.1176543
0.4226269
0.8332110
1.2024053
1.3471683
1.1714716
0.7419175
0.2417437
-0.1574002
-0.3917514
-0.4984052
-0.5396371
-0.5454920
-0.5162590
-0.4523891
-0.3643042
-0.2605263
-0.1461897
-0.0400658
0.0212757
0.0133887
-0.0419935
-0.0868848
-0.0801667
-0.0364506
-0.0048568
-0.0118283
-0.0347016
-0.0351358
-0.0095074
0.0056463
-0.0210632
-0.0759252
-0.1138165
-0.1075150
-0.0732424
-0.0460747
-0.0406582
-0.0447510
-0.0458343
-0.0500140
-0.0683616
-0.0924085
-0.0954753
-0.0624322
-0.0121012
0.0176910
0.0086972
-0.0184682
-0.0265006
-0.0005050
0.0383499
0.0568994
0.0434238
0.0163674
0.0040498
0.0192709
0.0519772
0.0814732
0.0928090
0.0839596
0.0634207
0.0451063
0.0432644
0.0652774
0.1047305
0.1435324
0.1657647
0.1710623
0.1723454
0.1794133
0.1869500
0.1810165
0.1567279
0.1266574
0.1097286
0.1122629
0.1218549
0.1206072
0.1029364
0.0791461
0.0631074
0.0592913
0.0619530
0.0638440
0.0632803
0.0635181
0.0673864
0.0735362
0.0779638
0.0789410
0.0794298
0.0834335
0.0905864
0.0964384
0.0980350
0.0957510
0.0878015
0.0687774
0.0447629
0.0546886
0.1648802
0.4179171
0.7680394
1.0709297
1.1621064
0.9727782
0.5827859
0.1607076
-0.1534583
-0.3190536
-0.3728825
-0.3628355
-0.3122927
-0.2344971
-0.1551105
-0.1047501
-0.0932436
-0.1031879
-0.1124115
-0.1159925
-0.1215556
-0.1293757
-0.1276748
-0.1091094
-0.0835398
-0.0680794
-0.0674858
-0.0703409
-0.0641663
-0.0487529
-0.0327490
-0.0220322
-0.0163437
-0.0152901
-0.0208156
-0.0308487
-0.0356375
-0.0273283
-0.0128241
-0.0094683
-0.0228867
-0.0337030
-0.0151720
0.0335135
0.0777249
0.0782636
0.0329825
-0.0156491
-0.0174518
0.0397940
0.1199576
0.1711171
0.1676168
0.1239457
0.0750124
0.0481418
0.0511209
0.0773150
0.1141777
0.1475869
0.1655503
0.1643641
0.1521615
0.1432909
0.1459791
0.1546929
0.1558173
0.1417793
0.1188204
0.0998365
0.0905285
0.0848479
0.0744496
0.0601701
0.0516503
0.0555785
0.0660931
0.0684363
0.0528430
0.0249849
0.0024882
0.0006277
0.0204943
0.0496026
0.0725853
0.0818387
0.0807241
0.0787680
0.0823258
0.0862617
0.0741562
0.0321584
-0.0288720
-0.0606816
0.0066987
0.2194987
0.5511844
0.8907892
1.0908197
1.0510424
0.7790676
0.3810179
-0.0091648
-0.3039664
-0.4852138
-0.5720952
-0.5796120
-0.5117895
-0.3873188
-0.2555058
-0.1724990
-0.1577598
-0.1791932
-0.1867077
-0.1604050
-0.1234933
-0.1096534
-0.1237574
-0.1385933
-0.1274600
-0.0936089
-0.0649764
-0.0639986
-0.0878102
-0.1168459
-0.1356772
-0.1415339
-0.1380125
-0.1293951
-0.1222186
-0.1242608
-0.1352018
-0.1414575
-0.1287299
-0.1020184
-0.0860861
-0.0986879
-0.1257232
-0.1328542
-0.1065627
-0.0762178
-0.0841273
-0.1325084
-0.1704833
-0.1427903
-0.0496533
0.0489440
0.0902866
0.0662303
0.0233740
0.0133376
0.0490390
0.1056977
0.1522296
0.1738661
0.1702958
0.1460587
0.1103059
0.0798188
0.0708785
0.0839002
0.1004406
0.0999855
0.0791839
0.0523674
0.0344276
0.0268165
0.0210959
0.0121825
0.0033736
-0.0017266
-0.0072457
-0.0203741
-0.0394286
-0.0514535
-0.0445874
-0.0206244
0.0077592
0.0305642
0.0462730
0.0532631
0.0422037
0.0053956
-0.0459465
-0.0831794
-0.0882309
-0.0770280
-0.0798401
-0.0867685
-0.0208984
0.2088955
0.6057590
1.0331658
1.2831471
1.2206566
0.8796165
0.4268477
0.0333838
-0.2275461
-0.3776840
-0.4584138
-0.4764617
-0.4201540
-0.3076928
-0.1977874
-0.1456012
-0.1545085
-0.1787779
-0.1740854
-0.1408771
-0.1161665
-0.1270386
-0.1595062
-0.1766544
-0.1633599
-0.1445903
-0.1546995
-0.1923945
-0.2147095
-0.1808195
-0.0999821
-0.0308397
-0.0298959
-0.0999822
-0.1887283
-0.2356877
-0.2207468
-0.1713721
-0.1305256
-0.1208854
-0.1344668
-0.1470826
-0.1389166
-0.1065354
-0.0629863
-0.0284150
-0.0162230
-0.0233398
-0.0329547
-0.0290578
-0.0106152
0.0083599
0.0141482
0.0096957
0.0146526
0.0465649
0.1003905
0.1479708
0.1614457
0.1402382
0.1144168
0.1175582
0.1529364
0.1874231
0.1827892
0.1349255
0.0795058
0.0557116
0.0654150
0.0720647
0.0408915
-0.0232655
-0.0809483
-0.0987027
-0.0804732
-0.0580462
-0.0549443
-0.0644916
-0.0628499
-0.0384509
-0.0050335
0.0126383
0.0026904
-0.0235179
-0.0415044
-0.0338648
-0.0046278
0.0234418
0.0280659
0.0081213
-0.0143569
-0.0153830
0.0070895
0.0325357
0.0408124
0.0307682
0.0131500
-0.0068341
-0.0240542
-0.0044668
0.1215222
0.4056639
0.8023010
1.1508348
1.2659458
1.0713173
0.6556164
0.1981342
-0.1625251
-0.3957830
-0.5394995
-0.6211638
-0.6304245
-0.5570858
-0.4319590
-0.3159449
-0.2521653
-0.2372219
-0.2383055
-0.2293706
-0.2072888
-0.1815747
-0.1599256
-0.1454796
-0.1400640
-0.1430356
-0.1479521
-0.1457225
-0.1334684
-0.1184892
-0.1114703
-0.1159604
-0.1251072
-0.1277985
-0.1172642
-0.0957638
-0.0742740
-0.0673854
-0.0831941
-0.1130755
-0.1324826
-0.1182290
-0.0702458
-0.0162998
0.0081448
-0.0119895
-0.0607708
-0.1062366
-0.1251942
-0.1160348
-0.0926500
-0.0700259
-0.0552407
-0.0477428
-0.0436508
-0.0387136
-0.0293097
-0.0130143
0.0108378
0.0408422
0.0733137
0.1025815
0.1229722
0.1321295
0.1326996
0.1299354
0.1269005
0.1218689
0.1105666
0.0911276
0.0669006
0.0442291
0.0274041
0.0162816
0.0093006
0.0077426
0.0143778
0.0264748
0.0326300
0.0214885
-0.0040657
-0.0248079
-0.0228089
-0.0020602
0.0137268
0.0080672
-0.0074303
-0.0069957
0.0141275
0.0283924
0.0077184
-0.0397365
-0.0779587
-0.0883822
-0.0874129
-0.0807467
-0.0099940
0.2190982
0.6248503
1.0695965
1.3229745
1.2353512
0.8587116
0.3944967
0.0244304
-0.2054053
-0.3505248
-0.4553343
-0.5007106
-0.4548325
-0.3418543
-0.2350856
-0.1864001
-0.1814976
-0.1712326
-0.1340001
-0.0940432
-0.0831892
-0.1015486
-0.1238195
-0.1342045
-0.1406648
-0.1539602
-0.1656866
-0.1577696
-0.1304509
-0.1094326
-0.1194954
-0.1555810
-0.1867330
-0.1885136
-0.1659367
-0.1424981
-0.1325976
-0.1316710
-0.1315309
-0.1352857
-0.1502807
-0.1709460
-0.1790031
-0.1643580
-0.1395318
-0.1264916
-0.1305642
-0.1339017
-0.1163253
-0.0767687
-0.0298520
0.0134993
0.0527391
0.0848155
0.0962540
0.0790405
0.0517624
0.0518103
0.0980025
0.1650760
0.2042631
0.1912873
0.1490084
0.1201625
0.1226624
0.1372341
0.1363515
0.1162651
0.0958076
0.0891042
0.0885577
0.0769519
0.0502310
0.0224555
0.0094835
0.0129361
0.0216799
0.0250612
0.0209806
0.0125847
0.0018689
-0.0111695
-0.0252769
-0.0370107
-0.0434119
-0.0438098
-0.0381896
-0.0251605
-0.0033654
0.0244015
0.0486143
0.0555141
0.0354878
-0.0060119
-0.0445510
-0.0505634
-0.0171062
0.0257259
0.0381079
0.0277302
0.0770553
0.2886138
0.6756529
1.1010895
1.3447043
1.2593247
0.8801991
0.3883413
-0.0319875
-0.3060492
-0.4630863
-0.5520839
-0.5833178
-0.5439694
-0.4432218
-0.3226333
-0.2255895
-0.1688633
-0.1444252
-0.1370812
-0.1343202
-0.1288458
-0.1243976
-0.1371069
-0.1768245
-0.2209968
-0.2197363
-0.1441831
-0.0310550
0.0365886
0.0063847
-0.0877788
-0.1570859
-0.1466416
-0.0862496
-0.0503280
-0.0764700
-0.1336060
-0.1668002
-0.1580969
-0.1346315
-0.1264412
-0.1331821
-0.1360587
-0.1284842
-0.1204299
-0.1149928
-0.0966165
-0.0525736
0.0007081
0.0268945
0.0103126
-0.0201251
-0.0161654
0.0404505
0.1189489
0.1707462
0.1750055
0.1507921
0.1297739
0.1254754
0.1306033
0.1360873
0.1433942
0.1572226
0.1726922
0.1755376
0.1554201
0.1174779
0.0810681
0.0675872
0.0862173
0.1259357
0.1596846
0.1613628
0.1257013
0.0737506
0.0360528
0.0276015
0.0390232
0.0515471
0.0569595
0.0600437
0.0646731
0.0648984
0.0530677
0.0322565
0.0146708
0.0081867
0.0097718
0.0134723
0.0189319
0.0269927
0.0313152
0.0239155
0.0105859
0.0105139
0.0314048
0.0516744
0.0461454
0.0392097
0.1182920
0.3656885
0.7580116
1.1385025
1.3111072
1.1838171
0.8319597
0.4262202
0.0994015
-0.1245871
-0.2912965
-0.4293385
-0.5122179
-0.4963519
-0.3814154
-0.2263743
-0.1087925
-0.0696216
-0.0909870
-0.1195198
-0.1119774
-0.0680354
-0.0271082
-0.0318695
-0.0873653
-0.1520037
-0.1722991
-0.1323407
-0.0710071
-0.0482325
-0.0912138
-0.1712667
-0.2312226
-0.2348943
-0.1932264
-0.1483468
-0.1352397
-0.1553583
-0.1810415
-0.1830713
-0.1566555
-0.1234474
-0.1078453
-0.1107475
-0.1093833
-0.0860070
-0.0536412
-0.0450332
-0.0718727
-0.1012298
-0.0831149
-0.0048117
0.0885264
0.1341400
0.1119360
0.0607585
0.0359916
0.0574291
0.1012436
0.1355028
0.1526026
0.1649242
0.1784600
0.1818758
0.1630851
0.1290916
0.1023639
0.0973696
0.1050021
0.1030467
0.0808726
0.0507335
0.0331394
0.0327193
0.0322805
0.0132448
-0.0196730
-0.0388778
-0.0221691
0.0207729
0.0538776
0.0480725
0.0079167
-0.0346531
-0.0491673
-0.0274267
0.0176196
0.0623674
0.0796099
0.0487259
-0.0233442
-0.0889771
-0.0854256
0.0065508
0.1278618
0.1810705
0.1200178
-0.0013578
-0.0796464
-0.0637949
0.0027645
0.0492328
0.0795474
0.1891015
0.4649849
0.8681447
1.2231160
1.3358238
1.1348981
0.7144035
0.2536524
-0.1038529
-0.3139867
-0.4097043
-0.4394630
-0.4277677
-0.3793789
-0.3042703
-0.2293270
-0.1842251
-0.1772323
-0.1871606
-0.1827197
-0.1530621
-0.1191972
-0.1123776
-0.1399237
-0.1750994
-0.1838973
-0.1606689
-0.1329943
-0.1299535
-0.1495906
-0.1621903
-0.1446588
-0.1063328
-0.0782249
-0.0803668
-0.1044656
-0.1273854
-0.1347721
-0.1275160
-0.1103588
-0.0841342
-0.0529435
-0.0320983
-0.0388133
-0.0717169
-0.1047318
-0.1078135
-0.0753777
-0.0319441
-0.0086089
-0.0155661
-0.0382075
-0.0561545
-0.0607482
-0.0541246
-0.0386059
-0.0142903
0.0141446
0.0365967
0.0487757
0.0603028
0.0838579
0.1150913
0.1308032
0.1140832
0.0787985
0.0598886
0.0746781
0.0994766
0.0933246
0.0458328
-0.0061101
-0.0149458
0.0271704
0.0803631
0.0988275
0.0743299
0.0357447
0.0121025
0.0048037
-0.0035779
-0.0221661
-0.0411523
-0.0461589
-0.0355578
-0.0203442
-0.0108652
-0.0079933
-0.0059731
0.0002917
0.0113066
0.0228715
0.0281677
0.0220228
0.0047746
-0.0187113
-0.0414989
-0.0473932
0.0046137
0.1772800
0.5074920
0.9367565
1.2932729
1.3781826
1.1103810
0.6045605
0.0972936
-0.2246457
-0.3415186
-0.3642409
-0.3975850
-0.4463827
-0.4456138
-0.3586135
-0.2278408
-0.1318719
-0.1083949
-0.1283176
-0.1381405
-0.1152417
-0.0801076
-0.0653885
-0.0828222
-0.1180450
-0.1476718
-0.1567570
-0.1451939
-0.1250213
-0.1123933
-0.1165387
-0.1321843
-0.1440071
-0.1419252
-0.1322845
-0.1308741
-0.1429164
-0.1524208
-0.1363498
-0.0920220
-0.0483879
-0.0453971
-0.0984221
-0.1817909
-0.2480550
-0.2654963
-0.2398808
-0.2025258
-0.1783792
-0.1650981
-0.1419351
-0.0975350
-0.0467254
-0.0174079
-0.0203250
-0.0347029
-0.0279730
0.0094422
0.0527904
0.0700317
0.0579731
0.0446327
0.0532085
0.0713817
0.0668010
0.0323543
0.0022804
0.0117812
0.0464079
0.0496454
-0.0095833
-0.0874235
-0.1014861
-0.0225866
0.0812824
0.1059627
0.0163698
-0.1180620
-0.1955740
-0.1813374
-0.1285763
-0.1091104
-0.1386621
-0.1755969
-0.1800285
-0.1567784
-0.1375117
-0.1345914
-0.1271588
-0.0930127
-0.0420099
-0.0077644
-0.0086556
-0.0277523
-0.0369019
-0.0328957
-0.0345981
-0.0368041
0.0224993
0.2251451
0.5826042
0.9804055
1.2299856
1.2007378
0.9180091
0.5354019
0.2077424
-0.0149156
-0.1802276
-0.3400476
-0.4786056
-0.5333758
-0.4737832
-0.3459966
-0.2376981
-0.2046449
-0.2344405
-0.2754772
-0.2915136
-0.2862476
-0.2835527
-0.2946548
-0.3079131
-0.3060066
-0.2873651
-0.2687733
-0.2677861
-0.2837345
-0.2969922
-0.2878995
-0.2566512
-0.2239092
-0.2115574
-0.2234658
-0.2450436
-0.2593852
-0.2612134
-0.2557898
-0.2492001
-0.2443092
-0.2445354
-0.2539908
-0.2683743
-0.2692759
-0.2371905
-0.1758475
-0.1196965
-0.1086717
-0.1506766
-0.2101417
-0.2367601
-0.2076069
-0.1430140
-0.0841448
-0.0569739
-0.0560009
-0.0573705
-0.0433401
-0.0149426
0.0137731
0.0294804
0.0282400
0.0145717
-0.0049768
-0.0268821
-0.0503252
-0.0734214
-0.0916950
-0.1013783
-0.1032322
-0.1014212
-0.0989737
-0.0964033
-0.0949262
-0.0977656
-0.1053410
-0.1108704
-0.1057266
-0.0913966
-0.0823937
-0.0918013
-0.1136992
-0.1258277
-0.1144904
-0.0941798
-0.0956955
-0.1325899
-0.1839801
-0.2146655
-0.2098372
-0.1852415
-0.1643687
-0.1527998
-0.1392228
-0.1170570
-0.0965600
-0.0927966
-0.1067739
-0.1241895
-0.1320107
-0.1309630
-0.1298664
-0.1323947
-0.1344445
-0.1330302
-0.1317652
-0.1349609
-0.1398302
-0.1387499
-0.1289006
-0.1163288
-0.1090131
-0.1076422
-0.1052571
-0.0958552
-0.0818701
-0.0725295
-0.0753475
-0.0891004
-0.1036376
-0.1059150
-0.0888015
-0.0579489
-0.0304692
-0.0224691
-0.0335851
-0.0446112
-0.0348465
-0.0043018
0.0230633
0.0212518
-0.0117695
-0.0512748
-0.0700568
-0.0648786
-0.0574519
-0.0693754
-0.0982729
-0.1203409
-0.1153352
-0.0867484
-0.0573536
-0.0473200
-0.0579938
-0.0750811
-0.0845108
-0.0842756
-0.0826411
-0.0871405
-0.0961255
-0.1003150
-0.0917987
-0.0719043
-0.0511721
-0.0412213
-0.0447392
-0.0524460
-0.0514021
-0.0383284
-0.0243706
-0.0244645
-0.0410003
-0.0594614
-0.0620547
-0.0457020
-0.0251977
-0.0178785
-0.0263240
-0.0379457
-0.0411412
-0.0382209
-0.0394010
-0.0465015
-0.0492151
-0.0404935
-0.0300662
-0.0343055
-0.0523037
-0.0622559
-0.0514989
-0.0455190
-0.0870562
-0.1683151
-0.1889831
-0.0123248
0.4025940
0.9133002
1.2569619
1.2342920
0.8592312
0.3405612
-0.0842967
-0.3108953
-0.3923627
-0.4356530
-0.4902036
-0.5286443
-0.5083501
-0.4288952
-0.3293967
-0.2470909
-0.1912910
-0.1528719
-0.1251634
-0.1093458
-0.1054869
-0.1067841
-0.1044603
-0.0953106
-0.0831470
-0.0746971
-0.0750187
-0.0843698
-0.0964401
-0.1005232
-0.0899829
-0.0712466
-0.0615420
-0.0728675
-0.0975853
-0.1136850
-0.1067107
-0.0844641
-0.0675232
-0.0666563
-0.0731348
-0.0718656
-0.0604762
-0.0518202
-0.0579226
-0.0748214
-0.0855255
-0.0765731
-0.0490552
-0.0139003
0.0195643
0.0478723
0.0695080
0.0825594
0.0882940
0.0938783
0.1075568
0.1303030
0.1540142
0.1695190
0.1762257
0.1827158
0.1973908
0.2196831
0.2417218
0.2576634
0.2687459
0.2785774
0.2865475
0.2890672
0.2862714
0.2832503
0.2824176
0.2773475
0.2590568
0.2301464
0.2088995
0.2132868
0.2388035
0.2563934
0.2381934
0.1866440
0.1349465
0.1163301
0.1335999
0.1596718
0.1660386
0.1483102
0.1248727
0.1148569
0.1211032
0.1341286
0.1476996
0.1645055
0.1850027
0.1964900
0.1833049
0.1548854
0.1614500
0.2693373
0.5038224
0.8052276
1.0446278
1.0993105
0.9331028
0.6171689
0.2772283
0.0156157
-0.1304180
-0.1765337
-0.1561888
-0.0992065
-0.0307646
0.0258870
0.0544238
0.0522520
0.0292745
-0.0001229
-0.0231818
-0.0306277
-0.0197554
0.0006791
0.0129571
0.0047568
-0.0175257
-0.0338517
-0.0312650
-0.0170601
-0.0089062
-0.0140302
-0.0219779
-0.0180004
0.0000303
0.0201553
0.0296602
0.0267904
0.0195878
0.0168139
0.0221471
0.0344420
0.0491080
0.0592542
0.0603325
0.0564477
0.0588463
0.0739780
0.0942380
0.1049344
0.1010798
0.0933204
0.0949325
0.1060388
0.1149798
0.1147002
0.1125794
0.1206720
0.1391849
0.1555065
0.1607075
0.1613580
0.1698545
0.1855637
0.1925711
0.1782611
0.1492049
0.1243806
0.1149708
0.1155704
0.1150329
0.1105544
0.1073211
0.1069112
0.1022703
0.0872529
0.0679647
0.0591001
0.0675701
0.0834883
0.0906527
0.0842544
0.0744919
0.0727448
0.0781396
0.0803203
0.0735704
0.0644483
0.0640143
0.0745021
0.0868736
0.0924473
0.0939270
0.1008934
0.1143628
0.1206052
0.1047117
0.0698195
0.0390056
0.0353081
0.0597018
0.0897706
0.1007370
0.0878059
0.0676217
0.0584758
0.0612161
0.0611471
0.0470584
0.0247376
0.0103615
0.0129507
0.0261471
0.0370599
0.0403999
0.0415004
0.0459305
0.0498264
0.0444033
0.0297153
0.0187389
0.0232616
0.0372311
0.0396282
0.0166510
-0.0212198
-0.0474024
-0.0447164
-0.0213166
-0.0010790
0.0000435
-0.0135405
-0.0268265
-0.0320533
-0.0336992
-0.0380464
-0.0436705
-0.0449061
-0.0411336
-0.0378739
-0.0386959
-0.0398559
-0.0352883
-0.0255397
-0.0190104
-0.0232147
-0.0361738
-0.0486840
-0.0551804
-0.0593572
-0.0665992
-0.0731389
-0.0678756
-0.0465988
-0.0205278
-0.0065722
-0.0097582
-0.0190114
-0.0215330
-0.0178774
-0.0186006
-0.0268609
-0.0310002
-0.0197028
-0.0009201
0.0037909
-0.0130392
-0.0311308
-0.0254855
0.0002318
0.0148857
-0.0024752
-0.0371415
-0.0605825
-0.0688245
-0.0766511
-0.0636458
0.0527743
0.3510916
0.7897546
1.1724199
1.2674259
0.9923963
0.4879724
0.0041174
-0.2919734
-0.4076801
-0.4533431
-0.5079749
-0.5607058
-0.5601133
-0.4894518
-0.3829372
-0.2841467
-0.2089758
-0.1510067
-0.1065365
-0.0808481
-0.0743054
-0.0757590
-0.0744967
-0.0720971
-0.0766721
-0.0881497
-0.0950910
-0.0872512
-0.0682915
-0.0538801
-0.0574772
-0.0785173
-0.1036866
-0.1183504
-0.1170403
-0.1057287
-0.0966327
-0.0994882
-0.1134667
-0.1257864
-0.1214756
-0.0982407
-0.0713285
-0.0608911
-0.0732882
-0.0952527
-0.1064335
-0.0974033
-0.0762653
-0.0591898
-0.0552931
-0.0604735
-0.0646730
-0.0629331
-0.0581629
-0.0549370
-0.0536621
-0.0511574
-0.0445278
-0.0332097
-0.0184888
-0.0019594
0.0163774
0.0388912
0.0678241
0.1007632
0.1292113
0.1434702
0.1405974
0.1280552
0.1182031
0.1170847
0.1184679
0.1109426
0.0914184
0.0691721
0.0554104
0.0520055
0.0534023
0.0565915
0.0634308
0.0728629
0.0771007
0.0703606
0.0588911
0.0561972
0.0666302
0.0787711
0.0798892
0.0734034
0.0731035
0.0795607
0.0766984
0.0666193
0.1018725
0.2564249
0.5416127
0.8523121
1.0173741
0.9245373
0.6070113
0.2124667
-0.1101483
-0.2983934
-0.3725051
-0.3731781
-0.3203572
-0.2254676
-0.1184679
-0.0421441
-0.0183986
-0.0301214
-0.0415186
-0.0336128
-0.0177457
-0.0173170
-0.0401122
-0.0691707
-0.0796644
-0.0639247
-0.0392452
-0.0306586
-0.0465270
-0.0716231
-0.0835100
-0.0744618
-0.0570429
-0.0490985
-0.0548726
-0.0624498
-0.0593134
-0.0468034
-0.0361266
-0.0325013
-0.0290827
-0.0180010
-0.0023665
0.0071243
0.0058477
0.0012610
0.0042562
0.0167773
0.0300671
0.0352668
0.0341698
0.0375359
0.0525747
0.0742032
0.0900848
0.0926863
0.0847396
0.0749501
0.0715204
0.0786182
0.0943255
0.1099088
0.1140881
0.1021411
0.0820794
0.0700691
0.0766531
0.0954715
0.1067108
0.0946563
0.0626842
0.0293852
0.0102999
0.0064274
0.0102471
0.0167683
0.0241011
0.0273791
0.0203725
0.0051675
-0.0054308
-0.0005106
0.0150770
0.0246289
0.0193709
0.0098600
0.0121738
0.0250390
0.0300188
0.0180288
0.0060275
0.0164280
0.0443629
0.0606120
0.0508603
0.0366759
0.0434026
0.0568701
0.0389393
0.0000641
0.0375584
0.2633078
0.6692341
1.0748466
1.2404912
1.0581831
0.6377423
0.2052534
-0.0803113
-0.2163049
-0.2913031
-0.3643606
-0.4177151
-0.4069481
-0.3283075
-0.2262459
-0.1471266
-0.1020804
-0.0767071
-0.0625886
-0.0658218
-0.0875929
-0.1110474
-0.1159408
-0.1014783
-0.0866769
-0.0877321
-0.1001569
-0.1059817
-0.0962860
-0.0822964
-0.0817298
-0.0963297
-0.1087170
-0.1042873
-0.0912167
-0.0916169
-0.1133262
-0.1379009
-0.1407202
-0.1192475
-0.0961430
-0.0943168
-0.1127214
-0.1294445
-0.1273586
-0.1124012
-0.1038497
-0.1098448
-0.1189097
-0.1163858
-0.1023559
-0.0883320
-0.0803687
-0.0724356
-0.0566028
-0.0343627
-0.0150680
-0.0050504
-0.0006756
0.0071996
0.0223819
0.0383125
0.0451023
0.0405096
0.0314964
0.0251311
0.0209010
0.0129754
-0.0022079
-0.0219731
-0.0399103
-0.0518553
-0.0598832
-0.0692011
-0.0799059
-0.0847537
-0.0792233
-0.0718828
-0.0780818
-0.1011305
-0.1247420
-0.1288867
-0.1119913
-0.0935517
-0.0933729
-0.1102645
-0.1243700
-0.1210115
-0.1078381
-0.1035368
-0.1122841
-0.1184106
-0.1092686
-0.0944144
-0.0930347
-0.1057412
-0.1093974
-0.0835490
-0.0363392
0.0011935
0.0059195
-0.0156089
-0.0370671
-0.0411366
-0.0343292
-0.0333374
-0.0433106
-0.0556171
-0.0634431
-0.0702178
-0.0805131
-0.0902323
-0.0915607
-0.0845684
-0.0788133
-0.0834014
-0.0978692
-0.1133244
-0.1217855
-0.1237515
-0.1256808
-0.1304521
-0.1334498
-0.1297746
-0.1217788
-0.1156394
-0.1129489
-0.1106610
-0.1085960
-0.1118597
-0.1240487
-0.1405508
-0.1505223
-0.1461476
-0.1310339
-0.1188549
-0.1202755
-0.1300233
-0.1306127
-0.1114196
-0.0811459
-0.0587159
-0.0543635
-0.0622330
-0.0689016
-0.0657795
-0.0545600
-0.0437229
-0.0401859
-0.0436036
-0.0485658
-0.0509139
-0.0504033
-0.0493495
-0.0516720
-0.0607942
-0.0738845
-0.0805502
-0.0739227
-0.0622927
-0.0618006
-0.0755811
-0.0876790
-0.0825506
-0.0653801
-0.0561285
-0.0650727
-0.0825498
-0.0970755
-0.1145298
-0.1401251
-0.1318788
0.0070166
0.3471984
0.8202313
1.2057781
1.2745774
0.9737654
0.4749699
0.0334245
-0.2077649
-0.2898888
-0.3425331
-0.4361295
-0.5296864
-0.5435397
-0.4575067
-0.3279635
-0.2242341
-0.1695576
-0.1436736
-0.1218697
-0.0982918
-0.0802705
-0.0741855
-0.0784920
-0.0850252
-0.0860218
-0.0814944
-0.0788355
-0.0842492
-0.0956507
-0.1039688
-0.1007373
-0.0864640
-0.0729230
-0.0732167
-0.0864675
-0.0971933
-0.0944717
-0.0859204
-0.0852637
-0.0910167
-0.0879554
-0.0690556
-0.0467279
-0.0397440
-0.0540047
-0.0777343
-0.0927150
-0.0898248
-0.0749275
-0.0592804
-0.0460986
-0.0311041
-0.0142011
-0.0013143
0.0069600
0.0182311
0.0347753
0.0459635
0.0414746
0.0267023
0.0190018
0.0317735
0.0646071
0.1038120
0.1302109
0.1325216
0.1170916
0.1016247
0.0987134
0.1080963
0.1211725
0.1263608
0.1141610
0.0869080
0.0616940
0.0539251
0.0591944
0.0602631
0.0496065
0.0353636
0.0273678
0.0276961
0.0337619
0.0413000
0.0449694
0.0430216
0.0392089
0.0352184
0.0271158
0.0149624
0.0077064
0.0111190
0.0193340
0.0255653
0.0316172
0.0399275
0.0479459
0.0579754
0.0788365
0.1083582
0.1284932
0.1286606
0.1198070
0.1132312
0.0992093
0.0631755
0.0208720
0.0320330
0.1758670
0.4886721
0.8922639
1.1936157
1.2079018
0.9116728
0.4604905
0.0518587
-0.2081681
-0.3182755
-0.3251067
-0.2809880
-0.2203227
-0.1487812
-0.0713611
-0.0271798
-0.0523758
-0.1062900
-0.0967641
-0.0016104
