-0.1083840
-0.1517403
-0.1267926
-0.1284297
-0.1165629
-0.1235542
-0.1276865
-0.1439899
-0.1490062
-0.1431936
-0.0998367
-0.0158219
0.1250729
0.3099813
0.5285988
0.7427622
0.9207318
1.0192188
1.0190185
0.9098784
0.7156462
0.4689298
0.2204422
0.0072766
-0.1396017
-0.2171263
-0.2318076
-0.2087375
-0.1682451
-0.1333916
-0.1121767
-0.1104968
-0.1213892
-0.1409371
-0.1594186
-0.1750929
-0.1835503
-0.1882100
-0.1885527
-0.1892824
-0.1893990
-0.1916226
-0.1930097
-0.1947193
-0.1935757
-0.1913420
-0.1862984
-0.1815359
-0.1764650
-0.1744236
-0.1744214
-0.1784451
-0.1838037
-0.1905923
-0.1949663
-0.1968345
-0.1935648
-0.1870013
-0.1766567
-0.1656934
-0.1539496
-0.1437727
-0.1337869
-0.1251561
-0.1160466
-0.1077745
-0.0991948
-0.0921989
-0.0859007
-0.0817816
-0.0781863
-0.0756945
-0.0723142
-0.0690805
-0.0653968
-0.0639709
-0.0655009
-0.0727262
-0.0848710
-0.1015204
-0.1173704
-0.1263861
-0.1176225
-0.0809442
-0.0052142
0.1139866
0.2750101
0.4634569
0.6561472
0.8203382
0.9244802
0.9430630
0.8685060
0.7112310
0.5012534
0.2764550
0.0754141
-0.0760078
-0.1663152
-0.2015151
-0.1965796
-0.1719802
-0.1440287
-0.1245800
-0.1168808
-0.1204037
-0.1301486
-0.1424088
-0.1531805
-0.1618606
-0.1677369
-0.1723649
-0.1758462
-0.1795537
-0.1830603
-0.1871455
-0.1908658
-0.1945020
-0.1967840
-0.1978917
-0.1967608
-0.1939246
-0.1888066
-0.1824538
-0.1748620
-0.1673657
-0.1599639
-0.1537941
-0.1480244
-0.1425709
-0.1356150
-0.1265782
-0.1140005
-0.0984523
-0.0801639
-0.0613489
-0.0433160
-0.0283630
-0.0168997
-0.0096078
-0.0051479
-0.0028707
-0.0010383
0.0003633
0.0016689
0.0014476
-0.0007352
-0.0059134
-0.0131099
-0.0215429
-0.0289323
-0.0343450
-0.0366626
-0.0368637
-0.0355853
-0.0345127
-0.0336968
-0.0333563
-0.0320916
-0.0293907
-0.0241322
-0.0168773
-0.0080543
0.0001516
0.0060304
0.0070836
0.0028874
-0.0056843
-0.0137574
-0.0141999
0.0032174
0.0478523
0.1270566
0.2413917
0.3842474
0.5395526
0.6851497
0.7949316
0.8462023
0.8241246
0.7282133
0.5721728
0.3828115
0.1918817
0.0294730
-0.0849194
-0.1447356
-0.1575134
-0.1390448
-0.1088187
-0.0826542
-0.0705489
-0.0741961
-0.0900709
-0.1108757
-0.1301820
-0.1431604
-0.1489519
-0.1487558
-0.1460315
-0.1435158
-0.1434892
-0.1458413
-0.1498095
-0.1534267
-0.1558973
-0.1567372
-0.1570687
-0.1576483
-0.1595570
-0.1623978
-0.1656340
-0.1676351
-0.1676654
-0.1651670
-0.1613261
-0.1574772
-0.1557090
-0.1567967
-0.1609874
-0.1666755
-0.1720325
-0.1743406
-0.1718824
-0.1632366
-0.1488249
-0.1296781
-0.1083143
-0.0869595
-0.0681292
-0.0529503
-0.0421235
-0.0348292
-0.0302600
-0.0269818
-0.0245748
-0.0227060
-0.0221125
-0.0230359
-0.0258989
-0.0299740
-0.0346235
-0.0385726
-0.0414115
-0.0427109
-0.0430097
-0.0424019
-0.0412265
-0.0388221
-0.0347287
-0.0280513
-0.0189856
-0.0081333
0.0023909
0.0102582
0.0125654
0.0078319
-0.0038513
-0.0188063
-0.0302652
-0.0278458
-0.0002946
0.0623848
0.1640969
0.3001634
0.4548097
0.6036339
0.7175715
0.7711622
0.7492252
0.6529830
0.4997729
0.3194146
0.1449709
0.0044378
-0.0869939
-0.1282992
-0.1308893
-0.1118805
-0.0884655
-0.0722079
-0.0679740
-0.0740038
-0.0855273
-0.0970353
-0.1053012
-0.1091774
-0.1097747
-0.1084925
-0.1069747
-0.1059967
-0.1063963
-0.1084784
-0.1128894
-0.1196857
-0.1288718
-0.1394135
-0.1500318
-0.1587108
-0.1639732
-0.1646379
-0.1608934
-0.1534823
-0.1440930
-0.1341434
-0.1251389
-0.1176899
-0.1121565
-0.1079660
-0.1045203
-0.1007115
-0.0958411
-0.0890264
-0.0799919
-0.0684579
-0.0549441
-0.0401336
-0.0255216
-0.0125250
-0.0028075
0.0028213
0.0040348
0.0017059
-0.0030024
-0.0084085
-0.0134348
-0.0172613
-0.0200290
-0.0220015
-0.0238752
-0.0257982
-0.0278259
-0.0294224
-0.0305546
-0.0316425
-0.0344323
-0.0409144
-0.0526692
-0.0685497
-0.0838361
-0.0892143
-0.0725392
-0.0210949
0.0737254
0.2127125
0.3851771
0.5690950
0.7336636
0.8464941
0.8817266
0.8287040
0.6958437
0.5097620
0.3074075
0.1259275
-0.0079764
-0.0834234
-0.1060185
-0.0924573
-0.0637420
-0.0377413
-0.0253149
-0.0286918
-0.0437836
-0.0631125
-0.0799147
-0.0901005
-0.0935087
-0.0925620
-0.0910355
-0.0918030
-0.0962780
-0.1038504
-0.1130684
-0.1220674
-0.1297115
-0.1353108
-0.1389318
-0.1406264
-0.1406980
-0.1392016
-0.1365048
-0.1329349
-0.1292518
-0.1260369
-0.1238582
-0.1225411
-0.1215222
-0.1195758
-0.1156381
-0.1087940
-0.0989866
-0.0865829
-0.0725790
-0.0578904
-0.0435859
-0.0304008
-0.0191566
-0.0103113
-0.0042638
-0.0007920
0.0006295
0.0011665
0.0019456
0.0040364
0.0076634
0.0124407
0.0171383
0.0204722
0.0211736
0.0187233
0.0131326
0.0052956
-0.0035915
-0.0119989
-0.0188473
-0.0234757
-0.0260963
-0.0271936
-0.0274583
-0.0270681
-0.0259463
-0.0235852
-0.0197217
-0.0142850
-0.0078708
-0.0012812
0.0044464
0.0087313
0.0113228
0.0126152
0.0131150
0.0135166
0.0141864
0.0154407
0.0173125
0.0199947
0.0235209
0.0278944
0.0325232
0.0364400
0.0382176
0.0367820
0.0316687
0.0236381
0.0142383
0.0055485
-0.0008467
-0.0041525
-0.0048751
-0.0043190
-0.0043136
-0.0062334
-0.0107299
-0.0172777
-0.0247157
-0.0315203
-0.0366439
-0.0395633
-0.0404989
-0.0397967
-0.0377783
-0.0342955
-0.0292002
-0.0225537
-0.0152605
-0.0087840
-0.0049258
-0.0048932
-0.0089904
-0.0161809
-0.0245816
-0.0318359
-0.0361456
-0.0367038
-0.0341767
-0.0301389
-0.0265447
-0.0246891
-0.0249911
-0.0268938
-0.0296895
-0.0330373
-0.0376405
-0.0448494
-0.0559266
-0.0703234
-0.0844136
-0.0906105
-0.0783574
-0.0363400
0.0436879
0.1633111
0.3145748
0.4797332
0.6333704
0.7475058
0.7979628
0.7711161
0.6681704
0.5059569
0.3129000
0.1219314
-0.0380712
-0.1488736
-0.2061442
-0.2180168
-0.2006407
-0.1720353
-0.1470354
-0.1340244
-0.1345530
-0.1447324
-0.1581438
-0.1685514
-0.1721865
-0.1684406
-0.1595966
-0.1494003
-0.1417365
-0.1393251
-0.1433123
-0.1531435
-0.1671324
-0.1828934
-0.1980219
-0.2103445
-0.2183111
-0.2210132
-0.2184155
-0.2112279
-0.2009218
-0.1893417
-0.1784781
-0.1699401
-0.1647290
-0.1629009
-0.1637251
-0.1658654
-0.1679674
-0.1689443
-0.1682640
-0.1657590
-0.1615756
-0.1559452
-0.1492666
-0.1419738
-0.1345566
-0.1272998
-0.1202474
-0.1130549
-0.1051959
-0.0961067
-0.0856194
-0.0741630
-0.0629563
-0.0536690
-0.0479637
-0.0467676
-0.0499439
-0.0561915
-0.0635222
-0.0697927
-0.0734029
-0.0736102
-0.0706899
-0.0656424
-0.0598975
-0.0548453
-0.0516031
-0.0507460
-0.0522914
-0.0556279
-0.0596684
-0.0629335
-0.0638180
-0.0607344
-0.0523777
-0.0378416
-0.0167920
0.0106169
0.0438664
0.0824320
0.1260789
0.1752556
0.2312907
0.2964980
0.3738609
0.4664404
0.5764182
0.7042088
0.8476596
1.0015491
1.1571598
1.3021853
1.4211480
1.4969206
1.5134012
1.4591642
1.3310504
1.1366279
0.8942867
0.6305582
0.3749252
0.1535905
-0.0159828
-0.1279239
-0.1875154
-0.2078650
-0.2052125
-0.1944460
-0.1861306
-0.1854687
-0.1930313
-0.2064800
-0.2224927
-0.2382131
-0.2519978
-0.2634751
-0.2731850
-0.2820504
-0.2909531
-0.3005538
-0.3113809
-0.3240119
-0.3390975
-0.3570853
-0.3777443
-0.3998186
-0.4211150
-0.4391222
-0.4518885
-0.4587673
-0.4606650
-0.4597422
-0.4586707
-0.4597744
-0.4642788
-0.4719043
-0.4808046
-0.4879041
-0.4894975
-0.4820888
-0.4632335
-0.4322589
-0.3905219
-0.3411592
-0.2883134
-0.2362187
-0.1883467
-0.1469459
-0.1129271
-0.0861576
-0.0658618
-0.0510630
-0.0407942
-0.0342101
-0.0305088
-0.0288937
-0.0284808
-0.0283645
-0.0276962
-0.0259170
-0.0228903
-0.0190241
-0.0151206
-0.0121298
-0.0106978
-0.0109072
-0.0121905
-0.0136595
-0.0144770
-0.0142698
-0.0132103
-0.0119618
-0.0113125
-0.0118473
-0.0135813
-0.0159545
-0.0179680
-0.0186125
-0.0171640
-0.0134852
-0.0079963
-0.0015763
0.0048353
0.0105294
0.0153165
0.0194032
0.0232000
0.0269372
0.0305635
0.0336814
0.0357746
0.0363233
0.0350626
0.0320344
0.0277279
0.0229407
0.0186971
0.0159179
0.0152402
0.0166840
0.0195919
0.0225758
0.0239058
0.0219550
0.0159236
0.0062126
-0.0054044
-0.0162773
-0.0235641
-0.0252732
-0.0209727
-0.0122849
-0.0025567
0.0039480
0.0036549
-0.0046197
-0.0179504
-0.0286221
-0.0246363
0.0078871
0.0810782
0.2008359
0.3632097
0.5525368
0.7427596
0.9017284
0.9983014
1.0101653
0.9305136
0.7707789
0.5585723
0.3307468
0.1241219
-0.0336404
-0.1296936
-0.1671003
-0.1610804
-0.1326899
-0.1018685
-0.0825147
-0.0802565
-0.0934121
-0.1156238
-0.1392873
-0.1580594
-0.1683937
-0.1696095
-0.1634555
-0.1530871
-0.1423079
-0.1346242
-0.1326880
-0.1376137
-0.1488580
-0.1642166
-0.1805341
-0.1944104
-0.2032183
-0.2055604
-0.2015883
-0.1926066
-0.1807346
-0.1682113
-0.1570610
-0.1485674
-0.1432115
-0.1404844
-0.1391929
-0.1376318
-0.1342116
-0.1278056
-0.1182858
-0.1064491
-0.0939119
-0.0824058
-0.0733346
-0.0671841
-0.0636077
-0.0615258
-0.0597556
-0.0572920
-0.0537355
-0.0491250
-0.0439110
-0.0385329
-0.0334476
-0.0290005
-0.0257686
-0.0245112
-0.0262557
-0.0317650
-0.0412097
-0.0535602
-0.0666554
-0.0774084
-0.0828891
-0.0813388
-0.0734114
-0.0623805
-0.0536075
-0.0524074
-0.0614548
-0.0779008
-0.0921281
-0.0883685
-0.0482828
0.0437959
0.1945530
0.3969498
0.6281491
0.8522040
1.0269707
1.1147467
1.0929927
0.9621452
0.7465033
0.4879883
0.2340313
0.0247524
-0.1166901
-0.1869040
-0.1990563
-0.1752586
-0.1386622
-0.1071221
-0.0905131
-0.0907146
-0.1040551
-0.1240937
-0.1445217
-0.1607451
-0.1708293
-0.1750745
-0.1753678
-0.1738676
-0.1723096
-0.1713623
-0.1709364
-0.1703998
-0.1692871
-0.1673788
-0.1649171
-0.1621327
-0.1591499
-0.1555994
-0.1509567
-0.1446664
-0.1367436
-0.1277181
-0.1187005
-0.1107354
-0.1045839
-0.1002400
-0.0971708
-0.0942876
-0.0904782
-0.0847201
-0.0766358
-0.0664365
-0.0550883
-0.0437926
-0.0338874
-0.0263667
-0.0219925
-0.0209854
-0.0232086
-0.0279106
-0.0340533
-0.0403077
-0.0456648
-0.0495569
-0.0522551
-0.0544100
-0.0567833
-0.0594651
-0.0618974
-0.0628821
-0.0614684
-0.0574147
-0.0518568
-0.0468945
-0.0449958
-0.0473459
-0.0525478
-0.0552299
-0.0461949
-0.0135460
0.0541253
0.1640268
0.3149506
0.4949133
0.6808318
0.8420168
0.9463301
0.9687637
0.8989648
0.7458705
0.5362868
0.3083282
0.1008040
-0.0567612
-0.1509954
-0.1854042
-0.1763774
-0.1456637
-0.1133548
-0.0926567
-0.0885313
-0.0987269
-0.1170392
-0.1362856
-0.1510455
-0.1585983
-0.1591991
-0.1549357
-0.1487682
-0.1431249
-0.1395240
-0.1382205
-0.1388731
-0.1408078
-0.1436897
-0.1473013
-0.1516195
-0.1562693
-0.1606983
-0.1639893
-0.1653732
-0.1641595
-0.1601472
-0.1533459
-0.1442055
-0.1332515
-0.1213138
-0.1091699
-0.0977604
-0.0877911
-0.0798941
-0.0741881
-0.0704879
-0.0680509
-0.0660674
-0.0636503
-0.0604126
-0.0563238
-0.0519713
-0.0480296
-0.0452345
-0.0437912
-0.0435557
-0.0438237
-0.0438932
-0.0430521
-0.0410875
-0.0380339
-0.0344026
-0.0307111
-0.0275911
-0.0252832
-0.0238359
-0.0228382
-0.0219407
-0.0207866
-0.0194239
-0.0178647
-0.0161582
-0.0139322
-0.0108257
-0.0065389
-0.0015811
0.0028266
0.0046420
0.0020497
-0.0057182
-0.0168151
-0.0262358
-0.0255498
-0.0045678
0.0463961
0.1329075
0.2536557
0.3982730
0.5478738
0.6774403
0.7612102
0.7788121
0.7217140
0.5964966
0.4245870
0.2368332
0.0656791
-0.0636988
-0.1390325
-0.1627772
-0.1486592
-0.1159584
-0.0826748
-0.0611098
-0.0556483
-0.0640393
-0.0798598
-0.0961631
-0.1077258
-0.1125757
-0.1114288
-0.1069106
-0.1018620
-0.0986351
-0.0982532
-0.1007958
-0.1054289
-0.1112149
-0.1171155
-0.1225123
-0.1268808
-0.1300881
-0.1319762
-0.1326819
-0.1323020
-0.1312932
-0.1301263
-0.1295414
-0.1299868
-0.1317593
-0.1345399
-0.1377924
-0.1405528
-0.1419525
-0.1409880
-0.1369970
-0.1294589
-0.1185398
-0.1048037
-0.0894253
-0.0735251
-0.0582869
-0.0445444
-0.0332447
-0.0251371
-0.0209869
-0.0208564
-0.0241290
-0.0290908
-0.0337030
-0.0359832
-0.0351228
-0.0314596
-0.0265969
-0.0223148
-0.0201378
-0.0204525
-0.0228574
-0.0261681
-0.0293260
-0.0314443
-0.0323388
-0.0320351
-0.0308979
-0.0290503
-0.0267163
-0.0239595
-0.0212159
-0.0189652
-0.0180041
-0.0188225
-0.0216898
-0.0260275
-0.0307305
-0.0339888
-0.0341478
-0.0299403
-0.0214371
-0.0099367
0.0018193
0.0106899
0.0137701
0.0099991
0.0009535
-0.0079545
-0.0079230
0.0122959
0.0633257
0.1520373
0.2777341
0.4303430
0.5900064
0.7302570
0.8231169
0.8466501
0.7912874
0.6640115
0.4870180
0.2923746
0.1128991
-0.0261074
-0.1128914
-0.1497475
-0.1498812
-0.1309318
-0.1093022
-0.0956708
-0.0941406
-0.1030125
-0.1176976
-0.1329060
-0.1448861
-0.1517377
-0.1535690
-0.1512797
-0.1461431
-0.1389241
-0.1302995
-0.1207606
-0.1113510
-0.1033290
-0.0983471
-0.0975871
-0.1016900
-0.1099797
-0.1208064
-0.1314556
-0.1393060
-0.1423345
-0.1402512
-0.1342241
-0.1267916
-0.1205000
-0.1173478
-0.1176975
-0.1205429
-0.1234522
-0.1237689
-0.1191387
-0.1087811
-0.0935002
-0.0759435
-0.0593929
-0.0470669
-0.0406511
-0.0401996
-0.0438827
-0.0491891
-0.0534711
-0.0551447
-0.0535653
-0.0493288
-0.0434352
-0.0372694
-0.0318031
-0.0278385
-0.0255362
-0.0249336
-0.0256302
-0.0273444
-0.0295409
-0.0318780
-0.0337437
-0.0347253
-0.0342934
-0.0324381
-0.0293630
-0.0258948
-0.0228077
-0.0209335
-0.0204286
-0.0211208
-0.0222034
-0.0230210
-0.0230088
-0.0224073
-0.0218067
-0.0223143
-0.0246705
-0.0293316
-0.0358462
-0.0433667
-0.0504303
-0.0557619
-0.0581929
-0.0574230
-0.0537045
-0.0482105
-0.0422468
-0.0372187
-0.0336728
-0.0314404
-0.0292042
-0.0254147
-0.0186369
-0.0089112
0.0021334
0.0109755
0.0138079
0.0080659
-0.0048480
-0.0184369
-0.0206445
0.0035644
0.0686449
0.1829812
0.3447704
0.5389772
0.7385340
0.9084727
1.0142922
1.0307436
0.9500003
0.7844327
0.5643633
0.3295545
0.1189768
-0.0394450
-0.1340381
-0.1699753
-0.1640420
-0.1378401
-0.1103258
-0.0937408
-0.0918702
-0.1021137
-0.1181600
-0.1337345
-0.1444030
-0.1489269
-0.1483783
-0.1454539
-0.1426378
-0.1416790
-0.1427357
-0.1451287
-0.1474832
-0.1488676
-0.1487178
-0.1474079
-0.1455546
-0.1441548
-0.1437255
-0.1445315
-0.1460143
-0.1474394
-0.1477497
-0.1464744
-0.1435264
-0.1397041
-0.1358719
-0.1329512
-0.1309878
-0.1295225
-0.1273317
-0.1234168
-0.1170089
-0.1083846
-0.0983644
-0.0885009
-0.0800604
-0.0740092
-0.0701978
-0.0679134
-0.0657784
-0.0628299
-0.0584564
-0.0530041
-0.0470049
-0.0412489
-0.0359308
-0.0311024
-0.0264017
-0.0219175
-0.0178859
-0.0151314
-0.0142509
-0.0157721
-0.0193961
-0.0244901
-0.0297917
-0.0343205
-0.0372624
-0.0387071
-0.0390596
-0.0392448
-0.0398055
-0.0411792
-0.0431701
-0.0456424
-0.0481806
-0.0506677
-0.0526728
-0.0538610
-0.0534863
-0.0511611
-0.0467385
-0.0412171
-0.0363389
-0.0348138
-0.0389778
-0.0500679
-0.0662861
-0.0822569
-0.0882970
-0.0720392
-0.0204383
0.0759434
0.2192486
0.4003612
0.5983202
0.7821924
0.9177983
0.9759250
0.9415348
0.8185979
0.6303502
0.4125856
0.2042346
0.0365691
-0.0733535
-0.1251359
-0.1312743
-0.1112590
-0.0840752
-0.0635999
-0.0558949
-0.0604983
-0.0725221
-0.0863532
-0.0975616
-0.1045743
-0.1079323
-0.1098059
-0.1121959
-0.1165472
-0.1228334
-0.1303139
-0.1375429
-0.1435513
-0.1477276
-0.1504678
-0.1523689
-0.1542969
-0.1563197
-0.1579945
-0.1579447
-0.1549255
-0.1479083
-0.1371158
-0.1235504
-0.1092360
-0.0960590
-0.0856620
-0.0783533
-0.0734832
-0.0691650
-0.0635698
-0.0552457
-0.0442809
-0.0317249
-0.0195837
-0.0094769
-0.0026290
0.0008900
0.0014483
0.0001119
-0.0022453
-0.0046163
-0.0065871
-0.0078176
-0.0085713
-0.0090219
-0.0096861
-0.0107373
-0.0125296
-0.0150028
-0.0182371
-0.0218395
-0.0255061
-0.0284991
-0.0303869
-0.0306898
-0.0296304
-0.0275306
-0.0251638
-0.0228663
-0.0209298
-0.0190236
-0.0169302
-0.0141391
-0.0105720
-0.0060760
-0.0010478
0.0041564
0.0086627
0.0117277
0.0122614
0.0096322
0.0033859
-0.0058431
-0.0167776
-0.0271003
-0.0346392
-0.0375862
-0.0357810
-0.0303256
-0.0237726
-0.0186544
-0.0171178
-0.0196667
-0.0256498
-0.0330889
-0.0400200
-0.0446152
-0.0462279
-0.0448617
-0.0415466
-0.0373578
-0.0336279
-0.0310305
-0.0300152
-0.0301845
-0.0310199
-0.0314873
-0.0309150
-0.0286636
-0.0249501
-0.0202750
-0.0158280
-0.0124822
-0.0110121
-0.0112617
-0.0127823
-0.0144326
-0.0153147
-0.0145144
-0.0120407
-0.0083937
-0.0051118
-0.0037760
-0.0060144
-0.0122185
-0.0217123
-0.0321370
-0.0406526
-0.0443561
-0.0420523
-0.0344084
-0.0246028
-0.0168518
-0.0155077
-0.0226255
-0.0369681
-0.0524039
-0.0586719
-0.0423487
0.0094516
0.1056664
0.2466534
0.4221495
0.6104510
0.7819895
0.9046080
0.9519404
0.9102800
0.7839576
0.5947038
0.3771105
0.1690900
0.0027154
-0.1039393
-0.1490742
-0.1455396
-0.1140826
-0.0765739
-0.0492474
-0.0401837
-0.0487656
-0.0688564
-0.0917555
-0.1101998
-0.1199155
-0.1209121
-0.1160346
-0.1098954
-0.1063435
-0.1077517
-0.1138990
-0.1230405
-0.1322515
-0.1391969
-0.1422855
-0.1415806
-0.1378761
-0.1328072
-0.1276735
-0.1237596
-0.1215110
-0.1211330
-0.1219578
-0.1232414
-0.1237525
-0.1227435
-0.1195612
-0.1144406
-0.1077619
-0.1004543
-0.0930053
-0.0858902
-0.0788657
-0.0717872
-0.0641836
-0.0561379
-0.0477215
-0.0396255
-0.0323347
-0.0265972
-0.0225926
-0.0205263
-0.0199517
-0.0205079
-0.0213864
-0.0222099
-0.0225462
-0.0226701
-0.0228223
-0.0237095
-0.0256211
-0.0289527
-0.0334458
-0.0388658
-0.0444011
-0.0495177
-0.0535040
-0.0563446
-0.0580915
-0.0594306
-0.0607383
-0.0624735
-0.0642971
-0.0657814
-0.0659655
-0.0643843
-0.0606223
-0.0550503
-0.0480493
-0.0406211
-0.0336459
-0.0284576
-0.0258776
-0.0265468
-0.0299585
-0.0351365
-0.0401860
-0.0433963
-0.0429916
-0.0382698
-0.0292924
-0.0178133
-0.0064423
0.0013189
0.0029433
-0.0024365
-0.0121441
-0.0201548
-0.0169055
0.0083122
0.0653550
0.1592774
0.2880303
0.4399208
0.5945935
0.7253004
0.8052028
0.8137127
0.7436051
0.6036399
0.4179346
0.2192799
0.0411019
-0.0918275
-0.1681573
-0.1914497
-0.1758410
-0.1406507
-0.1035199
-0.0768961
-0.0657978
-0.0694445
-0.0828596
-0.1002062
-0.1161066
-0.1274721
-0.1329813
-0.1333847
-0.1300646
-0.1250669
-0.1198798
-0.1159128
-0.1136890
-0.1135941
-0.1151951
-0.1180347
-0.1209966
-0.1232263
-0.1236679
-0.1220750
-0.1184284
-0.1136337
-0.1085530
-0.1044037
-0.1016871
-0.1007290
-0.1009113
-0.1015370
-0.1012974
-0.0992642
-0.0943903
-0.0864685
-0.0755258
-0.0625830
-0.0487567
-0.0357130
-0.0245402
-0.0161482
-0.0103442
-0.0067065
-0.0042159
-0.0024491
-0.0010643
-0.0004816
-0.0008439
-0.0025067
-0.0051955
-0.0088544
-0.0130189
-0.0176353
-0.0222780
-0.0268729
-0.0309439
-0.0344396
-0.0370522
-0.0390411
-0.0404806
-0.0419846
-0.0438256
-0.0465154
-0.0498340
-0.0534966
-0.0564667
-0.0579932
-0.0571941
-0.0541454
-0.0492652
-0.0440039
-0.0397243
-0.0379604
-0.0391351
-0.0430554
-0.0482013
-0.0529108
-0.0551944
-0.0540772
-0.0491477
-0.0413473
-0.0318988
-0.0226288
-0.0147082
-0.0091138
-0.0057750
-0.0045495
-0.0047507
-0.0061978
-0.0084968
-0.0117044
-0.0153155
-0.0189133
-0.0214603
-0.0224451
-0.0215766
-0.0199449
-0.0191787
-0.0216027
-0.0282358
-0.0381254
-0.0463506
-0.0445251
-0.0210982
0.0351912
0.1323356
0.2703429
0.4393475
0.6185347
0.7797673
0.8925222
0.9321971
0.8864258
0.7601513
0.5744235
0.3619871
0.1579942
-0.0081310
-0.1200019
-0.1755690
-0.1855177
-0.1670222
-0.1384436
-0.1137403
-0.1009259
-0.1012852
-0.1118992
-0.1272189
-0.1421467
-0.1527996
-0.1580429
-0.1585256
-0.1567310
-0.1550681
-0.1557022
-0.1591336
-0.1649906
-0.1716343
-0.1776480
-0.1815916
-0.1831623
-0.1823679
-0.1801155
-0.1770144
-0.1739227
-0.1710001
-0.1685880
-0.1664186
-0.1644310
-0.1618805
-0.1582343
-0.1525363
-0.1445365
-0.1340259
-0.1216548
-0.1079015
-0.0937453
-0.0797402
-0.0668431
-0.0554836
-0.0462541
-0.0389008
-0.0331676
-0.0281344
-0.0234041
-0.0185431
-0.0140601
-0.0104495
-0.0088114
-0.0097111
-0.0137988
-0.0207797
-0.0302189
-0.0407558
-0.0512011
-0.0600136
-0.0665183
-0.0702337
-0.0716664
-0.0711039
-0.0690596
-0.0651446
-0.0590817
-0.0504029
-0.0400971
-0.0302530
-0.0247211
-0.0270305
-0.0392618
-0.0589953
-0.0787613
-0.0853275
-0.0628154
0.0040888
0.1241994
0.2961075
0.5046246
0.7221838
0.9122649
1.0380504
1.0711126
1.0008591
0.8379563
0.6131690
0.3682469
0.1452006
-0.0254391
-0.1300597
-0.1730600
-0.1709361
-0.1456561
-0.1166819
-0.0973147
-0.0924441
-0.1008202
-0.1169895
-0.1351800
-0.1505278
-0.1609030
-0.1658240
-0.1665535
-0.1642563
-0.1602883
-0.1551059
-0.1493542
-0.1432242
-0.1375346
-0.1327596
-0.1297195
-0.1283787
-0.1286009
-0.1292833
-0.1295653
-0.1282800
-0.1251808
-0.1201237
-0.1139218
-0.1072231
-0.1011845
-0.0962472
-0.0928066
-0.0901543
-0.0875393
-0.0836115
-0.0778611
-0.0700600
-0.0612602
-0.0525444
-0.0454542
-0.0405769
-0.0382730
-0.0378316
-0.0387530
-0.0401826
-0.0420837
-0.0442451
-0.0469851
-0.0499277
-0.0528416
-0.0547905
-0.0553468
-0.0539055
-0.0508102
-0.0463788
-0.0416764
-0.0372904
-0.0340952
-0.0322089
-0.0319472
-0.0328353
-0.0345570
-0.0360670
-0.0368122
-0.0360856
-0.0341858
-0.0313362
-0.0283190
-0.0251483
-0.0219207
-0.0180128
-0.0134205
-0.0080923
-0.0030034
0.0009952
0.0025382
0.0011257
-0.0035510
-0.0104935
-0.0185065
-0.0255735
-0.0303760
-0.0318281
-0.0304068
-0.0271261
-0.0240776
-0.0226786
-0.0239300
-0.0270316
-0.0305696
-0.0322253
-0.0307652
-0.0259140
-0.0197482
-0.0153001
-0.0163395
-0.0245219
-0.0384741
-0.0514986
-0.0526625
-0.0276222
0.0368536
0.1494148
0.3088034
0.5021483
0.7040670
0.8814007
0.9992351
1.0307797
0.9643646
0.8087730
0.5908938
0.3498835
0.1258572
-0.0493369
-0.1600267
-0.2071894
-0.2057813
-0.1767901
-0.1410027
-0.1127261
-0.0988030
-0.0985297
-0.1074972
-0.1197038
-0.1309670
-0.1389015
-0.1437762
-0.1465581
-0.1489463
-0.1515750
-0.1547683
-0.1576014
-0.1593837
-0.1591223
-0.1569878
-0.1533661
-0.1497263
-0.1471346
-0.1468617
-0.1489789
-0.1533396
-0.1586689
-0.1639771
-0.1678664
-0.1699130
-0.1697286
-0.1679902
-0.1651491
-0.1622216
-0.1594182
-0.1570404
-0.1543418
-0.1507046
-0.1447473
-0.1357280
-0.1228330
-0.1066136
-0.0880205
-0.0693148
-0.0524841
-0.0397294
-0.0318387
-0.0290405
-0.0299887
-0.0332530
-0.0367392
-0.0393133
-0.0400315
-0.0393327
-0.0377411
-0.0366560
-0.0368880
-0.0395030
-0.0445022
-0.0518192
-0.0601546
-0.0681935
-0.0737290
-0.0752193
-0.0712258
-0.0621560
-0.0495727
-0.0373546
-0.0299136
-0.0318859
-0.0448547
-0.0662050
-0.0864735
-0.0908257
-0.0607173
0.0198644
0.1593668
0.3521502
0.5771953
0.7990071
0.9757388
1.0685987
1.0542041
0.9313416
0.7235248
0.4716555
0.2234272
0.0190403
-0.1174235
-0.1826187
-0.1896014
-0.1615152
-0.1219598
-0.0896683
-0.0742379
-0.0775665
-0.0951080
-0.1202399
-0.1458069
-0.1669954
-0.1807392
-0.1867722
-0.1859217
-0.1806574
-0.1731856
-0.1659953
-0.1601970
-0.1566125
-0.1547915
-0.1546325
-0.1555262
-0.1576998
-0.1608834
-0.1652766
-0.1700914
-0.1746917
-0.1775192
-0.1776845
-0.1741563
-0.1672494
-0.1573555
-0.1458816
-0.1336157
-0.1216374
-0.1099221
-0.0986362
-0.0871224
-0.0754716
-0.0635527
-0.0523672
-0.0426770
-0.0359658
-0.0328175
-0.0338426
-0.0382002
-0.0448309
-0.0514093
-0.0560892
-0.0568987
-0.0536792
-0.0472297
-0.0405211
-0.0367732
-0.0395587
-0.0500050
-0.0665659
-0.0827433
-0.0884747
-0.0704049
-0.0161709
0.0829915
0.2270442
0.4056898
0.5966560
0.7698453
0.8922377
0.9375771
0.8930876
0.7654211
0.5784008
0.3677452
0.1697652
0.0129672
-0.0893405
-0.1384792
-0.1477863
-0.1348868
-0.1168059
-0.1044884
-0.1027866
-0.1102014
-0.1227391
-0.1353169
-0.1451141
-0.1509588
-0.1542335
-0.1564075
-0.1592923
-0.1630628
-0.1676171
-0.1716328
-0.1744834
-0.1752798
-0.1743881
-0.1719304
-0.1688944
-0.1654922
-0.1624053
-0.1593810
-0.1566615
-0.1536182
-0.1501719
-0.1454822
-0.1395258
-0.1318961
-0.1233137
-0.1141425
-0.1055467
-0.0977370
-0.0911153
-0.0848075
-0.0783208
-0.0705351
-0.0615164
-0.0512643
-0.0410687
-0.0318184
-0.0251174
-0.0215506
-0.0219151
-0.0256407
-0.0321945
-0.0397150
-0.0467409
-0.0511912
-0.0523314
-0.0497438
-0.0450117
-0.0400789
-0.0380211
-0.0403362
-0.0469176
-0.0533019
-0.0517181
-0.0304916
0.0220469
0.1153882
0.2512454
0.4217709
0.6069552
0.7782884
0.9029042
0.9532558
0.9139525
0.7888139
0.5995941
0.3818663
0.1737419
0.0070405
-0.1015746
-0.1511363
-0.1547873
-0.1318300
-0.1023224
-0.0803287
-0.0732064
-0.0805979
-0.0983817
-0.1200241
-0.1405377
-0.1562142
-0.1664164
-0.1714327
-0.1731487
-0.1725864
-0.1709619
-0.1680304
-0.1640441
-0.1586662
-0.1529301
-0.1475880
-0.1443128
-0.1435411
-0.1457330
-0.1497338
-0.1547160
-0.1589954
-0.1620392
-0.1629798
-0.1622034
-0.1595228
-0.1556379
-0.1503362
-0.1440952
-0.1364506
-0.1277821
-0.1177874
-0.1072549
-0.0963483
-0.0861301
-0.0766650
-0.0685802
-0.0613675
-0.0551971
-0.0493527
-0.0440614
-0.0388729
-0.0344595
-0.0308870
-0.0291639
-0.0291799
-0.0311658
-0.0339269
-0.0368560
-0.0385665
-0.0389331
-0.0373922
-0.0345860
-0.0304151
-0.0256983
-0.0203689
-0.0152821
-0.0104333
-0.0067312
-0.0041623
-0.0035435
-0.0046161
-0.0077087
-0.0117766
-0.0162057
-0.0191721
-0.0198597
-0.0171020
-0.0116504
-0.0045253
0.0012997
0.0033950
-0.0008854
-0.0111281
-0.0244303
-0.0329044
-0.0262123
0.0081640
0.0796263
0.1925308
0.3411248
0.5101198
0.6741319
0.8040209
0.8718453
0.8604024
0.7670463
0.6072404
0.4091289
0.2079459
0.0349535
-0.0881734
-0.1550610
-0.1717706
-0.1542890
-0.1204990
-0.0868202
-0.0629819
-0.0533628
-0.0562590
-0.0681129
-0.0835933
-0.0991143
-0.1115135
-0.1202480
-0.1250908
-0.1277557
-0.1292954
-0.1316868
-0.1353590
-0.1411022
-0.1479901
-0.1556873
-0.1625740
-0.1680850
-0.1707687
-0.1706680
-0.1674447
-0.1626940
-0.1576387
-0.1548114
-0.1551972
-0.1598422
-0.1674303
-0.1766913
-0.1847260
-0.1898885
-0.1901274
-0.1855163
-0.1759483
-0.1630295
-0.1473572
-0.1304468
-0.1123663
-0.0941616
-0.0757891
-0.0585738
-0.0428896
-0.0303155
-0.0210563
-0.0160513
-0.0144986
-0.0162360
-0.0195479
-0.0238180
-0.0274164
-0.0302608
-0.0314188
-0.0314218
-0.0297407
-0.0272271
-0.0237843
-0.0209157
-0.0191408
-0.0200693
-0.0233772
-0.0289372
-0.0343676
-0.0380669
-0.0374721
-0.0323926
-0.0230162
-0.0126033
-0.0044398
-0.0032604
-0.0108975
-0.0269567
-0.0447584
-0.0537942
-0.0386847
0.0147666
0.1176603
0.2706570
0.4633550
0.6710256
0.8605495
0.9946960
1.0442780
0.9943928
0.8524800
0.6446864
0.4115074
0.1938337
0.0246246
-0.0812397
-0.1253854
-0.1244556
-0.0996377
-0.0719318
-0.0540419
-0.0516409
-0.0618838
-0.0796299
-0.0978858
-0.1131626
-0.1232584
-0.1297714
-0.1338670
-0.1381798
-0.1430004
-0.1491904
-0.1552957
-0.1611296
-0.1650519
-0.1674076
-0.1673821
-0.1661226
-0.1633913
-0.1607206
-0.1580227
-0.1566853
-0.1560222
-0.1564659
-0.1563050
-0.1553958
-0.1521930
-0.1474638
-0.1408516
-0.1340531
-0.1268970
-0.1204938
-0.1135943
-0.1063639
-0.0971817
-0.0865601
-0.0740227
-0.0614096
-0.0489739
-0.0387769
-0.0306275
-0.0256706
-0.0225896
-0.0216065
-0.0209194
-0.0208702
-0.0202115
-0.0200469
-0.0197015
-0.0204924
-0.0215029
-0.0235725
-0.0252691
-0.0271939
-0.0280006
-0.0286868
-0.0283291
-0.0282575
-0.0276629
-0.0279015
-0.0280835
-0.0294355
-0.0307295
-0.0326967
-0.0335237
-0.0336685
-0.0315612
-0.0285334
-0.0241336
-0.0206840
-0.0180950
-0.0183211
-0.0201661
-0.0242112
-0.0280634
-0.0318483
-0.0334657
-0.0339106
-0.0319786
-0.0294137
-0.0254552
-0.0221617
-0.0188211
-0.0172964
-0.0162496
-0.0167447
-0.0166451
-0.0167385
-0.0153064
-0.0144918
-0.0143950
-0.0187224
-0.0274522
-0.0415036
-0.0548849
-0.0604601
-0.0441599
0.0059247
0.1023255
0.2467845
0.4333163
0.6395773
0.8359760
0.9843413
1.0542160
1.0247511
0.8988845
0.6965354
0.4570893
0.2212482
0.0278572
-0.1031937
-0.1659287
-0.1745614
-0.1480809
-0.1113657
-0.0795485
-0.0641399
-0.0635553
-0.0755087
-0.0904677
-0.1049414
-0.1126653
-0.1157150
-0.1127956
-0.1095252
-0.1057039
-0.1064707
-0.1095083
-0.1176524
-0.1260470
-0.1360764
-0.1419697
-0.1457971
-0.1430915
-0.1385906
-0.1299933
-0.1239810
-0.1179817
-0.1176514
-0.1177258
-0.1221562
-0.1237869
-0.1268613
-0.1241878
-0.1218635
-0.1130625
-0.1057894
-0.0926595
-0.0830801
-0.0679421
-0.0581650
-0.0421495
-0.0336678
-0.0177197
-0.0134048
0.0013435
-0.0033135
0.0163533
