-0.4035667
-0.4606947
-0.4951858
-0.4986368
-0.4377023
-0.2987189
-0.0750260
0.2107454
0.5196780
0.7939848
0.9805500
1.0388513
0.9600100
0.7634889
0.4962549
0.2133762
-0.0329628
-0.2105897
-0.3084616
-0.3385472
-0.3241450
-0.2933638
-0.2668773
-0.2562605
-0.2607353
-0.2736834
-0.2849510
-0.2879938
-0.2796307
-0.2624949
-0.2409286
-0.2210531
-0.2067741
-0.2010047
-0.2033675
-0.2124097
-0.2241874
-0.2349915
-0.2405424
-0.2387225
-0.2285250
-0.2119905
-0.1922665
-0.1742397
-0.1615475
-0.1566660
-0.1586420
-0.1647674
-0.1703551
-0.1717040
-0.1660731
-0.1535746
-0.1356435
-0.1153962
-0.0952179
-0.0770032
-0.0606805
-0.0458535
-0.0315917
-0.0183018
-0.0067499
0.0015039
0.0062242
0.0084042
0.0115054
0.0197099
0.0373722
0.0664409
0.1065074
0.1541486
0.2050762
0.2547821
0.3005700
0.3410376
0.3765299
0.4075380
0.4348568
0.4584239
0.4781221
0.4932320
0.5035643
0.5089874
0.5102532
0.5079855
0.5028942
0.4945329
0.4818135
0.4625638
0.4348823
0.3972757
0.3500321
0.2948425
0.2352102
0.1750928
0.1186334
0.0687094
0.0270780
-0.0062845
-0.0322198
-0.0524228
-0.0683273
-0.0814443
-0.0928151
-0.1036878
-0.1148595
-0.1268651
-0.1389957
-0.1497394
-0.1567055
-0.1580766
-0.1530748
-0.1430834
-0.1309911
-0.1207381
-0.1154051
-0.1164988
-0.1230574
-0.1326377
-0.1419359
-0.1483792
-0.1504069
-0.1480327
-0.1420071
-0.1336196
-0.1239116
-0.1139183
-0.1046583
-0.0975820
-0.0935256
-0.0928578
-0.0946682
-0.0973783
-0.0987541
-0.0970324
-0.0910937
-0.0813054
-0.0691209
-0.0571147
-0.0477727
-0.0429698
-0.0428530
-0.0461495
-0.0503526
-0.0531555
-0.0530317
-0.0500818
-0.0454316
-0.0409629
-0.0382215
-0.0383146
-0.0413852
-0.0470943
-0.0544723
-0.0624584
-0.0696598
-0.0748713
-0.0769897
-0.0756325
-0.0709029
-0.0636401
-0.0548705
-0.0459237
-0.0378797
-0.0316864
-0.0276613
-0.0257885
-0.0255800
-0.0267404
-0.0291449
-0.0331659
-0.0389936
-0.0463700
-0.0538909
-0.0594814
-0.0608614
-0.0568386
-0.0477003
-0.0355403
-0.0233097
-0.0140588
-0.0096985
-0.0108479
-0.0167044
-0.0258264
-0.0363518
-0.0465849
-0.0548893
-0.0601134
-0.0614938
-0.0590822
-0.0535823
-0.0466004
-0.0401198
-0.0361802
-0.0358689
-0.0390194
-0.0439343
-0.0482599
-0.0497768
-0.0476438
-0.0426050
-0.0369023
-0.0330386
-0.0328302
-0.0363536
-0.0421507
-0.0477415
-0.0510019
-0.0509066
-0.0481136
-0.0443118
-0.0414508
-0.0404277
-0.0407253
-0.0404578
-0.0375716
-0.0307421
-0.0202220
-0.0074662
0.0054173
0.0167473
0.0255584
0.0318126
0.0358782
0.0383927
0.0398331
0.0406013
0.0407184
0.0399550
0.0376745
0.0332318
0.0260166
0.0157784
0.0024164
-0.0138585
-0.0326563
-0.0530674
-0.0737257
-0.0926623
-0.1078100
-0.1173887
-0.1207439
-0.1186153
-0.1132965
-0.1078634
-0.1053779
-0.1077314
-0.1152198
-0.1263574
-0.1386074
-0.1490366
-0.1551844
-0.1552366
-0.1483491
-0.1348116
-0.1168975
-0.0993675
-0.0895593
-0.0957433
-0.1242877
-0.1756109
-0.2408651
-0.3003434
-0.3257394
-0.2862677
-0.1583722
0.0643160
0.3639437
0.6983524
1.0087788
1.2344654
1.3292641
1.2751211
1.0870073
0.8080586
0.4963131
0.2084952
-0.0141644
-0.1534016
-0.2139109
-0.2166626
-0.1893191
-0.1568179
-0.1354704
-0.1311539
-0.1415317
-0.1599354
-0.1794472
-0.1952788
-0.2056198
-0.2108107
-0.2121354
-0.2104894
-0.2060153
-0.1983091
-0.1873792
-0.1742454
-0.1611823
-0.1509141
-0.1455568
-0.1454473
-0.1489884
-0.1532025
-0.1551291
-0.1529273
-0.1466205
-0.1377988
-0.1289376
-0.1222552
-0.1189890
-0.1188825
-0.1204386
-0.1213923
-0.1196449
-0.1139043
-0.1041973
-0.0916192
-0.0778099
-0.0639846
-0.0503974
-0.0361783
-0.0200613
-0.0012195
0.0199600
0.0420703
0.0634158
0.0831939
0.1020210
0.1218324
0.1448587
0.1726001
0.2049770
0.2404318
0.2765306
0.3110773
0.3428253
0.3718328
0.3990065
0.4254570
0.4516599
0.4771306
0.5003238
0.5190265
0.5306917
0.5329618
0.5239470
0.5026045
0.4688417
0.4237176
0.3693367
0.3087348
0.2454083
0.1829729
0.1247002
0.0733105
0.0306613
-0.0023142
-0.0257813
-0.0409729
-0.0502527
-0.0567879
-0.0640506
-0.0748563
-0.0905337
-0.1102912
-0.1314527
-0.1503085
-0.1635789
-0.1695509
-0.1686238
-0.1627706
-0.1546197
-0.1464781
-0.1399858
-0.1360407
-0.1350258
-0.1368092
-0.1407975
-0.1458953
-0.1507822
-0.1541407
-0.1549853
-0.1527543
-0.1475051
-0.1399439
-0.1314760
-0.1238431
-0.1186117
-0.1164681
-0.1169745
-0.1187348
-0.1201222
-0.1199221
-0.1177886
-0.1140941
-0.1095715
-0.1047978
-0.1000455
-0.0953185
-0.0906852
-0.0863945
-0.0828613
-0.0803376
-0.0787399
-0.0775612
-0.0761261
-0.0738207
-0.0704043
-0.0660806
-0.0615450
-0.0577835
-0.0558791
-0.0565650
-0.0597787
-0.0642332
-0.0676075
-0.0673023
-0.0616939
-0.0510430
-0.0377222
-0.0253850
-0.0175794
-0.0161789
-0.0205201
-0.0275017
-0.0328618
-0.0329448
-0.0263870
-0.0147712
-0.0021204
0.0067349
0.0080332
0.0005893
-0.0138417
-0.0312299
-0.0467505
-0.0562707
-0.0575347
-0.0506164
-0.0377776
-0.0226416
-0.0090924
-0.0000845
0.0030633
0.0008336
-0.0050016
-0.0121117
-0.0183568
-0.0221362
-0.0225547
-0.0194524
-0.0135266
-0.0062088
0.0006877
0.0056141
0.0077486
0.0071541
0.0044431
0.0003376
-0.0047165
-0.0105461
-0.0170778
-0.0240635
-0.0310022
-0.0371060
-0.0414506
-0.0432093
-0.0421018
-0.0387086
-0.0345165
-0.0314468
-0.0311968
-0.0346124
-0.0414856
-0.0506570
-0.0603927
-0.0687378
-0.0739295
-0.0747731
-0.0710467
-0.0636094
-0.0541664
-0.0446148
-0.0363963
-0.0300989
-0.0255666
-0.0222241
-0.0194378
-0.0166257
-0.0132780
-0.0089613
-0.0035500
0.0025089
0.0080273
0.0112860
0.0104831
0.0043218
-0.0075926
-0.0245724
-0.0449947
-0.0665954
-0.0869081
-0.1036880
-0.1154026
-0.1216343
-0.1233628
-0.1228943
-0.1234488
-0.1283068
-0.1397306
-0.1579485
-0.1808490
-0.2046681
-0.2255361
-0.2410125
-0.2508259
-0.2563567
-0.2592617
-0.2599679
-0.2570015
-0.2476524
-0.2300146
-0.2054902
-0.1803944
-0.1652171
-0.1710843
-0.2040882
-0.2595169
-0.3185767
-0.3500468
-0.3176753
-0.1919098
0.0377946
0.3547275
0.7146303
1.0545643
1.3089181
1.4275512
1.3899642
1.2104184
0.9323334
0.6143161
0.3132958
0.0706492
-0.0946596
-0.1851570
-0.2181225
-0.2165674
-0.2012422
-0.1858453
-0.1759485
-0.1709157
-0.1672850
-0.1620514
-0.1545956
-0.1468197
-0.1418224
-0.1420755
-0.1480455
-0.1579044
-0.1683340
-0.1759532
-0.1786148
-0.1760382
-0.1695850
-0.1614073
-0.1533758
-0.1462997
-0.1397497
-0.1325253
-0.1234882
-0.1123969
-0.1003561
-0.0896568
-0.0829797
-0.0822443
-0.0875897
-0.0970201
-0.1069324
-0.1132972
-0.1129132
-0.1042227
-0.0874882
-0.0644744
-0.0379032
-0.0108864
0.0136125
0.0332991
0.0470311
0.0551786
0.0597442
0.0641244
0.0724059
0.0882274
0.1135370
0.1478360
0.1883706
0.2312249
0.2727738
0.3108613
0.3452704
0.3773695
0.4091413
0.4420864
0.4764456
0.5109282
0.5428760
0.5687779
0.5850469
0.5889328
0.5792819
0.5568508
0.5239871
0.4837919
0.4390817
0.3915897
0.3417091
0.2889328
0.2328269
0.1741287
0.1153566
0.0605238
0.0139313
-0.0214152
-0.0450130
-0.0590524
-0.0675279
-0.0746653
-0.0833804
-0.0943280
-0.1058767
-0.1149511
-0.1184563
-0.1147067
-0.1043287
-0.0902466
-0.0767934
-0.0682399
-0.0673357
-0.0743905
-0.0872967
-0.1024218
-0.1159739
-0.1251397
-0.1285691
-0.1261622
-0.1186063
-0.1070293
-0.0929571
-0.0783568
-0.0655580
-0.0568824
-0.0541274
-0.0580065
-0.0677502
-0.0809663
-0.0939952
-0.1027789
-0.1041372
-0.0969241
-0.0825633
-0.0646045
-0.0475378
-0.0353325
-0.0303348
-0.0328039
-0.0411724
-0.0527165
-0.0643507
-0.0732396
-0.0772735
-0.0753953
-0.0678054
-0.0558496
-0.0416222
-0.0273502
-0.0148802
-0.0054011
0.0004488
0.0022816
-0.0003213
-0.0077248
-0.0198844
-0.0359113
-0.0538904
-0.0709949
-0.0840355
-0.0903083
-0.0885330
-0.0793742
-0.0653355
-0.0499568
-0.0367013
-0.0278898
-0.0241578
-0.0245288
-0.0270942
-0.0299022
-0.0317707
-0.0326289
-0.0333390
-0.0350154
-0.0382835
-0.0428123
-0.0474764
-0.0509285
-0.0522352
-0.0510961
-0.0477340
-0.0426257
-0.0363864
-0.0297223
-0.0234480
-0.0183853
-0.0152611
-0.0145668
-0.0164960
-0.0208339
-0.0269327
-0.0337521
-0.0401144
-0.0450019
-0.0478488
-0.0486093
-0.0476931
-0.0457043
-0.0432097
-0.0405654
-0.0379578
-0.0354836
-0.0333034
-0.0317029
-0.0311335
-0.0320828
-0.0348971
-0.0395045
-0.0453063
-0.0512824
-0.0564103
-0.0600249
-0.0619829
-0.0624988
-0.0619618
-0.0607495
-0.0591306
-0.0570828
-0.0542288
-0.0499130
-0.0435632
-0.0350477
-0.0249108
-0.0141926
-0.0039855
0.0051199
0.0131671
0.0204744
0.0269470
0.0318053
0.0339768
0.0330417
0.0299143
0.0267775
0.0260551
0.0290690
0.0349852
0.0407093
0.0416610
0.0332393
0.0123689
-0.0211872
-0.0643152
-0.1110091
-0.1539329
-0.1864753
-0.2046614
-0.2080765
-0.1996547
-0.1844016
-0.1677697
-0.1541859
-0.1462914
-0.1448454
-0.1492804
-0.1584188
-0.1710791
-0.1861228
-0.2021164
-0.2168532
-0.2274507
-0.2312584
-0.2275896
-0.2193184
-0.2133173
-0.2186659
-0.2427270
-0.2859894
-0.3378130
-0.3751912
-0.3663348
-0.2790894
-0.0925338
0.1920635
0.5452733
0.9122524
1.2247983
1.4197709
1.4574766
1.3333715
1.0786415
0.7499382
0.4123107
0.1217321
-0.0873706
-0.2064061
-0.2489696
-0.2416543
-0.2133288
-0.1863821
-0.1724179
-0.1725995
-0.1814498
-0.1916650
-0.1980152
-0.1990256
-0.1966136
-0.1942786
-0.1950426
-0.1998730
-0.2073065
-0.2141498
-0.2170184
-0.2138000
-0.2044729
-0.1907883
-0.1753201
-0.1603883
-0.1475643
-0.1376520
-0.1310267
-0.1277894
-0.1277586
-0.1302130
-0.1337792
-0.1364645
-0.1360969
-0.1309261
-0.1203482
-0.1052788
-0.0881181
-0.0720412
-0.0599301
-0.0531212
-0.0506605
-0.0493035
-0.0445627
-0.0322720
-0.0101812
0.0212627
0.0590514
0.0987202
0.1357898
0.1672143
0.1921973
0.2123232
0.2308108
0.2513518
0.2767987
0.3083413
0.3452007
0.3850247
0.4246061
0.4608591
0.4915891
0.5160352
0.5348400
0.5496069
0.5619343
0.5724046
0.5797962
0.5811608
0.5726282
0.5507549
0.5136594
0.4617615
0.3977868
0.3263048
0.2527803
0.1826041
0.1201466
0.0682096
0.0277305
-0.0020529
-0.0232574
-0.0387188
-0.0513851
-0.0636298
-0.0768213
-0.0910511
-0.1053019
-0.1178247
-0.1268410
-0.1311712
-0.1307758
-0.1268053
-0.1213156
-0.1165227
-0.1140412
-0.1142063
-0.1159964
-0.1174319
-0.1164971
-0.1120203
-0.1043423
-0.0952719
-0.0875468
-0.0838200
-0.0857437
-0.0932422
-0.1044121
-0.1158925
-0.1238726
-0.1253166
-0.1192563
-0.1074019
-0.0938640
-0.0837176
-0.0811096
-0.0874772
-0.1008981
-0.1167449
-0.1296347
-0.1355733
-0.1334592
-0.1250868
-0.1140223
-0.1038218
-0.0966490
-0.0926371
-0.0903726
-0.0879292
-0.0840636
-0.0787994
-0.0734417
-0.0699131
-0.0699683
-0.0744037
-0.0827381
-0.0931796
-0.1030829
-0.1096039
-0.1106500
-0.1055894
-0.0956348
-0.0834776
-0.0724678
-0.0653984
-0.0635885
-0.0664292
-0.0717948
-0.0768959
-0.0794102
-0.0782173
-0.0737417
-0.0676510
-0.0623036
-0.0598996
-0.0617976
-0.0679572
-0.0769064
-0.0860259
-0.0923349
-0.0933504
-0.0880026
-0.0770398
-0.0629489
-0.0491732
-0.0391749
-0.0354429
-0.0389619
-0.0490060
-0.0634711
-0.0793423
-0.0934080
-0.1028885
-0.1061694
-0.1032051
-0.0956068
-0.0860341
-0.0773092
-0.0714025
-0.0689870
-0.0694806
-0.0716779
-0.0743506
-0.0767515
-0.0786186
-0.0800105
-0.0809261
-0.0812095
-0.0805612
-0.0788157
-0.0760515
-0.0727190
-0.0695014
-0.0671669
-0.0661747
-0.0664432
-0.0672280
-0.0675155
-0.0665449
-0.0643627
-0.0617613
-0.0598106
-0.0590681
-0.0592205
-0.0591100
-0.0572974
-0.0526042
-0.0446208
-0.0337140
-0.0208169
-0.0069438
0.0070241
0.0204292
0.0325739
0.0426018
0.0495220
0.0527357
0.0525137
0.0502327
0.0477742
0.0465251
0.0463095
0.0451755
0.0399819
0.0277912
0.0072172
-0.0206130
-0.0522047
-0.0826837
-0.1074610
-0.1236184
-0.1307623
-0.1308211
-0.1271697
-0.1232031
-0.1212521
-0.1220690
-0.1252925
-0.1302585
-0.1368377
-0.1454723
-0.1565772
-0.1694457
-0.1817007
-0.1895738
-0.1893905
-0.1795263
-0.1622791
-0.1444181
-0.1360044
-0.1469978
-0.1824987
-0.2377424
-0.2952174
-0.3256878
-0.2945344
-0.1723478
0.0529491
0.3672419
0.7285132
1.0745433
1.3383143
1.4667274
1.4358871
1.2576404
0.9747749
0.6472640
0.3347192
0.0816075
-0.0906766
-0.1834544
-0.2143158
-0.2078264
-0.1871861
-0.1687258
-0.1601432
-0.1615779
-0.1686335
-0.1757091
-0.1788314
-0.1770136
-0.1722833
-0.1683439
-0.1687838
-0.1753142
-0.1870075
-0.2004734
-0.2111076
-0.2146625
-0.2088717
-0.1942306
-0.1739055
-0.1525309
-0.1346714
-0.1232526
-0.1187901
-0.1193623
-0.1215647
-0.1217696
-0.1175162
-0.1082516
-0.0954396
-0.0816969
-0.0696192
-0.0606091
-0.0546062
-0.0504995
-0.0470736
-0.0435235
-0.0395231
-0.0346722
-0.0281148
-0.0184318
-0.0041827
0.0155274
0.0405087
0.0695388
0.1007143
0.1322434
0.1630139
0.1929733
0.2229250
0.2541759
0.2878822
0.3246064
0.3639156
0.4044570
0.4442131
0.4811517
0.5136894
0.5410286
0.5629108
0.5792222
0.5894128
0.5923509
0.5864031
0.5700046
0.5421783
0.5030657
0.4539478
0.3970885
0.3352454
0.2713908
0.2084039
0.1490161
0.0955816
0.0499639
0.0131999
-0.0146701
-0.0347955
-0.0492126
-0.0603768
-0.0704331
-0.0808531
-0.0922212
-0.1044468
-0.1169035
-0.1287083
-0.1387638
-0.1459758
-0.1494027
-0.1487003
-0.1443917
-0.1380778
-0.1320399
-0.1285744
-0.1289955
-0.1330898
-0.1390184
-0.1440436
-0.1454491
-0.1415959
-0.1324358
-0.1196414
-0.1059885
-0.0945120
-0.0874213
-0.0855067
-0.0879432
-0.0928694
-0.0981744
-0.1024567
-0.1053666
-0.1074554
-0.1093630
-0.1112218
-0.1124008
-0.1120225
-0.1095354
-0.1052184
-0.1000195
-0.0951766
-0.0915345
-0.0892152
-0.0875036
-0.0853393
-0.0818385
-0.0768546
-0.0709508
-0.0651449
-0.0603101
-0.0569234
-0.0549912
-0.0544497
-0.0553667
-0.0579906
-0.0622518
-0.0674004
-0.0718467
-0.0737362
-0.0716482
-0.0653448
-0.0559049
-0.0455619
-0.0369953
-0.0326086
-0.0336190
-0.0395788
-0.0482157
-0.0561044
-0.0597078
-0.0567771
-0.0472083
-0.0333197
-0.0190635
-0.0087777
-0.0056262
-0.0106637
-0.0224648
-0.0377024
-0.0521058
-0.0618457
-0.0646025
-0.0603889
-0.0514944
-0.0417811
-0.0351289
-0.0339755
-0.0382737
-0.0456909
-0.0526063
-0.0557509
-0.0534132
-0.0460598
-0.0358513
-0.0257295
-0.0182294
-0.0148451
-0.0157163
-0.0199173
-0.0258105
-0.0317255
-0.0364354
-0.0396247
-0.0418039
-0.0440271
-0.0471798
-0.0515119
-0.0563191
-0.0602819
-0.0619512
-0.0604529
-0.0556947
-0.0483292
-0.0392362
-0.0292307
-0.0188633
-0.0087027
0.0005462
0.0079985
0.0130813
0.0158981
0.0174514
0.0191362
0.0221027
0.0265557
0.0317679
0.0364485
0.0395201
0.0404192
0.0390570
0.0352464
0.0284842
0.0180147
0.0034277
-0.0150358
-0.0363432
-0.0590287
-0.0814658
-0.1023243
-0.1207271
-0.1363987
-0.1493341
-0.1594925
-0.1664017
-0.1693565
-0.1678970
-0.1627489
-0.1563078
-0.1524926
-0.1553699
-0.1673992
-0.1877818
-0.2121611
-0.2336195
-0.2450808
-0.2419484
-0.2244776
-0.1986748
-0.1755226
-0.1678070
-0.1852582
-0.2288270
-0.2865974
-0.3332236
-0.3348012
-0.2585092
-0.0849814
0.1812423
0.5073383
0.8372050
1.1050567
1.2540250
1.2530015
1.1059170
0.8496495
0.5419816
0.2440777
0.0042991
-0.1519379
-0.2237604
-0.2293961
-0.1964895
-0.1524464
-0.1173966
-0.1014870
-0.1056685
-0.1249281
-0.1518212
-0.1794063
-0.2026073
-0.2186089
-0.2264062
-0.2264032
-0.2198330
-0.2084265
-0.1939172
-0.1779093
-0.1617364
-0.1466373
-0.1336617
-0.1236620
-0.1170020
-0.1135270
-0.1124668
-0.1127244
-0.1130614
-0.1125003
-0.1104226
-0.1067369
-0.1016677
-0.0956557
-0.0890692
-0.0822447
-0.0753555
-0.0684144
-0.0609807
-0.0521790
-0.0407700
-0.0257141
-0.0066126
0.0158217
0.0399376
0.0635600
0.0848383
0.1027473
0.1174544
0.1301162
0.1426821
0.1573951
0.1764829
0.2016034
0.2335331
0.2717521
0.3144868
0.3588666
0.4016544
0.4399706
0.4721768
0.4981757
0.5193393
0.5375961
0.5543978
0.5695953
0.5811010
0.5851068
0.5772444
0.5539060
0.5136893
0.4580740
0.3915052
0.3203990
0.2517439
0.1912780
0.1422110
0.1044856
0.0752559
0.0500192
0.0244277
-0.0042383
-0.0360104
-0.0683978
-0.0973594
-0.1191118
-0.1315256
-0.1348499
-0.1311420
-0.1233160
-0.1140332
-0.1053249
-0.0984865
-0.0944167
-0.0936252
-0.0962155
-0.1015050
-0.1080786
-0.1141056
-0.1183107
-0.1206659
-0.1226583
-0.1263884
-0.1332830
-0.1427599
-0.1521035
-0.1573483
-0.1551930
-0.1445997
-0.1276831
-0.1089883
-0.0938439
-0.0861062
-0.0867410
-0.0934587
-0.1019322
-0.1075524
-0.1072983
-0.1005358
-0.0890005
-0.0757595
-0.0641154
-0.0564561
-0.0538282
-0.0558159
-0.0610324
-0.0674980
-0.0732125
-0.0764505
-0.0762927
-0.0728388
-0.0673905
-0.0619508
-0.0585098
-0.0579493
-0.0595906
-0.0613482
-0.0609391
-0.0571218
-0.0506845
-0.0441797
-0.0409053
-0.0432184
-0.0514328
-0.0633970
-0.0753904
-0.0835477
-0.0856123
-0.0817381
-0.0743383
-0.0666549
-0.0612871
-0.0590810
-0.0593204
-0.0605204
-0.0616510
-0.0626398
-0.0643337
-0.0676094
-0.0726410
-0.0783694
-0.0829238
-0.0843837
-0.0819161
-0.0762213
-0.0694325
-0.0640916
-0.0621651
-0.0641415
-0.0690270
-0.0747387
-0.0791103
-0.0806318
-0.0790907
-0.0754227
-0.0712937
-0.0681864
-0.0668839
-0.0671553
-0.0681410
-0.0686874
-0.0678850
-0.0652514
-0.0610851
-0.0564291
-0.0529883
-0.0524243
-0.0557073
-0.0624026
-0.0707631
-0.0782433
-0.0826824
-0.0830763
-0.0799031
-0.0744163
-0.0678680
-0.0607796
-0.0530868
-0.0445039
-0.0351837
-0.0257694
-0.0172182
-0.0100791
-0.0041567
0.0015672
0.0081851
0.0161550
0.0246408
0.0317353
0.0349885
0.0324095
0.0230105
0.0071488
-0.0138381
-0.0379681
-0.0631882
-0.0875312
-0.1093759
-0.1273655
-0.1405848
-0.1485468
-0.1515147
-0.1505479
-0.1476113
-0.1450594
-0.1450658
-0.1488076
-0.1563219
-0.1666405
-0.1784730
-0.1905241
-0.2017222
-0.2108266
-0.2161683
-0.2154261
-0.2063903
-0.1883028
-0.1638029
-0.1398477
-0.1268983
-0.1352654
-0.1698351
-0.2246239
-0.2802790
-0.3060799
-0.2674991
-0.1372361
0.0931440
0.4057571
0.7561860
1.0824013
1.3204347
1.4224541
1.3704321
1.1808876
0.8986122
0.5825720
0.2889901
0.0579925
-0.0929799
-0.1678291
-0.1851161
-0.1689360
-0.1412292
-0.1170486
-0.1036772
-0.1020723
-0.1096502
-0.1225404
-0.1371506
-0.1504870
-0.1602072
-0.1644027
-0.1619856
-0.1530736
-0.1395352
-0.1247203
-0.1127571
-0.1070879
-0.1093289
-0.1184633
-0.1312000
-0.1428633
-0.1490150
-0.1467694
-0.1358416
-0.1184268
-0.0984674
-0.0801359
-0.0666687
-0.0594896
-0.0583393
-0.0616381
-0.0672511
-0.0728533
-0.0764422
-0.0764869
-0.0722526
-0.0636786
-0.0513468
-0.0360419
-0.0186049
0.0003634
0.0203534
0.0409910
0.0618522
0.0827201
0.1036729
0.1253991
0.1490151
0.1759213
0.2072084
0.2432861
0.2832831
0.3250320
0.3653498
0.4012030
0.4307555
0.4542153
0.4734786
0.4912334
0.5094609
0.5285007
0.5464869
0.5598116
0.5639071
0.5546701
0.5296061
0.4888616
0.4352169
0.3735375
0.3093720
0.2477599
0.1921021
0.1438752
0.1026112
0.0666200
0.0336996
0.0021594
-0.0287492
-0.0586546
-0.0866731
-0.1118598
-0.1336716
-0.1517009
-0.1654854
-0.1741977
-0.1770173
-0.1734796
-0.1640944
-0.1504078
-0.1350053
-0.1208873
-0.1109218
-0.1069760
-0.1095326
-0.1173927
-0.1281678
-0.1388891
-0.1470585
-0.1511822
-0.1511243
-0.1476941
-0.1422968
-0.1363024
-0.1308517
-0.1265062
-0.1233392
-0.1208955
-0.1186219
-0.1160762
-0.1133673
-0.1110624
-0.1100443
-0.1107826
-0.1129795
-0.1154076
-0.1166189
-0.1155195
-0.1119140
-0.1062342
-0.0992730
-0.0916758
-0.0839789
-0.0765103
-0.0695869
-0.0633209
-0.0577233
-0.0526407
-0.0481870
-0.0448838
-0.0438277
-0.0461069
-0.0522274
-0.0613255
-0.0712178
-0.0788792
-0.0817590
-0.0787326
-0.0706896
-0.0599036
-0.0490877
-0.0401227
-0.0336371
-0.0289997
-0.0251213
-0.0210525
-0.0166864
-0.0127543
-0.0106649
-0.0116545
-0.0161726
-0.0232930
-0.0310755
-0.0371813
-0.0399726
-0.0389878
-0.0351454
-0.0300612
-0.0254120
-0.0221364
-0.0204102
-0.0197574
-0.0196539
-0.0196643
-0.0196409
-0.0194777
-0.0192154
-0.0188826
-0.0186646
-0.0187367
-0.0194107
-0.0209246
-0.0234688
-0.0268375
-0.0305092
-0.0336754
-0.0358217
-0.0369364
-0.0377338
-0.0392140
-0.0423587
-0.0475200
-0.0543316
-0.0616126
-0.0679113
-0.0719300
-0.0732879
-0.0726790
-0.0718051
-0.0724085
-0.0754278
-0.0802085
-0.0848642
-0.0870941
-0.0855886
-0.0806558
-0.0742826
-0.0690531
-0.0671385
-0.0693320
-0.0750805
-0.0826765
-0.0899128
-0.0943511
-0.0939261
-0.0873207
-0.0746931
-0.0577720
-0.0396861
-0.0238730
-0.0131148
-0.0085443
-0.0096369
-0.0145143
-0.0209009
-0.0266299
-0.0301356
-0.0303436
-0.0268982
-0.0202081
-0.0118701
-0.0044965
-0.0013856
-0.0053869
-0.0180008
-0.0385374
-0.0643666
-0.0915874
-0.1164652
-0.1364133
-0.1507002
-0.1600183
-0.1658709
-0.1696078
-0.1721886
-0.1740673
-0.1757243
-0.1778821
-0.1818008
-0.1887373
-0.1992861
-0.2122756
-0.2244863
-0.2309665
-0.2267953
-0.2092842
-0.1804723
-0.1480720
-0.1246069
-0.1237934
-0.1555212
-0.2201677
-0.3048336
-0.3826532
-0.4170982
-0.3705246
-0.2159760
0.0517224
0.4089588
0.8045758
1.1697988
1.4353877
1.5501557
1.4952573
1.2886025
0.9786735
0.6296768
0.3041553
0.0480400
-0.1172738
-0.1953411
-0.2081131
-0.1860587
-0.1577555
-0.1426414
-0.1478150
-0.1696007
-0.1978051
-0.2213192
-0.2323617
-0.2288584
-0.2140159
-0.1944398
-0.1771225
-0.1670890
-0.1657453
-0.1710035
-0.1783371
-0.1829632
-0.1816070
-0.1738003
-0.1615793
-0.1484911
-0.1377910
-0.1313181
-0.1288336
-0.1286403
-0.1284073
-0.1264219
-0.1220547
-0.1159357
-0.1091871
-0.1028550
-0.0972635
-0.0922302
-0.0871793
-0.0815347
-0.0744813
-0.0650146
-0.0518285
-0.0339213
-0.0109813
0.0160349
0.0451506
0.0737325
0.0995546
0.1214697
0.1400840
0.1574666
0.1767035
0.2007494
0.2316310
0.2695537
0.3129600
0.3588705
0.4040622
0.4458736
0.4829880
0.5152461
0.5433357
0.5678451
0.5887897
0.6051462
0.6153051
0.6175293
0.6108604
0.5953219
0.5719447
0.5418684
0.5057224
0.4630766
0.4130331
0.3549625
0.2896578
0.2196503
0.1492595
0.0836420
0.0278646
-0.0144335
-0.0416183
-0.0544667
-0.0556560
-0.0493236
-0.0400706
-0.0322926
-0.0291062
-0.0318537
-0.0396889
-0.0502668
-0.0606460
-0.0687618
-0.0740696
-0.0777556
-0.0817139
-0.0874995
-0.0950435
-0.1024764
-0.1065113
-0.1040412
-0.0935338
-0.0762398
-0.0558572
-0.0374999
-0.0257399
-0.0233314
-0.0303659
-0.0447947
-0.0632006
-0.0821409
-0.0987707
-0.1113516
-0.1189249
-0.1212943
-0.1187313
-0.1122307
-0.1033153
-0.0940508
-0.0863612
-0.0815925
-0.0798305
-0.0801869
-0.0812609
-0.0821915
-0.0828617
-0.0838097
-0.0852564
-0.0867070
-0.0868194
-0.0844150
-0.0792613
-0.0727347
-0.0670962
-0.0644862
-0.0655614
-0.0693577
-0.0736913
-0.0765027
-0.0765938
-0.0741268
-0.0700011
-0.0653632
-0.0608930
-0.0569974
-0.0539423
-0.0524394
-0.0534634
-0.0580373
-0.0663106
-0.0772359
-0.0883816
-0.0968841
-0.1003790
-0.0982184
-0.0915893
-0.0832491
-0.0762260
-0.0728645
-0.0738560
-0.0784185
-0.0846565
-0.0906482
-0.0949797
-0.0973366
-0.0981763
-0.0985087
-0.0991665
-0.1007182
-0.1032032
-0.1064744
-0.1100834
-0.1135477
-0.1161816
-0.1175267
-0.1174888
-0.1168742
-0.1170712
-0.1196466
-0.1252209
-0.1330770
-0.1410200
-0.1464836
-0.1475834
-0.1443464
-0.1386116
-0.1334132
-0.1313127
-0.1332725
-0.1377993
-0.1416528
-0.1410619
-0.1337446
-0.1199275
-0.1026749
-0.0865518
-0.0761009
-0.0739708
-0.0802642
-0.0924213
-0.1064561
-0.1181742
-0.1247571
-0.1252777
-0.1208690
-0.1137061
-0.1061385
-0.0994922
-0.0938752
-0.0881880
-0.0811698
-0.0720898
-0.0614772
-0.0506017
-0.0408687
-0.0327168
-0.0255279
-0.0177765
-0.0081705
0.0037201
0.0168929
0.0295774
0.0398909
0.0469289
0.0508072
0.0524789
0.0525805
0.0508216
0.0454741
0.0342221
0.0151689
-0.0116504
-0.0439779
-0.0775893
-0.1078412
-0.1308631
-0.1447526
-0.1494554
-0.1464991
-0.1379997
-0.1263571
-0.1137819
-0.1025664
-0.0948492
-0.0927205
-0.0975879
-0.1098902
-0.1283234
-0.1498723
-0.1698581
-0.1831446
-0.1853559
-0.1748375
-0.1538627
-0.1294985
-0.1124031
-0.1141942
-0.1425723
-0.1963305
-0.2611055
-0.3092152
-0.3042280
-0.2113031
-0.0098280
0.2949899
0.6675056
1.0461374
1.3579309
1.5381871
1.5496398
1.3933019
1.1078738
0.7570052
0.4103574
0.1245068
-0.0690568
-0.1670759
-0.1886137
-0.1646737
-0.1265853
-0.0977963
-0.0897404
-0.1027614
-0.1295221
-0.1600354
-0.1855039
-0.2010705
-0.2060959
-0.2034034
-0.1970844
-0.1908425
-0.1864615
-0.1838451
-0.1813911
-0.1774274
-0.1710094
-0.1626944
-0.1539507
-0.1466327
-0.1419181
-0.1402069
-0.1408245
-0.1425247
-0.1435456
-0.1423463
-0.1377825
-0.1297330
-0.1188690
-0.1066904
-0.0947560
-0.0844728
-0.0764553
-0.0707308
-0.0665871
-0.0631124
-0.0590936
-0.0534351
-0.0449821
-0.0330074
-0.0171151
0.0023586
0.0247512
0.0490841
0.0747952
0.1018283
0.1311405
0.1642905
0.2032625
0.2493370
0.3024491
0.3601951
0.4181746
0.4706924
0.5128582
0.5421213
0.5595493
0.5689895
0.5755333
0.5829186
0.5922089
0.6011445
0.6054240
0.6001104
0.5817289
0.5491560
0.5042202
0.4507390
0.3936039
0.3370722
0.2839937
0.2349990
0.1890697
0.1440548
0.0981142
0.0503650
0.0017108
-0.0455864
-0.0881690
-0.1227781
-0.1467705
-0.1590542
-0.1599992
-0.1517146
-0.1374385
-0.1214312
-0.1080079
-0.1011011
-0.1031207
-0.1146652
-0.1338941
-0.1570954
-0.1791748
-0.1953555
-0.2022720
-0.1992607
-0.1880741
-0.1724326
-0.1563459
-0.1431132
-0.1340863
-0.1289109
-0.1257944
-0.1229038
-0.1190001
-0.1143405
-0.1102161
-0.1086617
-0.1112098
-0.1185055
-0.1295707
-0.1422581
-0.1533839
-0.1599088
-0.1595269
-0.1518704
-0.1384805
-0.1227532
-0.1084053
-0.0984076
-0.0935310
-0.0925196
-0.0924567
-0.0904642
-0.0845891
-0.0748830
-0.0629297
-0.0515070
-0.0431872
-0.0398255
-0.0416823
-0.0478755
-0.0564829
-0.0655807
-0.0733446
-0.0786949
-0.0809657
-0.0802689
-0.0769629
-0.0718858
-0.0658300
-0.0599162
-0.0551586
-0.0527167
-0.0531534
-0.0564830
-0.0615701
-0.0666825
-0.0695276
-0.0683448
-0.0622061
-0.0519450
-0.0397247
-0.0288119
-0.0220451
-0.0211764
-0.0258439
-0.0341049
-0.0427171
-0.0486512
-0.0497249
-0.0457217
-0.0379700
-0.0291692
-0.0219815
-0.0185796
-0.0196600
-0.0248125
-0.0323364
-0.0401408
-0.0458063
-0.0476442
-0.0448712
-0.0385142
-0.0308603
-0.0251773
-0.0240513
-0.0287230
-0.0380718
-0.0494260
-0.0591287
-0.0642901
-0.0633268
-0.0569422
-0.0474743
-0.0385534
-0.0333466
-0.0338780
-0.0399793
-0.0500617
-0.0614663
-0.0719480
-0.0798504
-0.0847965
-0.0869453
-0.0871633
-0.0862690
-0.0854207
-0.0854217
-0.0869482
-0.0896599
-0.0925267
-0.0934536
-0.0904300
-0.0818678
-0.0678967
-0.0500337
-0.0313000
-0.0148049
-0.0033983
0.0015595
-0.0000297
-0.0064590
-0.0151827
-0.0229389
-0.0271468
-0.0260495
-0.0197094
-0.0093664
0.0025188
0.0137339
0.0225464
0.0286656
0.0323157
0.0340173
0.0331843
0.0285161
0.0179660
0.0003061
-0.0248298
-0.0549811
-0.0868439
-0.1163350
-0.1401596
-0.1560259
-0.1636856
-0.1641433
-0.1597208
-0.1526720
-0.1454132
-0.1398215
-0.1380606
-0.1418014
-0.1524181
-0.1695463
-0.1912422
-0.2133521
-0.2311010
-0.2397922
-0.2370893
-0.2235354
-0.2039228
-0.1862011
-0.1806395
-0.1960923
-0.2366967
-0.2968131
-0.3590083
-0.3940158
-0.3672865
-0.2485072
-0.0245265
0.2920402
0.6596292
1.0156457
1.2910229
1.4302191
1.4066134
1.2307944
0.9455466
0.6128835
0.2950267
0.0394647
-0.1308350
-0.2169616
-0.2386899
-0.2237686
-0.1992427
-0.1836113
-0.1849817
-0.2011285
-0.2242526
-0.2446614
-0.2557908
-0.2552759
-0.2459442
-0.2329558
-0.2223984
-0.2180169
-0.2212116
-0.2299903
-0.2411180
-0.2502924
-0.2545633
-0.2519905
-0.2432374
-0.2301238
-0.2161773
-0.2043597
-0.1974223
-0.1959406
-0.1994956
-0.2055989
-0.2117333
-0.2147290
-0.2129634
-0.2054142
-0.1933903
-0.1788576
-0.1654387
-0.1558423
-0.1523522
-0.1542914
-0.1595880
-0.1637687
-0.1630701
-0.1539583
-0.1358705
-0.1094471
-0.0779740
-0.0443917
-0.0123370
0.0167923
0.0420439
0.0651774
0.0878755
0.1132882
0.1424628
0.1761138
0.2117983
0.2473340
0.2790237
0.3057472
0.3263764
0.3428772
0.3560548
0.3680872
0.3777950
0.3842498
0.3828288
0.3707919
0.3438808
0.3027155
0.2475386
0.1836655
0.1135375
0.0429189
-0.0279602
-0.0949061
-0.1603198
-0.2199220
-0.2789085
-0.3298631
