0.0329637
0.0594546
0.0946669
0.1198400
0.1350886
0.1330221
0.1142389
0.0778078
0.0297245
-0.0240630
-0.0733724
-0.1108983
-0.1304286
-0.1325378
-0.1213199
-0.1059224
-0.0947025
-0.0949378
-0.1082928
-0.1326430
-0.1608104
-0.1847931
-0.1967218
-0.1936532
-0.1777364
-0.1577832
-0.1450336
-0.1500159
-0.1759091
-0.2161910
-0.2525998
-0.2596523
-0.2104076
-0.0870331
0.1112756
0.3617241
0.6200592
0.8283505
0.9311451
0.8916251
0.7055428
0.4036812
0.0444999
-0.3037420
-0.5813387
-0.7522842
-0.8086973
-0.7676992
-0.6609343
-0.5241944
-0.3878044
-0.2724628
-0.1877093
-0.1344986
-0.1075978
-0.0992140
-0.1007812
-0.1052980
-0.1077393
-0.1058959
-0.0994295
-0.0896737
-0.0782120
-0.0666154
-0.0553743
-0.0442964
-0.0324024
-0.0191682
-0.0047101
0.0095961
0.0220876
0.0312563
0.0369909
0.0403888
0.0437203
0.0490162
0.0574424
0.0683388
0.0798380
0.0893664
0.0952116
0.0971294
0.0970644
0.0983001
0.1046245
0.1185166
0.1403608
0.1678624
0.1971902
0.2241385
0.2459138
0.2616650
0.2727471
0.2815718
0.2906468
0.3011895
0.3129710
0.3243936
0.3336653
0.3394993
0.3419577
0.3421315
0.3417320
0.3419079
0.3426940
0.3424588
0.3384393
0.3274131
0.3071406
0.2772475
0.2398623
0.1988931
0.1588866
0.1233431
0.0939426
0.0703653
0.0511681
0.0346157
0.0195447
0.0055168
-0.0073039
-0.0186497
-0.0285296
-0.0373797
-0.0461491
-0.0553193
-0.0653703
-0.0764710
-0.0868742
-0.0944030
-0.0968147
-0.0932618
-0.0843848
-0.0724210
-0.0600023
-0.0494126
-0.0414917
-0.0357581
-0.0306952
-0.0250657
-0.0186654
-0.0130048
-0.0106214
-0.0141450
-0.0247241
-0.0414006
-0.0609312
-0.0789160
-0.0909668
-0.0942485
-0.0881285
-0.0745017
-0.0569381
-0.0396613
-0.0260567
-0.0180168
-0.0156675
-0.0180708
-0.0237208
-0.0311343
-0.0387523
-0.0450821
-0.0486647
-0.0486116
-0.0448278
-0.0382463
-0.0302947
-0.0224376
-0.0155061
-0.0096764
-0.0044919
0.0006365
0.0062338
0.0123565
0.0185917
0.0239327
0.0271321
0.0269165
0.0225353
0.0140435
0.0027625
-0.0088457
-0.0175684
-0.0205753
-0.0164137
-0.0058566
0.0083247
0.0222021
0.0322458
0.0364756
0.0351772
0.0305145
0.0256413
0.0232172
0.0243186
0.0278403
0.0311432
0.0313292
0.0269289
0.0187272
0.0095890
0.0029643
0.0012934
0.0048879
0.0122040
0.0208234
0.0287476
0.0348870
0.0389776
0.0409479
0.0406698
0.0379536
0.0329830
0.0264528
0.0195284
0.0133090
0.0084437
0.0048620
0.0020956
-0.0002989
-0.0021964
-0.0028963
-0.0014215
0.0027665
0.0093900
0.0173297
0.0252645
0.0322984
0.0384412
0.0443974
0.0510659
0.0587838
0.0669456
0.0738615
0.0771545
0.0743613
0.0638730
0.0456090
0.0213479
-0.0056863
-0.0315564
-0.0526659
-0.0666502
-0.0731794
-0.0741724
-0.0734225
-0.0753083
-0.0831305
-0.0974741
-0.1156155
-0.1322567
-0.1417460
-0.1407926
-0.1307426
-0.1180813
-0.1127848
-0.1244795
-0.1576442
-0.2073032
-0.2572848
-0.2822339
-0.2539024
-0.1503944
0.0339483
0.2816536
0.5513381
0.7850710
0.9228371
0.9203928
0.7643081
0.4784074
0.1181931
-0.2450946
-0.5450159
-0.7372242
-0.8079957
-0.7723741
-0.6646462
-0.5255616
-0.3909160
-0.2842818
-0.2149697
-0.1802184
-0.1698965
-0.1715530
-0.1744461
-0.1716768
-0.1606344
-0.1421679
-0.1192657
-0.0955729
-0.0741978
-0.0569204
-0.0440783
-0.0349199
-0.0282592
-0.0229767
-0.0183304
-0.0139627
-0.0097954
-0.0057480
-0.0014729
0.0038377
0.0112556
0.0216162
0.0348608
0.0497457
0.0641114
0.0757631
0.0834537
0.0875625
0.0900621
0.0938762
0.1017795
0.1153095
0.1340234
0.1555507
0.1764511
0.1936519
0.2057425
0.2135807
0.2198825
0.2281031
0.2410676
0.2599738
0.2840246
0.3107667
0.3368122
0.3586722
0.3733984
0.3790394
0.3748851
0.3615671
0.3409024
0.3154985
0.2881286
0.2610984
0.2357487
0.2123059
0.1900596
0.1678112
0.1443753
0.1190387
0.0918349
0.0636294
0.0359796
0.0108198
-0.0100550
-0.0256028
-0.0360632
-0.0430456
-0.0490016
-0.0562235
-0.0659046
-0.0777188
-0.0900872
-0.1009062
-0.1084053
-0.1117690
-0.1113273
-0.1082731
-0.1040755
-0.0998544
-0.0960534
-0.0926035
-0.0894880
-0.0872854
-0.0872330
-0.0906636
-0.0981289
-0.1087465
-0.1201796
-0.1293340
-0.1335390
-0.1317453
-0.1251573
-0.1168813
-0.1106558
-0.1092708
-0.1134492
-0.1216734
-0.1309255
-0.1379466
-0.1404426
-0.1377721
-0.1308688
-0.1215041
-0.1112905
-0.1009972
-0.0905220
-0.0795048
-0.0681421
-0.0576521
-0.0499849
-0.0468928
-0.0488843
-0.0547520
-0.0619808
-0.0678495
-0.0705772
-0.0699223
-0.0669312
-0.0631001
-0.0594730
-0.0562333
-0.0529264
-0.0491124
-0.0449164
-0.0411062
-0.0386276
-0.0380156
-0.0390883
-0.0411258
-0.0432649
-0.0448421
-0.0455223
-0.0453692
-0.0448924
-0.0450241
-0.0467915
-0.0507480
-0.0564517
-0.0624828
-0.0670659
-0.0689901
-0.0681868
-0.0656665
-0.0628513
-0.0607849
-0.0596059
-0.0586266
-0.0569387
-0.0542537
-0.0513459
-0.0497948
-0.0511152
-0.0559016
-0.0634297
-0.0719276
-0.0792395
-0.0836180
-0.0842794
-0.0816095
-0.0768801
-0.0716710
-0.0671845
-0.0638124
-0.0610192
-0.0576130
-0.0522230
-0.0438819
-0.0323764
-0.0183098
-0.0029189
0.0120081
0.0241416
0.0307220
0.0291948
0.0182763
-0.0009560
-0.0247428
-0.0474350
-0.0633502
-0.0689187
-0.0642776
-0.0534654
-0.0431301
-0.0401190
-0.0489098
-0.0696901
-0.0978789
-0.1252826
-0.1427409
-0.1433590
-0.1252836
-0.0928599
-0.0557701
-0.0263106
-0.0157414
-0.0305599
-0.0696084
-0.1225526
-0.1704504
-0.1888299
-0.1534857
-0.0480720
0.1282992
0.3562284
0.5964277
0.7968355
0.9055026
0.8859889
0.7299371
0.4617869
0.1328798
-0.1932528
-0.4589573
-0.6269725
-0.6868738
-0.6526284
-0.5540666
-0.4262016
-0.3000593
-0.1968864
-0.1262837
-0.0874862
-0.0727713
-0.0715709
-0.0741945
-0.0741229
-0.0686821
-0.0582542
-0.0448612
-0.0307522
-0.0176355
-0.0065022
0.0020969
0.0078510
0.0106862
0.0110727
0.0102254
0.0100461
0.0125901
0.0193900
0.0308070
0.0458010
0.0621053
0.0769353
0.0878664
0.0936529
0.0945524
0.0922701
0.0895038
0.0893539
0.0945408
0.1067190
0.1259270
0.1505148
0.1774764
0.2032501
0.2245909
0.2394072
0.2472354
0.2494374
0.2489179
0.2494483
0.2544667
0.2658310
0.2829617
0.3030387
0.3220973
0.3366122
0.3446156
0.3460078
0.3419291
0.3337860
0.3223207
0.3073227
0.2879420
0.2635325
0.2344107
0.2022786
0.1699005
0.1402041
0.1149932
0.0940915
0.0753373
0.0556818
0.0326947
0.0058519
-0.0231990
-0.0513680
-0.0755717
-0.0939566
-0.1064719
-0.1145157
-0.1201688
-0.1253188
-0.1311819
-0.1380922
-0.1455884
-0.1524938
-0.1571902
-0.1579842
-0.1537317
-0.1443780
-0.1313549
-0.1174474
-0.1062178
-0.1008969
-0.1032537
-0.1127694
-0.1267684
-0.1414215
-0.1533731
-0.1610169
-0.1649239
-0.1670708
-0.1695136
-0.1731012
-0.1770731
-0.1795275
-0.1785800
-0.1733363
-0.1643029
-0.1529471
-0.1409830
-0.1297318
-0.1200455
-0.1124834
-0.1075678
-0.1056751
-0.1068314
-0.1104588
-0.1154530
-0.1204174
-0.1241120
-0.1256801
-0.1246972
-0.1209525
-0.1144769
-0.1057617
-0.0961217
-0.0875662
-0.0821960
-0.0812258
-0.0844299
-0.0902078
-0.0963725
-0.1010133
-0.1032167
-0.1032195
-0.1021639
-0.1013866
-0.1017761
-0.1033261
-0.1052119
-0.1060595
-0.1044400
-0.0992774
-0.0903176
-0.0783321
-0.0651296
-0.0531143
-0.0446795
-0.0414100
-0.0435600
-0.0498150
-0.0576289
-0.0638291
-0.0655482
-0.0610935
-0.0507271
-0.0368044
-0.0232611
-0.0143539
-0.0133057
-0.0211208
-0.0361449
-0.0543326
-0.0704099
-0.0794411
-0.0785427
-0.0679142
-0.0508685
-0.0324757
-0.0175057
-0.0084193
-0.0046098
-0.0030599
-0.0001917
0.0063206
0.0165061
0.0284629
0.0396459
0.0485591
0.0557373
0.0636073
0.0749527
0.0908996
0.1093601
0.1251828
0.1319945
0.1251459
0.1041018
0.0732322
0.0403339
0.0137471
-0.0007956
-0.0019902
0.0070080
0.0203526
0.0318718
0.0371262
0.0342745
0.0240714
0.0092461
-0.0061138
-0.0174123
-0.0206948
-0.0144501
-0.0012282
0.0118746
0.0150692
-0.0002215
-0.0363797
-0.0857000
-0.1293264
-0.1405610
-0.0922490
0.0332445
0.2348206
0.4875257
0.7445534
0.9469522
1.0394304
0.9874744
0.7899429
0.4815534
0.1236474
-0.2139048
-0.4724817
-0.6191008
-0.6509287
-0.5903526
-0.4739123
-0.3400213
-0.2191510
-0.1288713
-0.0736554
-0.0483355
-0.0429016
-0.0469895
-0.0526379
-0.0553252
-0.0534990
-0.0475634
-0.0386396
-0.0277044
-0.0150887
-0.0007361
0.0151435
0.0312587
0.0451872
0.0541463
0.0564161
0.0522711
0.0440408
0.0350838
0.0285162
0.0261369
0.0282271
0.0338968
0.0418302
0.0507761
0.0599023
0.0688113
0.0775609
0.0864494
0.0958237
0.1057106
0.1157052
0.1250291
0.1330255
0.1395922
0.1455005
0.1521747
0.1612779
0.1740432
0.1908167
0.2107186
0.2318403
0.2517740
0.2685800
0.2814819
0.2910802
0.2986781
0.3053521
0.3111023
0.3147802
0.3145048
0.3084834
0.2955688
0.2755907
0.2492164
0.2178147
0.1832457
0.1478710
0.1143584
0.0853716
0.0628511
0.0473767
0.0376957
0.0310262
0.0239280
0.0136715
-0.0007894
-0.0184471
-0.0368224
-0.0529256
-0.0644271
-0.0703381
-0.0712329
-0.0687616
-0.0650135
-0.0617973
-0.0603413
-0.0611709
-0.0643024
-0.0692617
-0.0751240
-0.0804373
-0.0835477
-0.0831157
-0.0788816
-0.0720097
-0.0649982
-0.0608435
-0.0620042
-0.0693146
-0.0815549
-0.0956414
-0.1076938
-0.1143639
-0.1141607
-0.1079512
-0.0986709
-0.0900945
-0.0854065
-0.0858718
-0.0904311
-0.0961736
-0.0997359
-0.0986892
-0.0925253
-0.0826286
-0.0716558
-0.0623997
-0.0568203
-0.0552805
-0.0565223
-0.0581547
-0.0577453
-0.0538148
-0.0465998
-0.0380283
-0.0311659
-0.0290036
-0.0332397
-0.0432675
-0.0561316
-0.0673265
-0.0724637
-0.0688915
-0.0568598
-0.0394491
-0.0215044
-0.0077007
-0.0008163
-0.0007422
-0.0049498
-0.0098565
-0.0126088
-0.0121628
-0.0095296
-0.0069253
-0.0065567
-0.0094116
-0.0149341
-0.0214075
-0.0269630
-0.0303213
-0.0312108
-0.0301973
-0.0284680
-0.0274008
-0.0281977
-0.0312942
-0.0360383
-0.0406069
-0.0426232
-0.0400620
-0.0323358
-0.0207052
-0.0079884
0.0025780
0.0084567
0.0086345
0.0035879
-0.0051571
-0.0158002
-0.0267143
-0.0366946
-0.0447253
-0.0497705
-0.0505784
-0.0460320
-0.0356901
-0.0205042
-0.0029693
0.0132648
0.0245621
0.0285263
0.0250339
0.0163290
0.0063907
-0.0004497
-0.0008180
0.0065918
0.0206445
0.0378698
0.0533518
0.0619662
0.0599517
0.0459800
0.0215586
-0.0096583
-0.0429734
-0.0739559
-0.0992930
-0.1173942
-0.1284159
-0.1339983
-0.1364170
-0.1376707
-0.1385808
-0.1386232
-0.1363683
-0.1307243
-0.1222338
-0.1140874
-0.1118694
-0.1219889
-0.1486202
-0.1902033
-0.2364854
-0.2680716
-0.2595343
-0.1866204
-0.0356675
0.1875828
0.4537807
0.7128571
0.9049711
0.9768721
0.8989111
0.6760490
0.3483227
-0.0203430
-0.3605194
-0.6160621
-0.7564671
-0.7801001
-0.7089592
-0.5787792
-0.4280322
-0.2890683
-0.1826494
-0.1166133
-0.0877493
-0.0858736
-0.0981759
-0.1129505
-0.1218369
-0.1208643
-0.1101457
-0.0928244
-0.0733403
-0.0558604
-0.0430014
-0.0354465
-0.0321375
-0.0311290
-0.0303350
-0.0281223
-0.0233597
-0.0154943
-0.0045371
0.0087311
0.0228564
0.0359359
0.0462845
0.0529763
0.0562892
0.0575391
0.0587049
0.0617120
0.0679274
0.0777029
0.0904148
0.1046613
0.1188694
0.1318386
0.1433897
0.1545108
0.1671021
0.1830215
0.2031575
0.2266826
0.2511457
0.2730949
0.2893300
0.2980086
0.2994642
0.2960697
0.2914742
0.2891790
0.2912904
0.2975868
0.3055837
0.3113162
0.3108616
0.3016379
0.2832390
0.2572273
0.2264316
0.1938684
0.1620360
0.1323894
0.1053361
0.0803927
0.0567999
0.0340878
0.0126557
-0.0062798
-0.0211340
-0.0309105
-0.0358161
-0.0374300
-0.0379697
-0.0393423
-0.0422263
-0.0459918
-0.0491657
-0.0504783
-0.0496376
-0.0476999
-0.0464866
-0.0476413
-0.0515497
-0.0570715
-0.0620132
-0.0644427
-0.0637813
-0.0612872
-0.0593162
-0.0601208
-0.0646081
-0.0720251
-0.0803281
-0.0872344
-0.0910881
-0.0914924
-0.0892069
-0.0857651
-0.0827000
-0.0810010
-0.0806636
-0.0808321
-0.0802026
-0.0778835
-0.0739884
-0.0698919
-0.0675668
-0.0685378
-0.0726696
-0.0778521
-0.0806257
-0.0778687
-0.0683574
-0.0536079
-0.0372051
-0.0233550
-0.0151733
-0.0138021
-0.0182206
-0.0259299
-0.0338346
-0.0393735
-0.0412445
-0.0398282
-0.0368065
-0.0344248
-0.0343774
-0.0371388
-0.0416999
-0.0461309
-0.0483933
-0.0473625
-0.0432456
-0.0375093
-0.0320564
-0.0284178
-0.0270431
-0.0273106
-0.0278716
-0.0274676
-0.0255324
-0.0226273
-0.0201384
-0.0196580
-0.0220242
-0.0268529
-0.0325077
-0.0368601
-0.0381337
-0.0357456
-0.0304617
-0.0242009
-0.0192683
-0.0176028
-0.0199396
-0.0255765
-0.0325383
-0.0383730
-0.0408788
-0.0388224
-0.0321135
-0.0218187
-0.0097823
0.0016209
0.0099737
0.0132641
0.0106423
0.0028623
-0.0075348
-0.0168824
-0.0214662
-0.0190156
-0.0096263
0.0040309
0.0177560
0.0274337
0.0308947
0.0288573
0.0247863
0.0232763
0.0279289
0.0393554
0.0546416
0.0682616
0.0743664
0.0690569
0.0519964
0.0263832
-0.0022883
-0.0284044
-0.0480480
-0.0601262
-0.0661906
-0.0695137
-0.0734699
-0.0801395
-0.0892887
-0.0985184
-0.1043047
-0.1039526
-0.0973074
-0.0877716
-0.0817512
-0.0868729
-0.1088618
-0.1480484
-0.1961669
-0.2353244
-0.2402429
-0.1847696
-0.0511840
0.1601841
0.4251972
0.6969018
0.9149656
1.0215075
0.9790049
0.7835109
0.4680674
0.0939870
-0.2666914
-0.5513192
-0.7217573
-0.7704296
-0.7166297
-0.5965157
-0.4507967
-0.3143465
-0.2096396
-0.1449857
-0.1164739
-0.1125851
-0.1194033
-0.1252806
-0.1235013
-0.1129400
-0.0966217
-0.0794044
-0.0654329
-0.0566519
-0.0524204
-0.0504623
-0.0481528
-0.0437942
-0.0369601
-0.0282435
-0.0184579
-0.0082907
0.0017360
0.0108635
0.0181192
0.0225878
0.0241037
0.0235090
0.0225722
0.0232294
0.0268831
0.0337720
0.0430763
0.0533394
0.0633156
0.0724563
0.0811785
0.0905167
0.1017636
0.1159167
0.1334481
0.1540467
0.1767723
0.2002060
0.2228724
0.2433917
0.2607247
0.2741798
0.2836343
0.2895091
0.2927769
0.2945486
0.2957299
0.2965275
0.2963649
0.2938753
0.2873750
0.2753473
0.2571634
0.2333890
0.2058597
0.1770389
0.1492369
0.1236644
0.1001441
0.0773140
0.0536499
0.0284396
0.0024837
-0.0222503
-0.0434484
-0.0596212
-0.0706644
-0.0779071
-0.0832739
-0.0883400
-0.0934159
-0.0975410
-0.0990966
-0.0970942
-0.0920431
-0.0861918
-0.0826096
-0.0839770
-0.0913654
-0.1038776
-0.1187913
-0.1324040
-0.1409165
-0.1415746
-0.1334558
-0.1180299
-0.0988111
-0.0804961
-0.0674947
-0.0627482
-0.0667931
-0.0776988
-0.0915645
-0.1039015
-0.1110924
-0.1117201
-0.1068183
-0.0993057
-0.0925169
-0.0888831
-0.0889579
-0.0915066
-0.0941346
-0.0944929
-0.0911762
-0.0843630
-0.0756115
-0.0673078
-0.0615884
-0.0595197
-0.0605068
-0.0626095
-0.0632652
-0.0604453
-0.0533611
-0.0428310
-0.0308321
-0.0198516
-0.0119670
-0.0083886
-0.0091622
-0.0134038
-0.0195235
-0.0257471
-0.0304051
-0.0323258
-0.0308785
-0.0261561
-0.0189285
-0.0107152
-0.0033610
0.0015228
0.0034153
0.0031485
0.0026715
0.0039708
0.0080693
0.0143192
0.0207943
0.0251915
0.0260744
0.0234384
0.0187598
0.0142156
0.0118738
0.0128219
0.0168592
0.0223752
0.0268740
0.0276870
0.0230932
0.0130514
-0.0003933
-0.0136496
-0.0225639
-0.0239440
-0.0166600
-0.0022213
0.0158519
0.0331951
0.0461019
0.0523021
0.0512100
0.0434393
0.0304570
0.0142391
-0.0026768
-0.0174253
-0.0270732
-0.0293198
-0.0230183
-0.0086861
0.0116620
0.0349302
0.0577837
0.0771508
0.0906730
0.0967202
0.0945457
0.0842477
0.0669767
0.0448403
0.0207769
-0.0021528
-0.0215113
-0.0363401
-0.0472579
-0.0560839
-0.0648060
-0.0748084
-0.0862827
-0.0983410
-0.1092633
-0.1171613
-0.1205069
-0.1188672
-0.1132748
-0.1065514
-0.1030090
-0.1077775
-0.1251178
-0.1562157
-0.1965566
-0.2343566
-0.2508357
-0.2237047
-0.1334429
0.0284910
0.2525112
0.5075279
0.7444147
0.9066294
0.9462441
0.8398629
0.5985583
0.2666396
-0.0907480
-0.4069880
-0.6322613
-0.7445402
-0.7502565
-0.6768525
-0.5610204
-0.4374965
-0.3310517
-0.2534276
-0.2044577
-0.1763669
-0.1588205
-0.1433473
-0.1255683
-0.1054662
-0.0857747
-0.0699154
-0.0600427
-0.0562911
-0.0568684
-0.0591094
-0.0604753
-0.0594151
-0.0554006
-0.0487596
-0.0402222
-0.0308581
-0.0218933
-0.0146621
-0.0101133
-0.0084100
-0.0084490
-0.0080764
-0.0046553
0.0038157
0.0179985
0.0368797
0.0583078
0.0796624
0.0987538
0.1142286
0.1258153
0.1340037
0.1398478
0.1446737
0.1501946
0.1584066
0.1715062
0.1912574
0.2183496
0.2515709
0.2876768
0.3218208
0.3489813
0.3654588
0.3702052
0.3649566
0.3535259
0.3401996
0.3283593
0.3194186
0.3127778
0.3062465
0.2970878
0.2828232
0.2619852
0.2343368
0.2011198
0.1648368
0.1288566
0.0963541
0.0693887
0.0482045
0.0315444
0.0173454
0.0037956
-0.0101342
-0.0243827
-0.0381554
-0.0503257
-0.0601065
-0.0672793
-0.0723402
-0.0761609
-0.0797697
-0.0838964
-0.0888552
-0.0943793
-0.0998710
-0.1045194
-0.1076816
-0.1089978
-0.1086170
-0.1069788
-0.1046625
-0.1019900
-0.0990232
-0.0955351
-0.0913900
-0.0867555
-0.0824629
-0.0798495
-0.0804536
-0.0852002
-0.0938496
-0.1045951
-0.1145404
-0.1205429
-0.1205317
-0.1143032
-0.1038532
-0.0926223
-0.0843413
-0.0814892
-0.0844213
-0.0911176
-0.0981150
-0.1018203
-0.1000585
-0.0927292
-0.0817305
-0.0698568
-0.0597160
-0.0527696
-0.0492519
-0.0483698
-0.0489415
-0.0497176
-0.0497642
-0.0484574
-0.0456514
-0.0415695
-0.0368696
-0.0323486
-0.0287623
-0.0263925
-0.0250390
-0.0240655
-0.0229143
-0.0213896
-0.0199690
-0.0195358
-0.0210521
-0.0248700
-0.0304314
-0.0361019
-0.0397208
-0.0392805
-0.0339214
-0.0243371
-0.0127735
-0.0021753
0.0046605
0.0059674
0.0012075
-0.0088396
-0.0223627
-0.0365894
-0.0482467
-0.0540760
-0.0518643
-0.0412078
-0.0240745
-0.0043545
0.0131034
0.0241026
0.0263074
0.0200341
0.0078698
-0.0062899
-0.0188186
-0.0273809
-0.0313663
-0.0312166
-0.0276379
-0.0208502
-0.0107319
0.0027620
0.0188802
0.0359913
0.0517342
0.0636586
0.0696037
0.0682406
0.0592676
0.0436539
0.0233158
0.0007494
-0.0216697
-0.0419504
-0.0587106
-0.0709963
-0.0784367
-0.0813236
-0.0809280
-0.0792122
-0.0782503
-0.0790753
-0.0810474
-0.0818888
-0.0791531
-0.0721781
-0.0639184
-0.0608687
-0.0708322
-0.0984123
-0.1403739
-0.1827155
-0.2019713
-0.1709409
-0.0682195
0.1118497
0.3520967
0.6122080
0.8361869
0.9668250
0.9626136
0.8118121
0.5377119
0.1929608
-0.1557834
-0.4466314
-0.6381815
-0.7167096
-0.6943713
-0.6005052
-0.4707799
-0.3374755
-0.2236139
-0.1408718
-0.0909843
-0.0687175
-0.0654792
-0.0720207
-0.0803634
-0.0845861
-0.0813257
-0.0697086
-0.0512604
-0.0291812
-0.0074882
0.0102843
0.0219344
0.0271612
0.0272036
0.0242373
0.0203917
0.0172885
0.0157615
0.0161889
0.0186676
0.0233264
0.0302049
0.0392954
0.0503115
0.0627457
0.0757340
0.0883040
0.0995178
0.1089819
0.1170031
0.1246442
0.1330756
0.1430131
0.1541817
0.1656369
0.1763240
0.1859592
0.1952204
0.2055631
0.2183157
0.2340271
0.2519387
0.2702605
0.2866228
0.2989810
0.3061331
0.3081254
0.3059422
0.3011391
0.2951251
0.2888478
0.2824806
0.2756260
0.2673706
0.2565951
0.2419753
0.2222432
0.1962343
0.1633367
0.1238567
0.0797022
0.0344815
-0.0068904
-0.0397430
-0.0613048
-0.0720254
-0.0752903
-0.0760920
-0.0788625
-0.0859774
-0.0970685
-0.1097438
-0.1207189
-0.1272724
-0.1280147
-0.1233064
-0.1148363
-0.1051052
-0.0965342
-0.0909591
-0.0891287
-0.0908246
-0.0950196
-0.1004640
-0.1059527
-0.1106628
-0.1139892
-0.1155500
-0.1150118
-0.1123760
-0.1080653
-0.1031240
-0.0988684
-0.0966202
-0.0971686
-0.1006557
-0.1063858
-0.1130736
-0.1189701
-0.1224376
-0.1223807
-0.1188508
-0.1129738
-0.1066090
-0.1013578
-0.0979155
-0.0956719
-0.0932786
-0.0893764
-0.0835431
-0.0764783
-0.0698160
-0.0651435
-0.0631565
-0.0629225
-0.0622440
-0.0585695
-0.0504736
-0.0383941
-0.0247192
-0.0127551
-0.0056086
-0.0049598
-0.0106362
-0.0205572
-0.0315604
-0.0403561
-0.0447997
-0.0444516
-0.0406440
-0.0355553
-0.0312773
-0.0288258
-0.0279816
-0.0274263
-0.0255108
-0.0207998
-0.0127431
-0.0018178
0.0103281
0.0213037
0.0283938
0.0294575
0.0235510
0.0115516
-0.0040392
-0.0195978
-0.0315502
-0.0372871
-0.0360291
-0.0288436
-0.0183800
-0.0079261
-0.0005748
0.0018390
-0.0008076
-0.0067765
-0.0132916
-0.0175451
-0.0179798
-0.0147410
-0.0095653
-0.0046755
-0.0018053
-0.0013899
-0.0027781
-0.0047071
-0.0061448
-0.0064911
-0.0055704
-0.0030362
0.0018526
0.0103134
0.0232784
0.0405687
0.0599379
0.0771755
0.0870046
0.0850845
0.0697437
0.0431014
0.0104468
-0.0213824
-0.0464193
-0.0612364
-0.0658192
-0.0630090
-0.0574568
-0.0539426
-0.0560050
-0.0646332
-0.0779734
-0.0917414
-0.1009211
-0.1017568
-0.0938711
-0.0810642
-0.0707820
-0.0716005
-0.0898280
-0.1256024
-0.1703214
-0.2061134
-0.2088947
-0.1545246
-0.0275052
0.1707925
0.4169674
0.6669597
0.8646136
0.9566290
0.9090543
0.7198986
0.4218564
0.0737224
-0.2571577
-0.5139868
-0.6645047
-0.7051224
-0.6561644
-0.5512899
-0.4262422
-0.3098212
-0.2193475
-0.1600481
-0.1279190
-0.1138982
-0.1083476
-0.1039802
-0.0972205
-0.0875778
-0.0764175
-0.0654048
-0.0557681
-0.0478828
-0.0416013
-0.0364420
-0.0320025
-0.0278912
-0.0238356
-0.0194740
-0.0145397
-0.0088643
-0.0027295
0.0032234
0.0080658
0.0111895
0.0125869
0.0131519
0.0142985
0.0176262
0.0242376
0.0345199
0.0478747
0.0630164
0.0781703
0.0917214
0.1026126
0.1109498
0.1179636
0.1257871
0.1365146
0.1515164
0.1708030
0.1932364
0.2168230
0.2394009
0.2589085
0.2738732
0.2835623
0.2883151
0.2892122
0.2876545
0.2845232
0.2799913
0.2735757
0.2648566
0.2537539
0.2406422
0.2257672
0.2090420
0.1899919
0.1684613
0.1450233
0.1212296
0.0988966
0.0793340
0.0624316
0.0467231
0.0299178
0.0102193
-0.0127649
-0.0373889
-0.0604868
-0.0783226
-0.0882336
-0.0897327
-0.0850911
-0.0784401
-0.0742737
-0.0754531
-0.0822110
-0.0920270
-0.1009651
-0.1052839
-0.1031962
-0.0954828
-0.0853490
-0.0770849
-0.0746913
-0.0803761
-0.0939502
-0.1126479
-0.1320161
-0.1470221
-0.1536701
-0.1500504
-0.1370969
-0.1181630
-0.0980887
-0.0814688
-0.0713916
-0.0685541
-0.0716052
-0.0778359
-0.0844304
-0.0892045
-0.0912393
-0.0906929
-0.0885560
-0.0859001
-0.0835164
-0.0814634
-0.0792859
-0.0762347
-0.0719814
-0.0668681
-0.0620929
-0.0591039
-0.0590622
-0.0620565
-0.0670496
-0.0719910
-0.0746352
-0.0731457
-0.0668984
-0.0566018
-0.0443079
-0.0326867
-0.0243777
-0.0209753
-0.0226525
-0.0280188
-0.0348811
-0.0409491
-0.0447908
-0.0460711
-0.0456303
-0.0448168
-0.0449942
-0.0467965
-0.0499779
-0.0532576
-0.0548714
-0.0530980
-0.0472232
-0.0378955
-0.0272686
-0.0182149
-0.0135420
-0.0148913
-0.0223332
-0.0341320
-0.0473633
-0.0585600
-0.0648828
-0.0648588
-0.0590613
-0.0497696
-0.0402648
-0.0333749
-0.0305294
-0.0311461
-0.0332155
-0.0341219
-0.0319126
-0.0258879
-0.0169939
-0.0073412
0.0002849
0.0034621
0.0008626
-0.0068358
-0.0168785
-0.0247665
-0.0257035
-0.0160776
0.0049466
0.0350305
0.0689834
0.1002583
0.1223757
0.1305029
0.1222309
0.0982382
0.0621223
0.0200299
-0.0206966
-0.0529953
-0.0720070
-0.0761996
-0.0679719
-0.0527918
-0.0376857
-0.0288129
-0.0295741
-0.0392747
-0.0535526
-0.0658996
-0.0705712
-0.0652673
-0.0531192
-0.0422179
-0.0430738
-0.0638882
-0.1057988
-0.1592000
-0.2035668
-0.2110441
-0.1543160
-0.0163066
0.2005406
0.4696201
0.7422037
0.9577200
1.0595472
1.0123833
0.8144152
0.4999434
0.1300732
-0.2247106
-0.5041814
-0.6724686
-0.7232773
-0.6755878
-0.5638474
-0.4261918
-0.2950058
-0.1910606
-0.1223745
-0.0862032
-0.0734076
-0.0728233
-0.0750886
-0.0744446
-0.0691814
-0.0604251
-0.0507381
-0.0424337
-0.0368063
-0.0336553
-0.0317618
-0.0293084
-0.0247348
-0.0170325
-0.0061760
0.0070064
0.0207093
0.0326608
0.0406004
0.0433597
0.0413461
0.0367930
0.0328887
0.0328419
0.0385666
0.0501899
0.0658622
0.0827049
0.0978568
0.1098766
0.1191149
0.1275426
0.1374586
0.1504612
0.1665000
0.1841303
0.2010947
0.2155922
0.2268813
0.2356682
0.2434941
0.2522192
0.2631316
0.2766951
0.2921819
0.3079797
0.3217579
0.3312649
0.3347896
0.3318664
0.3232152
0.3106612
0.2962431
0.2814989
0.2664933
0.2498681
0.2292885
0.2028591
0.1701229
0.1328705
0.0945603
0.0592608
0.0299002
0.0075080
-0.0088693
-0.0209454
-0.0302208
-0.0371205
-0.0413677
-0.0425414
-0.0411116
-0.0385524
-0.0371828
-0.0391256
-0.0456717
-0.0565539
-0.0701245
-0.0835456
-0.0937084
-0.0978969
-0.0948825
-0.0853048
-0.0718785
-0.0584581
-0.0490454
-0.0463132
-0.0509388
-0.0611790
-0.0736634
-0.0843796
-0.0902864
-0.0901187
-0.0848521
-0.0769405
-0.0695550
-0.0653856
-0.0661841
-0.0722655
-0.0827901
-0.0958256
-0.1090155
-0.1199579
-0.1270893
-0.1299355
-0.1293399
-0.1266866
-0.1232744
-0.1194502
-0.1147935
-0.1084315
-0.1000083
-0.0899429
-0.0796233
-0.0706961
-0.0646406
-0.0620143
-0.0624742
-0.0647116
-0.0671384
-0.0682381
-0.0673143
-0.0645173
-0.0609312
-0.0578324
-0.0563250
-0.0567296
-0.0587787
-0.0616075
-0.0643436
-0.0662156
-0.0669918
-0.0667378
-0.0658895
-0.0648140
-0.0638661
-0.0629921
-0.0618989
-0.0599629
-0.0568595
-0.0527685
-0.0488288
-0.0466649
-0.0479659
-0.0534239
-0.0624265
-0.0728428
-0.0819172
-0.0870115
-0.0867119
-0.0809457
-0.0710371
-0.0589047
-0.0466575
-0.0358369
-0.0274578
-0.0218511
-0.0191595
-0.0192807
-0.0221382
-0.0273038
-0.0341261
-0.0414798
-0.0481894
-0.0530506
-0.0553701
-0.0548993
-0.0520822
-0.0475335
-0.0418399
-0.0348587
-0.0258334
-0.0135005
0.0028106
0.0225006
0.0429535
0.0601474
0.0695284
0.0677782
0.0538334
0.0297116
-0.0001661
-0.0299793
-0.0544633
-0.0701268
-0.0762996
-0.0747290
-0.0689592
-0.0627876
-0.0593110
-0.0597900
-0.0635956
-0.0682119
-0.0704052
-0.0673685
-0.0586556
-0.0472093
-0.0397899
-0.0449945
-0.0699213
-0.1152513
-0.1716537
-0.2185001
-0.2275490
-0.1705154
-0.0298147
0.1920533
0.4671719
0.7449835
0.9627626
1.0627457
1.0097156
0.8037563
0.4817354
0.1072843
-0.2482506
-0.5254494
-0.6909775
-0.7411961
-0.6970736
-0.5930309
-0.4655733
-0.3440618
-0.2464929
-0.1789525
-0.1386903
-0.1178941
-0.1078712
-0.1014136
-0.0943061
-0.0850453
-0.0745430
-0.0649164
-0.0587301
-0.0575235
-0.0612120
-0.0675484
-0.0731837
-0.0747996
-0.0708999
-0.0621789
-0.0513506
-0.0413443
-0.0339460
-0.0284982
-0.0225501
-0.0129776
0.0019078
0.0215877
0.0431304
0.0627550
0.0771189
0.0849092
0.0868977
0.0858122
0.0849687
0.0874743
0.0949943
0.1077533
0.1244406
0.1432607
0.1623797
0.1808613
0.1984665
0.2157574
0.2332163
0.2510857
0.2687509
0.2852929
0.2996379
0.3114512
0.3209534
0.3290290
0.3362700
0.3427849
0.3475319
0.3488168
0.3443785
0.3324655
0.3121213
0.2840135
0.2500936
0.2136323
0.1780542
0.1463483
0.1197818
0.0979824
0.0789255
0.0604231
0.0409495
0.0201695
-0.0008264
-0.0199172
-0.0353930
-0.0463507
-0.0535279
-0.0586646
-0.0641605
-0.0715741
-0.0812302
-0.0916292
-0.1005223
-0.1055415
-0.1056169
-0.1009259
-0.0930836
-0.0839931
-0.0755916
-0.0689759
-0.0649023
-0.0636313
-0.0656668
-0.0711998
-0.0802169
-0.0916480
-0.1038290
-0.1144267
-0.1216626
-0.1244904
-0.1234020
-0.1196912
-0.1153317
-0.1116720
-0.1093474
-0.1075883
-0.1051887
-0.1008712
-0.0947673
-0.0882584
-0.0840473
-0.0844148
-0.0904872
-0.1009122
-0.1126456
-0.1215147
-0.1243866
-0.1198382
-0.1091140
-0.0948707
-0.0805716
-0.0687156
-0.0608354
-0.0568557
-0.0561717
-0.0575764
-0.0603390
-0.0636527
-0.0671862
-0.0702684
-0.0725809
-0.0735924
-0.0734355
-0.0722828
-0.0709981
-0.0701231
-0.0702502
-0.0709681
-0.0715554
-0.0703904
-0.0661975
-0.0579008
-0.0461020
-0.0325701
-0.0207702
-0.0140192
-0.0150086
-0.0237366
-0.0379671
-0.0529362
-0.0638824
-0.0669821
-0.0616270
-0.0495527
-0.0348414
-0.0212470
-0.0116950
-0.0063393
-0.0038594
-0.0014223
0.0027241
0.0094134
0.0171746
0.0242133
0.0283209
0.0292633
0.0278052
0.0266878
0.0281588
0.0343647
0.0450751
0.0592933
0.0742859
0.0883363
0.0997494
0.1090180
0.1165210
0.1237954
0.1305044
0.1362815
0.1386328
0.1364318
0.1282419
0.1157396
0.1003081
0.0854988
0.0723595
0.0628803
0.0556011
0.0511653
0.0472020
0.0452932
0.0428364
0.0428668
