-0.1072391
-0.1622298
-0.1581211
-0.1742644
-0.1712809
-0.1756244
-0.1676487
-0.1650442
-0.1554241
-0.1521663
-0.1456238
-0.1454569
-0.1427737
-0.1446264
-0.1431913
-0.1446414
-0.1427867
-0.1435928
-0.1420770
-0.1436766
-0.1438360
-0.1470808
-0.1488995
-0.1530802
-0.1554031
-0.1593157
-0.1608982
-0.1631651
-0.1623770
-0.1614395
-0.1573404
-0.1534647
-0.1476696
-0.1435111
-0.1389285
-0.1366834
-0.1338207
-0.1317158
-0.1265290
-0.1190788
-0.1061103
-0.0896534
-0.0684703
-0.0464187
-0.0237950
-0.0049428
0.0099887
0.0175301
0.0184462
0.0104768
-0.0042877
-0.0261834
-0.0510651
-0.0773560
-0.1001497
-0.1184384
-0.1293678
-0.1345533
-0.1336683
-0.1297544
-0.1227321
-0.1147764
-0.1047990
-0.0944955
-0.0835633
-0.0753915
-0.0715419
-0.0758535
-0.0877165
-0.1052178
-0.1189009
-0.1164869
-0.0798764
0.0064398
0.1547968
0.3645487
0.6229564
0.9006486
1.1600583
1.3590094
1.4645213
1.4572034
1.3400986
1.1341521
0.8765729
0.6080195
0.3668975
0.1780211
0.0526930
-0.0142231
-0.0363057
-0.0331100
-0.0209474
-0.0126422
-0.0128101
-0.0221440
-0.0361922
-0.0511163
-0.0623442
-0.0688124
-0.0698241
-0.0675932
-0.0632895
-0.0593954
-0.0562533
-0.0549198
-0.0542739
-0.0541244
-0.0526332
-0.0494978
-0.0434709
-0.0352987
-0.0250047
-0.0143632
-0.0039393
0.0046980
0.0118043
0.0171044
0.0221300
0.0275535
0.0350516
0.0447093
0.0569298
0.0706300
0.0852376
0.1007526
0.1175745
0.1341418
0.1521239
0.1714460
0.1932423
0.2165877
0.2413569
0.2656684
0.2889149
0.3095088
0.3276453
0.3427666
0.3558098
0.3665312
0.3757614
0.3830700
0.3891730
0.3936320
0.3969693
0.3981940
0.3968724
0.3909991
0.3794703
0.3604016
0.3337305
0.2994211
0.2595392
0.2158322
0.1712034
0.1271443
0.0854485
0.0462713
0.0104011
-0.0223433
-0.0509846
-0.0753591
-0.0944487
-0.1085354
-0.1175066
-0.1227340
-0.1251014
-0.1265655
-0.1280233
-0.1308262
-0.1348649
-0.1403800
-0.1463913
-0.1526418
-0.1580175
-0.1623018
-0.1644863
-0.1645060
-0.1617120
-0.1567058
-0.1497853
-0.1424885
-0.1357146
-0.1309951
-0.1286086
-0.1290045
-0.1312320
-0.1346508
-0.1376541
-0.1395345
-0.1392434
-0.1370408
-0.1329252
-0.1278977
-0.1222030
-0.1166025
-0.1108658
-0.1053189
-0.0995747
-0.0941154
-0.0889263
-0.0848313
-0.0819065
-0.0806503
-0.0804453
-0.0809364
-0.0808645
-0.0797414
-0.0768074
-0.0725173
-0.0671609
-0.0619708
-0.0575366
-0.0548417
-0.0537783
-0.0543486
-0.0554535
-0.0563671
-0.0557794
-0.0533417
-0.0486201
-0.0423559
-0.0350938
-0.0281266
-0.0219824
-0.0173926
-0.0140064
-0.0116477
-0.0093428
-0.0067603
-0.0032698
0.0008289
0.0055584
0.0103063
0.0150720
0.0193107
0.0229528
0.0252558
0.0260114
0.0246279
0.0213649
0.0162560
0.0100566
0.0029833
-0.0043527
-0.0120176
-0.0196139
-0.0272114
-0.0342385
-0.0405382
-0.0454623
-0.0490741
-0.0512917
-0.0529363
-0.0546018
-0.0574026
-0.0617287
-0.0680782
-0.0760702
-0.0855126
-0.0955549
-0.1057296
-0.1150419
-0.1229893
-0.1287507
-0.1322940
-0.1335623
-0.1334008
-0.1324967
-0.1320555
-0.1326155
-0.1347369
-0.1380196
-0.1420946
-0.1459917
-0.1493573
-0.1518409
-0.1540385
-0.1564500
-0.1600039
-0.1648550
-0.1710446
-0.1776847
-0.1840365
-0.1890128
-0.1923271
-0.1938422
-0.1943733
-0.1946529
-0.1957935
-0.1980923
-0.2015654
-0.2051173
-0.2075981
-0.2074788
-0.2041384
-0.1974207
-0.1884664
-0.1786789
-0.1699980
-0.1635414
-0.1598424
-0.1578187
-0.1556553
-0.1506291
-0.1407207
-0.1247127
-0.1033735
-0.0785919
-0.0534825
-0.0308713
-0.0134000
-0.0025679
0.0004714
-0.0045831
-0.0179511
-0.0389047
-0.0661726
-0.0970981
-0.1285556
-0.1569277
-0.1796645
-0.1953235
-0.2044522
-0.2085312
-0.2098437
-0.2099948
-0.2100898
-0.2101258
-0.2101471
-0.2102907
-0.2119175
-0.2168747
-0.2272076
-0.2428362
-0.2601633
-0.2699079
-0.2576093
-0.2050321
-0.0950331
0.0833172
0.3284753
0.6234471
0.9354559
1.2214613
1.4364259
1.5444430
1.5272153
1.3893442
1.1565899
0.8698501
0.5746555
0.3114289
0.1070334
-0.0282494
-0.1001123
-0.1247540
-0.1227997
-0.1126044
-0.1067731
-0.1103499
-0.1225318
-0.1387443
-0.1540198
-0.1645516
-0.1691053
-0.1682676
-0.1641012
-0.1586361
-0.1536695
-0.1499469
-0.1477094
-0.1463827
-0.1453001
-0.1433921
-0.1398868
-0.1340479
-0.1259132
-0.1159416
-0.1054142
-0.0955895
-0.0876666
-0.0818327
-0.0775368
-0.0731852
-0.0671075
-0.0576996
-0.0443767
-0.0272825
-0.0075824
0.0133998
0.0341847
0.0539604
0.0723317
0.0897798
0.1070305
0.1251654
0.1448112
0.1663269
0.1893355
0.2133278
0.2374733
0.2612223
0.2839274
0.3052323
0.3246126
0.3418033
0.3564192
0.3683767
0.3774210
0.3834292
0.3859056
0.3843414
0.3778571
0.3657536
0.3473723
0.3227898
0.2926392
0.2584917
0.2221795
0.1857001
0.1503636
0.1169430
0.0854002
0.0556043
0.0273270
0.0008338
-0.0234661
-0.0447807
-0.0624943
-0.0760062
-0.0852601
-0.0904811
-0.0925032
-0.0922515
-0.0908488
-0.0890446
-0.0874527
-0.0862116
-0.0853924
-0.0847272
-0.0840144
-0.0828607
-0.0811120
-0.0786158
-0.0756075
-0.0723737
-0.0695120
-0.0674929
-0.0668366
-0.0676410
-0.0697933
-0.0726490
-0.0754707
-0.0773423
-0.0777336
-0.0763809
-0.0736495
-0.0701362
-0.0667768
-0.0643348
-0.0635481
-0.0647565
-0.0681741
-0.0735965
-0.0806949
-0.0887261
-0.0968297
-0.1038123
-0.1086064
-0.1102733
-0.1085936
-0.1039781
-0.0976795
-0.0911721
-0.0859205
-0.0826713
-0.0815446
-0.0819021
-0.0829468
-0.0838110
-0.0840506
-0.0834665
-0.0823236
-0.0809791
-0.0799660
-0.0795473
-0.0798065
-0.0803488
-0.0806447
-0.0799991
-0.0780429
-0.0746784
-0.0703802
-0.0658671
-0.0621118
-0.0598030
-0.0593156
-0.0603797
-0.0624230
-0.0646075
-0.0663458
-0.0672614
-0.0674298
-0.0670421
-0.0664828
-0.0660356
-0.0660961
-0.0669483
-0.0688935
-0.0718985
-0.0757067
-0.0796723
-0.0831537
-0.0855587
-0.0867538
-0.0869562
-0.0868872
-0.0873805
-0.0892673
-0.0928405
-0.0978230
-0.1032063
-0.1077665
-0.1103845
-0.1107015
-0.1091362
-0.1068999
-0.1053508
-0.1056380
-0.1081458
-0.1125893
-0.1180418
-0.1235013
-0.1281393
-0.1317504
-0.1345808
-0.1372184
-0.1400188
-0.1429684
-0.1455039
-0.1469619
-0.1468413
-0.1452691
-0.1428482
-0.1405336
-0.1390859
-0.1389369
-0.1399625
-0.1417613
-0.1437341
-0.1454440
-0.1465835
-0.1471164
-0.1470395
-0.1464073
-0.1451237
-0.1431142
-0.1402898
-0.1367692
-0.1327367
-0.1284777
-0.1241241
-0.1197192
-0.1151011
-0.1100815
-0.1043453
-0.0975616
-0.0892294
-0.0788156
-0.0657404
-0.0496940
-0.0307279
-0.0094874
0.0129541
0.0351603
0.0556528
0.0729220
0.0855469
0.0920588
0.0911475
0.0818989
0.0644474
0.0403492
0.0127283
-0.0144300
-0.0372852
-0.0533818
-0.0621926
-0.0650730
-0.0643434
-0.0622850
-0.0601683
-0.0580647
-0.0551873
-0.0509253
-0.0457634
-0.0418881
-0.0426940
-0.0514011
-0.0687473
-0.0908158
-0.1076504
-0.1038838
-0.0614875
0.0353611
0.1947187
0.4120070
0.6679230
0.9300990
1.1589514
1.3162241
1.3741839
1.3224962
1.1709355
0.9468839
0.6886497
0.4363450
0.2231007
0.0686846
-0.0227448
-0.0607192
-0.0631797
-0.0500290
-0.0374399
-0.0346739
-0.0436578
-0.0609414
-0.0806246
-0.0972063
-0.1073310
-0.1103778
-0.1079181
-0.1026646
-0.0972156
-0.0931896
-0.0908434
-0.0893637
-0.0874652
-0.0841186
-0.0789609
-0.0723931
-0.0652827
-0.0585901
-0.0529742
-0.0486115
-0.0451230
-0.0417024
-0.0372975
-0.0309304
-0.0219963
-0.0105429
0.0026877
0.0164352
0.0293732
0.0406092
0.0501042
0.0587589
0.0681705
0.0800643
0.0956559
0.1151422
0.1376085
0.1613802
0.1847180
0.2064789
0.2264407
0.2451040
0.2631351
0.2807650
0.2974986
0.3122495
0.3238007
0.3313264
0.3347235
0.3346087
0.3319813
0.3277043
0.3220087
0.3142581
0.3030761
0.2868267
0.2642201
0.2348161
0.1991948
0.1588121
0.1156176
0.0716724
0.0288570
-0.0112314
-0.0473097
-0.0783831
-0.1037821
-0.1231856
-0.1366828
-0.1447592
-0.1482573
-0.1482132
-0.1456921
-0.1415951
-0.1366145
-0.1312609
-0.1260048
-0.1212936
-0.1174879
-0.1146623
-0.1125417
-0.1105425
-0.1080179
-0.1044392
-0.0995383
-0.0932559
-0.0857183
-0.0771610
-0.0679674
-0.0586238
-0.0497087
-0.0417460
-0.0351355
-0.0300381
-0.0264082
-0.0239710
-0.0223159
-0.0209322
-0.0193893
-0.0174364
-0.0151524
-0.0128750
-0.0111015
-0.0102051
-0.0102840
-0.0110135
-0.0117694
-0.0117888
-0.0105385
-0.0079438
-0.0045826
-0.0015096
0.0000419
-0.0007962
-0.0042125
-0.0095683
-0.0157150
-0.0213775
-0.0256486
-0.0281556
-0.0291249
-0.0291320
-0.0289278
-0.0291440
-0.0302130
-0.0322301
-0.0350578
-0.0383660
-0.0418625
-0.0453453
-0.0488303
-0.0524313
-0.0563327
-0.0605865
-0.0651161
-0.0696362
-0.0738180
-0.0773259
-0.0800163
-0.0819211
-0.0833423
-0.0847103
-0.0865747
-0.0893999
-0.0935447
-0.0990864
-0.1058671
-0.1134066
-0.1210640
-0.1280718
-0.1337944
-0.1377826
-0.1399607
-0.1405262
-0.1399555
-0.1387548
-0.1374062
-0.1361587
-0.1351066
-0.1341528
-0.1332348
-0.1323262
-0.1315649
-0.1310684
-0.1309040
-0.1308745
-0.1306305
-0.1296872
-0.1277085
-0.1245116
-0.1201858
-0.1149116
-0.1090088
-0.1028020
-0.0967414
-0.0912722
-0.0868891
-0.0839125
-0.0824934
-0.0824296
-0.0833152
-0.0845429
-0.0855962
-0.0860924
-0.0860236
-0.0856646
-0.0856009
-0.0863702
-0.0882900
-0.0910957
-0.0940231
-0.0958665
-0.0954649
-0.0919614
-0.0852168
-0.0757616
-0.0647849
-0.0536535
-0.0435804
-0.0350548
-0.0277584
-0.0205563
-0.0120968
-0.0012755
0.0121713
0.0277222
0.0442176
0.0604384
0.0752525
0.0877268
0.0967131
0.1007606
0.0980697
0.0871641
0.0675085
0.0402611
0.0081865
-0.0248186
-0.0549715
-0.0795407
-0.0975864
-0.1096741
-0.1173193
-0.1219686
-0.1245862
-0.1254791
-0.1249258
-0.1236802
-0.1235788
-0.1272716
-0.1375266
-0.1555369
-0.1792433
-0.2016863
-0.2108222
-0.1908030
-0.1255484
-0.0034320
0.1775108
0.4062041
0.6578932
0.8977346
1.0875430
1.1946942
1.2000165
1.1028789
0.9212488
0.6873232
0.4394355
0.2132808
0.0342953
-0.0862008
-0.1510317
-0.1732377
-0.1705164
-0.1593506
-0.1512107
-0.1509439
-0.1579056
-0.1681983
-0.1775355
-0.1830005
-0.1839627
-0.1815251
-0.1777221
-0.1743030
-0.1722467
-0.1714110
-0.1709739
-0.1697250
-0.1667351
-0.1614898
-0.1541767
-0.1453926
-0.1360984
-0.1271383
-0.1191709
-0.1123173
-0.1063360
-0.1005371
-0.0941658
-0.0864194
-0.0768329
-0.0651976
-0.0517606
-0.0369088
-0.0211848
-0.0049218
0.0116415
0.0285709
0.0459990
0.0642630
0.0835919
0.1041611
0.1257551
0.1479519
0.1700507
0.1915166
0.2119797
0.2314986
0.2502271
0.2683964
0.2858917
0.3023574
0.3170196
0.3290534
0.3375779
0.3420433
0.3420856
0.3376877
0.3288300
0.3155780
0.2978313
0.2756439
0.2491964
0.2191699
0.1865186
0.1524933
0.1181313
0.0842556
0.0512109
0.0192368
-0.0115045
-0.0404883
-0.0669911
-0.0899919
-0.1086636
-0.1224482
-0.1315088
-0.1365398
-0.1387883
-0.1394200
-0.1393271
-0.1386717
-0.1372193
-0.1344811
-0.1303920
-0.1253479
-0.1203940
-0.1166591
-0.1151497
-0.1161578
-0.1193453
-0.1235783
-0.1274229
-0.1292791
-0.1280155
-0.1230455
-0.1147159
-0.1040021
-0.0925007
-0.0818348
-0.0735418
-0.0685356
-0.0671615
-0.0688941
-0.0726813
-0.0769490
-0.0801963
-0.0810984
-0.0790136
-0.0738530
-0.0663086
-0.0574415
-0.0486452
-0.0410320
-0.0353718
-0.0317112
-0.0297516
-0.0289029
-0.0288531
-0.0294639
-0.0309603
-0.0334652
-0.0370401
-0.0413073
-0.0457234
-0.0494441
-0.0517768
-0.0521402
-0.0505288
-0.0473561
-0.0436378
-0.0404348
-0.0387059
-0.0387046
-0.0401620
-0.0422481
-0.0442539
-0.0457010
-0.0467535
-0.0478098
-0.0494571
-0.0518870
-0.0549987
-0.0581597
-0.0606657
-0.0617119
-0.0608680
-0.0579198
-0.0531766
-0.0471731
-0.0408727
-0.0352678
-0.0314844
-0.0302959
-0.0321873
-0.0369155
-0.0437481
-0.0513101
-0.0581583
-0.0628982
-0.0648470
-0.0639759
-0.0611620
-0.0576045
-0.0546439
-0.0530396
-0.0530268
-0.0540983
-0.0556067
-0.0568833
-0.0578321
-0.0587171
-0.0602896
-0.0632018
-0.0680039
-0.0746550
-0.0827398
-0.0912169
-0.0988714
-0.1043116
-0.1066531
-0.1055859
-0.1018197
-0.0966184
-0.0916676
-0.0882898
-0.0874001
-0.0891155
-0.0931728
-0.0988425
-0.1054141
-0.1120038
-0.1179089
-0.1223552
-0.1248836
-0.1251582
-0.1233629
-0.1199018
-0.1155851
-0.1111103
-0.1071456
-0.1038806
-0.1013299
-0.0991498
-0.0971288
-0.0950265
-0.0929501
-0.0910240
-0.0896103
-0.0888485
-0.0887813
-0.0888644
-0.0881945
-0.0852915
-0.0787350
-0.0673457
-0.0510001
-0.0305874
-0.0082202
0.0135400
0.0319747
0.0450356
0.0512580
0.0500291
0.0410891
0.0247596
0.0017247
-0.0264395
-0.0574978
-0.0884501
-0.1163953
-0.1388880
-0.1548078
-0.1642120
-0.1684077
-0.1690647
-0.1679467
-0.1662303
-0.1648619
-0.1645725
-0.1666200
-0.1726034
-0.1843591
-0.2024768
-0.2249470
-0.2451652
-0.2514511
-0.2275659
-0.1560075
-0.0224800
0.1781915
0.4377520
0.7323265
1.0250265
1.2721553
1.4330300
1.4794888
1.4034484
1.2188364
0.9585141
0.6658916
0.3850303
0.1507748
-0.0171965
-0.1163643
-0.1581020
-0.1620086
-0.1487041
-0.1346287
-0.1288066
-0.1332008
-0.1445277
-0.1576489
-0.1678865
-0.1728781
-0.1724438
-0.1682421
-0.1623626
-0.1567368
-0.1522262
-0.1488678
-0.1457768
-0.1419559
-0.1364083
-0.1288251
-0.1193325
-0.1087169
-0.0977757
-0.0873574
-0.0777937
-0.0692212
-0.0613284
-0.0538798
-0.0464907
-0.0390466
-0.0313130
-0.0232117
-0.0143549
-0.0043431
0.0075649
0.0219123
0.0391488
0.0590572
0.0811031
0.1042622
0.1276982
0.1506664
0.1730042
0.1947036
0.2161010
0.2372842
0.2582826
0.2786169
0.2977331
0.3148084
0.3293580
0.3410515
0.3501453
0.3569857
0.3621171
0.3655987
0.3671672
0.3658261
0.3603868
0.3493942
0.3318626
0.3072050
0.2757966
0.2385999
0.1973798
0.1540365
0.1106704
0.0689281
0.0302229
-0.0046849
-0.0352307
-0.0613064
-0.0827589
-0.0997192
-0.1122374
-0.1207676
-0.1258841
-0.1286771
-0.1301929
-0.1315193
-0.1331014
-0.1350067
-0.1366346
-0.1373892
-0.1366251
-0.1343077
-0.1307095
-0.1266852
-0.1229865
-0.1203187
-0.1186993
-0.1178222
-0.1168609
-0.1152125
-0.1124153
-0.1086791
-0.1043736
-0.1001591
-0.0963092
-0.0929761
-0.0898434
-0.0867080
-0.0832491
-0.0795052
-0.0754397
-0.0712790
-0.0670504
-0.0629528
-0.0589237
-0.0550385
-0.0511240
-0.0472138
-0.0431828
-0.0391847
-0.0352569
-0.0317451
-0.0288799
-0.0271177
-0.0265883
-0.0273539
-0.0289207
-0.0307335
-0.0319899
-0.0323353
-0.0316290
-0.0303367
-0.0288867
-0.0277884
-0.0270107
-0.0264091
-0.0255150
-0.0242548
-0.0227449
-0.0217198
-0.0218747
-0.0239047
-0.0277246
-0.0327442
-0.0376023
-0.0410145
-0.0418605
-0.0399959
-0.0359182
-0.0309731
-0.0264971
-0.0237895
-0.0233543
-0.0252126
-0.0285682
-0.0325036
-0.0358934
-0.0381515
-0.0389722
-0.0387363
-0.0378732
-0.0370113
-0.0363083
-0.0357995
-0.0350491
-0.0337929
-0.0317208
-0.0290463
-0.0260557
-0.0233996
-0.0214308
-0.0204526
-0.0202126
-0.0204483
-0.0206713
-0.0208320
-0.0209579
-0.0214882
-0.0226007
-0.0244509
-0.0266619
-0.0288690
-0.0304646
-0.0312257
-0.0309799
-0.0301096
-0.0291041
-0.0289179
-0.0302865
-0.0338487
-0.0394249
-0.0464196
-0.0535896
-0.0599027
-0.0645051
-0.0674350
-0.0691670
-0.0708158
-0.0732824
-0.0773197
-0.0828350
-0.0893506
-0.0957987
-0.1013870
-0.1055207
-0.1084451
-0.1106970
-0.1132730
-0.1168224
-0.1218457
-0.1281116
-0.1351322
-0.1418061
-0.1470631
-0.1496458
-0.1488674
-0.1444103
-0.1369302
-0.1275210
-0.1178973
-0.1094738
-0.1033343
-0.0993728
-0.0966510
-0.0931868
-0.0870291
-0.0765424
-0.0614819
-0.0426907
-0.0222512
-0.0024084
0.0144855
0.0266669
0.0324055
0.0303540
0.0191890
-0.0014462
-0.0308302
-0.0663697
-0.1043527
-0.1403386
-0.1708030
-0.1936358
-0.2089999
-0.2184784
-0.2246443
-0.2295563
-0.2345527
-0.2396464
-0.2444479
-0.2484283
-0.2520954
-0.2567372
-0.2643999
-0.2760821
-0.2903563
-0.3010605
-0.2968883
-0.2617786
-0.1785334
-0.0333872
0.1777087
0.4449481
0.7426723
1.0327536
1.2712812
1.4188931
1.4499828
1.3597797
1.1652206
0.9011833
0.6114372
0.3388685
0.1158809
-0.0406578
-0.1307548
-0.1672520
-0.1700732
-0.1590227
-0.1491801
-0.1480157
-0.1562919
-0.1699012
-0.1834098
-0.1921189
-0.1939722
-0.1891705
-0.1798921
-0.1686619
-0.1579072
-0.1489111
-0.1422169
-0.1373005
-0.1334074
-0.1293953
-0.1245694
-0.1183839
-0.1110007
-0.1026371
-0.0938517
-0.0848266
-0.0757924
-0.0665219
-0.0569089
-0.0465278
-0.0352530
-0.0228598
-0.0096314
0.0041962
0.0181027
0.0320682
0.0462298
0.0613889
0.0782774
0.0977800
0.1201270
0.1452452
0.1722021
0.1998741
0.2267179
0.2516812
0.2739913
0.2937892
0.3114393
0.3277168
0.3429089
0.3571163
0.3697098
0.3800611
0.3873009
0.3910998
0.3912142
0.3879161
0.3812232
0.3711977
0.3572934
0.3389852
0.3155116
0.2867613
0.2529695
0.2152685
0.1749298
0.1335938
0.0924731
0.0527920
0.0152647
-0.0192850
-0.0504125
-0.0774728
-0.1001427
-0.1178777
-0.1305362
-0.1379861
-0.1408213
-0.1398815
-0.1367015
-0.1326951
-0.1293724
-0.1275053
-0.1275416
-0.1290821
-0.1316079
-0.1341697
-0.1361817
-0.1370212
-0.1366094
-0.1347596
-0.1316065
-0.1270024
-0.1211666
-0.1142898
-0.1071892
-0.1006494
-0.0956917
-0.0926549
-0.0915285
-0.0914231
-0.0914299
-0.0904718
-0.0882121
-0.0846174
-0.0804212
-0.0762914
-0.0730846
-0.0710248
-0.0701753
-0.0699489
-0.0698922
-0.0693486
-0.0681812
-0.0662129
-0.0637083
-0.0606856
-0.0574314
-0.0539425
-0.0505725
-0.0475092
-0.0453206
-0.0442355
-0.0445212
-0.0457391
-0.0473019
-0.0480740
-0.0473177
-0.0445178
-0.0402050
-0.0352845
-0.0312116
-0.0288573
-0.0286740
-0.0300154
-0.0319826
-0.0333074
-0.0334036
-0.0320440
-0.0299275
-0.0278128
-0.0267095
-0.0269327
-0.0285331
-0.0308018
-0.0331730
-0.0349858
-0.0363019
-0.0373000
-0.0386635
-0.0407007
-0.0437246
-0.0473803
-0.0513154
-0.0547565
-0.0573303
-0.0586538
-0.0590197
-0.0587277
-0.0584891
-0.0585770
-0.0592541
-0.0601540
-0.0610425
-0.0614454
-0.0614352
-0.0610567
-0.0608258
-0.0609588
-0.0618594
-0.0634669
-0.0658937
-0.0688672
-0.0723867
-0.0761257
-0.0800437
-0.0837702
-0.0872391
-0.0901182
-0.0924821
-0.0942232
-0.0956319
-0.0966765
-0.0975256
-0.0979282
-0.0979736
-0.0976651
-0.0976343
-0.0983936
-0.1006527
-0.1043631
-0.1091725
-0.1138965
-0.1174818
-0.1188153
-0.1177070
-0.1143954
-0.1100323
-0.1056822
-0.1025110
-0.1008329
-0.1006777
-0.1013556
-0.1024141
-0.1032575
-0.1038303
-0.1038482
-0.1032682
-0.1016020
-0.0986441
-0.0939581
-0.0875561
-0.0791793
-0.0688225
-0.0560588
-0.0407947
-0.0228461
-0.0028008
0.0185097
0.0393910
0.0580792
0.0723149
0.0802403
0.0800160
0.0707649
0.0522413
0.0257418
-0.0064942
-0.0409196
-0.0739733
-0.1022692
-0.1239941
-0.1385950
-0.1472343
-0.1515135
-0.1533855
-0.1539445
-0.1539242
-0.1532914
-0.1524249
-0.1519848
-0.1538145
-0.1599677
-0.1723776
-0.1906189
-0.2108367
-0.2238941
-0.2162196
-0.1712783
-0.0743165
0.0831061
0.2976420
0.5522100
0.8163230
1.0517876
1.2201553
1.2924664
1.2558947
1.1177052
0.9028141
0.6482439
0.3936694
0.1732621
0.0084563
-0.0941051
-0.1418007
-0.1506280
-0.1397294
-0.1251839
-0.1173243
-0.1193710
-0.1296303
-0.1434188
-0.1562872
-0.1650063
-0.1688107
-0.1683480
-0.1655149
-0.1618654
-0.1586604
-0.1559297
-0.1533019
-0.1497149
-0.1445940
-0.1375148
-0.1289854
-0.1195535
-0.1101554
-0.1011007
-0.0926225
-0.0842256
-0.0755700
-0.0659939
-0.0554106
-0.0437226
-0.0315077
-0.0191287
-0.0071433
0.0046487
0.0165522
0.0295124
0.0441075
0.0609885
0.0800448
0.1011528
0.1235962
0.1469267
0.1703782
0.1936842
0.2164267
0.2387288
0.2604019
0.2814729
0.3013539
0.3196318
0.3355707
0.3490543
0.3599397
0.3686733
0.3753479
0.3801961
0.3827119
0.3823508
0.3779117
0.3684789
0.3529598
0.3310638
0.3027330
0.2688987
0.2306389
0.1897139
0.1476278
0.1062070
0.0667620
0.0307365
-0.0011243
-0.0281070
-0.0502711
-0.0676343
-0.0808241
-0.0903021
-0.0971255
-0.1021842
-0.1067939
-0.1116802
-0.1174618
-0.1237959
-0.1302374
-0.1357694
-0.1398655
-0.1419523
-0.1422090
-0.1407204
-0.1380696
-0.1344433
-0.1303253
-0.1257714
-0.1212509
-0.1169521
-0.1135078
-0.1110869
-0.1099677
-0.1096835
-0.1098756
-0.1097667
-0.1091613
-0.1077767
-0.1059215
-0.1035287
-0.1007464
-0.0971303
-0.0925444
-0.0866175
-0.0796985
-0.0721155
-0.0648126
-0.0583432
-0.0534213
-0.0500159
-0.0481317
-0.0471475
-0.0467630
-0.0463457
-0.0457399
-0.0444315
-0.0422951
-0.0388802
-0.0343617
-0.0288988
-0.0234188
-0.0186379
-0.0155469
-0.0143458
-0.0151133
-0.0170893
-0.0196886
-0.0219726
-0.0236505
-0.0243654
-0.0244399
-0.0239232
-0.0232059
-0.0221043
-0.0206979
-0.0187070
-0.0164965
-0.0143458
-0.0131303
-0.0132661
-0.0152814
-0.0188931
-0.0238431
-0.0292154
-0.0344122
-0.0385029
-0.0411836
-0.0420853
-0.0416552
-0.0403046
-0.0390727
-0.0385908
-0.0397080
-0.0425456
-0.0472505
-0.0531474
-0.0596153
-0.0654416
-0.0699416
-0.0724379
-0.0732574
-0.0728340
-0.0722444
-0.0719868
-0.0725023
-0.0732567
-0.0737515
-0.0730479
-0.0709902
-0.0676180
-0.0639945
-0.0610796
-0.0601198
-0.0613917
-0.0648543
-0.0694310
-0.0742444
-0.0782366
-0.0813316
-0.0836130
-0.0859361
-0.0887281
-0.0925509
-0.0971216
-0.1022092
-0.1069347
-0.1108135
-0.1130612
-0.1135661
-0.1121020
-0.1092238
-0.1053959
-0.1017735
-0.0991530
-0.0985529
-0.1000416
-0.1034205
-0.1074250
-0.1109412
-0.1126416
-0.1122930
-0.1100331
-0.1070343
-0.1041620
-0.1023347
-0.1012810
-0.1003380
-0.0978035
-0.0922870
-0.0823855
-0.0680308
-0.0498105
-0.0297103
-0.0097716
0.0076160
0.0210956
0.0296351
0.0332337
0.0316125
0.0247451
0.0119210
-0.0069900
-0.0318447
-0.0608662
-0.0915420
-0.1202990
-0.1443814
-0.1618916
-0.1731451
-0.1794939
-0.1834006
-0.1865535
-0.1901080
-0.1936921
-0.1968395
-0.1989361
-0.2008793
-0.2042975
-0.2116904
-0.2238556
-0.2387373
-0.2488150
-0.2416442
-0.2005588
-0.1093820
0.0432063
0.2573548
0.5193497
0.8005083
1.0622060
1.2627871
1.3681720
1.3596020
1.2395259
1.0302416
0.7691493
0.4986228
0.2570401
0.0700259
-0.0523284
-0.1154724
-0.1347672
-0.1299889
-0.1183808
-0.1117240
-0.1142676
-0.1249499
-0.1390324
-0.1517562
-0.1592896
-0.1604659
-0.1556384
-0.1469317
-0.1364538
-0.1265928
-0.1186125
-0.1134130
-0.1105481
-0.1093698
-0.1083762
-0.1065741
-0.1028392
-0.0970949
-0.0893721
-0.0806821
-0.0717960
-0.0639032
-0.0572875
-0.0520857
-0.0472786
-0.0418951
-0.0343848
-0.0239938
-0.0100445
0.0069625
0.0264129
0.0467905
0.0669960
0.0857024
0.1026615
0.1178375
0.1323381
0.1471338
0.1637003
0.1826591
0.2045622
0.2288036
0.2546959
0.2806012
0.3051621
0.3265382
0.3437115
0.3557196
0.3628363
0.3655113
0.3651457
0.3626303
0.3589111
0.3536227
0.3460632
0.3344130
0.3172915
0.2933338
0.2627244
0.2263200
0.1864754
0.1454882
0.1060508
0.0697043
0.0376234
0.0095604
-0.0148673
-0.0368475
-0.0568841
-0.0755388
-0.0922899
-0.1067962
-0.1182000
-0.1265382
-0.1318088
-0.1349278
-0.1363940
-0.1371315
-0.1373156
-0.1374815
-0.1375226
-0.1378386
-0.1382708
-0.1391537
-0.1401547
-0.1412999
-0.1418860
-0.1416882
-0.1400566
-0.1371898
-0.1330871
-0.1285439
-0.1238408
-0.1196580
-0.1158810
-0.1127442
-0.1098205
-0.1072225
-0.1045127
-0.1018028
-0.0986389
-0.0951985
-0.0912923
-0.0875843
-0.0844407
-0.0828806
-0.0831629
-0.0856432
-0.0894917
-0.0939019
-0.0972509
-0.0986723
-0.0972992
-0.0935906
-0.0880998
-0.0823305
-0.0772004
-0.0738389
-0.0721958
-0.0721434
-0.0724647
-0.0723415
-0.0705984
-0.0672096
-0.0622555
-0.0569351
-0.0520160
-0.0485846
-0.0465890
-0.0459937
-0.0458199
-0.0456848
-0.0449425
-0.0440260
-0.0431722
-0.0433279
-0.0445953
-0.0471623
-0.0500503
-0.0525043
-0.0531537
-0.0516265
-0.0476345
-0.0422492
-0.0364884
-0.0321174
-0.0299223
-0.0305088
-0.0329365
-0.0361767
-0.0384229
-0.0389344
-0.0372145
-0.0342642
-0.0309711
-0.0287836
-0.0279880
-0.0287658
-0.0300992
-0.0314001
-0.0316747
-0.0310535
-0.0295787
-0.0282914
-0.0276599
-0.0285165
-0.0305679
-0.0336443
-0.0366237
-0.0390290
-0.0400398
-0.0399131
-0.0386738
-0.0372757
-0.0361518
-0.0363302
-0.0379395
-0.0412988
-0.0454887
-0.0497283
-0.0524129
-0.0529384
-0.0508321
-0.0471983
-0.0431465
-0.0406110
-0.0405184
-0.0437802
-0.0498575
-0.0581763
-0.0670254
-0.0752376
-0.0812484
-0.0847822
-0.0856688
-0.0850945
-0.0839261
-0.0836424
-0.0846093
-0.0872411
-0.0906468
-0.0941942
-0.0964600
-0.0969630
-0.0950787
-0.0915179
-0.0867753
-0.0821184
-0.0777356
-0.0738083
-0.0690813
-0.0625445
-0.0525479
-0.0387805
-0.0212610
-0.0017768
0.0179283
0.0353837
0.0493867
0.0587614
0.0634945
0.0627681
0.0560636
0.0419271
0.0201064
-0.0091287
-0.0431952
-0.0789882
-0.1123296
-0.1404987
-0.1615298
-0.1758348
-0.1842865
-0.1889263
-0.1907724
-0.1909554
-0.1893911
-0.1868418
-0.1840890
-0.1837563
-0.1884100
-0.2008145
-0.2205550
-0.2436463
-0.2598592
-0.2545879
-0.2096387
-0.1089778
0.0574310
0.2869936
0.5630040
0.8537293
1.1188783
1.3164548
1.4140087
1.3951482
1.2650396
1.0474557
0.7802015
0.5045540
0.2576336
0.0638165
-0.0668238
-0.1390382
-0.1664383
-0.1672920
-0.1576297
-0.1494699
-0.1481201
-0.1546054
-0.1658828
-0.1785123
-0.1886607
-0.1947017
-0.1958064
-0.1932587
-0.1881500
-0.1823858
-0.1765911
-0.1716512
-0.1671138
-0.1630230
-0.1583873
-0.1530464
-0.1461841
-0.1382063
-0.1290617
-0.1197893
-0.1105262
-0.1019982
-0.0937212
-0.0858445
-0.0776256
-0.0693638
-0.0607017
-0.0522493
-0.0435664
-0.0346893
-0.0242914
-0.0116525
0.0047253
0.0248905
0.0489836
0.0754988
0.1034416
0.1309683
0.1575421
0.1822005
0.2052721
0.2263596
0.2460652
0.2640975
0.2810862
0.2966206
0.3109923
0.3232663
0.3332663
0.3399187
0.3433668
0.3431243
0.3398388
0.3331277
0.3233014
0.3093894
0.2912129
0.2677038
0.2391447
0.2054110
0.1679607
0.1277109
0.0867793
0.0462963
0.0082966
-0.0263271
-0.0558925
-0.0801087
-0.0982652
-0.1114169
-0.1203070
-0.1271189
-0.1329400
-0.1393530
-0.1461086
-0.1532637
-0.1594083
-0.1641851
-0.1665452
-0.1670363
-0.1656237
-0.1635790
-0.1610282
-0.1588650
-0.1565280
-0.1542703
-0.1511671
-0.1474696
-0.1425099
-0.1369399
-0.1305182
-0.1243074
-0.1183624
-0.1138178
-0.1104434
-0.1087682
-0.1078081
-0.1074946
-0.1066067
-0.1052668
-0.1027121
-0.0995794
-0.0954605
-0.0911300
-0.0861144
-0.0810572
-0.0754100
-0.0699229
-0.0643077
-0.0596139
-0.0556551
-0.0532458
-0.0516232
-0.0509362
-0.0499612
-0.0488340
-0.0467262
-0.0443675
-0.0414010
-0.0387602
-0.0360236
-0.0339632
-0.0320021
-0.0308276
-0.0297818
-0.0294608
-0.0290920
-0.0292150
-0.0290666
-0.0292789
-0.0291914
-0.0295398
-0.0297082
-0.0304041
-0.0308447
-0.0315093
-0.0314524
-0.0312588
-0.0303589
-0.0298502
-0.0294882
-0.0302940
-0.0314658
-0.0332264
-0.0340650
-0.0339654
-0.0317766
-0.0283861
-0.0237378
-0.0196231
-0.0162938
-0.0151233
-0.0153277
-0.0171091
-0.0188732
-0.0207259
-0.0215802
-0.0223012
-0.0223689
-0.0228238
-0.0231209
-0.0247492
-0.0263004
-0.0286079
-0.0309382
-0.0340925
-0.0370552
-0.0404412
-0.0432030
-0.0461709
-0.0485974
-0.0515975
-0.0544991
-0.0582779
-0.0618945
-0.0659293
-0.0690373
-0.0717661
-0.0729723
-0.0736402
-0.0731363
-0.0729732
-0.0728527
-0.0743343
-0.0767154
-0.0808314
-0.0851063
-0.0897485
-0.0929764
-0.0953224
-0.0955825
-0.0948884
-0.0923581
-0.0892336
-0.0845971
-0.0797406
-0.0738086
-0.0681207
-0.0615609
-0.0549523
-0.0465276
-0.0367188
-0.0238042
-0.0088578
0.0088803
0.0272123
0.0458997
0.0618082
0.0739314
0.0785198
0.0745433
0.0591675
0.0336682
-0.0013711
-0.0407933
-0.0810294
-0.1158807
-0.1433911
-0.1610518
-0.1714822
-0.1758091
-0.1782992
-0.1793681
-0.1811916
-0.1818973
-0.1826024
-0.1820136
-0.1833598
-0.1876830
-0.1993841
-0.2177212
-0.2416193
-0.2612174
-0.2648086
-0.2335276
-0.1526292
-0.0093231
0.1944526
0.4465138
0.7167097
0.9692251
1.1620406
1.2645243
1.2569385
1.1436740
0.9437756
0.6947635
0.4347299
0.2027308
0.0215617
-0.0958738
-0.1563871
-0.1717344
-0.1635627
-0.1463417
-0.1350126
-0.1317042
-0.1390717
-0.1499118
-0.1628679
-0.1706515
-0.1750356
-0.1721564
-0.1672575
-0.1581282
-0.1511183
-0.1433506
-0.1405936
-0.1379652
-0.1400125
-0.1396275
-0.1409879
-0.1361492
-0.1312147
-0.1191154
-0.1092167
-0.0944913
-0.0862462
-0.0743067
-0.0706920
-0.0598106
-0.0570491
-0.0400830
-0.0360052
-0.0047560
