0.0995890
0.1933104
0.1467851
0.1529894
0.1214169
0.1142076
0.0858784
0.0755946
0.0524370
0.0442137
0.0266436
0.0208312
0.0068538
0.0020712
-0.0098840
-0.0138769
-0.0236643
-0.0260521
-0.0332718
-0.0339747
-0.0392887
-0.0391406
-0.0434053
-0.0426787
-0.0456221
-0.0435016
-0.0443460
-0.0404527
-0.0396370
-0.0351307
-0.0343821
-0.0311335
-0.0322020
-0.0314691
-0.0348771
-0.0361052
-0.0400929
-0.0403742
-0.0414471
-0.0375940
-0.0339987
-0.0264774
-0.0210370
-0.0142397
-0.0115533
-0.0087878
-0.0098892
-0.0096966
-0.0112840
-0.0097276
-0.0086787
-0.0046427
-0.0024586
0.0002240
-0.0014603
-0.0044825
-0.0118717
-0.0187115
-0.0262983
-0.0293509
-0.0299187
-0.0248023
-0.0182618
-0.0090822
-0.0022384
0.0037688
0.0054108
0.0058561
0.0032739
0.0016996
-0.0005174
-0.0001304
0.0001539
0.0023725
0.0031412
0.0041589
0.0022986
-0.0003081
-0.0059554
-0.0116286
-0.0185544
-0.0230298
-0.0260503
-0.0246248
-0.0210814
-0.0142291
-0.0078200
-0.0014061
0.0016704
0.0030441
0.0011048
-0.0010184
-0.0039494
-0.0045401
-0.0041192
-0.0008588
0.0026100
0.0070384
0.0093693
0.0104740
0.0081035
0.0043088
-0.0017282
-0.0068716
-0.0114623
-0.0128618
-0.0125770
-0.0095134
-0.0064085
-0.0028222
-0.0012795
-0.0005478
-0.0019755
-0.0032949
-0.0051452
-0.0052094
-0.0046413
-0.0021640
-0.0000084
0.0023004
0.0024555
0.0015113
-0.0017355
-0.0051705
-0.0092755
-0.0119147
-0.0139945
-0.0140258
-0.0135648
-0.0116292
-0.0099466
-0.0075886
-0.0061859
-0.0047001
-0.0045153
-0.0042872
-0.0049853
-0.0049793
-0.0051582
-0.0041867
-0.0034402
-0.0021190
-0.0018536
-0.0017747
-0.0030614
-0.0042471
-0.0059049
-0.0062683
-0.0060068
-0.0039370
-0.0015282
0.0016365
0.0037372
0.0053137
0.0051144
0.0043467
0.0022966
0.0003228
-0.0024390
-0.0049560
-0.0082778
-0.0113373
-0.0149006
-0.0176082
-0.0200543
-0.0209978
-0.0213428
-0.0202522
-0.0188782
-0.0164465
-0.0139941
-0.0106895
-0.0076661
-0.0044139
-0.0023957
-0.0012384
-0.0020926
-0.0038823
-0.0068567
-0.0092791
-0.0112447
-0.0114951
-0.0109619
-0.0092465
-0.0077791
-0.0062273
-0.0057008
-0.0054159
-0.0060484
-0.0065773
-0.0076293
-0.0083178
-0.0094315
-0.0102177
-0.0114701
-0.0123483
-0.0134472
-0.0137324
-0.0136685
-0.0122778
-0.0102236
-0.0068435
-0.0031160
0.0013043
0.0051829
0.0086906
0.0106807
0.0117958
0.0118100
0.0124361
0.0141968
0.0186761
0.0252205
0.0334105
0.0404406
0.0443437
0.0420964
0.0331689
0.0175182
-0.0016371
-0.0209919
-0.0357197
-0.0434863
-0.0430166
-0.0369989
-0.0289195
-0.0241515
-0.0256871
-0.0350681
-0.0490721
-0.0623659
-0.0664437
-0.0543902
-0.0212521
0.0311837
0.0956477
0.1578929
0.2020544
0.2129148
0.1830246
0.1136983
0.0176326
-0.0863918
-0.1767645
-0.2373097
-0.2594339
-0.2455667
-0.2049454
-0.1516795
-0.0981727
-0.0541069
-0.0231364
-0.0056841
0.0014491
0.0012066
-0.0028085
-0.0088017
-0.0146323
-0.0196359
-0.0224960
-0.0233065
-0.0216517
-0.0185994
-0.0145950
-0.0111798
-0.0087243
-0.0080805
-0.0085151
-0.0097233
-0.0102340
-0.0096898
-0.0072664
-0.0036461
0.0009433
0.0051350
0.0085491
0.0101940
0.0103650
0.0088047
0.0063818
0.0031915
0.0002115
-0.0025450
-0.0043551
-0.0055491
-0.0057590
-0.0055576
-0.0046811
-0.0036628
-0.0021059
-0.0003097
0.0023999
0.0059430
0.0109469
0.0169079
0.0237019
0.0300734
0.0355294
0.0391049
0.0411689
0.0418437
0.0423280
0.0430160
0.0447710
0.0473227
0.0509206
0.0550407
0.0600235
0.0655449
0.0719413
0.0785880
0.0853431
0.0912247
0.0960849
0.0993777
0.1016646
0.1031007
0.1046359
0.1063929
0.1089208
0.1117742
0.1149260
0.1174615
0.1190096
0.1184800
0.1155279
0.1093587
0.1001656
0.0878421
0.0732310
0.0567039
0.0393341
0.0215385
0.0043519
-0.0118096
-0.0258994
-0.0376233
-0.0464097
-0.0528226
-0.0573120
-0.0611768
-0.0649483
-0.0692550
-0.0735162
-0.0773105
-0.0795344
-0.0798898
-0.0778513
-0.0737920
-0.0677085
-0.0602680
-0.0516344
-0.0426254
-0.0336067
-0.0255769
-0.0189474
-0.0144943
-0.0121138
-0.0118303
-0.0127299
-0.0141790
-0.0150002
-0.0148165
-0.0131890
-0.0106826
-0.0076466
-0.0049675
-0.0027875
-0.0014302
-0.0004731
0.0000341
0.0003773
0.0001097
-0.0008657
-0.0030634
-0.0061830
-0.0099088
-0.0129729
-0.0143967
-0.0130001
-0.0088094
-0.0023655
0.0044584
0.0098874
0.0120494
0.0105416
0.0057879
-0.0003015
-0.0058755
-0.0090166
-0.0092041
-0.0066176
-0.0027625
0.0009560
0.0030073
0.0030674
0.0013112
-0.0009704
-0.0027003
-0.0027218
-0.0009893
0.0022054
0.0056687
0.0085177
0.0097371
0.0091736
0.0067527
0.0031578
-0.0011122
-0.0051312
-0.0084672
-0.0105095
-0.0112525
-0.0105172
-0.0086919
-0.0059977
-0.0032083
-0.0007968
0.0005524
0.0008866
0.0003441
-0.0002742
-0.0005135
0.0001530
0.0015148
0.0034172
0.0052913
0.0070328
0.0084043
0.0096613
0.0107625
0.0119222
0.0129122
0.0137661
0.0142266
0.0144512
0.0143382
0.0140378
0.0131987
0.0115759
0.0085565
0.0040440
-0.0018781
-0.0082138
-0.0137796
-0.0169828
-0.0169124
-0.0131744
-0.0066348
0.0013357
0.0087385
0.0140714
0.0162401
0.0153808
0.0122809
0.0086190
0.0058978
0.0054265
0.0074006
0.0113735
0.0159852
0.0199267
0.0218685
0.0212927
0.0180901
0.0129756
0.0067675
0.0006334
-0.0046214
-0.0082072
-0.0098945
-0.0095209
-0.0074180
-0.0038790
0.0004310
0.0050040
0.0091063
0.0123146
0.0141192
0.0143865
0.0128991
0.0097839
0.0051022
-0.0006470
-0.0068807
-0.0125185
-0.0165708
-0.0180329
-0.0166194
-0.0125352
-0.0068329
-0.0007699
0.0041426
0.0068807
0.0067884
0.0040824
-0.0005952
-0.0060358
-0.0111624
-0.0149699
-0.0171019
-0.0175525
-0.0169266
-0.0158553
-0.0150674
-0.0148281
-0.0152173
-0.0158818
-0.0165337
-0.0167541
-0.0163879
-0.0152495
-0.0134916
-0.0113483
-0.0094536
-0.0084048
-0.0088134
-0.0107240
-0.0137821
-0.0170632
-0.0197094
-0.0210178
-0.0209300
-0.0196915
-0.0178858
-0.0159021
-0.0140766
-0.0124524
-0.0111506
-0.0101953
-0.0097721
-0.0098985
-0.0105654
-0.0113986
-0.0118581
-0.0110318
-0.0080271
-0.0020457
0.0069857
0.0183250
0.0301644
0.0402082
0.0460902
0.0462407
0.0400949
0.0283699
0.0126368
-0.0048469
-0.0217189
-0.0356798
-0.0450437
-0.0489132
-0.0476521
-0.0427901
-0.0369691
-0.0331749
-0.0339929
-0.0403484
-0.0506942
-0.0604356
-0.0627157
-0.0501388
-0.0177390
0.0342952
0.0987516
0.1620327
0.2071002
0.2185990
0.1879594
0.1170230
0.0182060
-0.0885732
-0.1816730
-0.2437791
-0.2665593
-0.2519672
-0.2104251
-0.1565136
-0.1043491
-0.0638478
-0.0391984
-0.0292064
-0.0292640
-0.0336259
-0.0374881
-0.0380428
-0.0347839
-0.0289516
-0.0227392
-0.0182688
-0.0168787
-0.0186348
-0.0224332
-0.0264111
-0.0287269
-0.0282080
-0.0248198
-0.0196000
-0.0142688
-0.0105080
-0.0093523
-0.0107848
-0.0138251
-0.0169243
-0.0186072
-0.0179856
-0.0150473
-0.0105473
-0.0056696
-0.0015568
0.0010584
0.0020612
0.0019208
0.0014660
0.0015257
0.0025777
0.0045616
0.0069436
0.0090275
0.0103191
0.0107985
0.0109363
0.0115312
0.0133964
0.0170939
0.0227073
0.0298082
0.0375061
0.0446960
0.0503206
0.0537188
0.0548149
0.0542512
0.0532483
0.0533714
0.0560354
0.0620629
0.0712580
0.0824140
0.0935935
0.1028316
0.1087580
0.1111335
0.1108343
0.1095561
0.1090856
0.1107211
0.1147955
0.1207839
0.1275930
0.1341404
0.1395902
0.1434803
0.1454340
0.1450574
0.1418106
0.1352949
0.1254006
0.1125568
0.0975501
0.0814164
0.0650962
0.0494308
0.0350189
0.0223363
0.0115600
0.0026291
-0.0048794
-0.0114759
-0.0176582
-0.0235633
-0.0290467
-0.0336617
-0.0370354
-0.0389225
-0.0394125
-0.0386832
-0.0370232
-0.0346294
-0.0318316
-0.0290168
-0.0267826
-0.0256252
-0.0259008
-0.0275212
-0.0301598
-0.0332579
-0.0364110
-0.0392971
-0.0418322
-0.0438919
-0.0454137
-0.0461722
-0.0459856
-0.0445894
-0.0419313
-0.0380656
-0.0333976
-0.0284588
-0.0240099
-0.0206623
-0.0188961
-0.0187218
-0.0198964
-0.0218269
-0.0239509
-0.0256584
-0.0266075
-0.0265493
-0.0255672
-0.0238296
-0.0217701
-0.0197661
-0.0182610
-0.0174276
-0.0173526
-0.0177919
-0.0184478
-0.0187942
-0.0184384
-0.0170112
-0.0145401
-0.0112482
-0.0077597
-0.0046949
-0.0027335
-0.0021834
-0.0031595
-0.0053239
-0.0082275
-0.0111514
-0.0135095
-0.0147078
-0.0145455
-0.0130249
-0.0106372
-0.0079583
-0.0057000
-0.0041760
-0.0034621
-0.0031706
-0.0029621
-0.0024905
-0.0018262
-0.0011224
-0.0007736
-0.0009602
-0.0018663
-0.0033647
-0.0053693
-0.0075796
-0.0098307
-0.0117910
-0.0132828
-0.0139781
-0.0137557
-0.0124306
-0.0101357
-0.0070396
-0.0036802
-0.0005748
0.0015762
0.0023912
0.0016269
-0.0003876
-0.0030866
-0.0054424
-0.0065572
-0.0056478
-0.0026855
0.0018368
0.0066806
0.0105500
0.0121556
0.0109386
0.0069123
0.0010099
-0.0055054
-0.0110466
-0.0144870
-0.0151372
-0.0132866
-0.0097518
-0.0059164
-0.0028594
-0.0012805
-0.0009178
-0.0010858
-0.0007248
0.0007238
0.0034039
0.0066680
0.0097483
0.0117356
0.0122535
0.0111429
0.0087634
0.0054143
0.0015950
-0.0024426
-0.0062544
-0.0095870
-0.0120125
-0.0134403
-0.0137773
-0.0133164
-0.0121899
-0.0106348
-0.0084976
-0.0057204
-0.0020931
0.0021199
0.0065019
0.0101164
0.0121713
0.0118997
0.0092658
0.0046382
-0.0008829
-0.0062175
-0.0102660
-0.0126811
-0.0135238
-0.0135322
-0.0132954
-0.0133258
-0.0134152
-0.0131670
-0.0118139
-0.0089988
-0.0045455
0.0009998
0.0069013
0.0119542
0.0152091
0.0157663
0.0134519
0.0084552
0.0017937
-0.0053184
-0.0113101
-0.0151590
-0.0162952
-0.0152335
-0.0128932
-0.0106184
-0.0091920
-0.0090545
-0.0098767
-0.0113584
-0.0130564
-0.0150178
-0.0171769
-0.0196188
-0.0218986
-0.0235524
-0.0237904
-0.0222885
-0.0189134
-0.0143030
-0.0092245
-0.0048002
-0.0016651
-0.0002480
-0.0001839
-0.0009233
-0.0014042
-0.0008148
0.0017023
0.0063571
0.0131580
0.0213569
0.0299769
0.0373025
0.0415378
0.0405868
0.0331263
0.0187052
-0.0012233
-0.0238056
-0.0448549
-0.0605909
-0.0684760
-0.0687696
-0.0641213
-0.0592341
-0.0585986
-0.0650426
-0.0775580
-0.0912982
-0.0979391
-0.0886486
-0.0568924
-0.0023175
0.0678265
0.1385685
0.1910768
0.2075444
0.1776721
0.1022608
-0.0055374
-0.1240994
-0.2289618
-0.3003254
-0.3276887
-0.3122782
-0.2646560
-0.2009321
-0.1370507
-0.0852430
-0.0513388
-0.0354680
-0.0331959
-0.0385318
-0.0455277
-0.0502997
-0.0509200
-0.0477430
-0.0420601
-0.0358397
-0.0304053
-0.0266565
-0.0244275
-0.0233497
-0.0226109
-0.0219055
-0.0209909
-0.0202772
-0.0200055
-0.0205944
-0.0217918
-0.0232404
-0.0240003
-0.0234789
-0.0211083
-0.0171462
-0.0119976
-0.0066278
-0.0016403
0.0023123
0.0052675
0.0072912
0.0090135
0.0108332
0.0133858
0.0167169
0.0207961
0.0248508
0.0281777
0.0298215
0.0296253
0.0278589
0.0258807
0.0251485
0.0273200
0.0330265
0.0422046
0.0534659
0.0651558
0.0752955
0.0828535
0.0874513
0.0900593
0.0920036
0.0951017
0.1004067
0.1084675
0.1185459
0.1295507
0.1398532
0.1484988
0.1548582
0.1593392
0.1624504
0.1651363
0.1678049
0.1709090
0.1742878
0.1779595
0.1815013
0.1847831
0.1872845
0.1888143
0.1888193
0.1870807
0.1829969
0.1763185
0.1665396
0.1537626
0.1381157
0.1204861
0.1016807
0.0829323
0.0649828
0.0486927
0.0343095
0.0222381
0.0123727
0.0048578
-0.0006211
-0.0040977
-0.0060453
-0.0066487
-0.0065387
-0.0060191
-0.0056883
-0.0055574
-0.0057143
-0.0056600
-0.0052641
-0.0042718
-0.0032006
-0.0025471
-0.0032757
-0.0057037
-0.0099509
-0.0151127
-0.0202048
-0.0237803
-0.0250778
-0.0235442
-0.0196797
-0.0141634
-0.0083400
-0.0031132
0.0005974
0.0027834
0.0035443
0.0036434
0.0034611
0.0035616
0.0038823
0.0046212
0.0056169
0.0071964
0.0093392
0.0123185
0.0157987
0.0195920
0.0229694
0.0256119
0.0269935
0.0272755
0.0265252
0.0254089
0.0242349
0.0235917
0.0234609
0.0239618
0.0244918
0.0244611
0.0225245
0.0176129
0.0085486
-0.0046904
-0.0214859
-0.0398141
-0.0574417
-0.0717140
-0.0809659
-0.0841441
-0.0818105
-0.0752508
-0.0669588
-0.0592676
-0.0545024
-0.0535583
-0.0564024
-0.0613704
-0.0665538
-0.0697927
-0.0702551
-0.0679744
-0.0645042
-0.0614494
-0.0604916
-0.0619484
-0.0654677
-0.0695324
-0.0728927
-0.0742482
-0.0733155
-0.0699093
-0.0645783
-0.0576176
-0.0499109
-0.0421281
-0.0355316
-0.0309352
-0.0292744
-0.0305019
-0.0343322
-0.0394786
-0.0447929
-0.0487867
-0.0508297
-0.0504512
-0.0481355
-0.0442198
-0.0394928
-0.0341721
-0.0287736
-0.0233403
-0.0184044
-0.0141215
-0.0110525
-0.0091483
-0.0085177
-0.0085514
-0.0089461
-0.0090617
-0.0090061
-0.0087957
-0.0090827
-0.0099891
-0.0117451
-0.0137372
-0.0155752
-0.0165256
-0.0166682
-0.0160275
-0.0152335
-0.0142854
-0.0132256
-0.0112801
-0.0080534
-0.0030208
0.0032916
0.0102032
0.0162371
0.0204347
0.0218160
0.0204748
0.0166272
0.0113265
0.0053279
-0.0001621
-0.0045224
-0.0069287
-0.0074002
-0.0059334
-0.0033332
-0.0000737
0.0030199
0.0058521
0.0081396
0.0102305
0.0120126
0.0137041
0.0148575
0.0153465
0.0146049
0.0127977
0.0100566
0.0074061
0.0055784
0.0055486
0.0071934
0.0100375
0.0124373
0.0129833
0.0101800
0.0039372
-0.0051782
-0.0152292
-0.0244132
-0.0307072
-0.0332369
-0.0314580
-0.0260260
-0.0176179
-0.0076350
0.0029984
0.0130345
0.0219297
0.0288625
0.0336753
0.0359147
0.0358336
0.0334108
0.0292255
0.0233331
0.0161400
0.0074535
-0.0023897
-0.0133083
-0.0243719
-0.0348307
-0.0433885
-0.0495803
-0.0531538
-0.0552102
-0.0570165
-0.0604001
-0.0658493
-0.0725416
-0.0767613
-0.0731864
-0.0553700
-0.0192382
0.0351354
0.1006452
0.1642888
0.2088648
0.2187830
0.1844522
0.1072059
-0.0009582
-0.1192858
-0.2249045
-0.2981751
-0.3286458
-0.3160391
-0.2699681
-0.2051299
-0.1375739
-0.0795698
-0.0382715
-0.0144327
-0.0048600
-0.0036745
-0.0055897
-0.0064371
-0.0047501
-0.0003891
0.0052734
0.0112451
0.0164126
0.0207050
0.0239107
0.0264892
0.0283799
0.0300112
0.0313024
0.0327496
0.0343665
0.0366443
0.0393757
0.0426080
0.0456227
0.0481689
0.0496695
0.0504706
0.0508111
0.0517165
0.0536519
0.0572786
0.0621953
0.0679788
0.0732750
0.0771358
0.0782720
0.0764004
0.0713381
0.0640747
0.0555529
0.0474838
0.0409647
0.0372474
0.0364304
0.0384514
0.0421158
0.0464596
0.0500496
0.0524187
0.0531920
0.0531660
0.0529929
0.0538858
0.0561428
0.0600336
0.0647970
0.0700659
0.0751527
0.0803629
0.0858609
0.0925245
0.1005370
0.1102578
0.1210495
0.1324683
0.1433407
0.1530612
0.1606432
0.1659306
0.1685200
0.1688144
0.1667849
0.1629546
0.1572158
0.1499583
0.1410046
0.1307641
0.1190966
0.1063756
0.0923170
0.0771079
0.0603551
0.0423387
0.0230440
0.0034333
-0.0156509
-0.0325153
-0.0460958
-0.0552268
-0.0600655
-0.0610055
-0.0596147
-0.0571401
-0.0552782
-0.0547600
-0.0563548
-0.0596866
-0.0644179
-0.0692430
-0.0733008
-0.0753705
-0.0753279
-0.0731241
-0.0698297
-0.0661778
-0.0633764
-0.0617094
-0.0616083
-0.0625139
-0.0641146
-0.0653109
-0.0655596
-0.0639096
-0.0603424
-0.0547084
-0.0479133
-0.0406517
-0.0343634
-0.0297717
-0.0277943
-0.0282138
-0.0308389
-0.0344289
-0.0380751
-0.0403060
-0.0406032
-0.0385016
-0.0348924
-0.0307014
-0.0276971
-0.0267851
-0.0287454
-0.0328325
-0.0380960
-0.0426016
-0.0451820
-0.0447379
-0.0417014
-0.0367830
-0.0318343
-0.0281515
-0.0271928
-0.0290355
-0.0334868
-0.0390460
-0.0444978
-0.0481823
-0.0496231
-0.0485229
-0.0459084
-0.0426086
-0.0400581
-0.0387198
-0.0391150
-0.0406213
-0.0428862
-0.0448730
-0.0463153
-0.0465944
-0.0459452
-0.0441468
-0.0416965
-0.0385743
-0.0355007
-0.0327080
-0.0311299
-0.0310525
-0.0331891
-0.0372684
-0.0431620
-0.0496365
-0.0557232
-0.0597241
-0.0608008
-0.0580859
-0.0521885
-0.0439589
-0.0354433
-0.0281093
-0.0235678
-0.0219830
-0.0232833
-0.0261063
-0.0294112
-0.0316167
-0.0322089
-0.0306756
-0.0277632
-0.0240073
-0.0206860
-0.0182459
-0.0173775
-0.0176993
-0.0191178
-0.0207179
-0.0222219
-0.0228688
-0.0227941
-0.0217830
-0.0205112
-0.0191517
-0.0185021
-0.0185379
-0.0195964
-0.0210881
-0.0228856
-0.0241746
-0.0248684
-0.0243849
-0.0229767
-0.0204554
-0.0174917
-0.0142627
-0.0116275
-0.0096663
-0.0088676
-0.0088114
-0.0095657
-0.0105112
-0.0117557
-0.0128600
-0.0141102
-0.0151108
-0.0160118
-0.0161917
-0.0156981
-0.0141317
-0.0121194
-0.0099715
-0.0087743
-0.0087326
-0.0102410
-0.0125200
-0.0151352
-0.0169701
-0.0178206
-0.0172005
-0.0156867
-0.0135160
-0.0117987
-0.0109992
-0.0120445
-0.0147622
-0.0191059
-0.0238798
-0.0283542
-0.0313213
-0.0328175
-0.0329364
-0.0330156
-0.0338385
-0.0364637
-0.0405326
-0.0456496
-0.0503838
-0.0541080
-0.0559783
-0.0563444
-0.0551784
-0.0531286
-0.0499170
-0.0456548
-0.0396300
-0.0319643
-0.0225043
-0.0122793
-0.0019729
0.0070183
0.0142890
0.0192455
0.0225114
0.0244381
0.0262883
0.0285871
0.0322016
0.0366980
0.0416464
0.0453943
0.0468163
0.0443264
0.0375879
0.0263051
0.0117058
-0.0048662
-0.0207225
-0.0336689
-0.0413245
-0.0433506
-0.0406018
-0.0364489
-0.0345047
-0.0385993
-0.0498456
-0.0669818
-0.0847448
-0.0961035
-0.0926225
-0.0683122
-0.0207354
0.0457022
0.1207486
0.1884497
0.2321472
0.2378592
0.2002452
0.1237067
0.0231731
-0.0811439
-0.1680615
-0.2225698
-0.2381241
-0.2186827
-0.1748187
-0.1208856
-0.0692079
-0.0285473
-0.0017365
0.0119649
0.0164209
0.0152384
0.0119360
0.0080544
0.0048141
0.0021233
0.0004448
-0.0004625
-0.0000907
0.0012350
0.0037245
0.0066719
0.0100527
0.0132173
0.0164513
0.0194619
0.0227022
0.0257283
0.0285899
0.0304131
0.0310753
0.0299758
0.0276995
0.0245253
0.0216849
0.0195279
0.0187321
0.0187572
0.0195217
0.0202102
0.0210022
0.0216178
0.0226654
0.0239215
0.0256871
0.0273145
0.0288945
0.0299801
0.0312283
0.0328401
0.0358311
0.0401970
0.0461744
0.0526972
0.0591528
0.0642786
0.0680569
0.0703455
0.0722590
0.0743016
0.0775184
0.0817434
0.0871321
0.0928181
0.0986812
0.1039909
0.1090171
0.1134838
0.1180234
0.1225132
0.1275025
0.1326239
0.1381615
0.1435559
0.1489631
0.1536675
0.1575925
0.1597819
0.1600950
0.1578517
0.1535320
0.1471987
0.1398549
0.1315939
0.1229437
0.1132758
0.1025480
0.0900186
0.0760557
0.0606692
0.0450437
0.0298360
0.0165707
0.0058434
-0.0013289
-0.0052646
-0.0060868
-0.0052021
-0.0034767
-0.0025115
-0.0027510
-0.0048680
-0.0081308
-0.0121274
-0.0154357
-0.0175467
-0.0175541
-0.0159060
-0.0127709
-0.0094551
-0.0065306
-0.0051743
-0.0053629
-0.0074110
-0.0104353
-0.0141554
-0.0174930
-0.0203527
-0.0220879
-0.0231293
-0.0233055
-0.0233608
-0.0232121
-0.0234856
-0.0238597
-0.0247307
-0.0256470
-0.0269704
-0.0281920
-0.0294801
-0.0300252
-0.0298087
-0.0281852
-0.0256842
-0.0223306
-0.0190699
-0.0158514
-0.0131401
-0.0103483
-0.0077356
-0.0049918
-0.0029633
-0.0018531
-0.0026147
-0.0050382
-0.0092847
-0.0142502
-0.0193951
-0.0233081
-0.0256115
-0.0254673
-0.0233332
-0.0192591
-0.0144407
-0.0093531
-0.0052288
-0.0021951
-0.0008413
-0.0005082
-0.0010646
-0.0014112
-0.0014208
-0.0004592
0.0008300
0.0023143
0.0029229
0.0026593
0.0011262
-0.0007398
-0.0025635
-0.0031407
-0.0024514
-0.0001094
0.0029467
0.0063398
0.0087924
0.0101334
0.0098227
0.0087730
0.0074823
0.0073764
0.0085983
0.0113915
0.0143551
0.0165361
0.0162719
0.0134586
0.0080507
0.0016456
-0.0047139
-0.0093235
-0.0119383
-0.0121378
-0.0109499
-0.0088264
-0.0070737
-0.0058062
-0.0055282
-0.0053844
-0.0051414
-0.0037836
-0.0016192
0.0013352
0.0037092
0.0049079
0.0037928
0.0008164
-0.0036536
-0.0077818
-0.0105268
-0.0104076
-0.0076856
-0.0026636
0.0027845
0.0075014
0.0097904
0.0095883
0.0067733
0.0027893
-0.0015203
-0.0045315
-0.0059813
-0.0053238
-0.0035019
-0.0009406
0.0009277
0.0017756
0.0008001
-0.0013469
-0.0044302
-0.0070254
-0.0086694
-0.0083578
-0.0065587
-0.0033472
-0.0000108
0.0030818
0.0048807
0.0056065
0.0049101
0.0036342
0.0018354
0.0004745
-0.0005664
-0.0007080
-0.0005293
0.0001373
0.0004267
0.0003831
-0.0008049
-0.0028292
-0.0060081
-0.0093588
-0.0125428
-0.0142325
-0.0143057
-0.0122252
-0.0089780
-0.0050348
-0.0019167
0.0000295
-0.0000029
-0.0013082
-0.0036630
-0.0056962
-0.0071135
-0.0070746
-0.0061865
-0.0044740
-0.0030041
-0.0017156
-0.0012088
-0.0008990
-0.0010808
-0.0011374
-0.0014847
-0.0016062
-0.0019137
-0.0018111
-0.0016750
-0.0010304
-0.0005660
-0.0001954
-0.0008495
-0.0023148
-0.0049804
-0.0078583
-0.0106632
-0.0121053
-0.0120511
-0.0096836
-0.0054627
0.0008552
0.0082902
0.0166376
0.0246001
0.0318981
0.0374715
0.0415724
0.0438280
0.0451063
0.0452915
0.0449387
0.0430805
0.0392784
0.0320591
0.0215161
0.0078294
-0.0066746
-0.0200218
-0.0295238
-0.0347108
-0.0358254
-0.0356007
-0.0363397
-0.0405985
-0.0478995
-0.0559973
-0.0590683
-0.0510635
-0.0259903
0.0173911
0.0754600
0.1371491
0.1877052
0.2106509
0.1949857
0.1376200
0.0472937
-0.0591536
-0.1595784
-0.2348832
-0.2724776
-0.2711170
-0.2381330
-0.1878616
-0.1346675
-0.0906527
-0.0611652
-0.0467757
-0.0429613
-0.0447175
-0.0467470
-0.0468339
-0.0439640
-0.0397867
-0.0355621
-0.0333406
-0.0332995
-0.0356828
-0.0389427
-0.0423112
-0.0442188
-0.0447455
-0.0435814
-0.0419201
-0.0400017
-0.0389253
-0.0384108
-0.0389690
-0.0399194
-0.0416201
-0.0433762
-0.0455495
-0.0473976
-0.0491707
-0.0499547
-0.0498465
-0.0479487
-0.0447102
-0.0399357
-0.0349291
-0.0301412
-0.0269900
-0.0253894
-0.0257512
-0.0268884
-0.0284311
-0.0289867
-0.0285893
-0.0266671
-0.0241815
-0.0212625
-0.0191256
-0.0176397
-0.0173696
-0.0173858
-0.0175790
-0.0166462
-0.0144786
-0.0101329
-0.0041697
0.0035016
0.0114910
0.0193486
0.0256272
0.0303575
0.0329751
0.0345337
0.0353082
0.0367548
0.0389972
0.0428593
0.0475531
0.0529944
0.0577625
0.0616281
0.0635525
0.0640381
0.0627489
0.0604860
0.0566450
0.0513783
0.0434822
0.0330364
0.0195415
0.0044327
-0.0112982
-0.0252480
-0.0364732
-0.0436689
-0.0476015
-0.0485758
-0.0482712
-0.0469934
-0.0457477
-0.0439636
-0.0420224
-0.0391885
-0.0360828
-0.0323702
-0.0289769
-0.0256105
-0.0229704
-0.0203689
-0.0181285
-0.0153843
-0.0125762
-0.0091626
-0.0059163
-0.0024594
0.0004495
0.0032631
0.0052301
0.0067640
0.0071691
0.0071691
0.0066178
0.0067890
0.0077115
0.0102286
0.0134263
0.0171188
0.0197747
0.0213209
0.0210179
0.0199092
0.0182161
0.0174307
0.0175621
0.0193118
0.0215633
0.0239501
0.0247807
0.0239514
0.0208875
0.0170711
0.0132955
0.0115459
0.0119535
0.0149240
0.0187623
0.0225900
0.0244632
0.0243056
0.0215989
0.0177275
0.0131597
0.0095581
0.0069973
0.0063244
0.0066746
0.0080995
0.0092374
0.0100059
0.0092273
0.0072325
0.0033766
-0.0014184
-0.0071964
-0.0124844
-0.0169687
-0.0191762
-0.0192624
-0.0166148
-0.0123928
-0.0067847
-0.0013001
0.0040419
0.0082807
0.0120940
0.0151069
0.0182914
0.0211944
0.0244220
0.0270624
0.0294156
0.0305547
0.0310372
0.0302788
0.0290691
0.0268602
0.0244003
0.0212167
0.0183767
0.0158758
0.0151453
0.0161550
0.0198063
0.0251336
0.0319935
0.0385919
0.0444391
0.0479825
0.0495367
0.0487265
0.0471025
0.0451755
0.0447082
0.0456242
0.0484828
0.0518108
0.0551347
0.0567459
0.0568561
0.0550523
0.0528650
0.0506103
0.0496661
0.0494454
0.0501588
0.0503150
0.0498263
0.0475171
0.0440125
0.0389369
0.0335871
0.0280210
0.0237129
0.0206181
0.0198235
0.0206155
0.0232330
0.0261288
0.0290140
0.0303550
0.0304972
0.0289741
0.0272644
0.0256547
0.0256908
0.0269838
0.0299401
0.0330366
0.0360348
0.0374928
0.0378972
0.0367925
0.0354685
0.0337679
0.0327483
0.0316950
0.0311186
0.0300176
0.0289694
0.0272758
0.0258562
0.0241972
0.0231935
0.0221495
0.0217588
0.0212102
0.0212347
0.0211926
0.0220586
0.0233587
0.0259984
0.0290830
0.0328201
0.0355760
0.0371292
0.0359854
0.0327135
0.0270853
0.0210669
0.0154877
0.0126135
0.0125666
0.0160204
0.0210906
0.0267460
0.0303231
0.0312466
0.0283731
0.0231846
0.0164033
0.0105519
0.0062135
0.0047128
0.0048974
0.0065663
0.0078419
0.0088257
0.0087171
0.0089251
0.0095661
0.0122054
0.0163320
0.0224447
0.0290090
0.0359812
0.0419112
0.0473102
0.0513462
0.0548367
0.0567686
0.0574461
0.0553233
0.0504853
0.0416630
0.0297917
0.0149421
-0.0003577
-0.0146870
-0.0250312
-0.0308819
-0.0315712
-0.0297856
-0.0277916
-0.0297872
-0.0372729
-0.0511891
-0.0677632
-0.0818947
-0.0848639
-0.0699192
-0.0318124
0.0269768
0.0981110
0.1648059
0.2088900
0.2130700
0.1702462
0.0837303
-0.0295489
-0.1468852
-0.2432946
-0.3020073
-0.3154769
-0.2894630
-0.2363978
-0.1736966
-0.1150723
-0.0706876
-0.0426994
-0.0300182
-0.0270522
-0.0295729
-0.0326435
-0.0347295
-0.0338946
-0.0309321
-0.0253421
-0.0187412
-0.0111348
-0.0044729
0.0011666
0.0041288
0.0050453
0.0032359
0.0003599
-0.0034420
-0.0060769
-0.0075134
-0.0063175
-0.0035429
0.0010664
0.0055482
0.0098204
0.0121847
0.0132779
0.0122857
0.0106690
0.0081866
0.0065508
0.0054102
0.0060902
0.0076941
0.0110306
0.0148182
0.0196771
0.0242740
0.0292648
0.0333562
0.0372397
0.0396317
0.0412672
0.0409852
0.0398177
0.0370866
0.0344661
0.0318882
0.0313694
0.0326490
0.0369568
0.0427890
0.0500840
0.0564420
0.0616794
0.0640914
0.0647620
0.0633090
0.0617247
0.0598004
0.0589997
0.0581424
0.0577465
0.0561066
0.0538843
0.0500739
0.0462644
0.0421229
0.0393483
0.0370528
0.0359357
0.0339910
0.0310734
0.0248168
0.0152884
0.0007892
-0.0176207
-0.0405448
-0.0659216
-0.0936947
-0.1215622
-0.1496130
-0.1758666
-0.2008016
-0.2228759
-0.2432020
-0.2610659
-0.2784322
-0.2950543
-0.3127076
-0.3302708
-0.3483627
-0.3649711
-0.3806157
-0.3940377
-0.4069758
-0.4190911
-0.4321952
-0.4450835
-0.4582991
-0.4696673
-0.4796404
-0.4868730
-0.4932279
-0.4987150
-0.5060101
-0.5151056
-0.5279216
-0.5431715
-0.5613412
-0.5798479
-0.5983626
-0.6141595
-0.6275814
-0.6372625
-0.6453404
-0.6521899
-0.6612071
-0.6731231
-0.6905829
-0.7122848
-0.7376584
-0.7613687
-0.7789401
-0.7824909
-0.7676319
-0.7297786
-0.6706964
-0.5932876
-0.5060577
-0.4158766
-0.3314620
-0.2563709
-0.1939010
-0.1418537
-0.0990691
-0.0610109
-0.0264111
0.0077575
0.0404365
0.0724412
0.1012786
0.1275552
0.1496774
0.1698074
0.1877564
0.2063327
0.2248762
0.2448346
0.2637638
0.2816147
0.2952147
0.3049015
0.3088976
0.3096301
0.3074079
0.3061153
0.3063355
0.3110208
0.3188613
0.3305839
0.3428563
0.3551481
0.3638550
0.3692750
0.3694342
0.3666815
0.3608670
0.3554935
0.3505107
0.3485476
0.3479567
0.3496994
0.3509202
0.3522799
0.3513811
0.3497532
0.3457064
0.3411660
0.3345450
0.3279396
0.3201157
0.3137267
0.3079144
0.3052189
0.3039692
0.3053517
0.3066395
0.3103282
0.3110751
0.3095160
0.3036568
0.2960923
0.2862818
0.2779112
0.2705414
0.2670072
0.2651459
0.2659132
0.2656740
0.2649619
0.2607434
0.2550228
0.2464548
0.2385359
0.2306351
0.2260971
0.2231965
0.2237480
0.2244411
0.2260775
0.2250126
0.2225441
0.2159927
0.2079711
0.1970348
0.1868842
0.1766091
0.1698451
0.1647439
0.1634718
0.1624418
0.1626053
0.1599999
0.1564101
0.1494398
0.1427480
0.1351753
0.1306670
0.1270884
0.1267646
0.1257674
0.1254020
0.1216643
0.1169237
0.1086510
0.1007048
0.0912649
0.0842218
0.0770288
0.0727794
0.0681087
0.0657229
0.0619577
0.0595660
0.0549610
0.0514260
0.0460010
0.0428362
0.0393087
0.0394148
0.0394620
0.0422523
0.0429836
0.0444177
0.0424802
0.0415299
0.0387446
0.0391473
0.0391287
0.0422804
0.0431155
0.0442893
0.0401460
0.0344111
0.0225360
0.0095025
-0.0087505
-0.0265961
-0.0476959
-0.0653485
-0.0826725
-0.0928269
-0.1007039
-0.1020940
-0.1054347
-0.1084738
-0.1198475
-0.1340227
-0.1545845
-0.1693187
-0.1770036
-0.1632686
-0.1306393
-0.0731537
-0.0067922
0.0611140
0.1040210
0.1134081
0.0709999
-0.0125285
-0.1329183
-0.2577947
-0.3722100
-0.4444829
-0.4751251
-0.4534134
-0.4038783
-0.3305797
-0.2657543
-0.2070959
-0.1776372
-0.1586523
-0.1647715
-0.1667467
-0.1825271
-0.1797574
-0.1888518
-0.1719842
-0.1778633
-0.1471487
-0.1715399
