-0.0740159
-0.0241011
-0.0208657
0.0009043
0.0065802
0.0180567
0.0165233
0.0162069
0.0053574
-0.0038181
-0.0184197
-0.0275776
-0.0369629
-0.0387531
-0.0395853
-0.0346289
-0.0307010
-0.0237109
-0.0189914
-0.0120622
-0.0071868
-0.0005635
0.0031690
0.0066105
0.0053181
0.0024428
-0.0045096
-0.0109335
-0.0180716
-0.0216862
-0.0239334
-0.0222867
-0.0198930
-0.0147488
-0.0093120
-0.0007346
0.0094799
0.0240735
0.0406772
0.0601243
0.0782006
0.0942539
0.1039619
0.1076948
0.1033826
0.0938731
0.0794354
0.0641999
0.0487116
0.0361311
0.0255025
0.0183324
0.0128104
0.0104393
0.0101862
0.0139984
0.0202825
0.0288980
0.0355366
0.0379528
0.0320024
0.0182351
-0.0026884
-0.0254413
-0.0464084
-0.0604396
-0.0669168
-0.0654597
-0.0601916
-0.0541450
-0.0524816
-0.0567921
-0.0685837
-0.0847408
-0.1023611
-0.1158497
-0.1225739
-0.1199992
-0.1101005
-0.0948859
-0.0790870
-0.0649624
-0.0551585
-0.0488109
-0.0457899
-0.0439384
-0.0434012
-0.0433780
-0.0454713
-0.0497546
-0.0575872
-0.0676849
-0.0791421
-0.0882530
-0.0924172
-0.0880097
-0.0747713
-0.0535341
-0.0294370
-0.0079963
0.0035398
0.0012556
-0.0166575
-0.0462289
-0.0813449
-0.1129498
-0.1346855
-0.1425922
-0.1392575
-0.1307305
-0.1272348
-0.1371010
-0.1654847
-0.2081469
-0.2521903
-0.2744046
-0.2484308
-0.1500944
0.0306111
0.2843457
0.5775509
0.8602488
1.0759528
1.1800074
1.1507325
0.9984564
0.7592067
0.4852787
0.2282108
0.0273942
-0.0992324
-0.1531257
-0.1516381
-0.1176857
-0.0740672
-0.0361620
-0.0120871
-0.0016073
-0.0009125
-0.0037849
-0.0061959
-0.0056563
-0.0032288
-0.0006208
-0.0008333
-0.0051187
-0.0143598
-0.0272239
-0.0425578
-0.0581492
-0.0730906
-0.0860970
-0.0971930
-0.1055785
-0.1112073
-0.1130070
-0.1109692
-0.1048271
-0.0961305
-0.0864319
-0.0785061
-0.0738582
-0.0737122
-0.0769136
-0.0816472
-0.0842363
-0.0816310
-0.0707890
-0.0512580
-0.0240876
0.0067061
0.0366130
0.0604073
0.0751383
0.0795508
0.0758567
0.0675560
0.0596629
0.0556052
0.0574361
0.0638428
0.0722111
0.0785431
0.0804695
0.0767202
0.0685111
0.0572481
0.0449318
0.0321563
0.0196546
0.0075134
-0.0028790
-0.0102595
-0.0129030
-0.0111430
-0.0068068
-0.0043447
-0.0080892
-0.0215005
-0.0440388
-0.0719075
-0.0978245
-0.1146785
-0.1169110
-0.1036914
-0.0780276
-0.0468289
-0.0173868
0.0038166
0.0140986
0.0138270
0.0068252
-0.0025043
-0.0097168
-0.0127220
-0.0109532
-0.0062262
-0.0008733
0.0018049
-0.0006549
-0.0104405
-0.0276971
-0.0511769
-0.0770362
-0.1006139
-0.1165824
-0.1215497
-0.1140914
-0.0963064
-0.0723413
-0.0483397
-0.0296410
-0.0200090
-0.0192298
-0.0240350
-0.0283264
-0.0265846
-0.0153551
0.0040216
0.0263848
0.0434291
0.0476445
0.0343408
0.0046690
-0.0352341
-0.0750753
-0.1046424
-0.1164055
-0.1093110
-0.0888860
-0.0670444
-0.0576426
-0.0722484
-0.1135770
-0.1723237
-0.2255133
-0.2414158
-0.1871111
-0.0405309
0.2002398
0.5106790
0.8431427
1.1364546
1.3327234
1.3927283
1.3078878
1.1012329
0.8203690
0.5220172
0.2571585
0.0585859
-0.0626321
-0.1153630
-0.1202938
-0.1022089
-0.0819439
-0.0729061
-0.0790626
-0.0972384
-0.1194081
-0.1372102
-0.1443127
-0.1391102
-0.1240694
-0.1051337
-0.0885882
-0.0795453
-0.0796665
-0.0877614
-0.0999966
-0.1123433
-0.1213724
-0.1259093
-0.1262114
-0.1239995
-0.1207565
-0.1178317
-0.1155274
-0.1141593
-0.1138098
-0.1154225
-0.1199366
-0.1284034
-0.1404479
-0.1545358
-0.1674663
-0.1759709
-0.1771248
-0.1699544
-0.1550387
-0.1349374
-0.1128050
-0.0922765
-0.0760095
-0.0658140
-0.0616716
-0.0624617
-0.0656150
-0.0683678
-0.0677956
-0.0622390
-0.0512471
-0.0364756
-0.0206456
-0.0072492
0.0012748
0.0037334
0.0010042
-0.0051070
-0.0120693
-0.0180714
-0.0218524
-0.0234331
-0.0233371
-0.0229957
-0.0238618
-0.0276907
-0.0354522
-0.0474487
-0.0623873
-0.0780910
-0.0914532
-0.0998820
-0.1014877
-0.0961547
-0.0849934
-0.0705983
-0.0558469
-0.0437454
-0.0361470
-0.0338673
-0.0360163
-0.0409027
-0.0460852
-0.0496505
-0.0502221
-0.0478398
-0.0434034
-0.0389466
-0.0365387
-0.0381031
-0.0440905
-0.0535028
-0.0634255
-0.0704332
-0.0714601
-0.0656914
-0.0546595
-0.0423247
-0.0331190
-0.0306319
-0.0356049
-0.0459764
-0.0570650
-0.0636453
-0.0612312
-0.0480084
-0.0249539
0.0039387
0.0332021
0.0568168
0.0700840
0.0701161
0.0568064
0.0323177
0.0011247
-0.0313136
-0.0592820
-0.0787877
-0.0885848
-0.0916671
-0.0946293
-0.1061618
-0.1326272
-0.1734724
-0.2166395
-0.2384346
-0.2078242
-0.0967253
0.1084677
0.3969443
0.7313763
1.0539829
1.3013277
1.4216342
1.3903281
1.2165957
0.9402173
0.6184755
0.3098559
0.0588396
-0.1119658
-0.2026554
-0.2296966
-0.2174972
-0.1896179
-0.1636241
-0.1485915
-0.1463302
-0.1534148
-0.1644417
-0.1739978
-0.1785846
-0.1768319
-0.1697737
-0.1597501
-0.1497883
-0.1422061
-0.1384033
-0.1384467
-0.1419150
-0.1480545
-0.1564138
-0.1662599
-0.1765532
-0.1853783
-0.1906808
-0.1907203
-0.1853353
-0.1759883
-0.1657960
-0.1581085
-0.1555202
-0.1583710
-0.1646907
-0.1703375
-0.1706766
-0.1619150
-0.1429140
-0.1154263
-0.0838812
-0.0534949
-0.0287977
-0.0119755
-0.0029473
0.0002431
-0.0001659
-0.0023947
-0.0059059
-0.0107856
-0.0173759
-0.0252427
-0.0331997
-0.0392135
-0.0414123
-0.0385200
-0.0306425
-0.0189136
-0.0054212
0.0076178
0.0179490
0.0238955
0.0242938
0.0190492
0.0089477
-0.0041807
-0.0182767
-0.0314519
-0.0428741
-0.0525606
-0.0611959
-0.0689956
-0.0753238
-0.0783332
-0.0759800
-0.0669063
-0.0517610
-0.0332045
-0.0155614
-0.0031913
0.0007179
-0.0044814
-0.0168919
-0.0323642
-0.0460327
-0.0535596
-0.0527260
-0.0438313
-0.0298018
-0.0149668
-0.0039071
0.0002786
-0.0032600
-0.0126201
-0.0241571
-0.0337619
-0.0388811
-0.0393933
-0.0377684
-0.0374280
-0.0409930
-0.0483847
-0.0566521
-0.0607436
-0.0557981
-0.0390544
-0.0115038
0.0222290
0.0547718
0.0782288
0.0861207
0.0753941
0.0470763
0.0063659
-0.0387390
-0.0790587
-0.1066826
-0.1168663
-0.1098525
-0.0912176
-0.0712690
-0.0623463
-0.0751016
-0.1135740
-0.1713080
-0.2293198
-0.2583951
-0.2255667
-0.1047423
0.1123323
0.4081489
0.7392909
1.0447826
1.2619859
1.3442750
1.2750625
1.0722332
0.7821527
0.4649671
0.1776065
-0.0403063
-0.1728325
-0.2264858
-0.2227800
-0.1889465
-0.1493441
-0.1203707
-0.1086181
-0.1124631
-0.1251357
-0.1387084
-0.1470630
-0.1478214
-0.1422597
-0.1342807
-0.1283559
-0.1279131
-0.1340173
-0.1453836
-0.1589484
-0.1713464
-0.1799845
-0.1838966
-0.1834534
-0.1798466
-0.1741404
-0.1670419
-0.1588387
-0.1499657
-0.1411327
-0.1334349
-0.1278091
-0.1247742
-0.1240598
-0.1248587
-0.1259158
-0.1259351
-0.1235933
-0.1178470
-0.1079580
-0.0938843
-0.0763444
-0.0570496
-0.0383369
-0.0227542
-0.0121135
-0.0069381
-0.0060781
-0.0072914
-0.0080511
-0.0066987
-0.0028060
0.0029560
0.0097928
0.0174176
0.0263082
0.0369058
0.0487804
0.0599469
0.0673630
0.0679789
0.0602953
0.0451692
0.0259076
0.0070831
-0.0069876
-0.0139357
-0.0140277
-0.0100014
-0.0056725
-0.0043737
-0.0074694
-0.0140181
-0.0212542
-0.0260677
-0.0263567
-0.0220634
-0.0150504
-0.0083656
-0.0048731
-0.0062839
-0.0125748
-0.0223774
-0.0336716
-0.0447867
-0.0548129
-0.0636301
-0.0712648
-0.0774537
-0.0814239
-0.0824135
-0.0802306
-0.0758077
-0.0710340
-0.0682679
-0.0693813
-0.0750608
-0.0842313
-0.0941461
-0.1008544
-0.1004124
-0.0902314
-0.0704383
-0.0442817
-0.0175666
0.0031397
0.0125603
0.0085363
-0.0073866
-0.0304751
-0.0544871
-0.0736025
-0.0843567
-0.0868095
-0.0849911
-0.0860617
-0.0983173
-0.1278000
-0.1744641
-0.2288920
-0.2715314
-0.2755444
-0.2138642
-0.0687342
0.1591351
0.4459316
0.7471274
1.0073817
1.1750046
1.2165669
1.1263940
0.9278494
0.6658180
0.3934560
0.1576736
-0.0116983
-0.1063527
-0.1369780
-0.1260031
-0.0986065
-0.0752715
-0.0675398
-0.0775723
-0.1004475
-0.1279254
-0.1519733
-0.1672372
-0.1718796
-0.1671974
-0.1563693
-0.1431283
-0.1306167
-0.1208490
-0.1146231
-0.1119163
-0.1123031
-0.1152728
-0.1201591
-0.1259913
-0.1313633
-0.1346546
-0.1344250
-0.1299726
-0.1216820
-0.1111387
-0.1007763
-0.0932348
-0.0904475
-0.0928505
-0.0988762
-0.1051232
-0.1071998
-0.1012131
-0.0852854
-0.0605109
-0.0307067
-0.0010773
0.0237053
0.0410089
0.0507455
0.0546748
0.0551063
0.0537001
0.0510169
0.0467832
0.0406065
0.0326198
0.0237978
0.0157211
0.0099348
0.0071293
0.0066073
0.0063081
0.0035427
-0.0038270
-0.0162167
-0.0317818
-0.0468379
-0.0571947
-0.0598342
-0.0542300
-0.0426853
-0.0295468
-0.0196204
-0.0165155
-0.0216108
-0.0339827
-0.0510991
-0.0697715
-0.0868908
-0.0997718
-0.1062395
-0.1047325
-0.0946203
-0.0766612
-0.0533182
-0.0285870
-0.0072224
0.0065031
0.0101036
0.0038104
-0.0092934
-0.0240646
-0.0348839
-0.0375129
-0.0306617
-0.0166624
-0.0009490
0.0097022
0.0096273
-0.0033945
-0.0269337
-0.0543527
-0.0769223
-0.0868599
-0.0802699
-0.0588016
-0.0294139
-0.0021966
0.0129170
0.0094953
-0.0131649
-0.0495292
-0.0892876
-0.1203293
-0.1325771
-0.1215487
-0.0906504
-0.0511465
-0.0194548
-0.0119514
-0.0386234
-0.0973978
-0.1714248
-0.2308441
-0.2396528
-0.1663721
0.0042427
0.2625938
0.5723545
0.8773411
1.1157830
1.2377557
1.2195411
1.0698712
0.8258602
0.5407562
0.2682506
0.0490219
-0.0967784
-0.1697467
-0.1857230
-0.1673807
-0.1363696
-0.1081543
-0.0904910
-0.0846578
-0.0881739
-0.0973697
-0.1091229
-0.1213607
-0.1328683
-0.1427451
-0.1501786
-0.1544736
-0.1554069
-0.1534057
-0.1495708
-0.1453112
-0.1419662
-0.1403632
-0.1406694
-0.1423422
-0.1444135
-0.1458016
-0.1457597
-0.1440457
-0.1409548
-0.1369903
-0.1325838
-0.1277781
-0.1222331
-0.1152774
-0.1061949
-0.0943920
-0.0796767
-0.0623556
-0.0434071
-0.0244066
-0.0074273
0.0053932
0.0122796
0.0123978
0.0061240
-0.0048401
-0.0178603
-0.0299094
-0.0383883
-0.0416783
-0.0394790
-0.0325242
-0.0221657
-0.0098664
0.0028214
0.0141740
0.0221068
0.0245041
0.0197538
0.0075269
-0.0109387
-0.0329590
-0.0552101
-0.0745740
-0.0890034
-0.0977914
-0.1015126
-0.1014195
-0.0989727
-0.0954643
-0.0921739
-0.0904591
-0.0917935
-0.0972091
-0.1066867
-0.1185579
-0.1297129
-0.1363559
-0.1354387
-0.1258765
-0.1093580
-0.0899487
-0.0728507
-0.0623698
-0.0602731
-0.0649065
-0.0718542
-0.0755474
-0.0715637
-0.0583521
-0.0380773
-0.0158455
0.0020596
0.0106479
0.0080688
-0.0034947
-0.0186006
-0.0303271
-0.0328214
-0.0233245
-0.0033528
0.0217714
0.0444656
0.0573794
0.0556037
0.0383320
0.0090880
-0.0250848
-0.0556419
-0.0748036
-0.0779776
-0.0653717
-0.0427952
-0.0207240
-0.0117613
-0.0261292
-0.0665475
-0.1237099
-0.1749234
-0.1871872
-0.1256898
0.0343162
0.2954903
0.6315522
0.9890288
1.2991025
1.4961637
1.5374088
1.4158192
1.1619950
0.8338059
0.4985506
0.2139443
0.0148567
-0.0912014
-0.1195620
-0.0985699
-0.0583104
-0.0221620
-0.0025789
-0.0015733
-0.0139034
-0.0315559
-0.0473393
-0.0572003
-0.0605560
-0.0595778
-0.0575224
-0.0573032
-0.0602594
-0.0659809
-0.0726598
-0.0782588
-0.0814251
-0.0821933
-0.0816675
-0.0814360
-0.0826085
-0.0854815
-0.0894192
-0.0934001
-0.0963700
-0.0977483
-0.0974307
-0.0959449
-0.0942808
-0.0939980
-0.0968904
-0.1046620
-0.1180725
-0.1364564
-0.1573839
-0.1772593
-0.1921292
-0.1989409
-0.1962146
-0.1844712
-0.1657679
-0.1431588
-0.1197664
-0.0983403
-0.0807776
-0.0681900
-0.0607901
-0.0581652
-0.0593088
-0.0630864
-0.0684815
-0.0751244
-0.0832369
-0.0934917
-0.1062182
-0.1209224
-0.1358346
-0.1483447
-0.1555996
-0.1556441
-0.1480768
-0.1345698
-0.1184037
-0.1037044
-0.0939725
-0.0910685
-0.0945021
-0.1019867
-0.1104287
-0.1174864
-0.1223357
-0.1258802
-0.1297663
-0.1354120
-0.1429974
-0.1514832
-0.1589157
-0.1634009
-0.1636893
-0.1598395
-0.1531505
-0.1460423
-0.1411595
-0.1405104
-0.1442811
-0.1506090
-0.1560234
-0.1571624
-0.1523178
-0.1425972
-0.1313937
-0.1230152
-0.1204450
-0.1238648
-0.1299179
-0.1327324
-0.1257242
-0.1042575
-0.0675660
-0.0199094
0.0302501
0.0722568
0.0965697
0.0975483
0.0754132
0.0360297
-0.0106253
-0.0534349
-0.0829622
-0.0942021
-0.0879958
-0.0714589
-0.0562373
-0.0551652
-0.0769454
-0.1209324
-0.1732925
-0.2074764
-0.1894789
-0.0881536
0.1128650
0.4050804
0.7520420
1.0949747
1.3672026
1.5123909
1.5011402
1.3391944
1.0650106
0.7370811
0.4167439
0.1520225
-0.0316416
-0.1326962
-0.1673858
-0.1605011
-0.1359067
-0.1104739
-0.0917694
-0.0798798
-0.0709328
-0.0611975
-0.0493959
-0.0374641
-0.0292332
-0.0287600
-0.0383964
-0.0580617
-0.0850363
-0.1149639
-0.1428754
-0.1647141
-0.1781000
-0.1828779
-0.1805073
-0.1734288
-0.1640038
-0.1542977
-0.1458961
-0.1403551
-0.1389970
-0.1427248
-0.1511456
-0.1623654
-0.1730141
-0.1794504
-0.1788036
-0.1700693
-0.1539511
-0.1324807
-0.1080005
-0.0828372
-0.0588609
-0.0376774
-0.0203550
-0.0075342
0.0009296
0.0057660
0.0083926
0.0104048
0.0134086
0.0183249
0.0252125
0.0328818
0.0393882
0.0424555
0.0405477
0.0333219
0.0220729
0.0090841
-0.0029964
-0.0122445
-0.0176509
-0.0192780
-0.0176791
-0.0138492
-0.0088829
-0.0042003
-0.0012157
-0.0013322
-0.0053751
-0.0136042
-0.0254868
-0.0402083
-0.0567706
-0.0743942
-0.0920879
-0.1084513
-0.1210857
-0.1270378
-0.1234797
-0.1093139
-0.0860394
-0.0581703
-0.0319034
-0.0133458
-0.0061236
-0.0102776
-0.0220175
-0.0353432
-0.0439905
-0.0438565
-0.0341082
-0.0175873
0.0004235
0.0136606
0.0170696
0.0082093
-0.0115390
-0.0372804
-0.0614916
-0.0763046
-0.0756615
-0.0576746
-0.0254299
0.0132489
0.0481524
0.0695370
0.0714865
0.0536432
0.0216422
-0.0148612
-0.0449621
-0.0602042
-0.0571843
-0.0393464
-0.0164090
-0.0022760
-0.0105158
-0.0491748
-0.1152698
-0.1919858
-0.2494214
-0.2509646
-0.1635274
0.0299699
0.3210751
0.6723645
1.0236772
1.3062816
1.4619156
1.4592913
1.3031474
1.0315929
0.7039317
0.3827450
0.1177557
-0.0644358
-0.1615472
-0.1901039
-0.1756025
-0.1433934
-0.1120112
-0.0911007
-0.0822433
-0.0823205
-0.0866418
-0.0916903
-0.0957912
-0.0990141
-0.1018690
-0.1046917
-0.1070465
-0.1083092
-0.1079905
-0.1065395
-0.1051496
-0.1055706
-0.1089569
-0.1153723
-0.1233182
-0.1306350
-0.1353336
-0.1369001
-0.1363557
-0.1360482
-0.1382850
-0.1444974
-0.1542513
-0.1654876
-0.1747657
-0.1784783
-0.1736066
-0.1588969
-0.1349792
-0.1044433
-0.0707894
-0.0377859
-0.0084274
0.0151588
0.0321485
0.0427712
0.0485762
0.0518407
0.0551717
0.0602083
0.0670404
0.0736452
0.0768110
0.0731338
0.0607081
0.0396721
0.0124846
-0.0172148
-0.0455375
-0.0697486
-0.0884997
-0.1020229
-0.1113039
-0.1178413
-0.1230114
-0.1282624
-0.1347061
-0.1431769
-0.1535265
-0.1646220
-0.1741099
-0.1793688
-0.1782524
-0.1704055
-0.1573554
-0.1423508
-0.1288831
-0.1197296
-0.1158754
-0.1168584
-0.1210961
-0.1270029
-0.1331987
-0.1389111
-0.1434560
-0.1464008
-0.1473771
-0.1467506
-0.1454952
-0.1451946
-0.1469241
-0.1507661
-0.1552123
-0.1579619
-0.1565811
-0.1497982
-0.1376602
-0.1216769
-0.1038320
-0.0861693
-0.0700512
-0.0565833
-0.0467557
-0.0422223
-0.0449808
-0.0570562
-0.0790243
-0.1092139
-0.1429233
-0.1734766
-0.1938575
-0.1997306
-0.1915032
-0.1755926
-0.1627330
-0.1645736
-0.1880979
-0.2309013
-0.2780320
-0.3034471
-0.2754105
-0.1663349
0.0367766
0.3235934
0.6584180
0.9855657
1.2428400
1.3780507
1.3643323
1.2075184
0.9441308
0.6296924
0.3231284
0.0714754
-0.0992665
-0.1865567
-0.2063333
-0.1846671
-0.1480918
-0.1168886
-0.1014300
-0.1029482
-0.1161995
-0.1337857
-0.1491891
-0.1589462
-0.1624001
-0.1609847
-0.1564814
-0.1503544
-0.1430451
-0.1345473
-0.1245663
-0.1133685
-0.1016481
-0.0907293
-0.0817913
-0.0757953
-0.0729148
-0.0729863
-0.0754762
-0.0801889
-0.0870405
-0.0962144
-0.1073601
-0.1195424
-0.1307602
-0.1385951
-0.1404738
-0.1347762
-0.1210490
-0.1005532
-0.0756458
-0.0495824
-0.0254702
-0.0059868
0.0074841
0.0147450
0.0171044
0.0166429
0.0159634
0.0170960
0.0212303
0.0280139
0.0360677
0.0432248
0.0477300
0.0485254
0.0458229
0.0404368
0.0335795
0.0259437
0.0178610
0.0091393
-0.0000794
-0.0092899
-0.0172267
-0.0226860
-0.0248412
-0.0241688
-0.0221248
-0.0210155
-0.0227972
-0.0287458
-0.0387690
-0.0519105
-0.0663134
-0.0799532
-0.0905344
-0.0961627
-0.0953348
-0.0877509
-0.0742580
-0.0572911
-0.0401334
-0.0264996
-0.0190283
-0.0186224
-0.0235996
-0.0305468
-0.0352189
-0.0345047
-0.0272132
-0.0147703
-0.0001976
0.0127310
0.0212035
0.0238879
0.0215589
0.0162537
0.0107461
0.0070693
0.0060327
0.0064883
0.0061097
0.0019795
-0.0077854
-0.0234081
-0.0425822
-0.0611417
-0.0736738
-0.0755352
-0.0643551
-0.0421207
-0.0155432
0.0044048
0.0058224
-0.0198095
-0.0719846
-0.1378846
-0.1919777
-0.2013932
-0.1349835
0.0247779
0.2727094
0.5771294
0.8853598
1.1361900
1.2771439
1.2792518
1.1456055
0.9091588
0.6222967
0.3407667
0.1093154
-0.0479577
-0.1288992
-0.1488972
-0.1320468
-0.1029169
-0.0797574
-0.0719230
-0.0797014
-0.0973212
-0.1162479
-0.1292038
-0.1322035
-0.1257471
-0.1135449
-0.1010274
-0.0927722
-0.0913294
-0.0962457
-0.1050410
-0.1140862
-0.1205070
-0.1228354
-0.1217224
-0.1189532
-0.1168174
-0.1166668
-0.1188327
-0.1223232
-0.1258600
-0.1282069
-0.1291957
-0.1294955
-0.1307787
-0.1346447
-0.1422685
-0.1532979
-0.1659445
-0.1766642
-0.1812661
-0.1756738
-0.1577994
-0.1282439
-0.0910101
-0.0521929
-0.0186164
0.0046976
0.0156575
0.0159574
0.0097175
0.0020760
-0.0032148
-0.0045686
-0.0030696
-0.0010793
-0.0012998
-0.0051504
-0.0126713
-0.0222445
-0.0317214
-0.0388411
-0.0424547
-0.0425563
-0.0407852
-0.0395092
-0.0413222
-0.0474126
-0.0571191
-0.0673939
-0.0742276
-0.0739315
-0.0653349
-0.0501736
-0.0329783
-0.0188626
-0.0119311
-0.0134809
-0.0223622
-0.0354851
-0.0496681
-0.0622895
-0.0721881
-0.0789670
-0.0828375
-0.0835413
-0.0805476
-0.0728441
-0.0600750
-0.0428079
-0.0233621
-0.0050787
0.0080692
0.0131144
0.0087198
-0.0037204
-0.0206491
-0.0367675
-0.0469859
-0.0475754
-0.0378822
-0.0202900
-0.0001478
0.0161135
0.0224062
0.0153362
-0.0049495
-0.0339476
-0.0641629
-0.0866732
-0.0943708
-0.0842024
-0.0594165
-0.0291340
-0.0068161
-0.0059263
-0.0354545
-0.0945449
-0.1696732
-0.2340732
-0.2526241
-0.1903812
-0.0249288
0.2431068
0.5840193
0.9428318
1.2512954
1.4465641
1.4885438
1.3716417
1.1250349
0.8034246
0.4701706
0.1807352
-0.0300584
-0.1519785
-0.1966355
-0.1886091
-0.1560767
-0.1222381
-0.1014214
-0.0981079
-0.1098023
-0.1301011
-0.1524352
-0.1715791
-0.1848038
-0.1911095
-0.1911441
-0.1861898
-0.1783146
-0.1695655
-0.1621214
-0.1573930
-0.1561912
-0.1580552
-0.1618693
-0.1657597
-0.1682031
-0.1680850
-0.1655037
-0.1611692
-0.1565292
-0.1527975
-0.1511392
-0.1520174
-0.1556920
-0.1617053
-0.1693530
-0.1771148
-0.1832387
-0.1855210
-0.1823281
-0.1725987
-0.1566583
-0.1356266
-0.1115463
-0.0863383
-0.0618704
-0.0391841
-0.0190356
-0.0016401
0.0124255
0.0225204
0.0275857
0.0272809
0.0221730
0.0145367
0.0072698
0.0031808
0.0031587
0.0060796
0.0087159
0.0076114
0.0001794
-0.0135755
-0.0313437
-0.0487286
-0.0612137
-0.0651972
-0.0597027
-0.0462247
-0.0287322
-0.0118550
0.0001320
0.0051107
0.0030560
-0.0038829
-0.0130422
-0.0218655
-0.0291280
-0.0344291
-0.0383679
-0.0415849
-0.0450951
-0.0497048
-0.0565146
-0.0661299
-0.0787658
-0.0932261
-0.1072486
-0.1172383
-0.1196559
-0.1116609
-0.0928357
-0.0653094
-0.0341691
-0.0058498
0.0130568
0.0183341
0.0091419
-0.0108673
-0.0348762
-0.0543076
-0.0619807
-0.0539280
-0.0313196
0.0002321
0.0316999
0.0537662
0.0590138
0.0446806
0.0131284
-0.0280202
-0.0683475
-0.0970587
-0.1069116
-0.0964337
-0.0717785
-0.0452349
-0.0324453
-0.0464557
-0.0921342
-0.1606524
-0.2285996
-0.2610824
-0.2212363
-0.0818535
0.1623613
0.4886485
0.8471397
1.1719226
1.3973838
1.4769752
1.3958995
1.1753015
0.8643740
0.5256624
0.2170599
-0.0210843
-0.1723995
-0.2418689
-0.2490510
-0.2184458
-0.1725728
-0.1271698
-0.0910306
-0.0670177
-0.0550667
-0.0535101
-0.0605552
-0.0737400
-0.0903885
-0.1072078
-0.1215377
-0.1315332
-0.1372210
-0.1397313
-0.1411781
-0.1431130
-0.1463964
-0.1503687
-0.1538340
-0.1552536
-0.1542092
-0.1512698
-0.1484265
-0.1476959
-0.1507091
-0.1573575
-0.1663355
-0.1751499
-0.1817031
-0.1844648
-0.1833285
-0.1786476
-0.1712083
-0.1611027
-0.1483419
-0.1327546
-0.1152757
-0.0975574
-0.0820644
-0.0703629
-0.0627522
-0.0573665
-0.0514421
-0.0419113
-0.0272921
-0.0078848
0.0134840
0.0327671
0.0453595
0.0482421
0.0405299
0.0245035
0.0043918
-0.0143785
-0.0275333
-0.0327264
-0.0307749
-0.0245937
-0.0186083
-0.0166012
-0.0211299
-0.0323257
-0.0487139
-0.0672540
-0.0848240
-0.0982700
-0.1055102
-0.1051521
-0.0973171
-0.0831094
-0.0652714
-0.0472548
-0.0331934
-0.0262291
-0.0281465
-0.0381109
-0.0534200
-0.0696444
-0.0825398
-0.0886739
-0.0869702
-0.0781940
-0.0649761
-0.0500176
-0.0356955
-0.0229346
-0.0121892
-0.0035760
0.0017450
0.0021446
-0.0044475
-0.0186361
-0.0390656
-0.0613317
-0.0794289
-0.0869442
-0.0800356
-0.0585231
-0.0269903
0.0070686
0.0349076
0.0498182
0.0483933
0.0319478
0.0053154
-0.0239241
-0.0481004
-0.0608311
-0.0595213
-0.0459110
-0.0270910
-0.0138319
-0.0186354
-0.0507005
-0.1113017
-0.1885313
-0.2566012
-0.2790015
-0.2187518
-0.0508549
0.2246591
0.5771195
0.9479580
1.2649148
1.4611224
1.4952642
1.3630265
1.0982435
0.7609823
0.4199545
0.1331563
-0.0644896
-0.1662651
-0.1889085
-0.1635629
-0.1234465
-0.0947725
-0.0904650
-0.1103064
-0.1438439
-0.1770670
-0.1976941
-0.2000076
-0.1852954
-0.1609275
-0.1362567
-0.1197529
-0.1157177
-0.1241255
-0.1406333
-0.1591910
-0.1735667
-0.1799651
-0.1772746
-0.1677382
-0.1552542
-0.1446300
-0.1393154
-0.1410876
-0.1490701
-0.1610904
-0.1740846
-0.1859866
-0.1955972
-0.2031715
-0.2088780
-0.2126082
-0.2127077
-0.2070100
-0.1930816
-0.1702080
-0.1394720
-0.1045362
-0.0700480
-0.0410018
-0.0205196
-0.0096311
-0.0063735
-0.0073372
-0.0083183
-0.0066279
-0.0014043
0.0054290
0.0107651
0.0110879
0.0048609
-0.0072974
-0.0219972
-0.0350823
-0.0426358
-0.0433329
-0.0382898
-0.0311988
-0.0259148
-0.0254601
-0.0301874
-0.0387033
-0.0482287
-0.0568935
-0.0639945
-0.0708429
-0.0790547
-0.0900365
-0.1032551
-0.1170028
-0.1284502
-0.1356681
-0.1377086
-0.1355061
-0.1304276
-0.1241632
-0.1172911
-0.1100599
-0.1020440
-0.0934925
-0.0846986
-0.0765161
-0.0690135
-0.0619551
-0.0541392
-0.0448419
-0.0337446
-0.0221776
-0.0120790
-0.0059816
-0.0050801
-0.0092101
-0.0158669
-0.0217283
-0.0231468
-0.0184443
-0.0080679
0.0045366
0.0148215
0.0181403
0.0125065
-0.0010883
-0.0179787
-0.0321182
-0.0374937
-0.0313402
-0.0150264
0.0046352
0.0174912
0.0122095
-0.0185544
-0.0744792
-0.1434976
-0.2023897
-0.2197715
-0.1649457
-0.0175276
0.2218960
0.5274070
0.8492551
1.1254077
1.2972466
1.3276997
1.2120513
0.9802249
0.6861963
0.3917689
0.1478100
-0.0170799
-0.1004951
-0.1197543
-0.1023034
-0.0741826
-0.0536984
-0.0480721
-0.0559592
-0.0705052
-0.0846151
-0.0933487
-0.0962175
-0.0957203
-0.0963729
-0.1016394
-0.1133450
-0.1304063
-0.1503810
-0.1696498
-0.1853116
-0.1948291
-0.1971390
-0.1917792
-0.1798707
-0.1632220
-0.1450644
-0.1285747
-0.1169494
-0.1116035
-0.1126187
-0.1179671
-0.1251724
-0.1313016
-0.1346230
-0.1339373
-0.1293827
-0.1211668
-0.1102368
-0.0972143
-0.0833540
-0.0696084
-0.0574950
-0.0479106
-0.0417745
-0.0388053
-0.0383899
-0.0387358
-0.0381208
-0.0343393
-0.0261919
-0.0130581
0.0037847
0.0222509
0.0391317
0.0520322
0.0591799
0.0606582
0.0571001
0.0500651
0.0405213
0.0296090
0.0177155
0.0056782
-0.0060474
-0.0164056
-0.0249751
-0.0313144
-0.0362130
-0.0406060
-0.0461190
-0.0533849
-0.0625201
-0.0720170
-0.0802066
-0.0850133
-0.0856846
-0.0820624
-0.0754342
-0.0670657
-0.0588042
-0.0517788
-0.0473132
-0.0457797
-0.0474274
-0.0510648
-0.0550052
-0.0563776
-0.0530640
-0.0437843
-0.0299979
-0.0148792
-0.0033705
0.0006595
-0.0047798
-0.0176193
-0.0330293
-0.0440066
-0.0449817
-0.0331592
-0.0108406
0.0161513
0.0394114
0.0517089
0.0482071
0.0288257
-0.0027763
-0.0390510
-0.0713272
-0.0908203
-0.0920137
-0.0736506
-0.0412309
-0.0058751
0.0167110
0.0118807
-0.0288540
-0.1006817
-0.1834571
-0.2426878
-0.2388956
-0.1392602
0.0678751
0.3652690
0.7055647
1.0226089
1.2482833
1.3335689
1.2621627
1.0557805
0.7650796
0.4541123
0.1802473
-0.0189580
-0.1324179
-0.1709569
-0.1594726
-0.1255700
-0.0928258
-0.0754722
-0.0789634
-0.1005117
-0.1330712
-0.1670875
-0.1942371
-0.2080767
-0.2062612
-0.1895192
-0.1623199
-0.1305655
-0.1013251
-0.0799894
-0.0700777
-0.0712433
-0.0806718
-0.0929645
-0.1030916
-0.1068911
-0.1034417
-0.0939769
-0.0823759
-0.0726551
-0.0689596
-0.0733976
-0.0868708
-0.1077985
-0.1336462
-0.1600871
-0.1828748
-0.1973672
-0.2007563
-0.1916363
-0.1716656
-0.1438873
-0.1129420
-0.0824556
-0.0554052
-0.0326198
-0.0145581
-0.0006981
0.0086505
0.0135887
0.0135734
0.0091578
0.0009765
-0.0088903
-0.0186391
-0.0261183
-0.0309175
-0.0333588
-0.0355501
-0.0391789
-0.0458816
-0.0551852
-0.0657756
-0.0746116
-0.0791888
-0.0771409
-0.0684172
-0.0542051
-0.0379933
-0.0232226
-0.0134621
-0.0099877
-0.0127970
-0.0194988
-0.0275624
-0.0338949
-0.0371258
-0.0366220
-0.0338695
-0.0305188
-0.0291027
-0.0309155
-0.0370852
-0.0470186
-0.0599267
-0.0734006
-0.0849854
-0.0910805
-0.0892717
-0.0779349
-0.0585591
-0.0342784
-0.0105077
0.0080202
0.0171859
0.0159839
0.0052627
-0.0111646
-0.0290114
-0.0431742
-0.0504230
-0.0486515
-0.0387844
-0.0230953
-0.0062842
0.0069460
0.0114891
0.0048437
-0.0131838
-0.0382739
-0.0638660
-0.0816837
-0.0865002
-0.0775120
-0.0613874
-0.0493498
-0.0546118
-0.0845506
-0.1363011
-0.1917659
-0.2209234
-0.1875580
-0.0627373
0.1642844
0.4757769
0.8267614
1.1524810
1.3868437
1.4796363
1.4127794
1.2035366
0.9000435
0.5647699
0.2584453
0.0235126
-0.1216030
-0.1834300
-0.1843644
-0.1542568
-0.1191690
-0.0970782
-0.0942347
-0.1088298
-0.1330887
-0.1592551
-0.1806763
-0.1947912
-0.2008758
-0.2007538
-0.1957291
-0.1877048
-0.1770542
-0.1647357
-0.1508263
-0.1368505
-0.1239512
-0.1145106
-0.1096022
-0.1103842
-0.1159201
-0.1254006
-0.1367028
-0.1489060
-0.1605339
-0.1715159
-0.1809968
-0.1892731
-0.1957369
-0.2008551
-0.2038650
-0.2045442
-0.2010399
-0.1923222
-0.1768389
-0.1554234
-0.1294994
-0.1027720
-0.0779610
-0.0576763
-0.0414352
-0.0278968
-0.0135217
0.0039770
0.0267020
0.0536430
0.0828205
0.1095350
0.1296018
0.1382691
0.1336327
0.1150928
0.0858510
0.0500690
0.0140891
-0.0173511
-0.0400138
-0.0532414
-0.0575212
-0.0562382
-0.0522412
-0.0492543
-0.0486335
-0.0514666
-0.0561917
-0.0616285
-0.0652205
-0.0662722
-0.0637839
-0.0589980
-0.0524993
-0.0464037
-0.0414048
-0.0392130
-0.0398304
-0.0441910
-0.0513936
-0.0612655
-0.0715455
-0.0807742
-0.0860162
-0.0863380
-0.0805498
-0.0700703
-0.0555564
-0.0391227
-0.0210940
-0.0031601
0.0138862
0.0267288
0.0327743
0.0283491
0.0133808
-0.0103811
-0.0363030
-0.0575364
-0.0665671
-0.0610008
-0.0418500
-0.0163072
0.0076105
0.0207917
0.0189589
0.0008253
-0.0286211
-0.0627859
-0.0921468
-0.1099637
-0.1109293
-0.0962333
-0.0707526
-0.0459420
-0.0337667
-0.0459351
-0.0847828
-0.1422209
-0.1943939
-0.2088790
-0.1497641
0.0061648
0.2615072
0.5879497
0.9328817
1.2276662
1.4102887
1.4400495
1.3138788
1.0631167
0.7470360
0.4303402
0.1686573
-0.0086799
-0.0975588
-0.1179749
-0.0985794
-0.0697247
-0.0504667
-0.0499903
-0.0643670
-0.0859757
-0.1039189
-0.1130721
-0.1108598
-0.1019107
-0.0909122
-0.0854009
-0.0883126
-0.1021255
-0.1231302
-0.1477994
-0.1687200
-0.1822856
-0.1844347
-0.1772742
-0.1625739
-0.1466028
-0.1322337
-0.1239982
-0.1210088
-0.1238405
-0.1286491
-0.1350089
-0.1394991
-0.1429229
-0.1427560
-0.1404194
-0.1337715
-0.1252184
-0.1139730
-0.1040200
-0.0950950
-0.0903275
-0.0868113
-0.0846520
-0.0786196
-0.0689897
-0.0528964
-0.0346511
-0.0147067
0.0009816
0.0132702
0.0191554
0.0233255
0.0249564
0.0290743
0.0325330
0.0376049
0.0384453
0.0369723
0.0281072
0.0163460
-0.0015736
-0.0190303
-0.0389859
-0.0539503
-0.0676005
-0.0717883
-0.0715556
-0.0588741
-0.0424916
-0.0165041
0.0041807
0.0244065
0.0249444
0.0169986
-0.0196884
-0.0570726
-0.1271979
