0.0917990
0.0701023
-0.0760889
-0.1501038
-0.2418624
-0.2965315
-0.3561684
-0.3692910
-0.3408715
-0.2190255
-0.0149265
0.2782768
0.5993613
0.9013443
1.1013507
1.1639959
1.0606773
0.8281043
0.5102761
0.1868217
-0.0916115
-0.2774870
-0.3712648
-0.3799369
-0.3418290
-0.2807642
-0.2289954
-0.1917599
-0.1774291
-0.1730542
-0.1768744
-0.1757563
-0.1722284
-0.1595960
-0.1446636
-0.1238063
-0.1046496
-0.0839644
-0.0681269
-0.0525331
-0.0416833
-0.0307560
-0.0251428
-0.0224112
-0.0292496
-0.0426171
-0.0651772
-0.0884085
-0.1098188
-0.1195293
-0.1180728
-0.1027051
-0.0815618
-0.0570832
-0.0374396
-0.0210402
-0.0100779
0.0011580
0.0112531
0.0230789
0.0314403
0.0367031
0.0343791
0.0277834
0.0161992
0.0053639
-0.0047085
-0.0093976
-0.0105723
-0.0058987
0.0009336
0.0108681
0.0198675
0.0294628
0.0372700
0.0464641
0.0556398
0.0674731
0.0789427
0.0901062
0.0952107
0.0923472
0.0764599
0.0499491
0.0152446
-0.0178460
-0.0433018
-0.0542381
-0.0530904
-0.0434539
-0.0354127
-0.0343841
-0.0457918
-0.0662271
-0.0914648
-0.1114269
-0.1206547
-0.1142862
-0.0967418
-0.0738756
-0.0565181
-0.0493841
-0.0547755
-0.0658714
-0.0761378
-0.0768860
-0.0666542
-0.0454552
-0.0195578
0.0068717
0.0272143
0.0391090
0.0387555
0.0273702
0.0059470
-0.0190298
-0.0426420
-0.0581013
-0.0644707
-0.0619897
-0.0566705
-0.0526970
-0.0554611
-0.0647264
-0.0794298
-0.0932761
-0.1014152
-0.0977798
-0.0826269
-0.0582543
-0.0329870
-0.0134913
-0.0065905
-0.0122642
-0.0281976
-0.0465476
-0.0612189
-0.0656026
-0.0586857
-0.0408099
-0.0177059
0.0051840
0.0200305
0.0232524
0.0130278
-0.0057570
-0.0269225
-0.0410053
-0.0418959
-0.0245154
0.0098164
0.0569678
0.1064055
0.1471756
0.1671609
0.1606401
0.1266876
0.0730868
0.0101909
-0.0487498
-0.0948713
-0.1222264
-0.1319962
-0.1273950
-0.1149250
-0.0985168
-0.0821818
-0.0667816
-0.0545313
-0.0459843
-0.0432099
-0.0455120
-0.0524233
-0.0607533
-0.0692595
-0.0765474
-0.0848705
-0.0961828
-0.1138687
-0.1372343
-0.1623132
-0.1770094
-0.1647467
-0.1049184
0.0172270
0.2055360
0.4433941
0.6954660
0.9107436
1.0387678
1.0430165
0.9169469
0.6848531
0.3973013
0.1123472
-0.1193907
-0.2705611
-0.3381202
-0.3407781
-0.3049703
-0.2558769
-0.2071775
-0.1628112
-0.1185707
-0.0710423
-0.0196676
0.0292118
0.0670097
0.0842395
0.0770132
0.0465779
0.0015515
-0.0471324
-0.0873444
-0.1117115
-0.1170939
-0.1069942
-0.0872633
-0.0658617
-0.0478707
-0.0362075
-0.0288060
-0.0219177
-0.0097029
0.0110706
0.0413672
0.0766926
0.1101356
0.1324568
0.1376244
0.1234003
0.0946792
0.0600801
0.0310940
0.0161388
0.0196807
0.0388325
0.0664791
0.0919249
0.1064537
0.1040958
0.0852612
0.0547355
0.0224209
-0.0012231
-0.0064081
0.0107795
0.0483162
0.0962883
0.1413803
0.1692032
0.1707428
0.1434725
0.0938559
0.0334692
-0.0227894
-0.0626952
-0.0781115
-0.0685241
-0.0390057
-0.0002680
0.0359156
0.0578986
0.0586394
0.0358325
-0.0056131
-0.0563033
-0.1032730
-0.1354127
-0.1451973
-0.1323595
-0.1019215
-0.0636696
-0.0273971
-0.0019100
0.0082223
0.0015165
-0.0190858
-0.0487274
-0.0803251
-0.1077224
-0.1255232
-0.1316265
-0.1259105
-0.1113752
-0.0915861
-0.0709663
-0.0522979
-0.0379963
-0.0289135
-0.0261493
-0.0294064
-0.0380032
-0.0490945
-0.0594399
-0.0649792
-0.0637552
-0.0556230
-0.0436869
-0.0316077
-0.0232317
-0.0199077
-0.0215428
-0.0255668
-0.0289547
-0.0277713
-0.0198272
-0.0047412
0.0140274
0.0313319
0.0412913
0.0411972
0.0316495
0.0173593
0.0038287
-0.0037974
-0.0037258
0.0032376
0.0130652
0.0210573
0.0219651
0.0122044
-0.0107080
-0.0461827
-0.0907484
-0.1363425
-0.1727466
-0.1898132
-0.1828991
-0.1544635
-0.1148029
-0.0774277
-0.0553306
-0.0555559
-0.0780494
-0.1149378
-0.1545596
-0.1848730
-0.1992235
-0.1985097
-0.1926682
-0.1961980
-0.2222713
-0.2732887
-0.3358500
-0.3796980
-0.3665883
-0.2632819
-0.0577951
0.2316303
0.5557568
0.8469634
1.0377662
1.0824161
0.9700906
0.7284623
0.4131357
0.0909700
-0.1796770
-0.3614427
-0.4436317
-0.4379434
-0.3712625
-0.2754338
-0.1803201
-0.1076405
-0.0692701
-0.0659763
-0.0898424
-0.1264947
-0.1601799
-0.1773359
-0.1710836
-0.1421409
-0.0990143
-0.0542085
-0.0208145
-0.0075822
-0.0172683
-0.0456327
-0.0840304
-0.1213318
-0.1475290
-0.1552820
-0.1422749
-0.1108635
-0.0680176
-0.0226790
0.0157087
0.0399409
0.0456749
0.0329684
0.0057635
-0.0277518
-0.0571303
-0.0712063
-0.0618626
-0.0263449
0.0300769
0.0950806
0.1516509
0.1841317
0.1833175
0.1509036
0.0987227
0.0452909
0.0084989
-0.0000743
0.0208013
0.0634023
0.1142612
0.1596632
0.1889354
0.1971769
0.1848453
0.1571751
0.1214934
0.0855497
0.0549769
0.0326883
0.0179026
0.0073351
-0.0037751
-0.0187767
-0.0381593
-0.0583748
-0.0738364
-0.0792181
-0.0728181
-0.0571875
-0.0386079
-0.0237763
-0.0174550
-0.0205301
-0.0311826
-0.0460771
-0.0621925
-0.0765175
-0.0862993
-0.0887077
-0.0821694
-0.0667573
-0.0450535
-0.0213461
-0.0012714
0.0099484
0.0085545
-0.0058897
-0.0303714
-0.0586346
-0.0835462
-0.0991076
-0.1030287
-0.0971771
-0.0871324
-0.0791091
-0.0770760
-0.0800812
-0.0829209
-0.0784480
-0.0618789
-0.0335093
0.0000726
0.0285658
0.0420164
0.0361218
0.0147679
-0.0104571
-0.0254268
-0.0196582
0.0082564
0.0501350
0.0915309
0.1184356
0.1227136
0.1051011
0.0735062
0.0392215
0.0118907
-0.0033438
-0.0069479
-0.0031978
0.0021491
0.0047788
0.0030233
-0.0017801
-0.0068426
-0.0093828
-0.0084520
-0.0054392
-0.0043593
-0.0105238
-0.0285943
-0.0592482
-0.0971122
-0.1307497
-0.1467364
-0.1354984
-0.0972146
-0.0437583
0.0038021
0.0226712
-0.0027686
-0.0729433
-0.1698979
-0.2593827
-0.2990303
-0.2500883
-0.0909191
0.1725747
0.5028610
0.8367833
1.1005067
1.2303797
1.1922166
0.9928950
0.6788357
0.3221943
-0.0011878
-0.2333789
-0.3487445
-0.3561770
-0.2905255
-0.1968988
-0.1146949
-0.0661055
-0.0530181
-0.0616124
-0.0722630
-0.0693562
-0.0476774
-0.0130178
0.0216167
0.0425008
0.0409874
0.0170382
-0.0210680
-0.0599405
-0.0863586
-0.0920667
-0.0767128
-0.0473158
-0.0150138
0.0098459
0.0215664
0.0206657
0.0123074
0.0031138
-0.0023004
-0.0030850
-0.0018942
-0.0025026
-0.0069161
-0.0132527
-0.0160175
-0.0085190
0.0134293
0.0487844
0.0907398
0.1289576
0.1532829
0.1576674
0.1425638
0.1150950
0.0866012
0.0686931
0.0692150
0.0898657
0.1259517
0.1681652
0.2053742
0.2276872
0.2288754
0.2077941
0.1685244
0.1194418
0.0712339
0.0342513
0.0157085
0.0175762
0.0357421
0.0608838
0.0810131
0.0851891
0.0673592
0.0289978
-0.0208011
-0.0683711
-0.1007411
-0.1109268
-0.1006529
-0.0790842
-0.0581290
-0.0469087
-0.0481358
-0.0579949
-0.0690089
-0.0742369
-0.0705728
-0.0598375
-0.0472521
-0.0383932
-0.0361241
-0.0392794
-0.0436233
-0.0446776
-0.0405150
-0.0329536
-0.0262060
-0.0240828
-0.0273606
-0.0332763
-0.0373123
-0.0364207
-0.0313389
-0.0267126
-0.0286265
-0.0412458
-0.0641629
-0.0922492
-0.1178448
-0.1343797
-0.1389883
-0.1330460
-0.1203175
-0.1044669
-0.0870499
-0.0673096
-0.0433170
-0.0141432
0.0184730
0.0494327
0.0715499
0.0781674
0.0665779
0.0399743
0.0069188
-0.0223112
-0.0403301
-0.0462831
-0.0460360
-0.0491465
-0.0636097
-0.0917168
-0.1287273
-0.1654081
-0.1923209
-0.2040874
-0.2010466
-0.1883903
-0.1730852
-0.1609077
-0.1542312
-0.1517739
-0.1495786
-0.1434932
-0.1315659
-0.1159454
-0.1027649
-0.1006843
-0.1179540
-0.1596263
-0.2248875
-0.3057371
-0.3864654
-0.4449085
-0.4550599
-0.3923615
-0.2408200
-0.0012609
0.3032186
0.6272424
0.9113799
1.0965580
1.1410909
1.0333401
0.7958034
0.4782101
0.1433301
-0.1499360
-0.3598089
-0.4687280
-0.4825971
-0.4247054
-0.3263868
-0.2186081
-0.1257159
-0.0628674
-0.0354463
-0.0404987
-0.0686067
-0.1069948
-0.1425367
-0.1650350
-0.1690530
-0.1550916
-0.1290282
-0.1007388
-0.0807784
-0.0768144
-0.0901280
-0.1148997
-0.1399998
-0.1537213
-0.1483407
-0.1234435
-0.0856396
-0.0460133
-0.0154570
-0.0008362
-0.0023663
-0.0141394
-0.0263366
-0.0292752
-0.0167640
0.0111808
0.0483016
0.0837927
0.1064887
0.1089258
0.0906281
0.0579329
0.0216432
-0.0074035
-0.0217162
-0.0193760
-0.0033041
0.0205794
0.0463503
0.0695738
0.0880179
0.1005422
0.1063917
0.1044357
0.0941309
0.0764329
0.0550674
0.0358395
0.0251014
0.0265827
0.0393130
0.0565995
0.0681723
0.0635856
0.0367828
-0.0115160
-0.0733564
-0.1364553
-0.1878389
-0.2180302
-0.2229172
-0.2043513
-0.1684718
-0.1241248
-0.0804377
-0.0453551
-0.0237815
-0.0170713
-0.0225417
-0.0346981
-0.0464773
-0.0517432
-0.0469836
-0.0331485
-0.0152585
-0.0010526
0.0023090
-0.0094409
-0.0357608
-0.0716776
-0.1085761
-0.1368104
-0.1482420
-0.1396596
-0.1140689
-0.0802918
-0.0492099
-0.0299338
-0.0263083
-0.0366382
-0.0546638
-0.0725371
-0.0831485
-0.0827602
-0.0714636
-0.0528171
-0.0313272
-0.0106877
0.0078675
0.0249263
0.0421345
0.0602364
0.0783849
0.0933745
0.1008603
0.0966355
0.0791910
0.0508116
0.0182029
-0.0096527
-0.0242364
-0.0214808
-0.0034772
0.0214597
0.0423179
0.0493797
0.0385933
0.0125608
-0.0206984
-0.0521996
-0.0755458
-0.0893763
-0.0959951
-0.0990220
-0.0999364
-0.0971445
-0.0864325
-0.0644657
-0.0319091
0.0038473
0.0299492
0.0317519
-0.0000307
-0.0629417
-0.1382023
-0.1927811
-0.1871653
-0.0892174
0.1122214
0.3975277
0.7170538
1.0018808
1.1837202
1.2152864
1.0856127
0.8228708
0.4858496
0.1455380
-0.1346110
-0.3149735
-0.3857558
-0.3640270
-0.2827349
-0.1789627
-0.0836927
-0.0171567
0.0128570
0.0089064
-0.0187507
-0.0567712
-0.0921656
-0.1157128
-0.1225805
-0.1125694
-0.0884487
-0.0552906
-0.0188742
0.0146772
0.0403666
0.0545515
0.0560344
0.0457393
0.0272919
0.0061292
-0.0108422
-0.0174743
-0.0099199
0.0109799
0.0397986
0.0675225
0.0854746
0.0884196
0.0773860
0.0587071
0.0417311
0.0342188
0.0397211
0.0560198
0.0771814
0.0958329
0.1065800
0.1071060
0.0990276
0.0863996
0.0748036
0.0690914
0.0725396
0.0852819
0.1047478
0.1258182
0.1429642
0.1514584
0.1494760
0.1379842
0.1205898
0.1012449
0.0832207
0.0677124
0.0546952
0.0429573
0.0312062
0.0176164
0.0006014
-0.0213770
-0.0482881
-0.0781660
-0.1061454
-0.1260646
-0.1319595
-0.1211814
-0.0954953
-0.0618536
-0.0299326
-0.0094466
-0.0058498
-0.0186042
-0.0406472
-0.0618173
-0.0724617
-0.0679537
-0.0498849
-0.0258993
-0.0059256
0.0013613
-0.0071302
-0.0279947
-0.0519346
-0.0680079
-0.0672238
-0.0463995
-0.0085781
0.0373812
0.0801234
0.1083511
0.1143979
0.0955506
0.0555426
0.0032167
-0.0491115
-0.0900000
-0.1120054
-0.1146223
-0.1031239
-0.0863669
-0.0724151
-0.0665428
-0.0697647
-0.0804653
-0.0954632
-0.1123974
-0.1299534
-0.1483365
-0.1673158
-0.1854615
-0.1988078
-0.2024064
-0.1918338
-0.1667198
-0.1322566
-0.1002027
-0.0855738
-0.1019408
-0.1538876
-0.2320395
-0.3106736
-0.3528749
-0.3203422
-0.1879399
0.0448065
0.3474064
0.6633179
0.9229586
1.0639490
1.0493510
0.8801372
0.5944650
0.2565191
-0.0635530
-0.3085079
-0.4480321
-0.4814694
-0.4327235
-0.3379661
-0.2338876
-0.1474761
-0.0924104
-0.0690185
-0.0691505
-0.0806582
-0.0925863
-0.0971705
-0.0917842
-0.0782438
-0.0626672
-0.0527173
-0.0553940
-0.0732044
-0.1033095
-0.1377218
-0.1672730
-0.1844928
-0.1865372
-0.1743050
-0.1515339
-0.1221185
-0.0896898
-0.0564952
-0.0244080
0.0053048
0.0305057
0.0485436
0.0558733
0.0502451
0.0317368
0.0047617
-0.0230055
-0.0418809
-0.0441574
-0.0264168
0.0079616
0.0501636
0.0879647
0.1105928
0.1117228
0.0924956
0.0606087
0.0286196
0.0088438
0.0094552
0.0304633
0.0643149
0.0979994
0.1185905
0.1170298
0.0917648
0.0481373
-0.0030340
-0.0498562
-0.0819819
-0.0936927
-0.0839555
-0.0570477
-0.0207275
0.0145640
0.0386149
0.0429529
0.0239319
-0.0165389
-0.0699786
-0.1238152
-0.1638942
-0.1795012
-0.1661051
-0.1277843
-0.0752966
-0.0235601
0.0136332
0.0268361
0.0142269
-0.0192023
-0.0630878
-0.1062064
-0.1391930
-0.1575815
-0.1611299
-0.1531386
-0.1373083
-0.1167939
-0.0928917
-0.0668361
-0.0404144
-0.0176653
-0.0033985
-0.0021073
-0.0148054
-0.0386506
-0.0667756
-0.0915333
-0.1063261
-0.1081516
-0.0969651
-0.0759440
-0.0497779
-0.0245722
-0.0056588
0.0029870
0.0006893
-0.0107323
-0.0271224
-0.0445949
-0.0601660
-0.0732511
-0.0842742
-0.0943356
-0.1030619
-0.1088859
-0.1084820
-0.0988571
-0.0780797
-0.0475596
-0.0114977
0.0233120
0.0506345
0.0662989
0.0705651
0.0670703
0.0620802
0.0610817
0.0673473
0.0797894
0.0942838
0.1045442
0.1053591
0.0936066
0.0701893
0.0390208
0.0067609
-0.0201234
-0.0366293
-0.0417110
-0.0376510
-0.0298169
-0.0234929
-0.0225362
-0.0272746
-0.0358537
-0.0447880
-0.0514413
-0.0539306
-0.0521620
-0.0467062
-0.0397280
-0.0342348
-0.0349970
-0.0467176
-0.0728248
-0.1113975
-0.1532115
-0.1798905
-0.1675514
-0.0925171
0.0585281
0.2808736
0.5465936
0.8085775
1.0103466
1.1027382
1.0584709
0.8827624
0.6122065
0.3054336
0.0252984
-0.1775805
-0.2780776
-0.2793627
-0.2089220
-0.1064167
-0.0113906
0.0487857
0.0637027
0.0402444
-0.0042956
-0.0495448
-0.0804502
-0.0903795
-0.0820515
-0.0632527
-0.0432732
-0.0281509
-0.0198873
-0.0158499
-0.0118001
-0.0036440
0.0092572
0.0242427
0.0355805
0.0384261
0.0310383
0.0172457
0.0039533
-0.0016468
0.0030788
0.0156991
0.0294215
0.0378681
0.0375268
0.0299972
0.0196496
0.0119552
0.0101779
0.0155849
0.0270063
0.0429090
0.0611317
0.0802287
0.0985637
0.1153408
0.1294689
0.1405208
0.1479107
0.1523791
0.1552839
0.1593178
0.1663973
0.1773919
0.1903947
0.2020856
0.2078057
0.2039559
0.1881037
0.1606935
0.1240566
0.0828099
0.0415890
0.0046955
-0.0259526
-0.0498207
-0.0677568
-0.0794242
-0.0835022
-0.0772062
-0.0591087
-0.0299730
0.0053512
0.0397531
0.0649058
0.0748996
0.0671991
0.0444595
0.0127288
-0.0194476
-0.0445673
-0.0571177
-0.0555849
-0.0414394
-0.0199056
0.0018061
0.0150611
0.0135209
-0.0052502
-0.0373995
-0.0747978
-0.1068867
-0.1254917
-0.1267386
-0.1132046
-0.0916188
-0.0710435
-0.0583646
-0.0567749
-0.0639070
-0.0742402
-0.0807728
-0.0790676
-0.0680104
-0.0509161
-0.0326832
-0.0182409
-0.0091678
-0.0040684
0.0012317
0.0098586
0.0223003
0.0342523
0.0392339
0.0310354
0.0085457
-0.0236843
-0.0558138
-0.0778905
-0.0834654
-0.0737301
-0.0561097
-0.0418656
-0.0399486
-0.0539824
-0.0797881
-0.1084513
-0.1294210
-0.1361580
-0.1278224
-0.1104275
-0.0931632
-0.0856849
-0.0935068
-0.1172956
-0.1518511
-0.1888694
-0.2182867
-0.2321554
-0.2258947
-0.2007848
-0.1626188
-0.1211694
-0.0866624
-0.0689023
-0.0751087
-0.1105822
-0.1763201
-0.2674988
-0.3691843
-0.4561690
-0.4946904
-0.4516363
-0.3050448
-0.0564490
0.2645241
0.6021242
0.8879463
1.0580679
1.0727765
0.9277742
0.6568150
0.3204253
-0.0107769
-0.2763674
-0.4391970
-0.4923337
-0.4546259
-0.3617750
-0.2522955
-0.1576045
-0.0947428
-0.0671979
-0.0675204
-0.0838786
-0.1037679
-0.1186361
-0.1244083
-0.1226882
-0.1180776
-0.1168059
-0.1227238
-0.1365892
-0.1548173
-0.1724174
-0.1841095
-0.1869540
-0.1792456
-0.1611966
-0.1335603
-0.0992304
-0.0623894
-0.0291579
-0.0045971
0.0083667
0.0115008
0.0094640
0.0087287
0.0135764
0.0253099
0.0406045
0.0539821
0.0590926
0.0528046
0.0360763
0.0153320
-0.0010412
-0.0053732
0.0045210
0.0254017
0.0492664
0.0683804
0.0775426
0.0767002
0.0687162
0.0584494
0.0497520
0.0459587
0.0484571
0.0576682
0.0714701
0.0864224
0.0970512
0.0981550
0.0850649
0.0566189
0.0152749
-0.0315214
-0.0743288
-0.1037864
-0.1154864
-0.1108009
-0.0973408
-0.0842211
-0.0789643
-0.0832768
-0.0940635
-0.1044044
-0.1081596
-0.1015008
-0.0853292
-0.0633712
-0.0416659
-0.0252665
-0.0179319
-0.0200965
-0.0302897
-0.0447311
-0.0598487
-0.0722822
-0.0811900
-0.0873394
-0.0936827
-0.1023950
-0.1143775
-0.1272134
-0.1372079
-0.1399272
-0.1334369
-0.1180805
-0.0973666
-0.0750495
-0.0546397
-0.0373436
-0.0240392
-0.0153668
-0.0137222
-0.0210181
-0.0378492
-0.0604145
-0.0818691
-0.0931399
-0.0874603
-0.0619178
-0.0199858
0.0307133
0.0796958
0.1180123
0.1393218
0.1423139
0.1292039
0.1058599
0.0786741
0.0539253
0.0349017
0.0225947
0.0148706
0.0091468
0.0027000
-0.0046914
-0.0116510
-0.0147461
-0.0118631
-0.0031337
0.0066503
0.0104570
0.0007331
-0.0255861
-0.0659292
-0.1106860
-0.1470576
-0.1618945
-0.1475414
-0.1039884
-0.0416580
0.0213660
0.0625984
0.0637153
0.0171542
-0.0667197
-0.1602118
-0.2226860
-0.2132027
-0.1027893
0.1124696
0.4070364
0.7274902
1.0058312
1.1763073
1.1958393
1.0561062
0.7876670
0.4493048
0.1114831
-0.1648551
-0.3416750
-0.4106890
-0.3880463
-0.3057427
-0.1987774
-0.0972179
-0.0195466
0.0268232
0.0443175
0.0395822
0.0211191
-0.0041517
-0.0299880
-0.0521731
-0.0673270
-0.0746756
-0.0745762
-0.0691099
-0.0596325
-0.0476832
-0.0338766
-0.0198651
-0.0070880
0.0022581
0.0073104
0.0075619
0.0042566
-0.0013547
-0.0069918
-0.0110042
-0.0110183
-0.0054606
0.0074341
0.0273782
0.0525642
0.0780001
0.0980116
0.1071517
0.1042524
0.0924682
0.0799569
0.0754731
0.0858183
0.1112274
0.1458983
0.1783958
0.1970390
0.1929968
0.1650416
0.1188712
0.0665454
0.0211737
-0.0058718
-0.0096368
0.0084911
0.0400828
0.0737253
0.0972533
0.1029003
0.0883944
0.0588706
0.0234364
-0.0070987
-0.0256419
-0.0298409
-0.0235705
-0.0131860
-0.0056746
-0.0044984
-0.0101597
-0.0197076
-0.0302758
-0.0395753
-0.0482178
-0.0574999
-0.0689978
-0.0813445
-0.0914955
-0.0948942
-0.0894038
-0.0754088
-0.0570909
-0.0393276
-0.0273920
-0.0244129
-0.0325846
-0.0515846
-0.0797884
-0.1124511
-0.1433491
-0.1642564
-0.1682378
-0.1503393
-0.1110641
-0.0558509
0.0041419
0.0561923
0.0883057
0.0942092
0.0736657
0.0336744
-0.0151308
-0.0599932
-0.0906571
-0.1002714
-0.0880998
-0.0577398
-0.0172452
0.0243285
0.0573190
0.0747385
0.0722935
0.0510615
0.0162421
-0.0222196
-0.0532891
-0.0663149
-0.0559086
-0.0231254
0.0221896
0.0651702
0.0894786
0.0848987
0.0499582
-0.0061830
-0.0687291
-0.1211073
-0.1517014
-0.1557190
-0.1377001
-0.1082344
-0.0815700
-0.0691045
-0.0767974
-0.1018992
-0.1360201
-0.1676540
-0.1886634
-0.1963379
-0.1958322
-0.1962664
-0.2074812
-0.2328428
-0.2665871
-0.2912012
-0.2821189
-0.2131958
-0.0677882
0.1536697
0.4267134
0.7059780
0.9331869
1.0543467
1.0348220
0.8726762
0.5993117
0.2726329
-0.0407941
-0.2824340
-0.4176635
-0.4404046
-0.3721624
-0.2511446
-0.1215289
-0.0200912
0.0305746
0.0271535
-0.0177898
-0.0804550
-0.1362945
-0.1670425
-0.1677045
-0.1449913
-0.1139699
-0.0890183
-0.0791278
-0.0836155
-0.0953333
-0.1034688
-0.1001517
-0.0821629
-0.0531571
-0.0200340
0.0086713
0.0273452
0.0331456
0.0275963
0.0138934
-0.0027588
-0.0179546
-0.0273702
-0.0292638
-0.0234737
-0.0131079
-0.0018416
0.0063502
0.0107210
0.0126687
0.0161245
0.0233696
0.0345683
0.0458616
0.0530743
0.0532064
0.0484744
0.0446385
0.0501484
0.0706273
0.1072716
0.1539181
0.2001225
0.2329920
0.2430632
0.2257167
0.1837936
0.1245643
0.0586655
-0.0045333
-0.0572536
-0.0956774
-0.1177920
-0.1242670
-0.1162819
-0.0972993
-0.0714219
-0.0446054
-0.0218706
-0.0078372
-0.0040886
-0.0104324
-0.0233888
-0.0389237
-0.0522436
-0.0608840
-0.0635259
-0.0612966
-0.0551360
-0.0470192
-0.0385026
-0.0329773
-0.0336514
-0.0438875
-0.0637029
-0.0905879
-0.1183167
-0.1405016
-0.1510229
-0.1474188
-0.1297325
-0.1018507
-0.0686283
-0.0362380
-0.0090859
0.0093734
0.0188207
0.0200914
0.0160367
0.0083899
-0.0016312
-0.0153644
-0.0339845
-0.0584626
-0.0860088
-0.1113096
-0.1262721
-0.1251122
-0.1059548
-0.0739233
-0.0374393
-0.0058086
0.0165986
0.0299709
0.0389661
0.0471842
0.0559258
0.0618763
0.0610636
0.0503841
0.0317863
0.0103365
-0.0065732
-0.0146376
-0.0133700
-0.0079773
-0.0050618
-0.0107975
-0.0262252
-0.0484618
-0.0708465
-0.0882345
-0.0980794
-0.1029534
-0.1069501
-0.1145105
-0.1259905
-0.1385749
-0.1456085
-0.1413726
-0.1228925
-0.0946450
-0.0671377
-0.0557483
-0.0727243
-0.1217059
-0.1903548
-0.2515376
-0.2673778
-0.2029823
-0.0388584
0.2159177
0.5224163
0.8175555
1.0328623
1.1134482
1.0372947
0.8207956
0.5152052
0.1885484
-0.0931826
-0.2853994
-0.3716540
-0.3639392
-0.2916128
-0.1912195
-0.0940524
-0.0216767
0.0177487
0.0257848
0.0118772
-0.0128253
-0.0373513
-0.0555185
-0.0651413
-0.0692367
-0.0718710
-0.0773842
-0.0865523
-0.0981024
-0.1077466
-0.1117879
-0.1068154
-0.0926583
-0.0705869
-0.0445817
-0.0182532
0.0043139
0.0211154
0.0302866
0.0318302
0.0257239
0.0143497
0.0009105
-0.0091234
-0.0116938
-0.0043806
0.0104275
0.0283329
0.0434780
0.0532333
0.0576462
0.0609320
0.0674107
0.0808078
0.1003020
0.1222579
0.1397765
0.1472066
0.1405745
0.1211171
0.0935224
0.0667102
0.0492842
0.0483577
0.0649638
0.0952196
0.1295279
0.1573219
0.1683743
0.1578027
0.1258262
0.0796670
0.0293592
-0.0137295
-0.0424579
-0.0541116
-0.0525989
-0.0445473
-0.0382953
-0.0388556
-0.0480946
-0.0625068
-0.0767946
-0.0844661
-0.0824582
-0.0702786
-0.0514165
-0.0294863
-0.0086734
0.0088159
0.0201117
0.0231319
0.0148802
-0.0050521
-0.0351125
-0.0694341
-0.1012400
-0.1230120
-0.1306257
-0.1222872
-0.1005618
-0.0694972
-0.0356943
-0.0052489
0.0149845
0.0204457
0.0079753
-0.0207700
-0.0606563
-0.1015378
-0.1327782
-0.1447989
-0.1346186
-0.1052112
-0.0663718
-0.0291082
-0.0036667
0.0056873
-0.0003618
-0.0149484
-0.0295503
-0.0348533
-0.0256794
-0.0006836
0.0349720
0.0727824
0.1012680
0.1117316
0.0995016
0.0677508
0.0243572
-0.0190621
-0.0532581
-0.0722746
-0.0768133
-0.0711175
-0.0627497
-0.0575791
-0.0598311
-0.0690687
-0.0829490
-0.0966449
-0.1072159
-0.1131607
-0.1168249
-0.1203632
-0.1250928
-0.1273833
-0.1216814
-0.1019176
-0.0685126
-0.0294658
-0.0022150
-0.0064841
-0.0581474
-0.1580002
-0.2881620
-0.4103593
-0.4763051
-0.4395720
-0.2739212
0.0162738
0.3893960
0.7755847
1.0915903
1.2660084
1.2584055
1.0737306
0.7581761
0.3862752
0.0359643
-0.2308922
-0.3845195
-0.4272663
-0.3879574
-0.3057375
-0.2181908
-0.1492274
-0.1082949
-0.0910342
-0.0878584
-0.0878875
-0.0852143
-0.0775343
-0.0672470
-0.0571209
-0.0509311
-0.0500403
-0.0551428
-0.0637001
-0.0726772
-0.0774035
-0.0756870
-0.0668246
-0.0539869
-0.0403701
-0.0295394
-0.0218242
-0.0169247
-0.0128166
-0.0094969
-0.0071632
-0.0080689
-0.0128413
-0.0215942
-0.0309518
-0.0369004
-0.0337000
-0.0180731
0.0114966
0.0512679
0.0947693
0.1319714
0.1546098
0.1570172
0.1407463
0.1120410
0.0818423
0.0596512
0.0526185
0.0613546
0.0827395
0.1093679
0.1343758
0.1508604
0.1554690
0.1464205
0.1260400
0.0978588
0.0680864
0.0415556
0.0225086
0.0108947
0.0048021
-0.0007485
-0.0090775
-0.0223186
-0.0382050
-0.0537344
-0.0650151
-0.0719070
-0.0759396
-0.0813462
-0.0900321
-0.1021269
-0.1131126
-0.1180779
-0.1122082
-0.0961479
-0.0742217
-0.0549885
-0.0448014
-0.0468406
-0.0572748
-0.0694159
-0.0745562
-0.0681195
-0.0491748
-0.0229195
0.0039559
0.0234608
0.0311925
0.0246716
0.0055999
-0.0237879
-0.0589519
-0.0959873
-0.1290608
-0.1535079
-0.1642576
-0.1598495
-0.1407907
-0.1122950
-0.0805496
-0.0534122
-0.0354871
-0.0290781
-0.0309810
-0.0361014
-0.0369052
-0.0287650
-0.0094138
0.0176683
0.0471718
0.0718002
0.0875568
0.0922809
0.0878979
0.0760838
0.0594508
0.0383132
0.0141454
-0.0120522
-0.0365386
-0.0563655
-0.0682932
-0.0731155
-0.0732280
-0.0741701
-0.0796284
-0.0922869
-0.1104673
-0.1318886
-0.1524338
-0.1700279
-0.1819575
-0.1872891
-0.1838238
-0.1713475
-0.1497303
-0.1226629
-0.0950898
-0.0753880
-0.0707934
-0.0875896
-0.1250258
-0.1753947
-0.2201754
-0.2350267
-0.1926427
-0.0742961
0.1237812
0.3810498
0.6555043
0.8890276
1.0257141
1.0266726
0.8862010
0.6319261
0.3190984
0.0107432
-0.2378217
-0.3952171
-0.4552969
-0.4355083
-0.3638431
-0.2709894
-0.1795353
-0.1037479
-0.0473872
-0.0098416
0.0132654
0.0242768
0.0252609
0.0153432
-0.0047493
-0.0340813
-0.0677207
-0.1003898
-0.1249866
-0.1374982
-0.1353794
-0.1211501
-0.0985783
-0.0740141
-0.0513275
-0.0337722
-0.0208064
-0.0121097
-0.0057183
-0.0020794
-0.0009326
-0.0034726
-0.0078654
-0.0118187
-0.0102659
-0.0004746
0.0191998
0.0452568
0.0729066
0.0948794
0.1071867
0.1078200
0.1001801
0.0882166
0.0771621
0.0683615
0.0621113
0.0555783
0.0480501
0.0393231
0.0333500
0.0337550
0.0448686
0.0662278
0.0949255
0.1232229
0.1442725
0.1514292
0.1432283
0.1202837
0.0879278
0.0517387
0.0194568
-0.0043447
-0.0169520
-0.0219575
-0.0248636
-0.0335507
-0.0513222
-0.0779273
-0.1061030
-0.1275581
-0.1336453
-0.1226262
-0.0977536
-0.0690978
-0.0459446
-0.0356758
-0.0374269
-0.0459799
-0.0518010
-0.0495541
-0.0382777
-0.0251296
-0.0183200
-0.0255127
-0.0463960
-0.0756524
-0.1020697
-0.1166099
-0.1128801
-0.0926768
-0.0615889
-0.0298808
-0.0054742
0.0051825
0.0022092
-0.0115509
-0.0283978
-0.0418391
-0.0454261
-0.0384587
-0.0229538
-0.0062673
0.0052504
0.0054579
-0.0057994
-0.0261167
-0.0479295
-0.0642563
-0.0668745
-0.0518979
-0.0174680
0.0314739
0.0873409
0.1379279
0.1732188
0.1843154
0.1689767
0.1279479
0.0681855
-0.0020765
-0.0705504
-0.1263684
-0.1581784
-0.1605608
-0.1323186
-0.0816976
-0.0216469
0.0292836
0.0560079
0.0482266
0.0080104
-0.0543303
-0.1200567
-0.1722977
-0.1978706
-0.1948428
-0.1685804
-0.1334928
-0.1050130
-0.0992200
-0.1238327
-0.1780854
-0.2460753
-0.3019980
-0.3111873
-0.2434609
-0.0798158
0.1736939
0.4859014
0.8000430
1.0504891
1.1765034
1.1447915
0.9568234
0.6536108
0.2997668
-0.0314147
-0.2824598
-0.4212267
-0.4493787
-0.3920432
-0.2898544
-0.1803425
-0.0916333
-0.0335238
-0.0044420
0.0063907
0.0070902
0.0032271
-0.0071136
-0.0256588
-0.0545801
-0.0891691
-0.1226061
-0.1438924
-0.1464921
-0.1268543
-0.0903832
-0.0454197
-0.0050801
0.0211827
0.0259202
0.0104637
-0.0199842
-0.0535433
-0.0800892
-0.0898450
-0.0806273
-0.0533504
-0.0159342
0.0239674
0.0566956
0.0781613
0.0860870
0.0847904
0.0782747
0.0730476
0.0710747
0.0743150
0.0800693
0.0874945
0.0935118
0.0987338
0.1021897
0.1063155
0.1109681
0.1181255
0.1259086
0.1338315
0.1376549
0.1357887
0.1250134
0.1070830
0.0834391
0.0600992
0.0404177
0.0287580
0.0233985
0.0224542
0.0201266
0.0151685
0.0067096
-0.0004667
-0.0041670
-0.0014970
0.0040712
0.0096495
0.0093373
0.0025418
-0.0111043
-0.0263871
-0.0406132
-0.0496966
-0.0556859
-0.0601334
-0.0683092
-0.0804467
-0.0967458
-0.1116007
-0.1220809
-0.1238288
-0.1188978
-0.1089587
-0.1001579
-0.0943305
-0.0940873
-0.0959285
-0.0980160
-0.0950055
-0.0861512
-0.0690134
-0.0462254
-0.0181695
0.0101649
0.0359704
0.0515182
0.0523439
0.0322311
-0.0072939
-0.0623398
-0.1207904
-0.1723128
-0.2046469
-0.2144051
-0.2008904
-0.1723534
-0.1349515
-0.0968395
-0.0585930
-0.0217519
0.0166632
0.0538846
0.0884284
0.1128254
0.1237805
0.1163042
0.0935810
0.0589154
0.0227827
-0.0083059
-0.0265035
-0.0337060
-0.0332418
-0.0362907
-0.0489281
-0.0771211
-0.1159766
-0.1598374
-0.1962028
-0.2186755
-0.2207031
-0.2063774
-0.1800434
-0.1529519
-0.1298355
-0.1159194
-0.1066015
-0.0995837
-0.0885483
-0.0770148
-0.0696627
-0.0808499
-0.1185609
-0.1876566
-0.2729687
-0.3485636
-0.3717627
-0.3059435
-0.1247375
0.1627172
0.5174335
0.8652559
1.1270539
1.2316314
1.1504683
0.8970370
0.5350343
0.1468127
-0.1804300
-0.3919365
-0.4656021
-0.4242901
-0.3092993
-0.1758854
-0.0630652
0.0014797
0.0170055
-0.0098726
-0.0578320
-0.1129514
-0.1578888
-0.1894095
-0.2021101
-0.2028748
-0.1919475
-0.1777637
-0.1588565
-0.1415407
-0.1227255
-0.1086000
-0.0957500
-0.0893892
-0.0833495
-0.0803311
-0.0728032
-0.0652155
-0.0531154
-0.0442124
-0.0343456
-0.0293865
-0.0215458
-0.0149171
-0.0019078
0.0099478
0.0248813
0.0325711
0.0381200
0.0335604
0.0285688
0.0183509
0.0159026
0.0166802
0.0328396
0.0540186
0.0855325
0.1082856
0.1252903
0.1198358
0.1063815
0.0786298
0.0614710
0.0477828
0.0587587
0.0733830
0.1051504
0.1209449
0.1379056
0.1197169
0.1010024
0.0404824
0.0015519
-0.0922370
