0.2227846
0.3631302
0.3481588
0.3646092
0.3197181
0.2851324
0.2270773
0.1999973
0.1816399
0.2026502
0.2308872
0.2745088
0.2966988
0.3020011
0.2668697
0.2094915
0.1263745
0.0471494
-0.0244672
-0.0642524
-0.0786875
-0.0610957
-0.0338214
-0.0042291
0.0018884
-0.0166287
-0.0675172
-0.1309473
-0.1963332
-0.2381412
-0.2528473
-0.2337020
-0.1980092
-0.1554701
-0.1278591
-0.1180865
-0.1320909
-0.1562988
-0.1849157
-0.2025740
-0.2097695
-0.2026844
-0.1922931
-0.1812644
-0.1804401
-0.1876612
-0.2058262
-0.2254443
-0.2439691
-0.2503973
-0.2443102
-0.2210222
-0.1885879
-0.1510579
-0.1215793
-0.1038251
-0.1041326
-0.1157281
-0.1341383
-0.1458781
-0.1458575
-0.1270150
-0.0955472
-0.0576658
-0.0299716
-0.0223676
-0.0454205
-0.0944400
-0.1610192
-0.2245824
-0.2700381
-0.2825357
-0.2626568
-0.2156509
-0.1592346
-0.1076249
-0.0767939
-0.0704411
-0.0896025
-0.1247548
-0.1696806
-0.2149360
-0.2583776
-0.2934549
-0.3151318
-0.3082461
-0.2576907
-0.1440931
0.0399358
0.2913173
0.5835281
0.8767779
1.1178045
1.2614570
1.2760408
1.1604816
0.9369865
0.6514679
0.3529363
0.0884063
-0.1137361
-0.2390721
-0.2924919
-0.2857692
-0.2397940
-0.1733300
-0.1075711
-0.0569373
-0.0341715
-0.0415962
-0.0772440
-0.1289225
-0.1837753
-0.2255796
-0.2454684
-0.2382232
-0.2095160
-0.1677396
-0.1268205
-0.0956446
-0.0809255
-0.0794961
-0.0855229
-0.0873810
-0.0777349
-0.0502973
-0.0079857
0.0431979
0.0912391
0.1265284
0.1402373
0.1327112
0.1088664
0.0814963
0.0617477
0.0599130
0.0773330
0.1115208
0.1534080
0.1959737
0.2320273
0.2604544
0.2807353
0.2963624
0.3081279
0.3177460
0.3228246
0.3224979
0.3138785
0.2975629
0.2729556
0.2423677
0.2058187
0.1653611
0.1207807
0.0745896
0.0279462
-0.0149352
-0.0515500
-0.0774073
-0.0912354
-0.0916658
-0.0821304
-0.0665016
-0.0521331
-0.0438921
-0.0464799
-0.0592653
-0.0803798
-0.1038492
-0.1253864
-0.1401609
-0.1477945
-0.1486224
-0.1469076
-0.1457962
-0.1497834
-0.1598534
-0.1767130
-0.1971418
-0.2183181
-0.2351890
-0.2453308
-0.2462898
-0.2394821
-0.2261248
-0.2097453
-0.1916926
-0.1742591
-0.1574868
-0.1430573
-0.1309866
-0.1226589
-0.1168797
-0.1129065
-0.1074808
-0.0991596
-0.0862540
-0.0707645
-0.0548704
-0.0430708
-0.0377749
-0.0416865
-0.0544906
-0.0761452
-0.1039626
-0.1358560
-0.1676896
-0.1971164
-0.2214974
-0.2413919
-0.2571582
-0.2706233
-0.2806873
-0.2856068
-0.2810047
-0.2651009
-0.2385872
-0.2089785
-0.1867231
-0.1839988
-0.2059970
-0.2480311
-0.2900715
-0.3018484
-0.2481546
-0.1034048
0.1392203
0.4579348
0.8058932
1.1183767
1.3318381
1.3994484
1.3074249
1.0768023
0.7591615
0.4187042
0.1165078
-0.1067488
-0.2352908
-0.2790330
-0.2630457
-0.2193211
-0.1747945
-0.1476826
-0.1432801
-0.1581717
-0.1819870
-0.2045004
-0.2172172
-0.2176994
-0.2070448
-0.1902906
-0.1717435
-0.1553751
-0.1418173
-0.1309297
-0.1205703
-0.1097925
-0.0971679
-0.0828655
-0.0660967
-0.0471298
-0.0255987
-0.0033265
0.0175962
0.0335517
0.0430606
0.0460698
0.0462182
0.0476299
0.0550331
0.0700715
0.0926799
0.1196415
0.1478776
0.1738205
0.1961909
0.2141353
0.2287181
0.2403929
0.2505088
0.2593252
0.2679769
0.2764452
0.2848527
0.2908600
0.2912725
0.2810433
0.2569625
0.2179112
0.1678614
0.1136754
0.0648583
0.0288086
0.0098301
0.0060326
0.0117428
0.0181490
0.0180620
0.0067157
-0.0153444
-0.0443233
-0.0731781
-0.0957226
-0.1073975
-0.1085034
-0.1025571
-0.0961499
-0.0944618
-0.1003133
-0.1116719
-0.1245099
-0.1338121
-0.1374670
-0.1355009
-0.1308653
-0.1263906
-0.1250019
-0.1274936
-0.1339710
-0.1425866
-0.1513455
-0.1569427
-0.1567964
-0.1484467
-0.1320400
-0.1095307
-0.0859001
-0.0663439
-0.0555576
-0.0543269
-0.0601976
-0.0670848
-0.0690521
-0.0615353
-0.0444289
-0.0208701
0.0027449
0.0203932
0.0273592
0.0230150
0.0095528
-0.0079742
-0.0250473
-0.0383070
-0.0478200
-0.0554041
-0.0644366
-0.0766510
-0.0919058
-0.1065687
-0.1159640
-0.1156457
-0.1055994
-0.0909117
-0.0824175
-0.0918525
-0.1272963
-0.1862044
-0.2534202
-0.3012165
-0.2965672
-0.2097173
-0.0262201
0.2456332
0.5707351
0.8934271
1.1494506
1.2848346
1.2711702
1.1155116
0.8567594
0.5538688
0.2664783
0.0392781
-0.1085151
-0.1818646
-0.2028080
-0.1976756
-0.1878914
-0.1834930
-0.1844181
-0.1838963
-0.1754897
-0.1569263
-0.1330079
-0.1129928
-0.1074782
-0.1226184
-0.1577386
-0.2036668
-0.2460757
-0.2691813
-0.2622102
-0.2227138
-0.1588132
-0.0857566
-0.0215006
0.0202537
0.0333099
0.0208781
-0.0074577
-0.0387189
-0.0615422
-0.0682204
-0.0567707
-0.0294817
0.0078490
0.0488071
0.0871974
0.1190381
0.1421265
0.1567755
0.1644698
0.1681139
0.1705434
0.1747050
0.1821451
0.1933317
0.2066954
0.2198144
0.2293058
0.2324021
0.2267110
0.2113510
0.1863371
0.1534619
0.1154303
0.0762554
0.0397198
0.0091652
-0.0141134
-0.0304426
-0.0422013
-0.0521586
-0.0630216
-0.0756742
-0.0895495
-0.1024037
-0.1121823
-0.1174787
-0.1188783
-0.1180822
-0.1178230
-0.1201345
-0.1261866
-0.1351670
-0.1450678
-0.1525886
-0.1547915
-0.1496012
-0.1375062
-0.1213651
-0.1066009
-0.0989850
-0.1029734
-0.1189427
-0.1430819
-0.1680138
-0.1862722
-0.1928061
-0.1875093
-0.1743473
-0.1596998
-0.1486450
-0.1431987
-0.1411639
-0.1380412
-0.1288070
-0.1108317
-0.0846832
-0.0546953
-0.0270711
-0.0083385
-0.0026663
-0.0110912
-0.0308924
-0.0572948
-0.0847718
-0.1093811
-0.1292532
-0.1449622
-0.1577154
-0.1682159
-0.1752100
-0.1765444
-0.1703269
-0.1570786
-0.1397964
-0.1237454
-0.1145165
-0.1170714
-0.1342438
-0.1666069
-0.2113473
-0.2617885
-0.3059951
-0.3273125
-0.3059315
-0.2237005
-0.0697747
0.1526344
0.4226229
0.7017777
0.9413376
1.0936380
1.1261419
1.0314363
0.8306690
0.5671670
0.2939696
0.0583635
-0.1095188
-0.2019103
-0.2300947
-0.2165590
-0.1850780
-0.1540186
-0.1330583
-0.1244246
-0.1253627
-0.1315483
-0.1388283
-0.1444964
-0.1468874
-0.1453535
-0.1397331
-0.1308902
-0.1205465
-0.1113677
-0.1057851
-0.1052301
-0.1089218
-0.1140279
-0.1160718
-0.1107797
-0.0955327
-0.0709639
-0.0407771
-0.0108858
0.0130086
0.0273559
0.0324893
0.0322414
0.0326276
0.0390964
0.0545534
0.0779197
0.1048563
0.1293613
0.1465630
0.1544683
0.1548758
0.1522132
0.1519361
0.1582709
0.1730484
0.1950097
0.2206440
0.2451724
0.2640699
0.2736912
0.2718634
0.2576779
0.2316629
0.1954962
0.1520573
0.1047741
0.0572305
0.0124506
-0.0271011
-0.0597847
-0.0846743
-0.1018765
-0.1122886
-0.1175219
-0.1193268
-0.1195038
-0.1196228
-0.1211915
-0.1252987
-0.1323137
-0.1410697
-0.1486991
-0.1510063
-0.1442719
-0.1272694
-0.1029382
-0.0779574
-0.0606790
-0.0577657
-0.0716310
-0.0992263
-0.1330627
-0.1634423
-0.1815984
-0.1822359
-0.1651808
-0.1351458
-0.1002090
-0.0691094
-0.0487197
-0.0420327
-0.0476508
-0.0604179
-0.0732730
-0.0792811
-0.0736871
-0.0551255
-0.0260117
0.0083961
0.0415609
0.0675168
0.0819724
0.0827866
0.0697869
0.0446538
0.0106537
-0.0276816
-0.0653709
-0.0979129
-0.1222534
-0.1371701
-0.1431769
-0.1418907
-0.1354111
-0.1257562
-0.1147145
-0.1039925
-0.0956977
-0.0925660
-0.0975536
-0.1123572
-0.1352150
-0.1586353
-0.1683541
-0.1446609
-0.0669113
0.0792777
0.2939928
0.5573818
0.8297047
1.0588811
1.1941936
1.2017292
1.0757105
0.8410811
0.5461467
0.2480881
-0.0030575
-0.1762874
-0.2639430
-0.2785116
-0.2445911
-0.1897734
-0.1372518
-0.1016322
-0.0878794
-0.0928427
-0.1083154
-0.1248268
-0.1350584
-0.1361502
-0.1301155
-0.1225089
-0.1197227
-0.1260727
-0.1415364
-0.1613054
-0.1773187
-0.1815192
-0.1692323
-0.1413140
-0.1037645
-0.0652595
-0.0336132
-0.0131450
-0.0037096
-0.0016890
-0.0018015
0.0008776
0.0096377
0.0254484
0.0471841
0.0722103
0.0974563
0.1202383
0.1389599
0.1532297
0.1639456
0.1729438
0.1825243
0.1943685
0.2086143
0.2231618
0.2341483
0.2371531
0.2291600
0.2099738
0.1828286
0.1532436
0.1269262
0.1071906
0.0937465
0.0830498
0.0704733
0.0525513
0.0286259
0.0006565
-0.0279443
-0.0541919
-0.0765714
-0.0953833
-0.1118620
-0.1272529
-0.1418066
-0.1547732
-0.1647326
-0.1705538
-0.1717679
-0.1688262
-0.1626913
-0.1547757
-0.1466249
-0.1400008
-0.1364496
-0.1370506
-0.1417750
-0.1495884
-0.1586975
-0.1675268
-0.1751699
-0.1817510
-0.1878084
-0.1937595
-0.1990171
-0.2019908
-0.2003288
-0.1921951
-0.1773185
-0.1580299
-0.1387489
-0.1246547
-0.1192213
-0.1226104
-0.1309403
-0.1376119
-0.1352636
-0.1184606
-0.0854476
-0.0395026
0.0113134
0.0552074
0.0795443
0.0742391
0.0356505
-0.0315409
-0.1147118
-0.1970459
-0.2622265
-0.2990533
-0.3034542
-0.2787063
-0.2334737
-0.1796335
-0.1294762
-0.0937786
-0.0798966
-0.0911433
-0.1263784
-0.1807387
-0.2458925
-0.3104793
-0.3596117
-0.3753529
-0.3381677
-0.2313368
-0.0468294
0.2079796
0.5067798
0.8055392
1.0509582
1.1936023
1.2028056
1.0765577
0.8431910
0.5526816
0.2620114
0.0190843
-0.1479418
-0.2341619
-0.2534117
-0.2300356
-0.1894027
-0.1514391
-0.1271965
-0.1195252
-0.1252375
-0.1385982
-0.1536732
-0.1663763
-0.1747620
-0.1790674
-0.1804359
-0.1801769
-0.1786097
-0.1751495
-0.1682959
-0.1568074
-0.1402508
-0.1198725
-0.0980785
-0.0780690
-0.0624813
-0.0528196
-0.0484588
-0.0469286
-0.0441106
-0.0357214
-0.0182457
0.0095468
0.0463287
0.0879085
0.1285511
0.1622243
0.1847743
0.1947636
0.1940433
0.1865208
0.1771611
0.1702252
0.1687019
0.1734191
0.1833870
0.1957055
0.2066200
0.2120291
0.2089218
0.1958517
0.1738094
0.1456361
0.1156058
0.0877063
0.0647462
0.0471961
0.0338530
0.0225150
0.0117053
0.0008914
-0.0094984
-0.0196228
-0.0307062
-0.0453811
-0.0660006
-0.0933214
-0.1249004
-0.1558372
-0.1801118
-0.1934311
-0.1946075
-0.1864098
-0.1739304
-0.1628264
-0.1566171
-0.1558676
-0.1579734
-0.1591973
-0.1563018
-0.1486249
-0.1380423
-0.1285566
-0.1240743
-0.1270106
-0.1366207
-0.1494647
-0.1601706
-0.1639749
-0.1583587
-0.1448568
-0.1284860
-0.1165300
-0.1151860
-0.1271323
-0.1494455
-0.1746836
-0.1929003
-0.1953838
-0.1769015
-0.1377548
-0.0834663
-0.0240846
0.0287741
0.0646491
0.0778213
0.0686167
0.0436045
0.0125610
-0.0148652
-0.0332758
-0.0428466
-0.0491470
-0.0596767
-0.0804348
-0.1121371
-0.1496279
-0.1829452
-0.2015664
-0.1983020
-0.1733114
-0.1347994
-0.0978564
-0.0794131
-0.0924074
-0.1387832
-0.2058009
-0.2656748
-0.2817807
-0.2184794
-0.0540188
0.2096468
0.5418964
0.8880998
1.1816120
1.3620920
1.3922511
1.2691933
1.0242341
0.7134300
0.4003033
0.1388399
-0.0397851
-0.1308399
-0.1519668
-0.1320722
-0.1001935
-0.0763947
-0.0692660
-0.0773873
-0.0947250
-0.1147411
-0.1335967
-0.1497953
-0.1634782
-0.1742227
-0.1805963
-0.1795628
-0.1681298
-0.1444683
-0.1101084
-0.0699713
-0.0320944
-0.0047439
0.0059453
-0.0009669
-0.0209968
-0.0449110
-0.0622770
-0.0643004
-0.0471215
-0.0122807
0.0334089
0.0806697
0.1200438
0.1452895
0.1546855
0.1521269
0.1451923
0.1429139
0.1517391
0.1735757
0.2044743
0.2367061
0.2611339
0.2713052
0.2654434
0.2478164
0.2265620
0.2110710
0.2076543
0.2174940
0.2352861
0.2513683
0.2542490
0.2351408
0.1906925
0.1253411
0.0498681
-0.0212289
-0.0751189
-0.1043361
-0.1096469
-0.0985785
-0.0827085
-0.0725650
-0.0746142
-0.0890484
-0.1113874
-0.1344553
-0.1520358
-0.1603101
-0.1592435
-0.1514003
-0.1413992
-0.1337917
-0.1324269
-0.1388170
-0.1524087
-0.1701463
-0.1880592
-0.2019120
-0.2092512
-0.2096432
-0.2055391
-0.2008399
-0.2000241
-0.2055107
-0.2168318
-0.2296191
-0.2375740
-0.2342749
-0.2166586
-0.1861628
-0.1494567
-0.1157455
-0.0941598
-0.0896906
-0.1018732
-0.1241586
-0.1467417
-0.1591281
-0.1541389
-0.1294845
-0.0892330
-0.0421617
-0.0001016
0.0260733
0.0289935
0.0076857
-0.0329606
-0.0833846
-0.1334061
-0.1748141
-0.2040420
-0.2213033
-0.2295209
-0.2312881
-0.2281462
-0.2198894
-0.2065835
-0.1893830
-0.1722237
-0.1609017
-0.1623664
-0.1812513
-0.2170744
-0.2602326
-0.2915667
-0.2840696
-0.2102262
-0.0507040
0.1954131
0.5055599
0.8338882
1.1209507
1.3080131
1.3544837
1.2495360
1.0163086
0.7041876
0.3748862
0.0846631
-0.1283684
-0.2510892
-0.2926358
-0.2774454
-0.2345984
-0.1899695
-0.1601027
-0.1514590
-0.1611600
-0.1810498
-0.2006028
-0.2109736
-0.2065683
-0.1870707
-0.1565856
-0.1231120
-0.0954710
-0.0814931
-0.0849498
-0.1050255
-0.1354720
-0.1667884
-0.1879979
-0.1906260
-0.1706190
-0.1304342
-0.0775272
-0.0227185
0.0239766
0.0556703
0.0713215
0.0749392
0.0745376
0.0782101
0.0917898
0.1160046
0.1471637
0.1780819
0.2019248
0.2145098
0.2170683
0.2151244
0.2167393
0.2278748
0.2501005
0.2788735
0.3061252
0.3227319
0.3224898
0.3029018
0.2659687
0.2162311
0.1602232
0.1043759
0.0548788
0.0160343
-0.0095068
-0.0220099
-0.0238790
-0.0200908
-0.0162421
-0.0177684
-0.0274341
-0.0453204
-0.0682807
-0.0921395
-0.1125366
-0.1272097
-0.1357420
-0.1401156
-0.1427960
-0.1463249
-0.1513986
-0.1572708
-0.1610840
-0.1596394
-0.1499450
-0.1317417
-0.1078181
-0.0848992
-0.0711523
-0.0742037
-0.0971787
-0.1377273
-0.1874269
-0.2350945
-0.2693826
-0.2828789
-0.2731357
-0.2438914
-0.2029699
-0.1608033
-0.1265787
-0.1065045
-0.1013820
-0.1075699
-0.1176440
-0.1238474
-0.1198189
-0.1033924
-0.0762414
-0.0439770
-0.0134355
0.0085119
0.0176746
0.0126289
-0.0043316
-0.0289825
-0.0556507
-0.0797267
-0.0981684
-0.1113636
-0.1221547
-0.1354097
-0.1546101
-0.1801811
-0.2072433
-0.2276474
-0.2325436
-0.2178790
-0.1868182
-0.1509266
-0.1256989
-0.1252036
-0.1542376
-0.2043557
-0.2520945
-0.2642640
-0.2060837
-0.0538933
0.1948864
0.5146981
0.8546644
1.1483676
1.3322714
1.3637218
1.2356631
0.9786657
0.6524702
0.3265121
0.0603093
-0.1127069
-0.1893840
-0.1926941
-0.1587437
-0.1238847
-0.1126098
-0.1330377
-0.1767564
-0.2256196
-0.2589039
-0.2618366
-0.2293413
-0.1680405
-0.0928889
-0.0235137
0.0223048
0.0327077
0.0061991
-0.0485655
-0.1142536
-0.1710962
-0.2020697
-0.1986448
-0.1614613
-0.0998261
-0.0272130
0.0415772
0.0944811
0.1231375
0.1250524
0.1030786
0.0659910
0.0257393
-0.0043951
-0.0140117
0.0028943
0.0456995
0.1084003
0.1799675
0.2475902
0.2985013
0.3241623
0.3219120
0.2970648
0.2605130
0.2261436
0.2051947
0.2034120
0.2182423
0.2407690
0.2579070
0.2579978
0.2341684
0.1880396
0.1284712
0.0694706
0.0242267
0.0012857
0.0003947
0.0133401
0.0258202
0.0237559
-0.0020018
-0.0506759
-0.1123532
-0.1706616
-0.2101084
-0.2211865
-0.2048715
-0.1708641
-0.1343199
-0.1088526
-0.1026682
-0.1154190
-0.1404948
-0.1675293
-0.1877152
-0.1959068
-0.1927551
-0.1824919
-0.1714250
-0.1639951
-0.1619376
-0.1630135
-0.1636068
-0.1599832
-0.1513635
-0.1395432
-0.1291406
-0.1245219
-0.1286482
-0.1404093
-0.1554700
-0.1664200
-0.1662862
-0.1502101
-0.1186309
-0.0766341
-0.0335186
0.0013538
0.0207643
0.0228925
0.0103288
-0.0105041
-0.0329474
-0.0511710
-0.0625693
-0.0669766
-0.0673518
-0.0676129
-0.0722802
-0.0837893
-0.1024808
-0.1252399
-0.1474648
-0.1636318
-0.1703992
-0.1670109
-0.1569482
-0.1460847
-0.1420123
-0.1503539
-0.1731300
-0.2052627
-0.2345027
-0.2410391
-0.2021028
-0.0971445
0.0829294
0.3296038
0.6124637
0.8841118
1.0901128
1.1856358
1.1485705
0.9879379
0.7399097
0.4572615
0.1923726
-0.0156055
-0.1494630
-0.2124018
-0.2226521
-0.2031853
-0.1748314
-0.1504255
-0.1351735
-0.1276328
-0.1243271
-0.1216402
-0.1186345
-0.1158691
-0.1154099
-0.1181314
-0.1237891
-0.1295653
-0.1318950
-0.1266334
-0.1118846
-0.0881027
-0.0595598
-0.0321093
-0.0123386
-0.0041773
-0.0086675
-0.0226885
-0.0413468
-0.0585385
-0.0696288
-0.0709815
-0.0612212
-0.0397598
-0.0077292
0.0333472
0.0802963
0.1293905
0.1752017
0.2123939
0.2357593
0.2430750
0.2352174
0.2176248
0.1978132
0.1841244
0.1817454
0.1919996
0.2108122
0.2314522
0.2460502
0.2496060
0.2403178
0.2205351
0.1937091
0.1633330
0.1301374
0.0932319
0.0502138
0.0004879
-0.0542307
-0.1082019
-0.1541349
-0.1845137
-0.1956417
-0.1880472
-0.1674778
-0.1417147
-0.1191514
-0.1051416
-0.1019138
-0.1074214
-0.1180766
-0.1296510
-0.1402716
-0.1495342
-0.1587199
-0.1679378
-0.1764696
-0.1818854
-0.1826307
-0.1779803
-0.1696286
-0.1597570
-0.1512326
-0.1455021
-0.1436638
-0.1455010
-0.1511537
-0.1598887
-0.1710683
-0.1825063
-0.1917771
-0.1955268
-0.1917705
-0.1795249
-0.1604185
-0.1368646
-0.1122185
-0.0883496
-0.0664688
-0.0462288
-0.0279637
-0.0122462
-0.0014959
0.0017684
-0.0053348
-0.0235435
-0.0519828
-0.0868498
-0.1234993
-0.1563863
-0.1816769
-0.1967641
-0.2016445
-0.1969703
-0.1845417
-0.1655356
-0.1420880
-0.1167433
-0.0944987
-0.0814599
-0.0849662
-0.1097738
-0.1560608
-0.2149861
-0.2687413
-0.2912120
-0.2550691
-0.1388955
0.0626422
0.3340015
0.6368209
0.9177733
1.1200605
1.2004327
1.1410014
0.9562624
0.6875627
0.3919182
0.1244185
-0.0746336
-0.1889204
-0.2246615
-0.2053671
-0.1605957
-0.1177579
-0.0941512
-0.0958627
-0.1178425
-0.1494388
-0.1781738
-0.1954795
-0.1976071
-0.1868539
-0.1681463
-0.1476400
-0.1290464
-0.1140765
-0.1015584
-0.0901142
-0.0779184
-0.0645641
-0.0496246
-0.0339612
-0.0184527
-0.0055111
0.0026640
0.0037219
-0.0020688
-0.0123239
-0.0214347
-0.0236109
-0.0138309
0.0087725
0.0417014
0.0787080
0.1133941
0.1401662
0.1572231
0.1653768
0.1685002
0.1705351
0.1754702
0.1850389
0.1998947
0.2183799
0.2383881
0.2564388
0.2695640
0.2741837
0.2677491
0.2476858
0.2136479
0.1671391
0.1135246
0.0598864
0.0143819
-0.0178403
-0.0350744
-0.0406696
-0.0399688
-0.0392380
-0.0420626
-0.0499895
-0.0616910
-0.0757592
-0.0903456
-0.1049930
-0.1189753
-0.1324358
-0.1447220
-0.1557469
-0.1643942
-0.1699332
-0.1708053
-0.1667639
-0.1581911
-0.1479985
-0.1398017
-0.1382036
-0.1455647
-0.1618262
-0.1822656
-0.1997964
-0.2059363
-0.1955954
-0.1682801
-0.1303323
-0.0917724
-0.0644031
-0.0565265
-0.0715918
-0.1056381
-0.1497561
-0.1910956
-0.2175448
-0.2191774
-0.1919705
-0.1375489
-0.0648506
0.0125841
0.0778603
0.1163453
0.1185434
0.0846491
0.0232647
-0.0498877
-0.1182377
-0.1677299
-0.1918586
-0.1913987
-0.1747435
-0.1531015
-0.1376898
-0.1342359
-0.1424252
-0.1550577
-0.1629484
-0.1581731
-0.1399238
-0.1148475
-0.0968557
-0.1003541
-0.1347046
-0.1962567
-0.2667324
-0.3134965
-0.2983831
-0.1876994
0.0332492
0.3516435
0.7227899
1.0788452
1.3437040
1.4558878
1.3860984
1.1486445
0.7963981
0.4066008
0.0569608
-0.1937541
-0.3202546
-0.3309523
-0.2612840
-0.1579467
-0.0655934
-0.0139789
-0.0142840
-0.0584534
-0.1264765
-0.1928660
-0.2362203
-0.2434859
-0.2142508
-0.1584176
-0.0940544
-0.0399752
-0.0111443
-0.0125243
-0.0394889
-0.0787461
-0.1150731
-0.1352876
-0.1339463
-0.1130673
-0.0820618
-0.0520294
-0.0324481
-0.0256953
-0.0275369
-0.0276058
-0.0155336
0.0157641
0.0652332
0.1251215
0.1821426
0.2237643
0.2412502
0.2342813
0.2094637
0.1793353
0.1564166
0.1506514
0.1651222
0.1973313
0.2390796
0.2806514
0.3117447
0.3252670
0.3171168
0.2885081
0.2440118
0.1919176
0.1404653
0.0972724
0.0659686
0.0471757
0.0371495
0.0306513
0.0210579
0.0040398
-0.0225580
-0.0564825
-0.0935202
-0.1275430
-0.1541418
-0.1701868
-0.1756959
-0.1715221
-0.1604077
-0.1450101
-0.1295022
-0.1174002
-0.1122660
-0.1148159
-0.1240164
-0.1358254
-0.1464006
-0.1522458
-0.1532821
-0.1512563
-0.1502916
-0.1532437
-0.1617451
-0.1738655
-0.1866003
-0.1957629
-0.1993220
-0.1964641
-0.1891140
-0.1792412
-0.1695410
-0.1610432
-0.1548073
-0.1504444
-0.1480770
-0.1465227
-0.1448848
-0.1408097
-0.1326092
-0.1181186
-0.0971553
-0.0703135
-0.0410287
-0.0136845
0.0053008
0.0105815
-0.0021223
-0.0325927
-0.0771562
-0.1276668
-0.1755008
-0.2125269
-0.2349569
-0.2420752
-0.2370484
-0.2233521
-0.2049763
-0.1839860
-0.1628937
-0.1441925
-0.1332285
-0.1359288
-0.1578626
-0.1978576
-0.2453789
-0.2772210
-0.2630297
-0.1725130
0.0109674
0.2821969
0.6084262
0.9359960
1.2013552
1.3500869
1.3508358
1.2058367
0.9475992
0.6299702
0.3105241
0.0374633
-0.1615954
-0.2796483
-0.3277422
-0.3254114
-0.2947298
-0.2528615
-0.2115888
-0.1760618
-0.1488600
-0.1301868
-0.1205751
-0.1186353
-0.1222005
-0.1263525
-0.1263206
-0.1174883
-0.0992440
-0.0741881
-0.0495092
-0.0328244
-0.0307416
-0.0440194
-0.0684465
-0.0945128
-0.1127980
-0.1158861
-0.1027626
-0.0770257
-0.0465720
-0.0182265
0.0033657
0.0189214
0.0317519
0.0474435
0.0695257
0.0998522
0.1363794
0.1758542
0.2131623
0.2445930
0.2669972
0.2804394
0.2863404
0.2886400
0.2902925
0.2934886
0.2966483
0.2966294
0.2883462
0.2689112
0.2373420
0.1968944
0.1521837
0.1095951
0.0737208
0.0480253
0.0320179
0.0231059
0.0155044
0.0041300
-0.0150431
-0.0412732
-0.0709306
-0.0972699
-0.1153417
-0.1226660
-0.1223128
-0.1197368
-0.1218130
-0.1314618
-0.1476739
-0.1640447
-0.1736662
-0.1708173
-0.1556353
-0.1324616
-0.1099419
-0.0958274
-0.0960790
-0.1113149
-0.1390280
-0.1728484
-0.2061589
-0.2314367
-0.2435887
-0.2392590
-0.2200142
-0.1904821
-0.1591125
-0.1335435
-0.1198478
-0.1187060
-0.1275458
-0.1401950
-0.1513692
-0.1565770
-0.1550087
-0.1469713
-0.1346114
-0.1183662
-0.0983238
-0.0726359
-0.0411962
-0.0054096
0.0286549
0.0529868
0.0579966
0.0382156
-0.0065798
-0.0680600
-0.1332962
-0.1870623
-0.2191014
-0.2255609
-0.2115653
-0.1864425
-0.1615429
-0.1440902
-0.1372252
-0.1384065
-0.1442703
-0.1518425
-0.1627213
-0.1802606
-0.2083555
-0.2445936
-0.2786082
-0.2892301
-0.2504758
-0.1374784
0.0611115
0.3366052
0.6549009
0.9635048
1.2018255
1.3198161
1.2905794
1.1203865
0.8446331
0.5194745
0.2042840
-0.0511843
-0.2193460
-0.2957616
-0.2975052
-0.2524521
-0.1917146
-0.1393460
-0.1100193
-0.1061894
-0.1228156
-0.1491518
-0.1749695
-0.1913016
-0.1943966
-0.1839559
-0.1647047
-0.1424250
-0.1238648
-0.1122289
-0.1081581
-0.1077853
-0.1068613
-0.1009495
-0.0895117
-0.0739635
-0.0587330
-0.0467675
-0.0396837
-0.0346074
-0.0274879
-0.0132303
0.0094920
0.0392761
0.0702971
0.0968491
0.1138703
0.1213924
0.1226603
0.1250147
0.1348647
0.1571481
0.1910819
0.2322732
0.2718944
0.3016723
0.3143712
0.3082133
0.2851309
0.2520856
0.2165132
0.1862023
0.1649003
0.1535396
0.1478407
0.1419363
0.1283398
0.1030789
0.0653561
0.0203464
-0.0246638
-0.0606479
-0.0822947
-0.0878215
-0.0819096
-0.0718357
-0.0669212
-0.0727436
-0.0911462
-0.1173681
-0.1442265
-0.1629227
-0.1688644
-0.1613565
-0.1461044
-0.1307741
-0.1241856
-0.1305730
-0.1500444
-0.1762441
-0.2010579
-0.2155551
-0.2156627
-0.2014485
-0.1792857
-0.1570726
-0.1433559
-0.1417464
-0.1518532
-0.1673570
-0.1809771
-0.1852708
-0.1779461
-0.1605019
-0.1397813
-0.1226813
-0.1152325
-0.1174243
-0.1251752
-0.1296681
-0.1234417
-0.1014931
-0.0660344
-0.0237959
0.0138222
0.0370395
0.0386739
0.0187436
-0.0182448
-0.0627193
-0.1055925
-0.1385534
-0.1586453
-0.1662049
-0.1664228
-0.1644520
-0.1653223
-0.1692856
-0.1740215
-0.1735836
-0.1640808
-0.1442816
-0.1200991
-0.1011229
-0.0993905
-0.1207128
-0.1614474
-0.2030582
-0.2173876
-0.1721806
-0.0452223
0.1676763
0.4442923
0.7406177
0.9979952
1.1612100
1.1922032
1.0845937
0.8635313
0.5803089
0.2936949
0.0549672
-0.1075949
-0.1896701
-0.2083798
-0.1891555
-0.1580193
-0.1319649
-0.1195804
-0.1198863
-0.1285648
-0.1387377
-0.1462647
-0.1480537
-0.1447133
-0.1368962
-0.1270900
-0.1160725
-0.1053761
-0.0944667
-0.0838322
-0.0726302
-0.0619691
-0.0521414
-0.0449752
-0.0401786
-0.0375502
-0.0340912
-0.0276205
-0.0151941
0.0028519
0.0254065
0.0484232
0.0693471
0.0857823
0.0990424
0.1105556
0.1232081
0.1370185
0.1516234
0.1640178
0.1728277
0.1767283
0.1781235
0.1798860
0.1869314
0.2013085
0.2235707
0.2494435
0.2739052
0.2901802
0.2946264
0.2848320
0.2626601
0.2304139
0.1925773
0.1515952
0.1102227
0.0685316
0.0275567
-0.0129255
-0.0507135
-0.0841153
-0.1094024
-0.1248784
-0.1289162
-0.1238256
-0.1128438
-0.1023372
-0.0968784
-0.1001812
-0.1105695
-0.1244346
-0.1352793
-0.1397667
-0.1366520
-0.1300537
-0.1244951
-0.1253874
-0.1337698
-0.1489341
-0.1662557
-0.1821866
-0.1927166
-0.1974041
-0.1960371
-0.1910787
-0.1835625
-0.1757450
-0.1677618
-0.1610852
-0.1555116
-0.1524217
-0.1512828
-0.1526479
-0.1547659
-0.1569282
-0.1563129
-0.1514946
-0.1395644
-0.1201292
-0.0927115
-0.0605244
-0.0270937
0.0010071
0.0186713
0.0204351
0.0053553
-0.0254582
-0.0657095
-0.1088648
-0.1470994
-0.1768264
-0.1962559
-0.2082861
-0.2153824
-0.2210195
-0.2248719
-0.2261112
-0.2210260
-0.2083916
-0.1879528
-0.1650188
-0.1464188
-0.1415012
-0.1546158
-0.1843569
-0.2171940
-0.2313848
-0.1981639
-0.0940399
0.0924177
0.3488810
0.6407886
0.9139269
1.1116239
1.1880003
1.1256148
0.9375868
0.6664877
0.3674613
0.0954329
-0.1121703
-0.2382873
-0.2885621
-0.2807562
-0.2398383
-0.1872001
-0.1403778
-0.1081600
-0.0949158
-0.0980678
-0.1131765
-0.1315998
-0.1461068
-0.1493114
-0.1395696
-0.1182601
-0.0930755
-0.0719568
-0.0636194
-0.0704290
-0.0904405
-0.1140945
-0.1310620
-0.1305223
-0.1087921
-0.0672032
-0.0153221
0.0358430
0.0737432
0.0918028
0.0875703
0.0669176
0.0384754
0.0149459
0.0059359
0.0190971
0.0541158
0.1064196
0.1646473
0.2178927
0.2554553
0.2742041
0.2758098
0.2696291
0.2649639
0.2706519
0.2872510
0.3101901
0.3276865
0.3293949
0.3070312
0.2618137
0.2003123
0.1356531
0.0784327
0.0367275
0.0098708
-0.0060929
-0.0193328
-0.0339666
-0.0519868
-0.0690061
-0.0810851
-0.0836151
-0.0781375
-0.0681762
-0.0617735
-0.0639518
-0.0785824
-0.1029002
-0.1328987
-0.1608186
-0.1818175
-0.1908763
-0.1880748
-0.1741284
-0.1547382
-0.1351291
-0.1230920
-0.1221543
-0.1344216
-0.1554078
-0.1800252
-0.2002468
-0.2122382
-0.2129876
-0.2051450
-0.1911815
-0.1767114
-0.1643231
-0.1576764
-0.1564486
-0.1613714
-0.1694474
-0.1788850
-0.1841726
-0.1814826
-0.1648103
-0.1327453
-0.0852207
-0.0294635
0.0258250
0.0678639
0.0884111
0.0818176
0.0517355
0.0051114
-0.0455361
-0.0911331
-0.1239301
-0.1441561
-0.1541270
-0.1613961
-0.1705195
-0.1857802
-0.2043539
-0.2220034
-0.2296787
-0.2221288
-0.1956137
-0.1554511
-0.1105009
-0.0763301
-0.0650696
-0.0852732
-0.1311665
-0.1860053
-0.2186181
-0.1962165
-0.0892341
0.1118645
0.3947492
0.7185902
1.0272978
1.2577314
1.3622772
1.3168093
1.1330756
0.8494262
0.5250612
0.2178230
-0.0247899
-0.1810379
-0.2501162
-0.2526306
-0.2148440
-0.1654299
-0.1227242
-0.0987459
-0.0939822
-0.1065859
-0.1287812
-0.1553060
-0.1780532
-0.1933451
-0.1961057
-0.1871235
-0.1665513
-0.1399179
-0.1101491
-0.0830632
-0.0597965
-0.0434497
-0.0324162
-0.0276946
-0.0263407
-0.0287695
-0.0317997
-0.0356972
-0.0369634
-0.0354794
-0.0273334
-0.0124076
0.0122977
0.0445254
0.0837111
0.1237142
0.1612643
0.1898130
0.2084995
0.2153634
0.2151540
0.2099823
0.2066906
0.2074603
0.2166595
0.2322384
0.2537304
0.2746726
0.2918809
0.2985631
0.2938782
0.2752497
0.2466893
0.2093793
0.1689771
0.1259141
0.0837522
0.0408481
0.0002303
-0.0383712
-0.0693069
-0.0910631
-0.0989723
-0.0962867
-0.0853805
-0.0757333
-0.0716147
-0.0789672
-0.0945529
-0.1164950
-0.1365974
-0.1527031
-0.1602295
-0.1624949
-0.1594398
-0.1563883
-0.1523442
-0.1501358
-0.1462458
-0.1425627
-0.1364003
-0.1318205
-0.1281140
-0.1301245
-0.1358934
-0.1474965
-0.1593799
-0.1707963
-0.1751901
-0.1736631
-0.1637106
-0.1514514
-0.1380483
-0.1307692
-0.1288087
-0.1355643
-0.1456375
-0.1588768
-0.1677600
-0.1717476
-0.1639169
-0.1456089
-0.1129695
-0.0723060
-0.0258633
0.0137895
0.0407654
0.0433481
0.0225278
-0.0222263
-0.0772532
-0.1336659
-0.1744497
-0.1953057
-0.1899968
-0.1685686
-0.1375727
-0.1145661
-0.1048892
-0.1170830
-0.1422900
-0.1759634
-0.2019681
-0.2183915
-0.2199230
-0.2194614
-0.2217465
-0.2390897
-0.2614119
-0.2770687
-0.2513187
-0.1604342
0.0217799
0.2860810
0.6096830
0.9316549
1.1949486
1.3348870
1.3279728
1.1697563
0.9066289
0.5887023
0.2875875
0.0417459
-0.1146688
-0.1938924
-0.2049297
-0.1879953
-0.1569721
-0.1430120
-0.1391394
-0.1580094
-0.1748871
-0.1968509
-0.1968192
-0.1924187
-0.1630961
-0.1408293
-0.1036604
-0.0903525
-0.0623775
-0.0672840
-0.0373435
-0.0648001
