-0.0169504
-0.0243521
-0.0182911
-0.0190333
-0.0174792
-0.0210742
-0.0246611
-0.0329705
-0.0424489
-0.0560483
-0.0695491
-0.0830458
-0.0911275
-0.0933447
-0.0867363
-0.0742258
-0.0570113
-0.0403323
-0.0258744
-0.0167230
-0.0113067
-0.0088830
-0.0051849
0.0018275
0.0155019
0.0352912
0.0605001
0.0864988
0.1093935
0.1235271
0.1261758
0.1148999
0.0911403
0.0568779
0.0172870
-0.0228922
-0.0572161
-0.0812280
-0.0906377
-0.0848428
-0.0649798
-0.0366374
-0.0069304
0.0143622
0.0191004
0.0009542
-0.0398580
-0.0967469
-0.1539509
-0.1900907
-0.1803780
-0.1054792
0.0422097
0.2497257
0.4830872
0.6903785
0.8159238
0.8153129
0.6725535
0.4061969
0.0673887
-0.2760899
-0.5580183
-0.7332003
-0.7857877
-0.7303462
-0.6013610
-0.4415829
-0.2881952
-0.1661738
-0.0844972
-0.0400650
-0.0216818
-0.0171325
-0.0161085
-0.0134278
-0.0075316
-0.0002306
0.0063876
0.0101638
0.0107597
0.0084148
0.0046563
0.0005950
-0.0023025
-0.0035154
-0.0023642
0.0009468
0.0065056
0.0136804
0.0221855
0.0309614
0.0391715
0.0453084
0.0485802
0.0484075
0.0458066
0.0424676
0.0413291
0.0448292
0.0548939
0.0712347
0.0920442
0.1135674
0.1321020
0.1444206
0.1496669
0.1487607
0.1447069
0.1405991
0.1392218
0.1413384
0.1463098
0.1517517
0.1553158
0.1549946
0.1507348
0.1438141
0.1370046
0.1326604
0.1323261
0.1353838
0.1399966
0.1432318
0.1427594
0.1368796
0.1252938
0.1082123
0.0869295
0.0628366
0.0380928
0.0147537
-0.0048623
-0.0194148
-0.0283207
-0.0325940
-0.0338704
-0.0344885
-0.0361796
-0.0402447
-0.0466415
-0.0546168
-0.0622644
-0.0675768
-0.0683908
-0.0636555
-0.0533045
-0.0390321
-0.0234171
-0.0099152
-0.0014623
-0.0003184
-0.0069395
-0.0203821
-0.0379316
-0.0562553
-0.0716244
-0.0813330
-0.0838290
-0.0796570
-0.0708333
-0.0608401
-0.0530987
-0.0503814
-0.0533534
-0.0607797
-0.0694234
-0.0756681
-0.0763550
-0.0704240
-0.0588236
-0.0445994
-0.0312858
-0.0221206
-0.0185779
-0.0205723
-0.0263161
-0.0335680
-0.0399763
-0.0442226
-0.0458308
-0.0455313
-0.0443609
-0.0436175
-0.0439406
-0.0455041
-0.0475262
-0.0490035
-0.0487483
-0.0463765
-0.0422027
-0.0376990
-0.0346470
-0.0348491
-0.0388796
-0.0460308
-0.0540149
-0.0601934
-0.0622450
-0.0594215
-0.0522484
-0.0423815
-0.0313278
-0.0201912
-0.0090148
0.0026309
0.0156050
0.0302076
0.0460499
0.0613527
0.0734471
0.0789268
0.0749606
0.0599461
0.0347202
0.0023703
-0.0320114
-0.0630133
-0.0859424
-0.0981393
-0.0987769
-0.0888558
-0.0703989
-0.0467739
-0.0226462
-0.0044786
0.0007037
-0.0127193
-0.0451784
-0.0890175
-0.1268138
-0.1339620
-0.0847597
0.0376070
0.2315122
0.4705551
0.7056292
0.8754556
0.9247053
0.8225388
0.5755477
0.2280797
-0.1497039
-0.4828898
-0.7127388
-0.8112131
-0.7838016
-0.6626634
-0.4929917
-0.3192699
-0.1744612
-0.0754975
-0.0236073
-0.0090726
-0.0169145
-0.0327131
-0.0459330
-0.0515152
-0.0488650
-0.0403554
-0.0290740
-0.0176863
-0.0074784
0.0012427
0.0088367
0.0153274
0.0203139
0.0228219
0.0221620
0.0183064
0.0125648
0.0071283
0.0046190
0.0068328
0.0143274
0.0261015
0.0404611
0.0555317
0.0700423
0.0830760
0.0940824
0.1023904
0.1075303
0.1092557
0.1081664
0.1056442
0.1040258
0.1058457
0.1132485
0.1267894
0.1451519
0.1651238
0.1828710
0.1950289
0.2000125
0.1980848
0.1911972
0.1819157
0.1728390
0.1657144
0.1613075
0.1590668
0.1576624
0.1553867
0.1511604
0.1447973
0.1372486
0.1298623
0.1238674
0.1194643
0.1157781
0.1108593
0.1026022
0.0893824
0.0710379
0.0489651
0.0260673
0.0056452
-0.0095339
-0.0183798
-0.0214887
-0.0208467
-0.0186240
-0.0164490
-0.0146869
-0.0127943
-0.0097135
-0.0048071
0.0019009
0.0094232
0.0162290
0.0203986
0.0203111
0.0149745
0.0047509
-0.0086038
-0.0219852
-0.0319813
-0.0358240
-0.0326249
-0.0236118
-0.0119792
-0.0016656
0.0037095
0.0020847
-0.0067839
-0.0213048
-0.0388897
-0.0565257
-0.0716055
-0.0820973
-0.0868769
-0.0855368
-0.0785460
-0.0670241
-0.0528900
-0.0385168
-0.0265518
-0.0191458
-0.0175429
-0.0215373
-0.0297238
-0.0397623
-0.0492221
-0.0560361
-0.0591514
-0.0585474
-0.0553255
-0.0511523
-0.0478918
-0.0468653
-0.0486349
-0.0526793
-0.0576819
-0.0616892
-0.0628234
-0.0597318
-0.0522576
-0.0413892
-0.0291162
-0.0176371
-0.0088582
-0.0036981
-0.0020095
-0.0025098
-0.0034060
-0.0029144
-0.0000896
0.0050128
0.0113208
0.0174044
0.0217828
0.0232626
0.0206776
0.0129778
-0.0007228
-0.0204859
-0.0451931
-0.0721889
-0.0977595
-0.1177596
-0.1288165
-0.1292195
-0.1199121
-0.1047743
-0.0905694
-0.0856061
-0.0975104
-0.1296741
-0.1778329
-0.2276388
-0.2555492
-0.2336267
-0.1386585
0.0371716
0.2774206
0.5393851
0.7612738
0.8786059
0.8446110
0.6477360
0.3183706
-0.0782150
-0.4610630
-0.7570308
-0.9203986
-0.9417074
-0.8448686
-0.6749631
-0.4827102
-0.3104516
-0.1838604
-0.1100108
-0.0812815
-0.0819954
-0.0954761
-0.1088444
-0.1152606
-0.1133938
-0.1056325
-0.0956195
-0.0865267
-0.0799654
-0.0760340
-0.0736670
-0.0714446
-0.0680590
-0.0627832
-0.0553648
-0.0459283
-0.0345513
-0.0212213
-0.0057753
0.0117067
0.0307151
0.0500328
0.0680035
0.0828466
0.0933833
0.0994762
0.1024456
0.1047858
0.1096172
0.1195395
0.1357051
0.1570680
0.1806552
0.2024576
0.2190540
0.2288230
0.2325920
0.2330049
0.2333188
0.2357881
0.2408268
0.2469403
0.2517891
0.2533249
0.2507403
0.2444096
0.2354501
0.2249469
0.2136978
0.2021105
0.1904904
0.1790327
0.1678982
0.1570516
0.1464028
0.1357788
0.1250217
0.1137654
0.1014840
0.0875910
0.0720090
0.0555029
0.0398331
0.0271423
0.0191633
0.0162532
0.0171097
0.0189874
0.0187204
0.0137691
0.0032301
-0.0119384
-0.0291632
-0.0452073
-0.0571167
-0.0632256
-0.0635666
-0.0599201
-0.0551085
-0.0520949
-0.0528384
-0.0576857
-0.0652045
-0.0728786
-0.0780475
-0.0790505
-0.0757682
-0.0696681
-0.0630200
-0.0580023
-0.0557977
-0.0563936
-0.0587822
-0.0616811
-0.0640502
-0.0655042
-0.0661852
-0.0665360
-0.0667996
-0.0668361
-0.0660775
-0.0639423
-0.0601290
-0.0548866
-0.0488524
-0.0429414
-0.0381126
-0.0353773
-0.0356132
-0.0394411
-0.0468590
-0.0570987
-0.0685174
-0.0789513
-0.0861817
-0.0886728
-0.0859798
-0.0789109
-0.0690848
-0.0583865
-0.0482687
-0.0394506
-0.0318416
-0.0250034
-0.0186432
-0.0130930
-0.0091317
-0.0074326
-0.0077305
-0.0085805
-0.0076980
-0.0030075
0.0064124
0.0197279
0.0346645
0.0482726
0.0579495
0.0619523
0.0595344
0.0505995
0.0354974
0.0149153
-0.0098556
-0.0367630
-0.0628642
-0.0846141
-0.0983344
-0.1011330
-0.0918786
-0.0722276
-0.0470220
-0.0239199
-0.0117122
-0.0176260
-0.0438608
-0.0846347
-0.1248104
-0.1416468
-0.1101014
-0.0113893
0.1576657
0.3777851
0.6068709
0.7879922
0.8649709
0.8007370
0.5918510
0.2726515
-0.0932877
-0.4318600
-0.6800196
-0.8025508
-0.7984121
-0.6960312
-0.5405471
-0.3786101
-0.2456811
-0.1593489
-0.1191792
-0.1118977
-0.1189914
-0.1240749
-0.1175892
-0.0981053
-0.0703946
-0.0419002
-0.0191105
-0.0053794
-0.0004536
-0.0016026
-0.0053009
-0.0087913
-0.0107406
-0.0111526
-0.0106619
-0.0098746
-0.0088542
-0.0070827
-0.0036342
0.0023655
0.0113384
0.0228345
0.0354725
0.0472273
0.0562872
0.0619774
0.0654011
0.0691113
0.0759766
0.0875965
0.1033234
0.1203203
0.1348242
0.1437618
0.1460543
0.1428988
0.1372317
0.1325543
0.1317618
0.1361615
0.1451165
0.1562394
0.1662583
0.1721339
0.1722248
0.1669052
0.1585132
0.1504071
0.1456075
0.1454432
0.1489922
0.1534320
0.1552568
0.1516199
0.1413614
0.1251859
0.1051581
0.0836950
0.0627183
0.0432050
0.0254234
0.0094875
-0.0040284
-0.0139720
-0.0189849
-0.0183199
-0.0125102
-0.0036107
0.0053343
0.0112760
0.0122976
0.0082649
0.0008581
-0.0071294
-0.0127911
-0.0141617
-0.0108322
-0.0040713
0.0036788
0.0095904
0.0113603
0.0078302
-0.0007150
-0.0127472
-0.0259602
-0.0379344
-0.0466601
-0.0509305
-0.0504702
-0.0459691
-0.0389127
-0.0313309
-0.0253359
-0.0226298
-0.0239975
-0.0291010
-0.0365852
-0.0445781
-0.0512911
-0.0556193
-0.0574369
-0.0575745
-0.0573350
-0.0577972
-0.0591041
-0.0602448
-0.0594460
-0.0551259
-0.0468201
-0.0356730
-0.0241295
-0.0150786
-0.0108056
-0.0123070
-0.0190496
-0.0291978
-0.0400607
-0.0487346
-0.0527362
-0.0505976
-0.0422072
-0.0289135
-0.0132547
0.0016003
0.0126997
0.0181027
0.0173896
0.0116253
0.0029457
-0.0060913
-0.0130871
-0.0162813
-0.0148074
-0.0088173
0.0005944
0.0116034
0.0220897
0.0301150
0.0343225
0.0340232
0.0290755
0.0196751
0.0062960
-0.0102786
-0.0288686
-0.0479296
-0.0656589
-0.0801982
-0.0898434
-0.0934034
-0.0907043
-0.0832114
-0.0744136
-0.0696200
-0.0746864
-0.0935467
-0.1248831
-0.1592119
-0.1781694
-0.1577195
-0.0756113
0.0784941
0.2938650
0.5348911
0.7460728
0.8660886
0.8472395
0.6732158
0.3677375
-0.0103589
-0.3842618
-0.6819849
-0.8560385
-0.8933282
-0.8132499
-0.6567065
-0.4712830
-0.2979657
-0.1629470
-0.0756717
-0.0320008
-0.0201367
-0.0266488
-0.0406988
-0.0556628
-0.0685745
-0.0784761
-0.0849229
-0.0873282
-0.0851852
-0.0786479
-0.0689134
-0.0580222
-0.0481222
-0.0405424
-0.0352244
-0.0308451
-0.0256170
-0.0183304
-0.0091231
0.0004417
0.0080575
0.0118772
0.0116597
0.0092695
0.0081754
0.0121191
0.0235404
0.0424951
0.0665167
0.0914569
0.1129544
0.1279796
0.1358118
0.1380185
0.1374542
0.1368286
0.1376068
0.1397653
0.1423419
0.1442742
0.1449759
0.1444263
0.1428952
0.1406071
0.1376061
0.1338760
0.1295463
0.1249624
0.1205575
0.1166356
0.1132325
0.1101224
0.1069345
0.1032697
0.0987616
0.0930784
0.0859414
0.0772117
0.0670613
0.0561172
0.0454494
0.0363153
0.0297474
0.0261686
0.0252664
0.0261915
0.0279556
0.0297594
0.0311078
0.0317149
0.0313207
0.0295030
0.0256323
0.0190728
0.0096585
-0.0017897
-0.0132346
-0.0218177
-0.0248799
-0.0212611
-0.0121918
-0.0012393
0.0068405
0.0078776
-0.0000463
-0.0157699
-0.0353573
-0.0534342
-0.0650108
-0.0671522
-0.0598818
-0.0460700
-0.0303473
-0.0174896
-0.0108295
-0.0112928
-0.0173433
-0.0258486
-0.0334327
-0.0377457
-0.0380610
-0.0350944
-0.0302910
-0.0251293
-0.0207454
-0.0179480
-0.0173447
-0.0194065
-0.0243898
-0.0322758
-0.0427424
-0.0551816
-0.0686555
-0.0818620
-0.0931318
-0.1005836
-0.1024041
-0.0972875
-0.0849092
-0.0663309
-0.0440182
-0.0213509
-0.0016640
0.0127161
0.0210391
0.0239993
0.0231059
0.0198823
0.0153782
0.0101373
0.0046163
-0.0003217
-0.0031300
-0.0018249
0.0053194
0.0187978
0.0371001
0.0564796
0.0716188
0.0770565
0.0689771
0.0465690
0.0124459
-0.0280823
-0.0684253
-0.1022513
-0.1245686
-0.1323300
-0.1247357
-0.1036307
-0.0739292
-0.0437245
-0.0233229
-0.0228093
-0.0482595
-0.0977343
-0.1585998
-0.2078879
-0.2165814
-0.1577237
-0.0165848
0.2001290
0.4599595
0.7083662
0.8812581
0.9235066
0.8074737
0.5442538
0.1826115
-0.2047510
-0.5424326
-0.7731378
-0.8707798
-0.8426506
-0.7217132
-0.5533547
-0.3815730
-0.2387041
-0.1405878
-0.0872978
-0.0678949
-0.0670629
-0.0711699
-0.0720895
-0.0679647
-0.0614530
-0.0565938
-0.0559184
-0.0588908
-0.0622501
-0.0617203
-0.0541734
-0.0390762
-0.0187852
0.0023390
0.0194016
0.0285762
0.0282540
0.0195554
0.0060073
-0.0073695
-0.0154362
-0.0143651
-0.0028894
0.0171723
0.0413286
0.0638818
0.0798649
0.0868191
0.0855737
0.0798441
0.0747486
0.0749935
0.0832719
0.0994778
0.1207883
0.1426503
0.1602182
0.1698901
0.1703109
0.1626654
0.1501384
0.1369691
0.1273184
0.1243311
0.1293766
0.1417100
0.1585430
0.1757312
0.1888243
0.1943018
0.1904454
0.1776774
0.1581704
0.1350809
0.1115939
0.0902334
0.0724847
0.0588807
0.0492118
0.0427684
0.0383585
0.0343481
0.0287895
0.0199357
0.0068970
-0.0097350
-0.0278045
-0.0440538
-0.0551420
-0.0586998
-0.0541680
-0.0429786
-0.0281571
-0.0133547
-0.0018355
0.0043475
0.0046310
-0.0001284
-0.0081184
-0.0171678
-0.0254876
-0.0321388
-0.0371683
-0.0412347
-0.0451006
-0.0491176
-0.0530588
-0.0561492
-0.0573690
-0.0557617
-0.0508518
-0.0429492
-0.0334003
-0.0244539
-0.0187834
-0.0185666
-0.0246315
-0.0359475
-0.0499297
-0.0633188
-0.0734096
-0.0789092
-0.0801841
-0.0786470
-0.0757899
-0.0722391
-0.0674968
-0.0603557
-0.0499278
-0.0365677
-0.0223055
-0.0103195
-0.0037930
-0.0045209
-0.0121032
-0.0239593
-0.0363146
-0.0455168
-0.0492394
-0.0469441
-0.0397286
-0.0296197
-0.0188692
-0.0093492
-0.0023248
0.0016945
0.0029736
0.0026561
0.0026255
0.0051727
0.0122861
0.0249526
0.0425527
0.0627897
0.0820626
0.0963878
0.1023866
0.0982118
0.0839842
0.0618254
0.0352529
0.0082332
-0.0159882
-0.0355770
-0.0501084
-0.0596883
-0.0639720
-0.0617143
-0.0515948
-0.0338699
-0.0120845
0.0065482
0.0126607
-0.0016862
-0.0385214
-0.0900539
-0.1375120
-0.1540530
-0.1122744
0.0053898
0.1965014
0.4331673
0.6646561
0.8293077
0.8727878
0.7667623
0.5204118
0.1797627
-0.1856985
-0.5038306
-0.7202359
-0.8108717
-0.7838109
-0.6711924
-0.5159740
-0.3584648
-0.2269096
-0.1337849
-0.0776896
-0.0486432
-0.0343988
-0.0252648
-0.0164329
-0.0076007
-0.0010642
0.0006762
-0.0034699
-0.0125681
-0.0241583
-0.0351873
-0.0431247
-0.0466651
-0.0460460
-0.0426873
-0.0385021
-0.0349193
-0.0322421
-0.0294317
-0.0246603
-0.0161803
-0.0033080
0.0131565
0.0310308
0.0475161
0.0600795
0.0673357
0.0694083
0.0679084
0.0653551
0.0644935
0.0675334
0.0757458
0.0892241
0.1070294
0.1274256
0.1483712
0.1678791
0.1843491
0.1965705
0.2037523
0.2054743
0.2018679
0.1936843
0.1823543
0.1696920
0.1575469
0.1473041
0.1396454
0.1343744
0.1305773
0.1268599
0.1218852
0.1147973
0.1055593
0.0947662
0.0832371
0.0713954
0.0590414
0.0454378
0.0299016
0.0123541
-0.0062338
-0.0239904
-0.0386333
-0.0483611
-0.0525207
-0.0519546
-0.0485623
-0.0444860
-0.0411180
-0.0387420
-0.0367531
-0.0344675
-0.0317171
-0.0291060
-0.0276352
-0.0282527
-0.0313805
-0.0368560
-0.0439631
-0.0516777
-0.0587433
-0.0638681
-0.0658625
-0.0640498
-0.0585744
-0.0506577
-0.0423125
-0.0357822
-0.0326784
-0.0335068
-0.0375666
-0.0434527
-0.0495763
-0.0546929
-0.0580052
-0.0591563
-0.0579673
-0.0543950
-0.0485310
-0.0408759
-0.0324077
-0.0245812
-0.0189675
-0.0169504
-0.0193020
-0.0259847
-0.0359259
-0.0471266
-0.0568794
-0.0624124
-0.0615830
-0.0537235
-0.0400220
-0.0234171
-0.0076202
0.0041292
0.0102941
0.0114401
0.0099378
0.0088798
0.0109545
0.0174134
0.0277150
0.0396007
0.0498356
0.0551649
0.0535734
0.0451520
0.0324144
0.0194961
0.0107625
0.0091535
0.0152734
0.0272808
0.0417659
0.0548309
0.0631938
0.0647328
0.0587561
0.0457816
0.0272907
0.0052788
-0.0179641
-0.0400994
-0.0587420
-0.0716813
-0.0771136
-0.0741873
-0.0634420
-0.0473558
-0.0304868
-0.0191992
-0.0202943
-0.0387393
-0.0745071
-0.1198137
-0.1578972
-0.1651358
-0.1168894
0.0033792
0.1946286
0.4320123
0.6680363
0.8424747
0.8995152
0.8063617
0.5664278
0.2209899
-0.1617624
-0.5066131
-0.7522787
-0.8663685
-0.8498748
-0.7317371
-0.5566539
-0.3712932
-0.2128055
-0.1025123
-0.0449529
-0.0315118
-0.0462541
-0.0721252
-0.0954601
-0.1083065
-0.1083089
-0.0972729
-0.0790708
-0.0580644
-0.0380778
-0.0221515
-0.0123296
-0.0095115
-0.0130438
-0.0207136
-0.0290946
-0.0346470
-0.0349077
-0.0295744
-0.0206080
-0.0115216
-0.0057847
-0.0053343
-0.0095372
-0.0154029
-0.0186519
-0.0154931
-0.0040126
0.0150541
0.0387129
0.0626916
0.0829398
0.0968084
0.1038591
0.1057074
0.1053118
0.1056921
0.1089356
0.1154999
0.1242952
0.1330838
0.1393856
0.1412839
0.1382086
0.1310714
0.1220356
0.1136678
0.1081155
0.1062662
0.1075403
0.1100649
0.1114754
0.1096479
0.1033969
0.0925746
0.0779670
0.0607678
0.0422266
0.0233083
0.0048629
-0.0121851
-0.0265681
-0.0369828
-0.0425443
-0.0434159
-0.0408584
-0.0369629
-0.0338495
-0.0330490
-0.0350021
-0.0392416
-0.0448047
-0.0509570
-0.0574460
-0.0644584
-0.0719879
-0.0793706
-0.0850104
-0.0869063
-0.0834547
-0.0744774
-0.0615688
-0.0478591
-0.0368622
-0.0312172
-0.0315350
-0.0362578
-0.0422343
-0.0460639
-0.0452698
-0.0392454
-0.0293315
-0.0184174
-0.0098495
-0.0063694
-0.0090485
-0.0169602
-0.0273747
-0.0368206
-0.0422675
-0.0423237
-0.0375823
-0.0303676
-0.0236723
-0.0201170
-0.0209545
-0.0258359
-0.0330137
-0.0402234
-0.0454584
-0.0476701
-0.0467955
-0.0436121
-0.0392280
-0.0348208
-0.0312632
-0.0290158
-0.0278572
-0.0269700
-0.0250833
-0.0210852
-0.0144666
-0.0057175
0.0039319
0.0129189
0.0200425
0.0247269
0.0271911
0.0282169
0.0290674
0.0311329
0.0356930
0.0434020
0.0540771
0.0665252
0.0788915
0.0889907
0.0948697
0.0950501
0.0888674
0.0764942
0.0590418
0.0382319
0.0160995
-0.0055421
-0.0252097
-0.0417538
-0.0539184
-0.0602100
-0.0590145
-0.0496082
-0.0334084
-0.0151979
-0.0029303
-0.0058794
-0.0307551
-0.0772589
-0.1344376
-0.1803127
-0.1857635
-0.1230909
0.0231219
0.2460107
0.5119809
0.7646168
0.9379781
0.9757486
0.8503861
0.5744510
0.1993761
-0.1990121
-0.5425399
-0.7724495
-0.8629317
-0.8233223
-0.6896396
-0.5104006
-0.3317484
-0.1868033
-0.0909729
-0.0434323
-0.0323086
-0.0414365
-0.0560138
-0.0663125
-0.0686139
-0.0642330
-0.0570561
-0.0511352
-0.0487826
-0.0500789
-0.0532003
-0.0555330
-0.0545898
-0.0489082
-0.0383707
-0.0243923
-0.0094685
0.0033957
0.0116983
0.0141610
0.0113409
0.0054410
-0.0001956
-0.0021647
0.0021316
0.0136218
0.0313989
0.0528708
0.0746385
0.0933840
0.1069363
0.1147419
0.1180311
0.1191594
0.1207857
0.1247404
0.1314512
0.1396826
0.1471178
0.1511367
0.1499681
0.1433311
0.1327398
0.1208880
0.1107974
0.1046123
0.1029690
0.1047491
0.1077717
0.1096897
0.1091437
0.1061885
0.1022010
0.0988727
0.0972720
0.0970451
0.0965952
0.0936673
0.0864630
0.0743006
0.0579831
0.0393183
0.0205584
0.0036113
-0.0102350
-0.0205574
-0.0275894
-0.0321584
-0.0352837
-0.0379547
-0.0406460
-0.0432519
-0.0450822
-0.0454217
-0.0439253
-0.0410998
-0.0381706
-0.0368265
-0.0384908
-0.0439164
-0.0527907
-0.0638842
-0.0751306
-0.0841212
-0.0885170
-0.0868650
-0.0790718
-0.0667313
-0.0525812
-0.0397588
-0.0307321
-0.0268328
-0.0280184
-0.0332920
-0.0410178
-0.0494720
-0.0570169
-0.0624617
-0.0651233
-0.0651077
-0.0631808
-0.0606933
-0.0590507
-0.0594007
-0.0621368
-0.0668595
-0.0722812
-0.0766023
-0.0777967
-0.0743189
-0.0655672
-0.0524178
-0.0370604
-0.0226054
-0.0120360
-0.0073363
-0.0086186
-0.0141437
-0.0207946
-0.0253337
-0.0254250
-0.0204989
-0.0116401
-0.0011085
0.0087305
0.0160499
0.0200169
0.0204952
0.0178288
0.0124864
0.0052959
-0.0024170
-0.0085338
-0.0105341
-0.0060829
0.0058309
0.0242165
0.0457686
0.0656918
0.0788638
0.0813939
0.0715088
0.0500799
0.0202217
-0.0132933
-0.0451355
-0.0702257
-0.0846560
-0.0860827
-0.0742474
-0.0511846
-0.0216919
0.0068133
0.0249966
0.0239003
-0.0017669
-0.0495266
-0.1063590
-0.1486188
-0.1466975
-0.0738657
0.0821924
0.3097408
0.5693665
0.8003100
0.9360831
0.9255962
0.7516321
0.4395008
0.0510544
-0.3335895
-0.6400619
-0.8198411
-0.8603290
-0.7824626
-0.6292975
-0.4503826
-0.2880210
-0.1685462
-0.1004107
-0.0773561
-0.0847574
-0.1058638
-0.1266951
-0.1383076
-0.1372847
-0.1245498
-0.1038854
-0.0801415
-0.0580549
-0.0411202
-0.0311182
-0.0277688
-0.0292119
-0.0326232
-0.0353025
-0.0352715
-0.0317565
-0.0249128
-0.0155646
-0.0045401
0.0076098
0.0209568
0.0358333
0.0524221
0.0699860
0.0868105
0.1004823
0.1089887
0.1115333
0.1091927
0.1045266
0.1008840
0.1011424
0.1069389
0.1180436
0.1326131
0.1476528
0.1601651
0.1680288
0.1708525
0.1698589
0.1674179
0.1658892
0.1668891
0.1706913
0.1764639
0.1825155
0.1870123
0.1884054
0.1860828
0.1803970
0.1726134
0.1642247
0.1565229
0.1500005
0.1443803
0.1386498
0.1316578
0.1224466
0.1108081
0.0972631
0.0830306
0.0693532
0.0570440
0.0458864
0.0348089
0.0222669
0.0073293
-0.0096599
-0.0267153
-0.0410412
-0.0500688
-0.0527078
-0.0496084
-0.0430006
-0.0356743
-0.0301645
-0.0278378
-0.0288015
-0.0319882
-0.0359099
-0.0391112
-0.0407760
-0.0407351
-0.0395967
-0.0383655
-0.0382776
-0.0402370
-0.0446841
-0.0513547
-0.0596524
-0.0687916
-0.0781645
-0.0870920
-0.0947233
-0.0996587
-0.1003008
-0.0952882
-0.0844071
-0.0688314
-0.0511439
-0.0345175
-0.0220544
-0.0158722
-0.0168129
-0.0241317
-0.0358903
-0.0493287
-0.0618001
-0.0713165
-0.0771465
-0.0795967
-0.0797384
-0.0785939
-0.0768016
-0.0742636
-0.0705328
-0.0650652
-0.0578167
-0.0492572
-0.0404651
-0.0326835
-0.0272281
-0.0251045
-0.0270068
-0.0328830
-0.0418540
-0.0519508
-0.0605751
-0.0649568
-0.0631528
-0.0545053
-0.0399720
-0.0215364
-0.0017333
0.0170632
0.0326927
0.0434634
0.0480415
0.0457777
0.0366598
0.0215556
0.0019711
-0.0199197
-0.0417180
-0.0609397
-0.0755365
-0.0839630
-0.0855105
-0.0802337
-0.0694083
-0.0558423
-0.0444888
-0.0418766
-0.0544310
-0.0849159
-0.1288316
-0.1719171
-0.1914912
-0.1618262
-0.0634985
0.1067851
0.3290469
0.5601342
0.7421874
0.8188980
0.7538905
0.5450263
0.2276993
-0.1342892
-0.4678264
-0.7114850
-0.8314081
-0.8265379
-0.7237877
-0.5658345
-0.3972853
-0.2528801
-0.1512955
-0.0944681
-0.0721170
-0.0683536
-0.0685164
-0.0633561
-0.0504972
-0.0327819
-0.0155684
-0.0036455
0.0003843
-0.0032689
-0.0124340
-0.0238585
-0.0343491
-0.0411143
-0.0422371
-0.0367277
-0.0250646
-0.0091748
0.0076928
0.0221132
0.0315048
0.0353186
0.0351427
0.0343935
0.0369192
0.0457468
0.0616710
0.0829961
0.1058342
0.1256581
0.1387920
0.1440057
0.1427844
0.1388856
0.1366206
0.1393642
0.1481782
0.1618368
0.1773655
0.1914946
0.2015917
0.2064857
0.2062148
0.2017505
0.1942221
0.1848390
0.1747624
0.1655845
0.1591836
0.1575368
0.1616820
0.1710947
0.1831215
0.1936617
0.1981524
0.1932521
0.1777367
0.1530529
0.1226171
0.0910094
0.0625597
0.0405215
0.0261883
0.0190029
0.0168280
0.0170932
0.0175458
0.0170887
0.0156119
0.0137839
0.0121928
0.0110727
0.0099608
0.0081964
0.0051600
0.0008725
-0.0041391
-0.0088250
-0.0122229
-0.0136041
-0.0128886
-0.0103484
-0.0065810
-0.0020141
0.0029753
0.0081624
0.0129655
0.0164904
0.0174499
0.0148695
0.0083961
-0.0011545
-0.0121066
-0.0221881
-0.0295570
-0.0333435
-0.0342335
-0.0339205
-0.0344945
-0.0372576
-0.0423539
-0.0484985
-0.0537287
-0.0560038
-0.0542622
-0.0486555
-0.0407372
-0.0327017
-0.0268559
-0.0246575
-0.0265186
-0.0315461
-0.0381682
-0.0445140
-0.0492324
-0.0515437
-0.0514353
-0.0491861
-0.0453853
-0.0405426
-0.0352269
-0.0297215
-0.0242114
-0.0185957
-0.0129517
-0.0075995
-0.0035399
-0.0020470
-0.0043538
-0.0106701
-0.0199443
-0.0297371
-0.0372341
-0.0400409
-0.0372635
-0.0295445
-0.0190073
-0.0082601
0.0002458
0.0051610
0.0061830
0.0039503
-0.0009082
-0.0081475
-0.0183611
-0.0323383
-0.0504834
-0.0716551
-0.0929556
-0.1098307
-0.1175784
-0.1128994
-0.0959185
-0.0709786
-0.0466883
-0.0338297
-0.0421919
-0.0759009
-0.1296002
-0.1862163
-0.2190592
-0.1980319
-0.1001820
0.0793273
0.3191390
0.5718784
0.7736408
0.8622011
0.7972921
0.5762854
0.2375890
-0.1493649
-0.5050298
-0.7626253
-0.8856568
-0.8736721
-0.7568946
-0.5824228
-0.3988561
-0.2434848
-0.1361459
-0.0789960
-0.0616073
-0.0675796
-0.0811516
-0.0909897
-0.0918079
-0.0833064
-0.0686001
-0.0519478
-0.0374619
-0.0278871
-0.0245313
-0.0270286
-0.0338464
-0.0423155
-0.0493829
-0.0520393
-0.0484763
-0.0385229
-0.0241464
-0.0086745
0.0040116
0.0110754
0.0114566
0.0065154
-0.0006655
-0.0059779
-0.0057851
0.0023192
0.0185880
0.0413484
0.0672187
0.0923524
0.1132386
0.1278557
0.1357024
0.1378710
0.1362012
0.1329941
0.1302492
0.1296278
0.1318969
0.1370826
0.1441986
0.1517720
0.1578968
0.1609733
0.1598677
0.1546012
0.1461712
0.1365889
0.1279355
0.1218769
0.1187034
0.1173888
0.1155607
0.1105743
0.1002043
0.0838425
0.0626166
0.0395124
0.0183061
0.0028038
-0.0045895
-0.0034381
0.0040519
0.0138109
0.0208805
0.0214494
0.0139676
-0.0000037
-0.0167188
-0.0314021
-0.0403053
-0.0416727
-0.0364598
-0.0274739
-0.0185810
-0.0131477
-0.0134337
-0.0198284
-0.0312526
-0.0452815
-0.0591414
-0.0700774
-0.0762782
-0.0769176
-0.0725824
-0.0647403
-0.0556526
-0.0474757
-0.0420009
-0.0398142
-0.0404124
-0.0420468
-0.0426580
-0.0403590
-0.0345402
-0.0259048
-0.0166219
-0.0092554
-0.0061418
-0.0082397
-0.0151788
-0.0251792
-0.0360565
-0.0456050
-0.0525172
-0.0562686
-0.0573346
-0.0563949
-0.0541723
-0.0507450
-0.0459190
-0.0392132
-0.0307471
-0.0213432
-0.0129677
-0.0078373
-0.0077805
-0.0128973
-0.0215381
-0.0303607
-0.0357385
-0.0346156
-0.0258658
-0.0103527
0.0089669
0.0282950
0.0437874
0.0530064
0.0552255
0.0519520
0.0461549
0.0418149
0.0424364
0.0502885
0.0651648
0.0845420
0.1037742
0.1177480
0.1220423
0.1145976
0.0958699
0.0688777
0.0378120
0.0072580
-0.0191066
-0.0385408
-0.0496466
-0.0517960
-0.0454621
-0.0320709
-0.0149647
0.0005307
0.0070180
-0.0028300
-0.0334566
-0.0821107
-0.1363085
-0.1733982
-0.1653417
-0.0870656
0.0720388
0.2991131
0.5542858
0.7774741
0.9036386
0.8837136
0.7020637
0.3847791
-0.0066841
-0.3929451
-0.7001493
-0.8792516
-0.9165489
-0.8318004
-0.6679914
-0.4758334
-0.2999522
-0.1688904
-0.0923956
-0.0637455
-0.0667787
-0.0830252
-0.0981626
-0.1045393
-0.1014473
-0.0922996
-0.0819664
-0.0737734
-0.0687583
-0.0654409
-0.0614872
-0.0547269
-0.0447346
-0.0327127
-0.0214500
-0.0137216
-0.0114677
-0.0143841
-0.0201979
-0.0248588
-0.0243778
-0.0159245
0.0005497
0.0226084
0.0457103
0.0652388
0.0776051
0.0817943
0.0790771
0.0728805
0.0671473
0.0656122
0.0703853
0.0820270
0.0990836
0.1190296
0.1385418
0.1550082
0.1668982
0.1746006
0.1794340
0.1831280
0.1863105
0.1886454
0.1886847
0.1852377
0.1776468
0.1666642
0.1536764
0.1406357
0.1289459
0.1197180
0.1132186
0.1094873
0.1077728
0.1069894
0.1051804
0.1003923
0.0907422
0.0756972
0.0559962
0.0341782
0.0133685
-0.0031916
-0.0137413
-0.0180261
-0.0178508
-0.0158892
-0.0153200
-0.0182462
-0.0255124
-0.0357774
-0.0463997
-0.0537856
-0.0553404
-0.0501010
-0.0399143
-0.0284458
-0.0205730
-0.0201405
-0.0290645
-0.0457925
-0.0660171
-0.0833416
-0.0921650
-0.0894225
-0.0766001
-0.0586660
-0.0425580
-0.0336387
-0.0341231
-0.0418898
-0.0524263
-0.0605089
-0.0630965
-0.0597755
-0.0530982
-0.0465086
-0.0433426
-0.0448721
-0.0505317
-0.0576397
-0.0631874
-0.0644663
-0.0608057
-0.0531812
-0.0444574
-0.0376537
-0.0355128
-0.0388714
-0.0470255
-0.0572821
-0.0665790
-0.0719451
-0.0723095
-0.0681335
-0.0616424
-0.0548856
-0.0493397
-0.0446034
-0.0395069
-0.0322241
-0.0219646
-0.0086724
0.0061260
0.0203438
0.0309185
0.0352803
0.0314915
0.0201041
0.0039406
-0.0114039
-0.0198053
-0.0159932
0.0013733
0.0304073
0.0648225
0.0968790
0.1189704
0.1264417
0.1176088
0.0944568
0.0608120
0.0221567
-0.0162088
-0.0488554
-0.0716184
-0.0810882
-0.0760875
-0.0572245
-0.0282321
0.0049666
0.0336915
0.0486936
0.0413966
0.0082329
-0.0467156
-0.1081717
-0.1512868
-0.1456504
-0.0657583
0.0987016
0.3326270
0.5942341
0.8211905
0.9480129
0.9256519
0.7403702
0.4199760
0.0282461
-0.3550997
-0.6569078
-0.8313124
-0.8673281
-0.7867893
-0.6311347
-0.4477760
-0.2762827
-0.1425133
-0.0559895
-0.0142533
-0.0066035
-0.0203904
-0.0431349
-0.0656605
-0.0811882
-0.0866951
-0.0812483
-0.0670807
-0.0474464
-0.0271466
-0.0098982
0.0010869
0.0051771
0.0026666
-0.0041620
-0.0133846
-0.0223439
-0.0295911
-0.0332180
-0.0325975
-0.0267173
-0.0161477
-0.0013720
0.0153406
0.0320364
0.0456472
0.0546561
0.0578499
0.0568139
0.0537376
0.0526824
0.0561095
0.0658073
0.0800550
0.0963363
0.1102682
0.1194670
0.1220892
0.1194660
0.1129169
0.1054275
0.0981470
0.0927580
0.0886759
0.0862957
0.0844051
0.0835957
0.0832223
0.0846212
0.0874238
0.0925538
0.0980745
0.1027298
0.1024414
0.0953454
0.0788010
0.0546854
0.0249689
-0.0042092
-0.0289717
-0.0440581
-0.0497344
-0.0464168
-0.0403637
-0.0354791
-0.0384511
-0.0494018
-0.0694845
-0.0923862
-0.1156313
-0.1311451
-0.1387402
-0.1325444
-0.1174453
-0.0891422
-0.0585882
-0.0176535
