0.3297743
0.2472281
0.1447596
0.0580453
-0.0178107
-0.0710669
-0.1033141
-0.1115908
-0.1032746
-0.0832072
-0.0615915
-0.0433194
-0.0338696
-0.0322380
-0.0375075
-0.0447573
-0.0514720
-0.0542149
-0.0535059
-0.0498641
-0.0467194
-0.0458210
-0.0493799
-0.0564692
-0.0660512
-0.0749220
-0.0811737
-0.0824617
-0.0788149
-0.0704815
-0.0598732
-0.0490223
-0.0409612
-0.0372133
-0.0392030
-0.0463187
-0.0577264
-0.0710252
-0.0842555
-0.0948251
-0.1014538
-0.1030943
-0.1004891
-0.0946625
-0.0877164
-0.0807620
-0.0743774
-0.0670490
-0.0567050
-0.0405910
-0.0175814
0.0121031
0.0458481
0.0804345
0.1121688
0.1388313
0.1592174
0.1740355
0.1846376
0.1934045
0.2023755
0.2136100
0.2279615
0.2456302
0.2653453
0.2853128
0.3027685
0.3150436
0.3191693
0.3129573
0.2948111
0.2649760
0.2252790
0.1796648
0.1327896
0.0894473
0.0528555
0.0246775
0.0044878
-0.0091887
-0.0188425
-0.0268511
-0.0354953
-0.0459822
-0.0586923
-0.0726719
-0.0864466
-0.0980752
-0.1062525
-0.1103364
-0.1110287
-0.1097565
-0.1085911
-0.1090617
-0.1119181
-0.1164353
-0.1211193
-0.1239919
-0.1237281
-0.1196827
-0.1122603
-0.1022024
-0.0905787
-0.0781776
-0.0658121
-0.0539935
-0.0433023
-0.0340327
-0.0265538
-0.0210699
-0.0180484
-0.0178667
-0.0209015
-0.0268719
-0.0348887
-0.0431538
-0.0496081
-0.0522626
-0.0502098
-0.0438525
-0.0352452
-0.0272798
-0.0229927
-0.0241964
-0.0310341
-0.0415363
-0.0526475
-0.0610593
-0.0644362
-0.0620779
-0.0552251
-0.0463446
-0.0383686
-0.0335276
-0.0329119
-0.0361799
-0.0420843
-0.0488076
-0.0545925
-0.0578476
-0.0575327
-0.0532310
-0.0455862
-0.0362333
-0.0276822
-0.0224304
-0.0221648
-0.0268281
-0.0345829
-0.0421865
-0.0461641
-0.0437374
-0.0336661
-0.0162091
0.0071487
0.0344438
0.0635462
0.0923605
0.1184560
0.1389128
0.1502223
0.1489552
0.1326738
0.1012284
0.0574811
0.0074611
-0.0407259
-0.0787148
-0.1004044
-0.1040583
-0.0936243
-0.0783035
-0.0704787
-0.0817324
-0.1180060
-0.1749518
-0.2357575
-0.2728985
-0.2549534
-0.1571707
0.0270220
0.2785015
0.5529273
0.7911223
0.9365022
0.9535367
0.8395498
0.6251918
0.3634404
0.1123008
-0.0820920
-0.1961331
-0.2310553
-0.2075705
-0.1560468
-0.1057277
-0.0764901
-0.0750497
-0.0961741
-0.1273957
-0.1550328
-0.1690780
-0.1657725
-0.1475475
-0.1211566
-0.0948704
-0.0757961
-0.0679002
-0.0712698
-0.0825977
-0.0967031
-0.1083988
-0.1141246
-0.1127668
-0.1056008
-0.0954897
-0.0858065
-0.0794121
-0.0780006
-0.0818292
-0.0898025
-0.0997644
-0.1089691
-0.1146890
-0.1149256
-0.1090435
-0.0980920
-0.0845898
-0.0717143
-0.0621064
-0.0567318
-0.0543331
-0.0517811
-0.0452730
-0.0318530
-0.0106018
0.0170735
0.0481178
0.0791520
0.1077366
0.1330716
0.1558854
0.1777841
0.2003570
0.2244236
0.2495294
0.2738922
0.2947799
0.3093774
0.3158131
0.3140287
0.3059278
0.2947060
0.2834668
0.2738587
0.2653070
0.2553730
0.2409625
0.2198906
0.1919256
0.1590102
0.1245222
0.0921117
0.0645037
0.0428832
0.0268836
0.0152089
0.0063564
-0.0007404
-0.0065299
-0.0109339
-0.0137632
-0.0150652
-0.0154313
-0.0159837
-0.0182332
-0.0236190
-0.0330018
-0.0460399
-0.0609106
-0.0744233
-0.0828661
-0.0831843
-0.0742792
-0.0576731
-0.0374094
-0.0188911
-0.0072341
-0.0055153
-0.0138411
-0.0293839
-0.0475928
-0.0638215
-0.0749303
-0.0799832
-0.0800953
-0.0774087
-0.0740157
-0.0710593
-0.0685489
-0.0655610
-0.0609079
-0.0537459
-0.0442099
-0.0335885
-0.0242056
-0.0187079
-0.0192453
-0.0265493
-0.0395703
-0.0555764
-0.0710123
-0.0825086
-0.0879414
-0.0868635
-0.0805216
-0.0712551
-0.0618649
-0.0548491
-0.0519880
-0.0539855
-0.0604941
-0.0701305
-0.0807935
-0.0899090
-0.0949662
-0.0939825
-0.0861804
-0.0723218
-0.0548121
-0.0370316
-0.0223379
-0.0127420
-0.0081926
-0.0065251
-0.0044641
0.0011725
0.0122910
0.0291387
0.0503556
0.0736479
0.0963996
0.1163540
0.1317599
0.1413335
0.1437781
0.1375706
0.1209215
0.0924988
0.0523980
0.0033480
-0.0489150
-0.0962420
-0.1301760
-0.1446409
-0.1386857
-0.1177997
-0.0934385
-0.0800359
-0.0903052
-0.1294914
-0.1908137
-0.2537669
-0.2874194
-0.2586181
-0.1438696
0.0593167
0.3259887
0.6065439
0.8390009
0.9676461
0.9607542
0.8207322
0.5823159
0.3004842
0.0330313
-0.1750487
-0.3009527
-0.3451623
-0.3261195
-0.2710938
-0.2070832
-0.1538694
-0.1210615
-0.1086347
-0.1103301
-0.1177179
-0.1238315
-0.1249451
-0.1208860
-0.1138786
-0.1071295
-0.1032513
-0.1034437
-0.1071484
-0.1126807
-0.1180475
-0.1220106
-0.1244573
-0.1264085
-0.1292532
-0.1340594
-0.1408036
-0.1482892
-0.1542965
-0.1564057
-0.1527378
-0.1428409
-0.1278840
-0.1105187
-0.0939328
-0.0809660
-0.0731880
-0.0707370
-0.0723173
-0.0757009
-0.0780632
-0.0766871
-0.0694538
-0.0555357
-0.0355366
-0.0115009
0.0137458
0.0372212
0.0567232
0.0713022
0.0816800
0.0899999
0.0994977
0.1135730
0.1349260
0.1644206
0.2006086
0.2396749
0.2764663
0.3057733
0.3239363
0.3296589
0.3242675
0.3108174
0.2929338
0.2733125
0.2530023
0.2311951
0.2060886
0.1758934
0.1400919
0.0998988
0.0582655
0.0189026
-0.0147020
-0.0403838
-0.0575827
-0.0673434
-0.0716029
-0.0726422
-0.0723490
-0.0720482
-0.0723013
-0.0732187
-0.0745787
-0.0762513
-0.0781705
-0.0803976
-0.0827336
-0.0846976
-0.0854345
-0.0842047
-0.0806688
-0.0753325
-0.0693349
-0.0641886
-0.0610072
-0.0601515
-0.0609561
-0.0622521
-0.0628386
-0.0621629
-0.0603109
-0.0579636
-0.0559228
-0.0550615
-0.0560704
-0.0594982
-0.0653342
-0.0728644
-0.0803850
-0.0856342
-0.0863104
-0.0810983
-0.0701724
-0.0555115
-0.0402881
-0.0281620
-0.0221219
-0.0238180
-0.0329263
-0.0473298
-0.0634714
-0.0774146
-0.0856981
-0.0863780
-0.0793966
-0.0668544
-0.0524598
-0.0408052
-0.0359168
-0.0400977
-0.0528901
-0.0712283
-0.0901569
-0.1044781
-0.1101400
-0.1055504
-0.0917809
-0.0722236
-0.0511986
-0.0326502
-0.0187903
-0.0097799
-0.0038760
0.0014766
0.0087347
0.0193081
0.0335233
0.0507604
0.0701804
0.0910242
0.1129387
0.1355502
0.1580845
0.1786169
0.1940113
0.2001120
0.1929203
0.1698092
0.1310406
0.0803631
0.0249691
-0.0260634
-0.0639110
-0.0828374
-0.0821885
-0.0674890
-0.0494266
-0.0413405
-0.0548444
-0.0951474
-0.1567127
-0.2216659
-0.2617841
-0.2454879
-0.1481889
0.0362730
0.2883653
0.5633510
0.8018767
0.9472647
0.9637949
0.8478934
0.6284266
0.3559474
0.0866507
-0.1331962
-0.2768039
-0.3394979
-0.3347816
-0.2870250
-0.2228039
-0.1640338
-0.1237259
-0.1055032
-0.1054305
-0.1155731
-0.1272346
-0.1337400
-0.1316525
-0.1211772
-0.1052167
-0.0881761
-0.0742505
-0.0664502
-0.0659206
-0.0722760
-0.0839329
-0.0989163
-0.1151926
-0.1311875
-0.1457107
-0.1580831
-0.1677795
-0.1744271
-0.1774827
-0.1764264
-0.1707544
-0.1605109
-0.1464631
-0.1304694
-0.1150932
-0.1031768
-0.0967448
-0.0962922
-0.1000563
-0.1043449
-0.1042575
-0.0953919
-0.0753148
-0.0449560
-0.0085803
0.0271664
0.0556592
0.0725515
0.0775692
0.0742821
0.0686714
0.0665758
0.0719301
0.0857871
0.1070262
0.1334842
0.1634656
0.1960679
0.2308302
0.2663399
0.2994662
0.3252314
0.3383084
0.3348153
0.3142014
0.2795503
0.2367980
0.1925163
0.1519911
0.1177259
0.0896099
0.0657354
0.0439816
0.0228602
0.0020715
-0.0179258
-0.0361919
-0.0519213
-0.0644560
-0.0735188
-0.0789781
-0.0810482
-0.0801348
-0.0770636
-0.0728163
-0.0685532
-0.0651485
-0.0631167
-0.0622398
-0.0618500
-0.0610282
-0.0593985
-0.0573789
-0.0563762
-0.0580034
-0.0633537
-0.0719858
-0.0819183
-0.0900125
-0.0933417
-0.0902408
-0.0813420
-0.0694157
-0.0587283
-0.0533268
-0.0556253
-0.0651566
-0.0788106
-0.0917869
-0.0996350
-0.0997978
-0.0927609
-0.0816152
-0.0709929
-0.0651031
-0.0664044
-0.0746548
-0.0873814
-0.1007401
-0.1111253
-0.1161667
-0.1155631
-0.1107716
-0.1044930
-0.0994392
-0.0976344
-0.0997429
-0.1053308
-0.1130447
-0.1212825
-0.1283565
-0.1329991
-0.1344375
-0.1328569
-0.1292700
-0.1254727
-0.1232197
-0.1236504
-0.1264407
-0.1298184
-0.1307463
-0.1260767
-0.1135573
-0.0930681
-0.0667555
-0.0386754
-0.0132579
0.0060431
0.0181368
0.0243956
0.0282086
0.0334054
0.0429089
0.0572818
0.0744116
0.0896637
0.0972949
0.0919539
0.0706126
0.0335014
-0.0154889
-0.0698415
-0.1217172
-0.1639243
-0.1913096
-0.2022125
-0.1989443
-0.1878530
-0.1776784
-0.1768083
-0.1889674
-0.2095036
-0.2233308
-0.2071807
-0.1359788
0.0069830
0.2202227
0.4782445
0.7344275
0.9325583
1.0243814
0.9855534
0.8241027
0.5772088
0.2989028
0.0433469
-0.1491432
-0.2600005
-0.2923570
-0.2655877
-0.2065502
-0.1413780
-0.0891150
-0.0591186
-0.0513054
-0.0592199
-0.0736897
-0.0866072
-0.0930196
-0.0920429
-0.0858767
-0.0783367
-0.0727574
-0.0708901
-0.0723854
-0.0757409
-0.0793222
-0.0826092
-0.0862033
-0.0913824
-0.0987547
-0.1076408
-0.1158404
-0.1206832
-0.1199718
-0.1130846
-0.1009473
-0.0857577
-0.0698918
-0.0553327
-0.0430483
-0.0332697
-0.0256050
-0.0196396
-0.0149404
-0.0113064
-0.0084172
-0.0058876
-0.0029368
0.0013379
0.0079741
0.0176298
0.0305829
0.0464502
0.0645386
0.0838645
0.1036610
0.1233766
0.1430041
0.1628082
0.1833985
0.2052977
0.2289474
0.2542520
0.2806194
0.3066918
0.3307479
0.3508118
0.3652434
0.3727652
0.3727835
0.3650968
0.3499456
0.3275551
0.2981962
0.2619987
0.2195044
0.1719251
0.1217210
0.0722816
0.0275455
-0.0091506
-0.0357031
-0.0519364
-0.0592815
-0.0604276
-0.0582695
-0.0553591
-0.0531395
-0.0519881
-0.0511765
-0.0496266
-0.0463703
-0.0413591
-0.0354264
-0.0302241
-0.0273479
-0.0278893
-0.0317858
-0.0380667
-0.0450401
-0.0511467
-0.0552588
-0.0571386
-0.0570957
-0.0558987
-0.0541702
-0.0523346
-0.0502795
-0.0477067
-0.0441866
-0.0397071
-0.0345993
-0.0296639
-0.0255775
-0.0226821
-0.0204720
-0.0179532
-0.0140025
-0.0084567
-0.0025285
0.0010040
-0.0010331
-0.0109319
-0.0284858
-0.0507203
-0.0723906
-0.0879491
-0.0933059
-0.0874755
-0.0726134
-0.0533576
-0.0349705
-0.0218845
-0.0162613
-0.0178143
-0.0239738
-0.0311778
-0.0360015
-0.0366100
-0.0331167
-0.0275576
-0.0226750
-0.0209179
-0.0232259
-0.0289195
-0.0358403
-0.0414781
-0.0436960
-0.0415844
-0.0352951
-0.0258827
-0.0144232
-0.0016391
0.0126773
0.0293360
0.0495095
0.0738118
0.1019073
0.1319096
0.1606621
0.1839595
0.1975521
0.1977571
0.1824460
0.1513797
0.1068559
0.0536162
-0.0012836
-0.0498599
-0.0848577
-0.1022268
-0.1027358
-0.0929170
-0.0837839
-0.0880895
-0.1155230
-0.1678806
-0.2349471
-0.2940179
-0.3136000
-0.2624335
-0.1209908
0.1074859
0.3921884
0.6787972
0.9035485
1.0122255
0.9778845
0.8092961
0.5476609
0.2524719
-0.0166157
-0.2160520
-0.3269239
-0.3551965
-0.3243572
-0.2650774
-0.2048586
-0.1615693
-0.1411438
-0.1399476
-0.1490914
-0.1595070
-0.1650855
-0.1641142
-0.1582570
-0.1509096
-0.1449581
-0.1417303
-0.1405187
-0.1395228
-0.1367172
-0.1310430
-0.1225815
-0.1126862
-0.1032960
-0.0966659
-0.0946733
-0.0986987
-0.1090475
-0.1249306
-0.1441473
-0.1635994
-0.1796758
-0.1893654
-0.1908295
-0.1841110
-0.1707938
-0.1536354
-0.1354135
-0.1183225
-0.1032362
-0.0899925
-0.0776414
-0.0653668
-0.0527190
-0.0399134
-0.0272099
-0.0145994
-0.0011354
0.0147939
0.0351467
0.0610727
0.0923778
0.1270565
0.1620511
0.1940081
0.2205668
0.2407391
0.2551935
0.2655338
0.2738110
0.2814891
0.2890426
0.2953656
0.2981883
0.2945600
0.2821999
0.2602703
0.2301057
0.1946415
0.1576706
0.1223503
0.0905041
0.0620938
0.0359547
0.0105433
-0.0147573
-0.0392697
-0.0608580
-0.0769219
-0.0852244
-0.0851610
-0.0781016
-0.0675728
-0.0581987
-0.0545957
-0.0596260
-0.0735782
-0.0937275
-0.1154372
-0.1334800
-0.1439889
-0.1453821
-0.1388676
-0.1274545
-0.1148386
-0.1037452
-0.0953157
-0.0887806
-0.0823421
-0.0739229
-0.0624030
-0.0479594
-0.0323144
-0.0178962
-0.0071959
-0.0016733
-0.0015693
-0.0057571
-0.0125695
-0.0202712
-0.0278417
-0.0348271
-0.0413303
-0.0473431
-0.0527093
-0.0568441
-0.0592333
-0.0595352
-0.0580819
-0.0555709
-0.0529813
-0.0508991
-0.0495617
-0.0487118
-0.0481794
-0.0479023
-0.0482281
-0.0494456
-0.0517054
-0.0544784
-0.0567738
-0.0571882
-0.0547297
-0.0491085
-0.0412618
-0.0329648
-0.0265972
-0.0241549
-0.0267352
-0.0337015
-0.0427938
-0.0502697
-0.0520617
-0.0446845
-0.0265940
0.0013766
0.0356839
0.0709673
0.1010718
0.1209966
0.1282056
0.1236836
0.1112261
0.0960731
0.0824831
0.0722165
0.0636535
0.0528965
0.0355161
0.0091755
-0.0249463
-0.0616977
-0.0937547
-0.1141943
-0.1199178
-0.1136075
-0.1040951
-0.1034688
-0.1223376
-0.1636864
-0.2186654
-0.2656119
-0.2748159
-0.2176677
-0.0787385
0.1345970
0.3886987
0.6303486
0.8015973
0.8586791
0.7865781
0.6041880
0.3571673
0.1027697
-0.1079976
-0.2434539
-0.2968796
-0.2833709
-0.2314397
-0.1719791
-0.1291286
-0.1144159
-0.1262653
-0.1533063
-0.1806882
-0.1958282
-0.1925838
-0.1719447
-0.1406907
-0.1080309
-0.0825085
-0.0691408
-0.0685309
-0.0770852
-0.0890622
-0.0986221
-0.1020658
-0.0985480
-0.0901246
-0.0803062
-0.0727210
-0.0694514
-0.0706459
-0.0745486
-0.0787794
-0.0812138
-0.0809466
-0.0780095
-0.0730833
-0.0665657
-0.0584854
-0.0483504
-0.0358488
-0.0210147
-0.0047005
0.0117797
0.0267177
0.0387993
0.0474255
0.0534242
0.0587996
0.0664607
0.0790170
0.0981014
0.1235304
0.1536008
0.1854263
0.2161503
0.2435640
0.2668574
0.2862825
0.3029142
0.3176674
0.3309316
0.3419792
0.3493466
0.3510531
0.3455479
0.3320514
0.3111339
0.2843132
0.2538240
0.2217307
0.1897813
0.1590843
0.1306017
0.1051009
0.0834253
0.0659892
0.0527711
0.0429207
0.0351700
0.0279327
0.0200584
0.0109442
0.0008675
-0.0096415
-0.0201305
-0.0309684
-0.0430340
-0.0573515
-0.0738966
-0.0912597
-0.1065572
-0.1167151
-0.1195371
-0.1149247
-0.1046386
-0.0917146
-0.0789365
-0.0680739
-0.0591786
-0.0511100
-0.0420330
-0.0307094
-0.0171268
-0.0031723
0.0080177
0.0128907
0.0091743
-0.0032741
-0.0218683
-0.0422057
-0.0591561
-0.0687159
-0.0689393
-0.0606359
-0.0466488
-0.0310698
-0.0177242
-0.0094592
-0.0073942
-0.0112665
-0.0195905
-0.0304754
-0.0418044
-0.0518314
-0.0591399
-0.0631335
-0.0639205
-0.0625720
-0.0605185
-0.0592328
-0.0593414
-0.0606263
-0.0620090
-0.0624881
-0.0615341
-0.0596918
-0.0581403
-0.0584385
-0.0616040
-0.0679056
-0.0764080
-0.0854267
-0.0927419
-0.0965433
-0.0957305
-0.0904045
-0.0813340
-0.0696708
-0.0561160
-0.0409333
-0.0237823
-0.0043839
0.0173297
0.0406891
0.0646171
0.0876095
0.1082585
0.1250011
0.1362128
0.1397439
0.1333347
0.1149800
0.0842561
0.0430520
-0.0037554
-0.0492337
-0.0858481
-0.1081573
-0.1148836
-0.1105684
-0.1048389
-0.1099464
-0.1357260
-0.1843616
-0.2459103
-0.2979961
-0.3100648
-0.2531050
-0.1112039
0.1083073
0.3719322
0.6259419
0.8113667
0.8820836
0.8201267
0.6410320
0.3882421
0.1182788
-0.1160466
-0.2792838
-0.3590543
-0.3646296
-0.3194195
-0.2518061
-0.1863848
-0.1389542
-0.1148634
-0.1112345
-0.1204357
-0.1342515
-0.1463377
-0.1536109
-0.1556849
-0.1541310
-0.1510479
-0.1484712
-0.1476397
-0.1492499
-0.1534292
-0.1603392
-0.1700077
-0.1823848
-0.1965811
-0.2107833
-0.2221133
-0.2277403
-0.2258331
-0.2168994
-0.2037746
-0.1911611
-0.1838190
-0.1851522
-0.1956860
-0.2130255
-0.2322779
-0.2478790
-0.2551591
-0.2521227
-0.2397212
-0.2215629
-0.2021745
-0.1855814
-0.1737321
-0.1663633
-0.1612015
-0.1553192
-0.1459800
-0.1316874
-0.1120869
-0.0879401
-0.0602893
-0.0303101
0.0010695
0.0326357
0.0628447
0.0894268
0.1099716
0.1222994
0.1255560
0.1205304
0.1100148
0.0978841
0.0882009
0.0835844
0.0845153
0.0888467
0.0928598
0.0924887
0.0852846
0.0712252
0.0530438
0.0349315
0.0212735
0.0149210
0.0166502
0.0248236
0.0363666
0.0476746
0.0562069
0.0610754
0.0634008
0.0652468
0.0686858
0.0744165
0.0816097
0.0880112
0.0912750
0.0898542
0.0840479
0.0756781
0.0676252
0.0624612
0.0618507
0.0658732
0.0734985
0.0828471
0.0920650
0.0993600
0.1033609
0.1028402
0.0971901
0.0864953
0.0721785
0.0567245
0.0434484
0.0352200
0.0337352
0.0386514
0.0480263
0.0587725
0.0679439
0.0732895
0.0740164
0.0705138
0.0642693
0.0569476
0.0500732
0.0444007
0.0402648
0.0375840
0.0364261
0.0367451
0.0384846
0.0410637
0.0436432
0.0450463
0.0444042
0.0411878
0.0357158
0.0288956
0.0223179
0.0174879
0.0154805
0.0160761
0.0178604
0.0182819
0.0147996
0.0056281
-0.0091508
-0.0276456
-0.0463142
-0.0612728
-0.0691947
-0.0685436
-0.0596173
-0.0445312
-0.0261413
-0.0074262
0.0095742
0.0238883
0.0359665
0.0471157
0.0592849
0.0740629
0.0921865
0.1125717
0.1323569
0.1469741
0.1514528
0.1415236
0.1153458
0.0742395
0.0232548
-0.0298626
-0.0760871
-0.1077799
-0.1208240
-0.1167313
-0.1028213
-0.0911259
-0.0946666
-0.1228208
-0.1758494
-0.2416551
-0.2955322
-0.3054495
-0.2414792
-0.0882193
0.1453894
0.4225966
0.6860363
0.8734569
0.9378050
0.8625839
0.6671229
0.3987226
0.1166879
-0.1258719
-0.2947188
-0.3795764
-0.3908135
-0.3517629
-0.2890719
-0.2253824
-0.1748781
-0.1431066
-0.1287980
-0.1272929
-0.1329742
-0.1412395
-0.1488371
-0.1541885
-0.1568312
-0.1573306
-0.1564639
-0.1550124
-0.1531568
-0.1508275
-0.1477041
-0.1438592
-0.1395944
-0.1356014
-0.1323199
-0.1299392
-0.1280374
-0.1261437
-0.1238492
-0.1213847
-0.1191840
-0.1176785
-0.1164303
-0.1142720
-0.1094348
-0.1006910
-0.0877967
-0.0720435
-0.0555759
-0.0409213
-0.0298364
-0.0229929
-0.0194509
-0.0172350
-0.0137314
-0.0069037
0.0042906
0.0193946
0.0371742
0.0561064
0.0754672
0.0954149
0.1171183
0.1417689
0.1700238
0.2010583
0.2327911
0.2621030
0.2860493
0.3024181
0.3105051
0.3107245
0.3044193
0.2929123
0.2773219
0.2580690
0.2353219
0.2089943
0.1793669
0.1469939
0.1131175
0.0793085
0.0475250
0.0193594
-0.0041056
-0.0228278
-0.0373240
-0.0485199
-0.0569668
-0.0629832
-0.0665743
-0.0682023
-0.0687936
-0.0699654
-0.0732053
-0.0794896
-0.0884141
-0.0983737
-0.1066601
-0.1106383
-0.1084434
-0.1000484
-0.0871193
-0.0728448
-0.0606825
-0.0536188
-0.0530144
-0.0585386
-0.0680253
-0.0784273
-0.0864089
-0.0895950
-0.0869700
-0.0794576
-0.0692931
-0.0595265
-0.0526731
-0.0501618
-0.0516334
-0.0554690
-0.0591582
-0.0604826
-0.0579261
-0.0513483
-0.0416177
-0.0306087
-0.0204533
-0.0133719
-0.0108042
-0.0131930
-0.0193896
-0.0272007
-0.0338426
-0.0373027
-0.0368694
-0.0336996
-0.0300211
-0.0284395
-0.0304768
-0.0360667
-0.0430882
-0.0483558
-0.0486036
-0.0422234
-0.0298352
-0.0145447
-0.0006461
0.0075162
0.0072445
-0.0019638
-0.0178996
-0.0364079
-0.0520418
-0.0597162
-0.0557977
-0.0395271
-0.0130855
0.0186474
0.0498332
0.0751564
0.0916630
0.0991290
0.1000915
0.0985021
0.0987142
0.1038731
0.1152215
0.1312005
0.1478169
0.1591226
0.1590505
0.1430203
0.1100721
0.0635944
0.0113930
-0.0364021
-0.0700024
-0.0836803
-0.0780984
-0.0614183
-0.0471962
-0.0504230
-0.0813575
-0.1401497
-0.2130373
-0.2733255
-0.2869080
-0.2230604
-0.0665130
0.1723808
0.4554470
0.7239332
0.9152689
0.9824990
0.9099424
0.7175345
0.4535567
0.1780590
-0.0550185
-0.2118225
-0.2836043
-0.2839309
-0.2394854
-0.1797580
-0.1279793
-0.0968190
-0.0879483
-0.0956272
-0.1109884
-0.1263454
-0.1370109
-0.1417878
-0.1415150
-0.1379755
-0.1325944
-0.1264750
-0.1202593
-0.1147506
-0.1106573
-0.1086822
-0.1088128
-0.1104351
-0.1121678
-0.1127333
-0.1113172
-0.1083814
-0.1053107
-0.1041519
-0.1063510
-0.1122299
-0.1203010
-0.1279650
-0.1321620
-0.1308964
-0.1237837
-0.1125347
-0.0999475
-0.0890316
-0.0815171
-0.0775950
-0.0757067
-0.0734795
-0.0681283
-0.0574325
-0.0398881
-0.0153359
0.0153271
0.0500473
0.0863846
0.1216802
0.1538437
0.1813628
0.2038440
0.2217224
0.2364614
0.2498602
0.2637700
0.2789737
0.2948819
0.3091025
0.3184188
0.3196304
0.3110549
0.2927851
0.2668020
0.2358150
0.2026780
0.1694929
0.1378924
0.1089380
0.0836079
0.0622965
0.0447852
0.0296862
0.0150171
-0.0014219
-0.0207967
-0.0428899
-0.0656753
-0.0862984
-0.1018922
-0.1110711
-0.1142005
-0.1135086
-0.1118154
-0.1116989
-0.1142752
-0.1192801
-0.1250929
-0.1298095
-0.1316715
-0.1299360
-0.1246929
-0.1170238
-0.1082816
-0.0999970
-0.0931450
-0.0882165
-0.0848321
-0.0823419
-0.0799882
-0.0777639
-0.0762677
-0.0767097
-0.0797734
-0.0851131
-0.0906657
-0.0934970
-0.0906878
-0.0810701
-0.0657463
-0.0483245
-0.0335020
-0.0257824
-0.0275570
-0.0385144
-0.0553596
-0.0732011
-0.0868312
-0.0926886
-0.0895851
-0.0792656
-0.0654025
-0.0526494
-0.0447730
-0.0437086
-0.0485809
-0.0563387
-0.0626082
-0.0637987
-0.0584284
-0.0483314
-0.0378681
-0.0325495
-0.0363259
-0.0499947
-0.0703258
-0.0916210
-0.1077207
-0.1146650
-0.1115296
-0.1004374
-0.0847582
-0.0677652
-0.0511553
-0.0351752
-0.0187875
-0.0008412
0.0195428
0.0421712
0.0660195
0.0891006
0.1092667
0.1243353
0.1327157
0.1330641
0.1245423
0.1065261
0.0792838
0.0440805
0.0038371
-0.0373109
-0.0742162
-0.1020014
-0.1168622
-0.1176595
-0.1066392
-0.0902392
-0.0779554
-0.0801995
-0.1038292
-0.1478260
-0.1996763
-0.2360827
-0.2279035
-0.1501780
0.0070189
0.2299399
0.4805559
0.7045765
0.8475929
0.8723025
0.7713026
0.5690415
0.3136955
0.0613313
-0.1400815
-0.2626365
-0.3019951
-0.2740198
-0.2057776
-0.1261004
-0.0575283
-0.0128010
0.0055112
0.0019720
-0.0150906
-0.0372918
-0.0579735
-0.0733772
-0.0821087
-0.0848044
-0.0829420
-0.0784709
-0.0729425
-0.0676208
-0.0630727
-0.0595702
-0.0567838
-0.0542568
-0.0513008
-0.0477434
-0.0438738
-0.0407894
-0.0396398
-0.0414428
-0.0463382
-0.0539128
-0.0630864
-0.0728271
-0.0820621
-0.0901671
-0.0965940
-0.1011450
-0.1034753
-0.1033321
-0.1001358
-0.0934355
-0.0827784
-0.0683742
-0.0509344
-0.0319807
-0.0130608
0.0045692
0.0209517
0.0372388
0.0555266
0.0773966
0.1031760
0.1310768
0.1580276
0.1805586
0.1966333
0.2062469
0.2117887
0.2166534
0.2240175
0.2350066
0.2483928
0.2606373
0.2675637
0.2655759
0.2532117
0.2311114
0.2018875
0.1687548
0.1348645
0.1021935
0.0716293
0.0427564
0.0147547
-0.0132566
-0.0411985
-0.0681271
-0.0920985
-0.1112034
-0.1239581
-0.1302067
-0.1308227
-0.1277258
-0.1229075
-0.1182024
-0.1144315
-0.1114989
-0.1080471
-0.1023133
-0.0926550
-0.0789551
-0.0628868
-0.0481154
-0.0388721
-0.0388181
-0.0493275
-0.0692411
-0.0947862
-0.1210303
-0.1429313
-0.1570106
-0.1617308
-0.1579461
-0.1479991
-0.1352581
-0.1228470
-0.1132950
-0.1076824
-0.1058706
-0.1063127
-0.1069453
-0.1054947
-0.1005348
-0.0915708
-0.0795816
-0.0664851
-0.0551221
-0.0482572
-0.0481839
-0.0555521
-0.0692729
-0.0862703
-0.1026890
-0.1147025
-0.1199557
-0.1177012
-0.1091022
-0.0963261
-0.0822373
-0.0693488
-0.0597371
-0.0544282
-0.0537926
-0.0573043
-0.0641420
-0.0730143
-0.0827318
-0.0919297
-0.0995008
-0.1042214
-0.1052081
-0.1016723
-0.0934830
-0.0808362
-0.0645114
-0.0451862
-0.0235671
0.0000687
0.0253209
0.0518217
0.0786924
0.1049623
0.1293108
0.1505687
0.1672669
0.1778383
0.1800891
0.1718249
0.1512400
0.1185224
0.0765442
0.0315107
-0.0084995
-0.0354064
-0.0443084
-0.0353658
-0.0150827
0.0051109
0.0113425
-0.0080755
-0.0584245
-0.1344007
-0.2189580
-0.2847354
-0.3002195
-0.2384303
-0.0876218
0.1411332
0.4117083
0.6699919
0.8577471
0.9303951
0.8706201
0.6939177
0.4426084
0.1725318
-0.0636787
-0.2293991
-0.3109134
-0.3160694
-0.2680765
-0.1958943
-0.1259859
-0.0760232
-0.0531279
-0.0547655
-0.0727795
-0.0972283
-0.1200669
-0.1362028
-0.1437802
-0.1428606
-0.1349293
-0.1219201
-0.1063784
-0.0909010
-0.0783035
-0.0707472
-0.0695629
-0.0743591
-0.0833694
-0.0935126
-0.1017257
-0.1055937
-0.1045771
-0.0998564
-0.0943130
-0.0910550
-0.0925206
-0.0990053
-0.1087479
-0.1180623
-0.1229982
-0.1203746
-0.1093145
-0.0911766
-0.0694657
-0.0482336
-0.0310760
-0.0195211
-0.0129454
-0.0085190
-0.0027192
0.0077665
0.0245743
0.0476747
0.0751944
0.1045644
0.1329719
0.1585347
0.1802884
0.1986429
0.2146458
0.2299052
0.2455924
0.2623942
0.2798092
0.2965714
0.3104486
0.3190968
0.3201690
0.3123005
0.2950636
0.2694864
0.2373674
0.2012546
0.1635428
0.1265836
0.0920773
0.0614409
0.0353522
0.0142162
-0.0022167
-0.0143383
-0.0230415
-0.0291503
-0.0336668
-0.0371145
-0.0398555
-0.0416938
-0.0425431
-0.0422823
-0.0414056
-0.0405517
-0.0407159
-0.0425083
-0.0464012
-0.0522299
-0.0596734
-0.0678379
-0.0757403
-0.0819596
-0.0853102
-0.0847199
-0.0800590
-0.0719727
-0.0623130
-0.0532072
-0.0466882
-0.0434499
-0.0429620
-0.0432891
-0.0422823
-0.0379729
-0.0296899
-0.0179148
-0.0046730
0.0073512
0.0150754
0.0163531
0.0102846
-0.0019498
-0.0177951
-0.0336923
-0.0466703
-0.0548399
-0.0582521
-0.0581426
-0.0566162
-0.0552602
-0.0548949
-0.0548404
-0.0537021
-0.0497230
-0.0422396
-0.0318793
-0.0210275
-0.0126300
-0.0095095
-0.0128057
-0.0219387
-0.0344232
-0.0472506
-0.0574606
-0.0633560
-0.0642395
-0.0606723
-0.0535967
-0.0444871
-0.0347088
-0.0259260
-0.0194311
-0.0161940
-0.0157920
-0.0164874
-0.0148881
-0.0072896
0.0094654
0.0361916
0.0711602
0.1098494
0.1465111
0.1751454
0.1912858
0.1922146
0.1775381
0.1484487
0.1080213
0.0606628
0.0124538
-0.0299734
-0.0601955
-0.0742083
-0.0716159
-0.0571758
-0.0400745
-0.0325128
-0.0455755
-0.0850295
-0.1463722
-0.2130087
-0.2573470
-0.2477817
-0.1587018
0.0174925
0.2630580
0.5345943
0.7734989
0.9226188
0.9449351
0.8349785
0.6203167
0.3511244
0.0844740
-0.1322851
-0.2716801
-0.3295220
-0.3201998
-0.2688138
-0.2015671
-0.1393864
-0.0941039
-0.0692076
-0.0618210
-0.0664217
-0.0768850
-0.0884364
-0.0975649
-0.1025695
-0.1029911
-0.1001063
-0.0961144
-0.0940159
-0.0961144
-0.1036504
-0.1157963
-0.1304142
-0.1442950
-0.1546926
-0.1595575
-0.1584551
-0.1520162
-0.1422839
-0.1318119
-0.1236493
-0.1199553
-0.1216704
-0.1274272
-0.1343050
-0.1382381
-0.1359804
-0.1257873
-0.1085384
-0.0867998
-0.0642795
-0.0439105
-0.0274203
-0.0144591
-0.0035751
0.0075620
0.0207884
0.0375229
0.0580251
0.0820142
0.1081870
0.1349885
0.1604079
0.1831333
0.2024946
0.2192723
0.2348522
0.2511445
0.2691191
0.2887050
0.3079879
0.3242010
0.3339224
0.3345719
0.3245035
0.3039614
0.2744420
0.2389873
0.2010633
0.1645569
0.1324929
0.1070557
0.0885856
0.0761618
0.0673139
0.0592809
0.0491310
0.0350794
0.0163415
-0.0060477
-0.0300805
-0.0527240
-0.0713616
-0.0838885
-0.0898138
-0.0896552
-0.0852154
-0.0782793
-0.0706350
-0.0630974
-0.0562938
-0.0503915
-0.0460524
-0.0436847
-0.0437163
-0.0455050
-0.0478872
-0.0488051
-0.0466621
-0.0404516
-0.0310585
-0.0206572
-0.0127914
-0.0105009
-0.0157206
-0.0277345
-0.0439011
-0.0598766
-0.0717830
-0.0768638
-0.0749033
-0.0673202
-0.0570056
-0.0464996
-0.0378735
-0.0316397
-0.0275873
-0.0244666
-0.0213238
-0.0173844
-0.0132711
-0.0103439
-0.0109873
-0.0168992
-0.0287625
-0.0448451
-0.0619502
-0.0756966
-0.0832286
-0.0832628
-0.0773914
-0.0687250
-0.0613461
-0.0580336
-0.0600456
-0.0661100
-0.0738272
-0.0799056
-0.0820788
-0.0790634
-0.0716738
-0.0617254
-0.0521772
-0.0453517
-0.0429029
-0.0444060
-0.0481908
-0.0509759
-0.0496023
-0.0410848
-0.0242303
0.0009020
0.0321830
0.0667750
0.1009046
0.1314784
0.1556429
0.1718488
0.1787356
0.1757890
0.1622329
0.1381025
0.1036613
0.0608976
0.0129798
-0.0347022
-0.0761334
-0.1050239
-0.1177349
-0.1141811
-0.1000099
-0.0851347
-0.0822817
-0.1014947
-0.1458946
-0.2063293
-0.2614310
-0.2803211
-0.2324580
-0.0982150
0.1192593
0.3902024
0.6613777
0.8709757
0.9664634
0.9229421
0.7502218
0.4901053
0.2010135
-0.0589673
-0.2486745
-0.3504381
-0.3708088
-0.3323189
-0.2650190
-0.1958787
-0.1438505
-0.1161441
-0.1109370
-0.1196288
-0.1326943
-0.1418750
-0.1436952
-0.1381429
-0.1289409
-0.1199447
-0.1147407
-0.1138198
-0.1162263
-0.1189786
-0.1203337
-0.1192115
-0.1171570
-0.1157287
-0.1171128
-0.1212986
-0.1278217
-0.1342896
-0.1391774
-0.1403847
-0.1376529
-0.1304241
-0.1200212
-0.1072795
-0.0947276
-0.0837415
-0.0764351
-0.0724967
-0.0716469
-0.0711760
-0.0695158
-0.0640334
-0.0546165
-0.0405055
-0.0233671
-0.0033566
0.0175359
0.0395597
0.0611098
0.0829318
0.1033599
0.1232637
0.1409911
0.1583568
0.1744902
0.1923509
0.2107180
0.2322094
0.2536884
0.2773962
0.2989974
