-0.0437097
-0.0717386
-0.0282228
-0.0128824
0.0205084
0.0399068
0.0682815
0.0846357
0.1035783
0.1096518
0.1148442
0.1089064
0.1036099
0.0919548
0.0839151
0.0724686
0.0646054
0.0530282
0.0435411
0.0302257
0.0192191
0.0062402
-0.0024285
-0.0103727
-0.0122693
-0.0124879
-0.0077150
-0.0034885
0.0022717
0.0043136
0.0052988
0.0017430
-0.0021663
-0.0081225
-0.0112629
-0.0131834
-0.0103220
-0.0058832
0.0016301
0.0077313
0.0131540
0.0138845
0.0116838
0.0043912
-0.0044578
-0.0153068
-0.0239070
-0.0308580
-0.0333137
-0.0336256
-0.0306850
-0.0275329
-0.0228578
-0.0186100
-0.0125122
-0.0059761
0.0028179
0.0114485
0.0203011
0.0258664
0.0279847
0.0237439
0.0145700
0.0000588
-0.0158774
-0.0318223
-0.0435403
-0.0506469
-0.0510420
-0.0466972
-0.0376726
-0.0273473
-0.0164709
-0.0082224
-0.0025260
-0.0011121
-0.0022410
-0.0059524
-0.0093590
-0.0121225
-0.0120459
-0.0102222
-0.0062622
-0.0026508
0.0004784
0.0013813
0.0015809
0.0013167
0.0033725
0.0079226
0.0161232
0.0256311
0.0350940
0.0407896
0.0416277
0.0358799
0.0254588
0.0117136
-0.0014370
-0.0122595
-0.0181105
-0.0194249
-0.0157876
-0.0091705
0.0000573
0.0097034
0.0193460
0.0268931
0.0322405
0.0340707
0.0334546
0.0305212
0.0276468
0.0257944
0.0273146
0.0321958
0.0409420
0.0513103
0.0617984
0.0691528
0.0724371
0.0708468
0.0674748
0.0660444
0.0729486
0.0913465
0.1220849
0.1581970
0.1856226
0.1829606
0.1288701
0.0068970
-0.1844826
-0.4293254
-0.6916351
-0.9241651
-1.0779824
-1.1194603
-1.0393911
-0.8588713
-0.6202570
-0.3756322
-0.1690186
-0.0277011
0.0436913
0.0572201
0.0359376
0.0028074
-0.0236524
-0.0347710
-0.0292491
-0.0128605
0.0072075
0.0233203
0.0316315
0.0305927
0.0225472
0.0103609
-0.0018177
-0.0116461
-0.0169924
-0.0180156
-0.0148729
-0.0093844
-0.0026589
0.0032396
0.0075234
0.0088826
0.0075026
0.0031409
-0.0029649
-0.0100171
-0.0158492
-0.0190182
-0.0173074
-0.0099670
0.0038392
0.0231456
0.0471028
0.0734203
0.1004318
0.1256582
0.1478880
0.1657013
0.1792912
0.1886494
0.1950316
0.1990295
0.2020812
0.2047049
0.2080189
0.2119089
0.2164729
0.2203793
0.2226735
0.2215795
0.2165199
0.2068687
0.1935915
0.1775216
0.1605336
0.1436096
0.1280381
0.1137900
0.1011182
0.0893755
0.0788697
0.0696978
0.0632346
0.0604077
0.0626117
0.0697375
0.0812161
0.0945865
0.1072639
0.1159014
0.1186935
0.1147890
0.1058883
0.0944108
0.0837827
0.0759695
0.0720656
0.0709350
0.0710711
0.0701626
0.0671666
0.0614821
0.0542093
0.0464870
0.0401356
0.0358587
0.0341803
0.0342633
0.0354238
0.0362913
0.0362956
0.0346357
0.0315614
0.0272773
0.0231431
0.0203809
0.0208580
0.0253858
0.0343404
0.0463033
0.0594035
0.0707957
0.0784948
0.0808331
0.0777882
0.0697972
0.0585170
0.0453188
0.0319345
0.0191041
0.0075772
-0.0027381
-0.0114293
-0.0184156
-0.0229626
-0.0249345
-0.0240338
-0.0209476
-0.0163215
-0.0115894
-0.0077002
-0.0057367
-0.0055935
-0.0067896
-0.0076580
-0.0067501
-0.0024390
0.0056763
0.0174849
0.0314556
0.0458151
0.0580547
0.0664079
0.0695299
0.0678407
0.0626836
0.0567503
0.0522569
0.0507501
0.0514902
0.0523291
0.0497046
0.0409801
0.0251866
0.0050098
-0.0139360
-0.0235480
-0.0167846
0.0095603
0.0506958
0.0930855
0.1150682
0.0924659
0.0050703
-0.1547013
-0.3766569
-0.6304291
-0.8707102
-1.0471200
-1.1194329
-1.0700903
-0.9113823
-0.6809819
-0.4302552
-0.2076369
-0.0463269
0.0425160
0.0673703
0.0498581
0.0147838
-0.0170531
-0.0341231
-0.0341521
-0.0224647
-0.0073223
0.0032920
0.0049863
-0.0029642
-0.0177448
-0.0353166
-0.0513596
-0.0630542
-0.0688597
-0.0690813
-0.0647470
-0.0576730
-0.0492819
-0.0409247
-0.0331024
-0.0260996
-0.0194015
-0.0124889
-0.0045259
0.0046078
0.0146674
0.0245009
0.0331232
0.0397382
0.0448254
0.0495831
0.0560848
0.0659396
0.0801802
0.0983136
0.1190164
0.1400323
0.1593574
0.1751755
0.1867401
0.1939172
0.1976563
0.1991171
0.1997373
0.2001891
0.2006638
0.2003971
0.1985357
0.1939928
0.1863168
0.1754030
0.1621604
0.1479331
0.1346759
0.1238430
0.1163164
0.1116275
0.1086570
0.1056617
0.1013903
0.0950586
0.0870495
0.0783302
0.0706032
0.0653579
0.0639132
0.0666425
0.0733481
0.0828675
0.0937654
0.1041825
0.1126415
0.1178903
0.1195721
0.1178626
0.1138514
0.1088297
0.1043036
0.1010821
0.0994178
0.0986107
0.0978151
0.0961091
0.0932892
0.0895451
0.0857466
0.0827595
0.0815349
0.0823560
0.0850047
0.0883622
0.0911399
0.0919874
0.0903062
0.0859635
0.0795032
0.0714857
0.0627053
0.0537560
0.0453708
0.0379275
0.0316818
0.0263346
0.0214930
0.0165091
0.0110734
0.0050021
-0.0013859
-0.0077446
-0.0135315
-0.0185184
-0.0224897
-0.0255164
-0.0274519
-0.0280926
-0.0267176
-0.0224714
-0.0143130
-0.0018407
0.0145103
0.0328137
0.0500571
0.0623867
0.0664192
0.0601292
0.0442655
0.0226503
0.0022288
-0.0086473
-0.0024471
0.0240443
0.0670977
0.1142207
0.1453589
0.1364142
0.0658751
-0.0779724
-0.2902473
-0.5467015
-0.8059095
-1.0182852
-1.1391982
-1.1430583
-1.0316915
-0.8340465
-0.5961579
-0.3666544
-0.1827709
-0.0626735
-0.0047040
0.0068238
-0.0064895
-0.0251959
-0.0366617
-0.0365649
-0.0269035
-0.0130163
-0.0002384
0.0077878
0.0098719
0.0065457
-0.0005989
-0.0099681
-0.0202496
-0.0307702
-0.0410636
-0.0507194
-0.0588914
-0.0645862
-0.0668946
-0.0657979
-0.0623076
-0.0585151
-0.0567139
-0.0586926
-0.0647201
-0.0733341
-0.0812971
-0.0845575
-0.0792745
-0.0633186
-0.0369686
-0.0031738
0.0334643
0.0679381
0.0965107
0.1175385
0.1318541
0.1419897
0.1512451
0.1623042
0.1764901
0.1932105
0.2103601
0.2249099
0.2340977
0.2361735
0.2310065
0.2197632
0.2044426
0.1869723
0.1688269
0.1507076
0.1328504
0.1152089
0.0979616
0.0816378
0.0673449
0.0564492
0.0502958
0.0495568
0.0540064
0.0623754
0.0728394
0.0834341
0.0926951
0.0998463
0.1049933
0.1088088
0.1122483
0.1159258
0.1198531
0.1232706
0.1250925
0.1243461
0.1207730
0.1148877
0.1078653
0.1009681
0.0952010
0.0909689
0.0881880
0.0863424
0.0847593
0.0826572
0.0793947
0.0745878
0.0684298
0.0617190
0.0558419
0.0523349
0.0524571
0.0565753
0.0638750
0.0722469
0.0788067
0.0806987
0.0762149
0.0654646
0.0505046
0.0345724
0.0210145
0.0121209
0.0085454
0.0091966
0.0117763
0.0135176
0.0121536
0.0066285
-0.0024666
-0.0131406
-0.0226847
-0.0287523
-0.0302289
-0.0277282
-0.0233245
-0.0197838
-0.0194100
-0.0231162
-0.0299332
-0.0373217
-0.0420556
-0.0415205
-0.0348088
-0.0232652
-0.0100292
0.0012605
0.0082727
0.0114095
0.0141481
0.0217005
0.0382323
0.0633912
0.0896353
0.1017779
0.0798032
0.0047305
-0.1338843
-0.3313235
-0.5645904
-0.7949259
-0.9764433
-1.0690892
-1.0515767
-0.9289695
-0.7312813
-0.5035376
-0.2915970
-0.1294587
-0.0323005
0.0035061
-0.0050795
-0.0356695
-0.0677834
-0.0876140
-0.0896329
-0.0754923
-0.0513503
-0.0247713
-0.0021896
0.0126008
0.0187803
0.0179449
0.0129631
0.0067730
0.0014517
-0.0021039
-0.0039997
-0.0048323
-0.0052550
-0.0056838
-0.0062314
-0.0066630
-0.0064902
-0.0051260
-0.0021991
0.0022672
0.0078151
0.0137966
0.0196169
0.0250137
0.0301756
0.0358768
0.0434086
0.0543940
0.0702552
0.0916385
0.1178628
0.1468625
0.1755361
0.2006059
0.2195019
0.2311595
0.2362200
0.2367239
0.2351643
0.2334811
0.2321925
0.2302742
0.2256317
0.2162133
0.2010315
0.1808484
0.1579510
0.1353908
0.1158246
0.1007501
0.0901449
0.0828122
0.0769173
0.0707658
0.0633012
0.0544969
0.0452418
0.0370645
0.0314992
0.0296399
0.0317362
0.0372527
0.0449829
0.0534493
0.0611342
0.0668730
0.0700119
0.0706381
0.0694239
0.0674652
0.0658207
0.0652772
0.0660334
0.0677325
0.0694340
0.0699322
0.0679917
0.0628626
0.0545168
0.0438663
0.0324264
0.0219322
0.0136884
0.0083513
0.0058112
0.0055674
0.0069458
0.0094581
0.0127709
0.0167896
0.0214237
0.0265398
0.0316533
0.0359445
0.0382314
0.0374477
0.0330064
0.0253061
0.0156433
0.0060036
-0.0016328
-0.0057209
-0.0056874
-0.0019708
0.0039384
0.0100140
0.0141462
0.0148995
0.0118038
0.0056037
-0.0021063
-0.0091971
-0.0137071
-0.0142274
-0.0104440
-0.0031403
0.0058486
0.0143468
0.0204712
0.0234907
0.0239761
0.0236827
0.0246513
0.0284835
0.0355631
0.0450905
0.0552856
0.0641780
0.0700764
0.0721559
0.0704204
0.0657073
0.0591794
0.0521122
0.0454408
0.0398032
0.0354011
0.0322871
0.0303250
0.0294674
0.0296488
0.0309695
0.0334282
0.0368890
0.0406682
0.0436419
0.0443245
0.0416179
0.0352787
0.0265112
0.0177263
0.0121539
0.0127120
0.0211325
0.0369129
0.0571665
0.0768811
0.0904164
0.0932362
0.0840589
0.0659022
0.0461319
0.0344411
0.0397686
0.0661414
0.1093870
0.1552600
0.1809470
0.1596848
0.0686850
-0.1023675
-0.3442533
-0.6262494
-0.9002993
-1.1121465
-1.2161332
-1.1896746
-1.0409212
-0.8067304
-0.5406550
-0.2965539
-0.1134440
-0.0075077
0.0278558
0.0147360
-0.0192223
-0.0502974
-0.0641750
-0.0575041
-0.0354173
-0.0075208
0.0167532
0.0311404
0.0340622
0.0278304
0.0170878
0.0064857
-0.0007015
-0.0034851
-0.0026648
-0.0001907
0.0020459
0.0026808
0.0013860
-0.0014405
-0.0047168
-0.0072846
-0.0080866
-0.0067677
-0.0035975
0.0004471
0.0043528
0.0073400
0.0094795
0.0115768
0.0152805
0.0224597
0.0348535
0.0531361
0.0766565
0.1031763
0.1297189
0.1533295
0.1723022
0.1864343
0.1971054
0.2062679
0.2156836
0.2257991
0.2356260
0.2427449
0.2443597
0.2380719
0.2230336
0.2001068
0.1719165
0.1418518
0.1133722
0.0889316
0.0698342
0.0560123
0.0466567
0.0404344
0.0362148
0.0331650
0.0312375
0.0309033
0.0331777
0.0389163
0.0486290
0.0618991
0.0776118
0.0939059
0.1088699
0.1207384
0.1285467
0.1320175
0.1317485
0.1286352
0.1237893
0.1179829
0.1118308
0.1055437
0.0992911
0.0929705
0.0865260
0.0797174
0.0725096
0.0648889
0.0571895
0.0497420
0.0430688
0.0375670
0.0338846
0.0327120
0.0349970
0.0413305
0.0518047
0.0654126
0.0803843
0.0942851
0.1048915
0.1104072
0.1100670
0.1039147
0.0930117
0.0788999
0.0635553
0.0486830
0.0356934
0.0252395
0.0175650
0.0123675
0.0093087
0.0078576
0.0076894
0.0084101
0.0098522
0.0116734
0.0135456
0.0147809
0.0147618
0.0129068
0.0092949
0.0045104
-0.0001023
-0.0030128
-0.0025322
0.0025114
0.0127829
0.0278641
0.0464353
0.0660217
0.0836921
0.0963890
0.1020174
0.0997117
0.0903595
0.0760122
0.0596238
0.0440215
0.0316255
0.0237200
0.0206628
0.0217201
0.0258089
0.0316520
0.0384609
0.0456282
0.0527917
0.0591141
0.0633930
0.0638501
0.0590414
0.0484442
0.0337978
0.0193250
0.0116109
0.0173782
0.0407038
0.0791836
0.1218686
0.1491125
0.1366401
0.0621365
-0.0859690
-0.3016494
-0.5578819
-0.8103158
-1.0070572
-1.1037814
-1.0778147
-0.9365872
-0.7151079
-0.4645842
-0.2358182
-0.0653614
0.0322128
0.0631832
0.0481030
0.0120297
-0.0233816
-0.0451158
-0.0493867
-0.0398514
-0.0235345
-0.0075561
0.0035871
0.0082878
0.0074841
0.0030692
-0.0027442
-0.0083086
-0.0123228
-0.0142048
-0.0136588
-0.0109291
-0.0062991
-0.0004139
0.0060637
0.0120877
0.0167780
0.0193608
0.0198551
0.0188190
0.0175914
0.0175413
0.0199577
0.0252212
0.0329698
0.0418495
0.0503499
0.0570048
0.0612818
0.0634892
0.0651903
0.0685275
0.0759843
0.0891509
0.1083562
0.1319626
0.1570636
0.1798944
0.1972092
0.2067531
0.2081901
0.2027623
0.1931882
0.1823452
0.1726785
0.1651685
0.1596728
0.1549595
0.1497444
0.1428627
0.1340148
0.1234100
0.1119252
0.1002886
0.0891140
0.0783694
0.0679627
0.0577072
0.0480606
0.0398025
0.0342045
0.0321470
0.0340301
0.0390919
0.0459218
0.0524754
0.0570314
0.0582211
0.0556679
0.0495919
0.0411088
0.0316026
0.0228431
0.0162129
0.0128069
0.0128403
0.0160782
0.0215586
0.0282121
0.0346394
0.0397223
0.0423748
0.0421097
0.0386980
0.0326016
0.0244730
0.0154330
0.0064356
-0.0015405
-0.0081282
-0.0132479
-0.0174811
-0.0214279
-0.0258524
-0.0309984
-0.0368899
-0.0429157
-0.0484182
-0.0524943
-0.0546766
-0.0546749
-0.0528545
-0.0496694
-0.0458312
-0.0415719
-0.0369203
-0.0313565
-0.0245972
-0.0165706
-0.0081034
-0.0003837
0.0050052
0.0070780
0.0054591
0.0010302
-0.0046295
-0.0092069
-0.0107356
-0.0078322
-0.0006266
0.0096472
0.0206315
0.0300067
0.0357105
0.0367967
0.0330741
0.0254376
0.0151830
0.0041695
-0.0059799
-0.0137746
-0.0185952
-0.0203563
-0.0198749
-0.0181162
-0.0162385
-0.0147216
-0.0135661
-0.0118286
-0.0083896
-0.0020319
0.0075061
0.0196327
0.0325123
0.0440576
0.0522067
0.0560121
0.0554221
0.0516102
0.0461460
0.0410855
0.0381742
0.0390003
0.0441739
0.0535004
0.0654007
0.0775583
0.0868503
0.0903699
0.0855926
0.0715925
0.0493190
0.0225942
-0.0024643
-0.0180141
-0.0170723
0.0041057
0.0426580
0.0877678
0.1205414
0.1177778
0.0575151
-0.0730357
-0.2713281
-0.5155978
-0.7671757
-0.9778042
-1.1026909
-1.1136945
-1.0093435
-0.8153121
-0.5765092
-0.3423373
-0.1529513
-0.0296304
0.0265333
0.0304860
0.0045531
-0.0293112
-0.0557367
-0.0675490
-0.0651980
-0.0533716
-0.0383152
-0.0249478
-0.0162077
-0.0124953
-0.0128189
-0.0151924
-0.0179471
-0.0197141
-0.0200301
-0.0186572
-0.0158615
-0.0118014
-0.0070651
-0.0022032
0.0018400
0.0044484
0.0050724
0.0038997
0.0013618
-0.0014456
-0.0034386
-0.0032502
-0.0000109
0.0069058
0.0172011
0.0301909
0.0445296
0.0591092
0.0729040
0.0857011
0.0975907
0.1093331
0.1215864
0.1351470
0.1501681
0.1665038
0.1831470
0.1988851
0.2120344
0.2212565
0.2252682
0.2235321
0.2158439
0.2029364
0.1859464
0.1668017
0.1474087
0.1298348
0.1154654
0.1053225
0.0994216
0.0972943
0.0975612
0.0987279
0.0990450
0.0974728
0.0934506
0.0875177
0.0806233
0.0743527
0.0700067
0.0687809
0.0709376
0.0761898
0.0831952
0.0903733
0.0958219
0.0983592
0.0973231
0.0931941
0.0868724
0.0799046
0.0735821
0.0691531
0.0669699
0.0668373
0.0674795
0.0674153
0.0649852
0.0595367
0.0512963
0.0419527
0.0337059
0.0291113
0.0297018
0.0358651
0.0460026
0.0573776
0.0664134
0.0704081
0.0679577
0.0598831
0.0482621
0.0360457
0.0254863
0.0180518
0.0137343
0.0119091
0.0112647
0.0108671
0.0099636
0.0087089
0.0074956
0.0071741
0.0080216
0.0099877
0.0121649
0.0137770
0.0141385
0.0135255
0.0124804
0.0119341
0.0121321
0.0129656
0.0135407
0.0132022
0.0114714
0.0089588
0.0067738
0.0067077
0.0099757
0.0170853
0.0268376
0.0370446
0.0446390
0.0472323
0.0433922
0.0336723
0.0199487
0.0054751
-0.0065159
-0.0131012
-0.0129594
-0.0061120
0.0056356
0.0198600
0.0337320
0.0453294
0.0533897
0.0577518
0.0582790
0.0550049
0.0474769
0.0358011
0.0208461
0.0055842
-0.0053399
-0.0058699
0.0088313
0.0401235
0.0825066
0.1227945
0.1406579
0.1134906
0.0225994
-0.1386590
-0.3597212
-0.6107145
-0.8475070
-1.0214936
-1.0941256
-1.0489720
-0.8983082
-0.6787021
-0.4394424
-0.2266333
-0.0715197
0.0154806
0.0421387
0.0279945
-0.0047521
-0.0375052
-0.0595272
-0.0676435
-0.0648117
-0.0564244
-0.0480532
-0.0429956
-0.0423522
-0.0448841
-0.0485940
-0.0510829
-0.0509237
-0.0474799
-0.0415924
-0.0346110
-0.0283776
-0.0239614
-0.0219571
-0.0219418
-0.0234386
-0.0256137
-0.0280493
-0.0300753
-0.0312859
-0.0308378
-0.0281227
-0.0222997
-0.0131479
-0.0005938
0.0146410
0.0318089
0.0497331
0.0677175
0.0851558
0.1022716
0.1193110
0.1367427
0.1541348
0.1706122
0.1845205
0.1947077
0.2004754
0.2024445
0.2017036
0.1999689
0.1983888
0.1977207
0.1974204
0.1963535
0.1926130
0.1849174
0.1726646
0.1568725
0.1392712
0.1223177
0.1078603
0.0973223
0.0908904
0.0882997
0.0885243
0.0908611
0.0946118
0.0998330
0.1064992
0.1148271
0.1243212
0.1343310
0.1435296
0.1508915
0.1553888
0.1568976
0.1555646
0.1522924
0.1477973
0.1430205
0.1383019
0.1339905
0.1298057
0.1256001
0.1208334
0.1153934
0.1090274
0.1020330
0.0945622
0.0872790
0.0806682
0.0756069
0.0724596
0.0714782
0.0719846
0.0731561
0.0736594
0.0726831
0.0695253
0.0643987
0.0577274
0.0506567
0.0440735
0.0389519
0.0354261
0.0334190
0.0321002
0.0308297
0.0287467
0.0256557
0.0214104
0.0165250
0.0113152
0.0064218
0.0020429
-0.0013666
-0.0037427
-0.0046924
-0.0042037
-0.0020324
0.0014503
0.0057415
0.0093601
0.0106694
0.0077427
-0.0000240
-0.0116903
-0.0236082
-0.0304719
-0.0259352
-0.0055144
0.0314050
0.0784099
0.1216634
0.1405468
0.1126537
0.0197345
-0.1442763
-0.3683457
-0.6221401
-0.8611309
-1.0363130
-1.1089596
-1.0626538
-0.9099164
-0.6875995
-0.4454457
-0.2301747
-0.0738596
0.0124457
0.0363719
0.0181582
-0.0186484
-0.0537438
-0.0749365
-0.0781793
-0.0664575
-0.0459699
-0.0237795
-0.0049778
0.0073962
0.0128032
0.0117178
0.0056927
-0.0036711
-0.0140779
-0.0234232
-0.0294653
-0.0310952
-0.0280227
-0.0215565
-0.0134973
-0.0062021
-0.0011465
0.0008342
0.0004200
-0.0011424
-0.0017657
0.0001799
0.0060822
0.0159893
0.0292527
0.0440139
0.0584585
0.0707376
0.0802939
0.0873970
0.0937329
0.1011172
0.1114905
0.1254797
0.1427734
0.1614872
0.1794583
0.1942237
0.2043532
0.2089411
0.2082694
0.2028048
0.1936942
0.1818179
0.1684007
0.1541620
0.1400363
0.1264389
0.1140593
0.1031115
0.0940622
0.0868440
0.0816345
0.0781544
0.0764738
0.0762319
0.0773161
0.0789805
0.0805401
0.0806949
0.0786120
0.0736149
0.0663196
0.0579026
0.0504809
0.0456719
0.0447026
0.0472568
0.0522925
0.0577384
0.0619819
0.0637334
0.0630499
0.0603107
0.0564424
0.0516485
0.0460540
0.0391822
0.0311681
0.0222929
0.0137879
0.0067867
0.0026960
0.0020287
0.0049711
0.0105976
0.0178291
0.0248918
0.0303427
0.0324859
0.0303575
0.0231456
0.0112023
-0.0045779
-0.0219627
-0.0384614
-0.0511239
-0.0580883
-0.0584004
-0.0530207
-0.0437405
-0.0333403
-0.0240571
-0.0177970
-0.0150188
-0.0155160
-0.0178479
-0.0205716
-0.0219534
-0.0212244
-0.0180009
-0.0130426
-0.0071919
-0.0018511
0.0021551
0.0040552
0.0041407
0.0029808
0.0020066
0.0022331
0.0045375
0.0084689
0.0130267
0.0161823
0.0163010
0.0119832
0.0033826
-0.0084263
-0.0208221
-0.0310318
-0.0361536
-0.0348525
-0.0270952
-0.0149456
-0.0010862
0.0113637
0.0206005
0.0257854
0.0278071
0.0279940
0.0283462
0.0301449
0.0343544
0.0405436
0.0477506
0.0540135
0.0578328
0.0579775
0.0547155
0.0489617
0.0427366
0.0377496
0.0356794
0.0369254
0.0412402
0.0468718
0.0516321
0.0525888
0.0477889
0.0364793
0.0208622
0.0055191
-0.0025359
0.0032361
0.0267061
0.0650252
0.1074233
0.1347868
0.1241978
0.0546206
-0.0845024
-0.2876510
-0.5297372
-0.7700223
-0.9603832
-1.0594838
-1.0450752
-0.9224895
-0.7222286
-0.4905652
-0.2741235
-0.1077842
-0.0067947
0.0321956
0.0262940
-0.0025963
-0.0342588
-0.0556881
-0.0616090
-0.0540323
-0.0384879
-0.0217265
-0.0084532
-0.0011660
0.0004868
-0.0021433
-0.0068640
-0.0122138
-0.0168320
-0.0203002
-0.0220971
-0.0223334
-0.0207835
-0.0177575
-0.0132190
-0.0076662
-0.0012204
0.0055024
0.0123279
0.0187371
0.0249081
0.0308977
0.0374292
0.0447292
0.0531814
0.0623903
0.0722626
0.0823422
0.0928353
0.1036983
0.1154936
0.1284455
0.1432415
0.1598863
0.1783122
0.1973160
0.2155905
0.2311441
0.2425618
0.2483347
0.2479355
0.2410588
0.2286642
0.2120326
0.1934041
0.1745803
0.1573459
0.1422301
0.1294000
0.1179718
0.1073155
0.0965235
0.0856261
0.0747591
0.0649505
0.0568676
0.0513800
0.0483870
0.0477433
0.0485525
0.0504217
0.0527430
0.0556182
0.0587267
0.0620636
0.0649675
0.0672085
0.0682272
0.0681303
0.0666542
0.0639785
0.0597279
0.0539622
0.0463264
0.0371261
0.0265358
0.0156822
0.0056589
-0.0018239
-0.0058985
-0.0060476
-0.0032116
0.0014265
0.0060194
0.0095698
0.0113293
0.0118191
0.0116249
0.0118947
0.0128620
0.0144812
0.0154902
0.0147714
0.0109570
0.0038763
-0.0062366
-0.0179279
-0.0298656
-0.0402582
-0.0481022
-0.0523249
-0.0528074
-0.0494760
-0.0433708
-0.0356513
-0.0283456
-0.0229399
-0.0209043
-0.0223982
-0.0271607
-0.0336061
-0.0400403
-0.0440640
-0.0441059
-0.0389811
-0.0292094
-0.0159484
-0.0015414
0.0120944
0.0229979
0.0304479
0.0339962
0.0343266
0.0320325
0.0283863
0.0241294
0.0203260
0.0172773
0.0155218
0.0148598
0.0154024
0.0165902
0.0182367
0.0195757
0.0203786
0.0200407
0.0186359
0.0158500
0.0119363
0.0067074
0.0006606
-0.0059308
-0.0119736
-0.0166950
-0.0188218
-0.0178419
-0.0131992
-0.0055197
0.0043264
0.0143283
0.0228237
0.0281393
0.0302347
0.0298642
0.0292453
0.0301931
0.0341868
0.0405654
0.0473411
0.0506756
0.0472237
0.0348623
0.0153528
-0.0060792
-0.0206938
-0.0200331
0.0012620
0.0406536
0.0866779
0.1187152
0.1122410
0.0446629
-0.0957159
-0.3041838
-0.5556980
-0.8086779
-1.0128530
-1.1238457
-1.1160387
-0.9924260
-0.7829961
-0.5358475
-0.3009786
-0.1172094
-0.0028261
0.0439944
0.0406673
0.0104746
-0.0246033
-0.0503713
-0.0609648
-0.0583426
-0.0478502
-0.0358627
-0.0263514
-0.0211646
-0.0193680
-0.0193864
-0.0189766
-0.0170781
-0.0130405
-0.0076498
-0.0016621
0.0035659
0.0075457
0.0096622
0.0101755
0.0089604
0.0065710
0.0031949
-0.0001741
-0.0029052
-0.0037739
-0.0022483
0.0025304
0.0105912
0.0222390
0.0369071
0.0542649
0.0731186
0.0926483
0.1114763
0.1290348
0.1446285
0.1586640
0.1714823
0.1843215
0.1978584
0.2129230
0.2289544
0.2449718
0.2586645
0.2681440
0.2714997
0.2684102
0.2590574
0.2450181
0.2277106
0.2091587
0.1905156
0.1730039
0.1567000
0.1418454
0.1279806
0.1153738
0.1039253
0.0942017
0.0860831
0.0798584
0.0751196
0.0720417
0.0702424
0.0698970
0.0704773
0.0719022
0.0733911
0.0747059
0.0750427
0.0743514
0.0723353
0.0697731
0.0672566
0.0660531
0.0664397
0.0685289
0.0710243
0.0727622
0.0720940
0.0686332
0.0623073
0.0544476
0.0461925
0.0392300
0.0341953
0.0316539
0.0308685
0.0312418
0.0315119
0.0314026
0.0306189
0.0299464
0.0296242
0.0301327
0.0307455
0.0308810
0.0292540
0.0255574
0.0195434
0.0123283
0.0049417
-0.0008802
-0.0044789
-0.0054244
-0.0047845
-0.0034806
-0.0029355
-0.0033392
-0.0047692
-0.0061525
-0.0069246
-0.0061516
-0.0040288
-0.0006814
0.0026633
0.0051845
0.0055831
0.0038108
0.0001589
-0.0034297
-0.0050697
-0.0024898
0.0047494
0.0159092
0.0278375
0.0371393
0.0404509
0.0374626
0.0307591
0.0268729
0.0329493
0.0544781
0.0899697
0.1294269
0.1530632
0.1364155
0.0562233
-0.0995416
-0.3255530
-0.5946065
-0.8621100
-1.0747639
-1.1865721
-1.1721242
-1.0365473
-0.8128039
-0.5520137
-0.3061868
-0.1150846
0.0032464
0.0513638
0.0477255
0.0164497
-0.0196181
-0.0455946
-0.0548741
-0.0490274
-0.0332241
-0.0141358
0.0038536
0.0181347
0.0287291
0.0358331
0.0402911
0.0418980
0.0409092
0.0369872
0.0308667
0.0231168
0.0154176
0.0088095
0.0045897
0.0026148
0.0027765
0.0040349
0.0062750
0.0091160
0.0131812
0.0183833
0.0250640
0.0325463
0.0407446
0.0490687
0.0580651
0.0679894
0.0799697
0.0942328
0.1112648
0.1303046
0.1508355
0.1712822
0.1905974
0.2070064
0.2196249
0.2271349
0.2292511
0.2252845
0.2157065
0.2009207
0.1828470
0.1632677
0.1447420
0.1285108
0.1155676
0.1051941
0.0967481
0.0886478
0.0802919
0.0709244
0.0612598
0.0518827
0.0443651
0.0392838
0.0372812
0.0373836
0.0386401
0.0390710
0.0377813
0.0340115
0.0289201
0.0239363
0.0217521
0.0240644
0.0323656
0.0459314
0.0632673
0.0809762
0.0960652
0.1053064
0.1074701
0.1020810
0.0908458
0.0756964
0.0597676
0.0452315
0.0343158
0.0274218
0.0246919
0.0247874
0.0269708
0.0299584
0.0336458
0.0374314
0.0416055
0.0456194
0.0496052
0.0527639
0.0549620
0.0551870
0.0532809
0.0485276
0.0414240
0.0321335
0.0220337
0.0119343
0.0035035
-0.0025166
-0.0048095
-0.0032538
0.0025383
0.0114325
0.0223950
0.0330599
0.0418201
0.0467339
0.0476546
0.0447853
0.0402033
0.0357314
0.0339379
0.0357766
0.0417733
0.0502470
0.0593690
0.0662139
0.0692790
0.0674026
0.0616595
0.0533878
0.0452556
0.0387571
0.0352613
0.0340165
0.0341075
0.0333742
0.0308909
0.0257404
0.0188327
0.0108841
0.0037578
-0.0016064
-0.0036154
-0.0018964
0.0043144
0.0142143
0.0270767
0.0405589
0.0528567
0.0615184
0.0658320
0.0653881
0.0618443
0.0567184
0.0525447
0.0503787
0.0511318
0.0536808
0.0570735
0.0593694
0.0601253
0.0589154
0.0571038
0.0555503
0.0558110
0.0576604
0.0605826
0.0619936
0.0597680
0.0515177
0.0377872
0.0211122
0.0078983
0.0051658
0.0197463
0.0529058
0.0991228
0.1427933
0.1617595
0.1304534
0.0295645
-0.1475904
-0.3871135
-0.6554755
-0.9032169
-1.0788320
-1.1419795
-1.0785342
-0.9040090
-0.6604767
-0.4010418
-0.1754723
-0.0153161
0.0695405
0.0903823
0.0696534
0.0332900
0.0008388
-0.0165386
-0.0181060
-0.0086766
0.0032985
0.0113312
0.0110446
0.0028372
-0.0109431
-0.0254699
-0.0372079
-0.0430653
-0.0429527
-0.0373668
-0.0287214
-0.0184301
-0.0085380
0.0005077
0.0075742
0.0128030
0.0153854
0.0157699
0.0136147
0.0100557
0.0055573
0.0020059
0.0002936
0.0021870
0.0078129
0.0177258
0.0307770
0.0465935
0.0636160
0.0815276
0.0990913
0.1164155
0.1326548
0.1482209
0.1624292
0.1757143
0.1872935
0.1974894
0.2054861
0.2117062
0.2154768
0.2172997
0.2164519
0.2133525
0.2072891
0.1988748
0.1876914
0.1746269
0.1594346
0.1431621
0.1258215
0.1088551
0.0926308
0.0787005
0.0671628
0.0590268
0.0537674
0.0518780
0.0524333
0.0555825
0.0600225
0.0655287
0.0705088
0.0746760
0.0766834
0.0768684
0.0748289
0.0720019
0.0688667
0.0671257
0.0666321
0.0677416
0.0687840
0.0691225
0.0670093
0.0625952
0.0553307
0.0464984
0.0362556
0.0260890
0.0159223
0.0068077
-0.0017170
-0.0087034
-0.0144645
-0.0178795
-0.0194335
-0.0186547
-0.0169899
-0.0147808
-0.0137682
-0.0139273
-0.0161963
-0.0196152
-0.0243361
-0.0288585
-0.0331436
-0.0359039
-0.0377558
-0.0382784
-0.0387920
-0.0390203
-0.0398669
-0.0404238
-0.0412898
-0.0417847
-0.0430560
-0.0447229
-0.0476076
-0.0503850
-0.0527996
-0.0528509
-0.0504150
-0.0444221
-0.0362269
-0.0262951
-0.0171313
-0.0095517
-0.0054816
-0.0043324
-0.0063018
-0.0093595
-0.0131180
-0.0159206
-0.0184352
-0.0201271
-0.0223684
-0.0246174
-0.0276463
-0.0299935
-0.0316182
-0.0306360
-0.0272092
-0.0202508
-0.0111596
-0.0001043
0.0106034
0.0205085
0.0275773
0.0320432
0.0327383
0.0308658
0.0262750
0.0209900
0.0146854
0.0105819
0.0089776
0.0113944
0.0166950
0.0250244
0.0340479
0.0433623
0.0508791
0.0572562
0.0618019
0.0663058
0.0702267
0.0743041
0.0759797
0.0739606
0.0647627
0.0483751
0.0250951
0.0006131
-0.0189427
-0.0243312
-0.0108328
0.0227684
0.0667235
0.1044307
0.1104733
0.0614891
-0.0605272
-0.2556221
-0.5061043
-0.7723153
-1.0049153
-1.1528460
-1.1835083
-1.0890864
-0.8943546
-0.6436593
-0.3913479
-0.1807149
-0.0386802
0.0325861
0.0458478
0.0258856
-0.0051665
-0.0287372
-0.0384598
-0.0336204
-0.0219535
-0.0097427
-0.0045850
-0.0075311
-0.0192464
-0.0349048
-0.0521223
-0.0658463
-0.0756297
-0.0792086
-0.0789498
-0.0745641
-0.0694194
-0.0631179
-0.0583627
-0.0537826
-0.0513238
-0.0489398
-0.0481505
-0.0464655
-0.0452284
-0.0418446
-0.0378507
-0.0307743
-0.0223820
-0.0102254
0.0037525
0.0218363
0.0414551
0.0640874
0.0860199
0.1080156
0.1261169
0.1418913
0.1526711
0.1618159
0.1679938
0.1754270
0.1823502
0.1917533
0.1997052
0.2074420
0.2099107
0.2089181
0.2007823
0.1895026
0.1729223
0.1562496
0.1372503
0.1208092
0.1034511
0.0893709
0.0742337
0.0625672
0.0500525
0.0419351
0.0334959
0.0301738
0.0264564
0.0282561
0.0295392
0.0369229
0.0431822
0.0548638
0.0624603
0.0726568
0.0743495
0.0767097
0.0684824
0.0635284
0.0497847
0.0465967
0.0370226
0.0469281
0.0449904
0.0757628
